35_Basketball_playingbasketball_35_91
336
282 396 314 372 0.8767388
761 0 263 271 0.043170877
86 1263 75 126 0.042393345
294 265 273 362 0.03882765
263 497 390 473 0.038347937
0 0 209 269 0.035877205
314 854 458 468 0.035806812
157 428 287 339 0.034690145
786 1052 238 340 0.03356642
521 0 399 302 0.03179896
0 0 138 178 0.031780723
0 1064 189 328 0.031487253
471 1005 391 387 0.030134875
159 0 397 281 0.029030437
437 0 335 225 0.028786402
916 0 108 148 0.028461263
190 1005 428 387 0.028051695
198 769 426 500 0.02728337
75 0 328 229 0.027165757
309 0 335 217 0.026856236
493 753 332 486 0.026549337
953 1258 71 134 0.025158478
78 1239 163 153 0.025148997
61 719 355 477 0.025099397
196 50 353 499 0.025075633
827 50 197 357 0.024883889
117 517 268 330 0.024867648
787 109 237 510 0.024732567
20 694 219 327 0.02468711
810 386 214 463 0.024423834
0 110 209 513 0.023687564
95 681 253 334 0.02347693
0 0 87 113 0.023380872
651 0 356 480 0.023338601
807 615 217 473 0.02315391
69 128 373 508 0.022569729
715 1140 240 252 0.022306902
851 323 173 330 0.022181533
862 911 162 350 0.022110222
350 166 377 515 0.022067856
16 545 227 325 0.021791741
217 341 276 336 0.021691145
0 0 311 463 0.021033268
0 337 200 497 0.020962825
119 1144 262 248 0.02094477
912 443 112 312 0.020781009
0 675 125 330 0.020753419
955 0 69 83 0.02052897
894 616 130 314 0.020397542
529 236 349 482 0.020087024
891 734 133 315 0.020072011
326 97 275 372 0.019901684
66 0 229 155 0.019866323
0 1279 70 113 0.019796314
605 434 225 308 0.019694773
0 303 139 346 0.019482028
49 435 227 352 0.019436775
0 750 154 405 0.019406127
925 1119 99 273 0.019351019
755 466 67 44 0.018754367
0 57 143 346 0.018751636
187 0 228 153 0.018538319
635 940 343 452 0.018171571
0 547 121 336 0.018053062
405 14 390 501 0.018046921
302 0 221 146 0.017927624
587 932 231 393 0.017890014
939 370 85 241 0.017850049
151 1271 161 121 0.017769713
607 695 222 326 0.017742118
900 212 124 318 0.017403841
644 726 312 493 0.017258074
227 618 287 357 0.017232327
442 795 66 59 0.017207861
184 1231 232 161 0.01693231
87 1279 46 93 0.016812682
935 838 89 224 0.016747346
643 197 241 323 0.016671618
374 615 402 498 0.016638184
0 372 84 202 0.016549654
0 0 55 70 0.016454766
604 569 224 306 0.016369907
436 401 159 232 0.01630333
980 1322 44 70 0.016205853
939 1031 85 252 0.01615754
423 549 171 218 0.016149372
272 394 143 212 0.015874604
1002 0 22 40 0.015864424
38 0 152 105 0.01572213
595 54 262 351 0.015658746
505 0 189 133 0.015657082
12 860 220 359 0.0155643495
665 241 344 481 0.015548288
15 1267 119 125 0.015410067
1008 1353 16 39 0.01539818
1021 0 3 21 0.015285964
722 0 15 11 0.01522432
593 0 241 161 0.015204093
919 31 105 272 0.01519025
0 931 308 461 0.015110441
0 183 100 239 0.015041595
939 187 85 225 0.015009637
104 0 149 96 0.014983481
538 505 332 460 0.014939917
0 981 118 285 0.014858059
120 850 239 429 0.014857585
224 0 150 99 0.014812355
177 1055 25 15 0.0147935795
715 0 15 11 0.014777488
389 0 179 116 0.01474217
167 0 148 96 0.014726344
342 0 146 95 0.014724285
275 1272 165 120 0.014713273
540 1223 236 169 0.0146850785
284 558 209 228 0.014683798
1020 1371 4 21 0.014657123
676 1228 212 164 0.014630662
289 1209 246 183 0.0146262385
238 0 14 11 0.014616474
435 0 15 10 0.014609444
595 0 15 11 0.014570404
246 0 14 11 0.014555973
253 0 14 11 0.014516848
467 130 18 19 0.014512858
730 0 15 11 0.014439928
1009 0 15 27 0.0144330645
685 0 15 11 0.014413851
1022 1374 2 18 0.014390989
281 0 150 99 0.014388937
707 0 15 11 0.0143812075
368 0 15 11 0.014361194
63 0 15 11 0.014351501
428 0 14 10 0.014349619
411 1210 250 182 0.014341461
231 0 14 11 0.014304048
692 0 15 11 0.0142565705
0 747 71 180 0.014251152
737 0 15 11 0.01423705
381 276 177 221 0.014236254
467 0 150 99 0.014215386
789 0 207 146 0.014131876
580 0 15 10 0.014129387
700 0 14 11 0.01412281
421 0 14 10 0.014038938
588 0 15 11 0.014036366
78 0 15 11 0.014029821
212 0 14 11 0.0140281925
673 522 325 447 0.013995609
678 0 15 11 0.0139383655
361 0 14 11 0.013923382
384 0 13 10 0.013916477
566 0 15 10 0.013839078
220 0 14 11 0.013813901
0 140 77 195 0.0138085475
85 0 15 11 0.0138069
752 0 15 11 0.013792119
391 0 14 10 0.013752341
70 0 15 11 0.013739777
260 0 15 11 0.013730922
713 682 217 317 0.013718928
182 916 274 397 0.013713612
376 0 14 10 0.013708848
744 0 15 11 0.013701083
573 0 15 10 0.01368828
547 0 14 10 0.013678248
413 0 14 10 0.013661081
246 355 136 192 0.013652223
559 0 14 10 0.013623911
940 443 9 15 0.013623639
272 0 14 12 0.013581539
101 1294 96 98 0.013572785
655 0 15 11 0.01356327
670 0 15 11 0.013543992
402 0 14 10 0.013529964
618 0 15 11 0.0134927705
93 0 14 11 0.013489329
45 0 14 11 0.013478123
723 446 232 310 0.013472884
100 0 15 11 0.013417881
602 0 16 11 0.013406549
540 0 14 11 0.013386895
443 0 14 10 0.013371776
759 0 15 11 0.013328287
754 1275 148 117 0.013299856
467 80 263 334 0.0131063415
610 0 16 11 0.013086377
56 0 14 11 0.013085035
0 0 34 46 0.013084102
0 1376 16 16 0.013064479
658 321 215 300 0.013044334
532 0 15 11 0.01302703
0 436 111 293 0.013012021
115 0 15 11 0.013011553
648 0 15 11 0.012997573
640 0 15 11 0.012995994
33 0 15 11 0.012991228
205 0 14 10 0.01298404
108 0 14 11 0.012971335
574 0 155 103 0.012954437
123 0 14 11 0.012941719
197 0 14 11 0.012931213
767 0 15 11 0.012898708
679 549 157 216 0.012885096
354 0 14 10 0.012872987
638 1276 160 116 0.012859757
0 1324 42 68 0.012842787
450 0 15 11 0.012836798
662 0 15 11 0.012768535
515 1275 164 117 0.012766515
354 589 220 233 0.012731759
0 0 14 17 0.012679156
153 488 173 231 0.012653701
823 0 140 95 0.01262398
0 1033 72 186 0.012603354
0 491 72 193 0.012599997
636 246 169 219 0.0125988545
525 0 14 10 0.012589041
476 0 15 10 0.012584212
80 900 139 248 0.012575213
130 0 15 11 0.012525827
190 0 14 11 0.012525749
90 495 160 219 0.012474241
346 0 15 11 0.012463851
290 0 15 11 0.012444204
518 0 14 10 0.01242023
625 0 15 11 0.012406116
684 896 129 319 0.012379151
351 660 241 286 0.0123728
774 0 15 10 0.012367326
26 0 15 10 0.012346335
279 0 14 11 0.01230881
33 315 234 342 0.0123076355
712 163 221 269 0.012238057
0 1078 89 228 0.012193844
633 0 15 11 0.01219166
137 0 16 11 0.012174137
864 0 14 10 0.012164063
675 121 180 223 0.0121616
597 1140 242 252 0.012095773
0 835 91 244 0.012042907
611 0 28 21 0.012021801
392 1272 167 120 0.012014965
0 1381 9 11 0.012008151
600 816 210 342 0.011941525
856 0 15 10 0.011927456
994 1 30 84 0.01191084
506 0 15 10 0.011901537
458 0 14 10 0.011898322
297 0 15 11 0.0118733635
425 960 303 314 0.011826888
18 0 15 11 0.011770098
638 0 152 99 0.011755412
447 658 155 180 0.011747431
173 454 130 183 0.011729678
183 0 14 10 0.011630412
0 626 66 180 0.011607169
237 536 167 212 0.011564523
145 0 14 11 0.011537532
269 1272 26 19 0.011477992
499 0 14 9 0.011469085
0 1168 70 179 0.011458958
761 0 148 99 0.011454969
782 0 14 10 0.011451578
849 0 14 10 0.011425977
131 329 227 318 0.011382758
582 0 28 20 0.011313726
0 1361 20 31 0.011308605
465 0 14 9 0.011257734
533 0 123 84 0.011255652
3 0 15 11 0.011254755
871 0 15 10 0.011232525
834 0 14 10 0.01122537
0 404 60 117 0.011219296
699 0 151 100 0.011185898
597 0 29 21 0.011152501
713 285 216 266 0.011143844
796 1249 169 143 0.011135288
11 0 15 10 0.011102112
305 0 15 11 0.011091464
339 0 14 10 0.011060545
260 185 240 307 0.011018138
1019 13 5 58 0.011010729
841 0 15 10 0.010987713
693 0 29 20 0.0109667955
308 1309 99 83 0.010941138
483 0 15 10 0.010925349
730 0 29 20 0.010915682
789 0 15 9 0.010904718
8 1342 70 50 0.010903873
879 0 15 10 0.010875493
715 0 30 20 0.010839066
262 214 134 179 0.010831561
776 1343 91 49 0.010831149
53 0 12 9 0.010801258
268 0 30 22 0.010783919
692 441 147 194 0.0107680755
439 0 30 22 0.010753793
391 641 158 143 0.010743534
567 0 29 20 0.01073402
557 47 197 229 0.01073036
1017 0 7 51 0.010729673
827 0 14 10 0.010711973
57 90 223 279 0.010693586
460 143 59 40 0.010691794
292 758 251 338 0.010671149
745 0 30 21 0.010668393
457 255 144 180 0.0106637655
596 0 59 42 0.010612513
153 0 14 10 0.010595618
760 0 30 21 0.010581766
567 0 60 42 0.010572662
304 648 80 86 0.010532966
23 178 177 245 0.010494702
448 550 246 275 0.010454328
0 0 22 28 0.010425394
1020 40 4 51 0.010390753
886 0 14 10 0.010386892
15 0 60 44 0.010386545
721 0 212 181 0.01035158
491 0 14 9 0.010297516
678 0 30 20 0.01026494
245 1291 126 101 0.010260618
164 1316 90 76 0.010213861
31 460 162 261 0.010208351
544 0 29 20 0.010149127
262 278 141 185 0.010148202
645 610 157 189 0.010137819
376 166 42 27 0.010131064
346 1302 120 90 0.010110058
942 1272 16 21 0.010106233
1020 0 4 32 0.010102876
703 213 139 168 0.010097655
996 1077 28 84 0.010089575
536 0 60 41 0.010070155
7 1365 38 27 0.0100062685
331 0 14 10 0.01000395