35_Basketball_playingbasketball_35_377
839
564 655 50 61 0.8593692
513 249 17 19 0.055985246
274 1253 11 15 0.051878605
687 753 24 27 0.04757325
530 1014 34 29 0.046242964
119 0 572 352 0.04539681
141 1197 36 28 0.041089904
493 1149 9 10 0.03460799
548 644 83 101 0.033798967
572 1054 39 32 0.033234756
139 1197 24 18 0.032033425
264 1200 14 17 0.03203088
276 1260 10 11 0.030735819
581 761 45 41 0.030518342
676 742 29 32 0.030165022
158 1144 41 30 0.030072259
512 250 23 31 0.029884642
148 3 58 52 0.028872095
594 1077 29 36 0.027024351
245 11 51 54 0.026824774
582 1070 31 35 0.026816713
631 812 34 43 0.026690483
144 1198 37 54 0.02665497
247 1192 14 13 0.026379427
684 716 53 51 0.026371587
525 1003 40 29 0.026167367
568 684 52 65 0.026110472
515 247 11 15 0.025698984
186 1148 30 33 0.025223428
698 1252 326 286 0.025004515
688 741 37 42 0.024868043
150 21 64 80 0.024584524
614 1108 15 19 0.024548164
628 1101 27 29 0.023922507
174 1161 83 95 0.023669595
385 982 46 31 0.02355544
678 731 40 40 0.022871953
576 649 61 71 0.02207776
277 1251 13 13 0.021772526
692 781 52 32 0.021718182
513 238 25 32 0.021661114
0 557 567 604 0.021313552
756 0 268 295 0.021285543
584 1058 37 35 0.021041384
607 1082 32 34 0.021030007
461 207 103 123 0.020894622
990 1477 34 61 0.020287361
484 268 30 36 0.020210119
670 729 34 35 0.020121079
703 713 44 35 0.019940218
477 231 53 72 0.019717375
261 1256 13 16 0.019691873
612 1093 31 33 0.01955385
276 1257 17 14 0.019535707
364 166 18 24 0.019449951
707 716 57 59 0.019364152
560 1155 17 16 0.019313125
0 0 205 281 0.019251795
0 1248 30 47 0.019050736
820 1481 66 57 0.019011326
564 740 33 40 0.018840013
927 941 29 35 0.018833809
816 1058 13 21 0.018605791
505 633 101 104 0.018574417
568 757 41 41 0.018562675
640 814 17 33 0.018137941
921 1494 68 44 0.018097602
186 9 310 284 0.018044043
620 1104 15 17 0.018042091
568 658 21 22 0.018035963
0 0 443 432 0.018018438
621 1201 8 10 0.017802829
264 1253 14 16 0.017802164
408 198 106 125 0.017752513
25 0 57 52 0.017558586
569 712 51 63 0.017516246
385 190 91 104 0.017413186
624 1106 15 20 0.017354103
137 71 26 47 0.017346764
511 250 12 14 0.017283903
235 0 78 80 0.01712571
245 1194 9 10 0.017124789
579 631 34 37 0.017082065
328 0 63 52 0.017062737
116 1197 48 57 0.0170321
271 1250 12 15 0.01703099
576 746 40 43 0.016941184
491 237 36 45 0.016915232
434 249 35 45 0.016831137
431 0 91 82 0.01683034
354 0 64 51 0.016825251
4 1174 27 36 0.016806144
475 600 164 180 0.016736979
537 699 62 77 0.01659321
602 117 33 46 0.016584583
1020 1519 4 19 0.016557626
141 1236 9 10 0.016519718
0 0 129 184 0.01649572
516 262 19 25 0.016490966
719 1191 16 21 0.01646096
508 988 50 52 0.01640155
1014 1512 10 26 0.016281646
349 0 566 487 0.016269734
137 8 236 242 0.016246838
191 0 36 35 0.016231317
426 170 29 40 0.016171357
920 0 104 161 0.016167317
563 730 63 75 0.016149553
190 71 381 388 0.016088076
613 802 47 58 0.016025916
155 1251 6 9 0.015983023
130 0 36 33 0.015972078
719 778 46 34 0.01594667
582 1164 9 12 0.015927983
0 1313 16 26 0.015896056
721 242 303 540 0.01588235
92 0 61 55 0.015877254
535 731 62 75 0.015845036
1022 1523 2 15 0.015827745
0 0 53 62 0.0157644
120 102 482 603 0.015652977
578 1160 10 11 0.01564821
543 663 106 140 0.01563578
619 1204 8 9 0.015616311
257 1257 12 13 0.015613107
881 1473 27 26 0.0155269755
155 1197 23 20 0.015463395
169 1148 37 39 0.015452069
593 709 29 34 0.015449955
570 1162 12 20 0.015382574
697 726 56 68 0.01535406
358 694 50 106 0.015331253
502 1011 51 51 0.01530859
529 995 48 49 0.015308126
870 1501 56 37 0.015264924
149 1134 86 99 0.015225691
925 1471 92 67 0.015217149
225 1480 82 58 0.015213131
147 1194 23 20 0.015192898
969 0 55 71 0.015187279
580 399 33 34 0.015148703
511 1128 513 410 0.015088141
115 1280 12 11 0.01506091
123 1191 37 35 0.015052268
281 1344 259 194 0.015030601
197 1155 32 27 0.014933575
145 1174 52 53 0.014931131
946 1406 78 132 0.014930863
1006 0 18 35 0.014883799
811 1052 24 31 0.014842389
382 307 32 35 0.014812501
250 1233 23 29 0.014795199
541 1130 22 23 0.014794158
584 670 38 44 0.014739827
221 4 61 62 0.014681642
114 0 90 76 0.014655779
650 827 34 36 0.014651991
595 129 35 47 0.014605427
298 0 63 53 0.0146018
616 1105 12 15 0.014571184
882 1110 20 17 0.014569041
143 1149 50 46 0.01454357
537 664 57 64 0.014542097
155 51 66 80 0.01450942
137 1238 14 16 0.014443898
530 409 109 152 0.014401797
146 0 96 84 0.014392635
618 0 406 518 0.014364949
497 256 37 47 0.014363457
713 743 54 66 0.0143523505
581 1154 13 11 0.014336338
256 1189 20 18 0.014305264
116 0 36 33 0.014285507
574 1163 10 16 0.014272448
342 278 42 46 0.014268528
361 1216 6 9 0.014266317
264 386 370 494 0.014242809
562 1150 31 32 0.014212324
0 1178 213 360 0.014205785
520 1006 32 21 0.014175749
381 0 347 220 0.014168875
0 1307 22 44 0.014143036
250 1195 14 13 0.014137371
377 1395 48 51 0.014136804
912 942 32 35 0.0141164735
829 1471 44 51 0.014050733
497 684 37 50 0.01403053
412 1176 7 11 0.014007193
324 389 67 70 0.013979053
348 1218 8 10 0.013956801
556 1160 18 13 0.013942593
907 945 17 24 0.01394137
866 951 57 70 0.013914598
567 1061 38 39 0.013848234
0 1261 7 16 0.013825558
417 1 74 60 0.013800549
0 1402 50 75 0.013784732
172 75 43 47 0.013780609
0 1325 7 18 0.013742184
495 676 115 143 0.013739838
0 1347 9 16 0.01371104
257 1199 15 18 0.013683194
880 1351 144 187 0.0136791095
1013 0 11 26 0.013674882
571 383 39 40 0.013668338
163 1203 92 116 0.013662726
257 1203 9 13 0.013658887
867 1466 114 72 0.013642349
781 1485 70 53 0.013629911
536 150 52 56 0.01360267
866 953 24 34 0.013583052
507 239 21 28 0.013579985
616 1084 44 44 0.013569613
30 838 119 173 0.013567471
29 536 120 177 0.013461628
879 1449 50 57 0.01345797
533 1013 52 46 0.013439848
441 0 69 47 0.013435766
571 626 44 67 0.013417396
934 932 30 36 0.013394307
616 116 34 45 0.013380351
29 625 120 176 0.013377156
32 930 116 158 0.013364086
8 1177 36 51 0.013332406
892 942 60 70 0.013326075
154 1244 13 14 0.013318455
578 1067 51 63 0.013310091
1005 1501 19 37 0.013276447
335 397 83 102 0.013264683
135 1200 18 20 0.013240594
492 1041 88 102 0.013239598
455 25 66 83 0.013229478
0 25 7 16 0.013227246
582 0 28 21 0.0132024605
349 1032 56 55 0.013182371
710 1011 46 36 0.01317285
584 1085 28 42 0.013129924
1023 0 1 21 0.013125104
30 447 119 177 0.013120502
550 171 23 22 0.0131191695
512 254 15 21 0.013112088
0 1266 25 38 0.013106441
807 600 116 165 0.013092736
379 0 68 54 0.013089301
604 772 60 70 0.013089226
926 1351 39 53 0.013046212
0 1502 37 36 0.013038253
582 904 81 82 0.013002278
155 1248 9 9 0.01297658
528 594 176 222 0.012951103
715 694 55 59 0.012938361
249 1189 21 14 0.012931225
0 1245 8 14 0.012920132
193 1190 68 83 0.012915031
54 1148 437 390 0.012910776
0 1412 75 126 0.012906961
594 1059 51 51 0.012906931
152 5 135 133 0.012903567
683 716 24 17 0.012901413
569 1154 12 16 0.012874487
495 273 29 36 0.012866062
1022 0 2 41 0.012850636
519 248 24 25 0.012841987
474 260 45 55 0.012831276
144 0 40 34 0.012829022
670 1152 8 9 0.012827151
628 1092 13 12 0.012826399
847 1488 62 50 0.012809513
275 0 16 10 0.0127986055
621 824 40 53 0.012758176
256 0 75 57 0.012749634
84 0 21 14 0.012743435
321 1459 69 79 0.012739768
6 689 110 167 0.012711966
892 1110 12 15 0.012671348
573 1047 55 60 0.01265853
245 1181 485 357 0.012658066
495 1149 11 11 0.012656126
660 737 32 36 0.012647857
1006 1059 18 23 0.012643352
534 1479 74 59 0.0126178935
508 259 20 27 0.01259435
6 480 110 173 0.012587981
637 796 31 47 0.012571591
680 709 50 36 0.012563675
366 691 88 115 0.012562741
615 1467 73 71 0.012556637
408 985 25 15 0.012552633
805 168 219 378 0.012538238
808 1121 8 10 0.012535527
578 724 34 40 0.01253377
0 0 34 43 0.012528027
637 833 33 44 0.012521045
137 1202 29 33 0.012520895
101 0 35 30 0.012506434
135 1193 19 19 0.012505352
777 1518 39 20 0.012487066
1020 1 4 47 0.012478564
55 0 63 56 0.012465522
524 878 88 112 0.012463141
617 1125 18 17 0.012454177
262 1254 24 22 0.01243603
715 0 15 10 0.0124344835
569 1075 38 47 0.01243073
841 953 56 71 0.012428161
156 72 15 20 0.012412878
590 119 30 43 0.012409212
585 811 63 62 0.012407899
425 183 76 96 0.012392311
148 48 105 138 0.012378713
628 780 50 63 0.01237355
0 1365 8 15 0.012370214
336 1032 49 47 0.01236991
477 247 32 47 0.012364624
594 1344 309 194 0.012341318
30 746 120 173 0.012340782
527 989 35 35 0.01233139
234 26 66 89 0.012308183
1017 1025 7 41 0.012278826
597 0 28 21 0.012276276
801 508 121 173 0.012275906
662 1477 77 61 0.012258398
634 824 19 26 0.0122555075
142 1182 29 30 0.012247406
391 315 19 26 0.012243795
625 103 31 43 0.012242267
31 357 118 176 0.012240229
592 749 48 49 0.012232598
698 110 225 255 0.012231363
382 313 23 23 0.012227375
974 1445 50 93 0.01221489
530 1002 26 19 0.012188327
810 271 115 167 0.012173981
404 1176 12 17 0.012141481
6 779 111 169 0.012129811
598 736 61 74 0.012129178
7 248 109 164 0.012126386
866 1517 39 21 0.012126087
191 137 59 72 0.012117627
894 1498 62 40 0.012113363
392 1353 270 185 0.012112945
778 450 116 174 0.012112897
740 1167 56 61 0.012101694
571 1477 87 61 0.012077843
578 704 35 43 0.012061644
228 1170 21 14 0.012058875
560 803 63 60 0.012051935
554 426 172 257 0.012045038
623 1198 8 11 0.01203648
1 1208 48 75 0.0120354425
579 684 93 112 0.012033169
680 1190 17 11 0.0120232375
887 1464 57 63 0.012015734
518 953 57 64 0.011995057
0 1269 4 11 0.011986422
657 16 59 73 0.011979018
838 802 102 126 0.011977172
6 390 109 172 0.011961924
593 694 30 36 0.011961596
778 302 116 166 0.01196052
569 645 34 39 0.011955675
563 765 64 75 0.011949174
595 706 61 72 0.011943935
667 0 15 9 0.011936706
675 102 91 127 0.0119338585
349 385 64 72 0.011915045
366 567 231 290 0.011908822
40 857 252 295 0.011905459
602 1167 48 47 0.011899709
252 1199 12 14 0.011890696
340 155 62 85 0.011888318
0 1374 12 22 0.011881006
276 1456 79 82 0.011872588
287 342 93 109 0.011868464
633 88 28 40 0.011854649
154 1188 68 68 0.011828118
723 0 14 10 0.011826457
939 960 18 19 0.011821739
751 333 113 164 0.011818894
60 508 123 176 0.011816168
146 1222 16 16 0.011792457
342 653 93 138 0.0117922565
393 156 50 58 0.011789754
152 1238 18 17 0.011785779
260 1486 68 52 0.011777328
663 171 192 242 0.011776815
902 1477 39 41 0.011766052
280 1249 19 17 0.011759775
679 754 52 50 0.0117595075
173 1 47 43 0.011758366
268 0 16 9 0.0117567545
402 1022 95 96 0.011753623
23 1187 45 63 0.011752156
505 250 17 22 0.011748819
564 704 35 43 0.011746676
399 393 23 42 0.011744415
938 1507 44 31 0.011735212
4 1470 63 68 0.011731415
560 676 42 46 0.011725776
140 64 53 64 0.011725243
695 984 23 23 0.011721783
312 130 213 213 0.011707996
577 1162 8 12 0.011704083
514 216 32 47 0.011702017
347 197 389 514 0.011693634
790 1512 48 26 0.011680632
940 1174 19 21 0.011680419
147 71 25 40 0.011675211
595 394 23 22 0.011669475
573 1157 8 10 0.01166857
0 1318 9 18 0.011652338
374 984 38 28 0.011649022
472 189 36 51 0.011638304
743 270 116 165 0.011636152
660 0 14 9 0.011633839
518 246 15 16 0.011621362
607 134 37 46 0.011621205
622 1098 41 45 0.011595997
122 1180 32 33 0.011590988
261 0 14 9 0.011580239
640 96 30 41 0.011579323
1015 1044 9 36 0.01157855
435 265 25 21 0.011577319
101 1476 74 62 0.011575846
549 637 58 70 0.0115723675
1 1161 75 111 0.011568127
272 1509 45 29 0.011560507
496 254 26 34 0.011560081
708 0 29 23 0.011556717
1023 1520 1 18 0.011553899
144 1225 10 12 0.01154973
457 485 177 221 0.011547149
724 368 110 156 0.011544696
30 272 120 173 0.011537198
368 1402 187 136 0.011531189
188 158 39 58 0.011526248
814 827 101 124 0.011522898
114 1281 15 18 0.01152287
313 685 100 137 0.011519843
459 21 103 124 0.011515191
6 1184 47 71 0.011515181
906 1515 17 19 0.011509132
190 1479 83 59 0.011505992
834 633 118 161 0.011503095
567 0 28 21 0.011502749
245 0 212 184 0.011502021
62 418 120 174 0.011501729
337 433 58 71 0.0114856
642 147 103 143 0.011467146
885 1418 34 39 0.0114298845
163 73 8 12 0.011428356
689 960 34 42 0.011427441
387 161 68 92 0.011410409
137 1215 32 53 0.011390976
485 1478 77 60 0.011379691
0 0 12 17 0.011361112
647 776 17 27 0.011350948
59 594 122 177 0.011350245
370 1228 93 119 0.011348108
730 0 15 10 0.011344819
424 425 315 411 0.011343876
342 230 31 45 0.011339022
489 0 98 100 0.011328486
285 0 53 39 0.011325602
354 166 30 33 0.0113252355
243 1201 19 22 0.011322608
235 1183 31 31 0.0113103
799 953 60 69 0.011310205
525 932 80 92 0.011304168
719 995 19 21 0.011299245
59 804 122 176 0.011294873
72 1491 70 47 0.011291216
625 792 32 44 0.011290309
710 739 35 44 0.011289757
611 104 29 41 0.01128845
625 744 56 70 0.011287852
370 3 99 97 0.011276868
568 668 17 26 0.011273888
45 434 410 473 0.011268775
732 465 292 493 0.011263808
0 1381 166 157 0.011262143
106 947 241 258 0.011261846
591 388 24 21 0.011261309
678 774 39 37 0.011258465
56 632 234 295 0.011255322
743 1481 77 57 0.011252077
437 230 39 54 0.01124383
459 1163 92 115 0.011237367
265 1197 11 14 0.011228214
526 171 58 68 0.01122521
338 152 20 27 0.011221626
648 88 29 41 0.011213438
963 1080 7 10 0.011210075
1023 7 1 47 0.011197523
567 1027 56 49 0.011188301
249 0 15 9 0.011186891
805 1503 58 35 0.011174823
272 1359 31 43 0.01116864
675 0 14 9 0.011158722
242 0 15 9 0.0111561725
8 987 100 143 0.011155355
146 1480 69 58 0.011153822
1023 1113 1 39 0.011147924
708 0 15 10 0.011146824
565 1141 47 50 0.011142038
948 1141 76 123 0.011138638
333 278 66 67 0.011138062
567 1156 10 12 0.011132791
337 342 88 106 0.011128286
615 1117 17 21 0.01112518
775 1364 56 81 0.011121637
522 234 23 30 0.011110573
903 1354 52 66 0.011088609
604 886 63 76 0.011077036
403 981 40 29 0.011073478
652 0 15 9 0.011069838
245 1190 11 11 0.011067988
409 716 75 101 0.011064045
780 567 113 164 0.011054643
710 1192 25 36 0.011053279
474 14 64 80 0.0110506145
582 126 30 42 0.011049369
808 358 117 172 0.011049003
281 1192 86 110 0.011041355
213 1 157 142 0.01103075
574 1519 40 19 0.01102838
612 0 28 21 0.011021274
807 435 217 325 0.011016109
228 1200 32 39 0.011007694
643 0 53 49 0.0110069
185 1467 29 42 0.01100491
445 255 26 30 0.010998623
640 81 28 39 0.01098782
0 938 81 148 0.010984558
811 671 108 146 0.010983343
575 1156 13 14 0.010983245
618 96 29 40 0.0109825535
208 1161 29 23 0.01098206
7 0 14 10 0.010980958
478 395 128 153 0.010975015
287 1254 16 17 0.010971819
370 171 12 17 0.010964798
265 250 42 48 0.010956715
148 1227 16 19 0.010953572
0 0 83 106 0.010941355
59 687 122 175 0.010940248
536 767 59 74 0.010938752
646 748 37 45 0.010934956
64 1127 29 24 0.010926946
1 1282 16 23 0.010926364
882 1083 83 102 0.010924658
1015 1004 9 47 0.010918482
841 243 115 167 0.010914622
0 635 83 161 0.010912245
588 716 42 51 0.010907875
457 251 39 45 0.010903967
759 1380 251 158 0.010884584
88 960 118 151 0.010882764
0 1388 32 72 0.010882191
338 3 93 90 0.0108777955
617 1095 20 18 0.010875037
184 1368 255 170 0.010869635
527 1067 61 74 0.010869223
601 679 29 37 0.010860578
16 289 213 283 0.01086001
252 1195 23 26 0.010855927
0 1510 21 28 0.01085528
1023 1119 1 39 0.010845006
790 1076 85 109 0.010840858
390 991 31 32 0.010840462
110 745 406 377 0.0108400015
166 1257 87 106 0.010829296
489 261 51 66 0.0108215995
845 1506 46 32 0.010808113
1005 1105 19 20 0.010801736
883 1436 29 34 0.010801386
11 885 97 140 0.010800256
336 432 90 119 0.010800192
88 0 33 28 0.010797957
875 1496 23 25 0.010792762
723 0 29 23 0.0107927555
354 164 73 97 0.010790999
154 1029 105 132 0.010788375
875 950 87 116 0.0107822865
721 76 18 27 0.010778583
866 1214 57 74 0.010768999
9 743 226 313 0.010767468
440 1272 373 266 0.0107613215
235 1439 76 86 0.010759173
0 201 388 556 0.010758119
343 128 120 162 0.010756931
10 1453 100 85 0.010753953
880 1382 50 62 0.0107513275
877 1482 27 36 0.010749618
710 755 38 44 0.01074475
562 1160 15 18 0.010741519
1023 1107 1 38 0.010734348
668 28 37 49 0.010729825
595 1070 18 28 0.010725415
571 0 50 38 0.010721774
868 826 108 127 0.010721278
555 1148 26 29 0.010717548
408 192 34 43 0.0107162865
546 1512 50 26 0.010715173
552 0 28 21 0.010711488
831 538 125 172 0.010711335
930 0 48 34 0.010702736
855 0 49 34 0.01069741
710 1479 78 59 0.010693031
667 978 38 36 0.010685862
122 997 110 138 0.010685564
946 1079 78 109 0.0106841875
4 196 102 152 0.010679689
603 715 20 22 0.010675342
201 0 16 10 0.010669051
93 448 121 178 0.010663692
1016 1110 8 46 0.010656128
222 1208 30 41 0.010654437
90 563 123 179 0.010652317
115 1215 35 48 0.010651633
372 1159 87 115 0.01064949
256 1244 19 21 0.010646666
501 225 36 48 0.01064356
119 802 125 179 0.010640461
256 1519 38 19 0.010637724
835 1229 17 21 0.010633487
276 0 24 14 0.010624935
440 0 202 148 0.010620488
497 102 35 44 0.010620182
815 638 68 95 0.010618264
608 1106 17 18 0.010614209
188 63 36 47 0.010613669
617 878 46 57 0.010611405
539 324 24 25 0.0106110405
681 174 67 93 0.010607957
612 0 55 50 0.010605317
664 714 60 66 0.010605064
481 1011 56 60 0.010602323
10 583 98 145 0.010591388
550 536 92 132 0.010590777
272 2 96 99 0.010590019
592 938 65 73 0.010586639
456 1247 104 129 0.010581703
1004 978 20 67 0.010580113
320 0 15 9 0.01057888
723 1193 20 31 0.010576174
868 43 156 317 0.01057421
157 1127 125 160 0.010568319
811 0 33 29 0.010561708
315 1499 67 39 0.010557181
702 387 88 119 0.010556065
855 952 27 32 0.010555468
774 849 62 84 0.010555215
623 1203 10 11 0.010548681
825 0 49 34 0.010542576
142 148 39 57 0.010538192
714 26 215 218 0.010532172
160 69 43 46 0.010529586
14 0 15 9 0.010523174
0 1195 8 18 0.010520837
300 905 231 220 0.010518294
228 1183 43 48 0.010517979
789 1349 59 82 0.010516705
134 1240 18 23 0.010514267
7 1314 19 31 0.010513131
839 328 117 173 0.010512358
121 511 125 175 0.010508822
0 1283 21 41 0.010504361
75 1387 227 151 0.010489345
893 0 32 29 0.010487302
645 0 14 10 0.010486644
568 419 100 126 0.01048376
908 0 32 29 0.010473064
878 0 32 29 0.010472003
786 802 101 124 0.010471244
486 752 114 157 0.01046713
347 1094 54 58 0.01045771
541 0 50 37 0.010450613
666 659 51 64 0.0104482565
0 1380 15 26 0.01044183
407 1472 79 66 0.010439324
780 0 49 34 0.010432678
303 407 65 71 0.010432419
320 254 64 79 0.010428541
735 756 34 50 0.010425675
0 173 29 73 0.010416188
817 1042 29 36 0.010414479
1015 1107 9 15 0.010411275
885 1518 34 20 0.010409536
324 360 67 73 0.010407258
884 1030 79 100 0.010403747
848 0 33 29 0.010401766
697 1497 66 41 0.010394802
319 1039 51 59 0.010391691
0 1324 26 57 0.010391289
733 1022 23 19 0.0103907585
283 1260 14 11 0.010387768
668 1153 12 15 0.0103866225
786 642 105 147 0.010386051
497 285 18 23 0.010382888
767 1504 59 34 0.0103797745
207 1163 17 16 0.010374701
244 1258 14 16 0.010373983
923 841 65 82 0.010371434
923 0 32 29 0.010369002
392 292 36 34 0.0103669185
726 1196 10 15 0.010365885
730 534 102 144 0.010363651
252 1237 16 17 0.010363043
62 328 121 176 0.010357942
487 1149 10 11 0.010354814
40 1160 88 117 0.010354057
236 577 380 445 0.010345617
142 1203 15 13 0.010344103
364 1020 92 98 0.010340393
396 1251 99 123 0.010337083
350 1480 70 58 0.010335199
921 0 21 16 0.0103331255
140 67 18 30 0.01033296
153 0 14 9 0.010324679
442 377 122 153 0.010322707
581 1161 27 30 0.010316485
293 1248 16 17 0.01031434
208 0 15 9 0.0103137065
49 1427 154 111 0.010307936
1023 1223 1 46 0.010307776
956 929 27 32 0.010306606
373 124 59 75 0.01030426
671 0 93 89 0.010303064
576 1165 14 17 0.010299507
648 987 23 19 0.010297604
550 842 92 117 0.010292786
607 1172 258 308 0.010288797
542 161 59 65 0.0102849305
133 1284 91 111 0.010279147
98 1384 47 59 0.010278733
772 212 118 167 0.010277223
627 0 28 20 0.010260917
117 654 126 181 0.010259799
540 1113 28 36 0.010253921
186 0 15 9 0.010251509
14 507 225 313 0.010251127
632 1510 47 28 0.010249578
589 776 40 41 0.010247826
256 1262 12 12 0.010247553
504 242 16 19 0.010245861
319 1398 46 50 0.010245848
1023 1126 1 40 0.010243141
638 1110 17 27 0.010242682
718 224 229 278 0.010241313
306 1214 93 121 0.010239466
738 0 14 10 0.010238687
563 3 35 40 0.010233049
0 819 82 160 0.010229575
815 684 67 92 0.010227278
458 993 98 110 0.010223749
933 0 20 16 0.010221415
38 1021 103 134 0.0102212485
921 926 60 70 0.010217695
88 865 123 171 0.010216917
802 1123 62 74 0.010213122
836 1469 29 33 0.010212034
809 1518 31 20 0.010209785
693 110 110 151 0.010207372
804 1067 57 72 0.010204704
0 1280 7 16 0.010203676
0 1519 7 16 0.010201325
149 1228 28 31 0.0102005685
481 1363 60 77 0.010197405
592 0 23 17 0.010196131
279 354 61 68 0.010193351
910 0 20 16 0.010190592
526 814 86 118 0.010182534
0 925 180 267 0.0101817185
489 1079 87 106 0.010178763
73 69 236 298 0.010175196
90 1292 10 14 0.010167617
73 1126 38 26 0.010158083
607 1218 101 129 0.0101546
694 253 66 91 0.010151048
0 1371 8 17 0.010149773
814 765 101 131 0.0101491455
698 99 61 85 0.010149026
52 2 39 33 0.010146514
922 25 59 75 0.010144672
968 1494 52 44 0.0101400055
42 312 64 91 0.010135128
428 1226 96 120 0.01013268
238 1190 19 19 0.010120263
803 25 114 146 0.010119897
181 89 42 42 0.0101176575
947 0 20 16 0.010117502
74 1131 56 66 0.010111059
259 1205 17 18 0.010105939
504 1002 69 80 0.010105014
681 989 32 35 0.010104515
222 0 16 9 0.01010027
249 1257 16 17 0.010099028
532 0 328 303 0.010098571
401 1196 89 116 0.010096212
709 0 76 77 0.010094732
453 173 69 82 0.010089364
363 1274 106 133 0.010088854
555 666 36 44 0.010088803
75 0 14 10 0.01008697
529 0 29 21 0.010084285
761 409 95 133 0.010084148
480 1258 59 78 0.0100786565
864 1285 61 81 0.010072925
427 245 92 106 0.010072714
636 1195 94 122 0.010069029
724 425 111 160 0.010068292
642 0 28 20 0.010065343
373 0 57 28 0.010065035
390 1496 66 42 0.010063927
907 1257 21 23 0.010063239
592 1520 36 18 0.010059588
752 488 114 167 0.0100546
639 0 97 73 0.010048247
418 1004 52 66 0.010046877
328 1048 58 67 0.010044967
676 1509 49 29 0.010043043
509 1247 105 131 0.01004208
856 1462 57 62 0.010040912
816 231 97 135 0.010038732
131 1214 25 37 0.0100324685
607 135 24 31 0.010031667
516 648 62 73 0.010028984
565 557 63 84 0.0100284815
172 1280 17 20 0.010027668
395 310 31 38 0.01002287
326 282 43 44 0.010021587
814 1217 103 132 0.010021356
224 700 133 169 0.010020209
194 0 14 9 0.010020053
910 799 109 135 0.010010472
617 136 16 19 0.010006611
569 1260 60 77 0.010005953
932 1515 33 23 0.010000259