35_Basketball_playingbasketball_35_134
820
310 322 85 119 0.8511756
444 663 12 15 0.07608269
469 657 12 14 0.07549928
942 661 14 16 0.053839155
589 639 27 32 0.04598816
351 601 14 10 0.041067615
444 662 9 10 0.040206745
422 295 70 60 0.039072156
1005 627 19 30 0.03787999
489 653 14 18 0.036750026
585 647 23 31 0.036395837
445 658 14 16 0.035176307
584 648 10 14 0.03475361
826 0 198 205 0.03267932
436 667 13 11 0.030633943
584 646 17 21 0.029283656
564 651 10 16 0.0287024
350 548 76 125 0.028700354
349 595 16 13 0.027681751
439 663 13 13 0.027489837
1000 608 24 53 0.02743984
339 271 95 127 0.026540957
467 659 10 12 0.026423369
13 562 189 195 0.025704147
337 360 57 82 0.025667507
442 667 10 11 0.025558332
944 667 10 11 0.025547778
935 649 21 24 0.025470188
908 534 40 52 0.025120655
276 356 97 122 0.025012298
495 652 10 15 0.024860535
634 644 14 19 0.024638206
847 532 177 225 0.024512695
98 341 35 38 0.024362946
472 661 10 14 0.024248509
599 653 14 18 0.024031641
404 266 91 112 0.023960413
607 642 12 20 0.023948358
472 654 10 13 0.02365262
0 0 158 198 0.023605295
317 312 56 85 0.02331591
342 589 21 15 0.023029784
514 651 10 13 0.022994425
942 657 11 15 0.022799019
1001 633 16 24 0.022728432
991 577 33 65 0.022651324
498 655 11 14 0.022624942
938 0 86 105 0.02205795
433 259 77 84 0.022000495
597 647 21 29 0.02195368
943 649 21 25 0.021606518
426 230 72 91 0.021470468
469 663 9 12 0.021454437
305 403 94 123 0.021366032
985 716 39 41 0.021236919
298 286 9 12 0.02117032
1000 585 22 29 0.02113845
0 0 78 105 0.020950314
0 682 56 75 0.02087769
560 344 57 29 0.020799736
532 472 13 17 0.020753086
446 669 9 11 0.02056938
823 154 201 398 0.020380449
200 297 23 33 0.02015092
983 655 14 17 0.019874467
523 471 11 18 0.019869383
475 658 9 11 0.0198643
466 656 18 22 0.019862683
54 517 260 240 0.019851867
486 656 11 14 0.01978933
590 653 17 18 0.019769477
886 598 40 57 0.019671183
410 336 11 14 0.019669075
891 551 58 88 0.019668136
472 655 17 20 0.019606464
1015 587 9 32 0.019559018
448 662 15 15 0.01934395
434 660 20 20 0.019336158
331 350 96 123 0.01932722
976 0 48 53 0.01928566
1007 619 10 11 0.019267518
220 274 150 189 0.019114224
583 651 14 22 0.019075703
946 656 13 17 0.019074105
166 564 204 193 0.018887153
375 533 57 112 0.018829511
437 339 9 9 0.018799108
89 536 48 48 0.01870422
495 658 10 13 0.018656667
470 655 8 10 0.018601825
823 584 29 28 0.01838209
893 612 61 73 0.018248904
1006 627 12 15 0.018180873
0 659 105 98 0.01808745
387 0 296 209 0.018004654
27 0 288 212 0.01800345
718 661 19 20 0.017780716
568 653 7 12 0.017730027
502 658 9 10 0.017722659
598 637 20 25 0.01768001
528 471 12 17 0.017656999
0 549 37 64 0.017648133
173 223 232 300 0.017392758
282 472 138 174 0.017319491
954 653 70 104 0.017297285
206 0 292 213 0.017289616
257 422 101 119 0.017191317
938 664 12 13 0.017188948
198 462 176 204 0.017141385
435 221 54 58 0.017114902
959 651 18 23 0.017012188
359 355 45 74 0.016915342
0 716 45 41 0.016905444
442 656 11 14 0.016893812
234 0 146 109 0.016866008
562 0 296 203 0.016803382
0 0 49 69 0.016788583
490 651 10 13 0.01665808
304 578 102 119 0.016633812
450 661 10 11 0.016619828
368 626 39 41 0.016551001
719 0 137 101 0.016528396
448 654 20 20 0.016474534
867 665 13 13 0.016364502
369 591 46 69 0.0163293
292 278 134 186 0.016296685
446 667 15 14 0.016287904
504 669 9 9 0.016261464
368 298 127 161 0.016247032
179 542 130 151 0.016219396
432 669 12 9 0.016121037
316 109 41 32 0.016063988
0 182 108 193 0.016015088
926 634 39 46 0.015945556
989 570 14 19 0.015916713
487 641 9 11 0.015903303
928 653 22 24 0.015871637
1012 633 12 20 0.01586108
0 560 74 127 0.015845919
578 640 26 32 0.015822452
348 575 59 74 0.015779365
114 347 31 27 0.01576733
577 511 273 246 0.01576609
184 290 42 50 0.01570344
322 687 103 70 0.015689751
511 654 11 13 0.015614491
634 640 12 15 0.015575412
117 0 278 288 0.015548452
144 0 150 112 0.015512919
851 0 153 117 0.015480235
802 577 38 40 0.015447533
1021 592 3 24 0.015439901
1008 630 13 18 0.015436126
500 660 7 9 0.015426769
435 653 29 30 0.015358075
937 430 87 201 0.015347154
566 657 7 12 0.015324839
604 658 14 16 0.015319741
1009 624 10 14 0.015291172
878 119 146 276 0.015236177
790 108 41 32 0.015221184
827 632 37 43 0.015215009
797 651 19 26 0.015172688
970 656 19 22 0.0151561005
0 317 241 322 0.015138784
915 619 59 72 0.015136352
0 545 31 40 0.015074994
251 551 121 124 0.015057721
944 566 63 85 0.014975933
0 249 116 201 0.014968927
452 274 81 85 0.014946406
460 662 16 18 0.01488844
395 521 42 100 0.014884201
87 525 73 71 0.014867736
981 627 43 89 0.014846382
66 703 84 54 0.0147567615
913 554 55 82 0.014743714
334 104 38 44 0.014730601
810 582 44 42 0.014720441
753 0 271 355 0.01468687
1020 0 4 14 0.01465557
324 0 150 112 0.014598735
973 452 51 109 0.014576053
349 482 86 130 0.014569079
511 621 14 18 0.014553964
244 513 175 208 0.014550706
496 651 8 10 0.0145471655
379 0 78 60 0.014507603
638 646 9 11 0.014488326
913 579 66 88 0.014488178
488 644 11 16 0.014444646
555 470 141 197 0.01440326
436 666 7 10 0.014402053
1007 600 17 44 0.014400981
467 665 13 14 0.014388378
309 342 55 81 0.014381231
378 383 24 34 0.014376738
888 529 57 73 0.014374215
1019 594 5 27 0.014347414
13 437 189 240 0.014343596
1003 588 14 20 0.014341691
439 326 31 32 0.014308562
349 420 91 121 0.014288125
501 0 236 161 0.014256009
795 592 176 165 0.014182467
55 0 150 110 0.01417068
941 661 8 10 0.014152641
873 311 151 267 0.014140818
1005 634 10 16 0.014140461
67 267 14 16 0.014135541
722 689 104 68 0.014127029
0 517 52 126 0.014103163
332 296 35 21 0.01408425
965 576 38 54 0.014069307
491 645 17 22 0.01404488
588 0 144 108 0.014037119
995 590 21 34 0.014031391
327 384 133 185 0.014015602
915 659 19 20 0.014015298
1005 0 19 29 0.013999603
58 717 58 40 0.013978354
95 333 62 65 0.013977269
0 343 80 186 0.013973656
90 592 82 103 0.013973583
390 612 15 14 0.013961596
706 592 180 165 0.013960946
842 653 19 23 0.013948087
336 590 20 12 0.013923551
626 645 22 26 0.013911223
676 0 241 162 0.01390783
0 501 106 173 0.013838896
471 298 27 29 0.013834292
942 571 15 21 0.013831002
115 707 79 50 0.013823237
0 384 41 103 0.013810282
407 0 157 120 0.013809384
0 127 78 193 0.013757935
762 694 95 63 0.013748642
0 618 20 33 0.013745665
306 0 289 290 0.013745152
571 684 101 73 0.013736464
487 653 8 12 0.013694306
510 616 20 29 0.013693184
503 669 138 88 0.01368834
434 339 9 11 0.013668621
0 28 82 194 0.013663587
420 265 59 65 0.013648755
596 657 13 19 0.013610614
899 487 125 190 0.013581015
453 657 11 14 0.0135435425
598 636 13 14 0.0134829385
932 644 18 22 0.013478021
429 315 65 74 0.013476362
121 530 139 173 0.013460371
905 658 18 20 0.013454598
0 0 31 44 0.013433088
949 662 9 11 0.013431372
440 661 9 9 0.013406504
337 633 107 124 0.013385998
913 237 111 238 0.013360258
844 440 140 186 0.013354579
655 156 297 385 0.01335414
597 640 14 16 0.013353268
369 693 98 64 0.013335826
567 648 9 15 0.01333477
846 550 68 85 0.01332233
458 352 15 12 0.013313649
206 404 136 173 0.01330027
966 584 19 28 0.0132721495
942 536 82 180 0.013266007
557 522 73 103 0.013261769
917 30 107 226 0.013258456
0 240 54 133 0.013255034
0 90 238 354 0.013248005
816 643 21 26 0.013242737
40 188 271 337 0.013236801
129 662 87 95 0.013219031
424 0 78 58 0.013215738
947 659 9 11 0.01321548
566 653 10 19 0.0132101085
971 587 53 83 0.013207699
680 700 12 14 0.013191999
0 438 40 95 0.013163154
503 660 11 15 0.013158661
1018 582 6 27 0.0131136095
188 0 156 149 0.013104411
350 113 30 28 0.013099742
1023 0 1 10 0.01309973
347 598 12 11 0.0130972145
566 649 6 10 0.013073781
792 645 35 38 0.013068975
437 667 18 19 0.013056562
814 674 9 12 0.0130294375
595 625 33 43 0.013014817
0 436 77 187 0.013013193
800 650 13 17 0.0130010415
163 704 76 53 0.012999025
953 641 28 34 0.012983199
119 0 121 87 0.012961605
893 0 19 14 0.012940405
605 639 12 18 0.012937094
0 472 26 63 0.012931971
947 666 12 13 0.01292957
586 426 163 211 0.012909118
910 690 76 67 0.012900065
943 671 8 9 0.012891018
859 582 61 77 0.012874887
611 610 19 26 0.012834127
289 0 121 86 0.012816632
716 660 15 15 0.012810945
983 662 15 15 0.012806627
6 621 23 28 0.012803305
400 505 63 123 0.012802916
0 732 32 25 0.012796984
0 478 39 96 0.012788737
313 303 46 66 0.012783751
446 657 9 11 0.012776865
21 0 122 96 0.012772809
424 665 138 92 0.012761554
910 0 19 14 0.012756844
91 686 82 71 0.012756776
460 675 13 14 0.012750903
508 593 22 31 0.012748903
951 546 8 11 0.0127374455
810 104 41 45 0.012714474
312 229 229 281 0.012708941
596 645 14 20 0.012693373
567 649 15 20 0.012682445
836 568 49 51 0.012682077
464 654 15 16 0.012675327
976 539 48 101 0.012673335
490 661 9 12 0.012667227
882 0 19 14 0.012641999
504 654 12 14 0.012637075
1010 740 14 17 0.012626744
149 336 11 17 0.012623457
416 690 97 67 0.012605317
685 689 96 68 0.012589158
0 328 49 132 0.012584228
342 365 16 13 0.012582983
522 441 133 194 0.012569044
822 112 30 29 0.012563659
497 646 11 14 0.012561752
651 6 107 126 0.012560006
137 326 11 13 0.012553762
589 645 37 42 0.0125399055
49 0 77 59 0.012521472
420 554 13 14 0.012520321
0 155 50 131 0.012497773
495 0 152 113 0.012485793
433 639 28 34 0.012478313
468 0 78 59 0.012456831
104 720 55 37 0.01244536
434 345 11 11 0.012417542
561 269 280 355 0.012416941
140 308 68 86 0.012416844
901 664 12 14 0.012399344
83 343 39 31 0.012398562
1011 577 13 32 0.012390093
106 210 25 32 0.012370262
580 645 11 15 0.012366627
206 692 86 65 0.012364055
454 666 17 18 0.012359175
843 0 79 60 0.012349017
169 284 62 77 0.012344381
788 0 19 14 0.012338712
0 180 155 359 0.012337144
820 647 13 18 0.012333725
290 0 78 59 0.012323482
155 304 45 55 0.012320374
92 541 33 24 0.012315296
930 649 12 15 0.012308853
1010 629 8 10 0.012306242
530 473 8 12 0.012303986
933 703 79 54 0.012300105
266 689 99 68 0.012298294
243 654 149 103 0.01227811
602 657 9 12 0.012265823
151 39 95 132 0.012254243
806 635 41 42 0.012247688
34 715 62 42 0.012226906
458 386 86 112 0.012218745
1020 641 4 25 0.01221706
113 567 82 98 0.012202149
634 39 100 137 0.012198592
434 333 24 26 0.012193036
968 62 56 117 0.01219256
929 652 33 38 0.012190691
430 652 20 24 0.012187851
136 587 81 99 0.012187039
603 645 12 16 0.012170639
72 501 116 135 0.012162837
706 0 100 70 0.0121607175
585 663 149 94 0.012155721
0 0 9 12 0.012138466
351 603 11 13 0.012137054
248 0 79 60 0.012129023
342 313 54 80 0.0121241165
430 672 13 15 0.012119236
480 693 98 64 0.012118526
11 122 146 209 0.012116986
800 573 69 64 0.012094193
623 226 82 114 0.012093515
1005 617 9 10 0.012085953
111 212 17 20 0.012067626
0 28 45 110 0.012050364
139 266 74 92 0.012049931
551 392 90 114 0.012041755
152 719 51 38 0.012029362
394 610 16 14 0.012024213
338 0 76 59 0.012010554
60 261 27 33 0.012002479
948 605 40 56 0.011997209
475 648 19 21 0.011962588
0 59 51 136 0.011962198
502 0 19 15 0.011960341
935 615 63 80 0.01195287
352 295 37 22 0.011952106
1006 582 13 19 0.011951392
629 0 19 14 0.011938372
0 402 26 72 0.011927016
479 648 28 34 0.01192299
480 574 64 91 0.01192237
804 716 61 41 0.011912761
448 290 52 47 0.011904049
379 0 126 93 0.011897466
1021 584 3 21 0.011890536
65 161 90 121 0.011874162
422 345 80 102 0.011861392
481 642 17 24 0.011859154
454 663 9 11 0.011858301
546 0 19 15 0.011855054
69 616 81 102 0.011842293
871 0 19 14 0.011841632
564 91 287 351 0.011837766
464 662 9 12 0.011827179
476 654 8 10 0.011825325
371 363 29 45 0.011818787
215 525 101 119 0.011817541
645 0 19 14 0.01181633
1004 631 9 13 0.011811688
1019 605 5 27 0.011791244
500 648 12 18 0.011784514
755 0 19 14 0.011774317
855 0 19 14 0.011769511
59 42 91 123 0.011755722
322 295 49 48 0.011751588
178 0 79 59 0.011737825
253 442 10 12 0.011728737
920 0 20 14 0.01172134
609 648 9 13 0.011695938
111 611 82 105 0.011688652
513 0 20 14 0.011682354
609 661 12 15 0.011656286
469 652 29 32 0.011644504
939 669 18 16 0.011615049
838 618 39 53 0.011612716
459 660 11 14 0.011612477
588 649 9 11 0.011608838
572 470 87 127 0.0116077745
576 65 167 208 0.011605896
529 0 20 14 0.0116029745
553 335 70 71 0.01159347
324 202 134 180 0.011589634
19 163 92 127 0.011584121
976 0 20 15 0.011572131
778 0 19 14 0.011556851
918 547 37 50 0.01155594
461 332 23 24 0.01155409
0 625 11 25 0.011545652
355 603 9 11 0.0115444
885 657 14 17 0.011527961
662 221 90 127 0.01151913
813 702 84 55 0.011507537
475 662 13 15 0.011505893
590 399 94 127 0.011505144
767 0 19 14 0.01150168
148 660 144 97 0.011501112
946 606 15 20 0.011500806
449 335 27 25 0.011493745
699 197 169 215 0.011490553
224 333 88 115 0.011472747
656 0 19 14 0.011463861
21 361 88 114 0.011463013
306 553 92 95 0.011458963
39 511 98 117 0.011457818
461 670 11 13 0.011453866
562 707 71 50 0.011448848
407 710 69 47 0.011447785
492 67 158 202 0.0114452895
855 22 95 130 0.011444191
1018 571 6 27 0.011437872
587 636 21 23 0.011434781
156 502 17 16 0.011415682
19 48 95 128 0.011412648
417 210 118 152 0.0114112655
607 648 14 21 0.0114089465
1022 639 2 18 0.011405466
1004 730 20 27 0.01139135
134 519 92 119 0.011384244
664 239 162 211 0.011382407
1016 620 8 28 0.0113704
653 384 170 216 0.011368015
487 645 7 10 0.011356642
366 3 164 188 0.011353766
57 92 93 120 0.011351765
253 478 111 128 0.011336938
965 651 29 32 0.0113339955
107 433 87 102 0.0113265775
799 0 20 14 0.0113166645
302 328 44 72 0.01131373
998 632 13 19 0.0113114305
938 172 86 200 0.011307694
131 331 47 53 0.011297873
412 311 14 15 0.011293984
341 593 15 15 0.0112909805
195 716 55 41 0.011290538
611 0 100 69 0.0112803355
370 494 109 179 0.011279045
242 438 22 22 0.011262028
1023 605 1 21 0.0112609705
463 668 17 19 0.011257379
829 571 69 74 0.01125649
599 261 79 107 0.011256077
0 564 20 41 0.011246572
750 36 158 196 0.011246471
557 0 20 15 0.01124538
678 0 20 15 0.01123173
644 179 86 122 0.011226564
0 569 37 81 0.011223812
664 529 88 118 0.011220798
959 102 65 159 0.01121584
833 474 102 128 0.011212356
424 646 17 25 0.011195952
999 590 14 20 0.011186867
784 150 94 115 0.011184751
458 220 77 94 0.011181056
621 333 165 217 0.011176575
54 70 163 216 0.01117185
78 407 89 98 0.011170799
512 0 78 59 0.011162586
441 342 23 22 0.011159514
515 385 85 111 0.011147082
465 0 127 92 0.011144808
579 654 12 18 0.011144683
287 506 257 251 0.011139492
58 161 157 204 0.011139135
879 113 95 127 0.011134031
772 0 122 82 0.011130485
535 582 169 175 0.0111236805
40 0 19 14 0.011090593
67 644 134 113 0.0110894805
496 434 243 310 0.011081238
745 0 19 14 0.011073603
950 654 12 16 0.011069046
167 439 72 93 0.0110620875
886 706 75 51 0.011057045
733 0 19 14 0.011056735
61 0 20 14 0.011053153
84 337 155 188 0.011048452
37 295 97 123 0.011044895
618 0 19 14 0.011043469
461 342 15 15 0.0110399835
89 459 85 103 0.011034628
451 9 149 164 0.01101776
371 377 41 60 0.011015555
73 0 19 14 0.01101538
943 351 81 192 0.011006142
594 206 85 112 0.011000923
50 0 20 14 0.010982873
868 610 39 50 0.010978403
118 0 78 59 0.010971173
743 160 173 214 0.010969045
163 244 73 95 0.010960394
967 659 14 15 0.010952308
491 0 20 14 0.01094454
469 667 18 20 0.010940761
492 645 11 14 0.010935068
936 654 13 17 0.010928231
50 394 85 102 0.010924935
381 0 19 14 0.010921298
0 546 13 21 0.010920858
620 283 83 110 0.010919454
800 662 13 16 0.0109156
706 432 160 199 0.010905263
304 0 19 15 0.010905147
953 274 71 164 0.010903442
445 357 14 9 0.0109033855
640 642 9 12 0.010902808
923 537 30 37 0.0109004015
650 302 16 17 0.010894895
667 0 20 15 0.010886717
1023 560 1 21 0.010886666
1003 595 16 24 0.010883777
386 522 253 235 0.010883282
565 565 57 77 0.01088201
621 648 13 22 0.010870805
53 664 80 86 0.010864729
965 0 19 14 0.010860832
1021 541 3 26 0.010849249
457 658 9 11 0.010844835
178 502 43 56 0.01084078
762 355 262 364 0.010838977
837 636 13 16 0.0108350525
535 116 156 195 0.010826395
636 649 14 22 0.010820625
1023 544 1 21 0.010816589
999 644 25 44 0.010808973
0 740 15 17 0.010804525
591 507 87 118 0.010800021
452 656 9 12 0.010797144
1008 633 8 10 0.0107919825
82 123 93 121 0.010787598
149 0 20 14 0.010780328
1021 608 3 22 0.010779532
115 229 80 109 0.01077415
120 328 71 81 0.010772571
485 683 14 9 0.010769776
424 390 86 107 0.010768256
107 178 91 125 0.01076783
260 0 19 14 0.010766607
390 45 280 313 0.010766181
188 0 20 15 0.010765232
0 527 5 13 0.010754647
25 216 78 105 0.010754013
680 174 93 133 0.010753865
919 545 16 24 0.010743534
803 339 163 213 0.010735411
516 653 11 15 0.010728693
138 463 79 96 0.010723999
15 545 79 102 0.010717966
916 746 15 11 0.01071705
1022 644 2 20 0.010709571
840 640 30 38 0.010702181
951 654 22 21 0.010696743
293 0 19 14 0.010693356
392 0 20 14 0.0106875915
442 186 77 91 0.010677262
899 42 98 135 0.010672672
577 564 73 95 0.010666148
844 0 19 14 0.01066481
53 175 45 62 0.01066352
486 661 9 12 0.010660818
174 175 90 125 0.010658251
449 547 80 107 0.010656903
935 550 19 25 0.0106416475
1021 565 3 24 0.010639888
153 393 140 177 0.010639094
282 0 19 14 0.010638727
106 19 97 125 0.010637979
921 661 12 14 0.010637836
659 35 169 207 0.0106374975
403 0 20 14 0.010621311
614 438 93 133 0.010614727
316 376 60 71 0.010611277
464 348 10 11 0.01060954
1017 538 7 28 0.01060665
4 318 83 127 0.010605931
967 191 57 117 0.010598279
10 470 55 69 0.01059072
875 454 82 113 0.010580113
948 0 19 14 0.010579859
1022 634 2 19 0.010577978
407 0 65 48 0.010571359
946 666 19 17 0.010565435
891 662 10 11 0.010561359
611 633 35 41 0.010558716
878 261 96 136 0.010554329
29 0 19 14 0.0105502745
698 535 90 119 0.010546631
857 73 88 120 0.010544906
991 572 17 24 0.01054207
251 179 212 290 0.010541899
518 472 12 17 0.010538744
705 328 166 217 0.010534481
72 539 53 57 0.010530341
603 307 77 104 0.010527201
986 500 38 83 0.010523861
700 240 95 134 0.010520904
938 666 8 9 0.010516981
856 156 95 130 0.010512824
246 47 204 283 0.010512293
271 0 19 14 0.0105120195
443 649 17 23 0.010510168
161 0 19 14 0.010508888
618 154 89 120 0.010505
449 709 71 48 0.010503604
678 40 98 138 0.01049544
643 249 86 119 0.010490439
570 7 99 116 0.010488173
588 655 12 15 0.010481214
50 257 38 50 0.010480429
557 0 76 58 0.010475919
437 335 13 15 0.010472925
194 40 99 138 0.010467072
721 655 20 20 0.010465705
593 45 93 128 0.010464695
308 133 83 110 0.0104635395
987 665 17 14 0.010463512
1012 579 12 16 0.010443004
573 231 83 108 0.010440469
19 587 20 26 0.010437611
131 413 84 98 0.010437574
171 0 21 14 0.010434213
920 721 55 36 0.010433812
192 265 48 64 0.010430551
324 381 28 27 0.010426834
635 111 95 128 0.01042458
772 437 147 187 0.010419687
108 493 86 92 0.010413714
623 709 71 48 0.010409711
628 641 16 19 0.010407774
462 338 16 14 0.010404583
19 110 91 125 0.010404245
435 660 10 13 0.010398403
877 720 55 37 0.010392583
414 0 20 14 0.01038923
788 360 93 124 0.01038495
1022 648 2 22 0.010376481
857 306 93 131 0.0103756115
487 660 17 20 0.010372306
705 72 163 210 0.010370454
938 560 19 28 0.010370023
620 611 21 26 0.010368604
970 745 15 12 0.01036479
911 652 30 33 0.0103632435
870 630 69 87 0.010362421
655 371 272 354 0.010360426
883 0 84 58 0.010360367
831 179 97 130 0.010359009
474 666 8 11 0.010357781
931 0 19 14 0.010350136
988 745 16 12 0.010344128
580 650 7 11 0.010339427
173 474 55 74 0.010336593
71 566 79 99 0.010325043
633 397 97 132 0.010323624
896 657 19 22 0.010314629
613 358 93 128 0.010313754
558 651 13 17 0.010312345
907 664 11 12 0.010310005
17 664 11 13 0.01030617
1006 625 9 10 0.010303166
217 155 90 129 0.010303105
765 174 96 131 0.010301908
527 477 7 11 0.010296454
83 0 20 14 0.01029606
997 640 13 20 0.010291671
506 652 17 22 0.010291142
855 218 94 134 0.010269643
201 0 85 80 0.010268576
98 207 40 54 0.010266016
80 68 91 121 0.010264704
788 583 46 49 0.010258614
665 116 166 218 0.010256671
811 220 93 130 0.0102511095
822 3 54 65 0.0102479765
894 0 41 30 0.010245182
568 658 6 11 0.010244578
511 622 9 12 0.010229536
551 351 149 206 0.010229318
54 384 154 187 0.010222641
88 328 90 107 0.010209337
506 592 32 51 0.010204335
832 355 94 126 0.010193599
156 570 86 100 0.0101872785
293 283 12 14 0.010173947
856 1 89 88 0.010170942
518 175 43 61 0.010169706
497 661 12 15 0.010163396
590 651 11 14 0.010160416
489 407 81 107 0.010157582
858 671 140 86 0.010154724
560 622 18 27 0.0101544885
181 430 47 41 0.010152826
1022 573 2 20 0.010151663
0 614 5 14 0.01014646
461 679 16 13 0.010143982
503 623 19 27 0.010141474
315 0 20 15 0.010141313
889 0 16 11 0.0101335365
1010 639 10 13 0.010125076
685 701 14 15 0.010123591
533 477 8 12 0.010121973
424 639 14 18 0.010121194
607 0 19 14 0.010119286
652 0 100 67 0.010114643
987 567 13 17 0.010107651
635 168 159 208 0.010106201
0 569 10 22 0.010101422
720 657 13 14 0.010097314
216 594 100 112 0.010096382
593 591 10 12 0.010091912
0 161 28 75 0.010091799
444 316 43 40 0.010089479
750 524 92 111 0.010086869
987 670 37 73 0.010082968
926 628 13 16 0.010076391
18 297 143 187 0.010074262
186 421 68 80 0.010066273
222 381 89 110 0.010064217
817 7 96 115 0.01006345
453 0 64 47 0.010059701
394 23 93 131 0.010059213
173 84 98 135 0.010058615
539 484 78 114 0.0100564575
7 416 68 95 0.010055583
656 437 97 136 0.010054004
853 396 94 131 0.010045243
318 35 155 199 0.010042404
568 0 20 15 0.010035637
985 432 39 86 0.010030898
255 706 69 51 0.010026023
569 624 34 40 0.010022922
722 663 12 14 0.010018701
368 635 21 32 0.010016798
936 669 12 14 0.010016669
769 398 93 129 0.010015434
870 670 9 10 0.010015393
855 719 56 38 0.0100080855