35_Basketball_playingbasketball_35_636
900
343 57 220 292 0.8809346
865 366 85 104 0.36304626
919 88 30 39 0.27907857
798 58 33 43 0.16880873
889 119 32 40 0.16080625
697 141 44 52 0.13804789
541 0 40 32 0.11913621
878 95 21 24 0.097126305
839 136 29 34 0.086272225
899 105 35 47 0.07383924
912 80 47 59 0.07347392
743 322 35 43 0.06999167
692 197 25 33 0.069758974
659 492 31 35 0.066763066
378 0 41 29 0.06592579
878 107 46 61 0.06557933
546 0 25 23 0.06420167
64 433 94 113 0.059478827
812 66 26 37 0.058864355
879 101 32 41 0.058645204
793 71 28 34 0.054735266
727 315 56 66 0.05010939
780 67 35 42 0.05005089
709 154 26 36 0.048800774
896 132 28 36 0.047788527
356 0 221 227 0.046894453
820 355 135 163 0.046872046
806 48 34 45 0.045544483
678 117 59 77 0.045084305
752 321 25 27 0.04487237
827 97 39 36 0.044861317
909 99 44 58 0.044365596
0 0 137 181 0.043571956
71 441 59 67 0.043416087
805 75 23 28 0.04335274
693 101 26 29 0.04321262
925 95 17 21 0.04299033
555 132 38 86 0.04259473
744 93 15 18 0.042547014
785 49 36 45 0.04198605
929 95 32 38 0.041874144
380 0 60 43 0.041343294
894 125 22 25 0.040897023
525 0 65 51 0.04073422
379 0 26 20 0.03910169
830 0 194 171 0.03857715
852 131 31 39 0.03849552
0 383 145 193 0.038344305
0 0 87 116 0.03819088
876 84 34 44 0.03818533
816 79 33 42 0.038164202
905 81 36 43 0.037698984
316 0 187 144 0.03676159
815 380 209 196 0.036697406
24 375 246 201 0.036557402
714 148 36 41 0.036361493
695 175 32 47 0.036304463
470 0 99 104 0.035748336
917 98 22 26 0.03558681
657 48 142 193 0.035445634
705 133 61 76 0.034958333
846 141 30 38 0.034881517
858 226 156 229 0.03474351
870 126 37 43 0.034710944
104 394 268 182 0.034157984
38 0 257 189 0.034149442
342 391 275 185 0.034103457
691 98 43 59 0.03405423
191 0 268 184 0.03393996
859 140 33 45 0.033696428
832 106 39 46 0.03348428
75 450 34 40 0.033270568
885 87 22 29 0.03304159
682 145 63 91 0.033037767
903 133 33 41 0.032919608
588 389 267 187 0.03267445
117 0 137 91 0.03241624
832 68 192 353 0.03238037
225 451 189 125 0.032029618
921 147 24 32 0.031792298
825 378 96 99 0.03155419
902 83 18 24 0.03137814
927 100 17 22 0.031370256
440 0 215 150 0.030974846
28 75 254 334 0.030878253
356 167 226 305 0.030694997
916 89 22 26 0.030481666
54 406 92 97 0.030463833
768 84 19 22 0.03045777
558 0 39 29 0.030216973
425 120 171 220 0.030209908
602 0 237 181 0.030150214
271 423 230 153 0.029874275
761 61 34 46 0.029767051
729 99 25 32 0.029553678
401 0 119 86 0.029271502
739 96 25 36 0.029163504
847 111 53 61 0.028942926
843 98 30 30 0.028931197
105 8 259 316 0.028666668
893 354 92 104 0.02861366
128 0 210 144 0.028385026
518 10 234 300 0.028279185
229 0 175 108 0.028198645
774 71 26 35 0.028172309
0 69 152 350 0.028072832
899 480 33 45 0.027766079
704 438 183 138 0.027649974
873 98 18 19 0.027374871
540 443 195 133 0.027303355
801 80 17 22 0.02723719
747 91 25 35 0.027170416
375 0 99 75 0.02716122
843 331 94 121 0.02702474
896 111 23 33 0.026955139
541 0 82 60 0.02678659
468 444 191 132 0.02666071
673 84 87 124 0.026478117
500 1 79 70 0.026451932
906 124 46 60 0.026188737
869 49 152 220 0.026108628
815 72 16 23 0.02605643
776 12 221 305 0.025916405
932 0 92 90 0.02572239
268 97 203 251 0.025703307
537 0 206 140 0.025662411
794 0 170 117 0.025651235
799 79 30 38 0.025635082
702 94 53 72 0.025537116
926 64 39 53 0.025525725
68 322 34 39 0.0254865
698 91 25 30 0.025452107
272 481 109 94 0.025297023
936 487 88 89 0.025262116
880 183 25 33 0.025242407
875 82 24 31 0.025075985
736 92 22 26 0.025053795
929 85 21 28 0.024925219
894 405 60 75 0.024830515
899 372 52 69 0.024771756
15 295 168 234 0.02475077
555 0 17 15 0.024739096
35 0 63 57 0.024710087
797 43 32 41 0.024678273
723 309 168 199 0.024665503
753 94 36 48 0.024367448
666 15 215 283 0.024282759
694 112 25 27 0.024191868
191 351 256 225 0.024013892
789 73 21 27 0.024006037
815 98 36 37 0.02398435
821 119 40 46 0.023719106
0 39 92 238 0.023685632
733 312 41 39 0.023594538
78 446 26 29 0.02352584
688 0 207 145 0.023464555
869 78 55 70 0.023425903
238 179 189 233 0.023335515
97 138 258 327 0.023301354
0 198 93 235 0.022858994
334 65 97 149 0.022845132
924 106 19 25 0.022745611
692 159 35 44 0.02267757
874 140 40 55 0.0224124
68 417 61 63 0.022331554
813 95 25 30 0.022133201
684 166 237 318 0.022120142
115 272 223 269 0.022096701
927 104 41 52 0.022044517
916 354 108 176 0.021913009
870 63 39 46 0.02189505
532 2 37 39 0.021894906
633 301 175 214 0.021831796
806 117 158 241 0.021759614
679 178 45 62 0.021744171
714 319 77 103 0.021706225
323 481 128 95 0.021648856
850 97 42 49 0.021558579
306 255 195 242 0.021538038
925 86 16 22 0.021515485
772 90 11 13 0.021449361
159 0 99 59 0.021445256
744 83 20 28 0.021418158
884 100 14 16 0.021395244
548 0 16 12 0.021373864
615 64 218 301 0.02137321
510 332 262 244 0.021327188
782 23 60 67 0.02131999
902 125 17 19 0.02131355
396 0 36 23 0.021287791
137 114 185 237 0.021278257
303 27 175 232 0.021233592
378 215 174 177 0.02116344
0 466 75 110 0.021153424
503 0 49 40 0.02112772
945 89 31 41 0.02111071
445 33 157 223 0.021102965
759 316 23 24 0.02092027
881 104 15 20 0.020867756
687 190 24 32 0.02083761
750 106 24 36 0.020750137
724 92 23 29 0.020478318
854 82 40 43 0.020379048
887 102 17 19 0.020369934
708 163 33 45 0.020229544
771 89 39 48 0.020197699
889 80 22 28 0.020169193
880 392 116 147 0.020164775
799 59 52 63 0.020138735
734 74 45 58 0.02009721
740 97 14 17 0.020060742
840 149 29 42 0.020043617
712 162 16 23 0.020005386
500 0 31 28 0.020003336
57 441 46 50 0.019999193
403 0 53 36 0.019940628
773 0 129 88 0.01985424
790 78 47 56 0.019803466
884 129 53 68 0.019788591
864 378 56 65 0.019775774
715 80 44 50 0.019652758
758 88 28 34 0.0196494
505 80 83 133 0.019647233
703 97 35 38 0.019528197
879 167 38 51 0.019408965
830 116 54 66 0.019258747
657 138 69 80 0.01922899
820 58 36 44 0.019198004
884 132 28 33 0.019175304
0 0 57 77 0.019133385
753 80 22 27 0.019111156
775 84 17 19 0.019091621
868 157 35 49 0.019053098
747 98 9 10 0.018961484
841 155 39 59 0.018949253
513 14 47 72 0.018894233
843 134 53 63 0.018801931
163 483 158 93 0.018752977
225 291 185 227 0.018727478
978 0 46 48 0.018682381
39 30 185 253 0.018661225
190 515 91 61 0.018619532
891 56 59 74 0.018600354
554 0 13 9 0.018532513
820 76 14 21 0.018529525
678 85 45 57 0.018482083
651 0 135 111 0.018400935
784 68 19 30 0.018380804
771 205 23 30 0.018338455
718 97 64 84 0.018294884
863 96 25 27 0.0182176
526 0 133 100 0.01805215
742 316 70 87 0.01805132
921 72 25 36 0.018037459
265 511 81 65 0.018029062
953 381 71 116 0.018001102
769 86 25 31 0.01797995
691 130 37 51 0.017970797
1020 559 4 16 0.017961787
815 242 136 196 0.017928844
534 0 28 19 0.017910857
749 95 11 12 0.017896766
345 162 152 181 0.017861787
890 447 134 129 0.017837126
409 209 271 334 0.017837116
970 47 54 101 0.017727925
551 293 176 217 0.017713
745 98 16 21 0.01770453
707 172 48 66 0.017672481
847 143 18 21 0.01763636
422 0 72 56 0.017589642
772 53 29 39 0.017561436
784 290 134 171 0.017539795
475 0 54 40 0.017531214
685 111 32 43 0.017526567
921 274 103 181 0.017495744
389 0 21 14 0.01745897
667 493 18 22 0.017395753
1008 546 16 30 0.017389439
938 354 74 94 0.017306896
637 210 164 215 0.017284425
749 50 56 70 0.017277466
383 0 17 12 0.017241145
825 137 31 35 0.017238202
822 73 21 27 0.017160557
763 148 22 28 0.017144257
759 320 29 37 0.017136052
699 109 17 19 0.017134491
632 443 165 133 0.017126659
856 155 34 46 0.01709015
921 120 25 33 0.017025886
889 142 28 35 0.01698569
151 203 157 203 0.016972182
34 186 166 250 0.01694332
35 462 103 112 0.01692386
702 482 112 94 0.01690888
684 150 32 37 0.016835708
455 193 158 191 0.016834341
805 370 76 95 0.016784726
741 0 108 74 0.016721891
940 109 23 30 0.016703919
885 126 23 25 0.016695982
985 516 39 60 0.01668964
614 325 91 124 0.016595647
73 450 145 126 0.016554646
899 134 16 23 0.016495021
878 113 22 28 0.016493188
912 113 62 83 0.016419603
761 150 32 41 0.016410515
791 0 86 58 0.016301665
914 22 68 89 0.016297488
699 0 109 81 0.016285824
931 107 20 25 0.016187223
563 114 156 214 0.016180634
304 0 110 83 0.016111003
940 69 54 66 0.01605869
545 12 38 55 0.01605355
794 63 20 31 0.01600795
725 156 47 62 0.015935557
535 118 53 83 0.015898088
695 302 81 86 0.01586019
751 316 21 21 0.015837882
102 15 99 123 0.015827853
65 384 128 134 0.015704377
504 134 90 135 0.015692342
463 277 180 224 0.015680343
831 56 44 53 0.015665159
755 136 31 45 0.015611834
763 81 18 20 0.015555474
946 249 78 133 0.015547416
418 15 120 123 0.015528573
542 480 114 96 0.015521446
142 501 116 75 0.015518474
656 102 68 81 0.0154738985
81 437 40 44 0.015443713
805 85 16 21 0.015432404
829 0 88 58 0.015389211
77 478 82 98 0.01538555
736 342 46 70 0.015322349
72 0 106 88 0.015294889
910 0 87 63 0.0152570605
21 0 114 83 0.015238211
188 0 104 85 0.015191232
496 29 71 111 0.015147852
710 89 31 34 0.015108087
971 82 53 109 0.0150819495
556 205 161 212 0.015071911
814 112 25 32 0.015016141
702 183 35 47 0.015013819
895 140 17 22 0.015006042
861 0 110 76 0.014984245
920 385 37 61 0.014952045
647 163 71 91 0.014949726
812 81 20 26 0.0149437925
703 116 24 22 0.01490965
847 112 29 38 0.014874178
572 0 76 53 0.014865149
856 68 104 130 0.014844928
397 453 160 123 0.014831619
925 130 42 55 0.014826255
320 345 159 196 0.014790124
91 428 70 67 0.014776374
733 115 23 32 0.01473896
575 0 116 80 0.014726616
843 178 33 47 0.014726049
955 94 31 39 0.014725234
670 0 93 63 0.014705573
2 508 55 66 0.014699234
813 84 59 69 0.014695071
758 509 78 67 0.014690875
775 200 39 42 0.014666402
0 143 81 193 0.014659016
715 169 16 22 0.014654091
481 220 98 129 0.014636489
860 114 26 35 0.014612948
905 87 11 14 0.014601479
717 59 46 55 0.014599121
802 12 53 63 0.014591464
619 0 114 79 0.014574313
687 90 28 31 0.014555568
302 518 68 58 0.014544466
848 33 50 62 0.014534741
870 491 94 85 0.014528923
714 118 37 57 0.014516729
1006 0 18 27 0.014509324
770 87 10 13 0.014499678
907 127 24 33 0.014473545
764 98 50 66 0.014472657
278 428 89 115 0.014450011
917 107 16 19 0.014419471
748 73 76 102 0.014413384
631 358 93 127 0.014403559
239 519 77 57 0.014385342
738 68 33 42 0.014365894
881 73 23 29 0.014356497
794 110 39 52 0.014355869
509 156 247 318 0.014345199
472 46 98 158 0.014342635
76 134 151 203 0.014336709
865 118 82 110 0.0143188955
743 113 24 36 0.014307659
759 46 31 37 0.014271728
697 36 98 131 0.014267166
689 203 32 43 0.01423635
746 92 11 13 0.014230493
742 297 41 48 0.0142231705
647 324 89 104 0.014205897
438 257 134 146 0.014202609
820 62 19 30 0.01418559
805 70 18 23 0.014173353
884 337 55 77 0.014169668
528 183 131 178 0.014161765
865 416 68 84 0.014157951
889 102 24 28 0.01408416
552 3 22 30 0.014083162
736 127 67 85 0.014070547
558 1 19 22 0.014044977
803 455 144 121 0.014041338
141 203 112 146 0.014040945
763 325 18 21 0.014035138
778 489 109 87 0.013996416
63 456 45 60 0.013940764
890 114 20 25 0.0139305405
700 153 24 30 0.013908675
860 352 44 59 0.013902631
753 34 78 102 0.01387762
684 188 54 78 0.013875662
271 0 96 66 0.013841141
664 129 104 143 0.01382331
319 38 84 143 0.013802117
831 34 47 57 0.013785701
714 161 71 93 0.013783133
695 288 120 159 0.0137787685
921 128 103 200 0.01377063
160 240 41 51 0.01376785
203 0 57 46 0.013716313
823 319 73 105 0.013683638
909 154 73 103 0.01367125
553 364 86 110 0.013665138
290 420 15 17 0.013663067
41 349 95 128 0.013634679
798 79 12 19 0.013633662
764 389 149 171 0.013632257
699 164 14 18 0.013630515
848 411 64 71 0.013606158
486 0 54 65 0.013599313
908 88 16 20 0.013590049
879 0 70 50 0.013585234
389 0 14 9 0.0135737285
262 486 49 79 0.013560037
765 67 21 29 0.013559628
772 157 36 43 0.013557114
83 455 15 18 0.013531254
863 271 96 136 0.013528265
923 364 59 74 0.013524458
905 442 49 63 0.01351793
751 332 36 49 0.013494313
982 21 42 91 0.013474037
436 339 165 205 0.01345914
518 77 122 181 0.013445739
492 26 54 67 0.013434891
868 102 25 33 0.013434164
197 304 81 106 0.013426123
899 130 14 15 0.013411562
838 45 80 95 0.013404375
671 498 21 26 0.013376432
881 103 12 14 0.013362526
20 519 66 57 0.013358923
751 65 32 42 0.013342825
718 26 72 84 0.013331981
463 487 111 89 0.01332334
692 509 83 67 0.013313194
838 103 83 100 0.013297271
775 104 25 34 0.01326862
714 46 121 170 0.013265661
185 165 103 136 0.013254999
697 92 18 20 0.013254586
347 2 101 110 0.013242277
751 100 16 20 0.013199705
749 343 74 99 0.013175848
880 192 17 20 0.0131755825
139 26 99 122 0.013162972
965 437 59 115 0.013106812
672 336 99 112 0.013099109
561 0 16 11 0.013087202
374 0 20 14 0.013085424
936 77 26 34 0.0130582955
821 412 69 76 0.013055175
596 356 91 120 0.013045099
777 371 74 97 0.013037052
921 82 15 21 0.013023112
788 0 49 48 0.013006352
775 91 14 15 0.012986286
884 197 55 55 0.012967635
370 0 46 59 0.012948346
937 88 14 16 0.012927064
772 127 44 60 0.012922886
326 95 66 110 0.012913753
785 97 59 76 0.012897005
747 209 22 31 0.0128692845
791 41 28 33 0.012844945
768 208 17 22 0.012828678
907 104 26 30 0.012827017
930 119 23 31 0.012825387
527 380 90 115 0.012821115
696 176 72 101 0.012753241
233 496 51 76 0.012738946
750 98 13 15 0.012733187
180 9 56 58 0.012732058
708 170 16 21 0.012728933
712 204 24 28 0.012688941
701 362 114 150 0.012666358
584 0 45 37 0.012663518
938 94 16 21 0.012662718
738 38 41 46 0.01263177
749 101 9 12 0.012600835
782 12 119 155 0.012594495
159 0 62 34 0.01259193
771 50 22 28 0.01256968
773 84 13 16 0.012564947
521 0 39 28 0.012557576
930 82 14 20 0.01255605
743 96 9 10 0.012555269
544 4 18 24 0.012527775
894 454 75 92 0.012523118
719 208 74 99 0.012513991
37 434 76 80 0.012507637
952 319 72 103 0.0125032775
681 212 65 87 0.012497011
0 136 47 125 0.01249043
58 10 45 61 0.012462242
684 115 135 183 0.012457406
895 61 84 114 0.012454276
769 171 144 205 0.012451949
576 386 86 116 0.012436812
0 311 82 183 0.012429743
0 525 24 51 0.0124276485
830 74 24 30 0.012404967
693 120 17 22 0.012401509
746 526 57 50 0.012394846
412 0 28 18 0.012393431
947 61 29 45 0.012378977
679 39 39 47 0.012351307
890 394 45 55 0.012334027
0 485 48 67 0.012331568
647 405 91 120 0.012326591
901 100 22 32 0.012324385
0 0 9 11 0.0123200705
1018 0 6 13 0.012317429
0 549 12 27 0.012303134
867 153 21 32 0.012292351
920 92 14 18 0.012251585
954 351 45 55 0.012238549
228 0 97 66 0.012238303
24 194 123 166 0.012217685
903 140 17 22 0.012207648
914 52 37 50 0.012205174
939 102 15 21 0.01220067
485 282 95 103 0.012183879
318 0 50 49 0.012154102
266 537 42 39 0.0121399965
776 90 9 10 0.012138324
0 0 37 48 0.012126976
0 254 45 126 0.012126599
755 101 20 24 0.012122264
570 142 35 66 0.012108668
522 18 29 39 0.012091486
811 66 16 24 0.012074237
911 71 25 31 0.01207013
838 292 80 115 0.012040121
969 124 55 112 0.012035239
898 67 34 40 0.012030112
915 156 24 30 0.012023312
681 45 72 95 0.012017203
937 35 70 93 0.012004835
788 453 83 95 0.0119751515
649 466 55 71 0.011970667
792 88 26 32 0.011958523
594 285 94 120 0.011942915
184 28 46 56 0.011942632
694 412 89 106 0.011936706
732 146 39 46 0.011936216
434 0 48 36 0.011932915
55 0 77 52 0.011916626
728 104 17 21 0.011909037
215 332 85 100 0.011906114
865 0 57 41 0.011905902
773 146 12 14 0.011892546
920 322 78 99 0.011886992
684 131 27 36 0.011883211
19 143 86 123 0.011881621
545 0 13 9 0.011880228
605 270 147 182 0.011877174
720 158 23 29 0.011876277
996 86 28 64 0.011866314
905 469 46 58 0.011866208
929 70 25 35 0.011852722
803 100 29 36 0.011846586
401 466 51 63 0.011845806
962 77 39 51 0.011845088
207 187 126 165 0.011842729
96 238 112 148 0.011825796
87 453 34 40 0.011824783
845 149 17 22 0.011823566
841 151 68 95 0.011798589
904 357 48 55 0.011785611
141 335 67 82 0.011774541
512 258 86 113 0.011773665
574 0 34 28 0.0117705595
922 518 71 58 0.011767632
786 58 18 28 0.011763112
116 502 86 74 0.011759299
780 75 16 23 0.0117487395
364 0 35 25 0.011739608
899 145 16 21 0.011737878
746 128 91 119 0.011732964
507 425 87 116 0.011723395
178 334 82 96 0.011708201
960 87 23 33 0.011705275
944 202 16 20 0.011700592
813 124 32 40 0.01169341
172 524 64 52 0.011690794
586 459 92 115 0.011672223
875 162 81 107 0.011671878
739 89 15 17 0.011649207
1017 552 7 24 0.01163055
419 0 33 22 0.011628057
243 477 51 75 0.011613625
753 390 81 101 0.011604278
737 226 75 99 0.01160124
886 163 28 34 0.011599633
664 38 39 51 0.011594086
654 501 80 75 0.011593094
933 159 83 107 0.011588001
549 106 76 110 0.011584417
760 119 37 53 0.011576924
899 81 16 20 0.011571144
716 305 48 44 0.011570498
649 495 39 59 0.011562485
729 166 27 37 0.0115624005
109 367 151 154 0.0115537
397 0 16 11 0.011543898
769 190 54 71 0.011539231
877 237 82 107 0.011537371
536 285 87 106 0.01151972
134 267 132 165 0.0115186535
219 282 76 100 0.011503925
792 65 14 24 0.01149638
252 17 145 211 0.0114956405
866 164 58 80 0.011490041
733 331 35 42 0.011487644
879 18 73 94 0.011483835
652 204 46 59 0.011482577
961 179 63 106 0.011481506
866 135 24 32 0.011471356
995 13 29 67 0.011469458
785 81 15 20 0.011466998
957 60 33 49 0.011450947
932 91 71 90 0.011443234
806 129 83 108 0.011442635
197 252 153 192 0.011440862
0 0 17 24 0.011432083
95 74 123 163 0.011428699
487 0 33 26 0.01141709
525 259 145 181 0.011412697
641 56 78 106 0.011410092
945 0 60 43 0.011387948
911 483 24 31 0.011380635
703 104 17 19 0.011375913
912 158 45 69 0.0113629745
206 125 119 161 0.0113629205
825 0 57 41 0.0113546355
925 159 15 21 0.011347473
396 291 159 182 0.01134606
709 227 49 62 0.011335531
0 281 58 156 0.01133136
354 219 92 128 0.01132325
508 350 91 107 0.011319235
696 207 17 24 0.011314917
728 133 26 38 0.011308456
555 320 89 110 0.011297852
716 155 15 24 0.0112842
776 418 79 88 0.01128107
900 111 15 21 0.011273144
759 205 73 99 0.011273075
524 32 48 75 0.011257403
1021 0 3 9 0.011256477
0 498 6 11 0.011251108
138 124 116 147 0.011245354
736 117 14 21 0.011238678
116 34 56 68 0.011236815
520 7 23 36 0.011234074
927 114 19 22 0.011224808
731 183 45 61 0.011205501
1002 71 22 59 0.011194446
644 210 66 89 0.011191783
975 358 49 91 0.0111899935
593 412 90 120 0.011174537
744 71 22 27 0.011162828
284 418 22 26 0.011147647
163 320 26 27 0.011141834
607 181 137 177 0.011141215
1002 110 22 59 0.011133882
775 63 16 21 0.01112589
820 134 52 70 0.0111247
59 300 109 149 0.011124635
789 128 42 54 0.01110279
181 280 79 105 0.0110964365
1023 563 1 13 0.011090048
808 427 50 59 0.011089177
886 159 50 68 0.011088864
365 450 95 111 0.011084803
949 106 25 33 0.011069566
41 301 84 117 0.011055072
805 125 23 33 0.011046618
511 304 90 106 0.011034662
816 61 15 24 0.011029775
773 151 13 18 0.011021664
722 421 49 68 0.011020061
741 250 46 57 0.011002023
298 322 83 109 0.010993028
797 85 16 21 0.010981877
727 131 143 189 0.010981123
458 0 47 36 0.010979587
60 116 121 162 0.010968236
923 175 49 67 0.010966685
853 235 25 28 0.0109628765
0 337 45 123 0.010959873
693 127 20 27 0.0109511055
82 514 51 61 0.010943852
746 101 8 12 0.010936285
903 257 99 130 0.010929534
501 0 19 14 0.010925619
636 10 77 106 0.010916661
758 322 15 16 0.010889087
903 71 21 25 0.010885007
927 136 24 34 0.0108842505
0 36 59 160 0.010871025
692 58 46 60 0.010862041
809 41 26 32 0.010857517
917 153 17 22 0.010838531
48 442 36 44 0.010836913
284 541 46 35 0.010835415
890 183 81 120 0.010827288
52 15 101 122 0.010823701
822 140 111 152 0.010819278
0 563 6 13 0.010818763
857 388 39 54 0.010817557
128 224 72 107 0.010817182
760 81 14 17 0.010813257
767 0 56 41 0.010802398
0 466 40 62 0.010802118
850 0 47 33 0.010797867
212 0 22 14 0.010797663
755 155 25 34 0.010796807
169 238 30 33 0.010790278
407 0 19 13 0.010788701
43 0 43 33 0.010788088
781 65 15 21 0.010779363
740 115 36 56 0.010776425
630 148 107 140 0.01076996
774 16 47 55 0.010768554
554 30 24 33 0.0107657015
750 90 13 15 0.010762069
699 195 17 24 0.010761135
853 195 122 176 0.010758533
809 0 47 32 0.010755884
722 81 25 30 0.010737297
694 99 18 20 0.010733239
719 268 71 90 0.010727911
540 146 60 102 0.0107269995
77 50 98 134 0.0107137095
925 155 26 30 0.010707238
831 366 55 71 0.010705945
901 92 16 23 0.010704635
884 474 59 77 0.010686293
526 0 19 14 0.010679187
710 203 46 62 0.010669317
633 19 117 165 0.010668174
36 96 92 127 0.010661416
515 501 80 75 0.010650193
952 58 20 28 0.010646877
658 295 79 92 0.010645245
773 168 45 62 0.010643029
999 448 25 64 0.010633608
635 320 57 65 0.010626839
733 181 27 34 0.010624643
695 38 39 45 0.01062455
759 187 45 58 0.010616263
920 398 54 69 0.010604264
826 213 97 130 0.010601781
747 85 13 17 0.010600002
573 261 89 113 0.010599434
522 350 144 184 0.010596471
726 108 22 32 0.010589634
674 227 47 62 0.010587675
850 240 41 51 0.010578263
880 432 48 53 0.010577178
748 323 19 19 0.010548854
393 495 79 81 0.010546071
783 531 45 45 0.010541027
752 434 87 94 0.010534383
780 87 21 26 0.0105154775
317 499 72 73 0.010515435
0 412 48 124 0.010504279
455 0 22 13 0.010497984
6 401 84 110 0.010494203
985 393 39 81 0.010493106
812 385 47 64 0.01048414
753 118 14 22 0.010477794
618 252 75 92 0.010470923
175 466 47 66 0.0104670515
791 256 93 126 0.010464425
702 161 15 18 0.010461591
767 84 10 14 0.010457563
740 368 52 67 0.010445583
778 132 61 82 0.010438627
295 0 49 51 0.010438184
842 73 39 48 0.010414185
216 329 42 54 0.0104112
827 78 14 19 0.010409755
984 476 40 81 0.010408253
280 408 79 84 0.010402766
340 258 134 157 0.010399281
667 429 93 119 0.010390245
793 76 13 20 0.010386017
164 504 50 66 0.0103672845
1002 1 22 55 0.010366609
71 449 23 31 0.010363063
356 42 124 139 0.010358004
506 1 18 22 0.010352261
759 209 24 30 0.010345196
426 275 104 94 0.010336334
124 0 92 57 0.010331327
724 251 44 52 0.010331029
998 357 26 64 0.0103280125
665 257 111 141 0.0103264
161 311 75 96 0.0103236595
764 89 14 15 0.010315368
430 0 21 13 0.01031316
725 0 60 44 0.010292326
43 18 42 53 0.010272875
911 95 21 24 0.010268356
213 533 47 43 0.010261124
693 81 25 33 0.010257334
140 254 75 115 0.010256763
775 336 68 94 0.010256678
154 434 93 117 0.01025237
891 31 47 63 0.010246362
642 0 67 49 0.010232531
675 105 30 30 0.010229864
890 108 14 18 0.010225331
34 171 90 128 0.010224577
801 158 23 31 0.010221392
302 490 50 69 0.010219435
919 98 12 17 0.010210119
934 92 14 16 0.010207958
311 75 57 98 0.010207477
804 519 58 57 0.010200472
229 398 88 82 0.010199975
177 356 50 70 0.010191801
787 207 97 129 0.010188885
63 57 43 55 0.010182225
317 126 106 153 0.010172777
696 0 38 28 0.010169895
217 243 78 100 0.010159601
748 222 52 69 0.010146697
908 0 50 33 0.010137335
847 196 25 36 0.010136813
676 0 38 27 0.010133578
489 331 91 100 0.010133493
906 200 47 49 0.010128965
217 364 57 63 0.010127086
937 55 32 42 0.010124479
566 0 25 19 0.010123573
802 72 91 117 0.010123038
876 192 26 38 0.010107465
823 40 38 46 0.010102412
381 460 51 59 0.010101306
86 450 15 19 0.010093245
770 243 51 66 0.010091799
241 266 74 95 0.010088388
733 401 51 68 0.010082113
40 510 75 66 0.010081881
240 309 79 100 0.010081712
706 314 48 53 0.0100703575
480 40 50 65 0.010068574
348 0 46 44 0.010065433
763 312 47 56 0.010062459
772 76 17 22 0.010050176
690 0 20 13 0.010045152
313 456 80 98 0.010038953
92 0 48 40 0.01003708
101 510 50 62 0.010034793
905 114 20 25 0.010030674
930 392 24 38 0.010024384
186 446 97 115 0.010023061
639 275 73 96 0.010022174
179 100 90 133 0.010007799
30 399 86 90 0.010005026