35_Basketball_playingbasketball_35_511
2774
551 293 22 19 0.83266467
22 65 10 15 0.15522876
559 354 18 20 0.15494199
561 347 18 20 0.14835103
561 360 19 19 0.11668017
573 344 11 17 0.082635
48 59 9 10 0.082535565
4 67 14 16 0.0741853
306 311 7 9 0.07012429
575 350 12 16 0.06835116
28 78 16 14 0.06803945
713 386 7 9 0.06770701
336 294 8 9 0.066285595
705 391 8 9 0.0652943
563 341 19 22 0.064334825
566 368 13 13 0.05654809
474 228 12 14 0.056513257
556 354 13 16 0.050313447
548 293 14 14 0.049831625
553 346 17 25 0.04971991
0 69 9 15 0.049495835
388 633 19 26 0.04730943
554 353 8 15 0.046400826
1018 55 6 11 0.046290025
345 275 9 12 0.046068624
577 357 12 15 0.04598029
114 0 70 59 0.04571164
549 282 30 36 0.045442253
49 62 10 11 0.04480768
314 394 14 9 0.0446859
23 68 14 17 0.044604603
566 342 14 13 0.043839887
163 304 8 10 0.043510728
381 278 9 13 0.043009162
205 47 10 9 0.042450953
409 326 17 22 0.042252105
732 397 7 9 0.041611135
683 398 6 9 0.041435827
577 350 6 12 0.04136886
432 276 7 10 0.041155767
223 6 8 12 0.040674914
326 0 13 10 0.04058954
559 297 16 14 0.04023518
479 293 17 23 0.040094912
4 72 14 20 0.03959342
212 320 8 10 0.03833721
151 306 8 9 0.0383201
475 225 19 24 0.038280923
622 311 11 15 0.038152073
715 385 8 10 0.037186548
715 408 7 9 0.036986865
334 287 11 11 0.036350943
556 327 22 27 0.03618045
0 377 6 9 0.03596194
733 384 7 10 0.035912644
20 58 12 19 0.035910722
574 340 21 26 0.035657734
159 0 14 16 0.035621814
0 358 12 14 0.035253298
390 275 7 10 0.035245545
206 47 13 14 0.03520065
331 294 11 11 0.03468668
568 357 14 15 0.03466067
2 14 145 218 0.03421928
704 396 8 11 0.034024496
147 0 12 11 0.03386566
569 337 18 23 0.03376721
378 340 7 10 0.033701446
339 244 13 17 0.033680156
709 392 7 10 0.03358781
307 312 10 12 0.03357859
698 401 8 10 0.033505175
531 297 8 11 0.03305665
556 346 26 31 0.0330192
185 361 10 12 0.032835253
552 356 12 17 0.032666404
302 0 17 15 0.03264493
706 387 9 11 0.032535
6 71 9 11 0.032321632
855 493 16 17 0.031885486
530 290 7 10 0.031865023
233 0 21 23 0.031832177
702 392 8 9 0.03133902
519 378 7 10 0.031307567
481 290 14 15 0.03110735
610 292 18 20 0.030983252
1018 58 6 15 0.030979566
51 63 13 13 0.030541232
577 344 13 18 0.03038625
554 658 18 23 0.030266931
135 0 13 11 0.030260215
23 75 15 16 0.030208126
335 265 8 10 0.030191809
558 360 12 12 0.03011024
305 313 6 9 0.029941088
204 39 21 23 0.029857345
201 0 23 22 0.0298127
709 397 7 10 0.029774746
546 303 10 12 0.029728578
564 337 15 14 0.029611891
330 296 7 10 0.029345913
19 336 11 17 0.029310629
559 367 19 21 0.029296966
157 0 11 10 0.029222872
748 392 7 10 0.029132877
726 403 7 9 0.029043775
335 259 13 16 0.028981972
462 185 17 27 0.02897278
208 318 9 9 0.028950583
304 308 8 11 0.028918022
297 0 16 13 0.028818984
293 0 13 10 0.028804436
343 278 10 14 0.028704997
76 0 9 9 0.028697832
21 69 10 18 0.028653126
747 387 7 9 0.02843713
738 389 7 9 0.02840891
39 60 16 12 0.028406069
283 357 14 13 0.028375626
262 306 8 9 0.028317407
52 35 14 19 0.02829597
152 0 61 51 0.027930252
726 396 7 10 0.027734132
473 216 27 38 0.027652705
188 0 58 50 0.027622778
47 57 8 9 0.02761313
281 0 15 11 0.02758201
0 67 6 13 0.02754106
432 244 9 12 0.027519643
545 295 12 16 0.027479002
568 359 21 21 0.027431864
545 296 20 19 0.027379245
336 243 11 14 0.027150689
20 344 10 14 0.027063806
695 376 7 9 0.027034823
36 38 11 10 0.026958644
569 371 13 14 0.026853694
342 241 12 13 0.026823768
235 307 7 9 0.026768751
536 287 30 38 0.026705664
341 251 30 40 0.026693104
161 6 15 16 0.026685894
37 422 12 12 0.026675565
580 348 13 19 0.026594797
477 224 11 17 0.026511457
167 280 38 38 0.026507376
234 1 7 9 0.02634083
270 0 16 12 0.02612742
486 290 16 17 0.026056664
26 32 35 40 0.026008092
27 64 18 18 0.02599804
69 1 7 10 0.025922487
268 36 11 10 0.025766926
565 325 21 27 0.025700327
471 232 13 14 0.025663784
34 76 13 14 0.025637463
9 64 16 19 0.02558496
550 299 31 39 0.025437428
0 63 24 30 0.025384372
713 389 7 9 0.025379125
694 379 7 10 0.025348794
714 403 8 11 0.025334615
216 0 24 23 0.025277276
712 400 7 10 0.02516821
601 266 8 11 0.02514275
459 667 9 11 0.025085784
559 320 10 13 0.025065113
556 359 8 11 0.025060197
552 214 17 11 0.024982713
560 325 8 12 0.024927203
151 2 10 16 0.024881108
226 300 8 9 0.024795845
23 344 7 9 0.024587283
257 0 29 22 0.024537979
9 71 12 15 0.024443679
211 315 9 10 0.024438934
139 0 16 10 0.024374587
27 431 9 9 0.02430665
143 12 16 15 0.0242939
197 302 7 10 0.02422741
33 361 9 11 0.02422696
734 382 9 11 0.024001814
163 0 13 9 0.023995718
550 336 20 26 0.023965105
39 72 17 22 0.023892041
270 309 7 9 0.02384404
727 400 7 9 0.02384392
559 205 13 12 0.02380529
648 181 11 18 0.023783296
34 61 18 18 0.023764867
332 289 11 13 0.023730166
22 349 9 12 0.023686092
705 383 8 9 0.023654772
549 406 13 20 0.023646824
205 312 8 9 0.023579407
165 307 8 9 0.02348537
0 63 53 134 0.023421338
160 10 18 26 0.023343261
548 413 8 15 0.02333299
256 3 8 9 0.023330726
493 288 10 9 0.023302209
549 362 19 24 0.023301018
0 51 8 12 0.023279347
564 320 11 14 0.02323394
312 303 7 9 0.023159904
0 72 5 11 0.0231432
169 0 14 12 0.023013132
715 379 8 10 0.022824164
594 294 8 11 0.02282318
352 230 20 20 0.022671333
560 355 29 35 0.022619395
137 1 19 20 0.02258168
49 65 12 17 0.022570373
860 0 164 207 0.022401772
739 372 8 9 0.022346461
159 304 8 10 0.02230206
334 291 13 15 0.022265792
3 69 8 11 0.022245444
119 0 11 9 0.022243569
156 307 8 10 0.022203641
703 388 7 10 0.022201667
388 358 7 10 0.022196885
706 410 7 9 0.022138
26 74 27 27 0.0218783
842 467 182 255 0.02183797
306 0 23 20 0.021828331
753 399 7 9 0.02181869
462 242 11 13 0.021814244
531 295 7 9 0.02172905
551 655 28 37 0.021614831
223 0 12 11 0.02160999
62 0 13 12 0.021588424
699 404 8 10 0.021584481
178 107 9 9 0.021560391
568 324 11 15 0.02151846
561 362 14 13 0.02150591
469 220 19 27 0.021456245
538 327 7 9 0.02141204
547 407 9 14 0.021392064
237 304 8 10 0.021391071
381 283 7 10 0.021368943
24 59 12 13 0.021340786
207 313 9 11 0.021333992
409 254 12 13 0.02132452
204 35 32 33 0.021322444
519 288 9 11 0.021311749
386 642 16 22 0.0212935
549 416 11 17 0.021278791
218 117 13 12 0.02127473
0 362 10 15 0.02123361
221 1 10 15 0.021204876
399 279 7 11 0.021199495
415 331 12 15 0.02115662
14 12 9 12 0.021127522
349 254 8 9 0.02112507
547 306 13 11 0.021077786
165 302 9 10 0.021067467
338 295 10 13 0.021050239
302 310 8 12 0.02102774
31 66 21 22 0.020965768
85 2 54 49 0.020958904
528 289 7 10 0.020953283
61 41 17 16 0.02091319
61 331 8 15 0.020907331
332 0 27 23 0.020892598
563 326 7 10 0.020863535
558 282 16 21 0.020840872
140 13 12 13 0.020835973
731 393 8 10 0.020835182
0 486 167 236 0.020802712
335 261 7 10 0.020789176
309 303 8 10 0.020742396
174 0 14 14 0.02071593
609 394 9 15 0.020702418
711 409 8 11 0.020654235
472 231 9 9 0.020650305
261 297 7 10 0.020642662
722 443 9 11 0.020638717
301 305 8 10 0.02061612
737 392 7 9 0.020594813
501 238 9 11 0.020570988
22 47 12 14 0.020555591
0 72 10 21 0.020496234
179 329 7 9 0.020494506
568 332 13 13 0.020468174
226 296 8 9 0.020443428
101 0 12 9 0.020435438
567 317 10 12 0.020421777
154 1 12 14 0.020418707
117 1 20 21 0.020399377
340 258 11 15 0.02037842
740 387 9 10 0.020372007
28 56 20 18 0.020364776
704 373 7 9 0.020359056
549 402 11 16 0.02034491
524 289 8 11 0.020339688
215 129 13 15 0.020329112
0 349 15 25 0.020294603
559 281 27 31 0.02029084
578 355 8 14 0.020271463
163 3 24 28 0.020230995
529 293 7 9 0.020194927
601 417 7 9 0.020159904
560 202 9 11 0.020102866
0 372 8 13 0.020102164
177 5 22 30 0.020058122
746 399 7 9 0.019994756
582 339 20 25 0.019969868
609 354 11 13 0.019968458
716 389 7 9 0.019957775
195 329 9 10 0.019944578
486 287 15 12 0.01990999
557 209 14 11 0.01990591
546 308 22 26 0.019883048
347 251 9 10 0.019870758
367 303 10 9 0.019870032
718 385 8 9 0.01982555
230 293 9 9 0.019807737
937 685 9 10 0.019754378
46 18 9 12 0.019691888
309 300 8 9 0.019678606
22 27 11 14 0.019675434
233 294 7 10 0.019643793
204 302 7 9 0.019643445
686 378 7 10 0.019525941
369 338 8 12 0.019504303
739 390 9 11 0.019480873
140 348 6 9 0.019465156
684 394 9 11 0.019413983
215 122 13 14 0.01940439
339 283 9 11 0.019387493
10 69 9 10 0.01937349
504 314 5 10 0.019326642
567 349 13 14 0.019318612
272 0 288 206 0.019305019
522 244 10 11 0.019196313
204 320 7 9 0.019196188
149 10 11 14 0.019192113
0 98 19 30 0.019158613
4 364 8 10 0.019137878
3 41 36 47 0.019136727
137 0 56 41 0.01911065
198 304 9 11 0.019102372
3 338 11 16 0.019102015
966 657 58 65 0.019047473
307 306 9 12 0.019041492
350 244 9 10 0.019021237
160 312 7 9 0.019009966
343 270 9 13 0.018977737
217 0 60 45 0.018960174
188 303 8 11 0.018921409
711 405 8 10 0.01891368
48 627 18 24 0.01891239
50 56 9 11 0.018912258
343 252 8 10 0.018887931
191 1 21 24 0.018882545
154 303 8 11 0.018878464
556 215 15 15 0.018875493
533 198 19 19 0.018865848
142 26 9 14 0.018850125
0 339 7 15 0.018833986
257 0 10 11 0.01881599
565 346 12 12 0.018803462
0 323 9 14 0.018788906
517 392 7 15 0.018779522
558 315 11 12 0.018770551
345 274 14 19 0.0187336
19 31 11 14 0.018712606
263 640 28 36 0.018706143
552 410 15 21 0.018655825
466 236 11 13 0.018615894
338 290 11 12 0.01859821
647 177 7 9 0.018588005
157 126 12 10 0.01857526
332 285 10 12 0.018535381
348 258 13 17 0.018500535
553 345 12 16 0.018500123
220 313 8 9 0.018496586
548 295 9 9 0.018487198
32 40 12 11 0.01844182
546 396 21 27 0.01840169
70 0 9 9 0.01839105
126 1 18 19 0.018386947
702 406 7 10 0.01835826
44 63 11 13 0.018343553
331 298 8 11 0.018336937
912 0 112 134 0.01833061
56 0 13 9 0.018327639
538 220 57 82 0.018324422
305 307 17 22 0.018319374
278 0 27 21 0.018309662
187 300 7 10 0.01830134
211 0 33 36 0.018293971
563 325 12 16 0.018273434
226 309 8 9 0.018266743
520 307 8 9 0.018185565
432 365 10 14 0.018185358
267 307 8 10 0.018161077
130 10 13 13 0.018156832
323 0 21 15 0.018151136
539 284 24 25 0.018147614
211 117 16 14 0.018147215
150 309 8 9 0.018103592
428 0 302 219 0.018100496
746 389 8 11 0.01809517
517 291 9 11 0.018069582
683 391 7 11 0.018044157
536 325 7 10 0.018042458
548 230 37 56 0.018041551
13 18 53 61 0.018010523
28 73 11 14 0.018004537
387 278 9 11 0.0180029
11 4 17 22 0.017997053
28 79 10 11 0.017963931
992 664 14 13 0.017961573
25 65 14 12 0.017956488
338 250 18 24 0.017955426
533 300 7 9 0.017938826
538 267 54 66 0.017905112
620 316 7 11 0.017886093
515 288 8 12 0.017877609
178 315 8 9 0.017848529
553 370 19 22 0.017836493
690 400 7 9 0.017816339
525 324 64 98 0.01779151
737 369 7 10 0.017789219
66 37 14 16 0.01778861
154 0 93 73 0.017773962
294 0 22 21 0.017740421
39 35 33 42 0.017677458
244 31 16 26 0.017675301
481 286 12 13 0.017623948
706 374 8 9 0.017622776
285 0 16 15 0.017607784
0 0 73 98 0.017558323
313 319 7 9 0.01751247
180 44 9 10 0.017485429
708 403 8 9 0.017478881
3 356 8 11 0.017466152
352 251 8 10 0.017451353
587 289 6 9 0.017418519
717 399 8 9 0.017397285
21 183 19 14 0.01738885
435 363 10 14 0.017381625
181 3 14 17 0.017372651
625 313 8 10 0.01736618
234 301 8 11 0.017356176
313 306 8 10 0.017343368
261 301 9 11 0.017335609
192 49 13 17 0.017318256
558 344 17 16 0.017306961
572 341 11 12 0.017289208
542 298 10 14 0.017276734
567 280 8 10 0.017261565
0 69 3 10 0.017260455
738 385 8 9 0.017238243
741 285 9 13 0.017211676
240 0 10 12 0.017210137
10 450 371 272 0.017202951
570 217 13 14 0.017171212
232 315 8 9 0.017170845
341 286 10 13 0.017164795
317 396 10 10 0.017137459
687 402 7 9 0.017133318
15 0 263 224 0.017126925
697 407 8 9 0.017083552
0 0 11 13 0.017061712
272 311 7 10 0.017059788
169 305 8 9 0.01705926
0 356 9 12 0.01705533
122 0 14 11 0.01702976
343 284 8 11 0.017003579
302 315 7 11 0.016981822
196 0 20 16 0.016970627
41 333 8 13 0.016942589
93 14 25 29 0.016935963
493 283 11 11 0.016898172
215 322 7 10 0.016893558
31 83 10 9 0.016881214
503 673 18 25 0.016872704
103 0 21 22 0.016868364
44 67 12 15 0.016862635
23 336 8 12 0.016853303
369 305 9 11 0.016827261
582 355 13 15 0.016825328
198 11 32 41 0.016804973
347 263 8 11 0.016793752
45 78 10 17 0.01676819
342 276 9 11 0.016716523
328 293 7 10 0.016712945
197 366 8 11 0.016690293
386 655 11 13 0.016690208
546 322 21 28 0.01667165
220 322 7 10 0.016668834
588 346 17 21 0.016645635
13 15 7 9 0.016622389
91 0 9 9 0.016594278
131 0 11 9 0.01656766
3 152 18 22 0.016566485
530 200 14 18 0.01655201
0 98 37 66 0.016549408
227 292 8 10 0.016545558
393 662 9 10 0.01654537
550 293 9 9 0.016533785
580 353 8 12 0.01652747
282 349 11 17 0.016518144
49 32 13 17 0.016500624
187 5 19 25 0.016496424
707 407 8 11 0.016495287
246 0 10 9 0.016441194
246 0 34 30 0.016421245
160 11 13 16 0.016387442
688 412 7 9 0.016373405
570 221 17 21 0.016367
832 204 192 422 0.016324421
0 334 15 28 0.016317757
339 270 17 25 0.016297637
376 338 11 17 0.016294286
3 7 18 27 0.016290156
559 327 12 16 0.016277567
264 310 8 9 0.016228857
725 405 7 10 0.016214948
117 10 24 29 0.016179746
741 394 8 10 0.016174663
464 241 7 10 0.016166022
725 393 8 10 0.016160497
339 256 19 27 0.016159408
598 684 10 10 0.016151294
34 357 9 12 0.016135167
0 620 83 102 0.016125921
551 654 16 20 0.016055195
613 300 18 23 0.01604872
205 0 16 15 0.016043294
486 293 12 10 0.016034482
95 0 21 23 0.016032297
177 318 8 9 0.016022395
26 72 9 11 0.016016187
752 396 7 9 0.016007058
608 350 9 14 0.015980672
0 149 280 419 0.015920466
396 635 20 25 0.015905002
591 295 7 10 0.01590424
954 0 70 88 0.015888523
469 224 13 17 0.015885973
165 10 12 14 0.015878186
432 358 17 22 0.015875917
555 264 58 74 0.015870616
598 370 10 15 0.015853962
437 156 10 10 0.015849011
368 336 11 19 0.015819162
359 235 14 14 0.015816748
8 66 9 11 0.015813747
421 355 17 13 0.0158038
565 374 11 13 0.01579647
1 60 84 183 0.015794965
348 239 8 10 0.015774164
28 40 18 21 0.01576975
239 0 22 18 0.015734447
198 310 6 9 0.015731419
56 39 14 18 0.015727539
1005 706 19 16 0.01572257
6 77 9 11 0.015718741
197 300 6 9 0.015706412
75 0 13 14 0.015705695
253 304 7 9 0.015681377
569 178 22 20 0.015680287
668 290 22 21 0.015678471
679 397 9 12 0.015673552
73 330 7 10 0.015661534
72 0 21 22 0.015657222
469 239 11 14 0.015654594
130 6 223 221 0.015621886
127 61 45 45 0.015606182
175 101 13 14 0.015600255
335 265 12 17 0.015569512
202 316 9 10 0.0155598
732 379 8 12 0.01555047
80 0 22 24 0.015537996
308 0 11 10 0.015528568
556 368 15 15 0.015517236
168 288 13 15 0.015501464
475 289 16 21 0.0155007
667 173 6 9 0.015483029
144 119 13 14 0.015439249
410 323 15 14 0.015439026
571 327 10 14 0.015419923
15 67 11 15 0.015419278
153 7 7 12 0.0154145975
531 332 35 48 0.015414015
0 45 11 19 0.015408479
480 214 18 23 0.015406158
353 260 8 10 0.01539178
867 88 157 373 0.015388031
477 697 52 25 0.015385336
619 292 17 21 0.0153830955
535 310 22 27 0.015377241
38 57 14 12 0.015376482
193 0 14 14 0.015363307
415 324 19 23 0.015354411
153 311 9 9 0.015348391
464 256 20 28 0.015323301
152 301 8 12 0.015322206
300 494 11 11 0.015318391
557 363 10 14 0.015318052
694 383 8 11 0.015286852
182 40 10 11 0.015268248
215 31 21 29 0.015265769
563 375 18 20 0.015238605
218 712 10 9 0.015238204
732 406 7 9 0.015234995
114 0 14 11 0.015234925
180 332 8 10 0.015233999
688 369 6 9 0.015212769
192 1 274 278 0.015212179
268 0 26 17 0.015207629
577 322 21 27 0.015203777
147 0 20 22 0.015192001
547 277 22 29 0.015182951
0 63 9 15 0.015174107
599 348 14 15 0.015168519
394 276 9 12 0.015162847
381 315 8 10 0.01514587
331 0 110 99 0.015143128
46 0 11 9 0.015138887
21 62 26 32 0.015133789
117 17 13 14 0.015129497
207 15 33 44 0.015119537
312 316 8 10 0.015118168
166 287 23 25 0.01511715
447 150 12 10 0.015116878
172 44 8 10 0.015110502
388 136 212 309 0.015107309
353 248 6 9 0.015096479
0 61 14 26 0.015092608
200 47 13 12 0.015091696
159 6 10 12 0.015084867
59 330 7 14 0.015074793
677 383 7 9 0.015073667
260 303 13 15 0.015061038
559 665 31 39 0.015057549
608 368 10 11 0.01505099
95 11 79 72 0.015036902
27 0 13 11 0.015031247
310 352 9 12 0.015021241
547 309 10 14 0.015020845
272 306 7 10 0.015010827
38 100 12 16 0.015007511
555 292 13 15 0.014981287
0 50 162 360 0.014980785
549 409 5 9 0.014979593
0 91 14 27 0.014975021
24 74 8 12 0.014961014
344 260 7 11 0.014960008
410 277 9 14 0.01495539
496 291 8 10 0.01495405
167 106 12 11 0.014951409
651 186 11 12 0.014945103
601 419 9 12 0.014941514
948 680 24 23 0.01493741
333 259 7 9 0.014936369
616 314 10 14 0.014933232
407 366 12 13 0.01492511
4 58 18 22 0.014924295
700 387 8 10 0.014897234
32 79 18 17 0.014870671
477 233 9 13 0.01486693
346 265 10 16 0.014839523
33 423 11 11 0.014834644
465 322 7 11 0.014831933
558 533 9 13 0.014831278
550 255 30 45 0.014819855
0 651 54 71 0.0148013085
456 324 13 20 0.014798328
707 358 7 9 0.014797999
111 369 16 26 0.014788639
465 238 7 9 0.014777255
226 303 8 10 0.014775444
0 334 11 17 0.014774733
547 349 14 23 0.014773313
550 396 11 16 0.014762878
127 22 12 15 0.0147612905
215 0 13 14 0.014759761
744 395 8 9 0.014753106
383 275 9 12 0.014750512
546 398 10 14 0.014733832
73 421 10 14 0.014729426
311 311 9 11 0.014712048
0 379 7 14 0.014706661
562 315 13 12 0.01468168
31 58 13 12 0.014660869
594 340 17 23 0.014646827
710 373 8 9 0.014629748
352 239 11 13 0.014622266
391 279 7 9 0.014605116
213 96 11 12 0.014605028
525 297 10 13 0.014600539
303 318 7 10 0.014597655
53 66 14 18 0.014596254
448 694 53 28 0.014593767
34 354 8 10 0.014593213
566 286 10 14 0.014587154
0 363 13 23 0.014587037
745 384 7 9 0.014579267
729 389 8 9 0.014578095
241 0 54 42 0.014574832
226 316 8 10 0.014562858
210 45 16 15 0.014547423
236 0 10 10 0.014541663
464 237 15 20 0.014536887
339 263 11 16 0.014531767
720 399 8 9 0.0145310825
283 360 9 9 0.014526701
346 256 10 13 0.014519157
349 281 11 13 0.01451745
42 0 11 9 0.014517108
566 326 7 10 0.014495896
204 29 10 11 0.014493995
608 0 296 213 0.014491537
191 0 12 9 0.014471175
34 426 14 13 0.014466274
16 29 11 14 0.01445005
170 107 17 11 0.014446327
566 288 36 46 0.014444228
0 0 47 63 0.014435073
167 19 13 18 0.014432945
433 246 11 14 0.014425513
577 353 20 24 0.014420922
719 393 8 10 0.014420019
567 215 11 19 0.014415159
39 48 18 20 0.014396735
33 34 11 12 0.014389657
189 1 12 14 0.014373406
250 301 7 10 0.014361556
0 206 12 29 0.014329365
547 420 10 15 0.014314247
22 338 14 19 0.014309248
284 347 16 20 0.014292789
146 305 8 10 0.0142739
31 362 7 9 0.014268903
0 109 20 35 0.014254074
395 643 13 18 0.014250483
686 381 8 11 0.014215542
54 425 14 13 0.014199951
418 336 8 9 0.014195057
476 286 13 15 0.014191129
89 1 32 35 0.014188415
179 287 21 28 0.01418541
653 670 9 10 0.014181851
193 297 8 11 0.014180278
166 12 17 20 0.014179422
23 0 10 9 0.014170208
302 10 159 152 0.014161208
602 440 10 19 0.014158444
502 241 101 145 0.014150103
254 0 85 93 0.014149172
30 357 10 12 0.014148497
551 363 11 15 0.01414403
318 0 16 13 0.014136009
0 317 10 13 0.014126197
293 4 91 101 0.01412561
377 344 7 9 0.014125474
365 256 12 16 0.0141198095
479 228 12 15 0.01411813
497 693 47 29 0.014109215
686 389 7 10 0.014096749
608 288 26 32 0.01407787
726 384 7 9 0.014063637
925 131 99 256 0.014061038
622 313 8 10 0.014059478
568 336 36 45 0.014058733
463 191 11 18 0.014049131
17 342 11 13 0.014048218
709 346 7 9 0.01404506
478 650 34 43 0.014039248
432 248 7 10 0.014038338
749 399 8 10 0.01403499
551 333 64 94 0.014021151
32 23 11 16 0.0139912125
530 300 7 9 0.013990564
134 10 14 14 0.013987162
0 51 12 23 0.013985707
203 43 10 11 0.0139828455
225 295 13 16 0.013978224
6 354 8 10 0.013975263
9 100 22 25 0.0139692295
16 98 13 17 0.013957382
166 310 8 11 0.0139506
2 358 17 22 0.013946453
983 686 41 36 0.0139456
114 311 7 10 0.013934917
557 305 18 21 0.013933863
941 495 17 16 0.013928378
223 117 11 14 0.013918919
711 381 13 16 0.013907157
198 0 92 80 0.013903299
166 8 9 10 0.013900132
472 160 218 289 0.013896711
187 22 12 16 0.013888995
32 396 16 18 0.013878777
335 256 7 11 0.013877633
550 0 239 169 0.013877221
611 370 9 12 0.013855062
211 111 13 15 0.0138525
534 671 11 12 0.013849968
143 504 349 218 0.0138422195
76 643 12 11 0.013835624
0 343 4 12 0.013833961
276 0 14 9 0.013825408
568 333 8 9 0.013824022
137 345 8 13 0.013806067
63 0 21 21 0.013787969
328 287 10 12 0.013787032
591 367 16 19 0.0137824435
378 382 13 13 0.013778983
24 28 13 17 0.013777882
332 245 15 21 0.01377124
259 310 7 10 0.013760695
605 370 10 12 0.0137601495
209 318 12 15 0.0137549
435 276 8 10 0.013749841
35 334 10 17 0.013749607
252 310 7 9 0.013738652
525 284 58 86 0.013736411
133 15 56 61 0.013735584
588 358 18 18 0.013720652
625 293 8 9 0.013718416
44 58 10 10 0.013711461
337 322 8 9 0.0137080485
53 0 21 20 0.013707535
0 83 7 16 0.013699768
51 67 8 12 0.0136985695
37 244 22 20 0.013691102
479 291 10 12 0.013681285
432 689 46 33 0.013680738
0 371 5 9 0.01367716
299 308 8 13 0.013667379
178 210 306 355 0.013666852
346 264 16 24 0.013663948
6 224 171 252 0.013657828
548 692 44 30 0.013648612
164 1 15 16 0.013639975
199 38 9 11 0.013636889
98 83 12 13 0.013622301
560 336 14 13 0.0136212595
206 321 9 12 0.013616822
552 318 20 24 0.0136134885
156 260 53 61 0.013601891
7 342 9 13 0.013598875
506 299 103 160 0.013595451
111 0 32 33 0.013587504
927 493 12 14 0.013575754
180 0 12 11 0.013574155
259 0 14 14 0.013566967
308 350 9 11 0.013561066
686 367 7 9 0.013560765
688 374 7 10 0.013558507
71 316 39 52 0.013546911
494 318 25 26 0.013537082
271 324 7 10 0.01353419
26 50 11 13 0.013521909
514 374 10 14 0.013521057
171 3 13 16 0.0135195395
513 218 62 86 0.0135180075
171 92 17 21 0.013516892
313 349 11 11 0.0135104945
570 290 7 9 0.013510385
571 323 8 10 0.013502593
474 235 12 16 0.013496396
86 35 38 45 0.013491036
466 242 9 10 0.013483396
337 258 7 10 0.013479628
683 401 8 10 0.013468964
19 645 7 9 0.013465058
132 35 11 11 0.013457537
412 335 13 15 0.013450828
432 259 8 12 0.013444806
74 76 13 16 0.013442726
566 337 9 9 0.0134384865
457 662 9 11 0.01343822
343 261 11 16 0.013436267
2 50 7 10 0.013431747
34 65 27 33 0.013428705
187 5 13 17 0.0134254815
740 382 9 11 0.013424096
50 19 6 9 0.013417074
241 87 9 11 0.0134170065
304 0 37 29 0.01340598
474 303 14 13 0.013397506
575 666 12 18 0.013391269
724 410 7 9 0.0133783305
196 325 10 13 0.013367439
398 693 45 29 0.01336412
354 245 7 10 0.013358413
0 79 14 25 0.013352868
205 45 36 42 0.013348909
570 315 9 12 0.013344118
593 289 7 9 0.013343683
794 637 22 28 0.013340111
649 186 8 12 0.013336687
566 311 21 26 0.013334671
1 314 10 11 0.013328928
242 280 9 11 0.0133242905
87 330 20 25 0.01330379
568 364 13 12 0.013286336
67 332 8 14 0.013259515
333 242 47 61 0.013253819
60 93 23 29 0.0132497465
416 328 8 10 0.013249508
0 283 112 234 0.013248677
0 0 17 23 0.013245702
332 267 11 12 0.013242347
727 407 8 10 0.013235289
42 70 11 15 0.0132331895
1 17 18 28 0.013231499
307 301 8 10 0.013213992
375 357 6 9 0.013198134
772 583 33 44 0.013195239
346 282 8 13 0.013191806
270 312 7 10 0.013190843
118 82 9 10 0.013190042
535 297 11 13 0.013186329
46 69 12 20 0.013179241
71 99 23 30 0.013174799
446 233 111 162 0.013170346
975 0 49 51 0.013170066
3 74 9 11 0.013164494
936 679 10 10 0.013149143
360 344 7 10 0.013147638
29 362 11 15 0.013141201
219 112 12 13 0.013140611
549 312 36 48 0.013139939
569 326 7 10 0.013139806
240 308 8 10 0.013108084
71 331 6 9 0.013103323
532 263 112 157 0.013101238
253 0 9 11 0.01308851
389 651 15 18 0.01308209
32 335 9 17 0.01307921
773 0 141 103 0.013063484
63 0 132 95 0.013056406
280 349 8 14 0.013049232
196 559 10 11 0.013046653
234 311 8 10 0.0130422525
24 355 8 11 0.013037124
577 318 9 10 0.0130332345
319 637 9 10 0.013032335
267 631 38 48 0.013031644
374 342 9 14 0.013030575
436 368 8 11 0.0130258985
198 0 11 10 0.013017749
520 245 14 16 0.013005454
525 695 43 27 0.012999857
190 297 8 10 0.012993576
0 55 6 11 0.012984922
546 384 21 28 0.012982957
701 375 7 9 0.012974351
594 299 8 9 0.012973505
221 319 7 9 0.012968976
16 7 10 14 0.012965435
173 288 9 11 0.012965288
4 37 61 84 0.012965048
27 225 27 20 0.012951987
613 355 11 13 0.012945897
425 365 15 13 0.012941955
546 514 13 14 0.0129361
531 310 34 48 0.012923882
26 82 14 13 0.012919558
733 410 7 9 0.012914392
338 276 10 14 0.012913618
0 107 12 22 0.012905194
738 456 13 10 0.012901299
251 694 47 28 0.012892603
144 1 13 14 0.01289218
35 0 98 106 0.012889809
160 1 9 12 0.012886745
378 623 25 33 0.012881644
13 62 14 15 0.012879012
20 71 8 13 0.012878588
536 320 9 13 0.012877661
45 50 11 13 0.012870137
39 6 40 49 0.012866897
689 289 9 10 0.012864644
525 291 12 14 0.012855641
45 209 10 12 0.012841897
506 283 18 23 0.012819985
656 670 10 10 0.012819511
541 243 32 46 0.012815559
89 2 10 12 0.012815
382 0 83 92 0.012811082
518 0 149 137 0.012808888
808 111 171 218 0.012806941
142 307 7 10 0.012804844
611 363 9 11 0.012803814
804 0 19 14 0.012802174
64 2 43 47 0.012791324
368 307 6 9 0.012789792
562 302 12 14 0.012785917
601 368 13 20 0.012783269
744 410 8 10 0.012781257
367 310 5 9 0.012780624
524 670 17 18 0.012776623
206 107 13 16 0.012773582
520 77 134 198 0.012763831
196 702 9 11 0.0127369445
550 406 7 11 0.012735817
407 640 17 22 0.012717519
556 339 15 17 0.0127168
234 291 8 10 0.012714772
549 371 15 22 0.012713582
626 309 12 16 0.01271346
683 0 19 14 0.012703039
601 263 7 9 0.012699894
726 390 8 9 0.012693964
121 86 11 16 0.012690827
3 369 8 10 0.0126892105
58 31 26 28 0.012684637
201 705 8 9 0.012683247
97 622 22 31 0.012682647
322 636 17 22 0.012671136
609 298 7 9 0.012669502
673 0 19 14 0.012668513
368 0 169 139 0.012660158
117 84 11 14 0.012657119
409 280 5 9 0.012654889
169 312 8 10 0.012654854
606 375 10 13 0.01265382
233 0 11 14 0.012652414
560 304 32 40 0.012643781
87 339 22 31 0.012636935
845 0 81 90 0.012635129
696 385 8 11 0.01263415
103 43 10 13 0.012632608
8 77 12 15 0.012630802
815 0 19 14 0.0126152625
544 329 46 59 0.012614335
0 606 5 11 0.012613733
368 257 8 10 0.012600755
524 303 11 13 0.012600298
253 283 10 12 0.012578344
608 358 9 12 0.012578267
987 665 16 17 0.012578251
750 390 7 10 0.012577344
516 243 11 13 0.012575774
76 420 12 13 0.012574926
572 368 17 16 0.012572956
207 113 15 17 0.01257222
14 341 10 14 0.012563909
662 0 19 14 0.012559085
0 95 7 16 0.012553657
199 313 8 9 0.012552446
348 241 14 16 0.012544071
521 302 9 12 0.012535053
29 233 25 25 0.012533798
370 0 67 64 0.012533142
385 329 7 9 0.012529579
547 358 11 16 0.012522523
694 0 19 14 0.012518543
646 179 9 14 0.0125032645
475 0 142 105 0.012490449
627 308 9 10 0.012489652
35 26 11 16 0.012486851
156 313 8 9 0.012482722
0 311 13 23 0.012482099
322 293 10 11 0.01247593
436 357 10 14 0.01247558
460 320 21 26 0.012471003
220 131 11 13 0.012469222
509 675 14 17 0.012464019
551 367 32 39 0.012453782
207 560 9 9 0.0124532385
652 0 19 14 0.012452088
239 139 7 9 0.012450895
0 324 13 23 0.012445214
516 294 16 20 0.012442605
569 680 22 30 0.012433441
306 345 17 19 0.012425463
71 331 8 14 0.012418997
274 89 263 353 0.012414325
41 41 10 10 0.012411551
573 0 126 114 0.012411264
646 179 6 9 0.012409505
17 349 11 12 0.0124016395
544 403 25 32 0.01240155
20 226 43 47 0.012400227
0 681 6 12 0.0123953065
561 277 12 15 0.012384989
641 0 19 14 0.012383743
141 24 9 10 0.012383311
539 298 10 13 0.012374523
473 0 19 14 0.012373672
696 376 9 11 0.012370518
484 0 19 14 0.012364886
463 0 19 14 0.012361896
17 329 16 26 0.0123599935
905 703 53 19 0.012356632
494 0 19 14 0.012352675
631 0 19 14 0.012352655
514 293 10 12 0.0123517355
602 369 8 12 0.012350083
505 0 19 14 0.012343735
628 666 13 14 0.012341748
620 0 19 14 0.012340842
0 58 5 14 0.012340734
350 263 8 11 0.012339091
515 0 19 14 0.01233899
512 285 9 13 0.012337822
449 153 11 10 0.012337621
526 0 19 14 0.012336836
10 11 10 12 0.012336741
610 0 19 14 0.01233667
536 0 19 14 0.0123360595
547 0 19 14 0.01233579
557 0 19 14 0.012335614
568 0 19 14 0.012335383
599 0 19 14 0.012335361
578 0 19 14 0.012335147
589 0 19 14 0.012335039
794 0 19 15 0.012335009
58 418 12 15 0.012334964
546 659 20 25 0.012325602
586 349 13 16 0.012323986
64 22 38 47 0.01232381
331 346 9 10 0.012315855
724 387 7 9 0.012313882
217 307 8 9 0.012309037
6 14 13 12 0.01230252
452 0 19 14 0.012301419
749 375 8 10 0.012300409
328 305 7 9 0.012294863
2 376 8 10 0.012289672
739 287 11 18 0.012289202
575 332 7 10 0.012287258
614 297 10 12 0.012285264
529 288 12 13 0.012284955
109 0 13 11 0.012284795
497 659 23 33 0.012277404
738 384 15 17 0.012273679
64 334 6 10 0.012268926
740 280 18 24 0.012268529
516 287 15 18 0.012258989
213 334 9 10 0.012255369
206 135 10 10 0.012250691
646 0 133 101 0.0122356685
311 324 7 9 0.012235435
676 151 7 9 0.012233329
218 43 14 15 0.012232471
182 4 29 38 0.012232085
411 289 14 22 0.012231538
716 341 7 10 0.012229589
825 0 19 14 0.012226069
217 134 17 18 0.0122246165
225 91 9 13 0.012222331
256 633 9 14 0.0122206705
341 299 8 11 0.01221537
363 358 11 17 0.012213996
348 279 9 12 0.012211558
563 261 18 26 0.012209912
201 134 20 21 0.0122090485
455 301 98 140 0.012208653
367 0 45 46 0.012198278
737 376 9 12 0.012194011
19 101 19 24 0.012193594
551 414 6 10 0.012192872
81 0 13 9 0.012186306
26 23 14 15 0.012184726
237 141 17 17 0.012178915
710 368 7 9 0.012178051
12 373 9 12 0.012175826
433 362 9 11 0.012172527
151 317 10 12 0.012171184
728 381 8 11 0.01217
565 292 11 13 0.012163341
565 220 26 35 0.012163238
442 0 19 14 0.012157594
50 25 23 28 0.012157086
657 174 10 10 0.012154792
36 101 19 25 0.012154186
520 374 8 11 0.012153666
28 427 19 19 0.012145601
302 0 10 9 0.012145494
371 339 14 23 0.012141141
704 0 19 14 0.01213513
285 361 11 11 0.012133869
237 296 7 10 0.012130564
47 82 13 15 0.012128388
28 359 8 12 0.012127155
245 533 15 17 0.0121263685
613 395 6 10 0.012125166
555 384 23 28 0.012123944
16 72 12 17 0.012117281
35 44 12 14 0.012112435
405 667 26 32 0.012110573
22 60 8 12 0.0121084275
540 224 34 46 0.012102777
486 660 38 49 0.0120983645
710 404 12 16 0.012097815
366 358 7 10 0.012094826
230 13 158 166 0.012094323
75 332 7 11 0.012091549
648 298 7 9 0.01208938
0 346 6 12 0.012089325
272 4 17 18 0.012088771
301 309 14 19 0.012085896
264 598 24 28 0.012084139
29 427 9 11 0.012083592
483 215 12 14 0.01208331
630 293 8 10 0.012082177
542 293 9 13 0.012076322
0 153 14 18 0.012075425
43 21 10 12 0.012073313
507 236 13 16 0.012070903
45 68 8 9 0.012070495
567 313 37 48 0.0120642735
130 355 9 13 0.012059053
519 297 11 14 0.0120535595
132 0 30 30 0.012051053
348 319 10 14 0.012049866
568 378 10 13 0.012041931
689 292 10 14 0.012040179
539 672 7 10 0.012035273
558 413 17 22 0.0120344
178 333 7 9 0.012023989
529 285 8 9 0.012014382
397 274 10 14 0.012010247
640 268 7 9 0.0120095825
672 396 10 13 0.012009334
326 294 12 14 0.012005882
40 34 10 13 0.012004221
483 293 9 10 0.01199287
595 352 17 20 0.011991329
34 36 15 16 0.01198714
340 254 9 12 0.011984785
209 52 9 11 0.011979603
227 290 14 16 0.011976901
164 689 45 33 0.011973714
566 330 7 9 0.011970044
550 314 13 12 0.0119682
874 485 13 19 0.011964432
701 360 7 10 0.011958015
140 33 9 11 0.011957956
177 131 21 19 0.011949311
14 641 11 12 0.011947135
230 307 8 9 0.011944387
596 348 11 15 0.011943639
187 140 9 10 0.011937956
852 0 18 14 0.011936435
779 231 84 123 0.01193474
535 321 21 28 0.011934659
380 699 42 23 0.011933591
332 297 11 13 0.0119295
500 264 56 72 0.011929041
611 393 6 9 0.011918837
257 26 9 11 0.011918232
545 355 29 37 0.011916719
431 0 19 14 0.011915151
368 292 10 12 0.011915146
96 532 21 28 0.0119107375
892 618 23 27 0.011904426
0 338 4 12 0.011899671
0 34 9 16 0.011898246
498 235 15 17 0.011892709
39 0 12 12 0.011889345
0 374 4 9 0.01188926
275 599 36 49 0.011889121
235 327 13 12 0.011886268
51 96 22 27 0.011884196
458 663 14 17 0.011881823
183 7 13 19 0.011879636
215 317 8 10 0.0118792625
743 387 13 17 0.01187694
577 364 21 26 0.011876776
130 602 186 120 0.0118758045
607 362 14 21 0.011874017
405 652 17 23 0.011867716
306 349 8 9 0.011859175
200 321 10 13 0.011857698
166 315 7 9 0.011857577
20 95 13 17 0.011850682
556 299 60 78 0.01185023
45 101 22 27 0.011840168
549 206 37 57 0.011832061
1020 58 4 10 0.011831693
279 361 9 10 0.01183145
339 266 7 10 0.011826645
850 0 146 106 0.011824697
570 294 6 9 0.01182124
836 0 19 14 0.011821199
49 69 17 24 0.011819859
5 212 62 79 0.011818458
742 273 8 10 0.011809724
693 395 7 9 0.011808802
741 218 12 14 0.011805664
664 459 9 9 0.0118053015
43 349 9 13 0.011804773
346 126 93 88 0.011804216
513 240 12 13 0.011797418
589 334 18 25 0.011793711
216 330 7 10 0.011792229
709 379 10 12 0.011791686
655 677 6 9 0.011791081
528 189 118 168 0.011788607
96 0 14 11 0.011780297
71 110 23 30 0.011777973
676 376 7 11 0.0117777195
11 341 8 13 0.0117762685
569 140 126 182 0.0117739085
751 385 8 10 0.011773231
546 307 8 11 0.011773191
390 355 9 10 0.011767965
32 0 11 9 0.011766708
358 340 16 23 0.011764004
347 696 43 26 0.011763701
1016 58 8 26 0.011756923
645 695 39 27 0.011756254
545 664 32 43 0.011751566
81 57 9 9 0.01175032
350 260 9 10 0.011746199
135 87 23 22 0.011742838
589 288 8 12 0.011742264
262 571 225 151 0.011740123
193 37 12 12 0.011738297
43 332 7 11 0.01173703
9 43 9 12 0.011736882
553 392 17 22 0.011734744
686 346 7 10 0.011732517
715 0 19 15 0.011732225
721 403 9 11 0.011717359
33 365 7 10 0.011709504
331 0 42 38 0.0117093865
95 365 12 15 0.011707937
40 598 185 124 0.011705755
163 314 8 11 0.011705671
337 261 25 37 0.011701805
198 330 9 9 0.011701725
195 25 10 12 0.011700392
306 317 8 11 0.011696467
345 237 13 15 0.011696201
20 64 8 10 0.011695866
581 361 13 16 0.011691783
195 299 10 15 0.011687458
797 318 84 119 0.011687209
681 401 7 10 0.011686792
330 263 9 11 0.0116816
153 314 9 11 0.011679853
757 483 13 18 0.011675504
232 322 19 20 0.011670538
569 323 7 9 0.011668577
198 298 9 11 0.0116672525
623 316 8 9 0.011666079
119 39 95 79 0.011663113
364 342 17 30 0.011659004
28 70 9 10 0.011657632
588 294 6 9 0.011655083
491 229 20 24 0.01165491
200 67 189 177 0.011653553
534 328 10 12 0.011652627
897 616 127 106 0.0116469255
929 701 48 21 0.011645298
12 181 25 22 0.011640846
171 303 8 10 0.011629503
1001 0 23 27 0.011625542
425 371 11 12 0.011621558
286 3 11 15 0.011621292
251 0 16 17 0.011617152
999 196 20 23 0.0116160475
545 514 8 11 0.011615197
463 375 6 9 0.01161454
419 280 7 12 0.011612897
0 385 4 10 0.0116105275
137 111 10 21 0.011607586
6 349 9 11 0.011605644
484 212 17 19 0.011605036
19 694 48 28 0.011604304
209 60 44 45 0.011603021
411 334 9 11 0.011602161
496 286 10 11 0.011599773
470 268 19 29 0.01159894
605 294 15 18 0.0115978895
545 500 20 32 0.011596525
452 213 13 17 0.011595825
21 2 21 23 0.011592595
557 664 18 25 0.011591553
682 337 8 10 0.011590609
275 694 37 28 0.011588003
606 365 10 12 0.011578345
186 18 54 59 0.0115777105
36 334 6 10 0.011577264
200 27 10 12 0.011574964
163 296 8 11 0.011572038
493 237 11 14 0.011571782
571 357 33 41 0.011569856
324 644 13 16 0.011569485
478 234 15 20 0.011565285
82 100 23 28 0.011564637
53 334 18 26 0.011560791
607 355 8 11 0.011556063
187 0 10 9 0.011547129
149 7 24 30 0.011543428
531 323 10 14 0.011543079
622 693 39 29 0.011534305
17 46 16 22 0.011533736
465 210 19 28 0.011533301
510 280 8 12 0.011530375
335 273 8 12 0.01152878
60 104 24 30 0.01152861
601 334 16 22 0.011525197
87 610 36 44 0.011523293
17 49 42 50 0.011521912
597 687 10 12 0.011519529
151 226 60 80 0.011519516
532 234 33 45 0.011517763
585 359 13 14 0.011514088
734 375 8 10 0.011514007
240 303 8 11 0.011511085
444 265 36 44 0.011510014
421 0 19 14 0.011509636
1019 200 5 20 0.011508705
193 54 45 49 0.011504744
264 305 13 17 0.011500682
622 293 9 10 0.011494572
422 619 38 50 0.011494346
715 412 8 11 0.011492206
493 136 10 12 0.011486083
89 335 12 15 0.011485428
753 393 8 11 0.011484671
366 286 11 14 0.0114826085
491 133 10 13 0.011479522
840 246 87 130 0.011471594
555 395 22 27 0.011470328
565 270 21 29 0.011469535
421 71 151 203 0.011456576
591 282 10 13 0.011452216
206 106 9 9 0.01145066
381 327 8 9 0.011450056
662 172 10 14 0.011448203
262 0 55 44 0.011446976
469 234 7 9 0.011446474
406 324 25 32 0.011444978
345 0 46 44 0.011444659
239 294 8 9 0.011441154
547 344 11 18 0.0114400955
56 84 23 26 0.011438056
449 186 24 28 0.011435664
153 11 12 15 0.011434784
39 334 6 11 0.011434359
53 38 9 12 0.011433507
462 233 9 13 0.01143339
622 309 9 10 0.011428768
314 300 9 11 0.011417522
331 343 10 10 0.011416784
0 305 12 20 0.011415447
347 8 272 328 0.011414946
262 0 9 9 0.011409232
373 337 9 12 0.011408886
515 388 14 19 0.011407371
683 377 8 10 0.011400484
0 421 4 12 0.011400464
266 609 36 53 0.0113975145
0 40 18 28 0.011395162
509 289 12 14 0.011395137
94 57 11 17 0.0113875745
5 360 11 13 0.01138744
561 211 13 16 0.011374797
4 93 20 25 0.011370426
142 108 12 17 0.011367231
160 40 8 10 0.011366344
15 376 8 13 0.011362979
554 203 13 13 0.011362505
449 663 39 49 0.011357685
703 382 321 340 0.011357328
211 48 9 9 0.01135573
143 11 32 40 0.011351935
71 88 13 14 0.011343975
20 30 8 10 0.011341957
755 397 7 10 0.01134047
34 334 5 9 0.011340227
361 313 10 16 0.01133723
347 273 7 9 0.011336525
496 133 10 13 0.0113334125
535 192 25 22 0.011333137
141 283 17 22 0.011330776
376 347 8 12 0.0113284625
462 660 34 43 0.011323225
622 467 296 255 0.0113181695
528 296 7 9 0.011313866
341 280 7 9 0.011313805
195 696 39 26 0.011312211
487 218 21 27 0.011307262
428 276 5 10 0.011306103
488 135 10 13 0.0112955645
488 199 65 85 0.011294734
168 315 9 15 0.0112899495
307 297 8 10 0.011288326
52 0 10 11 0.011287123
561 233 29 42 0.011286513
145 310 8 9 0.011273692
280 356 10 13 0.011273138
25 332 9 15 0.011271475
561 349 13 13 0.011270654
220 326 7 10 0.0112704
543 532 12 17 0.011268626
735 367 7 10 0.011268086
309 0 55 50 0.011264677
749 0 110 80 0.011262743
769 168 160 205 0.011262267
563 684 41 38 0.011261622
439 452 6 9 0.01125957
71 3 6 9 0.011259215
267 0 13 9 0.011256045
466 187 23 26 0.011255752
0 44 6 13 0.011250641
570 370 10 10 0.011250534
129 350 9 13 0.011250523
117 49 10 9 0.011250486
417 357 15 13 0.011248317
557 332 13 16 0.0112435
222 314 8 10 0.011242224
14 430 10 9 0.011240331
454 659 9 12 0.011237136
140 2 12 14 0.011236332
545 291 10 12 0.011234329
582 266 57 77 0.011233036
440 149 15 10 0.011232836
592 608 13 19 0.011232814
226 120 11 14 0.011231842
13 14 12 16 0.011231701
611 294 29 39 0.011227036
488 130 10 13 0.011224232
690 370 8 10 0.01122413
568 374 8 9 0.011222813
533 204 13 19 0.011221613
398 662 8 11 0.011219387
1015 580 9 20 0.011217895
498 136 11 12 0.011213586
305 297 14 16 0.011205075
493 131 10 12 0.011193396
491 138 10 13 0.0111868195
954 697 40 25 0.011186223
1015 0 9 14 0.011175685
947 679 35 35 0.0111722145
0 0 28 39 0.0111683775
361 339 10 13 0.011167462
136 37 10 11 0.011167173
496 138 10 13 0.011166349
271 315 7 10 0.011165312
185 15 14 18 0.011162847
196 98 33 38 0.011162276
6 0 18 21 0.011160313
704 370 8 9 0.011159981
718 380 8 10 0.011154472
132 8 8 11 0.011151101
150 304 13 14 0.011149087
285 0 53 44 0.011148989
726 370 9 11 0.011147731
3 64 10 13 0.011145485
832 575 38 51 0.011142372
212 146 11 12 0.011142226
489 237 11 16 0.011138982
0 42 4 9 0.011138358
136 664 8 9 0.011134438
575 215 13 14 0.011130281
30 84 22 24 0.011129798
681 374 8 10 0.011128162
951 681 14 17 0.0111278435
53 58 11 12 0.0111214975
717 410 7 10 0.011117493
680 391 7 10 0.011112403
353 259 23 29 0.011111748
1020 61 4 15 0.011108306
147 628 36 42 0.011106381
526 655 34 40 0.01110616
300 40 82 118 0.011104595
392 647 18 23 0.011103875
372 310 8 9 0.011101752
228 139 19 18 0.0111009935
555 248 23 32 0.011095844
485 133 11 12 0.011088671
5 0 10 9 0.011083278
32 31 22 27 0.011082921
139 343 5 10 0.011081347
673 372 8 9 0.011079454
75 333 11 15 0.011078916
703 380 9 9 0.011077686
49 2 10 13 0.011075325
52 313 8 12 0.011073977
131 361 8 11 0.011072508
555 375 13 14 0.011062542
540 408 15 22 0.011061875
241 313 8 10 0.011061134
348 276 8 9 0.011060309
783 0 19 14 0.0110560125
891 3 70 77 0.01105541
348 315 8 10 0.011051437
818 293 86 124 0.011050356
687 346 9 12 0.01104656
551 217 13 13 0.011046123
29 22 55 69 0.011045764
168 14 11 12 0.011040076
40 110 23 30 0.0110385595
25 652 112 70 0.011033792
609 334 10 13 0.011032928
591 381 17 21 0.011030524
597 626 143 96 0.011025419
734 415 7 10 0.011024263
98 43 12 15 0.011018607
324 24 28 32 0.011017916
350 256 18 23 0.011016903
446 250 35 44 0.011015142
99 344 19 24 0.0110102
3 152 12 11 0.011008949
592 365 12 14 0.011008299
823 0 77 72 0.0110066105
572 365 12 13 0.011006135
0 394 5 10 0.0110051595
230 699 42 23 0.011001666
463 203 46 60 0.011000176
70 99 16 19 0.010982977
215 298 7 9 0.010979457
384 0 20 18 0.01097578
501 133 10 13 0.010975501
289 359 10 10 0.010975387
706 368 9 10 0.010971206
383 636 17 20 0.010966664
0 417 8 14 0.01096465
117 371 11 15 0.010961998
862 0 18 14 0.01095901
162 5 9 11 0.010957975
432 273 6 9 0.01095244
356 283 7 10 0.010951434
394 0 21 19 0.010951222
725 0 19 15 0.010949967
49 40 12 17 0.01094807
410 0 19 14 0.01094631
373 603 185 119 0.010942901
32 0 17 18 0.010940229
511 665 36 46 0.010936319
77 330 6 10 0.01093015
549 405 5 9 0.010928838
531 316 9 12 0.010925191
498 131 11 12 0.010917345
438 356 19 25 0.010914721
535 333 21 27 0.010914055
554 316 12 12 0.010912562
439 673 7 10 0.010910719
115 362 21 29 0.010906365
546 643 22 27 0.010905846
57 333 12 17 0.010905705
4 78 17 23 0.010904697
144 303 9 9 0.010902734
485 142 120 180 0.010901297
491 128 10 12 0.010900142
428 242 13 19 0.010899426
568 224 12 16 0.010895484
170 317 6 9 0.010893521
461 356 7 9 0.010893259
231 641 34 43 0.010892435
426 0 82 98 0.010890854
295 299 10 9 0.0108907325
553 382 17 22 0.010890096
624 296 9 11 0.010889012
589 300 9 12 0.010886724
70 83 13 14 0.010885967
584 328 18 25 0.010885364
855 486 14 18 0.010885273
688 354 9 10 0.010884727
840 0 21 19 0.010883593
234 212 69 84 0.010883066
578 279 12 17 0.010878852
355 260 10 13 0.010875988
530 668 12 15 0.010873779
95 73 12 16 0.010873469
485 128 11 12 0.010871432
49 31 7 12 0.010869723
554 400 14 18 0.01086761
40 77 135 148 0.010865699
328 240 26 35 0.010864668
674 428 8 11 0.010858883
171 308 8 9 0.010854658
203 595 197 127 0.01085454
717 339 12 13 0.010851848
697 445 15 15 0.010851571
362 0 34 31 0.010850323
508 332 37 49 0.010839614
348 248 14 20 0.010838315
0 129 28 50 0.010838292
353 295 9 14 0.010837908
578 225 12 14 0.01082811
26 433 8 10 0.010824038
425 201 14 14 0.0108210165
13 71 7 9 0.010820209
231 325 7 10 0.010815178
188 331 10 17 0.010814151
169 300 9 10 0.010811774
550 0 84 100 0.010811698
59 94 17 19 0.010807072
360 0 23 23 0.010803956
736 415 8 10 0.010800252
696 398 13 15 0.0107983155
40 58 20 27 0.010796125
292 427 16 16 0.010795561
345 287 7 9 0.010795411
501 138 10 13 0.010794976
504 136 10 12 0.01079495
413 276 11 15 0.0107908975
807 193 177 225 0.010789242
172 0 32 25 0.0107849045
382 302 11 17 0.010782689
481 220 35 37 0.010781377
410 633 18 24 0.0107812015
410 0 68 65 0.010780667
712 423 8 10 0.0107806
531 311 9 11 0.010780171
10 17 18 24 0.010779798
581 283 11 17 0.010777982
789 667 95 55 0.010775829
0 686 24 36 0.0107721
311 33 49 66 0.010771105
483 130 10 13 0.010769686
13 32 12 15 0.010767832
30 70 11 13 0.010766994
525 283 11 12 0.010765394
106 53 44 48 0.010765382
602 682 9 9 0.0107652
83 1 11 14 0.010765035
579 311 9 14 0.010764478
186 38 12 12 0.010759199
371 312 8 10 0.010758428
218 134 8 9 0.0107578
562 222 47 70 0.010757561
597 375 14 21 0.01075457
821 563 37 52 0.010749168
385 602 21 23 0.010749126
214 337 11 12 0.010748589
568 656 19 24 0.0107465
532 302 7 10 0.010746343
0 75 5 14 0.01074618
446 633 32 47 0.010745525
140 8 9 13 0.010745284
605 396 11 16 0.01074363
398 0 45 47 0.010742326
1 141 18 29 0.01074179
724 0 241 161 0.010741109
842 650 8 9 0.010740804
223 139 13 14 0.010735607
716 356 6 9 0.010733386
604 355 10 13 0.0107305925
186 294 8 9 0.01072987
298 639 21 28 0.010727416
10 74 18 21 0.010725651
153 643 15 17 0.010721334
152 324 11 12 0.01072021
736 401 8 10 0.01071944
299 316 8 11 0.010717006
1018 0 6 9 0.010716891
559 654 20 23 0.010713055
9 153 16 19 0.010712724
454 648 34 47 0.010711795
820 211 87 127 0.010710207
185 7 9 11 0.010709517
1020 39 4 15 0.0107074035
486 295 17 21 0.010705882
159 300 7 10 0.010704998
454 611 20 25 0.01070456
121 368 10 13 0.010703028
29 104 22 28 0.010699982
320 308 8 9 0.010698921
270 329 8 9 0.01069692
461 368 8 9 0.010696591
533 294 19 20 0.010695331
297 300 15 17 0.0106947655
9 335 19 25 0.010693535
496 128 10 13 0.010692896
526 301 20 26 0.010692564
535 321 7 10 0.010683616
50 109 23 31 0.010681771
555 225 26 35 0.01067758
33 25 8 10 0.010676229
526 245 8 10 0.010673233
25 358 8 12 0.010670542
349 270 11 15 0.010669544
314 27 28 34 0.01066741
551 147 21 28 0.01066566
614 368 9 11 0.010664421
229 705 7 9 0.010661592
0 410 4 9 0.010660678
592 355 11 13 0.010658904
223 609 36 49 0.010657207
391 600 17 18 0.010654923
485 138 11 13 0.0106529035
161 15 8 10 0.010652189
548 263 10 15 0.010650241
239 297 8 10 0.0106496615
650 171 17 24 0.010644895
744 540 207 182 0.010641329
504 131 10 12 0.010641134
361 8 23 34 0.010640192
229 320 8 9 0.010638583
697 703 35 19 0.010637784
270 9 12 14 0.010637171
626 289 11 12 0.010637001
368 299 9 9 0.010634806
260 347 8 9 0.010634429
493 141 10 12 0.010633306
202 68 60 66 0.010633179
443 114 11 13 0.01063301
762 202 79 112 0.010632577
536 664 14 20 0.010630994
20 354 9 10 0.010627633
684 370 7 10 0.010625783
681 371 7 9 0.010625659
770 79 158 191 0.010625492
226 322 7 9 0.0106253205
322 290 8 9 0.010623793
450 147 10 10 0.010623731
526 311 20 27 0.010622141
1022 613 2 15 0.010621451
741 277 10 17 0.010619421
599 366 9 13 0.010616307
328 334 7 9 0.01061607
506 134 10 12 0.010614275
588 677 22 26 0.0106136445
564 299 22 26 0.010611144
6 109 25 30 0.010610973
673 383 9 12 0.010606155
568 283 9 13 0.010605727
0 89 5 14 0.010605371
35 20 13 17 0.010601803
529 296 13 15 0.010600074
424 349 13 15 0.010598504
10 114 40 58 0.010596576
353 5 48 64 0.010595566
175 323 9 14 0.010595111
354 602 22 26 0.010594897
743 404 7 9 0.010594859
177 320 10 14 0.010591893
530 283 11 13 0.010588228
25 353 8 9 0.0105837975
59 691 51 31 0.010582454
558 287 7 9 0.010581719
116 380 12 19 0.010577358
0 192 18 40 0.010573673
222 303 8 9 0.010572043
232 5 15 21 0.010570238
480 127 10 13 0.010566627
483 125 10 13 0.010566347
434 242 8 9 0.010566112
595 682 9 10 0.01056578
832 523 37 50 0.010565779
488 125 10 13 0.010565592
336 596 11 13 0.010563601
194 305 8 10 0.010563231
445 111 11 14 0.010562134
861 291 86 127 0.010561718
601 356 15 22 0.010558273
279 349 5 9 0.0105579
552 304 15 14 0.010556377
103 422 14 12 0.010553114
193 330 10 17 0.01055204
86 418 14 11 0.010551644
526 198 12 17 0.01055118
445 0 119 84 0.010549321
7 357 9 11 0.010545896
44 329 9 14 0.010544795
745 406 8 11 0.010541908
177 553 13 14 0.010541212
216 0 8 9 0.0105409855
309 318 11 14 0.010540829
823 512 37 49 0.010539836
216 108 12 14 0.010538657
490 709 38 13 0.010538602
111 309 10 10 0.010537936
707 360 9 14 0.010534693
360 333 15 17 0.010533491
253 296 7 9 0.010533139
321 687 10 13 0.010525948
873 532 38 51 0.010523353
543 380 6 10 0.010522316
509 313 36 48 0.010521809
873 0 65 61 0.010520839
580 315 11 12 0.010515627
501 128 10 13 0.01051429
518 295 8 10 0.010513591
268 299 10 11 0.010512476
110 367 11 19 0.010512012
258 315 7 9 0.01051129
256 312 7 9 0.010508452
1 59 7 10 0.010507808
381 303 9 9 0.010504392
606 178 128 181 0.010502117
483 135 10 13 0.01050148
448 114 11 13 0.01050098
564 343 10 9 0.01050063
664 169 9 12 0.010496903
365 653 12 14 0.0104965
155 41 11 13 0.010495849
200 215 64 84 0.010494184
443 109 10 13 0.010493281
345 240 21 24 0.010493015
602 343 14 17 0.0104925055
464 229 10 13 0.01049239
31 342 10 13 0.010491886
560 199 8 10 0.010488978
124 11 14 14 0.010487308
913 521 40 53 0.010486238
3 690 44 32 0.010485112
434 242 16 20 0.0104840165
23 34 17 21 0.010482584
456 609 175 113 0.010481407
111 108 14 19 0.010481125
168 295 10 13 0.010478931
448 159 10 9 0.0104775885
541 402 11 15 0.010476876
566 297 12 13 0.010473511
367 313 5 11 0.010473168
544 370 25 33 0.010468519
35 116 23 30 0.010467811
4 345 9 12 0.010467688
1021 606 3 16 0.010466597
610 400 9 16 0.01046476
576 186 22 21 0.010464144
440 111 11 14 0.010463766
109 347 7 9 0.010460977
519 105 10 12 0.010459346
373 0 20 18 0.010458856
522 108 10 12 0.010458271
184 589 9 12 0.010455826
525 105 10 12 0.010455501
517 108 10 12 0.010455074
488 141 10 12 0.010454788
460 324 8 14 0.010454437
0 216 16 28 0.010451761
527 108 10 12 0.010451643
214 119 9 9 0.0104515245
514 105 10 12 0.010450977
418 331 7 10 0.010450182
0 6 12 29 0.010445735
16 382 7 10 0.010443482
530 105 10 12 0.010443109
386 332 7 9 0.010442458
800 482 13 18 0.010440778
533 108 9 12 0.010439072
512 108 9 12 0.010435899
84 37 10 15 0.010434565
499 141 10 12 0.010434101
7 84 11 16 0.01043265
525 111 9 11 0.01042861
509 105 10 12 0.010427496
535 105 10 12 0.010427072
519 111 10 11 0.010426688
754 324 9 16 0.010424592
446 106 10 13 0.010424214
15 94 12 16 0.010423935
221 9 10 14 0.010423608
538 108 10 12 0.010422056
530 111 10 11 0.010421905
229 288 8 11 0.010420603
517 103 10 11 0.010418825
380 339 10 14 0.010418091
352 329 35 41 0.010415755
522 103 10 11 0.0104144085
563 332 8 10 0.0104125785
124 349 11 14 0.010410603
511 103 10 11 0.010410089
535 111 10 11 0.010409788
443 104 10 13 0.010409737
514 111 10 11 0.0104092145
477 125 11 13 0.01040812
479 285 9 11 0.010407326
540 105 10 12 0.010406902
543 108 10 12 0.010404369
665 355 8 9 0.010403523
456 239 16 19 0.010402791
609 388 9 14 0.010402548
399 646 36 53 0.010402446
204 51 8 9 0.010401444
493 126 10 12 0.010401122
527 103 10 11 0.010401113
695 455 82 107 0.010401091
665 696 38 26 0.010399698
440 106 11 13 0.010398755
173 316 8 10 0.010398273
259 292 12 17 0.010397303
540 111 10 11 0.010396175
509 136 10 12 0.010395959
202 103 22 24 0.01039486
31 6 12 16 0.0103937425
509 131 10 12 0.010393472
598 353 11 12 0.010392621
20 329 11 16 0.010391225
506 108 10 12 0.010389594
759 271 82 122 0.010386172
656 342 9 11 0.010386018
548 108 10 12 0.010385659
546 111 9 11 0.010385218
546 105 10 12 0.010384721
532 103 10 11 0.01038432
811 0 16 12 0.010383167
506 103 10 11 0.010381983
448 109 11 13 0.010381567
136 339 8 13 0.010380648
438 99 10 13 0.010379733
440 101 11 13 0.010378221
527 113 10 12 0.010377642
533 113 9 12 0.010377244
0 160 13 20 0.0103756115
255 646 24 29 0.010374622
393 128 10 13 0.010373303
522 113 10 12 0.010372564
320 311 8 10 0.010372136
504 105 10 12 0.010371554
538 113 10 12 0.010371135
0 413 11 14 0.010371112
212 660 9 12 0.010368469
391 131 10 12 0.010368313
551 111 10 11 0.01036691
522 309 9 10 0.010366838
174 318 9 14 0.01036648
337 23 26 33 0.010365137
538 103 10 11 0.010365097
130 24 38 44 0.010364992
860 209 88 129 0.010364519
509 111 10 11 0.01036437
543 113 10 12 0.01036388
457 670 8 10 0.010363169
607 382 8 12 0.010362925
506 139 11 12 0.010362433
548 113 10 12 0.010358688
551 105 10 12 0.010357757
554 108 9 12 0.01035672
367 691 43 31 0.010355994
106 31 11 14 0.010352733
435 96 10 13 0.010352612
517 113 10 12 0.010352257
281 584 40 54 0.0103513645
161 13 29 36 0.010351042
510 0 79 78 0.010349637
442 674 20 25 0.01034711
393 133 10 13 0.01034708
446 101 10 13 0.010347004
204 37 12 18 0.010346155
510 276 37 44 0.010346027
440 96 11 13 0.010343941
543 103 10 11 0.0103435125
465 190 30 39 0.0103427945
443 99 10 13 0.01034218
124 343 17 24 0.010341964
506 129 10 12 0.010341255
219 0 10 9 0.010339897
448 104 11 13 0.010339494
511 134 11 12 0.01033945
546 116 9 12 0.010339119
571 212 12 13 0.010338476
551 116 10 12 0.010337729
554 113 9 12 0.010337629
390 125 11 13 0.010336207
438 104 10 13 0.010335346
441 0 44 49 0.010335186
134 32 9 9 0.010334037
839 656 12 16 0.010333774
56 71 14 18 0.01033364
57 1 31 36 0.01033323
460 237 27 38 0.010332717
556 111 10 11 0.01033247
540 116 10 12 0.010331128
388 128 10 13 0.010330555
535 116 10 12 0.010327372
1023 606 1 11 0.01032553
514 100 10 12 0.01032431
272 7 11 11 0.010324029
396 125 10 13 0.01032357
680 0 15 11 0.010323463
548 119 10 11 0.010323458
33 98 79 100 0.010322471
556 105 10 12 0.010322453
592 293 12 17 0.010321852
519 100 10 12 0.010321514
165 15 11 14 0.010321257
575 320 8 11 0.010321146
438 93 10 14 0.010320721
51 32 126 121 0.010319199
559 108 10 12 0.010319097
548 103 10 11 0.010318963
436 419 7 11 0.010318351
393 123 11 13 0.010317636
530 116 10 12 0.010317366
852 533 37 49 0.010315919
544 195 22 21 0.010315311
20 54 22 27 0.010315169
498 126 11 12 0.010315158
432 99 11 13 0.010315
435 101 10 13 0.0103144
396 131 10 12 0.010314065
556 530 13 21 0.010313854
480 132 10 13 0.0103134485
940 682 9 10 0.010313419
509 100 10 12 0.010313343
7 160 14 19 0.010313153
179 47 9 12 0.010311329
501 103 10 11 0.010311059
480 123 10 12 0.010310985
554 119 9 11 0.010310841
554 644 23 29 0.010309953
616 662 11 13 0.010309734
525 100 10 12 0.010308383
556 116 10 12 0.010307944
512 113 9 12 0.010307936
265 581 37 47 0.010306189
73 39 13 15 0.010306142
543 119 10 11 0.010304247
391 136 10 12 0.010304153
923 490 12 14 0.01030242
768 637 138 85 0.0103009315
259 525 13 16 0.010300846
525 116 9 12 0.010300127
518 250 15 18 0.010299202
139 330 7 12 0.01029919
600 392 9 13 0.0102988845
229 377 12 11 0.010296849
264 39 12 12 0.01029605
559 113 10 12 0.010295174
173 360 9 14 0.010291821
530 100 10 12 0.010291282
388 133 10 13 0.01029117
385 131 11 12 0.010290315
430 96 10 13 0.010288526
153 632 43 52 0.010288014
671 295 24 29 0.0102873705
183 330 8 11 0.010286785
561 111 10 11 0.010286379
451 116 10 14 0.010286356
626 292 15 20 0.010286219
154 30 100 85 0.010285517
396 120 10 13 0.010284983
501 108 10 12 0.010284869
728 395 13 15 0.010284356
432 93 11 14 0.010284049
690 0 16 11 0.010284013
24 1 12 15 0.0102835
553 103 10 11 0.010283493
451 111 10 13 0.010281793
538 119 10 11 0.010281621
304 345 7 10 0.010281512
551 121 10 12 0.010280214
504 100 10 12 0.010279521
514 297 11 14 0.010278682
181 302 8 9 0.010277867
561 105 10 12 0.010275886
519 116 10 12 0.01027553
0 461 113 152 0.010274964
393 139 10 12 0.010274948
398 117 11 13 0.010274562
535 100 10 12 0.01027439
216 325 11 15 0.010273437
7 355 14 18 0.010273242
504 111 9 11 0.010272445
385 125 11 13 0.01027167
442 676 12 14 0.010271612
401 115 10 13 0.010271561
546 121 9 12 0.010271043
292 526 9 10 0.010270917
330 302 9 11 0.010269811
448 99 11 13 0.010267472
197 34 10 12 0.010266686
443 93 10 13 0.010265559
388 123 10 13 0.010265305
398 123 11 12 0.010264982
461 0 46 49 0.01026477
383 128 10 13 0.01026453
313 399 12 13 0.0102645075
388 601 13 14 0.010264312
438 109 10 13 0.010263679
564 108 10 12 0.01026332
445 96 11 13 0.010262592
403 112 11 13 0.010258898
210 97 10 12 0.010257816
427 99 11 13 0.0102573
559 119 10 11 0.01025625
540 100 10 12 0.010255633
451 106 10 13 0.010255246
533 119 9 11 0.0102544185
498 105 10 12 0.010252242
734 381 13 16 0.010250619
451 101 10 13 0.010248932
518 285 7 11 0.010248747
16 469 79 97 0.010247119
388 139 10 12 0.010246597
771 0 23 30 0.010246062
281 67 75 109 0.01024507
550 369 11 15 0.010245032
39 4 9 12 0.0102449255
619 0 45 49 0.010244547
0 148 11 14 0.010244514
240 373 11 13 0.010244381
445 119 11 13 0.010244246
390 120 11 13 0.010243846
485 123 10 12 0.01024213
406 109 11 13 0.010241604
529 346 9 13 0.010241233
21 79 13 14 0.010241218
65 157 78 101 0.010240859
504 126 10 12 0.010240836
440 91 11 13 0.010240813
435 91 10 13 0.010240716
213 109 9 12 0.010240631
561 116 10 12 0.0102404
424 96 11 13 0.010239716
653 132 129 175 0.010239593
1022 604 2 15 0.010239436
380 131 10 12 0.010238974
904 575 34 43 0.0102388915
559 103 10 12 0.010238777
398 128 11 13 0.010238714
396 136 10 12 0.010238245
549 317 10 12 0.010238238
556 121 10 12 0.010236264
401 120 10 13 0.010236078
514 116 10 12 0.010235337
460 357 12 19 0.010235313
319 320 8 11 0.0102343755
742 244 79 110 0.010233946
546 100 10 12 0.010233826
406 114 11 14 0.010233017
403 117 11 13 0.0102327885
422 99 10 13 0.010231751
64 418 8 13 0.010231371
1023 618 1 14 0.01023119
540 121 10 12 0.010230085
237 377 10 11 0.010229335
237 84 15 17 0.010229072
545 297 7 9 0.010228537
391 142 10 11 0.010228379
506 113 10 12 0.010227916
79 107 19 25 0.01022715
482 0 46 49 0.01022689
411 106 11 14 0.010226838
481 228 20 24 0.010225018
56 349 12 13 0.010224216
427 94 11 13 0.010224042
518 308 7 9 0.010224037
669 0 16 11 0.01022289
409 112 10 13 0.010222795
522 304 16 20 0.0102226045
598 0 45 49 0.010221386
564 113 10 12 0.010221343
383 134 10 12 0.010221226
560 219 13 16 0.010220874
125 303 9 9 0.010220653
414 104 11 13 0.010218816
527 119 10 11 0.010218758
298 393 14 15 0.010218593
430 101 10 13 0.010218215
475 122 10 13 0.010217891
377 128 11 13 0.01021665
419 101 11 14 0.01021559
842 176 85 121 0.010214994
380 125 10 13 0.010214908
585 304 9 11 0.01021375
45 120 24 31 0.010213618
393 117 11 13 0.010212874
676 293 14 15 0.010212797
367 133 10 13 0.010212715
375 131 10 12 0.010212432
566 231 119 165 0.010211661
477 130 11 13 0.010211506
232 620 34 47 0.01021146
309 294 9 10 0.010208699
369 131 11 12 0.010208686
360 190 13 16 0.010207356
545 365 15 22 0.0102062505
567 105 10 12 0.010204136
372 133 10 13 0.010203961
551 100 10 12 0.01020317
385 136 11 12 0.010202827
424 101 11 14 0.010202301
417 99 10 13 0.010201815
577 0 45 49 0.010201663
567 111 10 11 0.010201627
566 311 11 12 0.010200888
503 0 46 49 0.01020057
377 134 11 12 0.010199452
369 136 11 13 0.010199017
498 100 10 12 0.010198743
364 136 11 13 0.010198097
556 0 45 49 0.010198094
419 96 11 13 0.010197228
382 123 11 13 0.010196958
564 209 17 18 0.010196333
119 15 13 12 0.01019611
409 104 10 13 0.010195315
396 115 10 13 0.010195232
535 0 45 49 0.010194202
44 36 19 25 0.01019352
514 131 10 12 0.010193419
155 662 49 52 0.010192021
517 97 10 12 0.01019157
511 97 11 12 0.010191405
713 57 11 13 0.010190147
448 93 11 13 0.010190144
372 128 11 13 0.0101899095
0 15 8 12 0.0101896515
430 91 10 13 0.010189196
522 119 10 11 0.010187215
398 112 11 13 0.010186441
295 197 21 23 0.0101854885
189 685 14 17 0.010185262
422 0 41 38 0.010184881
89 105 22 29 0.010184012
460 226 18 22 0.010183593
411 101 11 14 0.010183542
711 54 10 13 0.010183035
364 131 11 12 0.01018298
548 124 10 11 0.01018292
165 296 10 12 0.010182649
522 97 10 12 0.010182364
561 213 9 9 0.010182327
711 59 10 13 0.010182033
445 91 11 13 0.010181445
839 316 86 122 0.010181362
451 96 10 13 0.0101813115
535 121 10 12 0.010180317
466 291 21 27 0.010180277
438 114 10 13 0.010178943
496 103 10 12 0.010178687
385 120 11 13 0.010178131
506 97 10 12 0.010178035
564 103 10 12 0.010177503
422 94 10 13 0.010177001
13 67 7 9 0.010176617
361 133 11 13 0.010176359
414 109 11 13 0.010176225
417 106 10 14 0.010175969
401 109 10 14 0.010175785
568 256 18 25 0.01017545
347 0 27 22 0.010175181
380 308 9 14 0.010174399
375 136 10 13 0.010174116
435 107 11 13 0.010173665
511 129 11 12 0.010173657
713 52 11 13 0.010173612
509 116 10 12 0.010172628
606 693 37 29 0.010172444
23 23 10 11 0.01017161
385 142 10 12 0.010170299
375 125 10 13 0.0101699615
569 108 10 12 0.010169002
323 313 7 9 0.010168797
687 54 11 13 0.010168762
708 57 11 13 0.0101686055
527 97 10 12 0.010168301
716 54 10 13 0.010167464
80 341 20 30 0.010166162
713 62 11 13 0.010165297
230 367 12 14 0.010165241
403 107 11 13 0.010165153
220 122 13 16 0.010165135
438 88 10 13 0.010164689
225 366 19 22 0.010164022
690 52 10 13 0.010163973
367 128 10 13 0.010163909
104 348 11 18 0.010163766
401 125 10 13 0.010162162
556 100 10 12 0.010160861
523 295 9 11 0.010159352
716 59 10 13 0.010159278
0 452 22 31 0.010158767
708 52 11 13 0.010158007
432 104 11 13 0.010157704
409 117 10 13 0.010157559
692 54 11 13 0.010157293
690 57 10 13 0.010157284
491 289 17 19 0.010157046
554 124 9 11 0.010156847
48 19 9 15 0.0101563195
453 104 11 13 0.010156217
383 139 10 12 0.010154914
380 136 10 13 0.010154727
684 57 11 13 0.010154246
288 622 17 21 0.010154115
398 133 11 13 0.010153815
706 54 10 13 0.010153672
532 97 11 12 0.010153263
708 62 11 13 0.010152939
76 105 15 19 0.010152567
517 119 10 11 0.010152015
556 277 11 14 0.010151368
367 139 10 12 0.010151155
231 317 30 33 0.010150584
695 52 11 13 0.0101500545
543 124 10 11 0.010149339
422 104 10 13 0.010149208
372 139 10 12 0.010147844
594 0 79 78 0.010147135
1020 50 4 14 0.010146589
352 284 9 12 0.010146574
468 235 17 24 0.010146155
684 52 11 13 0.01014612
671 0 46 49 0.010146107
711 49 10 13 0.010145602
711 65 10 13 0.010145505
419 328 11 16 0.010145022
595 103 10 12 0.010144599
475 127 10 13 0.010144238
453 99 11 13 0.010143402
443 88 10 13 0.010143384
411 114 11 14 0.010142617
687 60 11 13 0.010142616
406 120 11 13 0.010142518
377 123 11 13 0.010142141
885 522 39 51 0.010141713
132 346 9 14 0.010141583
703 52 10 13 0.010141476
687 49 11 13 0.010140823
698 54 10 13 0.010139709
388 144 10 12 0.01013918
960 493 10 11 0.010138993
501 97 10 12 0.010138805
692 49 11 13 0.0101384055
424 91 11 13 0.01013836
432 88 11 13 0.010137494
538 97 10 12 0.010137294
13 368 10 14 0.010137085
377 139 11 12 0.010136881
706 59 10 14 0.010136714
362 139 10 12 0.010136641
517 134 10 12 0.010136484
63 672 7 9 0.0101360725
716 49 10 13 0.010135649
456 374 7 11 0.01013534
359 136 10 13 0.01013526
388 117 10 13 0.010135109
30 38 10 10 0.010134653
682 60 10 13 0.010133082
703 57 10 13 0.010132504
695 57 11 13 0.01013225
561 121 10 12 0.010131792
564 119 10 11 0.010131705
11 361 8 11 0.010131415
369 125 11 13 0.010130913
698 49 10 13 0.010130748
531 350 35 49 0.0101303505
530 121 10 12 0.0101302
706 49 10 13 0.010129026
684 62 11 13 0.010127573
509 126 10 12 0.010127328
682 54 10 13 0.010126658
713 46 11 13 0.010126254
414 96 11 13 0.010126004
696 0 118 83 0.010125907
640 0 45 49 0.010125172
94 348 19 24 0.010124395
490 123 11 12 0.010124208
404 122 10 13 0.010124195
679 65 11 13 0.010122992
692 60 11 13 0.010122447
512 673 11 13 0.010122382
676 67 11 13 0.010120859
43 629 17 19 0.010120495
453 114 11 13 0.010120425
499 237 8 10 0.010120022
27 357 7 9 0.01011976
543 97 10 12 0.010119495
267 313 7 9 0.010119168
218 127 8 10 0.010117853
705 65 11 13 0.010117728
41 693 50 29 0.010117443
536 344 20 27 0.010116782
501 124 10 11 0.0101166945
716 65 10 13 0.010115788
18 110 23 28 0.010114712
403 644 15 20 0.010113664
380 120 10 13 0.010113256
340 0 17 12 0.010112948
541 147 20 27 0.01011287
566 219 8 12 0.0101121245
593 100 10 12 0.010111804
572 105 10 12 0.010111415
561 100 10 12 0.010111386
671 70 11 13 0.010110817
514 136 10 12 0.010110683
590 103 10 12 0.010110068
719 57 10 13 0.0101096
708 46 11 13 0.010108305
14 4 10 13 0.010108181
453 109 11 13 0.010108042
314 344 11 13 0.010107924
504 141 10 12 0.010107876
669 72 10 14 0.01010778
195 516 71 89 0.010107606
512 118 9 12 0.010107222
459 663 24 30 0.010107087
708 67 11 13 0.010106575
690 62 10 13 0.010106418
498 111 10 11 0.010106164
713 67 11 13 0.010105922
417 93 10 14 0.010105065
690 47 10 13 0.010104966
666 75 11 13 0.0101042045
569 102 10 13 0.010103405
350 231 29 34 0.010103129
700 60 11 13 0.010102254
703 62 10 13 0.010100946
567 116 10 12 0.010100468
695 47 11 13 0.01010046
862 525 37 48 0.010100313
15 356 9 12 0.010100067
496 108 10 12 0.010098981
659 0 15 11 0.010098805
89 192 74 88 0.010098248
663 72 11 14 0.010097613
700 47 11 12 0.010097126
427 104 11 13 0.010096929
451 91 10 13 0.010096402
548 97 10 12 0.01009575
679 57 11 13 0.010095557
666 70 11 13 0.010095262
501 113 10 12 0.010095134
383 144 10 12 0.010095081
380 142 10 12 0.010095078
496 123 10 12 0.0100944005
372 123 11 13 0.010093235
406 101 11 14 0.010092955
604 362 9 12 0.010092951
598 100 10 12 0.010092839
719 51 10 14 0.010092834
674 65 10 13 0.010092573
473 240 8 10 0.010092458
1 646 9 12 0.010092433
538 124 10 11 0.010092247
716 44 10 13 0.010091595
588 100 10 12 0.0100914985
711 44 10 13 0.010091418
682 67 10 13 0.010090579
676 62 11 13 0.010090428
525 121 10 12 0.010090273
453 94 11 13 0.010090011
427 88 11 13 0.010089891
282 675 19 23 0.0100889
0 29 17 27 0.010088899
470 650 29 38 0.010088569
661 75 10 13 0.010087108
152 639 24 27 0.010086586
409 99 10 13 0.010086415
553 337 13 17 0.010086375
48 45 17 20 0.010086178
512 299 16 20 0.010086051
390 115 11 13 0.0100859385
364 192 22 18 0.010085653
472 125 10 13 0.010085555
598 105 10 12 0.010085051
669 67 10 13 0.010084618
682 49 10 13 0.010084203
719 62 10 13 0.0100837005
687 65 11 13 0.010083039
713 41 11 13 0.010083002
679 70 11 13 0.010082454
703 67 10 13 0.010080524
695 62 11 13 0.0100801615
375 142 10 12 0.01007982
716 72 10 13 0.010079789
546 152 20 27 0.010079692
448 88 11 13 0.01007965
359 131 10 12 0.010079349
506 124 10 11 0.010078935
963 51 10 12 0.01007827
684 47 11 13 0.0100780865
674 73 10 13 0.010077998
803 457 77 99 0.010077944
401 292 9 11 0.01007755
67 4 8 11 0.010077521
436 622 35 46 0.010077086
440 86 11 13 0.010076402
569 113 10 12 0.010076268
593 105 10 12 0.010075594
501 640 41 44 0.010075049
361 128 11 13 0.010075037
700 65 11 13 0.01007459
590 97 10 12 0.010073982
504 116 10 12 0.01007314
557 217 10 10 0.010072812
601 103 10 11 0.01007155
663 78 11 13 0.010071267
435 86 11 13 0.0100710895
25 31 8 9 0.010070837
514 95 10 12 0.010070379
419 91 11 13 0.010070145
493 100 10 12 0.0100697335
108 317 9 15 0.010069704
509 94 10 13 0.010069019
370 142 10 12 0.010068465
477 120 11 13 0.010068217
711 70 10 13 0.0100680115
519 95 10 12 0.0100666
429 116 23 29 0.0100657
519 121 10 12 0.010065587
671 75 11 13 0.010065254
424 324 6 10 0.010064806
658 72 11 14 0.010064535
547 257 16 24 0.010064143
382 117 11 13 0.010064029
190 34 11 13 0.010063417
585 102 10 13 0.010063397
57 334 6 11 0.010063239
318 634 14 18 0.010063225
706 44 10 13 0.010063031
553 97 11 12 0.010063023
496 97 10 12 0.010062973
559 124 10 11 0.01006294
411 119 11 14 0.010062711
661 70 10 13 0.0100624645
364 141 10 13 0.010062388
493 105 10 12 0.010061805
396 141 10 12 0.010061655
572 111 10 11 0.010061589
679 52 11 13 0.010061116
401 130 10 13 0.010061022
809 0 60 56 0.010060753
692 65 11 13 0.010060318
0 85 25 49 0.010060095
705 70 11 13 0.010059176
524 95 11 12 0.010058348
535 289 9 10 0.010057829
44 13 17 22 0.010057721
716 38 10 13 0.010057281
393 112 11 13 0.010057138
409 122 10 13 0.010057127
44 0 18 15 0.010056204
503 94 11 13 0.010056116
698 44 10 13 0.010054899
669 78 10 13 0.010054782
718 75 11 13 0.010054244
692 44 11 13 0.010054118
489 384 18 20 0.01005359
375 120 10 13 0.010053446
567 100 10 12 0.0100527685
672 393 8 11 0.010052703
719 46 10 13 0.010051991
658 78 11 13 0.010051813
698 67 10 13 0.010051619
364 125 11 13 0.010050904
216 5 12 15 0.0100505445
575 108 9 12 0.010050452
713 75 11 13 0.010050339
43 327 8 13 0.010050075
707 339 23 27 0.010049436
719 70 10 13 0.010049406
551 410 8 12 0.010049375
713 36 11 13 0.010049212
655 75 11 13 0.010049036
595 97 11 12 0.010048997
585 97 10 12 0.010048669
514 121 10 12 0.0100484425
711 38 10 13 0.010048303
700 70 11 13 0.0100479005
855 0 22 24 0.0100471
530 95 10 12 0.010047064
489 274 18 22 0.01004631
708 41 11 13 0.010046193
737 421 7 9 0.01004617
551 359 6 10 0.010046055
506 118 10 12 0.010045165
445 86 11 13 0.010044027
687 44 11 13 0.010044024
396 109 10 14 0.010043645
582 100 10 12 0.010043128
574 102 11 13 0.010043072
356 133 11 13 0.010043043
663 67 11 13 0.0100422185
456 96 10 13 0.010042079
509 121 10 12 0.010041507
157 118 14 20 0.010040061
597 391 8 13 0.010039558
4 337 7 10 0.01003929
440 119 11 14 0.010038782
512 124 9 11 0.010037563
647 310 8 15 0.010037292
517 129 10 12 0.010037049
356 139 11 12 0.010036883
398 107 11 13 0.010036853
533 124 9 11 0.010034887
535 95 10 12 0.010034414
430 86 10 13 0.010034223
456 102 10 12 0.010034018
378 144 10 12 0.010033354
514 126 10 12 0.010032925
436 705 33 17 0.010032719
587 94 11 13 0.010032615
504 121 10 12 0.010032371
30 19 24 30 0.010032082
577 105 10 12 0.010031947
807 534 7 10 0.010031718
401 104 10 13 0.010031319
716 78 10 13 0.010031108
588 105 10 12 0.010030001
580 102 10 13 0.010028927
598 681 15 19 0.010028766
559 97 10 12 0.010028764
417 112 10 13 0.01002817
68 34 23 26 0.01002787
585 283 10 14 0.01002677
519 131 11 12 0.01002563
690 67 10 13 0.010025576
677 54 10 13 0.010025139
353 268 37 50 0.010025135
422 88 10 13 0.010025028
593 94 10 13 0.010024776
419 109 11 13 0.010024335
487 283 12 11 0.010024059
217 303 7 9 0.01002363
653 78 10 13 0.010023163
661 80 10 13 0.010022538
546 126 10 12 0.010022312
204 707 25 15 0.010021273
671 62 11 13 0.010020971
498 94 10 13 0.010019993
367 123 10 13 0.010019913
666 65 11 13 0.010019903
540 95 10 12 0.010019547
221 366 9 11 0.010018573
359 141 10 13 0.0100185145
821 0 16 11 0.01001837
674 59 10 14 0.0100177545
655 80 11 13 0.010017709
112 444 176 200 0.010017439
701 0 15 11 0.01001716
578 655 106 67 0.010017138
393 144 10 12 0.010016835
246 292 180 205 0.010016422
703 41 10 13 0.010016321
762 592 36 50 0.01001552
483 229 8 10 0.010014681
703 72 10 14 0.01001414
41 451 16 22 0.010014091
386 147 9 12 0.010013999
719 41 10 13 0.010013901
691 406 7 9 0.01001387
406 125 11 13 0.010013314
653 72 10 14 0.010013096
666 80 11 13 0.010012844
208 44 10 11 0.010012629
819 476 82 104 0.010012616
655 70 11 13 0.010011876
528 25 281 340 0.010011696
695 70 11 13 0.01001161
399 138 10 13 0.010011235
472 120 10 12 0.010011228
572 100 10 12 0.010010793
708 72 11 14 0.0100106085
716 33 10 13 0.010010431
721 72 11 13 0.0100103635
650 222 126 173 0.010010182
684 70 11 13 0.010009942
414 117 11 13 0.010009801
568 232 11 12 0.0100094145
648 0 16 11 0.010009082
264 312 7 11 0.0100088185
697 413 7 9 0.010008547
582 105 10 12 0.010008302
517 124 10 11 0.010007685
721 54 11 13 0.010006372
655 606 22 29 0.0100061335
721 59 11 13 0.010005311
698 73 10 13 0.0100052515
577 100 10 12 0.010004985
30 330 7 12 0.0100042755
551 126 10 12 0.010003802
711 33 10 13 0.010003778
650 75 11 13 0.0100037195
695 41 11 13 0.010003064
545 94 11 13 0.010002815
811 572 37 53 0.010001779
490 103 10 12 0.010001067
650 80 11 13 0.01000072
274 568 40 52 0.010000474
377 117 11 13 0.010000076