35_Basketball_Basketball_35_737
3538
847 15 86 116 0.8723863
54 30 68 92 0.84582883
770 19 77 103 0.769268
200 337 32 27 0.7293901
230 311 27 38 0.7152921
651 235 49 90 0.70881355
698 250 54 75 0.6978881
956 433 18 24 0.6650042
393 100 9 10 0.44659862
433 101 7 11 0.32233396
392 263 6 11 0.30391195
938 464 21 24 0.28142932
606 391 74 120 0.19693507
404 259 8 10 0.16481881
372 267 14 16 0.1632417
456 271 9 11 0.1608165
100 256 22 45 0.14758106
505 60 8 9 0.13595591
521 61 7 9 0.12461174
211 325 34 34 0.11510804
369 272 14 15 0.11378036
366 279 11 12 0.112446934
377 267 10 12 0.10813306
701 230 88 94 0.10388328
630 479 16 23 0.10042405
0 189 145 223 0.09802168
392 97 8 11 0.09516529
453 268 11 10 0.09016495
388 264 9 12 0.08931362
507 64 7 9 0.08339194
403 261 6 9 0.083137535
944 49 44 62 0.08193792
361 279 12 10 0.08059088
450 269 15 19 0.077368125
507 58 8 9 0.0761236
509 633 13 11 0.07464648
934 246 8 10 0.07441259
747 238 73 80 0.074371114
634 479 21 26 0.07143056
508 326 15 18 0.070419416
362 275 16 18 0.07024462
867 451 11 10 0.06997446
691 645 11 9 0.06961476
384 265 9 13 0.06843027
393 260 7 13 0.06810778
431 99 11 14 0.06709397
828 447 24 21 0.06698075
394 96 10 13 0.06577127
407 260 8 10 0.06477836
941 462 16 14 0.06347932
376 272 11 14 0.06314548
670 253 56 82 0.062942006
513 329 15 17 0.062750466
611 248 74 95 0.06228709
513 637 13 15 0.06135364
379 266 7 9 0.060989376
390 260 7 12 0.060807135
458 147 16 24 0.060300365
431 103 6 9 0.06009712
57 307 9 11 0.0598998
495 378 41 59 0.058164444
380 270 8 10 0.057869896
500 90 6 9 0.057025492
394 266 5 10 0.05701661
377 262 17 19 0.05646405
401 260 15 17 0.056375965
381 265 8 12 0.056270722
395 103 9 10 0.05578212
387 269 6 10 0.054554623
220 298 43 60 0.054424223
431 263 10 11 0.05236606
512 210 16 20 0.05224689
407 259 15 18 0.05181614
369 264 14 15 0.051672544
520 332 10 14 0.05111831
391 103 9 11 0.050085146
517 62 8 9 0.049915485
428 262 16 18 0.04982603
966 71 23 33 0.049598046
520 66 8 9 0.04932026
363 284 10 11 0.049032904
109 256 10 18 0.04883122
367 283 9 10 0.04876879
943 444 24 32 0.048447926
518 58 9 11 0.04843846
423 261 9 10 0.048310127
694 648 12 15 0.048268218
625 467 28 36 0.04820974
14 64 136 226 0.047868717
370 278 12 14 0.04778037
765 527 20 30 0.047627255
628 485 13 18 0.047239732
500 335 36 49 0.047072668
110 120 37 47 0.04674588
867 450 16 15 0.046086814
513 60 8 10 0.045992486
373 267 10 10 0.04596353
949 463 13 14 0.045744035
629 41 32 37 0.045582544
952 436 16 21 0.045347065
33 15 114 156 0.045125544
803 266 24 33 0.04499507
489 0 49 52 0.04491087
504 335 23 28 0.044841096
89 247 30 46 0.04462385
955 424 27 37 0.04418074
817 537 7 9 0.04414805
498 75 7 10 0.04374461
201 318 33 39 0.043656934
945 460 19 22 0.043362655
107 257 29 50 0.0431259
617 474 25 33 0.042954344
942 473 15 18 0.04286648
401 258 9 13 0.04284837
215 348 18 13 0.04276939
962 434 17 19 0.042704258
640 481 23 29 0.042324763
59 330 24 42 0.042309042
906 27 81 103 0.041714706
198 340 39 42 0.04133712
366 276 9 10 0.041256346
107 249 19 35 0.040795293
658 553 22 28 0.040641285
932 59 19 28 0.040522728
987 54 37 80 0.039822955
871 449 23 19 0.03959607
31 182 29 32 0.039452188
392 92 11 14 0.038577333
374 276 11 14 0.038487367
503 57 12 15 0.03803585
502 77 7 11 0.037934575
789 255 43 51 0.037699927
935 450 26 35 0.03754742
432 96 7 14 0.03744669
718 268 59 69 0.037315395
103 254 17 27 0.037104957
509 74 7 10 0.037041467
506 73 7 9 0.03701093
371 269 10 11 0.036765303
241 373 16 13 0.03675237
962 58 53 57 0.03673195
635 217 54 83 0.036690257
625 482 25 31 0.036614716
435 101 9 10 0.036548205
878 43 83 93 0.036437877
458 269 8 10 0.036386296
627 437 53 81 0.036344305
933 264 13 17 0.036275893
702 270 37 47 0.036202878
516 435 10 12 0.036019582
58 59 10 13 0.03600933
519 59 12 15 0.035931885
0 185 35 85 0.03580304
975 77 15 21 0.035711814
503 65 7 10 0.035625853
927 577 6 9 0.03559342
2 173 98 114 0.035306223
109 376 9 12 0.035248265
383 271 8 10 0.03522866
948 162 7 9 0.03514628
861 233 15 21 0.0350587
410 259 10 12 0.034978706
371 304 9 14 0.03494604
564 271 81 88 0.03489139
904 246 10 9 0.034811188
362 266 18 20 0.034803487
190 322 50 49 0.03478917
527 60 8 10 0.034782153
369 296 16 21 0.03460143
382 260 15 17 0.034588885
79 261 38 45 0.03455601
681 414 99 112 0.0344702
608 403 110 152 0.03434395
232 455 21 24 0.03416568
360 281 17 20 0.034079198
720 232 113 122 0.03388722
633 486 14 21 0.033766665
228 323 19 24 0.03360708
247 401 23 34 0.03358505
370 278 8 9 0.03336653
413 275 8 10 0.033298995
958 33 66 110 0.033073034
610 483 27 32 0.032967903
42 0 79 75 0.032928146
150 137 38 65 0.032860763
857 0 135 161 0.032672428
926 456 31 39 0.03247834
387 268 15 20 0.032445993
629 528 14 16 0.03244385
240 381 13 15 0.032403626
657 221 37 69 0.032397144
634 412 59 86 0.032261692
449 265 12 12 0.032128766
731 661 9 11 0.032067847
504 275 21 31 0.031982902
728 32 81 91 0.031943288
675 25 79 91 0.03175852
404 263 6 10 0.03164283
376 260 12 16 0.031568434
523 72 9 10 0.03155579
519 72 8 11 0.03135971
980 80 8 10 0.031317934
528 72 7 9 0.03130341
221 456 32 43 0.031260487
870 447 15 13 0.031252883
39 168 141 173 0.031115681
359 281 10 11 0.03108178
118 174 62 128 0.030824589
376 158 12 12 0.030824557
359 277 10 10 0.030786118
861 232 10 12 0.030779447
837 452 15 15 0.030638788
522 68 8 10 0.030638233
388 261 15 19 0.03059307
792 0 76 93 0.030204836
954 467 9 13 0.030201148
699 650 7 11 0.030190451
735 248 55 62 0.030132907
392 268 9 14 0.030057924
379 271 15 18 0.030044537
663 216 53 96 0.029949015
514 633 12 12 0.029873196
839 255 8 10 0.029869447
385 272 9 12 0.029764079
113 255 10 18 0.02975269
428 261 10 10 0.029735507
757 0 82 80 0.029733937
0 127 30 55 0.029503845
507 205 26 30 0.029473769
867 448 10 9 0.02943594
460 145 12 17 0.029378833
629 531 7 10 0.029333178
644 263 62 94 0.029264497
620 441 38 58 0.029082783
944 458 29 35 0.028894136
241 414 18 23 0.028822398
233 373 8 12 0.028807413
775 62 74 98 0.028675655
181 346 43 45 0.02862237
525 69 8 10 0.028603071
841 0 73 67 0.028479518
500 59 9 11 0.028414069
105 276 11 20 0.028362082
452 271 9 9 0.028359521
433 104 8 12 0.028356189
717 109 77 98 0.028264202
881 459 16 18 0.028254768
388 275 10 13 0.028192319
952 451 22 28 0.028113311
427 268 14 17 0.028109413
953 443 15 21 0.027986223
606 43 73 85 0.02794609
3 114 80 105 0.027800148
546 328 13 14 0.027711306
69 137 113 140 0.027680648
256 372 11 17 0.02764131
967 431 19 22 0.027442303
958 427 13 23 0.027430177
236 325 36 50 0.02739754
367 263 25 28 0.02736303
631 49 24 21 0.027338902
839 449 12 12 0.027301187
47 192 93 105 0.027278993
446 265 23 29 0.027134044
418 262 9 11 0.027103433
141 154 43 66 0.02708914
381 274 7 10 0.026888631
620 483 16 22 0.026809018
626 476 13 20 0.026770053
89 34 69 87 0.026748944
759 261 44 59 0.026723875
868 454 22 21 0.026720356
201 313 62 68 0.026681958
593 299 82 111 0.026588269
851 577 7 9 0.026533324
502 69 7 9 0.02650968
508 77 8 11 0.026506333
451 142 16 23 0.026335621
48 334 28 43 0.026222462
509 413 12 14 0.026210284
194 296 54 64 0.026198713
956 74 33 43 0.026166538
755 89 82 107 0.026157878
434 95 9 13 0.02604335
495 103 6 9 0.02588174
810 0 49 60 0.025877351
817 557 7 9 0.02583299
97 239 23 36 0.025800018
681 61 77 97 0.025744716
660 4 79 87 0.025663251
934 465 34 45 0.025647251
423 260 17 19 0.025626406
623 419 46 69 0.025617316
399 264 8 10 0.025588444
913 86 46 57 0.025531858
938 183 11 12 0.025518533
404 256 13 15 0.025356382
936 575 8 9 0.025309749
392 269 6 9 0.02527856
934 0 90 89 0.025234343
504 325 22 28 0.025230836
507 331 13 16 0.025223892
986 521 9 10 0.025188893
91 237 45 74 0.025182059
708 245 35 55 0.025175046
636 484 12 16 0.025119772
517 638 7 10 0.025090815
631 33 76 88 0.025079558
510 59 14 20 0.025010604
731 0 136 162 0.02495925
791 282 8 12 0.024939418
819 437 40 43 0.024933044
37 262 139 171 0.024901109
395 259 9 12 0.024874162
502 82 7 9 0.024852782
0 0 58 86 0.024851462
397 261 21 25 0.024839979
759 79 8 9 0.024810815
366 283 17 22 0.02475623
674 256 33 55 0.024498021
0 0 36 46 0.024399064
902 239 12 13 0.024392858
391 96 7 9 0.024391308
448 270 12 14 0.02433833
643 64 57 69 0.024309441
867 456 14 16 0.024267524
120 136 68 94 0.024190012
248 318 19 24 0.024174584
222 284 35 53 0.024144012
904 45 51 67 0.02413726
841 235 7 13 0.024078948
623 31 45 61 0.024055121
71 230 42 55 0.023920765
500 87 10 14 0.023849955
502 86 7 9 0.023784159
632 520 9 10 0.023746593
405 264 9 12 0.02362803
203 338 15 14 0.023606181
671 47 54 63 0.02358761
892 538 6 9 0.023492921
716 157 78 98 0.023473358
396 107 8 10 0.023470389
39 342 21 32 0.023461556
923 69 67 78 0.023415077
359 284 11 13 0.02337314
504 407 24 34 0.023344802
753 156 80 101 0.023344751
630 492 14 22 0.023337042
39 102 86 104 0.023304796
508 341 25 30 0.023253504
358 347 10 11 0.023233877
432 262 38 43 0.023197921
516 419 10 12 0.023170728
424 271 13 16 0.023149889
504 103 8 11 0.023076579
947 480 9 11 0.023064202
709 282 42 51 0.023059316
0 136 55 117 0.022880178
693 283 48 72 0.0228762
849 57 119 150 0.022782078
690 1 82 89 0.022775127
9 58 80 105 0.022750331
669 0 56 53 0.0226956
748 204 59 80 0.022651209
871 36 152 194 0.0226443
991 0 33 33 0.022622572
426 275 17 22 0.022599079
32 330 33 48 0.02256488
391 275 8 9 0.022564862
19 34 62 88 0.022527425
611 375 54 87 0.02249562
883 2 78 102 0.022465516
14 137 94 112 0.02245204
458 273 9 12 0.02244421
382 274 10 13 0.022435777
949 472 15 17 0.022383539
816 452 42 49 0.022378162
457 112 8 10 0.022366568
991 646 33 38 0.022365205
101 233 31 52 0.022358134
205 0 70 48 0.02233817
398 99 9 10 0.022315148
25 0 206 265 0.022312053
948 618 76 66 0.022297237
724 3 78 88 0.022290023
369 251 21 26 0.022277579
151 129 31 38 0.022273082
423 266 11 13 0.022270607
866 443 24 22 0.022252185
694 216 48 77 0.022204064
804 252 45 55 0.022091234
366 287 9 10 0.022090122
633 485 10 14 0.022045294
122 311 41 50 0.02204096
955 51 11 13 0.022033157
237 322 23 26 0.02202718
594 222 67 81 0.021988148
667 277 34 53 0.021967396
395 267 8 10 0.021916235
59 75 77 94 0.021915166
498 85 8 12 0.02189208
768 0 58 41 0.021863993
59 305 8 10 0.021848226
497 411 21 28 0.021816555
755 192 46 57 0.021788178
494 75 8 10 0.021763356
677 286 79 101 0.0217612
220 335 30 36 0.021735568
575 411 78 108 0.021729173
799 219 61 84 0.02169842
515 57 8 10 0.021637334
936 435 19 26 0.021636922
790 92 84 108 0.021573013
915 100 80 99 0.021495085
496 20 40 56 0.021422861
255 410 18 25 0.02138497
525 62 8 10 0.02136247
951 462 17 21 0.021316372
430 98 6 10 0.021298734
396 290 15 10 0.021297304
927 47 41 58 0.021253578
508 435 12 10 0.021241786
411 263 7 10 0.021225605
643 473 36 44 0.02120511
134 163 68 110 0.0212022
44 231 79 83 0.021197697
393 112 9 12 0.021185206
49 35 35 64 0.02116985
505 344 15 17 0.021140218
412 264 10 12 0.02107343
388 98 9 11 0.021054853
392 258 6 12 0.021027027
847 572 94 112 0.021018699
95 267 28 51 0.02101209
924 439 31 42 0.021009814
636 459 33 44 0.020932814
0 104 47 84 0.020926379
501 365 32 46 0.020913905
946 457 14 16 0.020901073
957 450 14 18 0.020884298
632 30 25 34 0.020881463
422 259 8 10 0.020874806
55 324 11 12 0.020868232
842 67 78 89 0.02086744
475 609 6 11 0.020841718
68 274 43 48 0.020813985
951 454 14 18 0.020740746
688 71 54 58 0.020739293
934 464 18 19 0.020719193
121 209 42 82 0.020704594
511 77 9 12 0.020698776
226 307 22 32 0.020695662
919 417 33 43 0.0206902
511 404 11 9 0.020683335
638 489 13 19 0.020675806
438 261 19 21 0.02065923
490 360 63 106 0.020647256
832 454 19 20 0.02062414
246 369 20 19 0.020574765
978 10 46 98 0.020562299
757 79 10 14 0.020556705
938 247 9 11 0.020551432
636 293 77 109 0.020542879
956 93 68 105 0.020532625
384 80 30 43 0.020500565
156 444 60 72 0.020494906
430 258 10 10 0.020490887
443 267 11 13 0.020480627
627 75 57 69 0.02044304
53 21 45 65 0.020413974
404 288 12 12 0.020411734
817 255 15 20 0.020411657
637 471 22 29 0.020405494
854 452 42 48 0.020390438
846 16 45 71 0.020366875
963 0 61 52 0.020365266
512 73 9 12 0.020355055
844 542 7 9 0.020338876
859 524 165 160 0.020311685
1 310 62 97 0.02030786
54 305 10 12 0.020300817
809 276 22 30 0.02025637
800 51 51 71 0.020216536
852 0 47 32 0.020216418
653 208 118 119 0.020199846
122 119 29 31 0.020185163
872 444 12 11 0.020181218
673 354 43 58 0.020158889
34 294 29 35 0.02015558
52 0 114 97 0.020133559
459 146 26 31 0.020085914
405 256 8 10 0.020079514
865 444 15 15 0.020063912
389 94 18 22 0.02005116
0 0 22 31 0.020046739
394 276 8 10 0.020042
360 293 18 24 0.020032788
513 338 16 19 0.020022128
689 260 119 148 0.01999683
37 330 46 64 0.019996582
936 409 47 66 0.019992886
606 429 7 9 0.019969124
361 262 15 17 0.01996286
888 39 46 80 0.019914495
902 241 14 17 0.019907331
58 80 47 49 0.019877346
521 339 9 14 0.019876108
733 47 48 64 0.019867437
370 267 8 9 0.019847307
820 536 7 9 0.019838035
497 60 8 9 0.019837702
98 178 66 92 0.019835407
966 442 14 17 0.019804941
931 431 59 79 0.019787157
353 277 19 22 0.019784007
243 0 71 49 0.019774316
48 274 69 80 0.019762972
239 305 27 34 0.019762289
826 449 54 59 0.019738982
178 335 43 37 0.019729383
63 103 23 20 0.019725826
212 452 51 68 0.019707734
555 222 119 133 0.019696949
966 450 12 12 0.019657034
847 527 86 108 0.019634966
165 0 70 49 0.019598145
525 76 8 11 0.01959415
731 280 38 47 0.0195911
912 386 95 133 0.019548064
518 56 17 26 0.019523
0 0 108 148 0.019509882
51 0 54 39 0.019509658
838 560 8 10 0.019503627
496 72 8 10 0.019499999
93 225 123 163 0.01945625
517 402 10 9 0.019442843
640 353 71 106 0.01942937
742 295 22 27 0.019423138
398 271 19 24 0.019393647
252 0 133 86 0.019371515
630 526 10 13 0.019357337
233 372 13 17 0.019347683
864 228 8 11 0.019316612
557 293 44 49 0.019313114
926 353 61 90 0.01929813
109 132 43 64 0.019288672
949 159 9 10 0.019252466
397 232 21 26 0.01924059
0 36 53 88 0.019236181
484 387 48 74 0.019233724
135 193 108 163 0.01921978
455 274 9 16 0.019219315
83 119 79 99 0.019204574
691 647 10 12 0.019188205
905 243 10 10 0.019168831
932 246 13 17 0.019129204
702 653 5 9 0.019128215
946 577 5 9 0.019126574
874 228 6 10 0.019121725
928 576 9 11 0.019119931
708 0 54 49 0.01911278
496 73 12 17 0.019100858
510 407 13 16 0.019083407
430 266 8 11 0.019024653
661 397 77 99 0.019006165
524 58 13 16 0.018991929
183 270 104 125 0.01898341
109 239 34 54 0.018976193
10 0 54 41 0.018951336
647 457 49 67 0.018946456
398 112 9 12 0.018918825
868 455 9 9 0.018904278
361 308 9 9 0.018902678
351 270 19 22 0.018868467
726 214 64 81 0.018859968
414 261 9 10 0.0188556
601 0 245 184 0.018830871
26 0 65 49 0.018827796
942 239 82 166 0.018814296
236 371 15 13 0.018750833
604 486 23 27 0.018720098
920 467 36 45 0.018718489
427 250 18 22 0.018711342
440 271 20 24 0.018702267
97 257 19 29 0.018691061
107 266 12 29 0.01868735
437 95 10 12 0.018662825
838 461 69 86 0.018642558
816 560 96 111 0.018637974
377 251 19 24 0.018628048
497 92 8 12 0.018620776
793 272 26 30 0.018604262
366 22 65 84 0.018596023
767 272 50 62 0.018593574
669 242 28 51 0.01859024
732 9 50 61 0.018589884
385 278 9 12 0.018545315
0 590 70 94 0.018518982
395 262 14 18 0.018517965
509 414 17 21 0.018507674
396 292 12 13 0.01850751
500 79 14 20 0.018504813
951 45 29 47 0.018490849
502 341 12 16 0.018473895
194 359 50 62 0.018470472
381 263 7 9 0.018457245
877 99 147 224 0.01845524
515 65 8 10 0.018452855
179 365 42 51 0.01845112
45 303 61 78 0.018443972
381 276 15 18 0.018435428
951 65 27 36 0.018413793
3 285 100 141 0.018399084
250 290 6 9 0.01839439
0 213 61 107 0.01835232
425 264 8 10 0.018347349
634 27 15 20 0.018346334
367 268 10 12 0.018346036
678 508 13 17 0.018344358
629 471 14 22 0.018338477
705 49 52 62 0.018334966
828 560 7 10 0.018314904
336 0 127 89 0.01831488
517 441 12 15 0.018314246
236 281 36 53 0.018273886
860 230 8 11 0.018260121
859 232 23 31 0.018255126
584 4 118 125 0.01824581
832 445 31 27 0.01823759
1010 667 14 17 0.018229207
501 277 30 45 0.01822617
909 403 54 73 0.01822508
768 26 47 68 0.018203503
675 505 12 15 0.018191598
234 319 18 23 0.01818965
338 391 7 10 0.018166553
190 0 59 39 0.018159542
680 108 77 106 0.01815909
217 1 84 81 0.018155053
85 0 67 50 0.018115139
507 72 10 14 0.018109037
938 58 13 19 0.018047621
656 456 129 171 0.018042225
507 633 20 22 0.018029522
809 224 18 26 0.018022358
509 636 8 10 0.018005146
608 37 108 141 0.018004714
663 35 111 150 0.017967204
998 432 26 49 0.017946947
730 69 45 59 0.017943496
950 163 9 9 0.017938212
744 630 7 10 0.017936924
957 458 12 17 0.017934753
313 436 24 24 0.017930591
223 317 17 25 0.017923983
691 639 16 16 0.017919352
0 273 58 93 0.017916655
695 262 31 41 0.017901963
983 156 41 91 0.017900774
935 70 43 55 0.017884044
423 276 9 12 0.017870458
501 336 11 14 0.017870422
500 349 48 69 0.0178665
734 661 8 9 0.017858284
512 637 8 9 0.017852668
388 255 10 14 0.017839128
14 332 67 95 0.017837474
93 57 41 59 0.017836308
386 480 59 77 0.017828895
167 309 80 85 0.017808782
930 244 9 11 0.017766848
973 83 19 29 0.017762788
943 247 6 9 0.017732915
858 579 9 10 0.017730027
59 311 8 10 0.01772472
599 456 37 55 0.01770693
516 347 16 20 0.01770279
887 396 7 9 0.017690897
960 172 16 21 0.017682228
860 448 18 19 0.017667072
962 445 13 17 0.017660582
217 349 39 48 0.017657937
213 345 22 25 0.017648257
966 431 58 88 0.0176391
522 56 9 11 0.017629378
362 288 10 13 0.017625688
852 491 75 95 0.017616743
966 354 58 90 0.017613387
8 183 44 56 0.017610967
683 277 19 35 0.017603096
0 347 64 101 0.017601445
39 398 86 103 0.0175989
381 278 8 12 0.01758539
968 455 11 11 0.0175803
391 280 8 10 0.01757357
630 524 8 10 0.017556746
442 267 16 19 0.017551556
51 340 43 64 0.017536309
508 82 7 9 0.017511066
629 270 50 55 0.017507838
934 68 13 18 0.017497117
794 214 44 65 0.017488511
639 489 8 11 0.017484639
687 648 20 23 0.017477717
560 28 78 90 0.017466571
233 0 50 32 0.017460756
353 277 11 13 0.01744111
418 1 66 74 0.017437141
141 215 58 97 0.01743459
671 285 55 78 0.017414069
369 299 10 15 0.017393349
828 0 56 40 0.017389666
671 154 91 127 0.017384645
72 309 87 99 0.017379038
690 0 50 32 0.017374685
0 645 25 39 0.017373092
955 449 36 46 0.017369138
837 453 9 10 0.01735893
430 270 17 20 0.017348742
613 216 53 63 0.017343706
591 256 68 76 0.01733981
75 68 53 58 0.017327884
508 412 9 10 0.017327843
404 266 7 11 0.017318137
505 272 16 21 0.017303329
936 425 19 26 0.017270422
504 51 13 15 0.0172657
519 399 10 9 0.017262422
914 238 8 11 0.017253779
950 429 15 21 0.017247343
335 334 21 30 0.017217062
921 53 29 46 0.017215157
501 0 282 247 0.017192272
358 272 30 39 0.017166859
496 88 7 10 0.017160311
749 69 68 78 0.01713384
571 303 47 56 0.017122902
698 456 79 105 0.017121168
424 262 25 30 0.017120842
64 249 94 114 0.017116731
396 90 10 14 0.017110992
497 513 8 10 0.017092697
879 354 62 84 0.017090965
769 55 52 66 0.01709095
338 441 11 13 0.017078124
895 227 47 47 0.017077679
810 469 49 57 0.01707669
452 261 12 14 0.017064089
0 468 55 97 0.017054707
16 272 80 92 0.017040374
75 0 46 28 0.017024597
934 455 19 23 0.01701913
935 473 22 30 0.017015731
661 254 32 59 0.01700314
966 460 9 12 0.017002271
673 86 50 56 0.017000727
377 296 17 23 0.016998192
373 68 50 71 0.016990205
680 509 7 10 0.016985176
215 5 132 155 0.01697279
196 336 25 20 0.016969038
646 0 162 120 0.016966332
875 0 72 61 0.016961565
390 109 9 11 0.016959364
887 579 94 105 0.016946914
235 378 14 17 0.016942559
947 476 11 12 0.016937578
45 224 53 60 0.016936867
511 627 16 16 0.016933752
811 25 40 77 0.016920667
33 186 18 22 0.016912537
420 285 19 26 0.016906256
728 619 9 13 0.01689464
178 1 82 81 0.016866503
505 414 10 11 0.016858421
631 49 13 15 0.016842373
950 348 7 10 0.016840948
610 495 30 39 0.016815063
480 0 82 75 0.01679417
176 162 117 175 0.016786585
611 590 129 94 0.016775541
853 116 123 155 0.016771475
869 0 48 34 0.016768893
721 290 63 74 0.016765816
0 182 22 54 0.016758462
499 340 9 15 0.016735457
842 251 10 12 0.016725386
957 467 7 10 0.016717607
937 0 41 34 0.016717602
364 275 8 9 0.016715456
945 8 45 49 0.016713006
154 233 13 16 0.016709268
398 78 32 45 0.016705291
124 132 50 58 0.016704872
367 303 9 12 0.016683944
362 311 9 11 0.016676981
390 106 7 9 0.016674275
521 446 9 10 0.016669115
864 235 11 13 0.016659372
238 377 20 24 0.016652549
493 253 39 54 0.0166462
1021 0 3 13 0.016645255
239 452 15 18 0.016639119
402 256 7 10 0.01663599
235 10 89 103 0.016631374
386 328 8 10 0.016630687
204 301 29 40 0.016621718
788 272 17 28 0.016618384
541 0 69 73 0.016606437
120 50 22 34 0.016594399
894 196 122 168 0.016589548
466 461 63 89 0.016585145
512 345 8 10 0.01656753
766 176 48 58 0.016566245
766 653 7 12 0.01656539
313 629 94 55 0.016561983
394 102 14 17 0.016556779
4 422 72 107 0.016553396
965 54 30 45 0.016526096
404 250 22 25 0.01651881
92 268 21 28 0.016515736
1023 0 1 10 0.016514624
492 99 11 16 0.01650536
752 250 34 45 0.016504861
493 0 122 95 0.016494483
743 141 67 86 0.016493902
762 207 113 137 0.016486147
442 263 11 13 0.016480358
518 76 9 12 0.016480312
283 0 70 49 0.016477432
306 0 107 69 0.016476827
608 139 8 9 0.01645744
433 258 14 16 0.016454805
786 258 11 13 0.016454784
642 492 14 16 0.016452953
924 91 24 31 0.016444571
254 398 21 29 0.016441781
815 258 18 28 0.016437802
0 134 9 16 0.016428705
631 94 26 31 0.016423617
60 290 45 53 0.01641678
73 0 290 346 0.016404176
947 0 57 41 0.016404163
874 446 17 15 0.01640118
351 285 18 23 0.016400838
982 78 8 10 0.01639893
231 334 11 15 0.016383518
0 289 33 63 0.016378557
631 490 7 10 0.016377514
661 337 116 153 0.016374053
188 329 37 32 0.016364863
955 269 11 14 0.01634862
903 279 111 169 0.016346328
374 263 8 10 0.016339445
625 17 23 29 0.016329465
936 247 8 9 0.016316995
517 71 8 9 0.016312122
509 341 13 15 0.016304646
601 623 72 61 0.016302029
513 215 12 12 0.016293993
474 134 79 119 0.016293827
694 364 43 58 0.016287852
981 78 11 16 0.016279172
637 486 7 11 0.016277833
371 309 8 11 0.016275069
461 153 11 16 0.01627418
254 320 11 16 0.016250703
0 141 34 72 0.01624836
358 267 10 14 0.016246093
752 528 31 40 0.016234828
517 47 16 21 0.01623412
846 52 52 74 0.016228823
136 329 39 49 0.01622277
646 498 19 23 0.01622191
216 116 125 183 0.016220434
952 470 9 13 0.016207652
0 633 55 51 0.016190317
813 325 118 158 0.016186241
364 288 26 35 0.016183322
450 598 10 12 0.0161821
776 262 66 80 0.016180772
828 557 6 9 0.016173474
424 0 117 92 0.016157556
969 402 54 76 0.016155826
705 404 130 145 0.01615075
367 272 7 10 0.016125701
55 50 42 65 0.016120039
359 342 10 13 0.016118243
963 452 21 26 0.016115159
495 81 7 9 0.016109033
387 102 14 18 0.016108477
0 446 149 238 0.016104877
994 37 30 64 0.016098097
358 306 10 9 0.016095135
796 161 7 10 0.016091306
898 414 34 43 0.016089901
358 291 10 13 0.016087182
946 386 54 77 0.016086971
578 446 119 179 0.016081672
878 313 8 9 0.01607392
621 496 30 40 0.016065376
97 629 86 55 0.016063694
894 538 7 9 0.016062036
970 458 10 12 0.016052563
963 268 10 11 0.016039064
357 315 17 25 0.016035164
724 620 10 13 0.016032662
425 235 18 24 0.016030738
111 256 8 12 0.016030664
970 441 17 20 0.01602717
943 468 11 12 0.0160217
508 404 9 9 0.016020017
751 616 7 9 0.016011938
96 275 20 31 0.015991518
782 181 67 97 0.015990105
978 433 33 45 0.015989715
72 308 44 56 0.015987093
518 641 7 12 0.015981797
1022 0 2 11 0.015981179
512 66 9 12 0.015967336
997 451 27 49 0.01595184
838 254 20 24 0.015951836
94 308 47 57 0.015948733
809 424 60 69 0.015939068
131 171 40 65 0.015938547
699 528 68 88 0.01593717
875 626 83 58 0.015936492
860 347 7 10 0.01593267
940 399 34 50 0.015927281
408 274 10 10 0.01592522
876 451 24 26 0.015919315
623 525 8 9 0.015918188
412 278 9 12 0.015912427
883 221 70 97 0.015910452
962 580 13 13 0.015906138
362 268 11 15 0.015885994
938 471 16 14 0.015874371
56 58 8 11 0.015848966
238 387 27 41 0.015848486
775 156 22 27 0.015843658
433 90 10 14 0.015837818
369 288 10 11 0.015827142
531 60 8 11 0.015826827
708 357 85 106 0.015826488
912 0 86 56 0.015818682
792 0 47 32 0.01581802
915 397 37 48 0.015808893
975 562 49 109 0.015808785
711 626 9 12 0.015808625
328 607 132 77 0.015807932
517 23 72 94 0.015805967
423 252 9 13 0.015800048
885 405 24 30 0.015798753
520 434 9 9 0.01579379
163 184 76 107 0.01578199
654 233 29 44 0.015770158
128 316 75 82 0.015765486
155 512 85 100 0.01576256
624 517 9 10 0.015749332
162 163 33 66 0.015746176
944 330 65 97 0.01574221
977 415 33 45 0.015738301
51 604 6 9 0.015734391
235 384 20 29 0.015728839
59 512 83 101 0.015727554
722 274 36 42 0.0157227
721 77 67 80 0.015712699
935 114 89 161 0.015701575
729 268 121 154 0.01570145
405 16 65 84 0.015697667
797 472 76 96 0.015696026
189 349 27 29 0.015680848
525 96 7 9 0.015679294
211 356 56 74 0.01567026
260 509 83 103 0.015668174
496 396 27 40 0.015663454
196 10 86 98 0.015660819
39 306 39 56 0.015660612
946 478 15 19 0.015658272
357 311 14 17 0.015657568
92 82 48 61 0.015645752
440 108 19 24 0.015638236
212 343 13 9 0.015627
665 311 62 82 0.0156227
439 98 9 11 0.015621964
151 463 37 44 0.015616241
521 68 13 16 0.015612732
348 264 31 40 0.015608488
503 104 5 10 0.015607645
909 364 50 70 0.015599033
425 259 57 70 0.015592875
633 451 27 39 0.015591198
513 494 7 9 0.01557747
390 114 10 12 0.015565667
116 322 51 62 0.015563558
349 27 57 74 0.015537096
728 625 9 13 0.015533149
878 455 16 15 0.015532451
225 442 29 33 0.01553072
913 627 83 57 0.015530696
247 449 69 88 0.015521286
434 88 14 19 0.015511341
864 176 102 132 0.015477843
828 233 10 16 0.015476148
562 0 68 53 0.015472966
239 628 87 56 0.015470821
603 499 26 31 0.015469966
728 0 56 37 0.015437828
235 310 17 23 0.015432642
709 622 9 13 0.015417538
837 253 8 10 0.015414851
152 0 57 40 0.015410902
0 213 202 394 0.015405794
987 380 37 82 0.015383002
350 253 51 62 0.015369593
857 373 110 148 0.015362703
389 83 18 22 0.015362197
96 283 43 57 0.0153617915
888 405 32 44 0.015344254
823 255 10 15 0.015334516
99 0 126 82 0.01532696
107 238 21 33 0.015322463
513 349 8 10 0.015315363
509 347 15 18 0.015309418
860 342 63 82 0.015300849
113 282 59 73 0.015297371
709 629 8 11 0.015294794
402 272 9 11 0.015294449
855 285 112 166 0.015292828
128 0 66 48 0.0152719105
515 413 11 13 0.015254123
207 332 21 23 0.015248991
506 54 7 11 0.015248083
227 441 60 75 0.015244785
850 447 37 36 0.015243715
187 337 22 23 0.015242029
397 470 81 101 0.015241434
457 264 9 11 0.015239642
498 66 8 11 0.015237228
86 13 55 70 0.015235334
313 508 85 103 0.015234179
691 293 8 10 0.015230019
711 620 9 13 0.015224909
803 0 16 11 0.015223874
704 633 7 10 0.015216909
201 628 83 56 0.01521188
915 0 18 11 0.015209283
238 365 21 25 0.015202108
622 527 10 13 0.015193172
652 537 30 41 0.015189186
494 0 35 27 0.015186916
616 252 51 60 0.015182345
556 415 116 160 0.015166623
660 563 16 19 0.015164534
380 61 35 50 0.015162755
560 650 15 23 0.015161075
525 90 9 11 0.015150006
517 209 19 24 0.015144803
389 44 55 78 0.015144088
961 68 21 29 0.015131435
54 309 9 13 0.015131026
364 0 73 62 0.015128342
486 269 36 47 0.01512807
729 122 14 17 0.015124136
368 290 9 13 0.0151237305
754 294 80 103 0.01511177
985 243 11 21 0.015109202
840 455 10 9 0.015107194
972 266 52 103 0.015103553
248 607 147 77 0.015099688
486 576 61 91 0.015088478
946 160 13 14 0.01508788
111 102 36 47 0.015076244
963 62 12 14 0.015064025
716 626 9 12 0.015043251
996 370 28 58 0.015040134
0 131 16 31 0.015038863
505 634 13 14 0.015037343
977 428 14 17 0.015037161
962 451 14 17 0.015036594
649 499 12 15 0.015031184
631 482 10 14 0.0150248585
511 334 7 9 0.015024208
138 631 82 53 0.015023224
701 621 9 13 0.015017308
633 522 10 12 0.0150157185
127 267 74 95 0.015009749
207 227 63 96 0.015005945
415 270 8 10 0.015002493
433 266 10 12 0.015001627
61 308 8 9 0.014989385
634 527 10 12 0.014983117
702 364 28 38 0.014971108
97 0 45 29 0.014967261
499 346 25 31 0.014963668
548 277 112 149 0.014953054
455 147 12 13 0.014950832
458 156 11 15 0.014942908
972 437 10 13 0.014941391
38 157 41 50 0.014938736
403 268 28 36 0.014938625
861 556 7 9 0.014930942
935 369 40 60 0.014929482
706 626 9 12 0.0149255935
713 622 9 14 0.014924077
993 97 31 68 0.014921646
380 141 8 14 0.014914812
409 252 13 16 0.014907871
961 537 7 10 0.014906809
693 426 62 73 0.014906765
387 103 8 11 0.014903913
714 629 8 11 0.014899922
69 329 45 57 0.014893989
117 258 32 48 0.014887294
677 424 47 65 0.014886112
493 59 8 11 0.0148805445
129 607 147 77 0.014878468
510 464 13 17 0.014877558
543 331 14 15 0.014874575
524 0 67 52 0.014872436
876 0 18 12 0.014871997
113 253 7 13 0.014870161
594 30 50 59 0.014868538
941 61 10 11 0.014865604
517 50 10 14 0.0148646915
238 352 37 49 0.014863376
508 66 16 23 0.014861703
658 441 83 99 0.014852589
568 630 13 11 0.014852297
220 65 83 111 0.014851501
368 258 12 16 0.01484488
0 387 9 16 0.014841391
384 262 8 10 0.014839019
437 105 8 10 0.014835964
273 0 49 32 0.014827315
853 576 14 13 0.014827165
394 92 19 20 0.014820304
624 523 16 18 0.014816534
405 275 9 10 0.014811224
905 0 18 12 0.014808544
496 548 10 20 0.014801806
183 301 40 46 0.014792322
206 345 20 20 0.014792071
819 234 69 91 0.014790837
501 274 13 20 0.014785574
614 492 12 17 0.01478301
955 448 11 13 0.014774714
506 89 8 10 0.014770842
89 5 118 147 0.014769852
981 434 10 13 0.014768243
655 9 52 63 0.014764447
955 461 8 14 0.014760332
988 72 21 28 0.014757094
58 318 24 37 0.014754715
395 117 10 11 0.014753418
449 275 13 16 0.014743166
495 283 41 61 0.014734343
724 615 9 13 0.014730265
977 452 36 46 0.014724596
260 375 8 12 0.014716187
398 273 8 10 0.014714477
878 464 21 30 0.014708939
631 501 11 15 0.014701734
753 304 46 56 0.014701533
774 251 42 48 0.014700988
447 270 8 11 0.01469682
689 186 55 83 0.01468686
37 350 72 94 0.014686638
388 112 9 12 0.014682836
816 416 45 52 0.014680152
983 432 10 13 0.014678156
418 408 120 173 0.014674969
353 272 11 13 0.014664523
124 126 40 40 0.014660104
166 343 73 83 0.014659594
343 276 10 12 0.014656892
843 427 61 70 0.01465218
166 144 33 62 0.014650178
778 283 123 160 0.0146467835
869 85 57 51 0.014631886
638 165 73 116 0.014614872
219 325 20 25 0.014609904
0 416 41 72 0.014607354
744 286 43 49 0.014605316
112 212 38 56 0.014602949
965 426 16 20 0.014591094
840 232 7 11 0.0145901395
822 450 23 21 0.014586082
942 431 17 23 0.014585717
500 422 14 14 0.014585086
625 658 12 14 0.014574106
416 626 82 58 0.01457043
421 247 17 22 0.014558334
669 190 55 84 0.014556878
724 625 10 13 0.014555905
61 629 83 55 0.014554686
346 201 60 78 0.014551825
457 266 13 16 0.014547562
224 348 13 14 0.014544672
951 471 22 26 0.014540063
230 331 19 23 0.01453347
319 17 75 94 0.014529713
502 92 7 10 0.014528305
465 32 8 13 0.014524333
36 584 88 100 0.0145170195
696 480 20 22 0.014515307
621 463 20 30 0.0145123955
804 364 72 95 0.014508751
429 103 11 14 0.014502415
957 465 11 14 0.014501005
867 226 7 10 0.0145001225
901 235 11 11 0.014498001
928 0 36 24 0.014486056
687 648 10 10 0.014485757
214 335 20 22 0.014482763
395 296 11 14 0.014458699
589 227 37 62 0.014453208
955 89 37 48 0.0144484695
486 550 110 134 0.014447709
98 127 36 42 0.014446332
682 510 14 15 0.014445688
383 238 117 140 0.014444116
0 364 9 19 0.014423141
0 83 23 45 0.014422143
689 502 72 84 0.0144110415
818 192 70 94 0.014408169
788 1 215 268 0.0144022275
399 274 10 11 0.0144001255
480 322 57 84 0.014391389
736 619 8 11 0.014391055
380 259 32 39 0.0143903075
135 203 35 64 0.014387932
950 478 10 13 0.014387114
892 390 44 60 0.014385308
815 229 10 19 0.014384045
970 579 9 10 0.01438286
394 284 16 17 0.014381288
839 253 11 15 0.014378627
388 99 21 29 0.01437861
638 33 14 16 0.014373945
690 0 213 264 0.014372317
871 509 76 97 0.014371808
728 657 10 12 0.01436806
19 461 77 107 0.014358959
507 631 12 10 0.014357181
518 636 11 14 0.014355591
405 270 8 11 0.014352299
339 389 74 96 0.014350854
491 129 53 66 0.014350217
955 402 34 49 0.014330722
386 323 10 13 0.014330126
950 443 12 16 0.014325839
493 94 9 14 0.014325073
649 488 22 28 0.014321874
863 459 18 22 0.0143196415
721 623 10 13 0.014314765
37 186 32 35 0.014314181
792 161 11 15 0.014309598
654 198 44 69 0.014306609
909 11 47 67 0.014297807
142 187 36 68 0.014294942
957 0 36 24 0.01429482
51 138 41 49 0.0142938
0 34 64 169 0.01429253
40 79 49 61 0.014289882
469 392 67 118 0.014287258
500 50 35 47 0.014286014
631 491 31 39 0.0142854275
397 131 9 12 0.014281944
931 113 26 29 0.014280723
790 286 8 11 0.014275205
489 225 48 70 0.014271897
461 268 8 11 0.014265277
445 111 20 27 0.014264889
42 433 80 109 0.014260877
561 44 28 35 0.014254432
515 274 11 16 0.014249233
790 259 81 101 0.0142400665
653 506 10 13 0.014239756
56 336 68 86 0.014236662
0 398 8 16 0.014234191
909 242 11 11 0.014230257
641 492 8 10 0.014227802
54 100 50 61 0.0142261395
37 0 43 31 0.014223292
969 463 55 98 0.014218883
21 624 80 60 0.014217137
623 520 9 11 0.014213296
73 589 90 95 0.014212916
506 79 11 16 0.0142114945
807 604 10 14 0.01420091
809 404 215 280 0.014199396
658 292 39 48 0.014197934
994 139 30 65 0.014195856
610 450 32 48 0.01418985
119 189 38 60 0.014185762
51 415 18 23 0.014182623
350 62 56 81 0.01418091
425 330 8 11 0.014180725
938 180 18 20 0.014177725
943 60 24 34 0.01417007
399 267 8 11 0.014168316
593 0 87 60 0.01416806
656 343 49 58 0.014149691
74 409 80 99 0.014149197
945 483 10 12 0.014143153
957 183 67 113 0.014142867
415 306 18 26 0.014141775
835 255 8 10 0.014138952
713 615 10 13 0.014137452
970 62 9 10 0.014130153
111 244 56 81 0.014126054
458 150 10 14 0.014125246
838 624 82 60 0.014124496
924 132 38 33 0.014123216
949 484 9 11 0.014119043
395 280 9 10 0.0141162705
706 620 9 13 0.014107822
818 485 83 101 0.014107204
0 342 17 32 0.014106077
657 499 39 45 0.01410603
346 290 32 44 0.01410441
350 0 57 39 0.014103495
370 292 10 13 0.014101602
374 295 14 17 0.0141002145
769 153 48 60 0.0140974345
0 377 8 18 0.014093635
359 243 36 45 0.014087494
730 622 9 14 0.014085314
829 454 26 33 0.014085105
424 274 7 10 0.014080435
434 258 9 10 0.0140602505
461 148 9 11 0.0140591115
447 593 15 20 0.014056567
61 245 43 47 0.014056417
821 229 11 19 0.014056146
506 101 9 11 0.014052367
759 629 8 11 0.014052173
656 510 11 14 0.014049235
507 417 11 14 0.014039411
476 573 7 9 0.014030261
78 356 79 88 0.014028079
931 0 17 11 0.014019649
630 426 30 40 0.014018734
420 290 12 17 0.014005802
512 272 12 15 0.013998489
896 0 18 12 0.013997606
953 270 8 13 0.013994038
839 237 6 11 0.013992772
973 460 11 13 0.01398476
400 110 9 11 0.013977699
833 237 9 12 0.013971184
982 65 21 31 0.0139698805
504 61 14 17 0.013969085
711 514 48 54 0.013967708
50 581 8 10 0.013967511
406 245 11 16 0.01396035
112 0 54 38 0.013954005
473 241 58 82 0.013953327
339 289 17 24 0.01395219
615 227 17 22 0.013948682
372 295 10 14 0.0139483595
598 645 49 39 0.013945146
311 396 65 81 0.013945138
525 356 9 10 0.01394313
503 343 7 9 0.013939038
358 56 41 54 0.013938474
423 98 10 13 0.013935237
608 510 12 17 0.0139282
861 226 9 11 0.013925296
716 620 9 13 0.01392215
379 216 36 46 0.013921189
55 57 16 22 0.013919197
374 308 8 11 0.013914665
546 55 24 30 0.0139134405
618 44 29 33 0.013905771
221 389 37 49 0.01390043
202 46 79 108 0.013899537
885 0 18 12 0.013899022
655 363 48 66 0.013887322
911 138 86 109 0.01388366
219 206 114 164 0.013883535
514 468 10 17 0.013882579
405 266 16 19 0.01388184
739 105 40 45 0.013874955
160 155 71 95 0.013874864
719 402 83 100 0.013868107
113 29 44 62 0.01386694
516 95 8 10 0.013866889
105 257 11 14 0.013865618
637 275 10 14 0.013855561
400 103 8 10 0.013847863
115 587 87 97 0.013845542
0 265 34 60 0.013841363
61 153 85 87 0.013836021
0 143 18 41 0.01383421
703 333 68 86 0.013833066
519 269 83 104 0.013831847
591 289 47 52 0.0138316285
242 423 13 18 0.01383042
254 44 126 165 0.013827746
956 331 8 10 0.013827637
901 26 38 72 0.01382522
914 262 82 113 0.01382349
258 315 10 18 0.013821759
394 258 6 9 0.013820408
862 447 12 12 0.013820222
454 445 116 170 0.013819492
923 308 70 103 0.013818893
928 469 21 22 0.013815239
870 81 78 85 0.013814821
730 616 10 13 0.013814808
413 224 29 36 0.0138113685
625 469 106 146 0.013806152
760 300 23 35 0.0138001805
905 647 59 37 0.013800083
869 462 23 27 0.013783769
338 439 19 21 0.013782588
494 90 7 9 0.013776315
523 78 9 11 0.013774507
928 72 33 45 0.013774451
38 188 71 76 0.013769862
721 613 9 12 0.013766474
756 518 26 36 0.013765425
846 0 19 13 0.0137621
709 615 9 13 0.013761749
1014 0 10 18 0.013761073
400 270 9 11 0.013759987
985 429 8 9 0.01375955
716 612 9 13 0.013757647
962 306 62 107 0.013749674
428 103 7 10 0.0137482025
398 58 35 50 0.013747742
540 407 78 105 0.013741211
861 237 10 11 0.013740088
382 253 11 14 0.013737533
380 157 10 11 0.013734337
800 83 46 50 0.013731057
63 0 33 24 0.013729681
812 270 14 22 0.013727577
728 613 9 13 0.013725785
75 323 17 18 0.013721906
302 13 118 149 0.013718541
693 321 45 60 0.013709669
299 411 42 51 0.013707281
228 339 56 75 0.0136987725
592 297 6 11 0.013696299
544 321 19 23 0.013694719
886 537 6 9 0.01369211
519 202 13 15 0.013691397
577 44 39 54 0.013680252
925 456 54 72 0.013676693
577 132 76 93 0.013675852
634 515 9 12 0.013672431
613 83 112 168 0.0136715975
125 224 32 47 0.013669672
711 560 49 64 0.013659843
89 646 61 38 0.013658175
649 556 129 128 0.013655897
798 606 84 78 0.013652734
732 658 9 10 0.01364997
115 245 22 33 0.013646622
498 58 13 17 0.013643512
511 279 22 32 0.013640234
392 254 10 14 0.013629777
60 306 12 14 0.013621845
652 502 23 23 0.013608916
866 489 51 64 0.013598167
111 257 20 33 0.013595087
63 14 46 51 0.013593939
339 390 8 9 0.013593509
922 0 14 9 0.013593138
17 64 46 62 0.013589702
0 91 33 60 0.013586898
960 461 17 20 0.013579182
899 427 22 29 0.013571898
939 575 8 10 0.013570892
165 225 67 96 0.013566941
689 591 131 93 0.013565566
417 294 19 30 0.013557706
689 510 8 10 0.01355522
413 257 8 11 0.01355002
752 0 52 55 0.01355001
377 236 20 26 0.013542381
400 287 13 10 0.013540214
869 646 58 38 0.01353674
0 23 31 75 0.013532452
634 201 47 60 0.013521865
867 28 57 76 0.013521626
905 72 40 57 0.01351974
858 444 61 76 0.013514538
69 317 21 30 0.013496696
744 613 8 11 0.013493245
136 293 39 49 0.013490768
506 398 11 12 0.0134884585
967 0 17 11 0.013488028
835 478 41 56 0.013486155
902 91 68 79 0.01348423
780 178 12 12 0.013481663
301 437 24 22 0.0134780845
447 0 65 76 0.013468367
848 463 36 48 0.013465736
726 630 9 11 0.0134630995
0 217 22 67 0.013462573
512 397 9 11 0.013459878
576 517 125 167 0.013456626
901 244 19 24 0.013455682
380 241 34 43 0.013453895
968 65 12 16 0.013452748
401 259 27 32 0.013445436
119 511 87 102 0.013444573
521 43 11 14 0.013444213
611 458 56 79 0.013441633
572 0 18 13 0.013432246
189 90 71 95 0.013429366
625 344 61 84 0.013427516
350 264 15 21 0.013424012
357 296 9 13 0.0134073505
140 225 37 68 0.013406499
993 196 31 75 0.013396903
867 421 33 41 0.013391868
239 96 85 117 0.013389433
941 542 45 53 0.013389298
730 292 28 27 0.013388876
678 511 7 10 0.013386785
337 490 81 104 0.013382608
98 164 56 69 0.013382308
827 255 8 13 0.013380366
184 436 23 26 0.013377405
755 628 8 11 0.013375822
570 355 98 137 0.013370675
722 629 8 11 0.013369092
130 62 12 17 0.013369001
840 132 184 341 0.013361588
963 459 9 11 0.013353429
516 77 7 9 0.013343552
749 26 34 58 0.013342957
986 540 38 90 0.013337636
716 143 52 74 0.013337503
499 498 11 10 0.013337429
753 293 8 10 0.013334738
548 0 17 12 0.01333463
753 617 8 11 0.0133332005
713 411 13 15 0.013328067
29 172 25 32 0.013323806
348 295 19 25 0.013319274
389 233 21 26 0.01331643
433 102 14 17 0.013315641
449 277 17 25 0.0133078545
51 376 81 87 0.0133066345
705 225 13 18 0.013306474
804 276 17 21 0.013290343
0 356 9 18 0.013281056
987 313 7 9 0.01328029
576 407 54 74 0.013272887
398 0 37 24 0.013272617
828 646 56 38 0.013267906
906 247 13 12 0.013267272
379 294 9 11 0.013258706
245 329 23 30 0.013256547
941 452 16 20 0.013255289
598 480 20 28 0.013253515
625 517 24 31 0.013252388
966 93 8 9 0.013251632
511 305 79 113 0.0132506
107 252 11 15 0.013246895
937 16 41 56 0.013245559
743 625 9 12 0.013244083
955 473 11 14 0.013234806
669 620 94 64 0.013234269
924 395 8 12 0.013234169
192 511 83 100 0.013229502
496 99 7 12 0.013228045
381 0 118 126 0.013225867
4 375 79 111 0.013221525
968 459 8 10 0.013218783
945 463 10 10 0.013217754
710 89 48 55 0.013217634
796 527 88 109 0.013214911
435 261 10 10 0.013210892
832 448 14 13 0.0132075995
696 519 11 14 0.013206723
508 347 10 10 0.013205023
479 615 76 69 0.013204287
938 460 14 14 0.013202398
7 122 37 46 0.0132020125
56 0 28 20 0.013201913
883 535 7 10 0.013200281
803 158 68 94 0.013198285
982 82 8 10 0.01319803
504 85 12 16 0.013195678
345 290 16 20 0.013194551
293 0 49 32 0.013193796
611 471 20 32 0.013192653
718 617 10 13 0.013192574
386 332 7 9 0.013189512
731 659 13 17 0.013186585
396 33 43 58 0.01318543
311 432 68 85 0.013184705
282 435 71 87 0.013178008
778 567 83 105 0.013172745
974 576 8 10 0.013167022
473 579 10 11 0.01316628
778 274 31 41 0.013165943
591 51 29 38 0.013161025
345 273 15 19 0.013158906
496 44 9 12 0.01315721
52 597 7 11 0.013156628
244 186 48 62 0.013154003
956 249 9 16 0.013148593
221 140 81 113 0.013147006
430 331 113 162 0.013146786
374 281 16 20 0.013144956
703 618 10 13 0.013143292
657 559 15 18 0.013142906
650 0 56 38 0.013130804
381 292 8 10 0.01313065
357 215 41 51 0.013130263
718 610 10 13 0.013129006
252 399 14 23 0.01312828
613 282 52 58 0.013124778
961 27 43 63 0.013123944
493 47 7 10 0.013120082
585 76 38 51 0.013118144
947 649 55 35 0.013110141
1006 62 18 53 0.01310992
908 0 54 40 0.013107973
591 251 36 55 0.013102816
357 277 8 9 0.013101746
55 644 54 40 0.013101104
685 376 75 102 0.013099737
877 479 66 86 0.013093842
507 0 50 35 0.0130921425
986 522 11 15 0.0130889965
624 93 22 33 0.01308687
539 9 37 48 0.013086075
305 114 113 162 0.013080917
247 456 8 12 0.013078238
189 261 60 82 0.013078048
500 92 7 13 0.013075336
84 273 25 29 0.013073424
494 84 6 10 0.013069355
682 511 8 11 0.013068853
390 211 35 45 0.013067032
818 241 120 162 0.0130658485
440 94 8 10 0.013060114
702 291 33 40 0.013059471
313 556 88 113 0.013058733
826 275 68 86 0.013057448
215 590 90 94 0.013054936
737 518 41 47 0.013053378
514 418 20 30 0.013050748
291 379 63 76 0.013050196
543 137 71 92 0.013049913
259 415 67 88 0.013049122
425 91 8 11 0.013047427
382 416 7 10 0.013036323
578 438 49 69 0.013034403
258 470 80 107 0.013029216
436 585 44 61 0.013028114
419 318 11 13 0.013025519
970 20 7 10 0.013022238
589 146 111 158 0.013022068
373 283 7 9 0.013021104
666 535 70 88 0.013020589
255 76 48 62 0.013020123
310 0 58 39 0.013017171
2 656 43 28 0.01301717
412 0 54 50 0.013015802
566 316 24 28 0.013001653
971 455 16 20 0.01300092
665 239 18 26 0.013000543
881 260 74 102 0.013000524
934 256 15 22 0.012999808
713 188 44 64 0.012990558
200 389 41 52 0.012990411
503 346 8 13 0.012987833
400 117 9 12 0.012985231
416 269 14 17 0.012972541
0 358 17 31 0.012971639
686 625 21 23 0.012970021
445 258 8 9 0.012969943
718 518 22 27 0.012967712
509 318 41 53 0.012967472
453 651 11 11 0.012967454
644 439 39 52 0.012965309
368 233 22 28 0.012964346
374 0 48 32 0.012962822
360 0 37 25 0.0129610505
949 168 10 11 0.012959946
523 350 12 16 0.012958493
230 237 54 78 0.01295776
22 230 52 59 0.012955436
563 0 18 13 0.012949738
537 593 123 91 0.0129484525
709 411 62 77 0.012943999
687 222 39 53 0.0129421735
572 668 27 16 0.012937517
599 217 41 56 0.012935876
36 421 13 16 0.012930985
966 456 8 9 0.012917379
935 577 8 11 0.012915655
777 358 126 158 0.012914485
513 40 18 23 0.012914041
913 549 84 110 0.012913957
885 417 24 31 0.012912309
502 416 12 14 0.012909999
892 0 15 9 0.012909993
932 469 7 10 0.012909176
322 168 69 93 0.012900372
487 176 57 88 0.012899885
816 257 11 14 0.012898507
923 98 29 38 0.012873142
201 179 78 109 0.012870507
738 615 9 12 0.012869939
146 170 28 44 0.012867966
506 617 88 67 0.01286603
782 649 7 9 0.012863429
953 53 20 26 0.012859336
626 15 33 43 0.012857869
372 289 9 12 0.012857504
648 487 14 18 0.012850793
778 0 36 22 0.012850593
458 136 44 54 0.012844918
657 0 36 25 0.01284464
431 587 93 97 0.012843921
351 150 43 54 0.0128427185
1003 276 12 18 0.012842275
410 286 10 10 0.012830684
708 315 57 71 0.0128197335
705 158 149 171 0.012813155
856 0 18 12 0.012807877
129 646 60 38 0.012807685
714 584 46 63 0.0128034875
817 393 69 83 0.012793115
864 577 43 57 0.012789279
356 284 10 11 0.012788332
26 523 82 111 0.012786295
989 44 25 35 0.01278197
626 530 8 10 0.012781531
396 590 90 94 0.012781477
204 462 41 53 0.012776741
845 538 7 10 0.012771649
388 249 18 23 0.012770337
392 283 10 11 0.012764196
506 84 8 11 0.01276322
50 625 8 10 0.012762783
963 58 20 29 0.012762245
719 250 42 52 0.012762025
819 575 8 10 0.012760913
811 405 121 155 0.01276056
750 133 48 57 0.012759367
80 294 21 20 0.012753337
710 518 11 15 0.01275057
719 292 43 50 0.012748334
704 626 8 11 0.012745092
325 360 65 84 0.012742909
711 366 48 60 0.01273905
385 281 12 15 0.0127386
410 29 7 10 0.0127379
548 24 59 74 0.012736604
779 501 77 108 0.012734168
570 595 10 14 0.012733282
672 507 44 47 0.012732894
520 252 14 18 0.012729178
511 429 15 17 0.012728686
826 0 18 12 0.01272655
439 468 82 113 0.012724995
409 278 9 9 0.012720367
133 114 20 23 0.012719206
257 451 46 56 0.012718122
723 610 10 13 0.012717306
171 648 56 36 0.012716616
592 0 18 13 0.01271601
696 642 14 15 0.012711552
792 0 16 11 0.01270397
445 257 17 19 0.012699828
248 418 20 24 0.012695411
523 437 9 12 0.012694756
646 502 11 12 0.012693111
520 92 10 10 0.012690344
340 148 63 84 0.012688605
245 109 48 62 0.012684298
696 621 10 13 0.012682024
593 484 36 42 0.012679462
712 631 8 10 0.01267778
800 9 45 62 0.01267637
790 280 12 18 0.012675935
825 44 35 66 0.012670736
295 529 86 111 0.012669926
968 498 56 109 0.012669549
205 341 17 14 0.012665575
0 404 6 14 0.012652835
780 136 70 91 0.012651704
393 288 12 10 0.01265013
234 166 48 63 0.012640849
605 92 71 85 0.012638135
359 245 73 90 0.012638059
2 402 39 52 0.012637012
434 401 12 13 0.0126356855
0 504 55 109 0.012635186
559 196 84 100 0.012633726
835 0 19 12 0.012630886
757 0 17 13 0.012629885
46 145 63 69 0.012628292
453 151 14 20 0.012628265
727 617 7 10 0.012627505
408 296 19 24 0.012624523
788 282 8 10 0.012618922
734 609 9 12 0.012617147
340 0 37 25 0.012615096
886 458 12 13 0.012614364
163 320 44 42 0.0126113035
639 91 70 87 0.0126042375
705 277 13 12 0.012598211
510 85 7 10 0.012598072
419 287 9 9 0.012597757
0 8 25 60 0.0125944335
647 552 69 93 0.012588621
733 167 47 61 0.012575974
990 557 7 9 0.012573253
502 18 29 38 0.012570594
430 276 33 42 0.012567895
199 305 21 28 0.012557868
958 50 12 13 0.012556795
622 131 71 91 0.012554276
896 234 29 30 0.012543039
327 296 19 25 0.012542881
397 278 10 11 0.012542713
425 271 9 11 0.012541812
361 370 75 98 0.012539661
768 611 11 14 0.012537177
308 337 29 36 0.012535232
640 35 7 10 0.012532432
1004 79 20 60 0.012530653
237 440 19 25 0.012527948
389 90 10 14 0.012526585
988 536 7 10 0.0125231575
964 558 7 9 0.012519858
457 142 12 15 0.01251747
504 106 10 12 0.012508823
711 610 9 13 0.012507878
413 285 9 10 0.012507145
963 68 14 18 0.012504791
746 615 9 11 0.012504489
872 455 9 9 0.012502962
298 385 19 25 0.012502069
60 459 79 111 0.012501682
699 624 9 13 0.012499157
738 622 9 13 0.012490531
950 578 10 15 0.012489997
499 486 24 23 0.012486564
448 147 13 20 0.012483388
954 369 41 60 0.012481866
932 95 38 45 0.012476714
106 276 14 30 0.012475805
689 640 22 24 0.012475527
857 227 8 11 0.012473459
734 592 24 30 0.01247208
679 288 29 44 0.012470944
272 402 37 40 0.012469644
525 57 8 10 0.012461836
645 506 14 16 0.012460741
255 166 48 62 0.012459644
946 577 10 14 0.012458857
442 256 73 88 0.012457204
755 634 8 11 0.01245694
283 637 81 47 0.012455558
772 0 17 12 0.012446366
99 278 14 18 0.012445413
843 0 15 10 0.012443716
969 461 9 13 0.01243443
622 556 70 96 0.012432266
906 235 11 11 0.012430716
739 333 70 90 0.012428519
541 32 43 59 0.012427859
383 96 12 15 0.012426778
374 161 10 10 0.012423755
946 159 7 10 0.012420633
230 375 13 19 0.0124191865
976 83 10 12 0.01241859
866 436 17 21 0.012417219
797 457 46 56 0.012416786
117 235 23 32 0.012415387
258 159 81 113 0.012414421
733 622 10 13 0.012412827
250 311 16 21 0.012411833
563 657 11 13 0.012411344
824 129 105 131 0.012410595
768 284 31 42 0.012402864
337 445 7 10 0.01240055
418 273 10 11 0.012400189
390 0 58 41 0.012396824
786 261 17 28 0.012396262
408 129 8 10 0.012390136
394 272 15 18 0.012388373
609 495 15 19 0.012387093
715 550 69 90 0.0123866955
48 350 22 41 0.0123817995
432 0 47 34 0.0123800095
340 458 14 15 0.012379887
956 439 10 15 0.012375819
626 504 20 27 0.012370447
402 246 11 15 0.012367329
193 333 88 106 0.0123665165
758 0 35 21 0.012366357
583 0 18 13 0.012364867
1006 484 8 10 0.012361543
129 120 10 13 0.012360754
929 577 12 14 0.01236057
374 282 10 13 0.012360272
563 309 67 85 0.012360053
147 120 28 33 0.012356132
494 62 8 10 0.0123540545
722 628 69 56 0.01235385
161 80 6 10 0.01235088
485 471 40 60 0.012349925
378 475 48 60 0.012348731
500 208 34 46 0.012343571
688 551 63 81 0.012343258
0 341 33 76 0.0123429205
887 419 58 73 0.012342696
383 142 10 14 0.012333792
395 301 10 12 0.0123326415
963 462 21 28 0.012330811
973 455 11 12 0.012330167
710 598 58 78 0.012327549
344 295 10 15 0.012327204
300 392 43 51 0.012326534
955 469 39 49 0.012325512
977 437 10 13 0.012325098
799 0 14 9 0.012321739
236 340 23 30 0.0123216985
545 73 8 11 0.012318198
514 344 9 10 0.01231797
736 612 9 13 0.012315915
174 528 83 114 0.012314987
377 253 11 14 0.012314276
987 576 5 9 0.012313346
955 429 12 16 0.012312303
350 308 19 25 0.012307188
787 269 7 10 0.012303163
107 86 63 75 0.012301503
772 305 45 56 0.012299139
353 284 43 55 0.012295814
758 624 9 12 0.012289818
693 454 61 71 0.012285105
256 37 49 62 0.012284236
288 368 20 23 0.012283356
374 304 12 13 0.0122826025
986 434 10 14 0.0122803105
225 35 48 64 0.012280123
524 149 70 97 0.012279418
517 215 13 12 0.012270445
939 165 9 10 0.012270306
942 95 63 72 0.0122698415
360 636 76 48 0.012269837
754 660 44 24 0.012265332
726 607 9 13 0.012255248
416 279 52 65 0.012248381
909 427 27 35 0.012246948
976 78 10 12 0.012244266
634 503 12 15 0.012243692
168 0 281 279 0.012239739
573 274 51 59 0.012238646
706 612 9 13 0.012238491
789 256 9 10 0.01223572
112 239 8 10 0.012233189
459 0 220 146 0.0122278575
397 239 35 44 0.012224411
625 130 43 51 0.012223442
891 0 46 30 0.012219078
701 614 9 15 0.012214762
378 279 9 13 0.012211057
356 562 84 108 0.012210666
629 0 55 38 0.012210282
995 469 29 52 0.012209986
0 671 12 13 0.012205322
264 57 49 62 0.012204776
941 442 18 24 0.012200983
810 486 129 162 0.012199132
520 237 13 14 0.012197322
240 464 37 45 0.012194387
982 240 42 90 0.012193937
817 161 123 160 0.01219169
832 253 7 11 0.012190757
730 630 8 10 0.012190667
724 583 27 32 0.012187323
952 468 8 10 0.012186435
721 607 9 13 0.012184102
887 577 8 11 0.012183337
539 288 44 52 0.012183041
455 153 18 26 0.01218255
636 500 20 26 0.012181437
942 174 9 10 0.0121745095
668 534 9 11 0.012173371
990 299 34 73 0.012172888
572 52 29 36 0.012171614
702 628 8 12 0.012169072
650 474 23 29 0.012168786
421 283 30 41 0.01216618
519 635 8 9 0.012162967
817 0 18 12 0.012158671
118 158 49 59 0.012158429
974 70 33 38 0.012151964
498 104 6 10 0.01214848
560 311 22 24 0.012145513
380 156 40 50 0.01214197
639 40 8 11 0.012139516
939 0 19 11 0.0121330265
0 663 20 21 0.01213273
683 265 17 34 0.012130546
47 303 18 20 0.012129539
346 336 67 87 0.012125736
763 627 9 11 0.012119385
369 179 59 78 0.012117062
132 0 42 31 0.012114648
373 159 17 19 0.012114434
727 115 41 38 0.012111473
96 601 45 53 0.012110299
932 327 48 66 0.012105284
610 155 9 11 0.012102143
693 618 9 13 0.012101948
50 584 8 12 0.012101482
387 118 10 11 0.012096989
516 43 12 15 0.012095681
500 333 9 14 0.012095328
231 646 59 38 0.012094351
503 331 11 14 0.0120941065
834 251 8 11 0.012092243
538 309 43 54 0.012090667
23 301 39 56 0.012087789
531 42 6 9 0.012087239
377 41 40 52 0.012086131
259 396 37 40 0.012082984
943 138 69 88 0.012082028
819 338 78 99 0.012081834
752 295 25 31 0.012081266
86 0 25 17 0.012080318
637 530 8 11 0.012075024
618 491 14 19 0.012074022
674 530 9 11 0.012066995
719 627 8 10 0.012066015
385 115 9 11 0.012064198
748 303 23 29 0.012061951
588 499 35 41 0.012058499
347 297 13 17 0.012051059
768 531 28 41 0.012048023
908 182 90 115 0.012047751
308 444 22 18 0.012047572
444 276 26 36 0.012045293
814 536 13 16 0.01204317
200 350 16 14 0.012041745
701 609 10 13 0.012041694
512 413 9 9 0.0120395785
407 305 20 25 0.012039283
701 529 41 53 0.01203686
912 0 9 9 0.0120352255
356 309 10 10 0.012032985
281 391 33 36 0.012032043
837 273 8 11 0.0120305205
599 507 32 38 0.012030026
997 20 27 55 0.012030002
872 437 35 43 0.012026527
159 437 14 17 0.012023614
568 14 54 63 0.012023035
861 99 50 44 0.012022545
754 623 9 11 0.012022088
352 389 7 10 0.012020485
901 239 8 9 0.012019811
600 493 17 20 0.0120197525
99 173 242 303 0.012019052
918 227 41 41 0.012018683
533 149 48 61 0.012018379
244 456 12 18 0.012014556
281 411 34 40 0.0120117115
109 60 35 51 0.012008168
14 211 49 63 0.012007267
625 55 29 36 0.012005777
7 7 40 50 0.0120027
478 1 97 139 0.0120011205
742 389 59 75 0.011996557
0 50 23 60 0.011992781
437 89 9 12 0.011991243
109 118 27 33 0.011990632
836 223 86 110 0.01199016
804 281 19 27 0.011989194
944 248 7 9 0.01198859
324 438 19 21 0.011987225
871 405 34 43 0.011986046
445 372 78 97 0.011982821
647 551 22 26 0.011982745
494 197 125 159 0.011978966
422 444 16 21 0.011977848
0 409 8 15 0.011977657
377 304 19 23 0.011975414
731 605 9 13 0.011974994
752 637 9 10 0.0119740525
588 0 56 41 0.011972496
942 578 8 10 0.011966475
736 664 7 9 0.011965907
834 44 8 10 0.011963651
54 60 11 14 0.011960915
234 367 43 58 0.011959118
761 80 9 11 0.0119587425
478 475 70 108 0.011955324
691 612 9 14 0.011955143
166 136 21 34 0.011953897
860 577 9 9 0.011952575
77 658 50 26 0.011950914
760 207 26 32 0.01194443
312 448 14 12 0.011941929
704 245 27 36 0.011939558
853 537 6 9 0.011932
342 286 9 14 0.011931189
602 0 18 11 0.011931106
739 626 9 12 0.011928313
425 293 21 27 0.0119281355
736 657 47 27 0.011927503
859 107 72 84 0.011925155
244 319 15 21 0.011924681
551 0 48 35 0.01192423
230 408 25 33 0.011923003
431 482 58 73 0.011922257
430 238 49 61 0.011921954
510 491 12 14 0.011921669
624 643 56 41 0.01191628
351 295 13 16 0.011914339
792 482 53 70 0.0119127305
729 665 9 11 0.011911549
978 88 20 28 0.0119082015
664 137 68 94 0.011906775
838 32 36 63 0.011904127
59 360 118 145 0.011902356
616 497 12 16 0.011901921
221 495 80 101 0.011896971
560 550 69 95 0.011896476
0 373 18 30 0.011895732
741 617 9 12 0.011895654
442 274 11 14 0.01189164
616 0 36 35 0.011890258
260 157 116 171 0.011889354
984 82 19 25 0.011889107
697 512 44 50 0.01188882
361 257 11 14 0.011884566
248 352 18 23 0.011878464
439 255 16 19 0.0118777575
507 403 31 48 0.011877658
565 141 43 57 0.011877237
245 58 50 62 0.011876408
224 186 48 62 0.0118750995
976 470 38 49 0.011869626
300 332 26 34 0.011868347
336 394 7 10 0.01186638
397 129 8 9 0.011864857
557 15 38 53 0.011861942
353 286 11 14 0.011859025
955 403 22 31 0.011858173
632 34 12 16 0.011857082
953 436 10 15 0.0118543785
631 104 49 60 0.011853981
231 376 7 10 0.011852316
235 376 9 10 0.011843576
370 302 6 9 0.011840565
675 633 8 9 0.011840343
417 205 116 153 0.011836232
430 284 20 26 0.011834856
340 265 48 63 0.011834161
736 0 18 12 0.011829944
731 132 46 59 0.011829328
674 171 47 63 0.0118235685
706 637 8 10 0.011823304
375 293 11 12 0.011823287
275 555 88 113 0.011822595
571 47 10 14 0.011821435
230 327 11 17 0.011820027
478 279 39 55 0.0118186865
387 120 114 160 0.011811682
491 642 53 42 0.011804401
411 244 12 16 0.011804012
502 40 18 23 0.011800523
200 444 8 10 0.011799276
332 223 57 76 0.011797741
628 40 21 26 0.011797562
714 647 48 37 0.011793644
514 221 14 16 0.011788512
499 96 5 9 0.011788509
858 294 71 97 0.0117884055
447 267 8 9 0.0117864935
416 308 13 15 0.011782012
925 578 7 11 0.011772661
633 491 7 12 0.011771557
929 124 31 28 0.011770867
463 149 12 16 0.011769561
491 76 8 9 0.011766618
189 304 12 15 0.011766535
32 646 56 38 0.011760364
258 472 128 166 0.0117603615
500 537 22 32 0.011758307
653 274 35 50 0.011757944
73 103 51 60 0.011757674
60 65 7 9 0.011757198
0 393 6 13 0.011756418
500 411 13 14 0.011755826
772 103 51 59 0.011755377
355 300 14 18 0.011755117
344 399 19 23 0.011754376
340 202 40 54 0.011753304
368 295 9 13 0.011751906
442 585 30 39 0.011751187
725 660 7 10 0.011750681
628 522 8 10 0.011750668
264 97 49 63 0.011750484
251 359 18 23 0.011746515
756 76 9 11 0.011745474
0 349 9 17 0.011745428
890 396 27 33 0.0117454175
342 281 9 13 0.011743951
231 373 21 26 0.011738829
660 432 271 252 0.011738238
416 160 7 11 0.011735302
427 96 8 13 0.011734508
712 617 7 9 0.011730999
521 43 7 9 0.0117287375
509 31 41 55 0.011728498
50 51 21 39 0.011728225
426 252 11 14 0.011728142
654 511 9 11 0.011726823
141 462 74 99 0.011725231
591 290 11 19 0.011722942
346 278 10 10 0.011717439
362 296 11 14 0.011717005
925 265 20 24 0.011715956
705 97 66 82 0.011707781
0 389 5 11 0.0117062945
602 470 20 30 0.011702917
31 306 23 27 0.011700278
747 289 19 23 0.011700008
442 139 15 22 0.011699919
263 380 62 78 0.011699591
752 271 30 44 0.011699454
108 62 54 70 0.011697052
688 556 18 23 0.011692568
520 218 12 15 0.011692319
529 67 8 11 0.011687185
349 296 58 79 0.011684772
745 594 12 16 0.011684526
718 630 9 12 0.011684362
945 106 36 42 0.011683692
734 617 8 11 0.011683622
901 254 22 25 0.011682407
773 442 126 160 0.011681679
754 230 38 54 0.011681456
628 67 33 50 0.011674
526 219 9 13 0.011672094
334 436 137 172 0.01167139
642 0 17 11 0.011669833
115 659 52 25 0.011665195
902 235 20 16 0.011663505
752 210 38 50 0.011660395
719 520 12 15 0.011658267
377 359 133 178 0.01165519
128 118 19 22 0.011652476
428 42 58 81 0.011650697
957 256 7 9 0.011647712
62 330 14 25 0.011645059
337 389 18 21 0.01164431
196 561 85 111 0.011643391
976 437 15 20 0.011642727
680 514 7 10 0.011639937
894 528 81 107 0.01163849
674 246 19 33 0.011637024
58 299 11 13 0.011636784
227 345 18 23 0.011636603
669 462 50 65 0.011635893
396 286 12 9 0.0116310045
622 475 11 18 0.011629439
205 337 11 9 0.011622258
882 584 42 59 0.01162127
475 511 94 136 0.01162107
670 221 29 45 0.011620364
716 607 9 13 0.0116191935
635 527 13 18 0.01161873
687 617 17 23 0.011618434
725 114 27 29 0.011618042
502 288 11 19 0.0116165485
630 291 57 73 0.011615141
630 236 41 51 0.01161021
484 0 29 24 0.011609622
561 518 66 87 0.011609468
15 130 45 53 0.011607948
269 406 30 25 0.011606281
772 121 118 155 0.011600472
842 231 8 14 0.011598365
513 270 20 27 0.011594937
339 447 7 10 0.011590502
859 225 8 9 0.011587478
329 418 59 76 0.011586048
76 0 17 12 0.011585509
462 155 16 20 0.01158539
0 383 6 13 0.011583822
252 377 13 15 0.011581017
392 284 6 9 0.011580762
214 312 17 24 0.011579162
435 153 113 161 0.011578757
944 288 65 92 0.011578356
698 607 10 13 0.011577571
845 25 7 10 0.011577142
406 48 7 10 0.011571895
513 628 20 24 0.011570562
178 27 48 61 0.01157016
838 457 11 12 0.011566634
573 630 11 11 0.011565104
555 328 45 58 0.011563397
0 415 8 15 0.011561521
75 533 84 110 0.011557019
183 350 10 13 0.011556053
959 576 11 14 0.011546834
409 64 55 77 0.011546826
926 343 23 23 0.0115457
0 548 57 111 0.011545276
416 163 46 59 0.011538443
513 438 13 14 0.011535912
519 346 9 9 0.011535573
582 334 73 106 0.011534533
386 63 23 30 0.011534224
555 0 14 10 0.011534185
731 651 10 14 0.011533838
663 494 73 86 0.011533666
543 635 67 49 0.011531722
875 437 23 24 0.01152963
716 631 8 10 0.011523718
134 253 47 68 0.011521457
86 225 26 36 0.01152013
428 92 9 13 0.0115144495
379 194 39 51 0.0115141375
751 326 47 57 0.011513367
349 0 275 174 0.011512182
26 415 23 27 0.011510586
849 361 53 68 0.011509782
567 634 14 14 0.011506698
47 10 21 25 0.011504991
155 658 49 26 0.011504877
466 266 65 92 0.011502075
546 40 121 149 0.011501145
362 311 15 21 0.011500157
251 411 30 37 0.0114978
59 474 133 171 0.011496854
872 226 7 9 0.011494668
843 451 13 13 0.011493001
927 246 11 13 0.011492873
481 311 44 60 0.011489842
383 282 10 12 0.011486839
388 335 10 14 0.011484551
141 107 59 75 0.011483087
503 136 60 79 0.011482232
496 54 25 35 0.01148126
200 447 7 9 0.011479714
319 427 47 57 0.011476705
418 548 79 107 0.011474379
662 545 19 28 0.011473308
817 536 40 51 0.011471887
966 428 30 37 0.011468864
938 445 14 18 0.011468516
103 330 16 20 0.01146612
889 413 13 16 0.011466082
829 44 13 15 0.011462063
752 628 8 11 0.011457649
431 270 8 10 0.011455738
245 146 48 62 0.01145563
60 61 12 13 0.011452349
752 373 47 60 0.01144782
843 237 7 12 0.011444978
750 611 10 14 0.011442729
115 145 28 40 0.011439599
269 645 62 39 0.01143498
706 552 19 24 0.011434199
378 260 8 10 0.0114332205
993 326 31 70 0.011431519
166 114 66 89 0.011429885
398 296 12 12 0.011427279
292 421 55 67 0.011423835
484 13 39 52 0.011422196
695 615 10 14 0.011421467
858 233 9 11 0.011420643
121 354 77 87 0.011420306
805 286 10 10 0.01141987
766 617 11 15 0.011418701
724 605 9 13 0.011417844
959 64 12 17 0.011417583
1010 0 14 35 0.011417329
32 129 53 63 0.011416505
606 138 40 56 0.011414648
929 572 11 12 0.01141312
752 316 11 10 0.011412951
595 63 39 52 0.01141008
686 647 35 37 0.011409651
179 81 124 176 0.01140777
839 224 17 22 0.011406935
194 356 11 13 0.011406129
693 640 10 11 0.011402441
715 622 6 9 0.011402381
813 286 44 55 0.0114015415
0 0 8 11 0.011400023
213 356 28 34 0.011398673
330 454 10 14 0.0113966325
402 113 9 11 0.011395434
654 170 45 60 0.011394828
974 453 21 26 0.011394711
572 0 48 33 0.01139014
882 133 70 89 0.01138982
302 188 70 96 0.011388849
0 83 12 32 0.011388801
324 118 65 87 0.011386296
437 95 16 19 0.011383845
108 432 74 90 0.011377182
131 460 41 50 0.0113744475
656 0 19 10 0.011374427
242 361 22 21 0.011373452
79 282 25 26 0.011371084
825 251 9 13 0.011368691
357 308 39 51 0.011368642
333 447 7 10 0.011368471
732 516 141 168 0.011367974
224 418 31 39 0.01136651
367 316 66 86 0.011365132
584 52 70 87 0.011361139
980 84 13 18 0.011355044
707 632 7 10 0.011353901
606 586 62 82 0.011353251
946 132 39 37 0.011353227
930 466 12 14 0.01135117
138 555 84 110 0.011349538
560 313 11 14 0.011349265
737 623 7 9 0.011347668
511 646 50 38 0.011344077
182 344 16 20 0.0113437055
15 319 41 59 0.011343212
343 337 14 20 0.011341705
517 272 8 11 0.01133953
410 643 61 41 0.011339293
866 230 10 13 0.011338979
56 0 16 12 0.011336267
634 480 9 12 0.011335212
0 123 13 28 0.011334068
104 47 32 47 0.011333527
789 0 13 9 0.011333156
97 559 84 108 0.011331742
402 290 15 18 0.011330999
783 317 70 92 0.011330916
801 228 23 32 0.011330005
847 252 7 9 0.01132921
387 524 12 16 0.011328565
214 166 49 63 0.011328542
423 296 11 15 0.011328382
608 49 42 53 0.0113270255
709 633 8 11 0.011326067
743 291 10 12 0.011325625
147 323 113 135 0.0113248695
18 659 42 25 0.0113239
736 624 8 13 0.011317716
732 589 46 59 0.011316998
994 77 21 27 0.011313645
454 95 9 12 0.011310327
682 357 28 32 0.011309054
504 76 20 27 0.011306787
786 278 37 44 0.01130378
896 206 63 75 0.011301682
402 140 75 105 0.011300088
758 39 39 59 0.011299398
177 0 43 30 0.0112986835
735 606 9 12 0.011295703
51 592 8 10 0.011293686
207 89 46 61 0.011293489
758 591 79 93 0.011291647
836 558 12 15 0.01128661
874 464 34 44 0.011286541
977 90 43 53 0.011286341
320 442 19 23 0.0112788975
517 395 11 10 0.011278719
380 432 74 102 0.011276378
206 358 24 28 0.011273667
647 327 43 51 0.011273135
451 136 66 84 0.011271814
369 404 41 53 0.011271778
738 610 9 12 0.011270601
952 0 25 17 0.0112700155
921 0 28 19 0.01126939
988 429 8 11 0.011267778
410 273 13 16 0.011267441
511 49 11 14 0.011266266
950 159 17 19 0.011262994
414 469 129 181 0.011260757
402 277 9 9 0.011260031
399 104 15 19 0.011259938
628 471 11 14 0.0112598995
754 167 20 31 0.011258543
960 440 11 14 0.011257039
500 355 107 159 0.0112555465
489 661 46 23 0.011254287
518 469 6 11 0.01125005
820 110 69 85 0.011247012
647 495 11 14 0.011245953
245 218 44 59 0.011245088
380 109 36 51 0.011242894
826 617 17 22 0.011242604
707 514 18 23 0.011238127
445 644 59 40 0.011237455
226 355 116 153 0.011236456
760 377 64 88 0.011235547
457 100 8 11 0.01123545
981 426 10 11 0.011234944
248 307 32 41 0.01123396
292 426 31 37 0.011233791
238 375 11 12 0.01123094
537 330 43 56 0.011230468
657 185 6 9 0.0112297805
829 460 18 19 0.011228481
970 73 10 14 0.011227393
876 387 40 55 0.011225957
732 465 44 58 0.011224146
816 272 21 24 0.0112229185
187 304 23 29 0.011221675
91 234 14 15 0.011221433
694 283 33 41 0.011219815
810 278 35 43 0.011213558
15 410 31 37 0.0112133315
216 57 49 64 0.011212358
931 143 25 26 0.0112113105
418 256 9 12 0.0112099545
0 326 25 63 0.011208067
580 91 32 42 0.011206414
54 406 33 40 0.011205551
817 555 12 13 0.011205391
955 158 18 23 0.01120158
406 433 12 17 0.011198312
929 240 15 17 0.011197017
616 0 19 11 0.011194872
337 158 44 54 0.011194382
730 326 48 57 0.011192344
684 405 14 17 0.0111885555
763 460 71 91 0.011187061
402 291 11 11 0.0111849
424 279 11 13 0.011182603
375 257 9 11 0.01118004
495 67 25 35 0.0111786295
150 255 50 72 0.011177358
532 649 48 35 0.011175061
728 602 10 14 0.011174155
935 347 5 9 0.011173723
170 129 30 49 0.011172857
409 291 9 10 0.011171803
589 0 15 10 0.011169749
519 8 37 46 0.011169721
693 609 10 14 0.011167934
183 466 41 46 0.011165803
508 47 16 20 0.011164143
803 297 69 91 0.011162718
264 201 72 103 0.0111626005
568 615 72 69 0.011162579
243 533 81 110 0.011162345
18 266 43 53 0.011159892
618 444 10 13 0.0111594
518 415 12 13 0.011158922
957 157 13 14 0.011156319
958 245 8 17 0.011156179
755 618 9 12 0.011155271
878 414 36 46 0.0111548975
612 353 49 66 0.011151983
607 320 57 71 0.011151575
333 0 52 47 0.011149657
731 353 46 54 0.011149352
361 321 10 18 0.0111493245
765 658 8 12 0.011148403
67 300 27 31 0.011146075
889 105 49 57 0.011145615
757 541 30 40 0.011139353
782 615 10 13 0.011137037
751 331 10 14 0.011135218
953 168 9 9 0.011133401
148 13 70 84 0.0111323595
685 573 19 28 0.011132306
652 647 49 37 0.011131649
738 135 7 10 0.01113014
58 532 43 56 0.011124173
361 92 37 51 0.0111214
636 49 11 12 0.011120162
400 121 9 13 0.011119178
894 471 43 52 0.0111099
0 371 7 16 0.011107382
0 0 17 14 0.011106863
53 324 15 23 0.011106211
770 1 34 29 0.011104603
921 662 50 22 0.011103157
388 249 56 67 0.011102382
232 349 31 38 0.011100928
422 267 7 10 0.011099262
187 209 64 89 0.01109779
830 256 10 13 0.011097149
708 0 35 23 0.011095144
976 0 37 26 0.011094855
545 245 63 77 0.011094103
974 430 12 15 0.011092539
410 49 33 49 0.011092349
471 290 105 165 0.011091349
256 0 47 31 0.011090052
95 0 19 12 0.01108629
620 521 14 17 0.011085012
418 266 8 11 0.011084732
395 0 26 17 0.011084276
881 557 7 9 0.0110842
545 0 14 10 0.011083238
441 113 8 12 0.011082372
259 295 35 47 0.0110819135
816 576 8 10 0.011080836
626 482 65 88 0.011080562
786 262 10 16 0.011078842
195 431 56 72 0.011076433
791 0 30 17 0.01107557
460 263 11 13 0.011075269
942 0 26 16 0.011072654
748 628 8 12 0.011070689
161 351 44 50 0.011067556
274 604 22 27 0.011066802
377 495 78 109 0.011066624
0 600 33 79 0.011066597
450 97 8 10 0.011060501
514 418 8 9 0.011060398
941 13 29 33 0.011058453
749 277 8 10 0.011057171
789 98 51 61 0.011056469
910 459 32 39 0.011053555
544 310 20 25 0.011048956
527 43 10 13 0.01104771
107 341 64 78 0.011047614
726 28 45 63 0.011047128
644 494 8 10 0.011039057
723 526 47 56 0.011036813
66 0 17 12 0.011033799
159 296 41 48 0.011033053
838 234 13 21 0.011032146
79 234 26 35 0.011030695
975 0 18 12 0.011028316
340 386 35 42 0.011026598
708 607 10 14 0.0110264495
822 540 8 9 0.011026292
58 406 11 13 0.011025959
971 0 29 20 0.011025438
535 476 121 165 0.01102528
740 286 20 25 0.011023682
195 36 49 62 0.011022382
967 493 17 12 0.0110207405
507 549 19 27 0.011020198
355 193 43 55 0.011019939
877 318 69 93 0.011015216
355 519 81 107 0.0110079665
870 554 78 95 0.011007619
672 98 243 294 0.011006924
140 4 121 150 0.011004381
938 530 77 110 0.01100211
746 0 19 12 0.011000089
600 153 10 12 0.010998894
504 423 20 21 0.010998275
952 48 16 21 0.010997462
516 72 14 19 0.010996912
288 386 23 26 0.010995946
846 400 38 52 0.010995617
872 452 15 11 0.010993619
471 192 64 95 0.010991984
760 632 9 11 0.010991603
333 645 55 39 0.010991013
746 103 60 70 0.01099083
217 346 13 11 0.010990298
679 0 34 23 0.010988603
369 229 54 69 0.010986545
341 238 38 50 0.0109823495
266 5 61 63 0.010982306
928 284 53 68 0.010982198
866 0 18 12 0.010980078
1023 396 1 21 0.010979019
792 648 52 36 0.010978565
816 443 25 25 0.010978514
8 235 46 62 0.010976286
649 559 24 26 0.010974943
661 513 12 14 0.010974882
835 77 52 65 0.010973948
694 624 8 11 0.010973463
748 135 35 35 0.010972975
213 324 18 24 0.010972966
949 270 9 14 0.010972504
169 422 32 35 0.010970441
746 594 17 24 0.010970262
772 648 49 36 0.010967573
387 199 57 76 0.0109655345
843 660 47 24 0.01096409
987 518 10 11 0.010963439
770 132 48 56 0.01096096
594 87 39 46 0.010959993
58 303 7 10 0.010959133
373 60 26 33 0.010957454
627 516 10 10 0.010956414
54 61 25 34 0.010954996
455 89 8 9 0.010954046
691 606 9 14 0.01095228
621 658 18 21 0.010951614
714 633 8 11 0.010945872
751 80 13 15 0.010944753
253 395 11 17 0.010944746
923 29 41 57 0.010943635
853 105 25 26 0.0109435255
497 584 37 52 0.010941912
513 423 14 18 0.010941724
447 126 19 27 0.010940924
49 505 44 61 0.010938335
669 379 56 82 0.010938315
703 484 93 121 0.010937569
63 400 45 51 0.0109348195
435 269 12 13 0.0109340185
871 462 15 17 0.010933246
409 441 7 9 0.010933052
332 442 18 23 0.010933015
444 261 8 9 0.0109283915
409 121 8 12 0.010928239
698 618 15 20 0.0109275635
652 505 7 9 0.010927409
456 271 16 21 0.010924152
579 0 15 10 0.010923965
405 281 15 18 0.010923108
638 492 7 11 0.010921795
489 454 37 53 0.0109215565
733 628 8 12 0.010921483
700 635 8 10 0.010920717
193 436 22 26 0.010917897
448 274 7 11 0.010916477
569 63 37 55 0.01091632
968 465 9 13 0.010916035
767 615 15 21 0.010913799
897 243 35 42 0.010912871
925 574 6 9 0.01091277
590 235 20 33 0.01091136
640 0 36 26 0.01090996
816 541 8 11 0.010909289
802 603 14 20 0.010909128
347 57 98 143 0.010908118
383 0 31 20 0.0109070325
939 649 10 12 0.0109064365
224 321 10 16 0.010904575
449 94 7 9 0.010904352
847 0 36 24 0.01090106
718 604 9 14 0.01090077
825 538 7 9 0.010900569
157 171 22 33 0.010899455
0 503 23 64 0.0108958585
649 61 150 192 0.0108945565
972 66 14 22 0.010894205
573 511 43 55 0.0108922925
638 627 72 57 0.010890814
77 126 43 49 0.01089009
690 629 12 15 0.010889576
520 354 69 95 0.010887266
410 297 31 39 0.010886281
229 463 22 25 0.010882975
295 656 47 28 0.010882165
625 469 10 13 0.010882111
975 587 17 23 0.010879265
244 53 73 96 0.0108790025
246 404 15 22 0.010874118
629 516 15 21 0.010873881
641 487 11 13 0.010872846
264 456 275 228 0.010872571
877 488 10 15 0.010871166
59 451 44 54 0.010870994
48 143 30 35 0.010869378
60 56 11 13 0.010869219
516 90 10 12 0.010866692
208 296 21 30 0.010865832
778 183 12 11 0.010863198
244 300 59 76 0.010859155
0 303 18 43 0.010858667
271 421 38 45 0.010857446
631 533 7 9 0.010856787
443 582 22 28 0.010856517
419 75 35 49 0.010855547
931 84 23 29 0.010855416
421 282 9 11 0.010853648
689 610 9 13 0.0108535485
504 260 23 30 0.010853141
572 568 19 27 0.010849268
877 575 7 9 0.010848678
343 271 10 13 0.010848416
875 480 21 31 0.010846254
524 228 34 44 0.010843908
956 270 5 10 0.0108413715
485 99 118 157 0.01083796
519 199 12 11 0.010836123
519 405 9 9 0.010836073
439 280 17 23 0.010835013
901 347 6 10 0.010834948
937 248 12 16 0.010833402
962 73 10 15 0.010833004
965 88 19 24 0.010832017
159 383 77 98 0.010830952
492 80 12 18 0.010830582
968 64 8 9 0.010827416
170 80 65 86 0.010823967
992 86 13 17 0.0108234985
204 187 47 61 0.010820322
714 419 12 15 0.010816714
506 273 11 13 0.010815248
228 310 12 19 0.010814076
516 205 13 15 0.010813865
422 280 7 9 0.010811658
713 604 10 14 0.010809449
816 575 25 33 0.010805867
959 664 42 20 0.010805751
492 81 7 9 0.01080564
441 423 248 261 0.010804364
653 500 12 15 0.010799525
957 243 7 11 0.010797954
257 374 42 50 0.010796435
559 608 18 18 0.010792411
265 146 49 61 0.010791506
975 353 7 9 0.01078918
392 121 10 11 0.010788481
428 277 12 13 0.010787399
993 61 22 32 0.010787391
470 117 58 70 0.010786635
351 48 37 48 0.010786481
107 278 24 40 0.010786264
589 97 14 17 0.010784738
984 52 20 33 0.010782532
234 77 49 61 0.010781946
298 435 11 16 0.010779971
818 154 10 19 0.010778779
350 651 9 10 0.010778035
220 0 40 25 0.01077722
305 533 42 49 0.010774633
657 548 47 60 0.0107739875
898 400 30 38 0.010772357
299 142 79 103 0.01076998
75 326 22 25 0.010769867
500 495 8 9 0.010767535
655 416 34 62 0.010767483
423 317 10 13 0.010765788
619 68 17 24 0.010765702
848 575 8 10 0.010765553
628 535 7 9 0.010764904
353 465 10 10 0.01076451
693 387 48 64 0.010763816
580 535 68 91 0.010760254
499 395 69 112 0.010759351
908 634 11 13 0.010759092
791 171 48 63 0.010756283
840 176 71 90 0.010755688
599 509 18 22 0.010755248
575 650 47 34 0.010753151
584 326 28 29 0.010752835
819 317 12 12 0.010752783
956 349 7 10 0.010751384
94 0 29 21 0.01075113
910 0 28 18 0.010751076
1023 424 1 23 0.010750891
156 23 47 55 0.010750616
203 472 67 95 0.010749748
130 473 129 167 0.010748305
539 93 121 155 0.0107467035
364 658 49 26 0.010745956
181 60 43 56 0.010744979
676 526 11 12 0.010736903
644 58 7 9 0.010735644
284 642 10 13 0.010734262
934 414 22 29 0.010733558
231 336 7 11 0.010731038
749 623 8 11 0.010730025
820 616 10 13 0.01072881
703 605 10 14 0.010728454
278 17 74 89 0.01072601
411 487 22 29 0.010725875
865 362 159 219 0.01072514
113 607 7 9 0.01072402
759 20 36 55 0.01072077
386 110 8 11 0.010719888
135 100 45 52 0.010719181
811 601 10 12 0.010719018
944 439 11 15 0.010718045
142 166 24 32 0.010716776
855 460 24 30 0.010716289
344 170 115 159 0.010715061
492 70 12 16 0.010715003
956 49 8 10 0.010713705
976 462 11 13 0.010713586
399 94 9 11 0.010711096
509 91 8 9 0.0107110115
99 256 15 18 0.010709871
951 0 18 11 0.010708302
975 539 8 10 0.01070784
725 602 24 31 0.010703721
953 158 9 11 0.010702693
434 250 16 19 0.010701448
1018 0 6 13 0.010698357
782 0 17 12 0.010697076
982 520 10 11 0.01069513
941 88 28 34 0.0106942905
320 56 68 94 0.010692428
335 457 11 14 0.010690909
117 603 43 52 0.010686486
901 395 8 9 0.010686178
419 92 10 13 0.010684424
693 169 47 64 0.01068416
724 631 8 12 0.010680374
947 456 58 79 0.010677522
438 87 16 19 0.010676928
864 661 47 23 0.010676601
975 439 9 12 0.010675982
90 511 143 171 0.01067588
836 257 9 12 0.010675849
349 389 7 10 0.010675436
387 277 62 77 0.010675269
181 199 42 57 0.010674433
186 129 73 99 0.0106744105
66 331 11 11 0.010674142
271 465 48 58 0.010671433
810 252 18 26 0.010668914
347 271 11 14 0.01066804
100 437 124 163 0.01066732
915 348 8 10 0.010667002
815 555 8 9 0.010666961
495 55 9 13 0.010665848
26 188 33 44 0.010665612
1023 428 1 23 0.010663632
320 467 76 105 0.010662219
445 228 26 33 0.010659255
447 242 21 30 0.010658938
404 290 29 36 0.010658596
725 615 22 27 0.010658495
298 602 9 12 0.01065832
135 352 42 53 0.010655574
512 379 33 42 0.0106547205
221 307 17 26 0.010654279
378 271 37 44 0.01065256
961 582 9 10 0.010652453
697 478 32 37 0.010651075
494 70 8 10 0.010650045
265 187 48 61 0.010649662
717 624 7 9 0.010644944
418 55 37 52 0.010644892
393 132 12 14 0.010644382
687 287 10 14 0.010641157
865 256 64 83 0.010639287
112 600 8 10 0.010639099
294 31 79 105 0.0106387315
935 0 8 9 0.010636607
164 596 71 84 0.010634332
609 516 8 11 0.010634144
396 307 7 10 0.010634033
905 475 61 82 0.010633477
640 46 35 41 0.010632031
664 548 32 38 0.010631161
952 114 24 27 0.010629058
746 620 9 12 0.010628199
256 657 48 27 0.01062804
507 309 31 41 0.010627042
153 121 9 11 0.010627008
510 337 8 11 0.010626443
209 339 11 9 0.010625214
370 276 28 37 0.0106239095
202 361 32 43 0.010621786
997 528 27 61 0.010621657
398 253 10 13 0.01062043
571 587 11 17 0.010620212
755 105 38 44 0.0106192315
759 75 8 10 0.010618692
557 52 37 53 0.010616592
11 0 35 28 0.010616292
183 353 114 154 0.010615763
370 125 57 79 0.010615028
135 306 22 28 0.010614052
506 637 8 11 0.01061285
891 0 29 17 0.010612376
388 115 19 26 0.010610505
274 77 48 61 0.010610283
424 326 8 11 0.010609887
713 517 18 23 0.010608968
974 443 20 26 0.010607755
448 262 8 10 0.01060437
318 484 37 48 0.010604047
840 554 8 10 0.010602957
737 611 7 9 0.010601314
30 242 60 63 0.010601217
645 505 10 12 0.01060087
0 452 21 33 0.010599935
143 294 7 9 0.010599425
852 553 47 51 0.010597298
960 21 7 9 0.010595887
498 345 16 22 0.010594684
0 100 17 26 0.010591192
385 403 42 53 0.010588912
745 293 12 13 0.010588139
172 174 35 58 0.01058582
343 447 74 97 0.010585179
926 444 21 27 0.010583518
416 272 121 171 0.010583157
465 61 105 157 0.010581985
621 234 9 11 0.010581681
924 312 8 9 0.01057815
524 66 18 24 0.010575692
342 339 22 30 0.010575679
606 159 39 54 0.010575262
748 520 24 29 0.0105743
685 609 9 12 0.010574127
763 548 74 102 0.010573934
398 282 11 10 0.010573266
542 570 71 98 0.010572253
0 326 18 35 0.0105697
613 159 11 15 0.010564942
907 293 59 82 0.010564086
976 544 7 9 0.010561832
1023 0 1 14 0.010559597
384 330 70 96 0.010559201
347 309 15 21 0.010556988
869 460 11 10 0.010554368
511 43 12 15 0.010553638
465 198 98 140 0.010553025
570 633 8 9 0.010552537
95 106 57 69 0.010551647
892 10 42 59 0.010548708
453 134 10 13 0.010548143
522 395 11 10 0.0105480105
412 293 11 13 0.010547463
719 471 41 50 0.010547206
910 572 10 15 0.010546212
13 131 23 32 0.010544412
403 383 78 103 0.010542861
39 455 43 50 0.010542459
378 289 15 19 0.010541831
496 104 10 14 0.010541405
340 302 14 25 0.010539131
754 289 11 13 0.010538975
869 546 47 58 0.010538377
868 0 35 21 0.010533096
715 583 26 31 0.010532164
658 505 13 15 0.010530741
406 640 10 13 0.010528711
812 0 15 9 0.010527113
498 510 8 9 0.010525592
927 6 41 48 0.010523441
893 449 50 59 0.010522731
919 139 30 23 0.010520022
904 655 11 14 0.010518548
544 337 12 13 0.010516793
878 224 52 64 0.010516653
228 442 123 165 0.010515771
60 153 35 48 0.010512309
674 107 47 58 0.010512125
365 193 27 33 0.01051141
824 48 8 10 0.010510049
908 431 14 16 0.010509773
388 141 11 14 0.0105088055
649 516 66 84 0.010507977
626 475 10 14 0.010507878
1015 433 9 27 0.010507432
429 273 8 10 0.010505131
682 220 20 27 0.010504202
989 241 9 19 0.01050284
716 637 8 9 0.010501463
863 224 9 10 0.010500406
749 638 9 12 0.010498286
696 604 9 14 0.010497284
608 80 39 46 0.010496756
829 1 21 21 0.01049617
433 271 10 13 0.010494481
304 642 10 12 0.010494237
273 255 7 9 0.010494076
742 612 7 9 0.010493985
692 418 44 55 0.010493779
902 0 11 9 0.010493288
731 636 8 10 0.010493223
612 18 38 49 0.010492868
349 210 23 28 0.010490752
222 349 10 9 0.010489648
368 608 58 68 0.010488957
882 224 12 13 0.010488909
746 640 59 44 0.010488322
851 478 45 58 0.010488316
744 608 8 13 0.010488307
684 644 9 9 0.01048655
517 205 35 46 0.0104856435
437 430 9 10 0.010485149
62 89 27 32 0.010484916
967 281 42 59 0.010484052
838 245 16 24 0.010482082
65 99 29 30 0.010481829
862 424 25 31 0.010480703
410 126 9 12 0.010479666
973 463 22 27 0.010478038
166 508 12 14 0.010477015
599 151 9 11 0.010476395
523 45 16 21 0.010474204
644 530 30 43 0.010472879
195 68 47 60 0.010471927
890 279 11 18 0.010471844
1 381 37 53 0.010471171
508 317 18 23 0.010470638
856 437 24 25 0.010468555
420 401 81 110 0.010468466
774 529 14 26 0.010468268
436 29 6 10 0.01046776
267 11 264 324 0.010466435
292 0 31 20 0.010466097
861 455 13 14 0.010465623
959 160 20 28 0.010464761
834 291 19 30 0.010464628
385 121 8 10 0.010464409
633 353 195 269 0.010464348
726 599 9 14 0.010463616
514 404 16 18 0.010462757
1021 393 3 26 0.010462557
420 494 79 112 0.010462371
359 320 9 16 0.010462277
317 406 8 10 0.010458971
743 603 22 29 0.010458035
704 641 7 9 0.01045682
120 388 78 95 0.010456691
597 154 10 13 0.010456666
107 81 21 31 0.010455011
689 618 10 13 0.0104534635
412 290 10 9 0.010452883
603 272 48 48 0.010452657
316 389 44 54 0.01045014
52 596 38 51 0.010447526
446 152 10 15 0.010446488
605 515 63 85 0.010445355
136 100 106 153 0.010443976
127 201 24 37 0.010443452
247 227 64 96 0.010443187
628 482 9 11 0.010442628
53 299 15 20 0.010441613
857 222 19 25 0.010439931
598 150 75 96 0.010437706
499 393 14 12 0.010436198
529 75 9 11 0.010434249
253 384 18 27 0.010433891
951 169 18 19 0.010433292
578 658 17 24 0.010432504
364 269 7 9 0.010430464
306 425 25 29 0.010430276
563 97 70 87 0.010427373
973 63 11 15 0.010425471
913 236 8 9 0.01042465
597 464 19 29 0.010421847
274 29 49 60 0.010421713
833 273 10 11 0.010418093
475 571 10 15 0.01041775
824 45 13 16 0.010415358
514 642 13 16 0.010413771
786 301 57 71 0.010413525
258 368 12 16 0.010412538
399 192 84 111 0.010412254
428 139 18 22 0.010411751
926 144 56 69 0.010409778
359 301 9 11 0.010407047
985 165 20 31 0.0104060965
508 103 10 12 0.0104034925
35 107 48 59 0.010403004
257 332 38 49 0.010400751
524 99 9 11 0.010400561
766 607 11 14 0.010398716
715 552 21 29 0.010397213
285 367 30 38 0.010396799
367 313 18 26 0.010395725
771 618 8 12 0.01039482
715 443 48 61 0.010393528
808 0 34 21 0.010391311
941 477 12 12 0.01038971
847 20 22 28 0.010389199
58 313 7 10 0.010388979
501 56 8 10 0.010388749
353 266 10 14 0.010388262
947 0 15 9 0.010388256
666 552 20 26 0.010387084
503 257 62 79 0.010386326
115 250 10 17 0.010385197
373 27 17 20 0.010385028
540 331 8 12 0.010384988
254 404 53 67 0.010383972
257 312 37 48 0.010379247
75 574 9 10 0.010379026
389 341 8 9 0.010376061
584 557 42 51 0.010375614
54 58 7 9 0.010374687
441 262 8 10 0.010374147
751 28 20 31 0.010372901
607 154 9 11 0.010372768
726 521 25 30 0.010371854
764 621 9 12 0.01037083
647 92 35 41 0.010370596
545 263 42 48 0.010369608
440 240 18 24 0.01036865
840 439 25 24 0.0103665665
696 635 9 10 0.010366032
717 346 43 51 0.010364964
383 113 8 10 0.010364671
557 344 163 257 0.010363627
358 258 10 14 0.010362775
402 282 12 13 0.010361736
990 238 6 10 0.010354803
553 35 27 37 0.010353194
340 421 36 41 0.0103523815
415 315 21 25 0.010351033
742 334 104 130 0.010350902
321 0 35 24 0.010350782
416 237 12 15 0.010349379
668 420 31 54 0.010346878
888 376 36 52 0.010346021
721 602 9 13 0.010345234
148 600 43 54 0.010344738
448 142 11 16 0.010344549
201 343 15 16 0.010344532
505 614 22 27 0.010342065
911 393 10 14 0.010341387
382 406 7 10 0.010339868
0 414 5 11 0.010339587
102 328 119 143 0.010338167
399 415 9 11 0.010337434
603 319 42 49 0.010336562
724 546 49 60 0.010335263
685 604 18 26 0.010335181
0 334 95 247 0.010334557
249 381 30 41 0.010333649
810 392 33 47 0.0103326235
929 177 20 25 0.010329501
965 396 9 10 0.010329307
875 447 8 9 0.010326633
80 167 44 55 0.010326415
445 166 70 99 0.010325434
48 285 45 42 0.010324754
749 634 8 11 0.010324566
593 492 19 24 0.010324484
243 305 18 22 0.010324431
618 449 9 12 0.010318681
0 108 4 11 0.010318364
206 219 44 58 0.010317483
746 632 7 10 0.010317315
981 246 12 17 0.0103153465
552 60 27 34 0.0103129195
589 193 59 71 0.010312831
643 241 26 34 0.010310718
384 103 8 11 0.010307905
951 577 7 10 0.010307424
525 50 18 26 0.010306975
689 512 15 20 0.010305593
685 635 8 9 0.010305307
437 75 38 50 0.010303061
347 281 11 13 0.010302553
383 118 8 11 0.010300782
442 571 24 30 0.010298812
674 526 9 11 0.010297971
766 334 66 89 0.010297949
14 89 47 59 0.010295098
939 440 12 14 0.0102941105
818 616 14 20 0.010291109
985 0 18 12 0.010291096
415 280 7 9 0.010290854
225 110 49 61 0.010285928
1022 421 2 24 0.010283628
707 641 8 9 0.010283282
453 414 18 23 0.010282125
951 417 17 27 0.010279844
967 395 31 46 0.010278987
123 0 36 25 0.010278641
500 628 21 23 0.010277409
394 89 42 57 0.010277239
406 291 68 89 0.010276771
720 246 27 36 0.010275942
953 163 11 12 0.010272256
338 335 13 18 0.010271161
716 602 9 13 0.010271139
174 129 17 36 0.010269598
564 24 25 34 0.010269392
349 408 39 48 0.010269129
723 614 16 21 0.010268558
955 579 11 14 0.010267775
760 670 33 14 0.010267608
334 437 30 32 0.010266033
504 352 6 9 0.010265606
87 0 15 9 0.010265534
679 203 39 53 0.010265316
285 532 44 51 0.010265216
295 414 22 26 0.010263115
66 315 9 9 0.010262463
689 603 9 13 0.010262252
1010 49 14 43 0.010262077
450 592 19 26 0.01026168
301 643 8 10 0.010258209
75 142 44 58 0.010253945
956 269 15 18 0.01025038
436 657 44 27 0.010247131
492 551 51 73 0.010246599
607 426 10 11 0.010243116
506 284 11 21 0.010241154
571 628 11 9 0.0102403285
513 218 23 31 0.010238562
618 159 11 14 0.010237881
787 161 17 23 0.01023712
0 387 17 28 0.01023668
732 450 68 85 0.010234381
692 370 29 42 0.010233642
0 342 9 16 0.010232634
942 246 11 16 0.010229215
969 440 10 12 0.010228755
919 512 72 98 0.010226442
124 62 15 19 0.010226185
544 69 8 9 0.010225457
676 627 8 12 0.01022226
499 187 67 100 0.010221357
498 443 122 170 0.010218752
43 179 45 49 0.010218307
736 631 8 11 0.010216565
725 484 52 65 0.010215599
675 233 19 26 0.010215261
460 119 242 272 0.010214736
428 604 44 64 0.010212486
966 483 17 19 0.010212324
524 433 8 9 0.010211197
685 635 16 17 0.0102106845
450 0 56 38 0.010210148
833 16 21 25 0.010206918
960 575 8 10 0.010205376
388 152 61 79 0.01020525
701 554 38 48 0.010204888
53 75 12 17 0.010204476
174 267 51 68 0.010204426
938 466 13 12 0.010202908
398 125 9 12 0.010202063
99 190 22 29 0.010201208
621 155 10 13 0.010198516
492 87 7 10 0.010197838
585 135 43 51 0.010196226
1005 131 19 52 0.010195994
290 338 61 77 0.010191662
254 127 49 61 0.01019113
200 0 38 25 0.010190994
950 450 10 13 0.010190768
836 282 16 25 0.010189167
376 418 43 55 0.010186752
926 447 12 12 0.0101865595
769 278 24 31 0.01018477
545 334 67 92 0.010184485
91 527 56 67 0.010184377
741 576 71 92 0.010182756
101 202 40 48 0.010181677
35 0 28 21 0.010181129
955 456 9 12 0.010180685
405 104 8 9 0.010180321
474 584 7 9 0.010179491
623 461 9 13 0.010178441
420 310 12 16 0.010178075
705 612 7 9 0.010174773
575 634 8 9 0.010173771
643 545 19 28 0.010173137
190 272 11 13 0.01017173
933 525 43 52 0.01017069
902 173 23 27 0.010170059
434 30 44 57 0.0101672895
438 55 39 51 0.010166049
588 101 61 72 0.010165271
582 141 8 10 0.010164661
708 602 10 13 0.010164056
410 392 9 10 0.010161785
642 256 35 49 0.010158988
148 212 31 57 0.010158836
959 539 8 10 0.010158809
711 247 12 14 0.0101573765
529 62 8 10 0.010157213
814 264 12 20 0.010156652
522 662 40 22 0.010156401
830 240 9 11 0.010155936
959 470 17 21 0.010154957
995 110 21 28 0.010154062
3 365 21 30 0.010153961
893 662 49 22 0.010150285
262 33 73 95 0.010149562
449 277 34 47 0.010148807
927 243 9 11 0.010147394
654 188 8 12 0.010146935
388 328 10 12 0.010146826
860 158 70 90 0.010146809
696 634 16 19 0.010146706
230 360 18 20 0.010146481
123 122 16 23 0.010145703
90 299 12 12 0.010145119
382 246 10 14 0.01014437
521 427 71 103 0.010143629
409 287 19 23 0.01014319
864 190 36 49 0.010142762
387 246 10 14 0.010140997
921 346 20 19 0.010138321
70 572 10 11 0.010138012
196 272 7 9 0.010137646
696 628 9 11 0.010136418
605 513 21 25 0.010135697
891 462 17 20 0.010133439
643 474 15 20 0.010133047
691 517 17 22 0.0101314355
210 394 55 77 0.010130398
832 545 45 51 0.0101261465
850 431 36 37 0.01012594
590 246 21 36 0.010125694
821 39 21 26 0.010125061
953 62 19 26 0.010122563
341 309 37 49 0.01011893
91 139 45 63 0.010118052
364 411 64 85 0.010117685
72 0 14 9 0.010117586
223 371 15 20 0.010115739
499 634 34 39 0.010114865
438 101 19 24 0.010114164
670 536 10 11 0.010113484
10 75 32 44 0.010113197
511 467 7 11 0.010112916
71 187 60 71 0.010110425
276 66 80 110 0.010109941
621 523 8 10 0.010109781
605 190 19 24 0.010109257
827 542 8 10 0.01010843
216 293 27 38 0.0101084085
481 53 39 50 0.010108185
848 577 37 49 0.010106734
633 129 7 10 0.010106566
335 457 6 10 0.010106014
547 68 8 11 0.010105622
237 127 46 60 0.010105222
632 52 8 10 0.01010502
285 235 64 88 0.010104312
405 210 21 25 0.010100993
173 458 40 46 0.010100418
12 493 40 59 0.01010008
6 203 40 54 0.010099397
639 45 9 11 0.010099274
791 290 9 10 0.010098656
295 344 32 41 0.0100979125
243 339 19 22 0.010096429
593 513 25 28 0.010094421
693 602 10 14 0.010094309
54 438 39 47 0.010093954
46 0 16 12 0.010092774
545 331 20 21 0.010089908
427 297 11 14 0.010089464
615 480 13 20 0.010088551
441 651 8 11 0.010088472
143 133 25 31 0.010087594
266 340 61 77 0.010086542
523 444 8 10 0.010085096
845 255 19 26 0.010085046
510 118 44 59 0.010080705
40 308 16 18 0.010077959
657 508 7 9 0.010077323
829 381 52 65 0.0100767845
614 234 21 30 0.010074396
594 279 27 33 0.010072597
308 467 37 48 0.010071696
673 529 51 59 0.010071636
311 389 13 13 0.01007141
17 301 15 21 0.010068572
408 471 55 67 0.010068203
512 220 12 13 0.010066498
204 160 8 9 0.010065241
334 52 47 60 0.010063776
417 242 27 33 0.010062776
668 530 10 11 0.01006254
727 635 8 11 0.010062417
225 350 9 10 0.010060095
514 213 7 9 0.010059579
53 317 14 18 0.010059156
452 139 10 13 0.010059003
290 398 30 38 0.010058998
385 659 48 25 0.010058994
408 504 37 56 0.01005694
286 406 23 23 0.010054773
758 635 9 11 0.010051104
72 311 28 33 0.010051091
931 71 18 26 0.010049689
890 490 44 57 0.0100487815
489 32 54 77 0.010048688
954 251 13 25 0.010047248
577 466 43 58 0.010045669
711 388 53 67 0.010045155
419 589 45 55 0.010043843
595 526 36 44 0.0100395745
560 51 8 11 0.010038864
971 463 10 14 0.010035764
933 486 41 55 0.010035746
215 659 48 25 0.010034882
347 287 11 14 0.010034732
419 429 11 13 0.010032308
378 148 17 19 0.010031613
47 404 27 35 0.010028787
295 450 46 56 0.010026859
639 105 19 27 0.010023902
172 303 10 13 0.010023732
585 159 41 57 0.01002336
591 153 10 13 0.010023192
829 564 63 73 0.010022409
593 156 11 14 0.010022249
459 33 9 11 0.010022199
611 163 10 15 0.01002154
461 272 9 12 0.010020748
1023 398 1 23 0.0100205885
105 0 19 12 0.010020444
275 115 83 114 0.010019759
197 9 23 29 0.010018391
513 274 8 10 0.010018307
616 154 21 29 0.010018043
441 252 12 13 0.010017677
353 226 30 38 0.010017315
445 102 21 26 0.010016583
189 658 8 10 0.010015385
621 457 9 13 0.010015031
69 388 54 47 0.010014074
502 95 9 14 0.010013727
829 539 8 10 0.010013316
511 228 11 12 0.01001321
347 323 20 27 0.010012146
433 109 9 11 0.010011651
175 363 15 19 0.01001161
751 590 48 61 0.010010763
935 139 35 37 0.010008139
501 537 8 11 0.010006291
849 447 15 11 0.010005954
980 73 9 12 0.010005731
222 352 10 12 0.010003287
852 593 12 15 0.01000301
731 599 9 14 0.010002762
849 98 20 28 0.0100026475
295 372 27 37 0.010001747
905 163 57 73 0.010000922
607 518 11 14 0.01000027
304 0 25 16 0.010000118