35_Basketball_Basketball_35_791
608
768 38 82 122 0.85337365
570 274 10 14 0.08503836
503 284 13 18 0.076515265
514 218 16 17 0.06685205
558 278 13 17 0.06511281
513 281 13 16 0.055083223
594 270 13 17 0.05323762
586 203 15 15 0.04955679
764 216 9 12 0.048227094
796 487 228 281 0.040003646
709 269 44 92 0.035345312
587 260 9 10 0.030029269
231 557 11 14 0.02968929
612 325 12 15 0.028757576
618 287 10 13 0.028484678
504 283 9 13 0.028484326
506 304 12 13 0.02801688
869 724 62 44 0.026645992
815 280 135 175 0.026556326
910 0 114 101 0.026051527
768 32 56 76 0.02579158
600 197 15 19 0.024686037
974 724 50 44 0.024561318
877 222 11 17 0.024503069
759 0 91 88 0.024315074
562 318 12 16 0.02405024
730 0 91 126 0.024045914
764 94 80 104 0.023758499
941 696 83 72 0.022949763
747 30 127 176 0.022634152
750 554 179 214 0.022287121
574 274 9 11 0.021981103
516 280 10 10 0.021792075
563 281 9 11 0.021649767
655 166 162 218 0.021628797
517 223 10 12 0.021464935
828 0 196 200 0.021380391
530 215 16 21 0.02118587
799 76 60 80 0.021146739
765 50 46 82 0.020983996
793 48 57 75 0.020749455
902 60 122 180 0.02001928
507 282 13 14 0.019997776
624 322 14 17 0.019920187
502 287 9 13 0.019749714
966 0 58 54 0.01957201
559 251 7 9 0.01955742
594 269 8 13 0.019452618
559 276 8 11 0.019415407
785 0 113 93 0.019340772
0 133 375 571 0.019163907
915 206 78 153 0.01911461
586 511 276 257 0.019009154
597 329 13 18 0.01866715
167 280 13 18 0.018610986
923 276 50 71 0.018414441
0 0 78 103 0.018333638
588 271 12 15 0.01829757
74 277 14 20 0.018085955
780 126 141 178 0.018072445
950 654 15 23 0.018007854
389 518 333 250 0.017918402
935 248 76 126 0.01788338
0 0 154 203 0.017877374
0 515 156 253 0.017833076
564 277 15 18 0.017828718
1014 723 10 21 0.017822992
783 81 110 141 0.017802319
532 162 15 19 0.01777616
818 338 25 23 0.01764807
852 731 58 37 0.017625624
733 65 82 108 0.017525643
856 244 163 222 0.017318977
716 108 97 122 0.017279984
972 133 52 115 0.017278465
858 264 101 117 0.017235462
956 655 8 9 0.017176133
573 357 14 20 0.017151197
47 266 84 117 0.017136488
589 259 13 14 0.01708748
519 302 11 12 0.01706188
462 230 16 20 0.016945781
584 272 9 14 0.016859392
911 142 113 200 0.016839854
203 548 318 220 0.016710838
738 176 155 213 0.016690554
814 260 100 109 0.01664637
465 0 147 108 0.016505565
128 180 84 97 0.016501408
542 300 10 15 0.016477618
0 664 83 104 0.01646374
269 645 171 123 0.016435426
21 495 321 273 0.016392637
830 19 112 141 0.016334245
563 264 9 11 0.016284639
578 272 13 15 0.016266104
568 279 9 12 0.016252195
876 711 93 57 0.01608643
848 354 102 89 0.016049149
984 403 40 84 0.016040372
356 649 176 119 0.016032733
610 0 246 254 0.0159817
225 358 13 14 0.01595862
616 325 9 10 0.015952721
1004 748 20 20 0.015932756
822 532 124 201 0.015928665
739 393 90 124 0.015886346
506 284 20 25 0.015882405
230 266 14 15 0.015829923
374 0 146 110 0.015727036
72 302 11 12 0.015638482
158 282 22 20 0.015634695
224 268 14 16 0.015611815
821 732 54 36 0.015540578
927 29 96 121 0.015457943
856 634 155 134 0.015447736
147 227 12 15 0.015440606
283 0 152 116 0.015240244
418 494 99 149 0.015211089
517 222 15 18 0.015174587
449 645 174 123 0.01514957
747 138 113 145 0.015074486
0 0 53 67 0.015052084
967 183 57 135 0.015019266
985 175 39 92 0.014990418
233 415 56 72 0.014972008
58 0 154 117 0.014951418
812 268 212 359 0.014951093
194 0 153 117 0.014808563
587 640 174 128 0.014779699
838 316 101 102 0.014753169
509 286 12 15 0.014648584
554 0 147 105 0.014648542
566 274 10 11 0.014572341
219 544 10 11 0.014551429
843 691 93 77 0.014548435
79 278 11 15 0.014545824
238 242 13 18 0.014466014
559 284 9 13 0.014409212
617 416 97 140 0.014385665
240 701 96 67 0.014374172
418 0 148 140 0.014330742
557 265 7 10 0.014268842
521 0 122 88 0.0142332325
469 395 8 12 0.014217788
964 510 60 121 0.014117103
961 83 63 118 0.014082239
649 0 137 100 0.014065031
555 277 11 14 0.014064514
1016 268 8 18 0.014049839
646 702 97 66 0.014042179
481 0 288 206 0.014038724
601 708 94 60 0.014033458
567 249 7 9 0.014032677
921 335 103 183 0.013998396
559 714 90 54 0.013987206
210 262 80 104 0.013966837
101 0 158 150 0.01396399
354 707 96 61 0.013955002
520 222 11 11 0.0139175905
745 0 73 61 0.013913726
236 0 158 155 0.013876674
469 710 93 58 0.013859109
417 450 169 215 0.0138578415
187 654 169 114 0.013851704
326 0 153 150 0.013805914
726 242 84 107 0.013763089
499 195 13 16 0.013756049
592 262 16 20 0.013704549
795 199 143 171 0.01370334
61 259 13 15 0.013688462
616 346 13 19 0.013680119
761 148 79 92 0.013661716
422 707 95 61 0.01366029
502 295 16 23 0.013659185
513 220 10 12 0.013626439
827 0 142 103 0.013621575
698 142 127 170 0.013594831
546 307 68 94 0.0135843335
626 393 83 105 0.013569047
498 197 63 89 0.0135661075
513 710 93 58 0.013495925
616 323 17 18 0.013484202
93 294 12 17 0.013479844
306 324 9 11 0.013466964
246 529 81 94 0.013441871
62 651 154 117 0.013416781
587 262 11 18 0.013400536
901 448 123 203 0.013398687
1 46 82 138 0.013373051
35 360 16 19 0.013365164
618 100 245 330 0.013355655
721 292 27 66 0.013331461
599 273 10 11 0.013326304
190 253 13 17 0.013320798
298 290 7 10 0.013301105
613 324 9 10 0.01322503
64 43 96 132 0.013183834
466 267 7 10 0.013159799
774 84 10 11 0.013158791
727 213 46 62 0.013157534
286 700 99 68 0.013136513
318 556 10 13 0.0131173255
244 542 47 54 0.013112061
786 83 48 67 0.013106411
859 362 57 65 0.013091263
572 271 9 11 0.013079543
760 213 14 19 0.013074507
694 292 49 79 0.013072804
973 601 51 106 0.0130708795
986 372 38 77 0.0130667975
814 36 85 106 0.01306228
608 0 80 61 0.013054221
11 245 80 132 0.013047956
619 285 7 10 0.013008873
160 202 69 84 0.012976606
457 484 107 142 0.012952542
803 688 97 80 0.012928565
79 702 117 66 0.012921907
74 588 210 180 0.012914025
586 263 8 11 0.0128943175
826 145 141 190 0.012887985
810 0 75 58 0.012856698
754 260 92 107 0.012841243
669 34 91 110 0.0128284255
184 424 81 96 0.012818358
213 305 82 109 0.012812288
996 0 28 31 0.012784529
692 435 11 18 0.012762637
526 595 197 173 0.012755493
775 160 227 302 0.012753471
27 207 123 167 0.012752834
256 724 65 44 0.012731297
18 0 91 79 0.012727079
788 251 80 88 0.012718098
581 43 92 134 0.012714431
114 551 85 103 0.012648218
718 291 75 101 0.012642842
554 282 13 19 0.012631626
1011 0 13 16 0.012616204
443 284 7 10 0.012613168
689 256 81 117 0.012611004
771 0 62 45 0.012598605
580 448 99 133 0.012574997
164 698 118 70 0.012572475
152 0 98 107 0.012563251
383 488 98 140 0.012560699
774 392 142 193 0.012559088
36 4 108 125 0.012537372
752 359 89 111 0.01252295
612 284 7 10 0.012522691
423 371 51 57 0.012507289
970 722 18 14 0.0124702025
439 526 102 144 0.012452523
551 252 8 10 0.012445532
936 726 59 42 0.012445098
505 218 15 17 0.012435623
897 241 68 110 0.012432839
507 2 153 170 0.012400007
4 389 87 128 0.012393957
785 24 55 62 0.012392471
304 284 7 10 0.012384691
304 0 296 212 0.01234249
559 282 15 18 0.012338576
0 12 259 388 0.0123281935
543 320 44 68 0.012305558
14 670 149 98 0.012296244
423 321 13 15 0.01229436
0 708 42 60 0.0122936135
576 272 8 10 0.012293148
823 63 47 69 0.0122609865
564 280 78 108 0.0122532025
717 202 77 101 0.012247823
579 517 97 131 0.01224166
440 0 101 71 0.012171216
0 0 32 44 0.012153079
964 422 60 124 0.012135167
562 267 10 16 0.012116253
351 0 103 74 0.012100521
205 271 12 17 0.012087841
108 11 320 427 0.012079444
672 647 163 121 0.01207095
90 0 91 82 0.012045506
483 730 63 38 0.0120423315
0 726 26 42 0.012025427
368 504 182 224 0.012021139
55 404 139 180 0.012009743
116 203 71 85 0.012007096
564 0 79 61 0.0119901225
963 290 61 116 0.011984009
407 0 80 61 0.011963871
52 263 132 175 0.011952504
593 731 64 37 0.011951314
654 0 78 60 0.011948734
816 334 19 22 0.011945954
519 175 72 93 0.011942842
33 0 291 212 0.011938999
93 94 87 118 0.011938635
504 275 21 22 0.011922149
1018 651 6 21 0.011913174
616 730 64 38 0.011907647
257 625 109 134 0.011894157
184 0 80 60 0.011886573
403 6 311 341 0.011882626
734 436 73 118 0.011858486
108 41 94 135 0.01185628
571 684 105 84 0.011849629
139 0 80 60 0.011840743
593 275 9 14 0.011835188
373 596 101 135 0.011831234
297 578 23 28 0.011823642
192 242 76 96 0.011818726
0 0 10 13 0.011817907
692 702 95 66 0.011815631
67 183 128 158 0.011809357
519 0 79 61 0.011793077
407 371 79 100 0.0117921075
306 0 103 74 0.01178505
269 556 86 112 0.011782461
203 0 89 82 0.011772767
551 731 63 37 0.011753408
224 340 78 120 0.011743944
472 475 190 226 0.011731818
111 294 11 15 0.011730297
420 443 100 134 0.011718743
343 624 110 132 0.011716318
589 395 98 121 0.011715942
104 152 129 150 0.011712624
168 629 108 129 0.011687908
175 167 91 105 0.011687806
41 71 95 122 0.011657304
614 288 13 18 0.011647799
1018 642 6 21 0.011641996
858 388 151 187 0.011639068
109 686 138 82 0.011626633
789 293 76 85 0.011625524
0 440 118 188 0.011619659
812 311 84 93 0.011613709
528 730 62 38 0.0116130775
398 550 97 139 0.011592953
90 370 10 10 0.0115697
260 0 105 75 0.011568801
153 338 55 68 0.0115436595
661 727 65 41 0.011534938
795 474 130 214 0.011534765
758 296 159 209 0.011528675
983 555 41 90 0.011514389
857 0 76 59 0.011507348
530 126 8 13 0.01150656
219 531 73 85 0.011504157
0 534 81 194 0.01149707
835 505 95 130 0.0114899585
480 210 69 99 0.011481226
252 262 14 16 0.01147122
573 277 12 15 0.011454544
370 728 66 40 0.011453223
437 728 65 40 0.011443686
289 36 94 142 0.011416167
870 349 111 130 0.011415449
336 444 154 206 0.011409709
599 328 8 12 0.011400958
562 421 93 115 0.011383046
921 0 81 60 0.011373164
983 733 16 16 0.011348958
123 291 14 18 0.011340973
423 469 13 17 0.011338241
508 290 9 13 0.011337445
1019 267 5 13 0.011324059
1017 125 7 24 0.011323762
77 261 62 91 0.011321877
566 269 11 12 0.01128396
518 127 80 108 0.011281037
491 261 12 13 0.011280128
176 18 96 136 0.011276658
417 597 101 134 0.011273177
1018 659 6 21 0.011265693
0 299 114 200 0.011263228
609 472 14 19 0.0112600215
303 603 101 131 0.011243644
985 343 39 76 0.011232373
550 495 98 129 0.0112118935
159 95 86 118 0.011210903
873 743 40 25 0.011198864
722 286 50 69 0.011183906
214 608 103 127 0.0111823715
135 288 14 15 0.011182003
775 88 11 15 0.0111753335
801 30 58 67 0.011168972
485 530 102 141 0.011155542
1018 504 6 16 0.011149872
945 276 49 72 0.011147273
177 441 59 68 0.011145656
883 531 141 200 0.011141419
1018 318 6 19 0.011135552
461 598 102 134 0.011131744
205 113 86 123 0.011129861
59 306 11 13 0.011124525
48 282 14 19 0.0111146895
766 397 92 96 0.011113256
769 76 24 38 0.0111129545
234 267 9 10 0.011106732
839 253 65 74 0.011103633
586 354 14 18 0.011100471
595 258 8 9 0.011097247
543 253 74 104 0.01109059
802 329 46 53 0.011086148
92 588 91 117 0.011085578
2 205 79 127 0.0110773565
547 623 105 130 0.011076106
72 0 81 60 0.011069757
426 393 87 111 0.011065424
207 190 80 100 0.011065042
243 572 10 14 0.01105771
223 270 8 12 0.011054087
535 42 91 125 0.011049612
1018 634 6 21 0.011037309
79 394 98 122 0.011032215
562 228 7 10 0.011025359
568 297 15 17 0.011011917
516 72 86 114 0.011006574
559 229 11 15 0.010993975
888 739 56 29 0.010990761
506 599 101 134 0.010986442
167 453 78 102 0.0109849
40 375 95 118 0.01095694
185 316 74 95 0.010954062
492 270 43 58 0.01094545
737 310 85 96 0.010940901
555 300 140 190 0.010940442
589 345 82 101 0.0109351585
1018 517 6 17 0.010931215
772 79 13 14 0.01092665
1018 32 6 20 0.010925488
1019 273 5 13 0.010922074
765 229 11 18 0.010914336
1012 730 12 30 0.010910868
447 418 93 120 0.010898726
460 30 153 195 0.010893502
693 207 70 115 0.010882976
766 376 11 10 0.010881495
132 528 88 104 0.010878568
534 446 175 215 0.010863519
244 111 93 132 0.010845763
358 554 93 133 0.01084075
236 549 152 187 0.010840231
762 692 99 76 0.010829105
924 77 86 104 0.01082667
728 180 81 95 0.010823058
580 487 175 219 0.010816342
534 186 11 17 0.010812581
0 595 45 107 0.010806813
506 171 60 78 0.010804141
493 94 83 112 0.0108037405
187 28 163 199 0.010802687
537 96 85 116 0.010799522
226 0 276 289 0.010792817
426 352 77 93 0.0107885385
973 72 51 78 0.0107855955
502 77 285 356 0.010759721
756 226 86 100 0.010750608
1018 0 6 13 0.010749316
1018 668 6 20 0.010723908
112 507 86 106 0.010723159
800 386 88 100 0.010717754
305 310 7 9 0.010709826
738 439 148 227 0.01068982
403 419 89 120 0.010680507
1015 714 9 22 0.010673307
60 261 16 22 0.010664169
246 256 88 115 0.010659748
592 431 13 19 0.010657265
529 533 98 137 0.010654692
243 38 94 139 0.010638412
555 282 9 12 0.01063652
302 724 66 44 0.01061272
20 365 140 185 0.010610263
431 294 77 107 0.010600073
757 217 18 26 0.010594719
67 309 86 117 0.010592979
167 317 125 177 0.010585609
862 297 65 79 0.010581932
59 532 149 196 0.010575341
784 108 14 17 0.010568288
265 504 86 104 0.010566131
808 147 80 89 0.010553537
575 262 7 9 0.0105518
125 546 59 70 0.010543792
596 597 101 134 0.010535404
3 117 83 130 0.010534282
1018 304 6 18 0.010519682
574 743 57 25 0.010518618
671 160 105 145 0.010515554
967 641 57 101 0.010482115
382 413 153 208 0.010480692
1019 336 5 17 0.010469495
544 211 18 18 0.010468882
146 432 141 188 0.010458352
589 264 8 10 0.0104396045
331 36 96 141 0.010434305
981 727 12 13 0.010432979
143 312 362 442 0.010430843
575 359 10 13 0.010420899
465 232 11 12 0.01040844
637 0 67 49 0.010399926
0 148 178 426 0.01039954
733 268 142 170 0.010392589
556 35 152 184 0.010391682
158 203 48 56 0.010386561
542 281 11 11 0.010381592
767 38 33 45 0.010372563
427 357 13 17 0.010370191
919 158 78 115 0.010360691
704 405 129 179 0.0103527475
194 493 147 190 0.0103515135
481 346 13 16 0.0103494255
243 591 97 122 0.010347261
1019 328 5 17 0.010344448
223 0 22 16 0.010342343
856 403 84 83 0.010340213
0 28 45 83 0.010338086
378 38 97 141 0.010335759
556 286 15 21 0.010331557
585 266 9 14 0.010324883
107 563 61 74 0.010318595
1018 525 6 18 0.010313937
699 0 72 59 0.010309162
777 88 7 9 0.010280628
701 315 73 99 0.010279934
241 296 86 115 0.010278799
481 254 65 88 0.010276826
815 356 13 13 0.010275841
414 402 11 15 0.010273296
852 229 82 105 0.010269379
146 245 7 11 0.010261139
808 571 81 121 0.010260691
556 208 23 25 0.010258593
571 282 8 11 0.010254773
733 708 92 60 0.010250189
536 282 44 68 0.0102435425
491 199 49 64 0.010241687
756 0 50 36 0.01024158
0 640 44 106 0.010233003
621 284 10 12 0.010230476
0 433 69 125 0.010229164
585 301 79 104 0.010227839
840 0 62 46 0.010224583
1019 107 5 18 0.010224075
255 426 13 16 0.010221445
981 251 43 81 0.010221196
1019 253 5 16 0.01021881
1018 626 6 20 0.0102078
1018 676 6 19 0.010206884
657 41 133 166 0.010204143
139 138 339 453 0.010194907
515 287 8 12 0.010194595
751 157 33 35 0.010193563
539 152 80 104 0.010190916
707 726 65 42 0.010188366
235 357 9 11 0.010187425
783 167 83 96 0.010185773
0 515 51 132 0.010185514
479 162 73 98 0.010184082
331 581 98 129 0.010183065
0 14 30 63 0.0101780575
560 320 9 13 0.010174174
522 217 19 20 0.010166322
581 175 13 17 0.010156925
823 261 53 59 0.010154631
1018 489 6 19 0.010152521
831 42 44 60 0.01015122
771 557 96 155 0.010147507
742 290 67 79 0.010146973
234 0 22 16 0.010145609
1018 116 6 22 0.010145214
579 270 10 11 0.01013926
0 0 20 27 0.010133138
153 134 141 169 0.010132463
470 368 14 15 0.010128598
493 419 291 335 0.010123898
386 353 81 96 0.010116109
616 253 7 9 0.010113631
781 27 198 252 0.010106916
229 551 81 103 0.010105988
190 385 140 194 0.010105779
0 244 49 129 0.010102509
551 298 10 13 0.010087902
288 110 93 135 0.010087242
204 583 86 107 0.010084237
164 343 70 89 0.0100823995
386 445 87 123 0.01007487
778 262 52 63 0.01006524
489 410 162 205 0.010050422
585 117 88 125 0.010046208
61 278 13 20 0.010045462
532 210 23 22 0.0100380955
1018 691 6 19 0.01003804
289 525 88 116 0.010037103
811 527 90 118 0.01003661
230 248 72 90 0.010034479
845 329 67 69 0.010031321
608 79 79 110 0.010030777
1019 239 5 18 0.010028722
186 369 82 112 0.010021459
222 423 75 101 0.0100201
1018 22 6 23 0.010011359
148 547 152 190 0.010011178
599 0 141 138 0.010007008
18 95 90 120 0.010005419