35_Basketball_Basketball_35_754
2396
498 106 21 24 0.8322253
626 14 13 16 0.693332
486 23 13 11 0.62030286
387 120 16 19 0.57310784
925 292 11 16 0.37634742
589 432 20 23 0.3573954
229 230 18 11 0.32244128
193 332 12 17 0.31839862
668 339 9 17 0.2785687
119 134 10 11 0.25766245
380 124 19 16 0.23133478
634 468 19 30 0.22997677
206 264 17 18 0.2236263
223 230 16 13 0.21832523
453 62 21 15 0.21596375
927 296 14 14 0.20807925
593 457 22 17 0.18302488
233 226 18 14 0.16464908
935 303 13 11 0.16260888
189 337 12 15 0.15047741
410 119 15 18 0.13236438
378 129 16 12 0.12728593
930 301 14 13 0.12722751
459 66 17 13 0.12348275
953 320 18 23 0.116124675
481 16 19 20 0.110794656
668 340 15 20 0.10542254
590 447 23 24 0.10204649
203 258 15 19 0.09974782
165 341 14 20 0.094364904
390 123 10 11 0.09277302
210 260 17 18 0.09058968
188 342 9 16 0.09014909
940 304 11 11 0.08969722
646 453 17 25 0.08767153
192 340 12 18 0.08362132
240 219 12 18 0.08229334
375 131 13 9 0.081499144
200 252 13 18 0.08129885
382 118 17 17 0.07873168
596 435 20 23 0.07700658
121 129 10 14 0.07663133
198 335 8 13 0.075721145
178 387 17 19 0.075263985
933 298 12 11 0.07096308
391 125 10 15 0.068992265
956 335 16 12 0.067682974
391 120 24 21 0.067237
393 124 12 11 0.06638387
222 224 24 19 0.06534338
181 341 17 20 0.06442511
934 302 17 18 0.06403716
607 441 15 22 0.06366838
586 446 11 17 0.063333064
642 473 20 26 0.06324856
670 346 17 20 0.06308567
587 444 18 21 0.061926126
944 298 16 18 0.061528455
928 299 9 10 0.061357293
932 291 18 18 0.05986742
938 298 16 15 0.059626564
113 131 15 13 0.059602607
220 226 14 14 0.059535284
454 69 17 12 0.05931949
230 220 16 18 0.05775933
465 27 10 12 0.05750189
485 11 14 17 0.057460606
925 289 7 16 0.057387695
385 130 12 12 0.05726787
629 24 11 14 0.05697074
185 334 17 23 0.056576956
464 69 15 13 0.05634149
203 249 19 21 0.056262136
216 258 12 14 0.056078836
508 24 8 12 0.055971134
924 298 9 12 0.055715367
666 345 11 16 0.05467852
118 138 11 11 0.054610927
635 471 11 20 0.054139033
498 116 14 15 0.05407739
194 339 8 12 0.053925347
118 125 13 14 0.053921875
225 227 12 11 0.053535465
922 294 9 14 0.05347281
587 433 12 16 0.05296985
192 342 7 11 0.05286194
641 472 13 22 0.052315682
513 67 12 16 0.05175824
600 449 17 19 0.05103827
379 116 33 28 0.05091519
189 345 12 17 0.050860807
169 375 11 17 0.04934422
388 127 8 11 0.04928768
641 457 20 31 0.048908804
370 260 15 12 0.04832855
196 328 11 18 0.048071194
633 25 10 14 0.04786333
188 328 13 18 0.04696555
463 51 17 23 0.046844397
675 350 17 17 0.04670252
630 475 13 17 0.045940757
627 8 11 15 0.045698404
645 479 11 18 0.044554777
451 53 20 21 0.044330183
382 134 13 10 0.044096325
556 562 12 13 0.04397453
670 347 8 11 0.04361739
672 336 20 23 0.043397773
180 383 16 14 0.043264486
476 107 10 11 0.04326379
610 447 10 15 0.04303964
210 251 17 17 0.042720433
638 465 11 15 0.042622313
922 296 16 20 0.04198516
626 472 22 25 0.0418717
930 295 9 12 0.041661944
226 233 12 15 0.04132819
632 461 17 25 0.04021404
236 230 19 19 0.039831273
927 288 17 19 0.039810244
196 391 13 18 0.0393892
648 465 13 16 0.038368676
648 477 12 17 0.038257647
416 122 14 15 0.03815217
621 8 16 20 0.03814842
371 129 12 11 0.03810408
205 242 24 25 0.037526112
236 232 14 9 0.037415177
954 338 18 20 0.037329793
371 125 20 20 0.037209008
393 125 14 18 0.03717304
623 20 15 20 0.03710826
960 321 19 21 0.03674521
479 104 11 11 0.036461625
212 266 15 17 0.03623373
189 320 17 23 0.03622515
638 482 14 18 0.035875663
630 30 9 12 0.03556475
395 128 7 12 0.035529844
582 435 17 23 0.035529796
469 24 10 12 0.03525717
167 338 9 14 0.0352342
237 222 20 20 0.035051465
454 44 21 24 0.034862816
492 111 30 35 0.034700546
378 119 15 15 0.03465633
232 233 13 10 0.03461333
112 126 13 13 0.034602705
477 23 10 13 0.034553457
204 266 11 17 0.03436276
960 300 9 12 0.03416916
670 334 13 18 0.034108333
390 115 18 19 0.03397233
105 120 19 18 0.033825584
522 135 10 13 0.033489358
184 347 10 13 0.03334685
938 300 8 9 0.0332746
951 298 14 16 0.032931726
468 73 11 12 0.032810967
686 350 14 19 0.03274143
169 345 15 15 0.032733336
467 63 13 16 0.032673903
938 306 10 12 0.032655284
75 147 15 18 0.032651626
490 19 14 14 0.032608654
75 143 9 10 0.032539193
169 339 11 17 0.032483704
393 120 8 11 0.03248154
579 441 20 26 0.032090925
193 395 11 15 0.032066856
93 144 10 12 0.03192598
134 147 15 14 0.03192381
514 73 9 9 0.031626888
403 116 25 26 0.031514015
663 341 11 17 0.031512644
641 459 12 18 0.031454735
672 344 8 11 0.0313441
505 107 16 17 0.031298574
601 433 25 30 0.031274382
211 226 21 21 0.031180885
643 441 21 32 0.030995626
239 228 10 10 0.030925687
386 124 9 11 0.030843072
466 22 10 12 0.030612841
686 346 12 14 0.030505385
583 442 11 19 0.030451156
203 254 26 28 0.030439768
667 336 7 14 0.030321993
463 30 10 13 0.030226547
371 115 19 20 0.030197501
498 91 28 36 0.030155852
414 114 16 19 0.030117322
78 141 9 11 0.030065846
626 23 10 12 0.029636573
163 341 10 13 0.029627098
201 260 11 17 0.029621646
98 121 18 17 0.02941962
629 16 16 19 0.029329484
631 20 10 12 0.029310727
629 8 15 18 0.029304607
103 125 16 17 0.029276052
203 269 16 21 0.029149298
679 345 17 19 0.02899101
194 333 18 24 0.028918307
639 25 9 12 0.028913748
190 398 9 13 0.028766196
597 463 16 14 0.028689943
222 218 9 17 0.028632572
608 452 12 16 0.028599178
636 29 9 13 0.028546626
591 432 15 14 0.028533656
476 104 16 17 0.0284586
925 299 19 22 0.028423615
167 347 10 15 0.028414065
948 323 9 15 0.028279155
179 324 19 22 0.02818858
120 134 16 19 0.028151304
665 346 15 22 0.028064024
572 540 18 16 0.027600586
651 482 7 10 0.027592145
382 129 9 10 0.027546065
204 256 11 13 0.027537184
955 345 17 22 0.027536852
600 89 11 15 0.027491556
217 230 26 23 0.027448997
388 120 9 11 0.027411243
928 291 8 12 0.027396282
200 333 11 16 0.02737717
169 334 10 15 0.027363276
109 132 10 12 0.02720358
224 234 9 10 0.026910597
208 263 11 12 0.026897475
94 122 35 32 0.026845908
457 71 18 15 0.026837543
525 254 14 23 0.026788943
482 24 14 14 0.026726654
167 344 9 13 0.026638811
666 343 6 13 0.026409596
175 346 15 14 0.026397584
966 210 16 21 0.026316172
637 13 8 11 0.026205165
480 20 12 14 0.026102232
186 278 12 13 0.026081637
229 235 18 21 0.026077988
369 254 14 14 0.026048854
502 23 9 12 0.02600471
207 259 10 12 0.025860362
448 60 18 18 0.025659878
160 344 12 15 0.025420412
114 123 13 13 0.025398068
932 307 12 14 0.02538573
616 19 10 13 0.025329782
336 143 14 17 0.025227383
228 212 18 21 0.02511628
188 340 8 10 0.025027564
670 349 11 13 0.024965176
421 126 12 14 0.024957238
668 400 12 14 0.024949096
224 220 12 16 0.024906382
608 439 11 16 0.024792038
183 392 14 17 0.024791282
461 60 16 15 0.024752803
632 17 8 10 0.024696603
370 123 12 14 0.024670335
856 256 10 14 0.024659252
682 354 14 15 0.024603296
620 21 12 14 0.024564331
515 114 11 15 0.02456396
171 332 17 21 0.024552936
969 325 13 15 0.024547137
649 481 7 13 0.024530299
943 306 11 12 0.024502384
653 478 11 14 0.024438147
485 21 10 10 0.024404284
690 357 11 15 0.024306431
111 130 11 11 0.02425824
123 129 14 18 0.024232466
199 328 17 23 0.024203274
451 58 28 25 0.02404242
642 131 11 14 0.023922501
472 18 18 21 0.023902271
781 391 11 19 0.023899186
367 126 9 11 0.023852004
949 325 11 16 0.023741651
222 258 12 14 0.02351799
110 122 23 20 0.023427883
199 248 12 16 0.023338836
564 518 14 20 0.02326527
672 346 12 12 0.0232344
492 23 9 9 0.023089247
218 249 15 21 0.023081072
624 12 11 13 0.02305474
367 128 12 13 0.023018718
223 212 29 29 0.022946786
646 473 11 16 0.022944475
501 25 12 16 0.022936432
591 110 13 17 0.022926902
511 49 9 12 0.022848407
488 22 19 18 0.02283292
490 25 12 11 0.022796145
213 224 13 16 0.022768628
86 119 24 18 0.022744436
963 302 9 13 0.02272627
628 29 8 10 0.022621926
129 139 17 19 0.022578212
640 472 10 13 0.022540823
768 388 10 11 0.022532877
173 382 16 20 0.022504771
630 24 8 9 0.022466805
387 133 20 22 0.022456253
182 334 14 16 0.022440583
642 24 8 11 0.02240337
506 27 9 12 0.022363776
196 342 8 11 0.022341851
585 434 9 12 0.022328984
550 564 12 12 0.02225989
451 69 14 14 0.022162529
195 331 7 12 0.022111181
634 18 19 22 0.022096543
244 219 7 14 0.02206793
113 134 18 20 0.022064585
406 114 15 19 0.022028765
644 463 13 15 0.02198857
224 290 8 12 0.02197198
217 261 15 17 0.02194292
195 318 16 22 0.02192267
782 390 9 10 0.021902734
611 442 10 15 0.021884471
504 121 21 26 0.021881111
765 388 8 10 0.021843152
583 453 20 20 0.021839807
185 344 10 11 0.021799564
330 147 22 25 0.021799313
634 4 11 15 0.021793256
207 323 11 13 0.021767111
613 447 11 16 0.021732686
463 75 13 12 0.021638397
635 20 10 13 0.021623867
209 228 28 35 0.021541007
406 12 9 11 0.02140903
78 146 9 12 0.021389734
580 424 27 34 0.021336317
627 0 16 20 0.021331733
185 378 12 16 0.021325383
199 331 7 12 0.021292232
390 131 13 15 0.021280577
187 375 11 14 0.021258365
216 249 12 15 0.021235367
187 352 11 14 0.021224728
90 140 11 12 0.021170385
485 123 23 26 0.021154322
582 439 10 16 0.021136517
627 472 14 16 0.021119574
174 372 19 22 0.021118
397 112 19 22 0.021116033
89 191 12 16 0.021065205
188 384 16 20 0.02100338
490 99 24 27 0.020941833
592 423 22 25 0.020936927
108 132 16 17 0.020924568
0 0 143 182 0.020892356
952 329 14 15 0.020852821
116 140 16 20 0.020831736
768 373 17 19 0.020811183
1022 562 2 13 0.020801226
621 13 31 37 0.020775555
169 347 19 22 0.020715775
962 331 14 13 0.020672813
405 122 16 17 0.020628573
454 73 15 12 0.020546496
397 126 11 13 0.020540092
224 241 16 25 0.020492814
177 327 14 15 0.020462751
943 294 12 15 0.020441147
412 120 21 26 0.020414205
470 30 10 14 0.020412857
272 559 21 17 0.020361578
510 56 13 23 0.020346634
497 110 13 16 0.020337563
926 302 9 11 0.020290216
105 131 10 12 0.020231705
922 281 14 23 0.020160941
508 103 25 31 0.02014519
614 443 19 23 0.020111924
772 385 11 11 0.020107891
506 215 31 39 0.020102646
663 392 15 18 0.020093357
490 126 32 39 0.020056358
140 148 11 13 0.02004085
226 443 27 29 0.020030139
812 0 212 197 0.019989777
482 107 20 22 0.019921483
356 557 21 19 0.019898059
172 377 13 14 0.019822557
946 233 18 23 0.019755395
180 348 16 18 0.019742707
398 126 18 20 0.019741733
209 326 16 22 0.019729607
518 70 11 13 0.019684441
941 309 9 12 0.019647527
203 315 10 13 0.01964111
453 62 12 11 0.019638782
202 257 8 11 0.019611469
951 304 12 14 0.019563787
591 454 28 31 0.01950408
510 28 10 16 0.019449107
657 480 7 9 0.019434895
109 125 10 12 0.019350216
634 0 12 9 0.01933681
652 459 18 19 0.019320544
202 335 5 10 0.019226532
194 397 7 10 0.019207112
641 486 17 20 0.019186873
497 16 15 19 0.019170104
641 29 9 13 0.019156637
360 127 19 20 0.019153543
200 328 11 15 0.01907953
511 256 23 19 0.019031728
77 121 21 18 0.018934142
616 24 19 24 0.018744098
591 454 16 14 0.018733034
628 20 9 10 0.018638082
511 21 8 12 0.018625418
615 21 13 18 0.018619444
601 459 21 19 0.018585527
645 272 10 12 0.018584335
235 227 10 9 0.018580392
923 291 7 11 0.018578276
455 69 10 9 0.018544365
477 11 16 20 0.01853797
614 10 16 21 0.01848751
479 110 12 13 0.018474814
590 118 12 10 0.018473934
488 27 10 12 0.018460738
184 370 13 15 0.018448524
384 139 10 13 0.018406482
499 107 14 14 0.01836985
648 485 13 16 0.01833269
473 96 16 19 0.018329592
168 336 7 11 0.018310865
614 23 7 10 0.018304598
462 35 15 22 0.018285152
356 566 17 10 0.018261133
0 390 206 186 0.018242283
705 383 7 14 0.018213058
222 226 8 11 0.018207077
776 389 12 13 0.018185139
204 266 8 12 0.018146757
238 236 19 22 0.018145192
515 132 16 20 0.01813089
952 307 18 22 0.018130792
74 145 11 15 0.018072419
122 138 10 10 0.01805898
509 52 11 17 0.018054588
929 291 27 29 0.018046217
195 280 10 13 0.01802969
400 245 14 16 0.018004607
492 112 16 20 0.017994035
1011 548 13 27 0.017992385
512 24 13 19 0.017978473
471 104 14 15 0.017953368
624 452 20 24 0.017938143
841 238 18 19 0.017933698
681 338 15 19 0.01792418
203 324 12 14 0.017906409
636 460 11 16 0.017903857
197 275 14 18 0.017878428
238 215 12 16 0.017877517
170 382 9 15 0.017853191
201 318 18 24 0.017822713
198 268 13 17 0.017775366
598 433 13 14 0.017750498
365 111 42 41 0.017740417
447 65 14 16 0.017725142
948 319 16 19 0.017707689
189 271 15 19 0.017704964
648 460 10 15 0.017672589
449 55 11 17 0.017652482
642 269 10 13 0.017646693
639 271 11 14 0.017641444
207 219 17 20 0.017615424
363 132 10 11 0.017604468
473 23 10 13 0.017580768
634 476 8 12 0.017579539
624 28 9 12 0.017570427
165 351 8 12 0.017557552
617 52 9 12 0.017553536
468 26 17 21 0.017551223
194 345 8 11 0.017533366
218 232 12 14 0.017505119
610 25 13 19 0.017492088
464 25 100 146 0.017486347
74 151 9 16 0.01746519
78 127 20 19 0.017416993
833 176 8 10 0.017415524
642 274 10 13 0.017398667
224 389 10 17 0.017385388
481 16 9 13 0.017382203
205 317 11 15 0.017346188
637 274 10 14 0.017344905
465 41 17 25 0.017342083
231 227 10 9 0.017336087
383 143 8 10 0.017299853
488 58 10 15 0.017293623
80 0 314 223 0.017289534
163 332 16 22 0.017275162
619 505 71 70 0.017272867
957 300 14 19 0.017257066
634 9 17 20 0.01725058
512 50 15 24 0.01722792
640 264 10 13 0.017215537
81 145 8 9 0.017211692
662 336 11 16 0.017207785
171 329 12 14 0.017173002
380 136 11 11 0.017170163
674 329 18 19 0.017159445
848 434 176 142 0.017113814
366 262 15 14 0.01711268
645 267 10 12 0.017092
620 27 10 13 0.017090647
600 461 14 11 0.01706678
637 266 10 14 0.017062563
630 425 18 22 0.017060548
396 122 11 10 0.017050242
477 8 30 34 0.017032748
188 308 18 20 0.017010776
206 263 8 10 0.017006865
632 274 11 14 0.016973946
404 45 18 22 0.016967734
509 257 15 14 0.016958382
234 398 15 14 0.016956419
468 70 9 10 0.016945638
208 327 12 14 0.016938718
660 343 15 23 0.016924497
635 279 10 14 0.016908405
136 153 12 9 0.01690815
370 118 13 13 0.016901005
0 0 93 118 0.016890027
479 98 13 15 0.016882444
203 276 10 16 0.016837692
486 6 17 17 0.01683583
188 279 16 17 0.016834375
642 262 10 12 0.016829003
639 279 11 13 0.016811537
636 26 18 23 0.016810209
760 338 17 21 0.016767671
414 126 13 15 0.01676368
610 0 52 54 0.016747212
201 395 8 13 0.01673145
959 330 12 13 0.016707944
128 137 10 12 0.016704306
191 380 11 14 0.01670418
188 348 7 10 0.016703932
621 1 25 31 0.016685693
621 17 10 12 0.016658608
511 110 13 16 0.016629048
632 266 11 14 0.016598556
635 261 10 14 0.01659286
219 229 9 9 0.016592136
645 277 10 12 0.016553268
157 374 6 11 0.016550232
630 279 10 14 0.01653793
481 9 13 15 0.016524553
227 238 11 18 0.016504435
368 121 10 13 0.016499486
545 564 11 11 0.016489424
202 218 17 18 0.016484877
185 318 27 34 0.01647532
624 29 12 17 0.016447628
493 13 12 15 0.01643933
574 468 16 18 0.016437402
644 478 8 13 0.016434
435 0 96 128 0.016359644
515 48 10 13 0.016359536
960 340 18 22 0.016354058
777 387 9 9 0.016344568
239 224 9 10 0.01633666
618 10 23 30 0.016336394
199 314 11 14 0.016320838
628 34 10 11 0.016317947
642 282 10 13 0.016316589
384 122 8 10 0.016305434
637 284 10 13 0.016294908
417 122 9 10 0.016272288
627 274 11 14 0.016268933
282 562 18 14 0.016263656
453 71 8 10 0.016262796
632 284 11 13 0.016261296
196 250 12 17 0.016243076
495 108 11 13 0.016241979
199 265 9 12 0.016234549
377 209 41 48 0.016216528
582 445 8 13 0.016215935
352 136 11 12 0.016201546
481 108 10 10 0.01619975
458 82 12 14 0.016197862
204 290 12 13 0.016165143
125 122 21 20 0.016125917
604 435 11 15 0.016124576
213 266 10 9 0.016119678
199 295 9 15 0.016115893
445 228 43 41 0.016115546
928 352 13 15 0.01611025
689 340 9 15 0.016108975
273 348 10 16 0.016096462
555 566 8 9 0.01606938
661 331 15 23 0.01606142
457 0 117 96 0.016033871
500 15 9 13 0.016030358
632 34 10 12 0.016029363
773 379 12 10 0.016021648
647 279 10 13 0.016011914
920 287 10 16 0.016010473
627 284 11 13 0.015991135
632 259 11 13 0.015987778
194 157 13 15 0.015964007
616 45 13 18 0.015959531
858 362 12 16 0.01595236
398 14 12 13 0.015949931
627 0 12 10 0.015943976
940 295 11 13 0.01592063
177 351 13 12 0.015916565
650 436 23 30 0.015907679
378 131 20 22 0.015878672
210 257 12 13 0.015863633
673 355 15 16 0.015859025
627 266 11 14 0.015856126
121 121 11 12 0.0158544
506 53 10 14 0.015848985
649 272 10 12 0.015846405
300 190 28 33 0.015844025
927 0 97 103 0.015807386
1020 560 4 16 0.01580302
637 257 10 13 0.015786743
375 134 12 11 0.015786067
211 405 11 12 0.015778426
375 262 12 12 0.015775302
601 445 26 32 0.01575661
561 565 12 10 0.015748305
625 282 10 13 0.01574008
645 284 10 13 0.015737483
333 148 13 17 0.01572652
196 222 33 35 0.015697794
945 310 10 16 0.01568084
623 556 8 9 0.015680322
101 127 11 13 0.01567728
989 525 35 51 0.015675666
648 270 8 11 0.015651904
611 0 30 23 0.015649948
702 353 14 13 0.015641645
746 156 12 15 0.015641183
226 288 8 17 0.015639896
162 336 23 30 0.015623464
644 27 8 11 0.01558832
642 287 10 13 0.0155823985
594 436 13 13 0.015581727
408 72 8 9 0.015573548
935 286 14 16 0.015572384
564 563 14 13 0.015566699
235 210 20 24 0.015563895
200 339 16 22 0.015531374
945 318 9 16 0.015510546
630 289 10 13 0.015498453
399 122 12 13 0.015493477
241 214 18 24 0.015493073
637 1 10 13 0.015483391
471 78 9 11 0.015478485
635 254 10 13 0.015476092
613 566 9 10 0.015474519
342 146 12 16 0.015469429
617 241 11 14 0.0154590905
400 11 14 14 0.015458106
308 164 11 13 0.015456374
576 454 19 24 0.015452921
620 243 10 14 0.015451245
670 424 5 12 0.015441821
785 389 8 10 0.015437296
634 289 11 13 0.0154352505
626 27 17 21 0.015416767
625 287 10 13 0.015406849
650 282 10 12 0.015388411
627 258 11 15 0.015383281
394 235 33 40 0.015380381
102 188 10 11 0.015379833
656 272 9 12 0.015365301
883 324 16 17 0.015363864
293 522 44 54 0.0153544415
636 480 11 17 0.01534773
368 133 19 23 0.015318829
639 476 7 11 0.015308849
620 558 10 11 0.015305111
771 388 11 13 0.015299805
196 244 12 16 0.01529743
484 0 14 9 0.015293929
377 127 37 39 0.015289629
650 277 10 12 0.015283851
506 135 19 23 0.015275339
935 310 12 13 0.015273394
391 105 19 25 0.015251924
595 104 11 13 0.015239611
86 126 23 20 0.015238751
369 259 10 10 0.015222146
639 289 11 13 0.015222014
943 299 9 9 0.015200961
669 354 14 18 0.015198407
406 128 18 21 0.01519201
270 122 16 18 0.015191576
181 320 14 15 0.015188789
866 332 12 13 0.01518557
647 287 10 12 0.015172706
208 273 16 22 0.015170331
186 321 14 17 0.0151671255
192 255 17 23 0.015108283
685 334 11 13 0.015097715
629 0 31 23 0.015078066
492 18 22 26 0.015077312
664 333 22 30 0.015074951
485 418 45 57 0.015056279
625 244 10 13 0.015054528
624 254 11 14 0.01503928
459 65 11 10 0.015037777
935 296 8 10 0.0150340665
647 264 10 13 0.015031046
557 555 20 20 0.015021941
371 127 7 9 0.015013349
642 257 10 12 0.015005317
230 520 22 30 0.015002001
310 490 18 17 0.015000517
202 338 11 16 0.014998394
630 254 10 13 0.014994892
447 53 9 16 0.014984327
214 290 12 16 0.014980889
616 449 20 24 0.014954751
95 429 16 21 0.014939869
644 289 11 13 0.014927181
615 236 10 14 0.014919122
494 119 17 21 0.01491896
646 25 7 9 0.014910466
627 242 11 12 0.014909068
654 258 10 13 0.014905678
153 340 17 21 0.014889678
70 156 10 17 0.014883988
622 284 11 13 0.014860076
623 279 10 13 0.01485308
648 275 8 11 0.014837326
928 284 11 15 0.014823091
516 122 10 12 0.014815854
366 546 12 14 0.01480756
242 228 16 17 0.014801917
806 318 10 13 0.014778891
101 204 22 23 0.014777789
559 558 12 15 0.014775466
638 9 8 12 0.014764728
202 282 9 12 0.014764084
624 441 20 25 0.0147535475
453 57 9 13 0.014741475
616 24 8 11 0.014740026
166 370 11 18 0.014726847
196 300 8 13 0.014715227
481 100 20 20 0.014710895
637 470 8 10 0.014705881
645 464 29 36 0.014700867
585 448 7 11 0.014673214
625 19 8 10 0.014666666
652 287 10 12 0.014655036
429 563 12 12 0.0146526
608 231 9 14 0.01465175
625 292 10 13 0.0146469055
623 274 10 13 0.01464249
629 8 7 10 0.014632483
622 239 10 13 0.014630049
669 333 7 13 0.0146258455
197 396 8 11 0.014625687
618 34 15 20 0.0146249
447 0 233 175 0.014619577
510 118 31 38 0.014619274
154 345 10 13 0.014617025
388 142 19 24 0.014600622
489 18 8 11 0.01459878
635 272 9 12 0.014598717
642 435 17 26 0.014596936
642 470 10 11 0.014596096
192 375 10 14 0.014588366
605 227 10 13 0.014585465
653 275 9 11 0.014566859
117 149 16 19 0.014566055
74 158 9 19 0.014561767
957 295 11 14 0.014554601
612 234 11 13 0.014553334
654 469 20 22 0.014551363
771 377 10 10 0.014545865
98 129 15 17 0.014538546
370 554 18 21 0.014533196
940 297 26 29 0.01452857
650 289 10 12 0.014522804
614 453 12 16 0.014521194
352 544 30 32 0.014515358
71 127 19 21 0.014482833
129 142 10 12 0.014475273
728 159 14 17 0.01444984
631 23 16 20 0.014448412
460 43 13 17 0.01444683
639 252 10 13 0.014445394
477 115 20 24 0.014441522
637 474 7 11 0.01443238
455 76 15 15 0.014427179
622 289 11 13 0.014426957
130 146 10 14 0.0144255245
370 133 10 10 0.014414748
622 249 11 14 0.014413512
356 128 16 16 0.014404122
198 217 15 16 0.014403839
595 450 15 14 0.014395782
235 336 21 27 0.014395562
632 294 11 13 0.01439216
603 224 9 13 0.014385146
75 10 11 14 0.0143676745
630 272 9 12 0.014359011
659 270 10 13 0.014358863
635 249 10 13 0.014357223
221 256 9 13 0.014348406
638 17 8 11 0.014333353
121 142 16 20 0.014331455
81 121 35 29 0.014329862
173 341 15 14 0.014328975
620 422 28 37 0.014313152
622 266 11 14 0.014309486
355 133 15 16 0.0143089155
953 336 14 13 0.014307507
34 452 19 25 0.014304012
610 229 10 13 0.014299454
620 236 10 14 0.014282603
643 35 8 13 0.014278453
644 440 11 19 0.014275587
532 410 10 22 0.014274064
160 339 9 12 0.014271262
622 258 11 15 0.01426213
186 388 11 11 0.014258533
218 473 14 15 0.014256142
962 295 19 19 0.014249936
619 2 14 18 0.014247969
89 133 17 18 0.01424616
627 252 10 13 0.01424537
471 58 11 17 0.014244557
929 305 9 11 0.0142293265
523 135 15 20 0.014227618
692 350 15 18 0.0142168
760 341 26 34 0.014214997
552 412 12 15 0.014211391
651 260 10 12 0.014207538
112 143 14 17 0.01420588
647 292 10 12 0.014203205
639 0 11 9 0.0141831795
355 74 11 14 0.014175073
632 475 8 10 0.014166732
584 424 9 14 0.014158379
210 267 10 10 0.014134971
595 459 15 11 0.014125241
385 117 10 12 0.0141221685
83 139 11 12 0.014118501
613 241 10 14 0.014115078
251 334 16 22 0.014099821
670 341 26 31 0.014094289
600 227 10 13 0.014088069
76 402 14 19 0.014087086
32 0 240 167 0.014085968
652 279 10 13 0.014085634
214 488 39 55 0.014072086
610 236 10 14 0.014070959
225 509 24 36 0.014069865
374 0 123 90 0.014065861
613 25 7 11 0.014063873
640 432 11 15 0.014063272
555 0 21 24 0.014055247
626 277 8 12 0.014040042
516 131 11 13 0.014039811
178 395 18 23 0.014026025
947 314 11 18 0.0140243005
500 118 20 22 0.014018268
627 296 11 14 0.01401761
199 221 46 56 0.014005414
483 112 13 14 0.014004013
672 405 8 10 0.013999362
620 287 10 13 0.013993676
651 53 8 14 0.013991531
752 235 9 12 0.0139802685
461 39 11 14 0.013973483
392 128 26 28 0.013966488
783 395 7 13 0.013963832
92 110 35 29 0.013956347
489 0 14 9 0.013954405
365 136 9 18 0.013953035
173 381 8 10 0.013951458
602 231 10 13 0.0139454035
600 222 10 13 0.013939768
589 419 38 46 0.013938438
947 337 19 22 0.013936497
1023 0 1 14 0.01392871
484 106 12 14 0.013927928
637 294 11 13 0.013926191
207 335 16 22 0.01392312
605 63 10 13 0.013920823
521 92 9 12 0.013919009
757 238 9 11 0.013918831
640 260 9 11 0.013917942
139 141 17 19 0.01390946
506 0 19 15 0.013909428
475 30 10 14 0.013905439
692 345 8 13 0.013900619
479 114 14 17 0.013898319
463 78 11 14 0.013895921
617 231 10 13 0.013890722
163 336 10 12 0.013880768
1022 0 2 9 0.013868767
506 13 9 13 0.01386373
696 355 17 18 0.013857476
749 233 10 11 0.0138518615
620 254 11 14 0.01384353
284 21 22 29 0.013835574
852 303 15 18 0.013833112
124 152 10 14 0.013826697
1020 0 4 13 0.013815997
415 125 9 11 0.013814323
180 341 13 13 0.013800781
655 289 9 12 0.01379963
479 0 30 22 0.013792637
469 29 8 9 0.013786393
479 99 49 62 0.01378347
518 15 8 12 0.013781939
660 0 308 266 0.013772118
7 207 38 44 0.0137675125
330 45 18 19 0.013762723
652 292 10 12 0.01374809
493 137 19 23 0.013747616
311 494 11 11 0.013744557
234 503 24 35 0.013738045
605 234 10 13 0.013729804
609 34 14 21 0.013724936
669 421 9 13 0.01372251
649 58 10 19 0.013720989
0 187 231 389 0.013720952
264 552 25 24 0.013719608
0 422 109 154 0.013718592
618 473 19 22 0.013714461
17 124 10 13 0.01371399
76 154 12 22 0.013709486
663 388 13 15 0.013708777
625 272 9 12 0.013703879
620 282 10 13 0.013703036
322 503 11 11 0.013686499
615 228 10 14 0.0136794
773 374 12 12 0.01366311
215 230 14 11 0.013660882
615 246 10 14 0.013655506
759 241 9 11 0.013655132
605 429 19 22 0.013653486
964 301 14 18 0.01364677
632 244 10 13 0.013640067
642 294 10 13 0.013636569
577 443 12 17 0.013631651
734 273 12 11 0.013624326
630 264 9 12 0.013622189
94 141 10 10 0.013619426
86 127 35 36 0.013615734
496 20 7 10 0.013612366
480 0 12 11 0.0136114815
193 401 8 12 0.013598052
607 224 10 13 0.013596082
627 33 8 9 0.013589442
598 224 10 13 0.013587163
76 330 13 17 0.013585796
1007 0 17 25 0.013582633
741 341 15 16 0.013582017
422 120 12 13 0.013570902
620 292 10 13 0.013562138
46 335 18 25 0.01354561
532 18 12 15 0.013545428
124 140 12 10 0.013525505
617 249 11 13 0.013501274
530 150 20 26 0.013488092
619 43 11 13 0.013481657
645 252 10 13 0.013465915
630 249 10 13 0.013462161
634 281 7 9 0.013454751
639 281 7 9 0.01345001
203 285 11 14 0.013440477
140 219 21 21 0.013437784
622 297 11 13 0.013433096
622 0 12 10 0.013431727
232 345 18 21 0.013430185
636 278 7 9 0.0134197865
112 138 11 9 0.013416275
495 0 116 134 0.013409986
618 50 13 17 0.013403423
604 77 26 32 0.013388472
623 234 9 13 0.013387211
242 500 21 29 0.013380626
649 250 11 13 0.013380162
631 286 8 9 0.013380115
985 462 10 12 0.013379023
637 427 11 17 0.013367149
678 347 12 11 0.0133547485
425 565 12 11 0.013351341
386 135 14 14 0.013343702
625 7 9 13 0.013343102
629 283 7 9 0.013341203
469 11 15 19 0.013335004
636 286 7 9 0.013331604
641 478 8 11 0.013331382
645 60 11 18 0.013324436
208 256 8 9 0.013322909
483 21 8 9 0.013319994
246 222 7 14 0.0133199915
644 490 10 11 0.013317855
192 396 7 9 0.013301449
97 342 13 16 0.0132969385
631 278 8 9 0.0132889245
226 216 14 16 0.013286213
0 97 9 15 0.013267422
466 14 10 13 0.013265281
639 21 7 10 0.013253092
499 20 10 12 0.013250837
590 437 11 14 0.013249288
359 133 9 12 0.013245007
199 280 9 12 0.013242484
411 129 11 16 0.0132418135
620 276 10 14 0.013240568
613 224 10 13 0.013235992
941 286 12 14 0.013235883
500 11 8 11 0.013232354
722 0 67 68 0.013231144
947 491 77 85 0.0132233
620 229 10 13 0.013222982
967 330 9 11 0.013211564
641 271 7 9 0.013205773
317 495 18 18 0.013205532
483 130 27 32 0.013195192
666 275 9 11 0.013189484
920 303 17 22 0.013186186
650 294 10 13 0.013184446
599 103 10 12 0.013179681
515 335 21 39 0.013173398
958 316 15 19 0.013156872
641 278 7 9 0.013154393
598 219 9 13 0.013153732
657 276 10 13 0.013152768
747 230 9 12 0.01314782
193 303 17 21 0.013140526
199 286 13 19 0.013140386
64 253 14 17 0.0131266685
361 209 41 47 0.013124523
5 148 15 18 0.0131236985
625 236 10 13 0.013115448
620 271 10 14 0.013115225
461 93 10 16 0.013107197
641 286 7 9 0.013106246
385 109 15 20 0.013102519
567 552 10 11 0.013102493
182 286 11 16 0.013099673
79 163 10 18 0.013099382
208 317 9 11 0.01309633
589 433 8 11 0.013086656
752 231 9 11 0.013080738
226 224 8 10 0.013073692
912 287 16 21 0.013071902
193 277 11 11 0.013058898
639 273 7 9 0.013058364
553 11 11 16 0.013049252
400 124 28 33 0.013032689
652 270 10 12 0.013029385
648 487 7 10 0.01302074
192 328 8 11 0.0130129745
650 0 19 21 0.013001812
515 22 10 13 0.012992314
662 272 11 13 0.012991696
643 105 11 13 0.012981183
253 0 275 210 0.012978771
595 222 10 12 0.01297517
655 282 9 12 0.012975037
363 254 18 19 0.012961449
215 263 10 9 0.012959446
124 128 7 10 0.012957886
604 2 30 37 0.012947194
980 0 44 51 0.012944812
190 357 11 15 0.012944022
526 252 10 15 0.012941947
308 157 13 12 0.012938157
645 260 9 11 0.012933293
117 130 9 10 0.01293102
634 273 7 9 0.012921841
749 238 10 11 0.012911104
375 128 9 9 0.01290844
754 233 9 11 0.012900967
630 463 13 14 0.0128996605
917 298 16 22 0.012885718
106 196 31 28 0.012872348
366 133 10 14 0.0128715355
625 264 9 12 0.012868757
165 346 7 10 0.012866182
563 553 22 21 0.012863524
639 263 7 9 0.01286218
466 101 15 20 0.0128615685
631 122 21 24 0.01285718
616 449 6 10 0.012850169
171 348 8 12 0.012849269
183 271 15 18 0.012847803
634 291 7 9 0.012842155
1012 0 12 16 0.012839324
41 409 22 28 0.012839256
74 78 16 17 0.012832602
747 235 9 12 0.01283194
214 237 18 23 0.012827273
629 291 7 9 0.012818618
610 28 8 13 0.012816511
615 432 23 24 0.012813062
209 319 10 13 0.01280996
188 384 11 13 0.012808539
386 63 12 13 0.012803784
628 481 18 21 0.012789894
219 503 24 34 0.012785256
155 369 8 18 0.012771595
223 252 16 21 0.012766495
82 120 14 11 0.012764534
0 87 3 9 0.0127621675
625 1 11 14 0.012756978
84 167 9 15 0.012748252
0 442 8 11 0.012745893
229 400 11 13 0.01274198
45 327 19 22 0.012739244
477 13 10 12 0.01273738
397 133 8 10 0.012731622
234 241 19 23 0.012725589
205 316 24 31 0.012722526
613 529 32 45 0.012719086
212 330 18 24 0.012718534
600 234 10 13 0.012717446
652 252 11 14 0.01271251
498 136 35 40 0.012704839
205 271 7 11 0.012692705
246 371 296 205 0.012691133
617 284 11 13 0.012679181
650 268 8 10 0.012676076
647 257 11 13 0.012676067
759 236 10 11 0.012675387
917 316 13 14 0.012661878
638 432 16 25 0.012652963
0 87 9 15 0.0126477685
0 0 8 11 0.012645679
677 562 15 14 0.0126395235
621 123 20 22 0.012638688
209 398 15 19 0.012636414
67 348 19 23 0.012634375
213 234 12 14 0.012630108
157 374 9 14 0.012629515
634 0 21 14 0.012627104
698 126 14 17 0.012621621
190 366 10 17 0.012621029
584 425 17 22 0.012619493
629 273 7 9 0.012619062
597 427 14 15 0.012615964
381 167 14 18 0.01261265
607 239 10 13 0.012605768
220 262 9 10 0.012604462
230 386 20 22 0.012602824
557 561 8 11 0.012600061
692 349 10 14 0.012599796
404 120 11 13 0.01258194
754 240 10 11 0.012578618
200 254 8 11 0.012572158
365 129 8 10 0.012568212
639 291 7 9 0.01256398
964 305 16 23 0.012560705
581 451 13 19 0.012557583
473 76 8 9 0.012554839
191 291 15 20 0.012552375
933 294 8 10 0.012550295
647 297 10 12 0.012543469
73 352 18 23 0.012541324
676 413 20 22 0.012538535
182 333 28 35 0.012529387
858 183 11 12 0.012528187
609 50 14 21 0.012525223
403 118 9 12 0.012519467
102 131 16 18 0.012519132
743 283 18 23 0.012519029
650 28 10 13 0.01251738
180 314 14 15 0.012513827
0 298 151 242 0.0125134075
342 214 36 44 0.012511956
498 132 19 22 0.0125111835
915 473 38 50 0.012500483
261 344 11 14 0.012498045
208 333 11 16 0.012488944
606 88 19 23 0.01248755
312 496 12 14 0.012486651
636 268 7 9 0.012484268
625 35 20 26 0.012481683
691 354 8 12 0.012479773
956 301 11 13 0.012478487
364 563 14 12 0.012476435
744 227 10 12 0.012476254
509 103 18 18 0.012476121
354 0 16 12 0.012471841
192 46 13 18 0.01246927
194 272 12 13 0.012467134
669 352 7 11 0.012461047
30 63 12 14 0.012460631
749 228 10 12 0.012455548
519 112 11 17 0.012454062
254 374 11 17 0.012445466
603 0 25 18 0.012444451
185 263 15 21 0.012431881
586 0 18 20 0.012429926
226 264 14 19 0.012427445
5 93 12 15 0.012424654
640 425 10 14 0.012421473
378 169 11 14 0.0124061275
633 253 9 11 0.012403052
618 297 10 12 0.012402272
212 387 14 18 0.012398983
334 464 73 111 0.012398537
475 0 12 11 0.012388018
205 295 13 13 0.012370468
642 240 10 13 0.012369094
202 269 8 10 0.012365626
625 301 10 14 0.01236369
572 465 15 15 0.012352214
950 333 12 14 0.012351919
504 6 15 19 0.0123504605
183 281 15 16 0.012349297
585 444 6 11 0.012348984
634 266 7 9 0.012339398
65 551 22 25 0.012338793
655 294 9 12 0.012336681
191 348 13 19 0.012335102
0 16 225 284 0.012329715
476 116 11 13 0.012324558
844 244 18 20 0.012322112
642 250 11 12 0.012307755
515 60 10 18 0.012307162
766 383 19 22 0.012286072
614 54 14 19 0.01228282
883 298 12 16 0.01227442
192 263 13 18 0.012267346
407 67 17 22 0.012266393
419 128 10 10 0.012255851
566 543 9 10 0.012254504
615 82 18 22 0.012245601
656 23 8 11 0.012245392
643 429 11 15 0.012238355
847 0 34 27 0.012237694
341 409 84 106 0.012236331
592 451 11 12 0.01223577
199 338 9 14 0.012233811
231 239 12 14 0.012225926
116 121 33 36 0.012225038
929 282 16 17 0.012224557
210 212 17 22 0.012222247
211 247 14 14 0.012221335
347 97 13 15 0.012218512
254 366 17 25 0.012218413
389 136 9 9 0.012218169
870 302 15 20 0.0122170085
476 124 21 25 0.012215909
744 233 10 12 0.012214763
2 508 20 26 0.012203725
656 454 24 23 0.012203369
538 290 102 141 0.01219888
610 244 10 13 0.012194072
226 260 11 14 0.012187267
322 152 25 23 0.01218087
215 272 13 16 0.012178964
668 328 13 17 0.01217761
634 299 11 13 0.012174204
605 220 10 12 0.012165854
218 288 10 15 0.012164228
640 244 10 13 0.012163437
761 238 10 11 0.012162103
171 343 8 11 0.012155606
600 0 260 181 0.012154538
783 387 12 16 0.012152632
310 153 16 13 0.012147378
618 32 35 45 0.012135432
590 0 57 43 0.012134921
94 150 8 9 0.0121285925
631 296 8 9 0.012124511
635 36 20 25 0.012124236
595 227 10 12 0.012121423
513 76 10 14 0.012120889
931 311 11 12 0.012119847
602 236 10 13 0.012118004
665 341 6 10 0.0121163605
922 281 27 36 0.012113157
413 26 12 15 0.012112512
207 330 8 10 0.012111319
923 301 7 9 0.0121087
660 278 10 13 0.012108421
620 301 10 13 0.012106045
601 49 30 41 0.012104441
878 236 130 166 0.012097394
742 225 10 12 0.012095439
187 401 11 14 0.0120912995
629 268 7 9 0.012086679
887 321 19 22 0.012085323
516 54 16 24 0.012080521
203 253 9 10 0.012077861
5 221 15 18 0.012074486
111 151 15 15 0.012073017
309 487 11 15 0.012066153
654 476 9 11 0.012065743
127 156 10 13 0.012053915
198 304 8 11 0.012052136
657 287 10 12 0.0120474985
632 485 17 22 0.012045095
212 155 14 18 0.012043163
470 0 12 11 0.012041535
200 294 15 19 0.012038615
503 15 7 10 0.012036397
135 151 9 9 0.012036298
86 117 55 56 0.012032855
81 163 15 23 0.012032458
594 443 13 15 0.012032227
766 384 10 11 0.0120296925
615 251 10 14 0.012028675
377 258 10 11 0.012025858
592 219 10 13 0.012024969
210 204 47 61 0.012023436
219 269 17 23 0.012021859
606 70 19 24 0.012020235
630 237 10 13 0.012017719
202 330 7 10 0.012014969
636 261 7 9 0.012014218
317 150 23 20 0.012013297
174 391 14 17 0.012006507
84 167 18 24 0.012002664
597 468 17 19 0.012001807
663 284 10 13 0.012000782
267 561 16 15 0.011995822
95 145 11 13 0.011988686
71 143 9 11 0.011985427
242 230 9 9 0.011972405
629 301 11 14 0.011969538
424 124 11 12 0.0119681
309 542 33 34 0.011968077
170 333 7 10 0.011966689
184 304 28 35 0.011963864
856 313 15 18 0.0119574275
652 297 10 12 0.01195443
196 260 11 15 0.011953016
191 310 11 13 0.0119505925
778 377 9 11 0.011943879
615 548 23 27 0.011939916
592 224 10 13 0.01193494
630 445 20 27 0.011933469
657 266 10 12 0.01193323
485 556 21 20 0.01193105
621 243 8 9 0.011931016
644 425 20 27 0.011926287
193 360 10 17 0.011925508
566 544 15 15 0.011923998
617 256 11 14 0.011923885
496 557 21 19 0.011922327
86 0 16 12 0.011920326
91 165 19 25 0.011915629
108 115 22 19 0.0119137205
513 32 14 23 0.011913346
617 279 11 13 0.011903744
709 0 52 51 0.011899994
821 0 72 73 0.011887799
36 376 14 16 0.0118876975
128 132 10 12 0.011885324
506 64 17 23 0.011884272
480 29 12 13 0.01188294
313 18 18 24 0.011877598
769 373 9 9 0.011876149
74 350 12 13 0.011874293
656 17 8 11 0.011872809
208 269 9 10 0.011872518
493 0 16 11 0.011866707
129 152 10 13 0.011864775
669 375 16 20 0.01186464
313 165 11 14 0.011864619
595 217 10 13 0.01186302
640 448 15 24 0.011862909
622 464 32 41 0.011861826
185 291 12 13 0.011858037
629 267 20 25 0.011852106
624 246 7 9 0.011851279
613 249 10 13 0.011846844
103 0 33 36 0.01184639
693 362 10 13 0.011842807
364 130 36 42 0.011838771
900 0 16 14 0.01183609
653 247 10 13 0.011834185
251 430 14 15 0.011830539
747 225 9 12 0.011829613
761 243 10 11 0.011826569
751 472 13 17 0.011819423
0 563 5 13 0.011815457
754 228 10 11 0.011806134
519 126 10 12 0.011799061
252 562 12 13 0.011798671
644 293 7 9 0.011797328
501 141 19 21 0.011793154
666 326 48 65 0.011792318
424 129 11 14 0.011790392
398 0 16 12 0.011787544
647 245 11 13 0.01177396
741 230 10 12 0.011771647
988 558 18 18 0.011771281
564 419 33 41 0.011769735
461 0 32 22 0.011767798
624 36 11 14 0.011759916
395 133 12 16 0.011756422
816 249 208 319 0.011754782
619 246 7 9 0.011746946
470 82 9 12 0.01173903
631 261 7 9 0.011733596
617 243 7 9 0.011728721
953 294 11 13 0.011722523
624 273 7 9 0.011721229
609 413 49 60 0.01172105
615 292 10 12 0.011719951
658 465 23 22 0.011719504
386 143 11 15 0.011718519
604 29 15 21 0.01171671
624 419 22 23 0.011711155
86 137 15 12 0.011709501
637 29 6 9 0.011708587
624 42 11 14 0.011696748
636 296 8 9 0.011696096
400 131 7 9 0.011695736
629 263 7 9 0.011693784
925 286 7 11 0.011691222
166 329 10 13 0.011690931
598 275 12 12 0.011689748
642 66 15 22 0.011688094
541 0 119 88 0.0116846785
676 344 11 12 0.011683104
260 376 15 17 0.0116793495
335 142 10 14 0.011677671
598 90 16 22 0.011676959
755 189 10 11 0.0116716195
958 361 13 13 0.011668091
619 241 7 9 0.011665292
617 274 11 13 0.011663546
600 217 10 13 0.011661206
674 556 24 20 0.011657909
220 386 11 16 0.011657837
506 58 13 18 0.011652804
407 100 19 25 0.0116524715
660 250 19 25 0.011651602
201 319 9 13 0.011649673
376 114 14 14 0.011648708
169 354 7 10 0.011648503
330 0 124 122 0.011641531
617 224 10 13 0.011640023
619 453 13 15 0.011639692
609 231 7 9 0.011636501
258 13 15 18 0.011636234
625 256 19 25 0.01163489
212 544 29 32 0.011625805
639 299 11 13 0.01162061
231 364 13 13 0.011613943
375 256 19 19 0.01161242
744 238 10 12 0.011610049
575 472 18 22 0.01160696
350 66 17 22 0.011606405
877 0 34 26 0.0116028935
492 17 10 12 0.011600727
548 115 11 17 0.011598699
666 270 8 12 0.011598439
840 0 16 12 0.011596662
960 340 10 11 0.011590503
634 46 21 27 0.011590381
681 345 23 30 0.011590315
659 15 8 10 0.01158573
612 85 26 33 0.011584581
615 29 11 17 0.011574662
135 135 16 21 0.0115726935
508 55 7 10 0.011572401
545 0 61 44 0.01157091
585 438 6 10 0.011568878
604 234 21 29 0.011567757
751 256 8 11 0.011564157
631 20 28 37 0.011558061
675 477 13 18 0.011556296
628 247 9 11 0.011555087
624 230 11 12 0.011552521
642 467 8 11 0.011552089
510 4 11 12 0.011549903
964 346 13 22 0.011544243
657 292 10 12 0.011542902
351 563 16 12 0.011539852
921 296 6 9 0.011532756
207 210 33 38 0.011527055
504 30 15 25 0.011525077
736 223 10 14 0.0115238745
509 30 8 10 0.011523304
506 22 8 10 0.01152076
610 219 10 13 0.011518178
112 187 26 28 0.011514697
947 0 35 38 0.011513561
189 395 8 10 0.01151348
217 394 18 21 0.011511683
201 311 9 12 0.011510316
703 385 6 10 0.011508815
484 114 14 18 0.011506821
337 153 16 16 0.011506524
411 125 11 13 0.01150367
222 268 12 15 0.011502606
626 260 7 10 0.011500049
135 0 342 357 0.011498754
678 355 29 39 0.01149705
617 269 11 13 0.011494484
757 230 10 12 0.011492613
928 346 11 17 0.011491743
265 92 16 19 0.011490598
388 217 44 51 0.011490396
663 434 22 26 0.0114888735
567 544 34 32 0.011487531
194 392 9 12 0.011486646
629 258 7 9 0.011484506
420 114 12 15 0.011479386
624 470 12 16 0.011478761
634 258 7 9 0.011477629
511 566 10 9 0.011477582
183 539 37 36 0.011473239
150 539 30 36 0.011470801
290 558 23 18 0.011465969
644 483 8 12 0.011461075
742 0 67 50 0.011460224
735 268 20 20 0.01145479
599 1 16 22 0.011449215
643 25 14 19 0.011447568
506 566 11 9 0.011445999
70 146 9 13 0.011441787
590 462 16 15 0.01144136
615 249 20 27 0.011439759
652 263 10 13 0.011439649
711 105 11 16 0.011436338
516 71 16 21 0.011428826
931 349 15 15 0.011421132
184 410 14 16 0.011418228
738 227 11 13 0.011414776
612 233 6 9 0.011411482
77 331 18 23 0.011409247
480 120 12 14 0.01140651
515 42 10 15 0.011404845
179 369 15 13 0.011404542
624 256 7 9 0.011404306
952 292 18 19 0.011404274
82 146 11 13 0.01140189
626 298 8 9 0.011401375
469 112 17 19 0.011399382
971 331 8 10 0.011397114
595 232 10 12 0.011394623
658 397 18 23 0.011393209
622 306 11 14 0.011391591
807 0 34 36 0.011390709
97 80 19 24 0.01138977
596 288 15 22 0.011387897
609 243 21 29 0.011386458
615 36 11 17 0.011383618
634 273 20 24 0.011379857
385 196 44 52 0.011379735
195 305 28 35 0.011378815
841 0 68 50 0.011377376
661 260 9 10 0.011375256
466 33 16 21 0.011374172
665 279 10 13 0.011373985
99 135 21 23 0.011372849
663 268 9 11 0.01136512
937 281 26 38 0.011364124
639 256 7 9 0.011364033
112 0 33 26 0.011363086
700 358 11 12 0.01136292
380 444 186 132 0.011361593
95 344 273 232 0.01136035
848 253 17 19 0.011360219
490 147 22 21 0.011355838
228 457 21 19 0.011353944
441 563 13 13 0.011353824
84 176 10 14 0.011353337
752 339 53 102 0.011348889
955 311 27 33 0.011345561
840 556 21 20 0.011337803
107 0 65 49 0.0113364775
586 429 9 14 0.011335686
289 0 132 91 0.011335217
542 0 17 12 0.011332642
880 0 16 12 0.011326695
202 274 8 12 0.01132558
855 0 38 38 0.011325213
324 553 22 23 0.011323113
595 467 14 13 0.011319384
492 110 11 13 0.011315364
522 5 8 11 0.011314107
622 248 7 9 0.011313538
614 241 7 9 0.011313425
438 0 16 12 0.011308282
860 0 17 12 0.01130494
389 146 12 16 0.011300872
108 138 14 16 0.011298122
761 353 27 34 0.011298026
923 304 10 13 0.011297993
172 371 12 16 0.011297509
641 296 7 9 0.011297412
0 103 13 22 0.011291639
743 381 262 195 0.011290075
741 235 10 12 0.011287868
260 0 15 12 0.011287087
645 32 10 14 0.011286194
506 73 18 26 0.011283737
5 246 16 20 0.011282926
603 248 21 28 0.01128172
257 61 12 14 0.011280156
245 213 10 17 0.011278024
315 524 21 32 0.011275718
617 564 11 10 0.01127542
859 251 17 22 0.011273397
512 26 9 12 0.01127298
207 363 12 17 0.011267452
762 0 72 72 0.0112659475
23 226 15 16 0.011262163
859 327 21 26 0.011261447
226 387 11 15 0.011261387
963 297 8 13 0.011252663
629 277 20 26 0.011251792
484 122 16 19 0.011245633
653 483 8 11 0.011244979
861 0 72 74 0.011243455
603 20 29 38 0.01124222
730 520 11 15 0.011241488
210 496 22 32 0.011240632
757 225 10 12 0.011239432
0 0 17 23 0.011238077
171 210 22 27 0.011237001
0 58 4 12 0.011234944
664 469 23 25 0.011234365
471 88 7 10 0.01123392
943 325 17 22 0.011226029
507 340 21 33 0.01122544
648 267 55 83 0.011223604
554 543 29 31 0.01122258
378 39 14 16 0.011220454
788 389 9 10 0.0112200705
663 444 22 25 0.01121947
624 296 7 9 0.011218525
744 282 11 12 0.011218165
1 467 19 23 0.011217421
620 20 6 9 0.011216181
134 0 200 129 0.011216072
135 151 15 18 0.011215384
510 42 11 15 0.011215093
407 151 18 24 0.01121398
130 129 16 20 0.011207921
906 343 23 22 0.011204793
649 299 11 13 0.011202707
947 290 10 14 0.011202412
599 230 8 11 0.011201431
90 460 178 116 0.011197848
108 127 28 31 0.011195236
827 0 34 26 0.011190553
202 293 11 14 0.011190343
135 0 17 13 0.011189547
350 92 13 17 0.011184959
580 290 108 147 0.011181787
901 393 12 12 0.011177169
200 262 7 10 0.011169067
58 348 21 23 0.011167497
203 265 27 32 0.011167478
405 132 13 16 0.011166918
618 290 9 11 0.011165188
466 45 12 14 0.011164146
510 205 25 29 0.011163652
610 61 30 40 0.011159864
932 422 13 16 0.011151828
496 123 12 12 0.011150156
348 134 12 11 0.011149061
97 138 10 13 0.011138023
230 394 12 13 0.011136554
72 151 21 27 0.011130567
222 219 7 11 0.011118529
470 49 11 19 0.01111532
223 283 10 15 0.0111129815
208 409 11 11 0.011110995
521 0 11 9 0.011110707
624 265 7 10 0.011107839
554 408 53 67 0.011106858
621 49 30 41 0.011099691
871 329 11 12 0.011096056
984 249 10 14 0.011094365
125 0 17 13 0.011094211
631 243 8 10 0.011090466
232 365 19 19 0.011087942
739 243 10 12 0.011087849
600 82 17 21 0.011086787
646 296 7 9 0.011086492
351 129 15 14 0.011081581
117 142 10 9 0.011081497
835 208 23 25 0.011079997
208 292 15 14 0.011078265
397 18 14 19 0.011077487
168 329 26 31 0.011076138
643 33 14 20 0.011075945
2 99 16 22 0.011074169
426 115 20 23 0.011073377
951 326 7 11 0.011071379
632 2 10 11 0.011069228
621 264 9 12 0.011066621
270 346 10 15 0.011063454
155 314 52 60 0.011061368
185 249 16 21 0.011060611
185 281 9 9 0.011059299
651 478 21 22 0.011056996
79 552 27 24 0.011056849
756 461 165 115 0.011053306
190 379 8 13 0.011050196
774 23 14 16 0.011049881
359 134 19 23 0.01104851
747 240 9 12 0.011047559
193 324 11 14 0.011046178
452 0 18 16 0.011042465
128 0 65 67 0.011040924
752 225 9 12 0.011038041
605 242 10 12 0.011037801
638 248 9 11 0.011034353
739 233 10 12 0.011033721
662 291 10 13 0.01103286
618 306 10 13 0.011031437
598 92 7 10 0.011031262
611 428 21 22 0.011020883
254 327 17 23 0.0110197365
394 146 21 22 0.011019625
656 0 17 15 0.0110177295
615 301 10 13 0.01101766
267 540 43 36 0.011017274
651 10 16 21 0.011015067
602 442 14 14 0.011014697
318 165 10 14 0.011014175
701 121 12 18 0.011013288
660 289 10 12 0.011012587
119 88 10 14 0.011002958
647 462 7 11 0.010998543
764 240 10 12 0.01099769
658 255 9 12 0.010992834
0 83 5 10 0.010992282
846 386 18 21 0.010988827
123 0 34 37 0.010986753
359 228 41 44 0.010986705
615 259 20 27 0.010983614
542 566 10 9 0.010982954
153 365 9 16 0.010980826
602 467 13 13 0.010979902
570 565 11 10 0.010975756
96 160 16 24 0.010975272
810 0 17 14 0.010974038
634 283 21 25 0.01096946
776 391 8 9 0.010963412
233 221 10 12 0.010962668
435 565 11 11 0.010959146
93 0 33 26 0.010957545
427 371 10 12 0.010957427
939 296 7 10 0.0109573165
632 32 17 21 0.010955939
951 241 11 16 0.010955635
928 280 10 10 0.010951779
271 92 20 22 0.010950287
627 306 11 14 0.010950203
716 0 16 13 0.010939925
592 103 19 25 0.010934736
850 0 17 12 0.010934696
971 317 12 20 0.010932531
966 298 10 13 0.01093204
458 85 16 20 0.010928614
633 234 11 13 0.010928175
0 101 5 11 0.0109247975
631 300 8 10 0.01092198
407 555 20 21 0.010921597
801 0 68 50 0.010921592
593 229 9 13 0.010920319
210 343 18 24 0.010919003
471 71 10 12 0.010915932
600 239 10 13 0.010914133
0 0 57 74 0.010913924
632 424 13 15 0.010911953
848 300 14 18 0.010909607
655 299 10 12 0.010908807
375 183 43 55 0.010905617
349 138 16 19 0.010905163
53 352 17 22 0.010902145
688 489 11 14 0.010900792
71 0 35 38 0.010900085
602 286 10 15 0.01089872
738 220 11 13 0.01089755
134 212 31 35 0.010893466
447 71 11 14 0.010891458
162 0 35 36 0.010889495
775 204 16 19 0.010889386
517 75 10 13 0.010888999
133 138 10 13 0.010887967
303 58 16 21 0.010886051
235 416 177 160 0.010884525
459 95 17 23 0.01088389
117 114 20 21 0.010883296
855 356 14 19 0.010882648
636 524 18 34 0.010872982
622 467 10 14 0.010868735
955 325 11 14 0.010867737
319 499 10 12 0.010865977
599 96 9 13 0.010862229
656 250 9 11 0.010862094
371 135 12 12 0.010861536
474 46 19 28 0.010859406
605 56 20 27 0.010856671
385 145 7 10 0.01085632
658 473 12 15 0.010856258
595 233 21 30 0.010854901
933 314 19 23 0.010854605
479 28 8 10 0.010851061
323 0 17 12 0.01084943
24 535 23 32 0.010846591
480 4 14 15 0.0108460765
672 328 14 15 0.010845111
498 0 18 14 0.010843141
582 436 8 12 0.010842708
192 404 7 11 0.010842274
669 282 8 12 0.010841646
251 504 22 30 0.010841275
517 48 18 23 0.010837936
259 338 14 18 0.010834385
741 240 10 13 0.010831133
465 418 51 63 0.010829915
87 145 12 11 0.010829285
180 306 17 20 0.010827927
12 151 9 12 0.010825431
569 545 20 19 0.010825049
591 435 9 9 0.010822972
193 306 10 13 0.010821416
641 19 8 10 0.010821052
170 0 17 13 0.010817449
676 380 13 16 0.010817119
0 449 9 16 0.01081607
622 253 7 10 0.010815156
422 110 12 14 0.0108119305
614 246 7 9 0.010808916
365 552 15 22 0.010806536
614 231 7 9 0.01080346
322 500 19 18 0.010800761
669 277 8 11 0.010799971
692 562 16 13 0.01079862
704 1 22 25 0.010797829
624 251 7 9 0.0107961865
172 255 10 15 0.010795574
635 472 7 10 0.010793352
717 0 34 35 0.01079217
0 498 48 78 0.010791114
890 0 17 13 0.010791085
170 366 11 18 0.010790245
946 324 7 11 0.01079024
582 430 9 14 0.01079002
659 254 12 18 0.010786137
662 262 17 24 0.010785456
892 79 132 216 0.010782656
505 305 43 76 0.010781276
87 130 13 15 0.010779536
615 456 32 39 0.0107793305
643 498 88 77 0.01077798
115 0 17 13 0.010777125
626 253 7 10 0.01077514
615 281 10 14 0.010774301
574 546 10 9 0.010773272
481 151 36 47 0.010769607
744 221 10 11 0.0107683465
306 485 12 14 0.010767131
344 0 17 12 0.010764896
657 297 10 12 0.010764439
73 139 27 30 0.010762109
537 436 13 16 0.010761644
465 20 27 33 0.010757224
759 228 10 12 0.0107502695
250 232 17 21 0.01074529
580 0 19 15 0.010743566
910 0 17 13 0.010741327
880 0 69 52 0.010738337
208 147 22 26 0.010737987
581 405 31 42 0.010737061
601 89 28 34 0.010735981
620 265 20 27 0.010735485
862 328 14 16 0.010731713
944 345 21 22 0.010731631
644 0 61 44 0.010730955
435 0 13 10 0.010728684
964 315 16 21 0.010727899
617 463 20 21 0.010726384
752 243 9 11 0.010726015
191 175 13 16 0.010724045
141 0 36 36 0.0107226595
132 0 34 26 0.01072123
964 0 17 13 0.010720128
794 38 84 118 0.010719705
830 0 17 13 0.010715116
255 566 10 10 0.010714224
663 348 31 42 0.010709901
152 0 34 26 0.010706369
574 548 12 13 0.010705709
692 0 16 12 0.010704775
615 8 11 14 0.010704591
0 543 17 33 0.01070374
900 0 74 77 0.0107007325
391 118 6 9 0.010696705
613 31 24 32 0.010696012
590 233 9 12 0.010695933
506 424 32 41 0.0106952
765 394 21 24 0.010689262
613 296 10 13 0.010687923
145 0 17 13 0.01068464
639 33 9 11 0.010681994
528 143 19 25 0.010681253
543 116 12 16 0.010677665
797 188 13 16 0.01067492
588 112 11 15 0.010673117
644 237 11 13 0.0106724445
744 44 20 24 0.010670967
491 0 31 21 0.010670575
155 0 17 13 0.010670261
499 120 9 10 0.010668638
764 236 10 11 0.010668175
372 245 19 21 0.010666915
84 384 33 44 0.010665972
968 219 16 24 0.010664944
223 291 11 20 0.010664779
341 140 12 15 0.010664529
647 422 30 37 0.010661811
683 556 26 19 0.010659374
691 14 11 15 0.010657246
38 0 153 104 0.010656824
327 147 15 15 0.010656581
627 274 16 20 0.010654863
754 223 10 11 0.0106515
35 311 14 19 0.010649266
519 259 17 20 0.010648528
625 465 14 15 0.0106485095
660 294 10 12 0.0106485
626 248 7 9 0.010648116
411 562 13 13 0.010645856
237 531 16 19 0.010645765
247 343 12 17 0.010642839
305 0 67 50 0.010641377
617 248 6 9 0.010636785
76 90 16 21 0.010635236
148 88 23 26 0.010634565
509 100 12 14 0.010633873
644 433 12 18 0.010632138
615 315 11 14 0.010631518
467 79 9 10 0.010631456
199 285 9 12 0.010631179
538 280 14 18 0.010629934
641 528 21 30 0.010629425
191 246 22 27 0.010624177
762 233 10 12 0.010623383
107 127 9 9 0.010620882
90 149 10 13 0.010620166
947 299 9 11 0.010619811
186 317 13 13 0.010619547
535 21 8 10 0.010616117
638 127 13 16 0.010614187
201 223 17 22 0.010610826
567 0 57 58 0.010610238
546 9 15 19 0.0106065525
371 562 13 13 0.010606146
463 49 12 16 0.010605605
619 311 13 15 0.01060275
645 301 10 13 0.010601314
939 407 13 14 0.010600561
390 253 20 29 0.0105966525
515 116 7 10 0.010593466
624 263 57 82 0.010592898
55 552 20 23 0.010592571
545 0 21 25 0.010589208
183 182 101 131 0.010588304
615 121 31 37 0.01058806
587 440 7 11 0.010586154
803 291 15 20 0.010586076
254 552 19 23 0.010581048
940 232 27 38 0.010579361
698 546 12 14 0.010578812
612 298 17 22 0.010578335
560 117 9 12 0.010577993
514 114 21 26 0.010577788
588 222 10 12 0.01057116
741 0 16 12 0.0105709145
114 9 12 14 0.010567898
636 263 18 23 0.0105677
279 112 18 22 0.010567595
527 242 15 33 0.010565298
113 156 16 12 0.010560006
76 274 20 25 0.0105569735
210 324 14 15 0.010556254
124 133 27 30 0.010550774
621 298 8 9 0.010547683
330 0 35 28 0.010547275
166 352 29 39 0.010545932
486 121 11 14 0.010545275
955 478 34 45 0.010544623
5 397 17 23 0.0105410535
614 68 20 25 0.010540709
520 8 8 10 0.010538863
622 271 7 9 0.010537549
724 0 141 103 0.010537441
49 518 36 44 0.010537376
187 306 13 15 0.010534242
834 289 14 17 0.010531804
603 38 16 23 0.010529628
739 0 33 35 0.010527249
1022 1 2 20 0.010526766
930 278 11 11 0.010526378
681 359 18 18 0.010523683
1023 1 1 18 0.0105228545
223 215 10 14 0.01052122
612 419 28 28 0.010520573
962 308 11 16 0.010520209
0 92 5 13 0.010519409
937 292 11 12 0.010516366
611 266 18 24 0.010513907
140 37 12 16 0.010513525
299 353 11 20 0.010513019
229 371 18 20 0.010511544
620 242 19 26 0.010511174
598 214 9 13 0.010510623
586 465 20 19 0.010510132
635 517 12 33 0.010509467
634 239 11 13 0.0105090635
631 38 8 10 0.01050529
651 242 10 12 0.010504751
757 245 9 11 0.010503862
984 204 15 19 0.010502693
542 336 21 29 0.010499269
167 185 18 21 0.010496039
313 256 17 33 0.010495914
406 51 19 26 0.010495616
210 0 17 13 0.010495573
555 117 16 20 0.010494684
247 491 23 33 0.010493624
590 240 20 29 0.010493134
593 215 9 12 0.010492702
574 540 23 24 0.010489528
996 415 28 46 0.010489062
270 0 16 13 0.010488857
870 283 16 23 0.010488729
650 37 10 14 0.010487889
339 522 13 14 0.010487548
74 107 33 30 0.010478516
893 461 65 84 0.010478252
634 56 21 28 0.010475058
256 356 19 26 0.0104750125
937 0 33 26 0.010473544
285 181 29 37 0.010472764
655 314 46 64 0.010469877
431 10 11 14 0.010469393
32 391 14 17 0.010468363
1023 266 1 14 0.010468082
360 0 13 10 0.010467721
199 301 11 16 0.01046722
600 225 20 28 0.010463831
138 147 9 10 0.0104620345
75 398 12 15 0.010461631
641 439 10 19 0.010458471
349 0 36 38 0.010457329
515 565 10 10 0.01045196
73 408 18 22 0.010451324
82 325 19 25 0.010451246
119 83 13 16 0.0104507245
41 331 30 37 0.010450675
762 367 28 33 0.01044948
203 392 10 16 0.010448239
374 397 95 111 0.010447214
616 271 19 25 0.0104470905
518 89 9 13 0.010446943
615 45 20 27 0.010446876
224 253 8 13 0.010446663
57 9 34 49 0.01044605
265 113 44 54 0.010444455
328 66 12 16 0.010442139
196 400 8 10 0.010441853
76 0 15 12 0.010439052
276 346 22 25 0.0104379365
390 0 31 35 0.010435162
876 462 24 30 0.010433539
527 137 17 22 0.0104328925
966 335 12 12 0.010431595
798 0 33 26 0.010429359
205 110 16 17 0.010426809
227 227 31 30 0.010423542
87 167 11 16 0.010422302
625 46 20 26 0.010422101
8 89 13 16 0.010420654
441 416 80 103 0.010419314
204 232 18 24 0.010419031
0 90 13 21 0.010418913
189 406 11 14 0.010411368
45 115 10 12 0.0104100555
337 49 14 19 0.010409621
68 0 65 50 0.010408514
590 0 97 112 0.010406857
340 566 12 10 0.0104051465
672 354 9 10 0.010404522
292 565 12 10 0.010401797
582 450 7 10 0.010401177
728 0 34 26 0.010399858
754 254 8 11 0.010398567
608 217 10 13 0.010394605
319 0 37 39 0.010391211
665 294 9 13 0.010389705
181 1 73 86 0.010389514
504 46 15 20 0.010387984
657 4 15 22 0.010387365
592 0 17 16 0.010385239
624 309 11 14 0.0103826765
412 122 9 11 0.010382667
0 113 12 22 0.010380387
210 158 19 25 0.010379559
191 391 9 12 0.0103777135
96 0 16 13 0.010376668
677 539 37 36 0.010376292
766 0 17 12 0.010374988
681 403 34 32 0.010372464
708 356 10 13 0.010371602
5 348 15 19 0.010370297
614 107 27 31 0.0103699565
89 0 64 65 0.010366872
841 268 14 18 0.010366609
121 142 10 10 0.010359111
175 252 16 21 0.010359018
662 553 26 22 0.010354899
622 261 7 9 0.0103518665
472 28 7 9 0.0103518525
420 7 11 13 0.0103517035
635 68 19 26 0.010350601
640 288 20 24 0.010350345
368 139 10 14 0.010349709
953 230 18 22 0.010347662
638 2 29 38 0.010346747
639 456 11 16 0.010346465
981 115 18 24 0.0103463745
870 0 17 12 0.010344467
545 14 8 11 0.010343849
573 397 49 66 0.010341542
277 554 26 22 0.010341457
646 5 17 22 0.010341187
53 294 17 23 0.010340684
86 547 37 28 0.010339674
518 109 11 14 0.010339609
651 472 11 13 0.010339593
598 86 10 15 0.01033863
73 388 32 41 0.0103352
257 343 12 15 0.010334876
613 303 10 13 0.010329732
512 14 9 12 0.01032948
307 79 18 22 0.0103286235
630 232 11 13 0.01032684
601 387 234 189 0.010326649
632 306 10 14 0.010326191
756 253 11 12 0.0103224525
624 95 20 29 0.010321882
611 19 10 13 0.01031855
185 399 11 12 0.010315589
975 486 18 23 0.010315335
163 375 12 16 0.010312679
11 392 32 46 0.010309836
359 204 19 26 0.010309613
526 150 10 15 0.010308745
321 64 18 22 0.010307361
896 0 34 26 0.010305851
206 214 14 16 0.010301957
668 287 9 12 0.01030119
120 127 7 10 0.010299659
283 489 80 87 0.010298959
524 92 9 13 0.010298608
620 276 20 26 0.010297242
648 240 10 12 0.010294124
192 198 13 16 0.010293684
606 27 9 11 0.010290835
947 226 27 34 0.010285552
510 69 10 13 0.010284741
451 383 11 18 0.010283778
411 0 32 25 0.010282316
70 122 37 38 0.010281115
189 356 8 10 0.010275162
379 53 110 146 0.010272457
684 509 22 26 0.01027207
259 557 21 19 0.010271569
2 135 17 22 0.01027024
639 491 12 14 0.010269905
612 254 11 14 0.010269622
612 0 16 12 0.010266797
610 252 10 13 0.010266073
568 524 20 25 0.010262904
401 128 10 11 0.010262882
181 253 16 21 0.010259219
465 82 11 13 0.010258255
614 237 20 26 0.010257945
190 333 8 11 0.010254871
951 354 19 20 0.01025467
652 301 10 13 0.010254576
916 277 15 24 0.010251904
577 212 17 23 0.010250564
94 435 20 29 0.01024983
346 143 18 21 0.010249287
173 323 15 17 0.010248956
608 246 9 13 0.010248756
520 17 9 13 0.010248498
637 237 11 13 0.010246231
629 309 11 13 0.010245438
519 139 16 23 0.010243138
846 475 14 16 0.01024094
103 185 11 11 0.010240064
208 227 12 15 0.010239061
370 0 34 37 0.010236419
221 423 40 48 0.010235606
553 0 15 12 0.010235341
878 243 15 19 0.010235333
864 245 17 24 0.010233412
215 276 16 23 0.010232869
643 0 14 10 0.010230059
476 0 21 15 0.010229605
390 96 31 36 0.010229497
377 151 38 49 0.010227442
78 78 20 26 0.010226886
632 434 16 21 0.010224188
191 433 10 10 0.01021942
709 370 10 13 0.010216909
442 557 18 19 0.010215523
53 380 12 15 0.010214649
30 510 63 66 0.010213691
517 0 17 15 0.01021106
0 131 9 17 0.010210316
588 441 9 15 0.010209364
486 84 49 59 0.010207882
283 194 21 29 0.010205346
118 40 145 166 0.010204622
360 0 34 27 0.010204238
411 113 12 16 0.0102035515
129 213 24 25 0.010202425
0 514 13 22 0.010199832
193 236 52 66 0.010198999
573 478 18 24 0.010197268
199 324 30 37 0.010197064
781 394 8 10 0.010193607
748 270 11 12 0.010192539
177 337 14 15 0.01019099
188 396 19 22 0.010190227
615 277 10 13 0.010189563
839 0 29 21 0.010189139
500 60 18 24 0.010187709
954 0 17 13 0.010186587
106 0 16 13 0.010184095
500 566 11 10 0.010182711
663 353 16 24 0.010182677
381 240 23 27 0.010180571
350 524 49 51 0.010178742
533 8 16 23 0.010176782
196 269 9 11 0.010176742
901 188 15 21 0.010172055
453 69 25 27 0.010168567
197 294 8 12 0.010168349
612 289 10 12 0.010166859
653 460 11 14 0.010166698
255 541 30 34 0.010163562
629 287 21 26 0.010162867
579 459 12 15 0.010161497
731 0 16 12 0.010161381
706 22 13 17 0.010161346
651 476 7 10 0.010160912
83 182 9 11 0.010160547
378 85 12 16 0.010158393
469 86 8 11 0.010157904
514 8 15 19 0.010156384
87 138 19 21 0.010155569
655 304 10 13 0.010153389
126 122 11 15 0.010152858
629 303 7 9 0.010152105
605 288 10 14 0.010151157
989 472 18 24 0.010150376
0 0 34 47 0.010148238
195 344 13 18 0.010147339
463 0 16 12 0.01014462
703 497 17 18 0.010144599
149 196 18 22 0.010143356
655 242 19 25 0.0101430155
443 0 17 15 0.010142808
505 17 7 9 0.010141629
1012 282 12 20 0.010141339
246 326 19 26 0.010134862
15 390 22 29 0.010131466
647 26 8 10 0.010131285
530 162 20 25 0.010129019
610 298 10 13 0.010128773
616 446 12 13 0.010126943
464 90 16 23 0.010122699
564 0 22 15 0.010122638
49 406 21 26 0.010119858
496 131 11 15 0.01011921
612 437 10 13 0.010119133
133 155 11 12 0.010115342
648 29 14 19 0.010113356
334 0 17 12 0.010113338
86 189 10 16 0.010110924
926 307 13 15 0.0101101305
483 97 15 16 0.010108751
519 94 9 13 0.010108423
0 121 9 16 0.010107957
203 418 17 21 0.010107824
770 162 130 173 0.010107745
635 420 12 12 0.010099877
741 218 10 12 0.010096753
24 554 19 21 0.010094373
113 293 12 14 0.010094002
387 144 8 9 0.010088408
884 327 19 25 0.010087797
139 155 10 9 0.010086873
703 359 12 14 0.010086498
645 421 17 19 0.010083892
519 67 7 12 0.010083608
672 399 14 12 0.010083427
350 0 14 10 0.010083326
667 266 16 25 0.010083258
586 235 19 28 0.01008154
812 91 212 317 0.010081479
742 274 20 20 0.010080789
505 31 10 14 0.010079487
618 466 11 14 0.010079012
812 248 19 24 0.0100788195
788 0 34 36 0.010078255
325 228 22 31 0.010075756
349 210 20 29 0.010075555
524 44 19 22 0.010075207
865 279 17 21 0.0100739775
476 556 21 20 0.010071024
853 566 10 10 0.010069759
19 487 131 89 0.010069666
961 430 39 49 0.010069119
200 302 15 21 0.010067862
174 345 27 32 0.010064019
407 142 18 22 0.0100628035
441 0 31 24 0.010059508
867 293 17 25 0.01005795
421 18 17 22 0.010057679
0 558 14 18 0.0100561315
764 245 10 11 0.010054573
592 237 10 12 0.010053915
408 74 9 12 0.01005224
624 303 7 9 0.010052015
802 285 29 39 0.010051435
656 12 9 11 0.010050387
337 401 22 30 0.010048498
480 217 42 44 0.010047634
343 214 20 29 0.010045658
916 0 33 26 0.010043619
185 357 12 16 0.0100428015
452 6 59 87 0.01004159
139 192 12 15 0.010041194
619 231 7 9 0.0100394
965 0 36 38 0.010039383
364 0 16 12 0.010038948
886 433 16 12 0.010038627
820 0 17 13 0.010038134
467 0 51 57 0.010038025
757 11 35 47 0.010034175
655 28 9 12 0.010033113
520 121 10 12 0.010031863
595 252 18 25 0.010031459
399 243 18 28 0.010029612
619 553 13 18 0.0100286985
818 298 17 22 0.010026224
305 461 77 110 0.010025173
735 23 82 109 0.010023701
9 400 22 30 0.010023661
613 52 25 34 0.010023469
309 163 8 9 0.010019135
315 554 22 21 0.010017119
190 289 11 12 0.010016942
522 236 16 26 0.010016857
610 308 10 13 0.0100145675
6 503 31 40 0.010014087
857 245 13 16 0.010013072
146 206 23 29 0.010012544
568 554 11 13 0.010010663
868 556 22 20 0.010009996
801 0 17 13 0.01000916
230 357 18 18 0.01000784
109 47 20 26 0.0100066075
615 219 10 14 0.0100041665
900 498 22 27 0.010000937
642 551 25 24 0.010000902