35_Basketball_playingbasketball_35_73
1016
488 369 55 58 0.84133404
796 376 53 68 0.81525046
143 275 58 83 0.17797269
245 288 45 66 0.16635272
156 268 76 83 0.10501288
1 578 150 138 0.08767697
613 458 8 11 0.08380515
19 635 104 81 0.061020836
225 299 53 65 0.06101153
344 371 49 62 0.059207175
165 299 66 77 0.058533173
268 306 23 46 0.058116727
185 273 89 88 0.057613786
310 234 70 50 0.05012366
358 289 40 40 0.04848631
149 273 37 62 0.047848865
185 312 61 58 0.0466745
0 610 32 72 0.04326771
10 64 35 40 0.041377824
171 327 81 102 0.041347135
210 302 77 105 0.03917805
614 461 8 12 0.038723048
231 269 76 107 0.038368717
0 507 227 209 0.038045947
230 267 50 76 0.036869213
179 338 56 60 0.03596525
359 381 51 60 0.035856094
542 268 32 42 0.035799526
212 307 46 52 0.035743233
158 302 39 61 0.035741515
784 392 64 83 0.033986837
196 332 60 59 0.033797596
173 367 80 95 0.033698823
619 499 12 11 0.03361212
293 228 93 84 0.03256303
246 255 79 92 0.032538515
344 271 47 53 0.03211885
127 292 60 85 0.031022165
5 27 18 21 0.031021966
6 596 44 61 0.031007012
30 664 74 52 0.03012623
357 333 63 81 0.029446969
161 272 43 56 0.029430944
340 241 58 58 0.029215071
264 285 28 55 0.027767712
319 242 50 65 0.027739834
362 281 28 36 0.02758636
235 321 59 71 0.027522564
602 460 36 49 0.027486617
240 303 25 40 0.027151171
13 316 167 243 0.026462277
367 401 45 57 0.026451565
9 402 170 266 0.026163219
9 616 47 66 0.025693052
138 294 91 126 0.025625112
616 457 7 10 0.02555638
1 677 51 39 0.0255331
175 324 41 58 0.025210606
117 365 73 50 0.025184708
520 250 24 29 0.0248413
162 665 99 51 0.024761358
177 429 74 92 0.024676047
372 324 43 52 0.02467108
450 0 72 39 0.024609929
479 385 57 67 0.024399778
1 31 26 38 0.024227664
0 621 17 53 0.024131859
358 256 48 60 0.02409152
689 59 74 109 0.023507133
209 669 100 47 0.023371715
198 261 61 70 0.02299983
323 276 41 53 0.022991523
689 3 277 195 0.022797165
287 605 42 81 0.02264995
336 386 53 73 0.022624753
509 390 33 35 0.022606567
793 406 45 54 0.022274423
823 384 49 58 0.022040086
352 277 29 36 0.02173223
895 305 44 53 0.021725308
372 286 36 37 0.021658277
297 318 53 38 0.021647975
786 368 45 62 0.02158743
171 316 33 46 0.02152363
467 367 56 58 0.021509994
611 455 12 15 0.021387305
132 657 92 59 0.021363527
500 354 55 63 0.02135712
161 297 136 163 0.021335542
0 594 31 53 0.021310344
135 316 62 87 0.021283548
0 660 78 56 0.021210873
433 0 60 47 0.021172734
485 400 67 81 0.021085458
104 267 74 91 0.021020232
997 681 27 35 0.020998409
684 661 97 55 0.02091734
390 325 44 55 0.020621518
12 594 33 38 0.020585181
222 283 39 57 0.02057452
180 301 43 53 0.020394322
337 289 44 45 0.020391475
0 40 38 55 0.020291567
57 667 74 49 0.020152453
259 309 48 64 0.020031389
197 302 45 50 0.019981304
168 259 52 58 0.019943614
115 256 149 150 0.019752009
781 388 42 54 0.019632004
985 0 39 54 0.019525645
245 251 46 69 0.019468457
145 295 31 50 0.019407796
827 0 197 193 0.019326381
378 351 68 85 0.019230435
3 18 28 33 0.019214308
345 412 57 67 0.019184655
583 445 62 109 0.019005736
3 19 42 59 0.018997071
322 285 25 35 0.018890234
54 57 42 46 0.018876718
185 321 35 42 0.01881968
1014 0 10 55 0.018684851
614 499 15 16 0.018632777
22 607 50 65 0.018362647
541 230 39 67 0.018345598
245 631 90 85 0.018301457
145 621 132 95 0.01829109
480 415 11 14 0.018256756
160 335 49 64 0.018246278
200 352 74 75 0.0181702
492 372 34 35 0.018097365
74 490 305 226 0.018073807
716 81 50 62 0.018031646
602 475 38 68 0.018003544
0 0 71 92 0.017990418
214 339 60 60 0.017899787
314 358 62 81 0.017899625
247 312 33 46 0.017845359
368 299 43 45 0.017826932
78 327 157 192 0.017819911
610 459 9 11 0.017785968
224 337 78 91 0.017607037
360 311 39 43 0.017483233
155 682 68 34 0.017454987
196 684 71 32 0.01740486
752 39 34 36 0.01724311
699 28 131 160 0.017228696
586 470 8 10 0.01722246
0 679 25 37 0.017194046
955 658 69 58 0.017172633
807 414 49 62 0.01706852
441 329 10 12 0.017010545
496 298 74 105 0.01700043
810 396 50 57 0.016980661
189 341 33 40 0.016948178
940 0 84 97 0.016842501
162 238 88 91 0.016758163
952 404 35 44 0.016746596
520 397 27 32 0.016664676
393 386 44 55 0.016654007
261 618 44 67 0.016645368
424 336 77 90 0.0166412
1014 179 10 67 0.01659817
1 69 35 58 0.016548362
370 423 45 55 0.016458727
361 218 85 87 0.016423885
157 256 39 49 0.016379993
575 655 96 61 0.016366841
0 0 154 195 0.016363744
400 266 38 50 0.016354578
610 464 10 14 0.016310414
276 316 23 40 0.016256828
493 0 49 39 0.016251104
157 297 26 41 0.016239926
1019 0 5 20 0.016162733
118 236 68 100 0.016106555
1010 604 14 67 0.016068941
674 24 72 105 0.015973527
233 315 32 44 0.015959656
1018 696 6 20 0.015926817
439 216 125 177 0.015919292
616 500 9 9 0.015883172
324 208 81 72 0.01583617
18 167 84 122 0.015756683
192 252 49 48 0.015749076
0 226 71 120 0.015616367
323 237 36 36 0.015597344
24 0 77 75 0.015568766
0 261 19 39 0.0155416345
28 321 30 34 0.015495045
308 642 15 17 0.015454768
0 0 29 40 0.015440797
338 275 31 37 0.015431268
130 0 74 58 0.015408157
258 575 72 98 0.015378382
256 325 65 84 0.015375821
43 107 44 53 0.015364311
477 423 47 56 0.015345988
82 0 338 215 0.015338623
51 68 44 63 0.015336273
256 567 182 149 0.015275739
322 316 68 79 0.015243508
274 296 25 43 0.015234364
808 348 70 86 0.015232683
606 458 19 26 0.01521662
613 477 14 19 0.015183736
318 253 100 114 0.015140278
89 0 73 57 0.015081215
309 263 38 53 0.015081041
599 394 39 50 0.01504321
1018 0 6 37 0.015033459
48 0 72 56 0.01501044
469 304 73 102 0.015008836
258 224 95 88 0.015004638
878 470 47 67 0.015001503
0 643 22 46 0.014980036
933 282 74 101 0.014975385
806 364 45 55 0.0149708595
406 286 15 18 0.014948285
172 0 73 57 0.0149481185
389 99 46 57 0.014932894
531 326 45 53 0.014897507
6 243 170 222 0.014873014
624 658 108 58 0.014868094
497 394 33 34 0.014857871
359 264 30 35 0.014844857
907 530 117 186 0.014828951
235 0 73 57 0.014818335
703 92 79 107 0.014809665
781 430 64 79 0.014755891
1015 149 9 62 0.014728371
273 312 16 29 0.014727826
290 253 83 101 0.014702869
847 397 36 49 0.014680598
763 0 54 45 0.014663544
253 0 79 76 0.01465194
0 357 45 76 0.014606097
148 0 81 80 0.014596389
35 130 83 112 0.014559777
794 394 23 43 0.014554382
458 406 44 57 0.014515765
892 287 72 92 0.014485268
333 423 48 60 0.014472552
684 359 57 70 0.014460632
63 101 38 49 0.014444539
119 654 17 23 0.014441545
43 588 76 104 0.0144160185
1013 688 11 28 0.0144120855
201 333 32 37 0.014404408
279 300 46 49 0.014366749
685 32 46 65 0.014347116
0 642 12 31 0.014323006
947 26 40 60 0.014314559
107 0 79 78 0.014302718
119 210 120 142 0.014296181
309 292 38 46 0.014256527
16 75 36 48 0.0142374085
131 10 367 328 0.01419777
212 251 47 48 0.014176896
1010 357 14 65 0.014162068
925 581 45 55 0.01415835
84 684 73 32 0.014156398
308 241 38 49 0.014144804
299 608 24 43 0.014122991
383 279 42 47 0.01408925
804 343 119 144 0.01405399
472 275 115 156 0.014032012
482 245 28 37 0.0140235545
926 397 44 53 0.014003396
315 287 22 31 0.013993567
290 605 97 111 0.013990567
2 280 43 59 0.013969436
608 495 25 27 0.013949364
1020 178 4 47 0.013915576
51 0 146 105 0.013911123
382 393 62 76 0.0138993105
301 304 61 68 0.013876034
669 2 68 81 0.013872775
275 611 40 62 0.013824938
96 301 73 92 0.013816749
184 444 60 41 0.013814481
442 0 278 324 0.013790145
957 2 49 65 0.013780612
5 396 78 120 0.013779941
499 347 19 22 0.013776616
303 611 30 61 0.013761192
744 660 92 56 0.01371593
153 288 23 41 0.013697875
1015 599 9 53 0.013689236
913 663 86 53 0.01367909
14 44 42 52 0.013676683
721 76 76 95 0.013669564
259 681 58 35 0.013664408
91 0 156 145 0.013658954
20 435 84 121 0.0136475805
797 318 67 99 0.013643324
362 276 59 73 0.013625866
187 455 75 98 0.013568779
523 233 36 44 0.013549909
1020 157 4 43 0.013540571
39 55 42 43 0.013538527
149 313 36 59 0.013528875
794 383 21 37 0.013521428
55 147 87 116 0.013516266
186 218 134 130 0.013511694
111 223 233 241 0.013495857
1008 407 16 67 0.013483554
428 31 151 191 0.013476233
98 594 38 44 0.013451907
269 339 43 57 0.013446682
616 465 8 10 0.013441722
115 369 213 260 0.013437165
911 362 51 65 0.013434826
3 359 71 108 0.013433776
351 301 58 67 0.01342268
288 584 44 69 0.01341439
724 116 147 186 0.013403579
674 678 72 38 0.013403494
62 618 71 89 0.013401594
302 389 67 93 0.013397983
1010 15 14 69 0.013387289
282 374 71 92 0.01338636
462 340 95 122 0.013382862
299 164 72 91 0.013374798
294 0 80 77 0.013370669
353 301 34 34 0.013360214
129 268 44 64 0.013358617
41 71 77 104 0.013348893
41 12 83 103 0.013327817
145 275 28 43 0.013319323
180 279 44 52 0.013315435
499 663 88 53 0.01330104
640 209 53 70 0.013289534
0 236 37 60 0.013283308
7 203 72 99 0.013280916
766 345 93 125 0.013265123
397 96 34 38 0.013256386
479 417 8 10 0.013198626
805 192 151 196 0.0131973075
816 367 80 93 0.01318029
670 435 50 67 0.013166783
19 251 78 105 0.013158609
1010 104 14 65 0.013158471
106 603 17 12 0.013150176
4 1 46 53 0.013135673
184 0 86 97 0.013135562
875 666 87 50 0.0131191965
188 121 84 116 0.013109697
815 94 209 388 0.01309996
325 630 103 86 0.013092456
0 9 345 334 0.013086211
722 36 52 44 0.013083448
786 0 50 47 0.013082122
922 577 7 9 0.013074428
590 376 45 56 0.013062924
519 0 49 49 0.013041267
916 54 46 63 0.013038021
112 692 67 24 0.013035154
925 355 60 77 0.01303465
256 276 29 51 0.013034148
59 152 44 58 0.013019982
459 664 91 52 0.013016675
948 381 31 36 0.01298178
535 678 58 38 0.012969096
422 401 82 103 0.012968328
170 0 167 186 0.012963679
0 427 56 105 0.012942401
268 265 42 63 0.012939483
201 0 259 162 0.012922706
548 0 71 56 0.012901128
718 0 68 50 0.012896088
105 296 50 64 0.012887281
103 593 24 28 0.012886979
1011 580 13 65 0.012886123
355 223 62 60 0.012883405
766 638 127 78 0.0128821125
805 121 157 186 0.012880295
216 296 31 41 0.012868664
539 226 32 43 0.01286769
617 463 31 46 0.012847227
534 410 18 22 0.012843185
652 375 71 90 0.012841481
333 157 45 58 0.012836349
318 657 77 59 0.012798513
925 422 99 172 0.012786305
24 593 46 48 0.012786105
266 11 89 112 0.012782348
695 3 69 85 0.012781753
421 442 81 105 0.012762265
713 19 76 98 0.012747501
590 397 56 73 0.012744766
538 254 48 64 0.012731499
353 260 118 145 0.012695967
633 385 48 64 0.012677992
875 7 81 103 0.012665208
333 371 37 53 0.012655527
390 269 59 74 0.012655164
0 605 21 24 0.012651425
0 0 18 24 0.012650697
473 147 142 207 0.0126486
174 402 116 142 0.012625963
384 5 144 169 0.012611232
705 61 51 65 0.012605278
0 87 22 41 0.012601457
180 361 57 64 0.012600677
180 351 31 39 0.012595975
829 237 195 379 0.01257742
1010 325 14 63 0.012576809
583 526 46 60 0.01256974
317 327 44 41 0.012545147
926 579 72 94 0.012535757
224 369 83 94 0.012520473
65 283 72 90 0.012507135
398 224 39 46 0.012482044
761 644 10 12 0.01246141
1 88 45 69 0.012460578
137 690 66 26 0.012449791
385 211 128 160 0.012449237
316 294 50 53 0.012442651
40 658 34 31 0.012430609
672 1 112 165 0.012412115
63 61 46 59 0.012411517
601 526 45 60 0.012405874
762 80 149 173 0.012400952
669 391 72 93 0.012400054
693 117 46 63 0.012399857
383 300 65 77 0.012399587
14 103 47 57 0.012388866
0 695 37 21 0.012385975
185 406 71 68 0.012380177
434 633 138 83 0.012380047
947 624 44 59 0.012376635
103 127 43 57 0.012373394
8 115 80 109 0.012361262
691 350 44 53 0.01235698
743 358 65 80 0.0123502575
157 0 61 46 0.012349502
937 39 44 65 0.012343768
198 355 37 36 0.012338148
668 528 43 52 0.0123134805
25 703 35 13 0.012309001
143 397 92 108 0.012307519
262 310 23 31 0.012305227
1020 5 4 49 0.012297532
276 415 75 92 0.01229703
959 390 41 54 0.012288972
7 32 13 14 0.012282355
617 460 10 12 0.012282092
459 242 84 118 0.0122690555
4 480 75 109 0.012259606
98 643 41 45 0.012253129
291 366 47 60 0.01224468
574 385 59 72 0.012243806
0 274 60 106 0.012235036
824 0 39 28 0.012230808
213 331 32 38 0.012229745
220 0 60 45 0.012225464
419 221 41 50 0.012223694
266 105 81 113 0.01221506
706 0 45 46 0.012208852
409 379 53 67 0.012201277
1016 415 8 48 0.012195539
282 580 34 51 0.012178825
410 91 50 59 0.0121756
333 247 35 40 0.012159579
648 676 60 40 0.012155653
451 427 51 63 0.012154983
1 211 43 65 0.012150218
369 104 48 60 0.012142255
309 343 51 65 0.01213222
0 270 28 56 0.0121318465
496 241 84 119 0.012130227
435 434 44 52 0.012111548
855 390 169 326 0.012099241
293 341 43 55 0.012095801
1001 178 23 71 0.012094501
0 529 100 155 0.012088627
56 86 88 116 0.012068276
513 371 28 38 0.0120681
283 677 49 39 0.012062429
526 0 81 92 0.012057425
542 415 9 11 0.012050877
194 627 47 63 0.012047399
612 256 45 63 0.012039445
339 432 66 81 0.012024883
584 487 50 86 0.012022655
696 368 64 85 0.012022125
341 459 45 53 0.012018658
1004 0 20 44 0.0120179765
1 40 61 86 0.012017229
451 676 60 40 0.012011216
185 497 30 58 0.012009022
476 3 78 82 0.01200699
321 141 67 87 0.01200107
681 0 49 48 0.011993001
712 41 50 56 0.011986332
14 0 51 37 0.011985447
561 0 86 97 0.011985417
224 326 32 42 0.011982038
980 562 44 97 0.011976208
36 0 51 36 0.011975731
312 156 47 62 0.01197502
893 232 81 110 0.011962799
480 3 149 173 0.011950788
7 669 13 14 0.011942766
989 372 35 99 0.011936287
482 122 77 114 0.0119341165
307 601 10 25 0.01193229
738 0 68 64 0.011929858
831 663 92 53 0.011929645
0 33 19 23 0.011921859
92 654 22 27 0.011914713
276 105 47 60 0.011914416
978 410 13 18 0.011909836
531 260 32 42 0.011907511
505 502 54 62 0.011905854
308 8 91 112 0.011905161
611 455 7 10 0.011889182
1002 385 22 70 0.011882803
282 0 60 45 0.01187993
188 562 135 154 0.0118773915
953 474 8 11 0.011872126
233 543 82 93 0.011868178
133 382 54 59 0.011863598
19 280 40 56 0.011848229
1003 542 21 62 0.011842198
0 150 66 116 0.011839531
401 127 77 105 0.011838407
79 248 125 152 0.011831438
1015 382 9 55 0.011825658
302 187 132 119 0.011804864
809 2 49 55 0.011791071
873 494 47 64 0.011787877
16 208 47 66 0.011770054
39 703 35 13 0.011757269
169 145 80 106 0.011750977
376 624 144 92 0.011748823
869 265 72 95 0.011746988
686 89 133 190 0.011740757
576 676 62 40 0.011736858
416 0 47 52 0.011734599
1 202 125 168 0.011733225
312 675 48 41 0.011727804
459 104 80 114 0.011716532
101 558 137 158 0.011716088
827 0 50 47 0.011715545
855 0 39 28 0.011713831
227 182 47 64 0.011707446
133 434 93 112 0.011699852
89 0 19 16 0.011691791
291 280 51 66 0.011686813
441 2 83 81 0.011682769
644 372 50 63 0.011673754
804 437 55 65 0.011671309
782 0 39 28 0.011669648
402 332 69 87 0.011666496
205 44 45 58 0.01166152
540 200 43 63 0.011657191
804 0 39 28 0.011642984
389 65 144 193 0.011641267
614 469 13 18 0.011640443
469 240 29 40 0.011620667
843 441 44 49 0.011619308
746 0 50 35 0.011618198
763 156 157 194 0.0116150845
218 576 83 95 0.011614527
767 418 55 69 0.011611453
650 0 70 63 0.011607918
297 590 57 88 0.011606098
589 0 72 56 0.011604808
501 98 83 124 0.011599269
229 123 84 114 0.0115940925
881 317 47 60 0.011587369
0 0 9 12 0.011586287
193 554 82 92 0.011581596
857 408 33 45 0.011556459
977 29 47 116 0.011547594
923 70 48 66 0.011547153
1018 375 6 46 0.011537755
984 165 40 107 0.011533345
204 183 48 64 0.01153053
960 415 39 51 0.011511145
11 691 58 25 0.011508663
987 414 37 104 0.011499443
85 0 37 28 0.011490359
941 0 44 56 0.011486073
782 673 60 43 0.0114856325
475 296 15 16 0.011483598
931 369 39 50 0.011481931
83 575 45 57 0.011479635
801 42 152 173 0.011479484
0 478 46 79 0.011477997
636 394 67 88 0.011472847
227 7 91 112 0.011425672
512 220 36 51 0.011420956
109 142 46 61 0.011413928
939 32 85 185 0.011410633
1017 128 7 57 0.011406698
839 395 61 77 0.011401797
1007 43 17 62 0.0114003075
332 303 45 48 0.011394476
507 147 75 111 0.011392095
704 32 51 43 0.01138691
0 98 61 99 0.01138642
728 108 46 62 0.011381665
30 96 44 56 0.011381358
36 214 83 112 0.011380493
617 475 14 17 0.0113703795
960 448 64 113 0.011368954
462 431 68 87 0.01136154
1010 200 14 73 0.011354902
1018 112 6 47 0.011354676
734 233 78 109 0.011354524
494 251 23 31 0.011350003
524 120 82 124 0.011349505
863 78 45 56 0.011348432
705 102 45 68 0.01134614
1011 295 13 61 0.011342277
0 554 44 70 0.011334472
499 17 85 101 0.011324818
734 131 44 50 0.011312332
941 410 42 55 0.011308199
83 127 84 116 0.011302982
915 245 47 63 0.011302437
464 151 66 96 0.0112930685
245 0 51 36 0.011289945
607 446 35 47 0.011289154
195 87 49 65 0.0112881875
758 60 65 80 0.011287346
182 24 45 61 0.011284526
0 654 33 62 0.011276049
266 0 50 36 0.011268875
439 50 86 112 0.011266514
752 27 70 83 0.011266125
359 130 48 68 0.011265218
46 31 156 197 0.011262239
845 418 40 48 0.011242957
0 435 40 66 0.011240824
356 131 76 99 0.011232668
896 28 83 113 0.011220536
67 36 48 59 0.011215707
732 671 59 45 0.011215128
903 72 50 64 0.011214331
147 505 128 165 0.011211964
816 409 68 80 0.0112112565
393 428 42 54 0.011210745
727 616 125 100 0.011208632
523 355 65 82 0.011208148
423 662 76 54 0.011201542
651 536 78 96 0.011197661
151 210 73 99 0.011196335
861 81 79 104 0.011195062
31 64 46 52 0.011194481
0 119 40 62 0.011194173
243 356 51 62 0.011193087
191 519 19 34 0.011191627
317 584 68 92 0.01117845
526 0 288 196 0.011170302
927 5 45 66 0.011163264
61 193 81 111 0.011149923
82 65 87 117 0.011146429
185 184 46 64 0.0111448215
936 520 49 58 0.011139559
319 0 73 57 0.011090926
178 256 38 39 0.011089386
789 73 40 46 0.011080451
368 677 60 39 0.011075783
613 510 14 15 0.011060283
277 496 250 220 0.011056408
573 0 61 46 0.01105468
101 101 43 66 0.011054111
706 133 46 57 0.011051802
712 179 79 106 0.011039356
622 374 47 61 0.011034612
879 56 79 107 0.011018649
99 0 51 37 0.011017522
3 111 26 38 0.011006589
264 356 58 74 0.011006036
0 392 45 84 0.010998312
614 171 80 110 0.010987926
733 41 73 93 0.0109804515
119 333 54 70 0.010964354
613 398 62 81 0.010960391
943 682 56 34 0.010952324
854 431 39 47 0.010949564
229 412 82 88 0.010941093
328 260 30 40 0.010938829
473 57 156 207 0.01093649
411 268 45 55 0.010934787
1013 426 11 59 0.010934227
475 37 83 105 0.010931889
204 0 50 36 0.010931608
183 0 51 36 0.010925626
0 295 29 53 0.01091983
51 269 63 82 0.010917979
623 411 40 52 0.010913062
505 409 68 81 0.010911318
265 603 39 55 0.01090895
457 172 44 62 0.010908835
194 481 48 61 0.010907542
1017 584 7 49 0.010904862
154 258 26 34 0.01090146
175 608 71 95 0.010901001
1007 507 17 56 0.010898432
1023 0 1 26 0.010891946
9 33 17 19 0.0108892815
530 174 73 107 0.010887047
60 577 46 57 0.010885583
0 150 40 65 0.010884445
293 451 51 56 0.01088292
61 170 46 66 0.01088256
416 408 43 53 0.010877682
710 687 55 29 0.010872753
120 0 51 36 0.010872644
835 104 83 103 0.0108710565
425 82 48 61 0.01086696
141 0 50 36 0.010865857
922 405 31 41 0.0108633265
767 290 46 63 0.01086315
517 198 133 193 0.010862699
442 127 75 107 0.010862321
0 524 45 74 0.010857995
890 491 43 59 0.010845373
605 456 58 87 0.010842657
1019 200 5 51 0.0108379405
809 129 89 116 0.010835171
876 0 38 27 0.010826324
928 339 96 182 0.010823177
603 244 43 63 0.010820574
1002 119 22 69 0.010817081
215 139 47 68 0.010814411
685 91 50 70 0.010814311
1001 426 23 73 0.010814015
17 633 31 43 0.0108092595
248 65 85 117 0.010800156
287 407 53 67 0.010795004
858 479 49 62 0.010793461
584 460 46 62 0.010793259
663 368 51 62 0.010784121
748 386 46 57 0.0107834935
379 436 25 36 0.010782875
1008 77 16 64 0.010782766
381 172 46 61 0.0107814325
103 321 47 59 0.010778199
889 453 46 59 0.010773757
910 284 45 59 0.010772263
18 232 45 66 0.010771124
863 454 48 61 0.010757193
0 609 13 38 0.01075679
841 374 41 53 0.010753736
488 233 35 46 0.010753591
307 425 50 64 0.010753455
268 625 28 47 0.010752373
411 677 56 39 0.010746909
34 117 38 47 0.010746392
187 605 46 64 0.010739595
580 383 39 47 0.010738097
893 275 45 67 0.010737814
0 702 13 14 0.010733426
1019 313 5 42 0.010733239
906 680 61 36 0.010728703
380 134 49 64 0.010722764
403 236 62 77 0.010718597
267 444 57 67 0.010717828
550 659 78 57 0.010714424
30 632 55 56 0.0107114
432 151 47 66 0.010704148
350 152 45 64 0.010693864
493 521 52 62 0.010692178
465 381 38 50 0.010688957
751 561 68 93 0.010682984
917 46 87 115 0.01068101
52 23 43 66 0.010678185
978 279 46 114 0.010674793
208 493 85 97 0.0106732
613 457 17 23 0.010672397
40 156 49 65 0.010672336
560 241 44 60 0.0106698265
118 124 48 62 0.010667848
48 212 44 59 0.0106669
111 628 39 51 0.010665397
722 144 14 16 0.010663138
588 0 20 15 0.010662162
925 490 74 94 0.010657858
977 428 21 29 0.010657172
179 190 272 284 0.010656843
152 449 117 147 0.0106563
99 0 20 14 0.010655432
426 14 46 60 0.010651857
263 0 307 205 0.010648292
76 156 49 60 0.010647237
545 145 80 121 0.01064549
749 93 75 97 0.010630872
702 400 54 72 0.0106275445
697 345 59 73 0.010624197
5 315 63 85 0.01062133
360 15 49 71 0.010620273
178 540 68 83 0.010619399
209 380 61 64 0.01061559
936 602 46 64 0.010611379
36 363 49 62 0.010610611
613 672 66 44 0.01060825
922 237 81 115 0.010606437
212 88 50 69 0.0106059
376 108 84 109 0.010605292
252 24 162 192 0.010601179
71 0 44 40 0.010600558
266 59 49 61 0.010596804
191 215 76 90 0.010594242
891 221 133 253 0.010593581
756 143 15 16 0.010589117
502 290 17 20 0.010583685
361 295 24 29 0.010582575
288 42 84 116 0.010579795
825 675 61 41 0.010577925
417 86 83 115 0.010576906
93 17 46 66 0.010576347
716 362 73 94 0.010566276
431 101 150 208 0.010564578
1009 253 15 61 0.010564427
853 212 86 115 0.010563389
64 0 38 29 0.0105624
948 478 48 63 0.0105617475
435 411 44 55 0.010554664
856 604 124 112 0.0105534
9 702 35 14 0.010552863
127 147 80 109 0.010550095
28 231 60 76 0.010549144
46 615 56 61 0.0105469115
341 15 47 72 0.0105380425
74 589 60 80 0.010526428
37 496 48 65 0.010524795
320 173 46 60 0.01051764
59 597 48 61 0.010514432
497 51 87 116 0.010509309
364 332 114 148 0.010506813
1018 355 6 44 0.010504732
372 43 46 61 0.010500902
239 210 64 96 0.010495345
375 450 40 44 0.010494124
504 0 76 70 0.010493143
104 351 54 60 0.010484902
964 637 20 26 0.010484808
893 160 91 130 0.010481237
366 178 90 98 0.010479109
110 0 20 15 0.010477937
59 497 47 63 0.010470582
19 598 23 25 0.010461773
370 155 47 63 0.010461402
89 224 71 100 0.010458719
629 555 80 95 0.010458599
587 439 42 51 0.0104556
266 280 124 163 0.010455134
336 27 155 192 0.010454946
697 50 306 357 0.01045286
451 422 103 137 0.010450742
962 668 14 15 0.010447496
663 627 94 89 0.010441545
1008 158 16 67 0.010438534
799 301 46 61 0.010433234
79 4 51 59 0.01043233
728 132 81 108 0.010425698
501 348 13 12 0.010413244
0 452 110 183 0.010412585
955 146 69 107 0.010406663
26 474 49 68 0.01040428
807 414 32 30 0.010398776
165 31 49 63 0.010395155
190 364 34 36 0.01039317
926 541 71 91 0.010390621
882 39 142 243 0.010390314
158 281 26 37 0.010387674
701 305 38 60 0.010386736
139 247 39 57 0.010386033
986 325 38 108 0.010384378
1000 342 24 74 0.010375358
802 0 153 134 0.010370589
472 286 37 48 0.010368676
605 483 65 103 0.010366698
25 302 40 49 0.0103659695
979 218 45 117 0.010359093
17 358 49 58 0.010358438
790 227 85 115 0.010356792
253 299 26 38 0.010345232
484 502 52 63 0.010345153
773 250 79 108 0.010341409
539 367 42 56 0.010339949
794 434 80 103 0.010336556
521 28 87 116 0.010331073
893 342 48 64 0.010318095
0 662 5 12 0.010313704
1019 397 5 45 0.010312032
624 269 46 63 0.010311679
433 385 47 57 0.010311223
586 606 54 63 0.01030887
593 463 20 25 0.010300727
1016 625 8 52 0.010296402
268 90 44 58 0.010293636
0 22 18 24 0.010293056
301 124 63 84 0.010291036
310 234 34 36 0.010288961
774 150 87 118 0.010286124
674 625 49 65 0.010281218
58 421 123 146 0.010278655
358 0 53 53 0.010275037
716 0 138 113 0.010274366
85 627 46 55 0.010271501
828 561 50 62 0.010266925
0 82 12 24 0.010266539
472 258 50 66 0.010265177
131 152 47 67 0.010264559
391 285 26 31 0.0102606965
278 320 13 29 0.010259976
493 229 61 82 0.010256571
356 86 76 105 0.010256117
126 344 76 89 0.010255852
1011 555 13 65 0.010252238
90 580 70 96 0.010250746
967 392 57 102 0.010249847
899 2 52 62 0.010249059
508 253 34 45 0.010246942
412 249 42 51 0.010241881
488 260 22 31 0.01023296
297 590 22 35 0.01023038
604 351 19 14 0.010229897
69 474 48 69 0.010224576
931 236 47 65 0.010222204
375 91 48 53 0.010220041
527 391 23 30 0.010219255
605 455 14 17 0.010218747
0 60 25 48 0.010217763
340 478 69 86 0.010213811
1019 333 5 44 0.010211734
436 99 48 65 0.010208928
849 248 137 183 0.01020774
612 342 47 49 0.010206722
874 122 89 124 0.0102061825
297 103 46 63 0.010205898
414 163 47 65 0.0102037825
287 344 21 37 0.010203518
574 519 37 58 0.0101980055
378 266 35 44 0.010197648
303 498 47 60 0.010194849
392 154 48 64 0.010194294
507 407 43 49 0.010193096
995 556 29 72 0.010186216
918 569 40 51 0.010182097
859 0 50 44 0.010178408
217 366 132 167 0.01017402
62 58 28 31 0.010173935
1023 0 1 30 0.010171215
675 583 47 57 0.010169836
231 260 37 50 0.010166941
407 107 20 24 0.010164703
419 431 43 51 0.010159339
320 296 117 147 0.010159313
210 345 34 36 0.010159117
23 96 30 39 0.010158401
997 601 27 75 0.010158186
515 255 20 25 0.010158016
532 516 48 56 0.010157466
749 176 88 115 0.010156136
946 602 78 114 0.010155285
387 413 36 47 0.010152674
168 246 39 45 0.010152237
283 324 44 51 0.010150346
38 400 92 123 0.0101497155
215 114 49 64 0.010149547
462 349 49 60 0.010148091
475 253 30 44 0.010147827
65 245 75 97 0.010144896
239 194 47 65 0.010142566
109 196 72 108 0.010141354
104 104 82 118 0.010139225
0 291 101 173 0.010136095
832 431 44 49 0.010133404
57 704 31 12 0.010131343
924 438 75 101 0.010118601
584 0 39 30 0.010115379
20 331 74 95 0.010111469
320 690 59 26 0.010107682
773 0 73 79 0.010104921
308 628 43 68 0.010096705
675 555 48 56 0.01009488
790 414 29 36 0.010089353
798 409 30 35 0.010087216
916 592 47 62 0.010086987
601 322 46 59 0.010084657
157 561 62 82 0.010083211
552 436 96 163 0.010081032
516 205 64 92 0.010079339
233 451 81 91 0.010073425
1 180 40 62 0.010068553
42 479 78 106 0.010063369
803 18 40 57 0.010056064
47 475 49 68 0.010054841
15 82 130 176 0.010042942
177 691 64 25 0.010039007
844 460 46 57 0.010035021
598 373 32 39 0.010030986
247 67 47 61 0.01002578
948 372 66 88 0.010025711
999 465 25 74 0.010024319
259 472 75 91 0.01002174
308 0 50 36 0.010016521
198 202 38 51 0.010012808
1 539 71 99 0.0100085335
998 87 26 74 0.01000633
404 308 117 150 0.010005385
488 177 66 95 0.01000534
867 681 61 35 0.010003844
453 57 54 58 0.0100038415
942 346 45 62 0.010003788
994 659 13 17 0.01000237
291 510 47 61 0.010001432
667 54 48 65 0.010000466