26_Soldier_Drilling_Soldiers_Drilling_26_9
893
506 218 32 43 0.8182321
620 211 24 30 0.78206277
536 201 26 31 0.061209247
629 211 26 29 0.060482785
513 201 40 50 0.051145237
463 369 16 14 0.048410326
477 322 22 18 0.047747724
544 201 30 32 0.046662103
642 213 19 26 0.046130832
676 257 9 11 0.04384792
188 330 26 30 0.042291235
664 262 22 23 0.04192616
451 331 53 72 0.041097492
297 99 221 307 0.03807994
628 220 18 21 0.03772288
626 196 30 37 0.03730223
609 201 31 40 0.036618553
604 211 20 24 0.03382378
489 211 40 52 0.033283897
623 224 21 24 0.032630164
611 218 31 39 0.031974137
501 231 33 44 0.031174004
511 206 25 37 0.030691542
319 225 10 13 0.029829735
492 0 14 14 0.029494386
942 545 14 12 0.029472502
236 206 12 15 0.029326087
458 346 40 43 0.028866446
639 204 19 30 0.028637655
636 223 18 22 0.02847911
635 215 30 38 0.028358363
617 226 36 45 0.02831456
472 317 21 22 0.028227434
597 231 37 47 0.027723836
818 0 206 200 0.026899567
186 335 32 47 0.026533742
480 312 26 26 0.02637757
481 362 20 13 0.02628296
445 325 9 10 0.026278084
553 210 21 31 0.026046392
0 0 143 177 0.025632028
678 255 8 10 0.024854714
671 260 14 18 0.024654321
828 381 196 196 0.024324471
504 0 259 191 0.024118239
630 234 19 22 0.02390147
225 326 26 38 0.022891628
522 203 24 32 0.022358492
0 384 140 193 0.022214355
541 193 27 30 0.022096677
517 222 41 44 0.021964813
451 0 46 47 0.021779582
545 204 17 21 0.021750709
595 249 39 50 0.021646777
266 0 260 270 0.021607503
629 204 20 25 0.021494659
487 423 39 56 0.021450587
348 462 47 53 0.021251239
499 184 38 57 0.021002637
691 38 24 38 0.020771585
503 206 25 30 0.020759726
0 0 92 114 0.020548018
374 0 53 43 0.019774625
355 0 52 42 0.019676313
609 181 50 64 0.019542025
503 237 23 29 0.019511027
533 205 18 22 0.019446092
1013 567 11 10 0.019435784
898 300 126 252 0.019238932
603 214 12 18 0.019236967
432 323 8 10 0.019215554
989 552 35 25 0.019139552
626 300 39 34 0.019112775
607 219 25 29 0.019081548
299 336 30 38 0.019062165
342 478 50 59 0.019058159
187 378 26 35 0.018927438
669 269 14 15 0.018815022
634 240 18 22 0.018772157
485 216 20 11 0.01861065
462 317 69 88 0.018328555
233 201 18 22 0.018257316
464 366 24 20 0.018250067
424 292 20 25 0.01823295
672 258 11 12 0.018220812
983 0 41 47 0.018147152
942 545 26 17 0.01803929
577 234 38 47 0.017973352
642 197 21 29 0.017916195
446 291 67 97 0.017805498
615 249 40 51 0.017777562
525 236 13 16 0.017705401
530 207 24 34 0.017655656
414 430 22 25 0.017544081
529 182 51 59 0.017496401
543 212 15 23 0.0173844
550 207 18 22 0.017345965
922 0 102 96 0.017273488
399 0 32 26 0.017098073
210 68 7 10 0.017052645
223 68 11 14 0.016933363
664 0 268 210 0.016921345
617 204 20 28 0.016714685
493 0 19 23 0.016677085
451 0 207 157 0.01663688
421 299 39 46 0.016595203
0 0 34 46 0.016533919
438 95 209 248 0.01646756
186 337 283 240 0.016428154
0 534 34 43 0.016334286
544 311 11 14 0.016281055
470 370 9 11 0.016185448
494 184 63 78 0.016107611
633 233 13 15 0.01606612
784 338 10 12 0.016051212
1006 0 18 24 0.016027363
938 32 16 23 0.015980037
942 497 82 80 0.015933517
787 234 41 52 0.015925737
0 202 23 69 0.015907941
366 0 200 178 0.015895799
514 312 22 22 0.015866516
12 0 284 188 0.015839415
286 0 63 46 0.015797077
537 500 44 43 0.015768325
586 145 98 142 0.01574081
185 335 19 23 0.015739834
593 245 23 30 0.015736157
148 37 338 362 0.015679894
464 336 16 16 0.01564543
1007 559 17 18 0.015642267
651 0 25 16 0.015559386
483 207 32 40 0.015551681
480 13 13 19 0.015550865
489 215 65 80 0.015518714
891 31 18 24 0.01546951
605 146 59 84 0.015441175
499 251 33 42 0.015374441
187 353 26 39 0.01530721
566 481 21 20 0.015305069
607 0 214 152 0.015232861
0 548 22 29 0.015224238
665 261 14 16 0.015194088
625 201 18 24 0.015165174
192 321 34 41 0.015159064
670 275 11 10 0.0151533075
183 0 68 46 0.015116621
674 254 9 12 0.015108796
24 401 269 176 0.015073944
552 0 167 117 0.015062212
469 362 29 22 0.015061365
369 0 32 28 0.015043537
442 293 15 20 0.015036215
0 0 55 73 0.015019413
52 0 35 25 0.014988608
563 0 19 19 0.014985506
91 253 21 28 0.014973271
376 210 163 230 0.014904614
727 173 30 36 0.014886765
366 462 30 36 0.014873565
641 200 13 17 0.014870229
226 0 67 45 0.0148563525
234 319 39 48 0.014852638
528 85 216 248 0.014823402
604 234 23 27 0.014803172
633 181 36 49 0.014796601
601 244 24 28 0.014773769
613 242 23 27 0.014758491
491 155 106 128 0.014757323
801 55 223 394 0.014751121
433 293 20 24 0.01473341
562 48 126 181 0.014732703
560 205 21 27 0.014722654
618 277 41 51 0.01471279
324 462 80 96 0.014706323
490 361 15 12 0.014666915
630 245 15 21 0.014666065
173 0 32 25 0.0146449385
468 326 35 35 0.014633488
321 223 7 9 0.014567116
390 504 7 10 0.014565481
207 154 295 340 0.014528715
475 329 23 24 0.014464928
346 468 27 31 0.0144463815
539 201 17 20 0.014412997
446 317 7 10 0.014399136
673 329 24 31 0.014394156
615 159 40 56 0.014331704
279 340 21 30 0.014326711
0 190 18 34 0.0143247275
621 233 19 23 0.014320877
372 99 157 205 0.014319378
435 323 8 9 0.014317569
910 27 22 27 0.014246832
753 158 19 26 0.014217614
431 71 29 46 0.014187204
664 469 19 28 0.014154156
511 234 23 28 0.014151478
350 0 38 29 0.014150481
607 215 55 71 0.014134136
131 0 33 26 0.014133505
599 197 49 63 0.014131927
941 366 15 17 0.014129289
526 196 23 26 0.014121096
624 197 57 69 0.014113238
602 183 36 48 0.014068742
235 208 9 10 0.014040115
122 440 28 31 0.014001534
73 0 34 26 0.013991884
245 328 71 97 0.013965725
880 0 66 50 0.013896668
480 211 30 18 0.013888839
65 0 68 52 0.013860284
201 0 35 27 0.013847818
636 232 38 46 0.013841026
557 0 30 29 0.013831947
481 1 28 45 0.013817352
93 0 139 90 0.013803167
410 0 47 46 0.013792622
956 0 34 25 0.01377524
0 216 18 39 0.013772503
233 327 10 12 0.013757054
645 0 59 45 0.01370101
538 92 120 169 0.013694642
613 214 18 21 0.013662663
616 225 21 25 0.013662327
877 14 76 100 0.01365821
106 0 66 51 0.0136474045
217 318 50 64 0.013619599
653 0 14 11 0.013574382
152 0 32 25 0.013561354
537 208 34 40 0.013548681
344 418 27 33 0.013547143
1013 462 11 35 0.013540512
636 250 39 51 0.013522639
0 468 66 109 0.013520758
424 281 21 27 0.013507655
626 311 27 24 0.013501887
26 0 69 52 0.01349432
342 0 33 23 0.013484209
662 0 37 30 0.01346549
658 264 20 19 0.013388988
936 0 34 25 0.013335001
634 240 12 14 0.0133328
441 41 129 209 0.01333024
223 357 70 99 0.013311612
225 445 192 132 0.0133050475
656 0 124 98 0.013304857
92 0 34 27 0.013288508
0 65 127 361 0.013284711
907 0 31 26 0.013254108
167 275 23 32 0.013252569
295 82 44 58 0.013247494
628 232 13 16 0.013240923
646 342 26 35 0.0132220015
489 307 25 27 0.013189317
442 322 14 16 0.013181408
0 0 17 23 0.01316789
145 0 68 49 0.013132272
695 51 22 35 0.013131431
778 290 60 72 0.013130592
291 82 84 109 0.013128703
135 430 227 147 0.01311119
960 536 64 41 0.013104023
526 208 13 17 0.013102444
190 299 170 200 0.013099844
261 98 81 110 0.013057581
588 124 33 47 0.013056591
169 0 134 91 0.013012254
476 268 72 94 0.013005019
32 0 35 26 0.012963984
639 233 12 15 0.012953221
249 0 67 60 0.012948833
930 558 46 19 0.012938786
201 202 84 116 0.01291446
903 163 77 106 0.012908043
157 313 20 26 0.012896507
642 224 11 15 0.012884321
595 212 22 27 0.012865321
842 0 31 20 0.012861923
333 0 65 57 0.012844819
253 0 130 89 0.012820416
643 230 12 15 0.012820367
277 316 10 13 0.012817029
180 150 23 30 0.012798187
658 271 21 22 0.0127913505
323 223 10 12 0.012791163
505 157 56 78 0.01278859
469 468 20 27 0.012779887
268 318 66 84 0.012755028
312 0 176 147 0.0127350185
218 395 73 101 0.012727464
942 32 10 14 0.012723099
456 0 27 24 0.012721809
203 0 73 60 0.012709196
518 210 14 18 0.012696519
113 0 34 26 0.012688289
0 189 42 95 0.012688211
496 42 124 189 0.012661311
593 448 26 34 0.012637753
595 268 42 54 0.012637589
195 378 37 52 0.012628187
160 348 17 22 0.012613232
281 0 36 35 0.012597365
200 146 167 189 0.012591765
410 429 32 40 0.012591573
194 352 23 28 0.012588026
462 358 40 50 0.012575573
488 265 32 40 0.012563257
997 479 27 67 0.0125535
646 268 14 17 0.012551905
174 393 79 104 0.01254856
483 391 52 78 0.012546367
748 377 51 60 0.012540061
509 246 13 17 0.012537315
933 1 20 17 0.012533767
0 177 19 32 0.0125264665
596 236 12 13 0.012524016
292 0 18 14 0.012510497
435 421 46 64 0.01250946
549 230 21 22 0.012482773
445 351 23 23 0.012458024
602 200 20 29 0.012436986
339 205 75 97 0.01242486
182 358 23 27 0.012421478
877 0 32 26 0.012414052
668 257 11 13 0.012399747
317 225 9 11 0.012396827
393 20 45 57 0.012391491
640 233 19 22 0.012355966
793 443 170 134 0.012346059
262 222 74 101 0.012339461
659 365 261 212 0.012328983
609 198 23 28 0.012328876
347 0 109 76 0.012325428
319 228 8 14 0.012324764
0 205 14 35 0.01232449
913 561 42 16 0.01230623
611 252 65 89 0.01230567
606 43 131 181 0.012301027
379 0 35 25 0.012294012
940 546 9 9 0.012282384
569 471 25 31 0.012281021
448 322 6 9 0.012263713
0 564 17 13 0.012226696
95 0 18 14 0.012208974
741 223 31 39 0.012207865
262 225 14 15 0.012198415
639 245 18 24 0.0121969
250 76 18 27 0.012193868
499 416 59 77 0.012193784
3 414 80 109 0.012187488
264 345 73 99 0.012181017
304 0 68 63 0.012179555
3 533 71 44 0.012178566
465 370 11 10 0.012177972
285 216 11 14 0.01215771
595 241 13 17 0.012146201
497 0 14 12 0.012142288
126 0 232 153 0.012136099
180 348 21 29 0.012108812
779 235 62 82 0.012096133
583 0 65 49 0.01208681
444 345 36 36 0.012083764
367 344 48 54 0.012080818
187 342 12 15 0.012078017
651 261 9 14 0.012064659
217 260 40 50 0.01204619
380 412 22 28 0.012041331
180 0 18 14 0.012038622
300 349 32 47 0.012029668
702 0 62 51 0.012026178
512 210 15 18 0.0120232375
482 224 40 52 0.011998951
191 383 18 23 0.011994753
422 293 13 19 0.011978892
512 219 73 88 0.011972515
201 142 49 68 0.011970039
360 71 78 102 0.01196471
945 403 13 16 0.01196337
401 413 16 24 0.011959373
736 410 74 88 0.011956325
747 173 42 51 0.011954377
877 541 52 36 0.01195039
344 0 12 9 0.0119494535
571 244 48 61 0.01194538
483 300 25 30 0.011936559
246 304 63 78 0.011932684
483 218 16 11 0.011928799
408 424 70 88 0.011928385
714 230 27 35 0.011923344
844 381 29 33 0.011914081
658 261 15 15 0.011910612
582 337 234 240 0.0118975155
798 227 55 68 0.011890847
252 313 32 48 0.011888927
65 0 18 13 0.011886869
514 246 14 15 0.011882535
583 236 23 27 0.011865518
220 0 35 24 0.011858012
661 528 71 49 0.01185556
1009 320 15 44 0.011853795
5 45 72 106 0.011851259
369 306 34 45 0.011838999
489 320 25 24 0.011832992
269 3 65 74 0.011820567
319 0 36 28 0.0118152965
272 0 33 25 0.011808188
371 528 8 10 0.0118068885
863 4 69 84 0.011802097
413 58 55 75 0.011799461
41 0 37 36 0.011790117
937 567 31 10 0.011789414
1019 0 5 13 0.011786134
211 0 230 176 0.011781941
518 492 79 85 0.011771253
513 302 28 27 0.011761104
798 523 79 54 0.011735431
885 158 34 47 0.011734051
141 436 76 91 0.01172519
0 305 93 206 0.011725067
337 351 254 226 0.0116964895
579 0 33 23 0.011692561
514 244 40 50 0.011692295
202 245 19 24 0.011684776
658 476 34 44 0.011684107
934 29 25 35 0.011678045
590 438 44 48 0.011674398
0 37 21 33 0.01166172
980 304 44 82 0.011660577
645 198 12 15 0.011657328
441 67 13 18 0.011654294
237 208 16 20 0.011650485
160 0 75 73 0.01164479
555 223 18 21 0.011635295
344 19 43 58 0.011631769
16 0 43 48 0.011629019
633 251 15 21 0.011625442
945 296 29 38 0.011622596
980 465 44 95 0.011620425
55 433 36 39 0.011613636
365 351 10 14 0.01161036
253 315 11 18 0.011608771
371 0 129 97 0.011601708
460 326 19 24 0.011591372
905 372 24 31 0.011581255
234 186 193 227 0.011580107
178 381 37 53 0.011573429
580 99 65 90 0.011570228
455 359 27 24 0.011564822
923 536 68 41 0.011563928
602 533 67 44 0.0115625085
593 205 33 40 0.011561444
492 321 42 43 0.011557834
234 210 12 16 0.011556132
701 12 61 78 0.011553335
534 216 14 20 0.011551306
530 211 13 20 0.011542183
732 370 46 62 0.011514927
208 335 61 87 0.011513664
546 216 21 26 0.011479314
820 508 102 69 0.011478923
520 318 19 12 0.011474766
297 46 73 92 0.011473633
622 249 27 34 0.011465581
210 233 55 75 0.011464695
250 0 36 25 0.011463574
344 337 18 26 0.0114513
841 0 64 48 0.011450745
195 362 23 32 0.011446273
104 124 20 23 0.011445528
623 506 42 54 0.011444072
352 456 32 39 0.011421419
545 1 69 75 0.011421269
220 304 39 49 0.011419202
157 152 126 189 0.011417958
2 118 38 56 0.011406709
415 315 76 93 0.011405265
190 23 67 78 0.011405236
0 16 19 35 0.011401325
940 0 67 53 0.011398868
125 529 70 48 0.011391585
317 37 37 46 0.011389683
11 0 35 27 0.011374628
480 366 14 10 0.011365363
705 142 60 80 0.011357064
597 49 236 302 0.011356917
573 267 43 54 0.011354106
431 312 41 48 0.0113531
939 298 85 169 0.011333119
163 529 73 48 0.011322236
431 318 11 14 0.011319199
466 0 23 20 0.011318804
281 189 74 101 0.0113181295
561 215 15 21 0.011315891
329 338 17 22 0.011315764
330 337 28 42 0.011313917
208 375 38 52 0.011309496
320 188 73 99 0.011299613
458 316 12 14 0.011299216
498 219 16 14 0.011297704
235 89 9 10 0.011295235
68 170 41 57 0.011293744
722 155 65 83 0.01128998
549 433 58 70 0.011289769
853 0 37 25 0.011280055
40 432 70 96 0.01127473
592 550 46 27 0.011261373
931 342 10 12 0.011253374
0 133 20 32 0.011250702
514 291 41 50 0.011250259
785 197 13 18 0.011249689
231 326 14 18 0.01124714
513 550 44 27 0.011244786
91 0 56 42 0.011244087
496 269 40 50 0.011234025
652 263 14 16 0.011231725
714 171 32 42 0.011215875
135 547 49 30 0.011210756
186 0 23 17 0.011201664
849 0 143 104 0.011198035
272 548 50 29 0.011195063
446 3 63 78 0.011193251
35 1 305 352 0.01119097
100 129 25 30 0.011183669
440 315 8 9 0.011178124
387 442 169 135 0.011168567
294 409 34 45 0.011167814
65 0 29 20 0.011160333
122 1 72 74 0.011157412
768 378 52 58 0.011143998
580 15 71 87 0.011136507
756 160 36 47 0.011132259
671 547 49 30 0.01111802
705 438 178 139 0.011116874
679 259 8 10 0.011116358
612 549 46 28 0.0111104455
700 527 73 50 0.011109784
263 530 70 47 0.011105314
213 335 36 54 0.011102864
592 427 64 70 0.011090432
751 152 18 23 0.011088503
947 310 19 23 0.011087191
161 0 34 33 0.011080408
987 315 23 31 0.011073863
953 560 42 17 0.011071639
218 177 99 126 0.011070894
364 190 72 95 0.011069139
45 533 71 44 0.011053058
85 0 18 13 0.011049582
300 206 74 101 0.011045655
63 0 117 74 0.011040064
898 0 72 73 0.011031943
356 482 52 65 0.011030692
672 266 18 19 0.011030031
231 62 20 28 0.0110294325
244 253 70 90 0.0110271005
178 377 60 84 0.0110251885
555 374 39 43 0.011015717
153 547 50 30 0.011013961
218 363 39 57 0.011001244
571 486 35 48 0.011000785
944 564 37 13 0.010996157
363 315 49 69 0.010995577
921 194 103 212 0.010993598
85 530 70 47 0.010989408
715 377 44 59 0.01098407
359 472 32 32 0.010983573
622 441 17 26 0.010982354
512 245 26 31 0.010971075
277 337 33 44 0.010970905
323 526 69 51 0.010968923
866 0 54 39 0.010962845
707 25 42 50 0.010962091
418 350 36 47 0.010961774
159 349 31 43 0.010959125
632 549 46 28 0.010956622
643 261 24 29 0.010952366
748 0 32 25 0.010942743
494 548 46 29 0.010935497
630 248 31 39 0.010934458
482 4 19 23 0.010930267
695 29 34 45 0.010928317
0 0 8 11 0.010927228
268 90 37 58 0.0109114535
462 532 68 45 0.010907367
478 267 26 24 0.010898724
623 188 24 32 0.010896364
549 200 18 20 0.010895859
0 12 38 92 0.010879
97 74 23 30 0.01087286
250 58 30 44 0.010872429
370 126 35 48 0.010870822
139 0 18 14 0.010867564
762 0 65 47 0.010866606
0 211 83 229 0.010866447
281 143 74 105 0.0108625265
506 21 60 88 0.010851658
708 0 173 120 0.010845598
45 0 29 20 0.010842581
202 376 69 95 0.010842475
116 548 49 29 0.010835581
535 315 40 47 0.010831153
0 236 34 69 0.010829305
21 0 114 78 0.010825028
146 333 141 151 0.010819882
191 353 39 55 0.010817813
545 561 42 16 0.010817359
884 150 73 101 0.010815952
216 279 26 30 0.01081452
805 0 61 43 0.010812668
95 548 49 29 0.010811071
445 318 11 14 0.010810614
529 9 23 29 0.0108063
490 218 18 12 0.010801424
448 314 9 11 0.010800989
1018 467 6 25 0.010797723
439 354 50 60 0.010792673
496 303 17 22 0.010789845
220 108 72 102 0.01078471
302 0 33 24 0.010784186
431 499 93 78 0.010781224
655 250 37 49 0.010777325
530 450 127 127 0.0107745305
690 548 50 29 0.010768026
285 18 69 95 0.010767157
323 487 51 58 0.010766979
17 215 24 33 0.01076133
666 480 41 49 0.010754321
434 319 14 14 0.0107528735
531 220 18 25 0.010747622
942 375 37 54 0.010743574
1022 0 2 9 0.010738844
166 391 40 50 0.010736293
893 556 43 21 0.010733697
470 372 13 13 0.01073223
645 472 66 84 0.010729006
652 548 48 29 0.010721147
340 99 77 110 0.010712743
364 533 67 44 0.010707843
116 482 45 61 0.010701396
155 359 28 45 0.010698192
932 222 41 56 0.010696892
130 0 56 41 0.010696725
734 557 38 20 0.010692865
654 37 132 181 0.010690139
489 366 14 13 0.010675032
0 147 18 31 0.010666294
1011 497 13 40 0.010663263
573 263 27 30 0.010661418
92 465 67 90 0.01066118
570 324 46 39 0.010657643
628 0 105 79 0.010657041
781 332 25 35 0.010653357
488 510 45 45 0.010651944
608 248 28 34 0.010650974
710 548 50 29 0.010649147
460 336 14 15 0.010647057
982 135 42 98 0.0106448615
260 0 38 37 0.010644156
346 494 83 83 0.010642128
634 201 13 16 0.010641347
540 483 60 63 0.010641221
546 0 18 13 0.01064117
688 158 57 81 0.010637049
437 324 21 29 0.0106337415
0 74 37 92 0.010633598
535 332 24 28 0.010630131
574 550 46 27 0.010629299
1002 325 22 57 0.010626919
881 101 143 196 0.010626352
359 0 13 9 0.010625666
563 397 160 180 0.010625572
911 56 44 56 0.01062453
384 503 46 54 0.010624411
182 361 15 17 0.010624069
33 254 22 27 0.01062227
787 256 75 94 0.010617088
369 103 37 55 0.0106122
494 294 41 48 0.0106115695
594 564 40 13 0.0106111765
513 196 25 27 0.010608418
954 547 14 11 0.010605901
0 183 27 61 0.010599822
174 337 11 17 0.010599425
55 550 50 27 0.010599315
26 11 44 58 0.010598884
737 134 68 88 0.010594797
618 0 16 13 0.010594334
374 449 34 46 0.010593025
273 66 69 89 0.01059281
10 30 38 54 0.010586571
844 554 41 23 0.010586377
484 361 25 20 0.010585098
201 234 27 36 0.010581875
382 46 72 93 0.010577311
494 202 30 26 0.01057662
901 0 26 19 0.01057085
349 0 19 14 0.010570823
861 40 77 109 0.0105685685
451 284 103 142 0.010563566
371 505 9 10 0.010562073
922 468 78 90 0.010560797
599 244 12 17 0.010558061
722 82 40 50 0.010555474
200 150 69 105 0.010549412
75 548 50 29 0.010548935
212 69 35 50 0.010547473
424 530 68 47 0.010547112
90 266 22 32 0.010545035
518 243 13 16 0.010543281
893 219 41 56 0.010542048
0 38 90 235 0.010541639
450 273 24 24 0.010541392
375 21 45 56 0.010536595
811 173 21 29 0.0105339475
486 222 23 31 0.010533837
514 268 41 49 0.010533722
640 507 74 70 0.010524857
450 349 234 228 0.010513646
4 443 40 48 0.010513569
377 503 7 10 0.010510478
628 98 38 51 0.010507239
629 152 47 68 0.01050664
39 261 21 25 0.010504184
174 547 50 30 0.010500984
767 0 35 25 0.010499922
347 477 36 33 0.010499699
368 211 34 51 0.010491513
291 549 50 28 0.010490856
196 0 25 17 0.010487233
517 312 14 15 0.010479229
486 150 56 80 0.010478106
27 261 22 26 0.010477299
187 179 71 105 0.010471326
209 154 24 29 0.01046724
329 350 34 48 0.0104655605
973 558 40 19 0.010464991
583 0 15 9 0.01046132
759 523 78 54 0.010461142
740 184 62 80 0.010460634
313 549 49 28 0.010459241
552 268 43 53 0.010449383
825 554 40 23 0.010442741
417 406 38 46 0.010442305
935 542 41 31 0.01043945
354 0 26 17 0.010437023
580 411 19 30 0.010437006
539 447 50 64 0.010431061
219 0 19 13 0.010429965
170 207 154 208 0.010429339
227 205 29 39 0.010423852
569 0 12 10 0.010419788
268 129 24 32 0.010417838
563 217 21 25 0.010408418
946 546 52 31 0.010408007
924 362 73 105 0.010407981
61 448 72 99 0.010403309
591 147 51 71 0.01039808
578 446 39 46 0.010393399
779 311 33 47 0.0103922915
507 306 23 26 0.010391223
636 264 20 25 0.010390183
939 5 10 10 0.010389913
265 278 69 92 0.010388511
204 530 71 47 0.010388005
415 430 43 55 0.010387571
165 331 9 13 0.010387302
750 334 42 55 0.010381154
305 322 35 47 0.010370419
631 193 22 25 0.010369771
623 93 64 90 0.010350382
513 255 79 97 0.010348759
0 153 66 168 0.010346668
353 550 47 27 0.010342329
489 0 12 10 0.010338193
723 381 71 91 0.010329976
333 549 49 28 0.01032925
228 294 58 71 0.010324596
524 226 25 31 0.010323476
563 31 68 91 0.0103207305
178 414 22 31 0.010319099
549 185 37 44 0.01031898
453 546 47 31 0.010314483
708 153 23 29 0.010310179
795 556 39 21 0.010302828
194 548 50 29 0.010301887
953 21 41 55 0.010295987
26 174 36 47 0.010292066
839 530 55 47 0.01028994
319 77 47 61 0.010286698
278 24 41 57 0.010284528
567 560 43 17 0.010266034
603 115 36 44 0.010263531
472 355 27 20 0.010261707
705 234 33 43 0.010260453
670 0 27 18 0.010256858
618 491 69 86 0.010247236
688 46 18 25 0.010245043
206 185 20 26 0.010243566
349 346 43 55 0.010242775
322 17 73 93 0.01024259
942 209 43 57 0.010238891
145 0 27 21 0.010237539
426 281 14 14 0.010233781
35 549 51 28 0.010225592
377 316 22 31 0.010219417
699 0 33 24 0.010219
816 291 73 95 0.010218596
651 74 59 74 0.01021757
427 312 18 20 0.010216184
44 256 22 26 0.010209954
47 125 39 50 0.010208208
140 13 75 84 0.010206173
22 253 23 28 0.010202104
252 482 47 53 0.01019605
197 422 78 102 0.01019274
740 567 27 10 0.010187992
970 198 22 28 0.010185792
27 409 67 82 0.01018425
97 207 22 30 0.010180247
216 413 11 15 0.010173803
614 417 19 22 0.010173612
50 172 40 53 0.010162423
0 274 197 299 0.010159488
233 187 28 36 0.01015868
234 549 50 28 0.010158026
79 143 296 363 0.01015705
433 547 47 30 0.010157008
723 178 7 9 0.010153314
610 406 37 41 0.010150237
530 13 33 43 0.01014062
654 357 20 28 0.01014031
911 24 88 114 0.010136948
623 337 57 77 0.010136305
901 518 70 59 0.010135167
1013 311 11 38 0.0101339305
238 197 17 22 0.010133876
265 387 73 92 0.010133094
365 0 26 18 0.010131574
652 268 39 52 0.010130673
906 294 68 97 0.0101284515
552 482 12 15 0.010122142
0 220 10 26 0.010121103
879 0 19 13 0.010120875
623 440 10 13 0.010119119
566 0 36 31 0.010118099
961 153 16 17 0.010117237
748 142 36 44 0.0101130875
864 557 42 20 0.010111363
182 104 19 24 0.010108139
554 473 43 51 0.010106034
937 478 41 54 0.010105183
983 172 41 100 0.010104847
411 274 57 72 0.0101048285
753 167 21 30 0.010101676
649 209 10 18 0.010098065
403 485 64 75 0.010093883
56 0 18 12 0.010093661
859 567 28 10 0.010091278
484 369 13 10 0.010091049
482 340 54 53 0.010091006
269 276 15 16 0.010089721
851 31 38 55 0.010087483
92 177 23 32 0.010085547
821 409 72 94 0.010083208
1014 258 10 33 0.010082967
334 112 35 46 0.01008214
183 304 34 48 0.010080558
643 0 38 31 0.010077679
617 113 37 48 0.010065727
214 548 49 29 0.010065009
410 461 58 71 0.010063621
421 122 17 24 0.010054109
484 326 23 22 0.010046635
257 139 177 185 0.0100406585
893 147 37 49 0.010036731
453 316 8 9 0.010034054
283 244 70 103 0.010029616
522 535 65 42 0.010025329
480 118 14 13 0.010024535
230 206 13 15 0.010023542
675 0 35 24 0.010021041
466 371 17 21 0.010021031
941 155 38 51 0.010020594
324 23 45 56 0.010019607
266 325 32 49 0.010014304
445 305 19 23 0.010008438
863 275 60 92 0.010006578
446 280 21 25 0.010005436
24 276 34 44 0.010002691
467 373 10 12 0.01000264
704 401 72 86 0.010002429