31_Waiter_Waitress_Waiter_Waitress_31_888
459
293 214 176 245 0.8976582
159 201 220 278 0.043439414
764 0 260 269 0.038472638
915 0 109 146 0.03489995
0 0 204 271 0.034567513
287 0 378 275 0.03452365
0 0 105 131 0.03309405
0 1060 184 332 0.03170892
0 1227 108 165 0.02963426
803 1047 221 345 0.029591642
213 0 297 215 0.028817238
395 1034 386 358 0.028607138
928 1237 96 155 0.028522715
196 1056 405 336 0.025921809
47 0 368 264 0.025446588
346 0 254 172 0.02520987
751 106 273 526 0.025133051
525 0 393 300 0.024888676
961 0 63 79 0.02430217
442 0 311 222 0.024012705
329 329 138 149 0.023693407
790 357 234 496 0.023583474
0 1085 108 242 0.023299264
108 246 287 369 0.023031358
807 726 217 510 0.022862663
499 0 201 150 0.022645257
18 201 232 287 0.02223929
520 1195 227 197 0.022183556
299 165 134 181 0.021884864
679 0 196 148 0.021667803
977 1320 47 72 0.021229811
78 0 201 149 0.02103955
0 0 54 68 0.021036603
800 0 195 145 0.020684173
377 728 385 483 0.020638788
0 216 123 272 0.02056684
0 702 101 260 0.020555878
846 662 27 34 0.020525757
199 0 200 146 0.020417387
334 0 166 122 0.020024346
0 594 109 243 0.01982595
330 253 205 252 0.019823901
0 485 181 478 0.019659784
893 753 131 300 0.01962561
0 113 121 274 0.019602075
456 0 167 121 0.019574758
899 295 125 295 0.019438574
197 1231 215 161 0.01917813
888 454 136 309 0.019077867
0 1058 73 181 0.018946994
690 1228 179 164 0.018906673
890 620 134 301 0.01888754
0 824 95 254 0.018835684
0 211 202 507 0.018799493
313 1217 219 175 0.018782323
909 44 115 286 0.018659035
29 0 170 126 0.018601801
931 1068 93 270 0.018530162
750 0 166 119 0.018462464
572 0 171 121 0.018428197
906 160 118 298 0.018289208
403 0 142 99 0.018197825
0 678 71 178 0.018191012
154 0 168 120 0.018037738
0 802 65 179 0.01778447
96 1115 327 277 0.01770187
908 941 116 289 0.017667443
0 260 72 191 0.01750699
624 1262 151 130 0.017359877
0 342 100 253 0.017311923
289 91 269 382 0.017234715
297 353 366 471 0.017215788
0 1298 70 94 0.017028121
289 0 143 100 0.017009646
0 578 70 170 0.016969161
101 395 290 392 0.01689204
316 382 196 239 0.016689245
0 477 91 254 0.016654186
0 687 190 504 0.016545616
938 853 86 207 0.01652521
210 816 439 480 0.016494274
0 0 34 45 0.016490463
0 149 70 186 0.016461944
0 948 98 267 0.016437663
938 432 86 214 0.016384283
540 0 110 80 0.016375223
859 3 33 45 0.016328713
0 363 310 487 0.016297227
937 732 87 210 0.016296232
239 410 243 311 0.016281957
0 22 73 171 0.01624116
646 0 142 100 0.016225148
184 1286 146 106 0.016200326
928 560 96 213 0.016188338
953 79 71 207 0.0161407
407 114 365 470 0.016128974
802 1245 179 147 0.01603562
85 1223 199 169 0.016031832
945 269 79 209 0.015928965
400 518 365 502 0.01591874
719 1282 120 110 0.01586035
648 142 248 309 0.015803661
0 387 64 169 0.015774107
211 0 110 78 0.015773503
270 1279 177 113 0.015736567
679 1118 283 274 0.015709387
234 373 141 171 0.01569826
0 68 89 226 0.015516403
29 1251 138 141 0.01548711
93 0 107 77 0.01545948
735 1321 82 71 0.015459136
940 443 9 16 0.015399973
479 98 229 303 0.015326585
962 1155 62 199 0.015325818
0 1324 43 68 0.015312388
17 611 281 446 0.015218764
602 0 109 80 0.01515876
486 0 107 79 0.01505691
0 938 57 145 0.015004789
761 1272 129 120 0.014952565
521 369 368 484 0.014882887
29 0 114 80 0.014850728
76 698 333 440 0.014804173
1019 1372 5 20 0.014786638
5 1087 14 19 0.014692759
0 451 60 163 0.014692321
0 0 25 25 0.014576817
1002 0 22 41 0.0145302415
950 986 74 200 0.014496366
362 0 112 80 0.014475735
0 515 62 166 0.014460855
348 386 122 127 0.014401592
1006 1353 18 39 0.014305365
1022 1374 2 18 0.014286156
315 845 224 235 0.014269917
700 43 247 295 0.014233022
566 1287 155 105 0.014227542
68 452 122 158 0.014226962
0 985 64 177 0.014014565
0 563 7 14 0.013993467
1022 0 2 21 0.013941191
193 626 372 467 0.013787206
80 510 321 472 0.0137484
668 595 345 495 0.013666057
353 424 247 300 0.013595258
191 620 135 161 0.013489369
722 0 108 80 0.013447931
0 810 307 481 0.013434499
0 984 35 101 0.013402817
274 0 105 75 0.013399927
119 793 123 162 0.01334629
73 353 181 244 0.013335361
0 1133 70 87 0.013333868
852 1187 34 41 0.013318511
157 0 110 77 0.0132913785
817 989 21 27 0.013173694
482 586 211 266 0.01315624
712 250 230 310 0.013137944
355 691 291 361 0.013032812
237 1309 128 83 0.013032715
0 569 7 15 0.012986778
250 0 90 62 0.012955617
0 630 42 111 0.012907207
430 0 89 61 0.012887647
1010 0 14 27 0.012887458
0 396 37 98 0.012852604
580 0 90 64 0.0128506115
256 225 131 176 0.01284379
107 849 174 225 0.012833832
404 826 225 262 0.012757095
0 1098 6 16 0.012743666
0 1120 9 17 0.0127359275
558 206 214 269 0.0127223935
924 1327 75 65 0.012677662
611 250 214 276 0.012665948
0 114 60 140 0.012665144
193 697 122 123 0.012643251
406 381 134 163 0.012641329
365 327 201 243 0.012640588
518 644 314 424 0.012564158
0 223 60 150 0.012539414
472 1269 166 123 0.012536518
492 1007 220 294 0.012528909
290 443 136 160 0.012515124
194 828 212 244 0.012513497
947 178 77 183 0.012509402
150 711 197 255 0.012486933
364 1093 211 266 0.012485929
803 630 191 259 0.0124610085
285 222 317 402 0.012437529
732 389 209 298 0.012432035
415 581 131 164 0.012369069
660 1032 124 167 0.012351759
697 835 116 156 0.012346122
209 75 210 299 0.0123239625
402 714 100 115 0.012314106
728 7 194 209 0.012286272
560 260 133 178 0.012283536
125 518 62 66 0.012282696
20 22 134 178 0.012262535
200 596 193 268 0.012242717
875 668 24 32 0.012181763
842 0 100 79 0.012120159
386 1279 133 113 0.012071333
694 311 160 199 0.012033457
143 935 193 237 0.012007097
554 950 204 259 0.012007011
395 1175 132 177 0.012005406
554 166 138 193 0.011991615
264 785 214 239 0.011988781
492 833 332 448 0.011980811
306 994 222 288 0.011965599
607 117 213 258 0.0119593
622 5 199 215 0.011908456
30 0 57 44 0.011900012
679 781 184 248 0.011899107
408 0 75 50 0.011856537
252 923 225 273 0.011847818
52 257 138 193 0.0118393125
111 0 73 50 0.011831355
624 835 182 248 0.011804373
133 0 89 62 0.01179066
0 1090 7 17 0.01176871
0 0 14 18 0.011765003
824 671 128 167 0.011750965
0 717 38 104 0.011743855
791 1326 79 66 0.011731682
662 847 339 492 0.0117127225
111 0 15 10 0.011703021
695 893 115 155 0.011671263
783 0 104 76 0.011665783
230 1028 139 170 0.011659431
359 895 227 284 0.0116579775
844 1346 20 25 0.011628769
357 142 182 243 0.011606584
685 479 189 260 0.011593883
191 996 222 277 0.011569412
0 888 145 257 0.011535911
862 1241 32 33 0.0115310075
0 402 155 247 0.011527919
145 730 129 148 0.0115103675
557 0 75 51 0.011505465
117 0 122 107 0.011503176
433 407 307 390 0.011501647
494 576 146 179 0.011470638
587 313 146 178 0.011459179
211 735 91 60 0.011453918
606 1069 200 271 0.011447819
0 555 6 14 0.011446269
528 0 75 52 0.011440248
82 0 74 50 0.01143922
533 325 127 163 0.011417587
776 176 207 255 0.011406487
0 932 37 108 0.011402055
675 1317 79 75 0.011397637
23 320 132 187 0.011383128
21 568 175 241 0.011378264
343 911 133 158 0.01137519
477 880 219 267 0.011354493
949 359 75 178 0.011350301
164 927 130 156 0.011345463
244 584 142 171 0.011339338
564 362 121 157 0.011336462
0 568 5 10 0.011330598
246 1147 225 245 0.011326631
82 1080 180 259 0.011315329
788 649 114 152 0.011315098
87 27 131 173 0.011308439
960 39 64 157 0.011294223
197 471 195 260 0.011266562
614 198 138 195 0.011258222
530 118 135 180 0.011241729
746 542 184 250 0.011241057
247 290 168 193 0.011229695
478 751 216 277 0.011225015
24 670 134 195 0.011220988
498 897 129 160 0.011200867
118 0 16 10 0.01120009
0 561 4 10 0.011198272
489 485 202 257 0.011186833
412 334 110 144 0.011179953
208 0 59 43 0.011174779
666 795 113 148 0.011173238
0 1376 14 16 0.011149346
554 59 204 252 0.011144485
0 326 49 126 0.011141162
0 460 34 90 0.011108448
690 73 166 205 0.011102994
942 660 82 177 0.011099653
353 1120 149 189 0.011088729
501 715 130 163 0.011087079
52 168 141 192 0.011086204
479 0 16 10 0.011075507
91 0 28 21 0.011070498
677 893 177 255 0.011064648
868 709 30 40 0.011058825
500 0 74 51 0.011058672
384 640 214 266 0.0110557955
0 1105 6 17 0.011048917
83 754 132 161 0.011033028
129 0 16 10 0.0110303
24 98 132 168 0.011022572
844 714 26 28 0.010991032
669 0 91 65 0.010985361
532 875 132 155 0.010985212
309 711 215 265 0.010984192
0 1083 49 113 0.0109785665
53 0 28 24 0.01097187
864 0 27 24 0.010966964
470 0 73 49 0.010946378
709 167 138 191 0.010939211
747 528 121 163 0.010935998
833 1189 45 46 0.010884877
393 651 113 145 0.010844255
974 178 50 121 0.010838141
703 0 16 10 0.0108343875
679 642 192 250 0.010805107
0 1113 8 17 0.01080396
34 1313 87 79 0.010796148
758 1371 42 21 0.010793707
104 0 15 10 0.010786182
49 0 77 51 0.010783166
995 1 29 88 0.010763238
634 768 113 141 0.010761432
681 1002 168 236 0.010751111
0 158 38 98 0.010734864
299 874 151 159 0.010731283
506 273 125 159 0.010725256
0 519 38 91 0.010722543
499 347 196 238 0.010706196
696 0 15 10 0.010704323
691 768 117 147 0.010701088
701 0 58 40 0.010693498
104 0 30 21 0.010655814
439 417 192 234 0.010650855
507 1068 136 180 0.010646701
1 1161 80 147 0.010641245
208 0 15 10 0.0106389355
575 552 261 342 0.010631018
739 825 199 271 0.010629581
833 1375 32 17 0.010625253
506 174 131 179 0.010619502
972 1261 52 115 0.010617652
685 985 119 174 0.01061633
314 0 88 61 0.010611548
745 147 170 203 0.010606909
711 0 15 10 0.010604523
695 1169 113 168 0.010588828
658 732 118 147 0.010579097
741 0 15 10 0.010578327
441 899 136 165 0.010574257
565 0 16 10 0.010572376
181 760 127 157 0.01056432
275 0 15 10 0.0105571225
541 541 206 257 0.010544656
871 0 15 10 0.010543435
57 52 219 295 0.01051827
96 1289 103 103 0.010507932
219 0 15 10 0.010503748
0 960 10 17 0.0105032595
260 0 15 10 0.010500418
96 0 16 10 0.010496564
137 0 15 10 0.010486821
722 0 15 10 0.010482244
741 704 193 263 0.0104785925
176 1181 143 186 0.010469057
677 229 139 191 0.010461415
851 1352 17 23 0.010458339
0 1351 29 41 0.01045305
226 0 16 10 0.010452003
776 1373 37 19 0.010450852
317 593 201 257 0.01044884
76 0 27 21 0.010442235
738 227 138 194 0.010441331
476 22 130 172 0.010441089
111 961 151 190 0.010438695
358 560 124 155 0.0104166055
617 710 198 262 0.010415644
631 1318 96 74 0.01041475
228 443 139 170 0.0103992885
621 0 15 10 0.010396468
268 0 15 10 0.010387244
291 0 71 49 0.010383336
472 518 136 164 0.010378465
200 0 16 10 0.010377804
633 0 15 10 0.010373215
19 757 183 261 0.010368506
3 0 15 11 0.0103682475
967 297 57 125 0.010364267
685 0 15 10 0.010363937
0 1093 15 34 0.010357567
733 0 15 10 0.010355012
972 123 52 123 0.010350017
320 770 132 158 0.010349101
134 411 197 246 0.010339457
136 1295 103 97 0.010319265
618 0 74 51 0.010317905
683 1061 76 114 0.010313788
189 0 16 10 0.010309528
360 0 16 10 0.010306806
840 703 61 91 0.01030618
614 0 15 10 0.010271555
0 308 36 100 0.010262556
40 1148 45 49 0.010262239
55 0 15 11 0.010258144
368 729 121 139 0.010253966
0 838 39 107 0.0102460245
390 708 80 87 0.010245005
748 0 15 10 0.010243519
417 754 116 128 0.010243008
851 474 33 39 0.01023691
253 0 15 10 0.010227954
250 644 204 266 0.010208634
0 1100 4 11 0.010200667
606 0 15 10 0.010197522
203 1077 141 178 0.010195161
640 0 15 10 0.010190129
289 549 132 169 0.010187867
729 874 126 160 0.010175721
234 0 15 10 0.01016134
807 0 53 39 0.010158261
776 0 55 38 0.01015526
521 0 15 10 0.010152685
524 652 136 174 0.010147298
959 939 65 151 0.01013529
0 217 36 99 0.010132031
558 0 15 10 0.010130775
149 0 15 10 0.010128587
972 245 52 121 0.010128086
711 446 138 183 0.010128055
230 757 141 173 0.01012403
558 1326 110 66 0.010123379
677 0 15 10 0.010122672
957 823 67 149 0.010111632
0 576 7 16 0.010101301
645 291 133 178 0.010097933
283 0 15 10 0.01009246
976 1137 48 116 0.010083575
173 0 74 49 0.010082548
528 0 16 10 0.010081702
620 400 200 271 0.010075628
442 625 133 170 0.010070506
0 1058 34 90 0.01006876
0 1122 5 12 0.010063044
597 0 57 40 0.010062724
245 0 15 10 0.010058541
409 443 135 159 0.010055916
89 0 15 10 0.010055493
506 61 129 176 0.010054635
563 277 310 391 0.010051099
558 756 124 152 0.010049855
137 920 108 127 0.010044386
778 560 111 180 0.010037989
970 896 54 122 0.010030911
584 0 15 10 0.010022762
672 0 57 40 0.010013088
767 0 15 11 0.010009068
834 1345 23 27 0.0100013735
351 0 74 49 0.010001105