31_Waiter_Waitress_Waiter_Waitress_31_34
459
427 72 162 239 0.8661671
771 0 253 268 0.038674448
765 1195 259 341 0.038628224
0 0 199 266 0.03728778
926 0 98 145 0.03515691
642 683 182 329 0.03467117
0 1172 223 364 0.034191422
0 0 102 136 0.03248369
434 0 188 178 0.031410735
902 1353 122 183 0.029891029
0 1356 113 180 0.0290275
430 154 188 259 0.027389294
272 66 225 293 0.026194328
42 1182 371 354 0.026105285
0 0 65 91 0.026099585
298 1199 352 337 0.02552253
530 1196 372 340 0.024984153
508 604 307 441 0.024697429
379 118 156 204 0.02420023
779 969 245 475 0.024106858
793 0 184 153 0.023904292
964 0 60 77 0.023091968
764 120 260 471 0.022776201
402 0 159 133 0.022222016
54 0 364 272 0.022113856
0 584 212 501 0.021918979
503 1370 193 166 0.021474998
0 98 195 500 0.021379862
756 586 268 474 0.021343576
829 66 195 320 0.021178683
0 812 213 515 0.021177134
565 0 187 140 0.021143777
322 0 193 146 0.021049265
969 1462 55 74 0.02098242
0 353 197 507 0.020880125
467 32 172 233 0.020797255
0 42 114 273 0.020650597
529 0 377 259 0.020479882
898 820 126 290 0.02035696
887 1171 137 300 0.020265695
897 695 127 294 0.020178705
551 1441 143 95 0.02016259
83 0 193 143 0.019979969
0 1113 116 276 0.01995138
894 936 130 297 0.019922463
890 1056 134 297 0.019883873
0 162 113 273 0.019735415
199 1240 304 296 0.01971213
0 995 115 276 0.019678943
0 697 118 278 0.01964128
0 814 117 277 0.019489294
0 518 116 278 0.019464577
0 401 115 272 0.019388322
893 217 131 303 0.019271653
892 582 132 298 0.0192694
889 392 135 306 0.019255875
773 391 251 498 0.01924125
0 281 114 273 0.019230321
203 0 185 147 0.019217137
39 0 156 119 0.019197015
462 193 120 144 0.018881109
443 1241 298 295 0.018804379
684 0 187 142 0.018785253
742 891 27 20 0.018620294
411 243 139 177 0.018566733
0 1452 55 84 0.018454758
739 1364 209 172 0.018399343
772 0 135 105 0.018019676
419 242 364 518 0.01775757
935 56 89 250 0.017719477
65 1332 244 204 0.017572848
160 0 161 118 0.01754352
608 1365 203 171 0.017534507
638 0 153 119 0.017409848
538 758 321 459 0.017108431
0 961 315 493 0.017063247
0 4 292 449 0.01691002
370 43 149 197 0.016733352
0 1259 94 224 0.016704174
1023 1526 1 10 0.016631775
513 0 161 111 0.016625607
317 1447 128 89 0.016580444
33 806 367 512 0.016559666
938 680 86 209 0.016526138
942 798 82 205 0.016516732
0 25 72 182 0.016413918
931 1274 93 213 0.016362017
266 1388 180 148 0.01633343
464 0 135 96 0.016321963
1001 0 23 41 0.016319012
403 0 346 266 0.016178492
941 917 83 205 0.01613277
477 1408 148 128 0.016108004
942 201 82 210 0.016098881
934 1153 90 210 0.01603231
357 1351 221 185 0.016000964
0 1098 69 184 0.015945252
824 1413 152 123 0.015930267
0 1218 69 183 0.015875224
0 143 70 187 0.015855413
0 800 70 186 0.015844835
0 681 70 186 0.015813231
932 560 92 213 0.015732605
934 377 90 213 0.01572982
0 443 70 183 0.015697813
0 979 69 184 0.015646914
37 577 361 501 0.015623016
0 562 70 185 0.0156048
0 0 42 61 0.015571447
36 1389 166 147 0.015565724
285 0 147 116 0.015507037
0 264 70 183 0.015503506
942 1418 82 118 0.015496546
937 1037 87 208 0.015418174
683 595 211 382 0.015403394
529 964 357 466 0.015332526
322 1142 125 121 0.015294965
1006 1502 18 34 0.015226811
687 1392 171 144 0.01487351
0 940 60 146 0.014857958
592 0 131 88 0.014853855
657 801 345 479 0.014815461
1018 1521 6 15 0.014813762
0 1059 60 147 0.0147989355
356 193 142 178 0.014734117
630 711 137 196 0.014668261
62 104 360 490 0.014644168
0 880 60 148 0.014614387
1021 1524 3 12 0.01458807
205 0 299 207 0.014550543
0 524 58 146 0.014508184
355 588 368 467 0.014490486
0 642 58 147 0.014475224
460 437 316 469 0.014466114
0 1298 61 147 0.014461265
0 761 60 148 0.014447683
0 236 301 495 0.01442915
0 1178 61 146 0.014206765
1010 0 14 26 0.014153854
672 866 83 69 0.014136245
183 972 356 470 0.014101194
0 344 58 146 0.014080789
163 1400 176 136 0.014016813
383 290 185 234 0.013984725
660 262 355 517 0.0139475735
0 1355 62 146 0.013931802
0 225 59 146 0.013882663
184 234 359 472 0.013790064
310 832 351 471 0.013763222
244 0 108 84 0.013743073
679 676 132 205 0.013696669
603 1 28 23 0.013649496
0 404 58 145 0.013609904
652 837 154 213 0.013510808
351 0 127 83 0.013409066
184 693 363 497 0.013316224
629 890 194 264 0.013311175
122 0 16 10 0.013185318
48 357 357 497 0.013180235
1021 0 3 20 0.013160879
309 0 15 10 0.013149599
380 1444 123 92 0.013141256
305 671 28 42 0.013006394
215 136 293 385 0.012966835
0 104 60 149 0.012864684
547 0 97 78 0.01279121
427 0 100 78 0.012787076
676 979 207 279 0.012717958
301 0 16 10 0.012693281
115 67 252 312 0.012648035
0 833 47 121 0.012612552
561 47 281 358 0.012570664
3 0 16 10 0.012556697
336 258 291 387 0.012551319
0 595 45 122 0.012511588
0 0 13 17 0.012438413
370 1474 84 62 0.0124373315
96 0 104 79 0.012404491
478 23 105 128 0.012398144
700 815 222 294 0.012387458
238 1440 140 96 0.012348453
736 227 198 254 0.012345872
317 388 367 512 0.012324641
798 327 212 289 0.012288755
893 0 16 9 0.012285202
740 1063 204 263 0.012256634
729 951 143 180 0.012246572
436 0 14 9 0.012233845
495 215 194 241 0.0122153945
467 1478 78 58 0.012212615
0 1011 46 121 0.012180926
413 0 15 9 0.012153888
515 186 138 179 0.012119766
674 1254 196 248 0.01211805
530 1474 90 62 0.01208028
115 0 16 10 0.012071184
316 0 15 10 0.012065972
0 1249 47 122 0.012045707
428 0 15 9 0.012036433
681 1124 194 251 0.012021103
689 0 106 82 0.012013653
130 0 15 9 0.012005584
719 265 138 170 0.012002534
481 126 118 158 0.011966909
565 0 16 10 0.01196538
572 0 17 10 0.011937412
421 0 15 9 0.011935672
830 0 15 9 0.011923992
20 1242 133 191 0.011914156
294 0 15 9 0.011873763
190 489 360 485 0.01185696
783 919 226 297 0.011854804
0 713 46 122 0.011830981
557 1220 181 234 0.011812924
330 1081 184 223 0.011776092
637 0 13 9 0.011763854
754 0 105 78 0.011763403
736 1093 132 191 0.011734868
114 1434 129 102 0.011729858
630 0 13 10 0.011724073
655 1448 119 88 0.0117121935
0 297 46 120 0.011712065
755 0 16 9 0.011706676
74 0 15 11 0.011701408
405 0 16 10 0.011692475
96 0 16 9 0.011684048
699 815 148 182 0.011683273
992 3 32 112 0.011671441
443 0 15 9 0.011668188
660 520 112 146 0.011643881
470 302 251 322 0.011630125
155 0 107 79 0.011627893
490 0 87 60 0.011607658
361 0 15 10 0.011597505
460 834 289 366 0.011566705
597 0 52 40 0.01156594
837 0 15 9 0.011560556
286 1474 93 62 0.011555821
0 0 27 35 0.011534649
287 0 14 9 0.011528769
563 931 200 255 0.011521992
619 1066 197 253 0.011504519
797 47 136 194 0.011467118
0 0 11 9 0.0114378305
947 516 77 174 0.011434265
23 202 132 191 0.011434074
0 476 45 120 0.011432516
445 38 123 183 0.01140099
379 649 195 251 0.011394367
458 0 15 9 0.011369323
391 899 182 236 0.011361878
6 945 118 186 0.0113574425
0 962 36 99 0.011351145
677 150 130 173 0.011348459
901 0 15 9 0.011346112
0 576 35 99 0.011324272
11 0 15 9 0.011302959
0 814 35 99 0.011298827
947 303 77 176 0.011286162
21 1092 132 189 0.01128504
885 0 16 9 0.011283782
379 0 16 10 0.011283679
483 0 32 20 0.0112835625
193 0 15 10 0.011280202
0 664 36 100 0.011272296
533 520 127 152 0.011268815
0 1082 35 98 0.011268713
868 0 107 80 0.01126685
265 1029 108 138 0.011258274
0 1526 13 10 0.011254246
509 0 52 36 0.011253417
757 900 143 172 0.011251328
791 178 196 249 0.011222143
89 0 15 10 0.0112145
108 0 15 9 0.011205434
353 0 16 10 0.011197713
852 0 16 9 0.011195538
707 0 15 9 0.011174106
22 111 135 189 0.011173747
242 0 15 10 0.011168416
746 325 122 177 0.011156706
404 1475 80 61 0.011105111
528 127 355 480 0.011102918
323 223 192 239 0.0110900225
23 854 135 192 0.0110745765
24 236 176 244 0.011073065
0 903 36 99 0.0110529335
58 914 232 306 0.011050196
873 14 151 196 0.011050083
279 0 15 9 0.011044664
0 1231 35 98 0.011042212
465 0 15 9 0.011035897
484 0 15 9 0.011028849
689 590 117 149 0.01102097
959 41 65 161 0.011017679
469 0 30 20 0.011013762
328 0 15 10 0.011011935
868 0 14 10 0.011008869
713 495 17 28 0.011006709
495 0 15 9 0.010994164
101 308 264 339 0.010993763
0 1379 36 98 0.010976921
82 0 14 10 0.0109755695
823 0 15 9 0.010960439
619 1205 188 243 0.010954546
451 308 161 192 0.010952157
332 1018 282 368 0.010951128
845 0 15 9 0.010948405
450 0 15 9 0.010948314
0 1321 36 99 0.0109187765
731 99 211 283 0.01091427
433 0 58 36 0.010905485
0 1142 36 98 0.010904139
0 248 35 98 0.010885751
375 1000 197 248 0.010883945
6 650 119 184 0.010881231
763 0 15 9 0.010880302
700 0 15 9 0.010877962
23 765 135 191 0.010868345
21 351 181 251 0.010852459
168 55 140 187 0.010851655
758 1005 137 189 0.010841084
780 1440 125 96 0.010837438
0 28 40 109 0.0108151855
860 0 15 9 0.010811579
442 1020 292 364 0.010811047
479 0 55 37 0.010807714
671 50 130 191 0.010805887
0 367 35 98 0.010804411
237 976 119 164 0.010793059
138 0 15 9 0.0107786665
0 177 46 123 0.010776758
622 528 192 343 0.0107742725
56 513 228 300 0.01073868
737 146 138 185 0.010731797
752 893 21 25 0.010731404
692 0 15 9 0.010731084
583 0 84 64 0.01071895
373 513 132 159 0.010711598
311 0 86 65 0.010710868
540 0 54 38 0.010704641
76 50 142 192 0.010697768
643 0 88 67 0.010687412
830 840 132 172 0.010663932
626 489 118 152 0.010655356
645 1016 139 180 0.010654492
477 0 14 9 0.01064639
36 0 16 9 0.010635221
26 558 134 190 0.010608021
258 1123 198 255 0.01060705
558 0 16 10 0.010604667
407 96 322 442 0.010598436
489 998 207 255 0.01059251
394 860 128 158 0.010590256
969 116 55 129 0.010589427
545 49 187 245 0.010572543
828 468 128 188 0.010571671
701 1470 82 66 0.010567925
125 873 213 282 0.010563409
199 168 183 227 0.010557357
426 597 211 269 0.010556024
771 0 14 9 0.010544002
0 457 35 97 0.010532341
211 0 16 11 0.010525531
287 1312 151 188 0.010524227
787 951 140 180 0.010522914
645 0 13 9 0.010517542
908 0 16 9 0.010516546
26 438 132 189 0.010516447
748 893 16 14 0.010499489
52 0 15 10 0.010491265
558 1308 133 197 0.010486604
503 0 15 9 0.010477733
56 400 217 285 0.010468114
55 622 239 313 0.010466154
628 550 112 143 0.010466031
751 799 140 178 0.0104656145
0 1502 28 34 0.010456989
764 205 131 185 0.010449036
387 0 15 9 0.010446341
37 0 106 76 0.010438285
224 0 90 67 0.010428355
269 304 179 231 0.010412962
793 139 138 192 0.010406564
399 0 14 10 0.010406387
580 0 16 9 0.010404528
235 0 14 10 0.010396065
47 1306 137 182 0.010391115
619 1463 112 73 0.010383195
535 0 16 11 0.010379371
958 764 66 148 0.010370991
510 0 15 9 0.010368274
371 1161 129 144 0.010361141
747 400 201 277 0.010351062
116 982 222 282 0.010332753
749 1260 183 226 0.010320063
683 54 204 257 0.010314379
22 1112 196 273 0.010306316
826 384 132 188 0.010306266
368 0 15 9 0.010292022
380 1117 189 237 0.010288353
991 1480 33 56 0.010287228
19 0 15 9 0.010286488
172 146 134 182 0.010282249
487 1467 102 69 0.010281363
408 428 136 155 0.010274736
600 1039 127 173 0.010258195
815 0 15 9 0.010255701
959 1124 65 146 0.010251752
727 885 48 38 0.010251352
346 0 15 9 0.010242393
411 735 130 166 0.01024211
715 0 15 9 0.010240798
426 1147 129 142 0.010229485
589 519 122 152 0.010220641
863 744 130 181 0.010218205
465 275 75 79 0.010217952
959 1245 65 142 0.010213904
473 430 125 156 0.010204275
22 469 187 257 0.010200488
428 1071 193 241 0.010198386
30 0 15 9 0.010197633
9 1451 99 85 0.010188579
270 414 181 241 0.010182262
565 0 30 22 0.01017608
421 941 121 158 0.010169214
406 546 129 152 0.010163154
685 0 15 9 0.010160228
958 164 66 154 0.0101560615
629 0 55 41 0.010153078
188 946 197 253 0.010152934
729 503 17 21 0.01015007
735 1212 132 187 0.010147998
761 1154 134 184 0.010142108
551 0 14 10 0.010140921
826 1248 138 183 0.010115244
493 523 220 291 0.010112225
435 888 127 162 0.01010868
810 534 124 177 0.010103564
679 470 193 302 0.010094062
628 1099 123 174 0.010093068
570 399 128 160 0.010092309
138 179 131 178 0.010087099
568 0 57 40 0.010085506
385 795 186 242 0.010083754
504 469 124 153 0.010081093
44 0 16 9 0.010077665
553 472 212 286 0.010061902
362 987 123 156 0.010058692
454 0 30 20 0.010050646
959 464 65 151 0.010048698
386 774 127 165 0.0100318445
261 0 14 10 0.010031185
897 1450 115 86 0.0100235
0 128 37 100 0.01001882
292 968 121 163 0.010017726
335 0 15 10 0.010015101
534 433 134 159 0.010014601
80 1215 139 185 0.010001046