0_Parade_Parade_0_906
1360
238 266 97 115 0.85214514
637 234 134 161 0.8469576
441 260 105 134 0.84457874
561 256 72 105 0.8350263
347 284 69 95 0.81920755
896 517 38 39 0.46588877
326 238 83 125 0.06379555
950 152 58 62 0.058655303
893 527 23 26 0.057030197
67 531 42 48 0.055910658
512 89 9 10 0.053079944
832 222 22 35 0.04982063
173 267 38 76 0.046276122
604 256 107 118 0.044687536
827 229 20 33 0.040247012
470 232 102 134 0.039503578
159 231 42 90 0.038296495
315 325 88 116 0.037586823
904 504 43 49 0.03671561
929 65 91 134 0.036332253
353 318 86 116 0.035267748
0 0 78 103 0.03510433
717 225 140 178 0.033276457
831 555 18 21 0.03307633
907 0 117 109 0.03301424
238 293 130 152 0.032452542
439 175 106 156 0.032058056
277 289 93 103 0.031355057
375 0 146 103 0.030606458
416 227 101 135 0.03053568
0 663 76 105 0.030462105
788 110 12 12 0.030042741
480 81 13 17 0.02991236
368 267 84 108 0.029846327
468 0 146 103 0.0298075
627 286 162 198 0.02971978
881 497 44 52 0.029473282
398 535 35 41 0.029435758
0 0 49 66 0.029215217
1 468 10 14 0.029104035
132 222 76 112 0.02899158
931 694 93 74 0.028630236
0 456 15 28 0.02848219
535 274 77 95 0.02842925
919 302 105 176 0.02840633
902 518 54 59 0.028399365
541 184 87 125 0.02804643
288 0 145 107 0.028025093
456 297 128 155 0.027839338
835 0 189 203 0.027832877
0 696 49 72 0.027765626
900 521 21 25 0.02769646
554 0 145 102 0.027558813
867 489 69 92 0.027501434
151 0 148 106 0.02721442
626 135 159 206 0.02708497
574 318 96 127 0.026932277
0 0 151 202 0.026877848
665 35 16 23 0.0266449
240 346 142 173 0.02650367
697 223 91 134 0.026365971
688 0 147 111 0.026193222
663 83 12 13 0.026014224
61 0 150 105 0.026007868
431 0 122 81 0.025819719
336 616 9 10 0.025546577
562 297 77 106 0.025482979
589 108 11 12 0.025451666
343 0 122 86 0.025414528
829 251 52 82 0.024775958
22 490 7 9 0.024763439
727 36 9 10 0.024595907
657 0 118 86 0.024536885
297 358 118 144 0.02438509
205 0 125 84 0.024310213
892 475 47 64 0.024278197
826 249 83 121 0.024165811
0 619 10 15 0.024042644
732 629 48 64 0.02398027
528 0 102 69 0.023934413
330 350 137 168 0.023903867
121 0 124 84 0.02381619
773 0 157 116 0.02378828
533 324 92 124 0.023773042
0 275 66 133 0.02373674
217 177 126 181 0.023714975
0 501 151 267 0.023615051
189 289 28 50 0.023470415
259 223 158 158 0.023362605
542 315 171 206 0.023350375
935 479 25 28 0.023343578
856 530 168 238 0.02325597
732 273 84 113 0.02322234
645 82 13 16 0.023138616
575 0 100 67 0.023061384
745 0 121 90 0.023019243
556 173 120 167 0.022958564
526 86 10 12 0.022946328
25 0 124 88 0.022934027
944 254 80 142 0.02277513
130 0 280 210 0.022774484
510 88 14 15 0.022723155
401 323 101 121 0.02261922
199 616 8 9 0.022601299
621 0 99 68 0.022485781
0 35 82 193 0.022436505
261 0 100 67 0.022405954
879 524 46 51 0.022393899
708 0 102 71 0.022342004
166 234 31 53 0.022328319
346 264 56 79 0.022327777
175 336 100 121 0.02224594
843 466 111 151 0.022186054
561 532 35 44 0.022168279
434 296 190 243 0.022148822
82 0 103 67 0.022144195
328 83 13 14 0.02205418
504 114 9 11 0.02203257
867 225 50 61 0.022028947
807 81 21 25 0.0218948
83 251 99 133 0.021889346
912 182 112 202 0.021850385
189 287 106 117 0.021772988
918 485 40 52 0.021743605
433 350 119 146 0.021614823
0 171 78 200 0.021384466
922 447 102 180 0.021336561
274 77 84 118 0.021293277
757 210 91 127 0.021193078
976 728 48 40 0.02107397
969 222 55 113 0.02105542
832 0 134 93 0.021003632
0 224 228 333 0.0209771
639 228 90 117 0.02096405
512 0 140 139 0.020885928
864 232 90 119 0.0207218
849 243 43 62 0.020716319
660 1 50 54 0.020673601
698 288 87 108 0.020659262
871 661 150 107 0.020644974
52 293 146 193 0.020593153
0 259 41 113 0.020585528
525 114 9 10 0.020562153
309 0 272 202 0.02054508
817 305 15 18 0.02054304
944 193 79 114 0.020491624
20 658 148 110 0.020481436
538 92 9 11 0.02044835
98 494 44 60 0.020340458
565 91 10 12 0.020338241
175 229 20 38 0.020314464
413 646 159 122 0.020309033
739 8 149 178 0.020219482
932 166 77 98 0.02018563
967 0 57 55 0.020169681
549 654 157 114 0.020103713
719 113 9 9 0.020080052
245 0 140 144 0.020057457
399 540 21 23 0.019942833
941 564 83 124 0.01992278
724 643 160 125 0.019883988
0 525 81 203 0.019867986
905 529 36 40 0.019863214
19 268 98 140 0.019852677
0 12 225 339 0.01983714
480 489 9 9 0.019834012
794 0 107 73 0.01982677
533 236 75 98 0.019782154
303 516 295 252 0.019765371
432 0 41 30 0.019753378
394 375 100 119 0.019716037
0 302 83 200 0.019711098
0 728 26 40 0.019693617
587 293 52 68 0.019665485
165 246 63 110 0.019642102
332 110 9 12 0.01961386
908 598 32 40 0.019607544
255 618 7 9 0.01957735
24 495 290 273 0.019568289
104 665 149 103 0.019548208
595 490 9 10 0.01953451
280 658 157 110 0.019521188
985 527 39 64 0.01951929
878 334 137 194 0.01951794
379 312 157 201 0.01948979
581 88 8 9 0.019472007
828 296 151 192 0.019466337
840 276 9 12 0.019448189
0 324 42 110 0.019443437
0 21 54 135 0.019420778
585 239 61 92 0.019383358
971 302 53 113 0.01936568
894 544 45 53 0.019353068
171 383 102 126 0.01931234
510 693 7 9 0.019291352
609 0 133 143 0.019273557
905 515 19 25 0.019259218
58 37 153 200 0.019249948
891 28 117 141 0.019202199
77 519 48 56 0.019140488
104 0 155 181 0.01912707
663 642 8 9 0.019113274
0 108 51 133 0.019102363
486 0 277 205 0.019065551
776 42 151 181 0.019034686
71 507 69 89 0.01897245
909 513 27 32 0.01897216
0 436 80 199 0.018953405
937 612 87 131 0.018952983
699 170 104 142 0.018941918
943 370 81 131 0.018939983
233 263 61 74 0.01881667
839 224 29 37 0.01869839
896 579 43 55 0.018677492
126 338 98 122 0.018672666
888 252 101 137 0.018668508
219 381 100 122 0.018660642
0 0 31 43 0.018648485
114 370 124 156 0.018608753
455 81 76 108 0.018602403
0 601 50 136 0.018589579
197 660 153 108 0.018583868
627 38 85 116 0.018579459
364 320 56 66 0.018568404
900 460 68 89 0.018498963
852 225 44 58 0.018494159
6 360 167 239 0.018486297
653 8 132 174 0.01845495
959 125 64 80 0.018436546
882 418 121 167 0.018413441
24 226 149 197 0.018373746
561 95 124 182 0.018367628
104 301 93 115 0.01832879
385 522 58 76 0.018249715
639 649 164 119 0.018245075
477 361 117 145 0.018240292
608 94 129 198 0.018234104
713 118 43 51 0.018230734
263 237 79 108 0.018224608
510 352 138 178 0.018209944
964 470 60 106 0.018192045
842 262 100 137 0.01818244
228 0 248 271 0.018176818
198 4 142 176 0.01815891
403 171 89 119 0.018150035
242 617 8 9 0.018123997
276 642 7 10 0.0181094
607 0 30 29 0.018105783
671 530 266 238 0.018067896
664 325 93 98 0.017998653
316 112 8 9 0.017957866
139 270 77 117 0.017955983
980 272 44 93 0.017948626
0 684 4 10 0.017934147
467 319 74 83 0.01792849
898 519 73 104 0.017914953
850 112 174 348 0.017904198
165 522 49 66 0.01790197
871 211 73 90 0.017857444
159 288 48 65 0.01784715
739 89 12 16 0.017768223
184 216 101 124 0.01773183
546 192 228 261 0.017714553
0 201 48 134 0.017694324
82 696 104 72 0.01769372
538 112 8 10 0.017691081
647 0 49 40 0.01757698
30 113 7 9 0.01757245
317 641 7 10 0.017512033
724 624 74 100 0.01751068
579 540 7 10 0.017506085
183 114 7 9 0.017492956
765 276 77 105 0.01748085
555 222 58 81 0.017468441
730 459 140 182 0.017467659
924 0 79 66 0.017443499
253 89 118 182 0.017401261
51 145 249 294 0.017387617
648 7 10 13 0.017374687
572 378 101 124 0.017363332
262 179 91 132 0.017340615
448 88 7 9 0.017315352
784 237 132 174 0.017309979
15 64 149 213 0.017298466
961 343 63 114 0.017199198
280 397 151 193 0.01719688
486 172 90 122 0.01715439
0 118 120 212 0.017147556
389 312 64 80 0.017146746
169 222 45 72 0.017105035
948 84 59 73 0.01710066
416 211 194 244 0.017083393
711 29 99 128 0.017076382
401 113 8 9 0.017041683
111 258 167 184 0.017035585
70 215 91 124 0.017023325
395 692 110 76 0.016996663
0 426 50 131 0.016983546
894 214 91 114 0.016963437
148 265 243 298 0.016953273
737 427 23 26 0.016937695
867 92 9 11 0.016933994
826 553 19 16 0.016931532
840 25 121 133 0.01693128
447 519 169 219 0.016927196
659 75 22 28 0.01692157
980 385 44 72 0.016909001
7 526 10 14 0.016898267
240 615 8 9 0.016885754
305 75 86 120 0.016869634
149 34 145 195 0.016854635
743 88 8 10 0.016847901
358 173 87 121 0.016845044
435 94 115 167 0.016835302
174 699 103 69 0.01682884
698 40 134 187 0.016826134
366 0 71 56 0.016812226
829 243 22 27 0.016793758
303 257 57 78 0.016783036
686 348 144 182 0.016771754
176 368 25 31 0.016744986
303 697 109 71 0.016732471
663 372 103 122 0.016723529
473 109 11 14 0.016716989
585 608 168 160 0.016694129
752 523 94 119 0.016693266
308 32 92 121 0.016681626
530 113 104 145 0.016663518
420 530 22 27 0.01665539
231 0 79 58 0.016610855
920 604 23 20 0.016592192
270 693 8 9 0.016583778
146 398 151 195 0.016583182
669 209 87 120 0.016582312
182 0 79 62 0.016523125
611 695 112 73 0.016481038
0 298 25 75 0.016477605
364 244 63 96 0.016470643
418 401 146 190 0.01644472
226 71 93 123 0.016370555
813 301 14 19 0.016335413
768 0 75 61 0.01630436
373 39 12 12 0.01629938
402 356 270 346 0.01628802
260 697 109 71 0.016282493
432 0 71 51 0.016276283
422 255 57 79 0.016272973
224 529 48 61 0.016252246
497 256 63 89 0.016241359
333 329 59 72 0.016235754
489 79 83 115 0.016231233
584 34 92 119 0.016191637
500 0 77 59 0.01618846
737 227 77 107 0.016178729
481 693 112 75 0.016140034
0 510 49 137 0.016134573
484 519 288 249 0.01612156
77 116 9 12 0.016120475
392 279 52 73 0.0160854
23 208 87 129 0.016071806
968 532 56 95 0.016066257
316 485 160 201 0.016063934
86 476 75 100 0.016052729
910 148 80 93 0.016035503
656 294 86 98 0.016026901
790 693 112 75 0.016019695
782 460 133 169 0.015961794
529 693 112 75 0.01595382
457 236 70 104 0.01592277
69 303 90 109 0.01589815
763 13 261 311 0.015895806
497 605 170 163 0.0158932
907 524 21 24 0.01589185
760 70 101 129 0.01588882
734 549 126 163 0.015873417
934 479 36 44 0.015860427
568 311 56 58 0.015836315
829 205 42 56 0.015807189
78 20 112 134 0.015804825
756 276 50 72 0.015776848
572 0 58 45 0.015767656
186 230 6 9 0.01574489
705 1 57 57 0.015704881
160 718 8 10 0.015695145
349 696 111 72 0.015685607
576 190 61 77 0.015683014
710 689 112 79 0.015679104
702 589 131 170 0.015677052
580 692 94 76 0.01563824
689 488 152 200 0.015636997
102 81 143 195 0.015625598
247 412 128 160 0.015609865
607 356 126 151 0.015603954
341 100 122 175 0.015591704
410 112 8 9 0.015571078
579 88 11 16 0.015553052
730 526 44 48 0.015540068
16 0 58 60 0.015519898
858 244 62 79 0.01549456
156 42 238 311 0.01549129
536 90 8 9 0.015486916
151 611 152 157 0.015470959
840 697 109 71 0.015442941
740 307 137 178 0.015379276
494 473 167 216 0.015379037
616 540 7 9 0.0153646
453 111 9 9 0.015363441
56 580 150 188 0.0153476
97 203 85 110 0.01532514
891 316 102 125 0.015319491
893 522 15 23 0.015308669
721 270 63 91 0.01530355
903 533 21 22 0.015300287
323 0 71 56 0.015283286
304 98 41 55 0.015258865
968 180 56 89 0.01525503
83 339 95 117 0.0152464
836 563 11 13 0.015238595
774 547 55 67 0.015229473
219 102 109 151 0.015218887
970 417 54 101 0.015203584
19 9 90 117 0.015194426
637 401 151 194 0.015185268
672 71 88 118 0.015174136
335 3 132 174 0.015171659
599 198 37 32 0.015163628
819 69 153 189 0.015161483
74 374 108 137 0.015144162
807 485 88 106 0.015141933
795 260 75 103 0.015141473
340 412 123 155 0.015137546
630 63 42 52 0.015069776
346 479 105 129 0.015050811
234 610 160 158 0.015039823
182 300 22 39 0.015038056
660 517 9 10 0.01503779
893 123 45 61 0.015021325
582 376 260 342 0.015018631
433 17 126 166 0.015013068
411 79 83 112 0.015010912
644 72 24 28 0.015007814
651 83 15 16 0.015004158
0 342 25 74 0.014988788
393 0 61 45 0.014964841
667 185 255 298 0.014959574
897 558 83 113 0.014956676
225 511 71 97 0.014951678
951 36 73 120 0.014946992
827 308 92 126 0.014946508
61 125 148 204 0.014931908
124 70 104 132 0.014914476
662 694 111 74 0.014895951
507 691 8 9 0.014886469
784 350 139 184 0.014881463
94 138 8 9 0.014877545
196 288 65 84 0.0148690995
408 0 261 273 0.014851319
621 0 58 42 0.014850486
618 87 8 9 0.014827467
455 98 158 209 0.014809548
904 75 35 48 0.014803662
841 263 23 31 0.014798912
549 403 149 190 0.01479231
472 77 23 28 0.014783007
143 194 69 101 0.014767595
567 525 50 61 0.014764625
382 304 44 65 0.0147539675
311 117 86 119 0.014735149
152 503 77 108 0.014706351
89 650 77 93 0.014691269
112 519 151 207 0.014687224
852 560 87 115 0.0146864075
387 96 122 172 0.0146743
52 702 80 66 0.0146699855
979 50 14 15 0.01465422
117 617 9 10 0.014650884
51 0 78 58 0.014636642
537 72 90 124 0.014619289
322 607 164 161 0.014613366
214 272 40 61 0.014607284
103 190 136 175 0.014603714
595 180 49 56 0.014598112
128 266 59 86 0.014585955
238 482 162 207 0.014569354
99 295 67 85 0.014562002
595 0 57 42 0.014547755
323 73 24 26 0.014542265
373 278 45 68 0.014537108
811 287 44 69 0.014528493
790 408 212 277 0.014522936
528 74 240 289 0.014519279
589 0 256 285 0.014504843
369 443 154 200 0.014497441
757 609 16 18 0.0144948065
982 616 42 77 0.014488369
593 480 158 206 0.014488002
119 440 292 328 0.014465543
847 204 46 59 0.014464028
213 287 20 34 0.014463507
0 372 39 103 0.014447209
766 327 77 101 0.0144390315
30 371 115 148 0.0144329
394 426 102 127 0.014431759
780 131 137 187 0.01442169
26 449 124 167 0.014415762
521 389 222 284 0.014415149
214 427 104 130 0.014409626
490 33 92 119 0.014400026
625 111 89 126 0.014396617
0 254 24 72 0.014395154
440 630 29 36 0.014362781
158 140 139 193 0.014352728
475 218 72 97 0.0143300025
0 176 41 101 0.014314525
404 38 9 10 0.014314504
735 116 44 57 0.0143141085
198 289 22 35 0.014292413
713 87 7 9 0.014268789
287 532 140 178 0.01422358
350 0 61 47 0.014222853
0 224 32 87 0.014210037
428 111 7 9 0.014194516
145 61 9 10 0.014193416
461 0 59 42 0.014189304
645 2 17 18 0.014180786
970 97 54 75 0.01417912
485 424 103 129 0.014178428
520 86 13 15 0.0141753405
314 170 87 123 0.014159567
841 272 14 19 0.014154287
312 516 9 10 0.0141534805
662 75 31 39 0.01414754
525 303 69 87 0.014147376
474 356 58 48 0.014144445
102 438 156 204 0.014140943
484 0 60 44 0.014140278
835 0 75 56 0.014114942
617 254 56 79 0.01409695
970 719 8 9 0.014092282
424 302 79 93 0.014086555
120 0 65 48 0.014064628
779 279 50 68 0.014045045
123 719 8 9 0.014036304
847 378 96 131 0.014017552
280 0 62 47 0.013999741
277 328 60 73 0.013997331
149 743 8 9 0.0139896255
885 142 120 158 0.013981566
400 258 48 70 0.013980045
0 746 4 10 0.0139720645
814 297 23 35 0.0139640225
825 210 58 87 0.013962683
78 553 20 23 0.01395113
410 0 72 64 0.013948474
804 294 21 28 0.013940575
374 36 10 10 0.01394045
103 249 63 85 0.013916536
552 0 57 55 0.013900169
345 114 10 11 0.013879929
879 495 118 166 0.013878131
61 726 56 42 0.013868892
190 440 157 203 0.013853745
489 339 84 99 0.0138491895
143 0 77 57 0.013840979
888 531 20 26 0.013814062
610 642 8 10 0.013780954
54 716 8 10 0.013774639
878 0 82 65 0.013763189
403 34 91 117 0.013759068
727 40 8 10 0.013755652
628 337 91 104 0.013751607
921 517 25 32 0.013750312
487 288 70 91 0.013750194
821 0 55 53 0.01374998
65 112 8 9 0.013737037
879 145 74 102 0.013729188
301 477 111 136 0.013721309
795 0 61 47 0.013719215
0 679 26 69 0.013711398
358 77 88 120 0.013711191
190 526 162 208 0.013708671
632 518 167 216 0.013707441
596 215 53 75 0.013699351
33 0 64 47 0.013696688
0 449 23 41 0.01369623
913 576 43 55 0.013690993
266 345 50 48 0.013690454
236 113 6 9 0.013689656
63 412 127 164 0.013670901
926 239 76 106 0.013670375
809 620 160 148 0.01366969
783 104 19 22 0.013663327
802 215 91 122 0.013661016
1006 693 9 9 0.01365674
568 616 7 9 0.013654603
0 23 34 89 0.013654105
797 105 99 126 0.013650374
480 107 101 140 0.0136503335
0 649 34 84 0.013646266
341 206 76 111 0.01364031
646 80 48 61 0.01361917
835 237 23 26 0.013617771
425 501 139 177 0.013617124
84 108 105 135 0.013611512
279 500 88 117 0.013607563
628 515 7 9 0.013606271
0 486 5 11 0.013595058
100 14 74 96 0.01357448
904 178 82 100 0.013544551
230 693 8 10 0.013541518
206 290 17 22 0.013540986
17 102 87 111 0.0135216685
226 357 281 356 0.013506117
471 456 132 171 0.013501008
663 215 64 81 0.013497199
821 305 8 9 0.013486225
851 508 44 55 0.01347612
0 460 9 20 0.01347316
471 102 14 17 0.013469674
804 79 32 41 0.013464999
269 339 83 103 0.013432732
132 602 105 138 0.013432342
81 0 66 48 0.013429226
138 705 84 63 0.013429071
227 696 86 72 0.013420409
825 535 135 181 0.013412365
435 615 28 20 0.0134049645
295 112 9 11 0.013403848
797 565 99 124 0.013399424
897 699 90 69 0.013398339
759 694 96 74 0.01339422
843 232 34 44 0.013391017
22 336 95 121 0.013374099
226 336 86 104 0.013364403
902 113 72 90 0.013353122
529 427 103 130 0.013338599
218 212 241 263 0.0133181065
760 115 9 10 0.013313277
243 651 11 15 0.013294088
628 83 9 13 0.013293691
19 492 8 9 0.013293094
717 490 76 107 0.013285908
17 728 56 40 0.013279176
173 729 55 39 0.013239415
581 717 19 15 0.013232361
212 0 66 47 0.013206292
675 11 9 9 0.013197141
31 641 11 9 0.013194043
33 531 74 96 0.013187819
17 541 8 9 0.013179031
177 165 93 126 0.013176077
11 202 69 95 0.013174957
79 272 66 88 0.013170395
659 641 9 10 0.013169211
55 471 154 209 0.013151067
236 216 71 93 0.0131441
787 608 112 136 0.013138459
327 279 250 308 0.013120688
628 80 17 20 0.013114861
750 148 114 154 0.013112512
824 186 141 188 0.013107595
928 456 68 93 0.01308795
0 577 40 101 0.013080926
87 470 56 68 0.013072727
751 0 62 45 0.013047033
829 549 27 32 0.013035616
259 638 10 12 0.013026376
166 470 109 138 0.013018521
0 469 6 14 0.0130144525
408 636 89 111 0.013013755
164 719 7 9 0.013006901
568 137 72 93 0.012972503
974 566 50 90 0.012968361
409 533 31 31 0.012968267
0 634 26 70 0.012964551
638 112 7 10 0.012962597
177 99 38 48 0.012958961
0 9 26 70 0.012951157
1004 404 20 44 0.0129471915
977 489 8 9 0.012944697
180 114 8 10 0.012942523
0 395 63 109 0.012939155
914 551 44 53 0.012938458
352 358 54 67 0.012925392
438 218 68 89 0.012925103
899 268 53 70 0.012905421
531 0 55 40 0.012881466
846 482 55 70 0.012874116
698 320 104 130 0.012872917
123 320 60 76 0.012868533
94 525 79 104 0.012864675
663 721 63 47 0.012857529
58 621 84 110 0.012849052
880 429 70 100 0.012832892
495 98 33 52 0.012826951
9 116 64 82 0.012819852
13 245 62 92 0.012809494
482 86 14 18 0.012808546
868 109 69 88 0.012800935
541 252 46 71 0.012771856
332 78 25 28 0.012767998
377 540 145 178 0.0127645135
30 552 110 150 0.012758268
24 489 8 10 0.012756323
305 0 61 45 0.0127540175
69 482 62 77 0.012745713
11 335 63 89 0.012736967
470 100 41 58 0.012728499
710 381 97 119 0.012713795
666 114 95 132 0.01271091
999 750 25 18 0.012709047
523 113 8 9 0.012699783
613 721 66 47 0.012683982
996 0 28 29 0.012679797
954 403 59 70 0.0126773305
213 293 11 13 0.012672866
341 373 79 101 0.012670538
872 590 25 39 0.012663626
0 539 3 9 0.012660829
528 718 10 9 0.012657034
107 216 57 71 0.012651177
0 729 6 13 0.012649462
661 431 104 126 0.012643176
895 611 100 130 0.012636682
885 491 9 10 0.012633301
437 471 108 136 0.012628242
49 240 80 111 0.012625861
690 0 52 40 0.012624467
174 115 97 127 0.012613452
586 645 80 101 0.012602353
716 111 90 124 0.012589146
0 483 44 105 0.01258574
93 644 13 19 0.012571528
734 110 10 12 0.012569328
310 543 89 118 0.012566338
760 111 8 9 0.012557979
486 112 11 14 0.012553321
929 472 26 27 0.0125526665
886 201 50 64 0.012550718
503 111 9 9 0.0125459265
842 542 10 10 0.0125350645
725 0 64 46 0.012534634
757 382 95 120 0.012530914
844 275 51 85 0.012521911
195 249 61 88 0.012511954
621 629 95 124 0.012506471
369 148 73 98 0.012502777
0 87 151 377 0.012500748
205 287 34 52 0.012462739
494 515 9 11 0.012455481
660 598 116 146 0.012442302
604 419 126 159 0.012438909
386 112 9 10 0.012434297
416 89 9 10 0.012426944
29 37 8 9 0.012410212
501 111 14 18 0.012405615
168 561 104 137 0.012392345
811 151 77 100 0.012388536
839 723 62 45 0.012369771
932 0 57 40 0.0123649705
810 88 8 10 0.012355834
592 490 14 16 0.012345712
441 267 58 84 0.01234175
163 302 75 102 0.012340732
446 694 91 74 0.012321404
466 86 11 14 0.0123160565
138 145 80 108 0.0123147275
788 352 78 100 0.01230957
719 694 10 11 0.01230629
442 621 89 112 0.012267203
0 640 10 13 0.012259505
887 289 55 71 0.0122588305
666 196 55 67 0.012256217
340 44 236 308 0.012249952
723 209 65 97 0.012236675
631 489 8 9 0.012236204
192 281 22 38 0.012232519
677 40 259 306 0.012223555
553 342 54 66 0.012216083
704 111 7 10 0.012202062
0 114 36 84 0.012198065
642 108 58 79 0.012197194
454 106 12 15 0.012184372
771 122 79 103 0.01218316
866 456 66 92 0.01217987
907 587 56 71 0.012164489
940 566 18 19 0.012163866
305 725 62 43 0.012146522
769 13 69 93 0.012144374
478 692 8 9 0.012132331
419 636 60 73 0.012130757
0 413 23 67 0.012124947
556 196 53 63 0.012123774
0 0 10 13 0.012118652
268 722 9 10 0.0121162785
239 635 24 30 0.0121102575
1010 652 14 36 0.01210919
1011 416 13 37 0.012098163
206 218 8 10 0.012097328
797 591 8 9 0.012095041
0 592 24 67 0.01208989
813 297 73 105 0.012086241
219 726 59 42 0.012077844
487 564 90 121 0.012066093
850 531 43 54 0.0120591745
1011 700 13 38 0.01205645
264 0 54 40 0.01204889
515 554 119 148 0.012046807
297 273 44 81 0.012046114
244 692 8 10 0.012045565
32 489 8 10 0.012043031
911 501 27 35 0.01203835
1007 222 17 38 0.0120381145
455 744 14 10 0.012035615
889 545 31 38 0.012029503
872 549 45 55 0.012013326
443 689 8 10 0.012012331
308 339 52 66 0.012006165
650 326 60 69 0.012005875
712 432 99 123 0.012005385
782 155 54 60 0.011976799
935 212 57 72 0.011961371
837 277 15 20 0.011956149
979 645 45 77 0.011946602
17 489 8 10 0.011943223
778 484 49 64 0.011940259
679 359 52 47 0.0119367605
941 143 25 35 0.011929854
625 83 66 90 0.011929411
399 115 9 12 0.011928662
643 0 29 27 0.011927402
900 371 87 98 0.0119172
326 298 46 62 0.011915479
261 222 57 73 0.011912557
11 42 64 89 0.01191073
794 182 69 92 0.011910358
1005 358 19 44 0.011906069
289 301 53 83 0.011904648
921 669 7 9 0.011902903
40 36 7 9 0.011901309
33 154 108 145 0.0119004
915 627 10 12 0.011895491
716 111 15 17 0.011874072
197 539 9 11 0.011872428
628 541 9 10 0.0118694445
7 456 68 89 0.011868414
72 546 79 105 0.011863324
175 0 54 41 0.011860724
65 532 28 32 0.011860719
556 533 144 184 0.011853545
769 490 10 9 0.011837529
44 121 84 108 0.01183496
240 325 66 75 0.0118324645
876 267 55 69 0.0118324
594 87 8 10 0.011832092
828 515 9 9 0.011830445
331 241 53 71 0.011823915
84 231 60 78 0.011819257
83 540 52 66 0.0118170185
370 455 77 110 0.011792154
51 667 9 9 0.011789932
734 117 9 12 0.01178845
223 489 7 10 0.011782767
430 693 7 9 0.011780948
925 358 82 94 0.011778458
202 617 8 9 0.011776779
633 536 87 129 0.011776675
560 524 79 104 0.011770958
335 39 12 16 0.011766334
436 343 75 87 0.011758421
242 0 54 38 0.01175769
298 5 78 90 0.011756308
88 648 46 71 0.011754503
354 33 51 62 0.011750496
995 339 29 65 0.011744866
864 725 60 43 0.011739121
52 514 47 59 0.011736607
3 139 82 119 0.011732164
830 239 38 60 0.011729954
73 143 81 109 0.011728651
23 719 7 9 0.011722388
125 724 61 44 0.011719554
703 192 67 90 0.011698423
786 39 79 109 0.011691269
77 436 78 98 0.011688432
467 90 17 24 0.011677841
721 122 26 37 0.011671256
756 239 47 67 0.011670049
888 726 58 42 0.011667847
598 273 25 32 0.011660483
62 0 53 36 0.01165848
261 126 68 92 0.011642631
525 85 15 17 0.011642603
0 623 11 25 0.011642243
622 492 94 131 0.011638321
436 521 78 105 0.011633927
201 287 17 23 0.011630607
643 692 7 10 0.011628221
169 112 10 10 0.011625534
827 534 42 53 0.011625488
36 213 57 74 0.011623791
656 477 108 135 0.011613917
598 256 27 34 0.011609748
951 445 25 26 0.011599679
84 170 20 24 0.01158729
449 87 10 12 0.011576227
305 510 53 67 0.011560001
510 218 52 68 0.011558386
755 86 10 12 0.011556001
824 79 87 110 0.011549973
646 489 8 9 0.011545934
364 591 8 9 0.011528629
550 269 51 72 0.01151983
574 722 66 46 0.011519046
231 638 86 114 0.011518731
392 205 74 99 0.011512694
853 339 90 116 0.011512532
720 523 82 114 0.011502819
889 245 51 69 0.011499294
0 477 26 71 0.011498861
114 482 86 109 0.01149685
548 112 10 12 0.0114926845
866 0 55 38 0.011485216
902 550 26 32 0.011480846
292 459 85 116 0.011474776
991 223 33 59 0.011473659
887 58 59 73 0.011473193
657 84 17 19 0.011465515
268 669 9 11 0.011456885
441 616 10 10 0.01145347
85 534 31 33 0.011453465
797 59 53 70 0.011453085
0 623 7 13 0.011449875
739 425 15 18 0.011448775
936 484 45 61 0.011445103
1006 376 18 37 0.011437737
394 509 41 60 0.011433649
101 591 9 11 0.011430465
647 146 41 62 0.011421606
0 142 26 69 0.011420422
223 92 45 62 0.011417324
769 257 38 62 0.011415046
550 83 9 12 0.011406375
269 15 82 106 0.011404583
435 116 70 106 0.011402939
50 113 8 10 0.011400404
855 488 8 10 0.011394311
0 429 31 82 0.011390245
0 191 25 68 0.011389409
102 487 35 43 0.011379277
330 107 13 18 0.011377763
600 616 8 11 0.011377225
323 615 8 9 0.011377131
843 492 9 12 0.011363131
436 586 25 27 0.0113614
144 540 84 121 0.011360653
604 197 11 11 0.01134663
637 68 25 28 0.01134278
835 248 24 25 0.011338817
519 134 73 93 0.011333426
524 113 13 16 0.011333004
765 468 74 97 0.011330402
535 493 8 10 0.011315005
78 114 10 10 0.011314962
806 568 10 10 0.011308083
331 638 88 116 0.011299547
832 22 83 101 0.011295338
589 515 8 9 0.011294117
485 724 62 44 0.011291452
729 86 9 10 0.011291132
862 5 64 70 0.011282006
200 26 89 122 0.011274879
576 513 8 10 0.011273255
175 198 47 65 0.011272573
254 526 83 111 0.0112684565
361 17 72 88 0.011266805
0 546 24 69 0.011265866
892 441 46 64 0.011265402
755 315 52 74 0.011260971
232 600 77 108 0.011255995
660 13 24 40 0.01124771
454 98 36 61 0.011245587
56 293 67 88 0.011233075
155 219 40 57 0.011229849
177 293 48 71 0.011228929
255 645 45 67 0.011226768
802 287 36 57 0.0112263225
91 139 9 11 0.011225537
960 37 9 11 0.011220874
0 66 33 88 0.011220603
702 12 66 86 0.011220118
746 350 76 96 0.011219662
527 215 69 85 0.011219152
994 301 30 72 0.01121753
841 89 9 11 0.0112119075
524 81 13 16 0.011210426
975 19 49 86 0.0112083135
795 721 65 47 0.011202401
0 601 10 18 0.011194681
222 307 68 80 0.011190981
837 256 22 30 0.01118707
33 676 68 81 0.011182873
0 239 22 41 0.0111794295
0 756 5 11 0.011178906
334 270 26 39 0.011173811
698 12 19 23 0.011172183
181 238 16 35 0.011167788
881 599 74 101 0.01116092
872 574 45 57 0.01115962
572 363 63 75 0.011158278
78 556 106 140 0.011154692
987 250 37 70 0.011149754
297 211 74 101 0.011109081
152 322 53 70 0.011108818
0 99 26 70 0.01110744
479 72 18 24 0.0111066885
44 643 15 14 0.011103387
910 290 53 70 0.011098492
861 163 63 83 0.011096234
1012 0 12 16 0.01109393
252 693 8 9 0.011091387
639 26 68 82 0.011089895
844 165 97 124 0.011087763
539 89 9 10 0.011086961
704 694 7 9 0.011083387
95 77 85 114 0.011081528
0 0 19 27 0.01107892
339 290 48 61 0.011078888
140 240 50 64 0.011072031
475 77 16 19 0.01106554
180 607 81 116 0.011065525
182 13 80 102 0.011058501
686 197 56 69 0.011057286
194 728 58 40 0.011056674
1000 645 24 47 0.011049845
634 99 46 56 0.011044586
546 360 64 76 0.011041664
352 689 6 9 0.011038349
260 724 62 44 0.01103707
142 440 84 109 0.011035798
938 63 60 75 0.011024065
550 141 62 77 0.011022657
703 118 68 88 0.011018236
112 443 82 104 0.011015554
338 617 10 11 0.011015089
505 117 8 11 0.0110127535
506 112 9 10 0.0110109905
968 65 14 15 0.011003085
779 263 19 22 0.011000738
901 91 47 76 0.010996396
831 209 13 17 0.010992878
174 718 8 9 0.010991044
412 579 73 98 0.010990285
729 720 65 48 0.010989267
634 177 85 113 0.010968807
67 615 53 68 0.010968673
82 724 60 44 0.010965845
79 718 7 9 0.010964449
0 136 5 10 0.010949279
51 268 51 69 0.010949196
703 75 68 91 0.010942872
395 725 64 43 0.010941265
846 249 25 31 0.010940013
177 523 88 117 0.010939222
109 584 25 30 0.0109357
646 108 11 14 0.0109343715
909 437 58 75 0.010922532
807 217 44 60 0.010921728
0 506 6 12 0.010919656
652 579 81 123 0.010908804
117 111 6 9 0.010907232
1008 640 8 10 0.0108965775
388 132 73 97 0.010894862
825 216 20 35 0.010893402
89 137 10 9 0.010893147
659 643 11 12 0.010889276
597 9 8 10 0.0108886715
827 234 13 20 0.010882015
506 694 8 10 0.01087623
77 379 74 87 0.010874407
565 95 11 14 0.010871124
953 420 25 35 0.010870523
755 565 12 13 0.010867582
374 108 8 10 0.010857387
849 639 89 111 0.010855
845 107 10 14 0.010853467
261 638 95 117 0.0108505385
423 595 49 63 0.0108454265
806 541 7 9 0.010845072
601 11 47 56 0.01084476
179 226 27 48 0.010843492
105 614 14 12 0.010839973
348 156 66 83 0.010838283
358 543 82 108 0.010835846
161 364 44 53 0.010831046
318 81 18 19 0.010817552
749 118 11 13 0.0108131915
875 299 85 113 0.01081178
841 244 15 15 0.010801774
572 505 114 143 0.010800402
648 586 59 80 0.0107962
898 311 54 71 0.010789529
7 622 70 99 0.010783294
592 85 13 17 0.0107790455
210 199 52 42 0.010778844
703 43 15 20 0.010775912
915 164 23 33 0.010774013
485 86 19 21 0.010773329
283 220 54 69 0.010772064
315 643 7 9 0.010761095
745 107 68 90 0.01075818
393 38 9 12 0.010755344
298 111 32 47 0.0107549615
332 641 15 17 0.010754255
928 485 28 34 0.010752943
82 562 14 15 0.010751287
364 399 83 107 0.010749769
901 220 45 61 0.010747205
9 552 70 97 0.010741394
360 563 9 12 0.010741278
529 90 10 11 0.0107393265
622 55 63 79 0.010735685
0 113 11 23 0.010727286
936 435 55 69 0.010726495
625 9 48 56 0.010725043
141 19 78 94 0.010711547
521 370 78 98 0.010707026
152 742 8 10 0.010705266
623 48 21 26 0.010703756
758 0 35 35 0.0107032135
343 111 14 16 0.010700749
607 368 79 100 0.010700275
636 514 7 9 0.010699114
966 484 24 33 0.010695098
58 26 62 80 0.010694816
735 429 37 44 0.010694752
317 109 10 11 0.010692968
0 617 7 13 0.010680523
0 413 19 32 0.010680113
755 613 98 122 0.010677889
171 10 10 13 0.010673825
453 540 88 117 0.010670495
349 724 62 44 0.010668256
1018 251 6 18 0.010666776
565 466 77 103 0.0106645245
611 150 77 97 0.010663285
480 18 73 92 0.01065881
317 76 40 48 0.010658618
542 636 94 118 0.0106502725
534 86 10 12 0.010649792
456 147 73 102 0.010645032
677 515 9 9 0.010635681
961 96 27 35 0.010634352
561 569 82 113 0.010633558
879 0 18 16 0.010627259
922 269 52 69 0.01062489
895 130 27 44 0.01062174
729 481 56 74 0.010620004
812 308 30 45 0.010619365
251 476 86 114 0.010618852
607 60 43 53 0.010617155
14 668 7 9 0.010615261
454 489 8 9 0.010609994
24 660 13 15 0.010609772
33 313 66 88 0.010607831
741 581 72 97 0.010605915
510 696 9 9 0.010605704
665 23 48 62 0.010595128
913 714 15 17 0.010593225
39 57 52 65 0.010589908
390 352 74 95 0.010585719
399 307 25 38 0.010581221
0 644 11 15 0.010578149
634 78 18 21 0.010577942
334 29 49 62 0.01057429
329 364 54 65 0.0105644
573 540 15 14 0.01056088
698 419 81 101 0.0105583435
842 228 19 24 0.010554913
784 107 13 14 0.010554353
461 721 64 47 0.01055001
278 172 27 32 0.010547827
828 168 45 57 0.010547611
614 542 7 9 0.010546316
883 539 24 31 0.010545578
627 668 7 9 0.010537405
596 494 8 11 0.010531904
964 65 22 26 0.010528316
52 206 71 92 0.010526472
482 85 9 10 0.010524344
876 312 55 69 0.01052218
639 83 18 22 0.010521511
403 36 14 17 0.010521343
21 127 35 42 0.010520207
413 511 75 96 0.010519849
891 163 49 66 0.010505031
973 674 51 80 0.010504027
213 234 44 65 0.010503461
921 491 72 92 0.010498436
80 24 65 81 0.010493997
826 509 46 58 0.010493915
138 347 54 64 0.010482145
0 452 12 20 0.010481958
929 724 65 44 0.010480415
314 418 86 105 0.010475102
806 259 49 72 0.010461983
487 627 92 123 0.010460266
745 87 8 9 0.010454246
367 719 7 9 0.010453592
930 601 20 19 0.010452607
735 621 33 52 0.010450244
924 460 17 17 0.010450031
324 263 45 62 0.010449761
510 467 67 89 0.010449653
533 28 53 64 0.010448918
754 556 62 79 0.010442694
863 89 19 24 0.010433988
677 88 8 9 0.010428717
343 111 9 10 0.010428678
984 355 40 70 0.010427541
153 0 53 37 0.010425427
207 72 76 105 0.010419819
576 31 47 58 0.010419012
579 743 12 9 0.01041295
912 0 57 38 0.01041275
812 67 74 93 0.0104126455
467 79 31 45 0.010410987
245 616 7 9 0.010410983
817 120 62 74 0.010410671
0 474 3 10 0.010405119
660 131 63 80 0.01040088
43 12 7 9 0.01039913
536 114 8 9 0.010398709
0 16 5 12 0.010396145
903 54 71 84 0.010393398
531 112 10 11 0.01039137
1017 666 7 20 0.010391121
146 150 45 62 0.010387939
368 252 43 53 0.010387013
39 719 7 9 0.010382345
927 651 71 85 0.0103819
840 515 68 88 0.010373686
112 370 82 106 0.01037183
9 376 70 94 0.010367229
880 26 76 88 0.010361385
309 615 9 9 0.010361367
587 586 32 30 0.010358854
755 480 54 67 0.0103445435
863 288 56 72 0.010339318
1000 276 24 58 0.0103372475
866 356 52 69 0.0103305755
1018 259 6 19 0.010323045
887 0 56 37 0.010320927
367 347 42 45 0.010320437
756 7 61 70 0.010315738
238 470 62 83 0.010312213
167 63 9 9 0.010310792
483 109 17 23 0.010305646
342 88 8 9 0.010305204
39 389 53 66 0.010303312
438 619 12 11 0.010301863
664 0 31 26 0.010296199
145 102 11 10 0.010293668
526 724 62 44 0.010292822
631 111 6 10 0.010290545
113 486 54 63 0.010286013
466 168 50 64 0.010280845
733 103 15 20 0.01026248
22 648 46 54 0.010260062
958 435 48 60 0.010258863
199 194 52 67 0.010258813
375 564 9 11 0.0102565
753 532 58 72 0.010255914
1004 237 20 42 0.010255491
131 199 55 68 0.01025254
940 10 39 51 0.01025144
918 692 10 10 0.010248871
238 544 48 66 0.010241763
780 79 53 71 0.010238371
72 548 31 41 0.010231075
155 49 88 120 0.01020911
648 86 8 12 0.0102065215
202 220 10 12 0.0102031175
299 128 68 89 0.01019872
795 96 63 78 0.010181662
730 650 45 78 0.010180206
285 113 56 75 0.010172394
445 439 88 119 0.010172275
913 192 54 67 0.010172203
77 590 65 84 0.010171715
63 333 51 71 0.01016914
739 103 16 21 0.010167942
488 129 59 83 0.010167036
410 534 17 19 0.010166897
107 167 34 34 0.010163362
913 249 48 66 0.010161265
867 57 54 66 0.01015831
593 378 65 80 0.010157652
510 161 53 69 0.010157538
122 46 60 78 0.010154944
25 113 10 11 0.010154044
846 55 55 69 0.010153497
26 30 51 68 0.010151968
64 248 49 67 0.010151041
737 645 11 15 0.010146625
120 125 74 91 0.01014015
647 417 89 106 0.010139611
888 333 53 71 0.010137229
35 488 8 10 0.010131762
1013 226 11 27 0.010131618
641 72 15 19 0.010130216
988 595 36 56 0.01012604
879 550 29 37 0.010123603
633 463 58 65 0.010123004
210 158 73 97 0.01012098
436 483 8 12 0.010120062
857 535 26 30 0.010119598
376 437 60 74 0.010117231
170 344 61 79 0.010115731
500 321 52 74 0.010114336
334 107 8 11 0.010112529
1018 243 6 18 0.010111976
777 317 52 72 0.010111416
722 9 9 11 0.010104547
706 714 12 13 0.010103213
646 164 51 65 0.010099148
22 464 79 101 0.010095634
924 593 16 15 0.010093725
748 489 9 10 0.010092015
1004 336 20 46 0.010087403
643 216 57 72 0.010087337
408 112 11 15 0.0100861285
248 146 44 56 0.010085698
1017 410 7 15 0.010082093
68 464 54 65 0.010076891
226 17 80 101 0.010076399
424 572 50 63 0.010074718
775 256 28 40 0.010070894
729 35 9 10 0.010070705
17 617 8 10 0.010067586
331 587 86 119 0.010065842
952 9 8 10 0.010064809
82 112 8 11 0.010062998
625 293 53 77 0.010058952
402 344 48 61 0.010056936
406 40 9 11 0.010054467
79 187 68 87 0.010053997
138 297 60 67 0.010042261
942 416 47 54 0.010037662
955 519 61 77 0.010037499
452 109 13 17 0.010032286
184 228 10 19 0.010032264
272 641 16 18 0.01003182
891 612 46 56 0.010030278
772 232 59 83 0.010028951
833 134 68 81 0.010024427
235 151 70 95 0.010015693
870 640 30 29 0.010015443
243 616 52 70 0.010013849
973 176 31 41 0.010012648