0_Parade_Parade_0_901
477
280 685 161 202 0.8581376
706 346 299 377 0.8219218
3 414 227 343 0.8127511
236 461 198 278 0.09703517
62 490 254 345 0.0800588
2 574 237 352 0.07130625
738 247 10 9 0.07015114
320 589 224 264 0.068696976
87 386 237 316 0.065038435
349 471 225 288 0.05525225
466 430 294 337 0.04811288
150 651 226 287 0.044865407
597 414 359 399 0.042398863
687 127 313 471 0.039386254
649 456 224 260 0.038707275
654 498 370 489 0.038560014
256 739 213 277 0.037627395
881 1086 71 83 0.036993146
311 333 342 414 0.03693216
864 353 160 317 0.03601546
0 0 208 276 0.0358776
101 228 240 336 0.035080537
283 820 397 349 0.033477157
759 0 265 265 0.033300027
827 908 197 261 0.032885745
0 0 137 178 0.032732815
0 464 138 252 0.032392588
7 265 214 339 0.031254515
466 673 128 171 0.031105181
187 153 343 478 0.03047149
0 817 201 352 0.030350525
913 0 111 156 0.030119045
940 1037 84 132 0.029806798
436 550 204 274 0.029102325
147 439 142 201 0.028809974
509 815 405 354 0.028611723
6 63 233 372 0.028217515
81 569 157 218 0.028088853
488 489 184 228 0.028033873
689 539 211 235 0.027840689
102 914 260 255 0.027669892
358 688 199 238 0.027344367
761 489 218 243 0.027311169
441 149 353 491 0.027306123
388 581 392 448 0.027256014
0 644 129 337 0.027174376
515 0 399 281 0.027154598
842 662 182 325 0.027130727
299 1 356 488 0.02711031
948 388 76 213 0.027054261
812 86 212 364 0.02679674
696 0 267 175 0.026772158
551 42 368 520 0.02638137
1 262 124 197 0.02622292
231 911 251 258 0.026156759
67 0 351 491 0.02612194
189 431 190 249 0.026070245
487 607 221 277 0.026015978
580 0 270 181 0.025689906
85 361 155 210 0.025583314
462 900 277 269 0.025390476
591 545 244 270 0.02533736
0 543 83 198 0.02495604
412 621 146 186 0.024863591
640 0 374 424 0.02477739
173 0 380 394 0.024651304
0 992 116 177 0.024510693
0 838 143 220 0.024295844
737 244 9 10 0.024086824
944 745 80 175 0.024078682
0 0 87 114 0.023870131
645 710 379 459 0.0238069
0 342 154 225 0.023636911
426 0 333 227 0.023634652
101 0 275 188 0.023429025
695 905 279 264 0.023316039
47 701 355 468 0.023268178
337 764 253 300 0.023238424
205 693 320 414 0.023022369
548 733 214 270 0.022887565
21 794 154 196 0.022785382
221 0 273 186 0.022636335
592 80 250 345 0.022631813
339 0 273 186 0.022427473
169 354 127 170 0.022296123
29 623 167 215 0.02219682
858 247 10 12 0.022107342
36 1027 162 142 0.02207597
934 472 90 227 0.022047702
99 0 142 139 0.022026073
566 503 159 199 0.021978507
630 605 158 185 0.021803576
829 0 141 141 0.021734804
961 0 63 83 0.02140288
44 0 144 107 0.02133919
289 777 135 144 0.021165457
0 284 73 141 0.021127967
360 181 214 274 0.021110514
974 1102 50 67 0.021002201
440 693 186 240 0.020952346
906 25 118 295 0.020921426
545 606 329 401 0.02069517
651 0 135 135 0.020646293
95 473 139 245 0.020586051
707 327 188 270 0.02041844
825 1051 149 118 0.02036312
349 723 134 157 0.020334939
3 133 126 211 0.020163804
572 672 155 196 0.020092467
956 273 68 193 0.02005541
0 1124 76 45 0.019990178
445 37 294 406 0.01985882
960 623 64 187 0.019842466
397 508 156 184 0.01982887
107 671 138 185 0.01945991
67 37 211 278 0.01923853
911 239 113 303 0.019187825
797 581 172 187 0.019149749
0 0 56 69 0.019099092
220 75 12 15 0.019043786
146 158 198 274 0.018955376
703 0 137 92 0.018949574
0 919 77 184 0.018689685
248 648 136 188 0.018686207
38 204 143 189 0.018665863
766 0 136 92 0.01863686
0 495 55 146 0.018392505
0 394 73 184 0.01832252
38 282 151 198 0.018317532
954 134 70 205 0.018224955
0 798 78 187 0.018164895
527 732 149 182 0.018140394
658 613 227 272 0.018075831
590 0 133 86 0.017966604
136 524 163 233 0.017872224
0 332 64 178 0.017803803
740 243 11 12 0.017701406
199 113 200 262 0.017604876
217 414 134 165 0.01744689
712 274 18 20 0.017411698
168 0 136 96 0.017388172
672 992 213 177 0.01738295
497 0 198 129 0.0173058
939 936 85 194 0.017298354
83 978 174 191 0.017291306
264 169 210 271 0.017198648
466 585 129 193 0.01715854
917 567 107 276 0.017157992
183 738 128 164 0.017115405
336 569 151 201 0.016960302
110 147 140 183 0.01694947
289 0 133 91 0.016940005
161 1035 156 134 0.016932288
528 0 133 85 0.016929945
74 680 198 267 0.016927518
471 0 132 85 0.016813215
228 0 138 94 0.016769843
758 1028 179 141 0.016759517
691 534 116 166 0.016727045
370 668 132 161 0.01667782
490 807 215 270 0.016590033
105 285 137 182 0.016587079
351 474 145 162 0.01650041
37 731 139 169 0.016430896
607 801 223 284 0.01640082
664 45 214 275 0.016380606
637 527 135 192 0.016328322
198 311 195 256 0.016327739
0 678 68 181 0.016305894
177 152 136 175 0.016278956
479 702 87 106 0.016251309
349 0 133 90 0.016238697
388 289 166 205 0.016100328
663 751 222 270 0.016050138
407 0 134 88 0.015968997
349 266 146 179 0.01596131
164 600 155 218 0.01595308
368 58 204 278 0.015891574
54 829 214 265 0.01575736
0 62 94 228 0.015600828
656 389 155 213 0.015340635
483 516 115 169 0.015331932
172 24 136 167 0.015278612
645 1049 141 120 0.01517712
209 666 125 177 0.015172705
220 1036 157 133 0.015094572
893 1094 40 54 0.015087238
94 1105 91 64 0.01504693
322 633 114 153 0.014991655
709 51 65 64 0.014929192
174 283 127 168 0.014893535
527 1050 142 119 0.014833007
439 996 208 173 0.014815284
0 517 36 99 0.014808512
744 206 185 257 0.014713455
285 1041 152 128 0.014702931
408 579 79 112 0.014676555
637 791 153 187 0.014675244
998 1129 26 40 0.014672871
422 131 205 275 0.014666942
1006 1143 18 26 0.014630606
310 996 209 173 0.014541318
626 0 24 18 0.0145267
971 463 53 164 0.014511028
230 203 137 175 0.014510403
231 28 136 169 0.01450578
557 994 205 175 0.014433859
0 0 34 46 0.014418963
823 77 148 196 0.014411689
20 797 71 102 0.014298036
898 1112 97 57 0.014270257
325 763 147 181 0.01422963
466 0 86 60 0.014216777
451 256 143 188 0.014163468
470 800 131 167 0.014128446
414 800 127 163 0.0140977
777 734 60 76 0.014079643
908 811 116 288 0.014079544
247 51 207 274 0.014074139
1001 0 23 44 0.0139504885
598 914 13 10 0.013936594
402 0 83 62 0.013934446
886 716 137 175 0.01392778
848 838 56 75 0.013918171
709 217 140 183 0.0138570815
791 788 216 283 0.013809437
971 806 53 136 0.013780986
252 382 211 250 0.013748524
833 781 146 180 0.013717115
952 857 72 189 0.013664366
434 0 84 58 0.013639688
738 715 211 250 0.013622194
697 678 147 174 0.013572337
560 1114 124 55 0.013569867
39 551 139 168 0.013532242
229 93 135 175 0.013506668
266 283 205 258 0.01349882
495 56 201 266 0.013460601
434 1119 124 50 0.013372191
491 177 196 266 0.013368408
588 29 137 162 0.0133453235
1021 0 3 22 0.0133404
231 477 117 152 0.013302029
132 648 93 116 0.013293536
0 197 98 195 0.013252012
580 850 148 185 0.013246206
65 1129 89 40 0.01321639
227 346 131 164 0.013187427
154 642 113 142 0.013152523
416 538 70 99 0.013147147
408 32 131 164 0.013109253
835 1104 98 65 0.013085622
0 554 43 126 0.013064588
447 801 22 22 0.013048091
573 788 110 136 0.013040208
159 932 151 183 0.012983624
981 418 43 122 0.012981376
744 641 185 213 0.012957374
1 607 126 191 0.012955138
588 586 143 187 0.012954104
967 546 57 159 0.012953687
25 1134 92 35 0.012937066
661 64 31 40 0.012929958
819 152 143 185 0.012914317
342 0 90 62 0.012862389
700 88 143 180 0.012844758
506 559 113 162 0.012820214
12 938 137 180 0.0127401585
145 762 193 245 0.012702901
758 233 13 17 0.012666462
80 785 170 213 0.012661207
966 1007 58 128 0.012581154
971 718 53 141 0.012551734
403 1051 143 118 0.012513876
131 249 21 22 0.012513067
0 446 45 120 0.012510769
444 208 132 166 0.012504274
762 159 141 181 0.012498528
0 45 61 145 0.012482341
132 1108 96 61 0.012443925
285 27 135 169 0.0124264825
0 1090 99 79 0.012406419
265 251 22 17 0.012387146
195 816 206 245 0.0123709235
38 891 145 179 0.012314986
689 60 65 83 0.012300195
454 839 169 210 0.012299402
525 582 136 185 0.012294398
372 364 207 246 0.012279036
794 275 173 237 0.012241545
298 268 140 173 0.01223839
813 217 146 189 0.01223701
679 932 132 164 0.012218279
530 30 132 161 0.01220922
382 0 72 52 0.012203693
947 56 77 184 0.012150757
558 376 209 273 0.012148251
433 552 43 49 0.012128268
239 576 134 191 0.012111826
468 30 133 164 0.012109868
327 1116 114 53 0.012090742
843 0 108 81 0.01208734
408 91 133 175 0.012063402
483 61 38 42 0.012047184
350 28 133 165 0.011998458
286 840 143 174 0.011985455
0 327 43 106 0.011981987
648 88 139 175 0.011976303
220 248 164 214 0.01197479
12 744 111 141 0.011968375
866 1003 130 152 0.011964008
649 214 136 178 0.011931378
113 220 132 165 0.011888727
493 447 137 174 0.011882374
199 525 126 183 0.011848868
180 706 103 143 0.01177706
0 1140 44 29 0.0117752105
177 803 126 160 0.011773082
330 73 169 223 0.011759218
862 942 139 155 0.011746425
0 0 13 17 0.011742172
760 0 87 69 0.01172792
1010 0 14 27 0.011719757
366 939 220 230 0.0117114205
350 408 143 156 0.011708335
449 76 166 221 0.011694064
968 349 56 144 0.01169343
452 319 93 123 0.0116844475
264 1089 130 80 0.011643597
401 162 146 194 0.011630649
374 1114 127 55 0.011611177
42 0 96 72 0.011608437
672 1115 97 54 0.0116000315
0 605 54 150 0.011598201
527 0 71 51 0.011570375
560 786 85 101 0.011557771
353 780 83 106 0.01154643
554 0 82 60 0.011545001
829 836 57 87 0.011510836
116 4 76 90 0.011500151
588 0 26 18 0.01149341
662 495 96 145 0.011431581
743 1111 97 58 0.011413263
690 51 105 124 0.01140515
395 619 106 136 0.0114048235
611 1112 109 57 0.01139851
43 1056 73 93 0.011394948
663 0 105 76 0.011388601
593 902 19 19 0.01137982
532 656 125 162 0.011353365
549 460 147 181 0.011340335
508 1117 129 52 0.011335987
1023 0 1 18 0.011297408
892 1069 53 71 0.011292974
572 73 169 215 0.01128188
810 729 127 164 0.011277141
495 279 199 279 0.01127122
501 725 123 150 0.011248673
928 1136 73 33 0.011176683
637 565 91 120 0.011175154
584 0 85 63 0.01117342
766 617 139 140 0.0111648
796 929 138 164 0.011132691
385 789 112 133 0.011115725
905 980 70 79 0.011106082
345 160 143 187 0.011094916
515 803 107 117 0.011090103
477 764 106 132 0.011087482
614 457 126 181 0.011078281
995 456 29 117 0.011055229
288 202 128 160 0.011048657
265 696 87 123 0.011044652
0 283 43 106 0.01104224
775 1087 116 82 0.011015257
626 229 220 310 0.010997408
762 729 127 161 0.010977892
267 322 130 168 0.010953226
585 212 134 180 0.010952486
36 1096 112 73 0.010946945
257 500 127 159 0.010942844
0 293 4 10 0.010941411
883 210 141 196 0.010940711
409 859 137 168 0.010934534
615 737 138 181 0.010934392
860 19 140 186 0.010926444
431 661 94 115 0.010922904
554 264 136 178 0.01091762
319 350 76 101 0.010917097
670 438 95 139 0.0109140575
697 855 150 188 0.0109084295
705 23 122 125 0.010894785
736 247 12 15 0.010891751
401 25 64 71 0.01089005
16 0 13 11 0.010888003
285 91 136 176 0.010882702
601 107 113 138 0.010876622
744 826 185 231 0.010870566
695 747 149 180 0.010864228
964 970 60 109 0.010846757
821 0 88 65 0.010830961
0 265 4 11 0.010830288
499 926 133 167 0.010818545
330 830 168 207 0.0108047575
186 630 92 112 0.010800515
686 1036 87 70 0.010791388
642 1051 34 42 0.01078017
825 841 146 187 0.010773089
321 0 72 48 0.010766362
499 293 138 171 0.010721279
993 5 31 108 0.010714599
231 0 13 10 0.010695695
258 164 128 165 0.010687089
901 0 28 20 0.010681625
407 401 136 152 0.010681517
260 450 117 124 0.010677601
501 643 115 146 0.010670514
742 937 130 153 0.010643723
522 31 60 69 0.010640355
419 568 112 150 0.010624215
209 0 13 9 0.010607827
244 812 119 139 0.0106073925
371 588 102 130 0.010559133
183 0 12 10 0.010541681
48 806 74 98 0.010529107
0 395 37 96 0.010523589
853 248 12 14 0.010518378
529 92 134 174 0.010513512
533 245 13 11 0.0105129015
547 817 108 130 0.010509133
118 1130 78 39 0.010492202
177 223 131 154 0.010490448
738 39 124 161 0.010473467
589 408 129 168 0.010455629
822 0 56 40 0.01044239
279 463 144 163 0.010439341
547 590 91 119 0.010432446
316 105 83 95 0.010431342
722 147 52 66 0.010430594
448 97 109 116 0.010404831
289 1126 83 43 0.0103984
0 758 35 90 0.01039241
462 629 93 124 0.010389355
696 480 97 164 0.010384619
284 0 88 59 0.0103533855
134 716 95 116 0.010342184
897 1084 32 37 0.010340698
536 530 100 125 0.010339004
111 1057 130 112 0.010338715
0 37 37 100 0.0103172595
1018 0 6 31 0.010299695
28 795 18 22 0.010291826
575 563 93 119 0.010280048
349 1053 138 116 0.010270241
443 115 75 78 0.01026413
98 752 94 111 0.010254032
902 1060 89 102 0.010212526
216 0 13 10 0.010209689
33 925 102 122 0.010200594
695 987 90 108 0.0101905065
224 0 14 9 0.010186442
134 516 90 145 0.010175515
101 608 95 123 0.010156307
526 162 137 182 0.0101439385
727 96 86 109 0.0101282
620 0 71 53 0.0101260645
0 955 40 49 0.010098089
170 873 135 165 0.010086176
878 1081 48 55 0.010083728
256 0 15 10 0.010082051
971 20 53 130 0.010066942
1011 496 13 23 0.010062333
599 823 70 93 0.010053412
222 957 148 169 0.010051633
609 594 96 121 0.010047556
776 15 105 130 0.010042868
99 1025 96 109 0.010019139
171 500 74 128 0.010008277