0_Parade_marchingband_1_355
3847
690 103 43 53 0.8501682
816 179 30 35 0.8187163
562 86 32 42 0.8019118
455 111 27 35 0.80013037
888 109 25 32 0.78537387
355 105 23 28 0.77635723
905 84 23 28 0.5521749
323 129 8 12 0.29333735
540 113 11 17 0.27075183
988 187 13 17 0.26756933
439 51 9 11 0.23579513
892 98 27 36 0.20528471
515 138 23 32 0.16411719
333 133 9 11 0.15632977
981 169 12 14 0.14320865
537 112 18 24 0.1347239
986 168 11 14 0.12541027
782 302 11 14 0.117565125
958 107 12 20 0.116840996
18 0 9 9 0.11469341
982 189 14 17 0.109328635
0 0 12 9 0.106797844
138 59 11 12 0.10473077
983 169 17 21 0.104125455
320 131 8 10 0.09826285
898 89 26 34 0.097590685
325 126 9 14 0.09741507
868 138 10 14 0.09674912
336 131 9 12 0.09459283
542 108 22 27 0.093159005
408 168 11 13 0.09173646
327 130 9 12 0.09085851
18 0 15 13 0.09064229
690 137 16 24 0.089776024
206 66 17 29 0.089520656
960 105 19 27 0.089427285
6 322 7 9 0.085688464
1010 222 10 9 0.085270755
866 139 7 13 0.08500897
696 58 9 13 0.079597265
1004 235 12 15 0.07642507
694 0 9 9 0.07637279
331 135 8 10 0.07503041
1009 156 15 25 0.07487894
412 167 15 16 0.07408085
375 113 10 19 0.07101256
645 95 9 12 0.07008731
1017 238 7 15 0.06694002
192 75 17 23 0.06604584
945 103 19 27 0.06481429
984 177 17 23 0.06461955
969 111 16 26 0.06396508
197 72 19 27 0.06316402
616 110 11 18 0.061239146
81 296 18 17 0.060538884
746 83 22 29 0.060417432
339 129 7 12 0.05958079
533 84 11 15 0.059549376
336 138 9 12 0.058741853
421 201 14 18 0.058647793
694 48 11 21 0.058582045
436 48 9 13 0.058019117
517 140 14 18 0.057771612
1008 109 16 29 0.057630986
542 110 13 17 0.057432614
638 0 14 10 0.057416763
878 117 11 16 0.05684526
212 66 9 12 0.05681564
29 511 32 35 0.056637455
884 121 12 19 0.056288537
84 0 28 34 0.0561501
982 193 9 12 0.05592055
1000 119 7 12 0.055846993
575 358 28 37 0.055748172
321 125 8 14 0.05560768
1012 154 12 17 0.055562872
319 158 9 13 0.05520728
648 94 7 9 0.055187516
318 130 12 14 0.055104148
1011 160 8 10 0.0547389
780 303 15 21 0.05467314
988 183 11 14 0.054666117
242 425 21 24 0.05452783
324 132 10 12 0.05435439
912 87 18 18 0.05359235
910 78 25 29 0.053533267
441 47 10 14 0.052749064
874 115 9 11 0.051861133
989 165 11 13 0.051777337
981 173 12 18 0.051201835
138 52 12 16 0.051167443
1010 97 14 30 0.050868247
996 157 27 39 0.050762296
1000 119 23 33 0.050599243
364 107 22 25 0.050263133
1010 238 9 12 0.050226998
513 144 16 25 0.049822114
1015 241 7 9 0.049452208
263 512 39 47 0.049190585
408 165 9 12 0.049047202
652 0 14 10 0.04904639
84 299 11 11 0.048679177
653 231 16 21 0.04866402
911 88 25 29 0.048456576
981 184 12 16 0.04828693
980 170 9 10 0.04826684
541 111 9 12 0.047725078
0 324 5 9 0.04766918
974 112 21 27 0.04755154
964 100 25 33 0.04750203
12 0 12 11 0.047315203
992 192 11 15 0.04683799
982 0 19 16 0.046167925
867 136 7 12 0.045752462
210 79 13 25 0.044865217
0 326 6 15 0.044528626
410 171 14 16 0.044062167
952 106 21 28 0.04402261
1020 241 4 11 0.043985616
695 48 8 11 0.043941922
989 169 13 16 0.04364553
339 142 7 9 0.04340768
665 129 12 14 0.04337854
175 0 15 13 0.0430855
1008 230 13 19 0.042941608
742 0 10 11 0.04293364
540 117 19 27 0.042697422
338 134 8 13 0.0426757
441 54 10 14 0.042586878
534 120 12 16 0.042484157
884 117 21 27 0.042364523
1008 224 11 14 0.042288106
908 83 16 19 0.042179395
382 32 9 12 0.04208244
355 112 14 20 0.041782536
418 167 12 14 0.041724656
985 162 12 15 0.041060124
209 61 11 16 0.041047297
986 130 13 12 0.040866528
362 109 15 19 0.04074236
542 92 9 13 0.04059801
330 19 22 29 0.04059684
113 322 9 12 0.040580984
644 0 21 14 0.040504303
958 112 8 12 0.04036818
696 0 11 12 0.04035707
458 96 31 43 0.04003198
962 112 13 17 0.040006798
332 130 8 11 0.039889533
537 114 10 11 0.039778437
398 180 11 13 0.039749224
334 128 10 13 0.039587874
901 111 24 27 0.03928179
555 110 26 32 0.039123252
550 92 29 37 0.03908791
980 166 26 37 0.039038133
1013 233 11 20 0.038947843
982 115 20 26 0.03873956
782 313 11 12 0.038268767
917 0 14 12 0.03800448
894 86 22 25 0.037986998
331 136 11 15 0.037901208
873 113 12 16 0.03773933
792 89 9 12 0.037697718
1015 243 9 24 0.037618287
54 0 16 15 0.037499223
1001 158 19 21 0.037139412
600 122 15 16 0.037090633
335 167 14 18 0.03705739
991 185 15 17 0.03701659
885 86 28 39 0.036862917
534 118 17 25 0.036656234
989 193 9 12 0.036644667
545 97 10 14 0.036543135
979 193 15 19 0.036401536
986 181 11 12 0.03639248
967 106 13 19 0.036247067
568 79 42 45 0.036094908
901 84 19 21 0.036089282
754 145 14 18 0.035961077
371 110 12 18 0.03591543
867 136 15 21 0.035855033
1007 192 17 31 0.035503916
746 81 17 20 0.035402786
909 0 15 13 0.035399012
954 111 12 17 0.035396706
328 131 13 16 0.03529867
659 0 14 10 0.035211425
532 110 17 21 0.03497159
0 1 9 13 0.03494354
862 139 15 20 0.034838
992 85 18 22 0.034699272
990 165 26 40 0.034631666
962 113 8 10 0.034527116
688 135 13 20 0.03443635
975 99 23 31 0.03433463
8 322 8 10 0.03432628
539 105 13 20 0.03414348
1010 85 14 29 0.034011364
88 9 18 24 0.034006894
635 158 19 27 0.03356913
984 195 11 14 0.03348851
995 118 10 13 0.033468258
543 120 26 32 0.033236187
1007 220 9 10 0.03322127
644 0 14 9 0.03319354
675 51 13 16 0.03317293
200 60 20 28 0.033165004
543 102 14 21 0.03308424
0 455 18 39 0.0330538
411 164 10 14 0.032967158
48 0 12 15 0.03291236
816 370 10 11 0.032798618
919 85 20 23 0.03278778
14 125 10 15 0.032730218
345 164 8 13 0.032650728
1015 145 9 18 0.032577526
858 117 7 11 0.032526292
212 437 33 47 0.03243197
1008 161 10 15 0.032373335
136 44 21 26 0.032336347
1021 57 3 14 0.03224279
643 97 12 17 0.032240294
19 0 19 20 0.03219795
665 0 12 9 0.031986244
787 467 16 11 0.031945672
566 0 10 9 0.031704474
973 88 9 11 0.031583935
1019 225 5 12 0.031491097
455 124 12 21 0.031484418
466 109 34 41 0.031445373
698 56 9 12 0.03136075
1014 142 8 10 0.031277496
688 115 24 40 0.03123376
965 113 8 10 0.031227838
15 2 15 18 0.031222235
532 114 28 39 0.031167014
1009 238 13 17 0.031056872
353 108 11 19 0.031045293
323 122 8 13 0.03100047
1 299 9 10 0.030929696
826 177 33 37 0.030798083
515 152 17 24 0.030786742
553 124 25 29 0.030779924
962 122 23 26 0.030769605
747 138 23 27 0.03076447
198 78 13 18 0.030751795
312 156 10 16 0.030745598
936 100 21 25 0.030729948
136 58 10 11 0.030624226
417 314 12 16 0.030512698
779 0 13 9 0.030494386
884 121 8 12 0.03046344
998 170 26 52 0.030387351
996 410 28 83 0.030239033
793 214 11 16 0.030144164
983 124 22 26 0.03010873
545 95 7 10 0.029962597
1017 159 7 20 0.029796423
773 173 18 25 0.029780738
478 22 12 18 0.02972477
635 0 24 21 0.029652597
317 129 9 11 0.029623091
538 25 23 31 0.029593067
815 123 20 24 0.029556945
1001 117 8 10 0.029508479
916 0 20 20 0.029501135
318 150 12 20 0.02949019
1014 236 7 11 0.029441448
922 92 22 27 0.029428506
408 249 8 9 0.029415464
520 144 8 10 0.029246027
115 320 7 10 0.02918792
798 100 9 11 0.02914184
394 175 12 15 0.029123042
124 117 14 13 0.029089471
1007 155 12 15 0.029015115
715 107 41 47 0.028977243
141 268 10 12 0.028893476
759 0 11 9 0.028715724
24 0 13 9 0.028644267
968 114 11 17 0.028474651
401 178 12 16 0.028421415
509 150 17 24 0.0283985
694 60 8 10 0.02836446
782 297 18 22 0.028335512
454 125 22 27 0.028329764
1019 54 5 17 0.028319845
0 0 19 19 0.028308056
1003 217 13 14 0.028267227
984 179 8 10 0.028258711
358 115 16 19 0.028245566
919 76 22 25 0.028230932
44 1 12 15 0.0282175
127 74 25 26 0.028154787
470 117 23 26 0.028134981
1000 236 12 15 0.0280389
870 131 12 18 0.028000766
336 124 8 12 0.027987903
566 94 39 46 0.02795583
973 124 20 23 0.027925616
981 85 23 26 0.027891695
710 0 10 10 0.027880587
1005 47 19 29 0.027825845
153 325 11 14 0.027811248
994 151 10 15 0.027636869
180 447 23 31 0.027626894
135 61 13 15 0.027534412
329 127 7 11 0.02749666
959 98 14 22 0.027434817
442 128 9 11 0.02728193
549 107 12 16 0.027258474
178 0 21 17 0.027204556
984 184 9 10 0.027153336
319 145 7 11 0.02715025
987 0 17 10 0.027134761
647 97 10 13 0.027094062
997 130 22 33 0.026976697
311 150 17 23 0.026913917
620 114 7 13 0.02688943
946 109 13 17 0.026853893
729 115 18 21 0.026811425
438 54 8 11 0.026761014
809 81 14 19 0.026746927
717 85 45 57 0.026697038
964 106 10 17 0.026666671
960 91 23 34 0.026622431
1007 143 17 29 0.026579393
639 48 10 16 0.026562626
539 119 9 13 0.026492696
664 102 47 56 0.02648027
771 238 13 20 0.026459701
780 302 10 11 0.026429197
509 120 32 46 0.02637125
633 160 13 20 0.026328074
434 52 9 9 0.026319638
707 103 34 42 0.026303453
797 211 9 16 0.026296465
561 0 13 13 0.026266687
184 0 28 23 0.026196295
515 146 11 16 0.026163515
11 321 8 10 0.026053367
979 0 26 26 0.025973275
1009 137 14 17 0.0259451
1019 0 5 10 0.025929758
656 58 8 9 0.025921665
13 501 52 61 0.025889682
701 0 10 10 0.02578992
155 83 12 14 0.02577596
532 98 28 37 0.025763197
990 130 13 14 0.025713498
932 98 19 22 0.025667416
343 139 10 14 0.025605539
415 194 18 24 0.025603719
136 291 13 14 0.025562156
390 177 12 14 0.02551791
378 34 10 13 0.025517153
577 65 52 60 0.025486432
440 111 29 36 0.025480894
967 117 14 24 0.025480116
424 202 8 12 0.025471866
527 85 11 14 0.02544847
353 112 32 41 0.025435999
982 165 8 12 0.025430614
980 183 27 32 0.02542319
248 418 25 28 0.025421707
349 167 10 17 0.02540955
991 118 10 14 0.02540703
873 127 22 27 0.025402728
960 115 7 11 0.025397776
644 227 12 20 0.025385413
657 239 11 14 0.025385326
990 135 14 19 0.025384814
1018 155 6 14 0.025334585
433 44 14 19 0.025327958
560 111 36 44 0.025323128
968 115 7 9 0.025321439
372 117 10 16 0.025320742
778 148 9 12 0.025303854
28 0 15 13 0.025257187
196 0 26 24 0.025229126
935 140 9 16 0.025226045
340 166 12 15 0.025199719
855 151 20 25 0.02515991
1007 222 16 22 0.02515378
349 152 21 26 0.02514149
992 121 13 16 0.02510027
651 0 23 20 0.025010379
725 123 36 41 0.024998207
524 129 34 45 0.02492462
972 105 13 20 0.02488568
438 50 16 21 0.024757192
557 0 18 21 0.024740795
1017 232 7 15 0.024674358
1002 123 7 10 0.0246713
375 37 7 12 0.02465053
514 141 12 15 0.024547346
426 200 14 17 0.024509767
343 92 32 44 0.024498923
345 134 15 18 0.024486426
378 118 10 15 0.0244343
550 97 12 16 0.024422111
5 51 8 11 0.024417358
1019 244 5 18 0.024411663
852 288 10 11 0.02439788
352 113 9 15 0.024397792
873 119 8 10 0.024357174
333 127 7 10 0.024340646
48 324 15 21 0.024272224
15 4 8 9 0.024249367
899 73 40 54 0.024243545
639 225 22 29 0.024136037
658 123 19 24 0.0240765
206 61 10 12 0.024075955
984 104 18 27 0.024067089
882 69 32 44 0.024064414
317 120 10 15 0.02398789
517 146 8 10 0.02394404
887 123 35 44 0.023900805
872 119 14 19 0.023894466
208 0 21 26 0.023888981
764 152 10 14 0.0238237
924 0 13 12 0.023800198
806 0 12 9 0.023800118
990 182 9 9 0.023796396
332 23 14 19 0.02366097
913 22 7 10 0.023641394
1017 217 7 14 0.023620145
195 83 13 18 0.02361386
926 85 22 26 0.023607586
42 298 9 12 0.023589542
870 133 6 10 0.023589246
11 298 17 18 0.023579488
293 317 11 12 0.023565546
86 155 31 32 0.023561472
994 143 11 16 0.023528898
211 60 14 27 0.023466444
409 239 11 12 0.023442674
533 123 8 13 0.023406923
994 95 30 48 0.02338885
398 166 14 20 0.023339737
19 3 9 11 0.023280447
31 0 24 22 0.023271682
754 0 12 11 0.02323098
880 124 12 19 0.023191579
318 144 10 17 0.02318344
444 48 11 14 0.023159293
321 130 17 22 0.023123555
883 103 23 33 0.023116076
1016 0 8 13 0.023053994
964 86 33 42 0.023040697
1021 228 3 10 0.02299591
518 137 10 13 0.022976233
762 0 13 11 0.022965794
34 305 8 10 0.02295308
908 99 17 21 0.022947645
1012 224 9 12 0.022941703
39 449 38 47 0.022892151
459 0 130 96 0.022877466
407 241 12 16 0.02285417
741 72 10 10 0.022824878
693 54 9 13 0.022798544
995 191 10 11 0.022788543
83 298 21 25 0.022781407
1016 104 8 22 0.022780247
344 154 9 11 0.022770206
830 0 194 196 0.022762807
550 130 20 29 0.02273433
536 82 12 16 0.022691827
998 117 12 18 0.022691028
0 458 11 22 0.022623757
792 109 9 11 0.022578027
59 225 12 11 0.022527585
883 127 16 20 0.022468437
1006 460 18 34 0.022457875
550 126 14 20 0.022418285
1011 217 11 13 0.022346145
407 169 8 11 0.022299916
357 91 24 34 0.022224804
946 0 78 102 0.022213649
634 96 21 25 0.02220877
1015 252 9 25 0.022163743
0 4 11 17 0.02215851
340 135 11 15 0.022140035
0 470 19 38 0.022135828
27 63 20 25 0.0221134
0 156 12 27 0.022087688
250 91 10 9 0.022080095
368 0 134 102 0.022042947
1011 233 8 12 0.02203278
410 163 8 10 0.02202912
174 441 37 48 0.022022292
642 46 11 14 0.022014193
952 297 10 11 0.022000685
797 179 28 35 0.021962423
997 110 21 29 0.021955792
359 117 21 25 0.021952225
789 143 15 20 0.021944577
457 117 38 48 0.021939892
961 0 13 12 0.021912986
954 99 15 25 0.021886148
1006 0 18 26 0.021877196
679 122 26 35 0.02186602
27 522 27 32 0.021856045
825 157 40 50 0.021848036
56 300 9 11 0.02183367
714 0 11 10 0.021811083
141 63 9 11 0.021796808
12 5 13 18 0.021791073
29 124 7 9 0.021780947
292 422 32 44 0.021774948
84 297 8 9 0.021772092
205 85 16 23 0.02177152
774 0 25 23 0.021730345
561 102 22 27 0.021725325
0 727 28 24 0.021717567
687 144 25 31 0.021711264
834 327 11 15 0.021702666
277 0 135 100 0.021700362
1013 205 11 20 0.021686133
251 251 8 9 0.021666268
609 114 15 18 0.02166542
330 120 15 19 0.021648888
1020 159 4 11 0.021638323
790 0 14 10 0.021636765
763 146 10 14 0.02163079
963 0 26 24 0.021613995
988 96 19 25 0.02160961
906 0 12 9 0.021580197
444 124 34 42 0.021571863
0 50 5 10 0.02156104
962 30 9 11 0.021539548
476 106 23 31 0.02153801
1000 157 13 17 0.021520019
0 2 5 10 0.021518776
682 0 11 11 0.02151686
322 135 10 13 0.021509651
864 132 12 18 0.021487426
5 1 8 9 0.02147612
786 232 14 17 0.021466449
545 114 9 11 0.021448508
977 191 11 15 0.021444555
38 0 13 13 0.021443432
7 97 22 22 0.021427969
99 127 21 23 0.021422599
755 134 14 18 0.021421677
894 121 19 22 0.021415388
813 146 34 51 0.021413602
634 0 15 14 0.021412978
370 115 19 23 0.0214014
1022 190 2 9 0.021380614
413 160 14 17 0.02136029
83 143 28 30 0.021350231
781 148 9 12 0.021336742
818 188 36 40 0.02130683
883 134 24 30 0.021299403
965 0 15 13 0.021286177
741 88 32 41 0.021279799
546 95 18 25 0.021272317
442 61 10 15 0.021272235
533 102 15 20 0.021271976
769 0 12 10 0.021256695
341 109 18 24 0.021251857
547 112 12 15 0.02121573
554 61 35 56 0.02121033
800 171 39 48 0.021199448
327 165 16 19 0.021188345
1014 98 10 17 0.021138916
112 321 8 9 0.021112813
883 189 22 28 0.021109205
784 0 14 11 0.021099797
84 288 19 23 0.021098055
997 196 8 11 0.02105542
632 97 12 15 0.021055274
993 186 9 11 0.021030681
87 302 8 9 0.02101791
924 90 31 38 0.020998983
857 145 13 19 0.020991549
695 44 8 10 0.020990536
9 1 10 11 0.020980785
705 0 9 10 0.020945774
800 487 224 264 0.020884262
735 136 24 29 0.020878974
356 128 18 22 0.020846257
1000 89 20 27 0.020833584
964 60 16 20 0.020825341
991 110 12 19 0.020817619
970 113 7 10 0.020809399
326 121 7 12 0.020785872
687 128 13 20 0.020776236
800 121 9 14 0.020745063
450 98 25 37 0.020737916
989 0 22 18 0.020728035
209 67 23 36 0.020680329
458 87 25 34 0.020674594
693 131 34 42 0.020664146
117 322 7 12 0.020618599
685 107 21 34 0.020617722
512 160 15 16 0.020598384
0 321 8 10 0.020577269
766 165 22 29 0.020558845
900 96 16 21 0.020535164
87 297 8 9 0.020518553
14 299 10 10 0.020512417
666 132 13 17 0.02050286
542 119 11 16 0.020488981
319 157 14 18 0.020487757
0 328 3 9 0.02043985
923 71 23 22 0.020434754
698 85 37 52 0.020404208
999 123 7 10 0.02039543
377 113 8 10 0.020349674
955 111 8 12 0.020324526
873 0 14 14 0.020278282
317 141 18 25 0.020273495
781 304 24 27 0.020219544
690 47 12 19 0.020208225
201 5 21 32 0.020201026
402 181 8 9 0.020158805
999 228 13 18 0.020151855
533 82 20 30 0.020148449
994 178 16 20 0.020139325
341 143 7 9 0.020121586
959 677 65 74 0.02011862
986 79 30 36 0.020113094
895 192 13 21 0.020052094
845 22 10 10 0.020049028
902 122 25 30 0.02001224
773 0 18 13 0.019937541
512 148 10 15 0.01993714
983 712 41 39 0.01993669
970 0 16 13 0.0199226
351 147 17 21 0.019913437
521 190 13 13 0.019911466
326 161 13 16 0.019889208
934 88 21 26 0.01988363
584 103 28 30 0.01986258
343 124 11 14 0.019843055
343 130 11 14 0.019828003
765 156 11 15 0.019811712
892 94 18 22 0.019807877
333 124 8 9 0.019781966
352 119 18 25 0.019746749
340 131 9 13 0.019741075
982 85 14 16 0.019730598
670 0 9 9 0.019718226
254 301 16 18 0.019715497
884 163 23 29 0.019693097
646 230 17 18 0.01967894
985 176 9 11 0.019670008
243 151 14 16 0.019661976
279 295 11 11 0.019658191
910 104 21 27 0.01963941
775 246 9 13 0.019638915
818 0 25 24 0.019627286
872 135 7 11 0.019624334
693 144 17 21 0.019593984
660 193 15 14 0.019588077
984 0 40 51 0.019587254
212 0 14 15 0.019586843
811 174 25 32 0.019572014
346 170 10 15 0.019537972
351 130 17 22 0.019530533
725 0 13 11 0.019528847
990 152 10 14 0.01952604
153 86 12 15 0.019517167
416 169 10 10 0.019497426
214 74 12 24 0.019457314
1013 53 11 21 0.019453408
1011 152 9 14 0.019448623
91 282 9 15 0.019447062
342 129 6 10 0.01944625
950 105 12 17 0.019444663
432 55 12 15 0.019385556
519 245 8 11 0.019380288
801 210 8 16 0.019379651
982 232 22 25 0.019360553
1004 138 12 17 0.019350315
1006 211 18 24 0.019348318
956 106 9 15 0.019337354
934 73 16 12 0.019317234
819 116 18 24 0.019253738
340 125 7 11 0.019249532
157 84 8 9 0.01923307
592 112 14 20 0.019217655
167 0 19 18 0.019187517
907 96 34 41 0.01915559
796 109 9 12 0.01915406
407 171 11 14 0.019144433
0 0 163 200 0.019137338
992 169 9 10 0.019137047
856 325 7 9 0.019124387
0 49 10 13 0.019114498
675 183 14 18 0.019102104
354 155 13 17 0.01909728
996 148 18 23 0.019058844
88 593 17 20 0.019031074
77 289 20 22 0.018976113
995 132 17 21 0.018974496
0 470 11 28 0.018950686
215 69 8 10 0.018934418
828 0 26 27 0.018929485
161 295 8 11 0.018920133
726 99 30 38 0.01890802
885 175 22 29 0.018893916
596 117 15 19 0.01889388
797 69 9 12 0.018893642
199 0 135 98 0.018892767
543 0 141 98 0.018892067
822 105 9 13 0.018881852
43 0 21 21 0.0188643
855 148 8 16 0.018859718
528 91 17 25 0.018854145
951 112 10 13 0.018840402
88 298 14 13 0.018813048
13 97 11 13 0.018805506
909 116 14 17 0.018795693
532 87 8 12 0.018772993
137 46 14 16 0.018771809
936 85 28 39 0.018770518
58 120 13 14 0.018751776
863 138 8 11 0.018750694
1012 242 8 12 0.018745666
318 120 8 9 0.018740036
817 191 20 24 0.018734101
688 95 32 46 0.018721282
956 0 12 12 0.018704383
121 69 22 30 0.018694637
0 42 40 62 0.018660974
160 0 15 13 0.018645996
368 113 11 16 0.018640978
993 154 14 20 0.018638479
702 118 46 49 0.018605255
883 89 51 68 0.01859949
426 39 8 10 0.018590044
171 0 13 11 0.01856679
437 60 12 16 0.018546404
980 200 12 15 0.018543208
832 185 22 23 0.018540213
309 156 9 17 0.018536992
250 429 18 21 0.018509047
981 132 18 20 0.018484676
889 129 14 17 0.018484106
1015 224 9 16 0.018471586
335 136 14 18 0.018465137
784 300 8 11 0.018449726
1020 232 4 12 0.018444045
630 160 10 18 0.018425029
677 138 46 57 0.018387808
903 91 14 18 0.018374389
980 176 7 11 0.018373445
975 88 12 15 0.018355992
312 123 14 17 0.018345727
798 123 8 10 0.018342346
763 156 17 23 0.01832526
490 668 9 10 0.018319095
815 201 20 24 0.018315632
17 4 9 12 0.018315148
686 71 55 79 0.018307252
530 106 13 16 0.018304175
1018 111 6 21 0.018293146
550 0 14 12 0.018270854
208 433 55 71 0.018256553
604 123 17 18 0.018236829
874 107 17 23 0.01822726
858 136 12 17 0.018217867
135 283 19 25 0.018193295
693 2 10 11 0.018191362
4 299 12 12 0.018191244
0 444 21 35 0.018189404
980 183 9 13 0.018182658
320 143 7 10 0.018163025
870 143 7 14 0.018149044
637 0 33 31 0.018069144
336 197 8 10 0.018064303
1020 216 4 11 0.018038604
0 11 10 10 0.018025534
538 93 15 22 0.018025074
405 160 11 14 0.018024953
895 107 17 24 0.01799729
438 127 15 18 0.017983848
0 303 9 13 0.017982781
786 0 20 16 0.017965313
915 0 11 9 0.017957812
95 351 27 25 0.017945621
986 12 16 20 0.017928753
422 205 9 12 0.0178898
991 78 19 21 0.017879486
1002 733 22 18 0.017871073
1016 46 8 21 0.017862665
240 431 22 31 0.017854664
734 91 24 32 0.01783624
525 84 15 23 0.017821772
123 83 16 22 0.017806515
1016 591 8 24 0.017784964
1012 163 10 14 0.01778479
681 147 7 10 0.017772103
974 185 18 24 0.017771618
72 514 34 43 0.017760484
970 129 13 17 0.017752834
574 5 24 26 0.017735926
919 96 16 20 0.017734373
135 63 18 24 0.017719142
627 50 10 16 0.017713558
141 55 15 17 0.017698634
562 3 15 25 0.017687066
653 116 18 27 0.017685387
338 120 10 14 0.017679987
835 170 26 33 0.017676309
326 294 10 11 0.017660754
375 122 8 13 0.017652877
513 148 7 10 0.017649245
811 0 15 9 0.017628497
523 133 19 24 0.017620914
358 30 13 16 0.017612543
818 0 12 10 0.017600304
691 142 11 15 0.017596552
108 624 14 18 0.017591821
615 284 10 12 0.01759158
26 4 19 21 0.01758176
797 113 10 14 0.01758043
808 189 18 25 0.017579116
447 114 18 27 0.017572735
125 92 11 15 0.017562969
101 321 19 23 0.017554913
192 6 21 27 0.017550886
211 354 45 56 0.017548991
76 299 17 18 0.017540092
0 500 164 251 0.01752398
678 108 20 28 0.01750881
620 109 11 15 0.017501146
949 91 26 36 0.017500019
7 110 10 12 0.017483957
745 78 13 15 0.01747878
366 102 17 20 0.01746635
60 0 15 12 0.017457329
988 32 36 58 0.01745655
228 429 38 46 0.017446931
917 74 33 45 0.017439552
322 115 11 17 0.017431349
677 0 12 11 0.017428573
797 62 10 13 0.017417938
353 139 12 15 0.017388027
273 497 37 54 0.017383197
0 301 6 9 0.0173794
276 448 21 32 0.01737538
742 130 23 29 0.017357918
553 105 21 26 0.017350454
180 74 22 26 0.017349279
964 117 11 19 0.01733263
206 66 13 16 0.017318886
174 0 49 47 0.017309519
883 148 24 29 0.01730603
800 0 17 12 0.017287951
656 102 10 15 0.017272605
640 97 11 13 0.017240647
997 113 10 13 0.017235689
370 32 11 16 0.017228132
773 239 9 14 0.017220134
996 169 16 21 0.017219963
184 53 31 40 0.017211892
643 93 9 10 0.01721063
989 197 13 14 0.017207263
781 292 14 18 0.01720466
1003 233 10 12 0.017201321
448 88 48 65 0.01719535
527 122 20 27 0.017190069
780 140 18 22 0.017187256
928 80 18 21 0.017172808
31 430 58 73 0.017133133
779 232 18 23 0.017130522
793 214 8 10 0.017127037
245 95 10 10 0.017125802
1007 214 12 15 0.017119488
920 125 36 46 0.01711117
792 186 43 51 0.017105872
210 297 10 11 0.017093271
808 0 25 23 0.017091002
40 392 63 79 0.017078385
933 78 21 26 0.017072756
342 157 14 19 0.017070452
997 232 12 17 0.017062984
776 310 16 17 0.017042665
695 63 8 10 0.017029872
1020 32 4 17 0.017018389
14 271 9 12 0.01701261
413 35 13 14 0.017006472
804 119 21 24 0.01700399
989 179 8 10 0.01700328
821 180 51 58 0.01699693
1021 191 3 12 0.016985511
176 2 25 27 0.016978493
565 0 12 18 0.016969273
973 86 18 24 0.016949078
551 92 11 15 0.016941825
145 0 128 95 0.016941821
896 144 41 50 0.01693715
812 124 32 40 0.016931068
737 85 22 26 0.01692217
979 92 20 26 0.016920252
399 163 11 15 0.01690432
531 148 26 32 0.0169021
786 256 12 18 0.01690081
0 488 11 27 0.016896354
409 274 8 11 0.016883275
796 0 13 10 0.016878067
912 118 22 24 0.016877187
967 136 7 10 0.016859455
507 136 19 26 0.01684331
823 0 12 11 0.016839223
932 89 14 18 0.016832348
197 75 10 13 0.01682742
0 130 95 168 0.016820127
528 77 44 60 0.016819471
418 173 10 11 0.016802363
121 80 12 17 0.016796337
889 160 15 21 0.016791387
564 16 13 17 0.016786505
416 205 15 19 0.016765667
479 20 9 13 0.016756564
570 0 13 11 0.01673654
128 334 8 10 0.01673483
980 127 33 43 0.016734634
28 281 10 12 0.016723866
778 304 10 11 0.016720863
327 136 18 25 0.016713934
998 188 9 12 0.01670856
529 11 36 53 0.016707523
868 144 17 21 0.016694777
1007 171 17 31 0.016694762
185 436 40 49 0.016691308
592 92 35 38 0.016686594
140 67 8 10 0.016675169
0 0 36 48 0.01666994
413 176 12 16 0.016656848
215 65 8 10 0.016652552
857 0 131 100 0.016638897
535 88 7 11 0.01663432
614 106 11 16 0.016626382
1001 121 13 17 0.016618345
463 122 26 29 0.016609566
924 0 24 23 0.01660941
926 125 19 24 0.016608367
912 70 21 25 0.016597752
392 167 15 22 0.016593616
142 60 11 10 0.016585711
921 107 35 46 0.016574785
934 25 13 16 0.016570907
379 37 12 16 0.016537325
49 5 9 14 0.016509773
543 108 10 13 0.01650818
205 295 11 13 0.016504811
360 138 12 15 0.016498163
665 63 21 28 0.016490357
1020 165 4 13 0.016480992
84 302 8 10 0.016467735
778 180 13 23 0.016452026
354 119 10 14 0.016450413
765 148 39 48 0.016439877
998 126 11 17 0.01642765
0 0 104 129 0.01642418
445 53 8 11 0.016414735
341 120 16 22 0.016412573
339 158 12 14 0.016397245
162 20 10 15 0.016396398
384 34 9 12 0.01638998
1019 83 5 17 0.016378561
328 138 11 17 0.016347887
989 141 35 68 0.016341794
752 123 9 12 0.016335806
415 171 15 18 0.016334735
436 39 12 17 0.016325736
974 94 17 27 0.016316626
819 171 22 31 0.016313259
996 141 14 19 0.016312696
479 121 12 17 0.01630565
1007 217 8 10 0.016296608
604 123 10 11 0.016296163
276 153 12 14 0.016295796
147 321 13 13 0.016275229
661 112 29 36 0.016273284
8 52 8 9 0.016260615
797 94 10 14 0.016255261
73 127 10 13 0.016254617
856 117 12 16 0.016249778
808 473 17 14 0.016248006
0 308 7 10 0.016247889
889 90 11 15 0.016247753
738 0 12 13 0.016246824
332 141 11 16 0.016226657
274 413 17 22 0.016225068
654 54 9 11 0.016224887
55 0 11 10 0.016223174
329 124 7 9 0.016220585
964 97 13 20 0.016212521
856 562 10 13 0.016197413
681 145 11 15 0.016196193
42 20 11 15 0.016190663
900 0 14 12 0.016182836
448 124 11 16 0.01617212
214 62 7 12 0.016157469
161 20 7 9 0.016152576
835 96 11 15 0.016151467
682 138 16 21 0.016150905
866 320 8 9 0.01614217
534 111 11 13 0.016137501
1010 145 11 17 0.016137164
1011 188 11 12 0.016137078
407 190 19 26 0.016121995
813 130 16 18 0.01612199
999 448 25 71 0.01612016
632 0 11 9 0.016119687
912 332 17 38 0.016116492
64 0 56 54 0.016109439
561 114 15 18 0.016089281
1012 187 12 24 0.016070882
416 164 18 20 0.016063418
354 126 13 17 0.016063051
155 282 7 9 0.016045397
733 119 21 23 0.016044099
872 112 9 12 0.016042756
341 139 16 21 0.016036382
15 0 31 30 0.016031913
813 186 17 23 0.016028846
988 122 12 17 0.0160217
0 322 19 34 0.016019259
247 494 57 73 0.016018428
42 123 9 9 0.016015353
678 54 13 17 0.016013391
697 53 8 12 0.015998088
659 234 9 13 0.01599497
519 194 12 12 0.015989287
421 162 9 13 0.015984442
645 0 285 187 0.015970733
432 121 8 11 0.015964886
316 126 8 10 0.015938088
380 32 8 9 0.015933672
358 124 14 17 0.015932431
557 97 6 9 0.01593203
159 503 25 34 0.015925573
849 22 9 10 0.015925411
324 114 15 22 0.01592386
752 129 15 18 0.01592302
618 116 8 15 0.015922554
911 3 13 16 0.015915053
615 114 19 24 0.015911197
721 1 23 26 0.015903648
995 194 28 34 0.015883459
353 586 31 25 0.015869671
974 134 17 19 0.015860317
211 0 10 10 0.015854755
655 128 12 17 0.015854083
742 74 12 12 0.015840096
975 0 18 12 0.015837584
975 222 24 30 0.015836408
426 0 108 82 0.015833154
538 108 10 12 0.015832238
398 184 13 15 0.015832083
996 184 22 25 0.015829327
144 256 19 24 0.015824415
932 133 13 22 0.015822912
19 305 8 11 0.015816584
211 656 12 13 0.015808092
1002 224 13 17 0.015806338
791 87 8 10 0.015793901
1020 121 4 13 0.0157782
332 23 7 13 0.015775545
145 0 13 9 0.0157687
521 139 12 12 0.015747916
912 18 10 16 0.015735142
447 93 12 14 0.015730549
0 7 4 12 0.015723292
807 0 131 97 0.015715742
522 97 46 61 0.015699586
999 84 15 19 0.015690811
0 447 31 55 0.015690401
231 240 22 21 0.015685143
986 112 13 18 0.01568257
137 277 11 14 0.01568026
133 323 145 166 0.01567938
135 79 25 26 0.015674435
1008 135 11 14 0.015667941
332 320 10 13 0.015667794
871 141 8 13 0.015663434
1009 242 15 36 0.015650734
588 116 14 20 0.015649872
138 295 14 16 0.015646819
1013 120 11 20 0.015639463
159 34 14 16 0.015632244
573 0 20 19 0.015615509
1022 71 2 11 0.015603953
3 46 13 16 0.015596541
227 221 22 30 0.015594026
967 85 12 14 0.0155909285
75 411 45 69 0.015588682
502 129 11 13 0.01558442
0 333 3 9 0.015571076
0 32 17 26 0.01556048
424 203 18 23 0.015554033
991 119 7 9 0.015551378
859 133 27 33 0.015550128
1021 66 3 11 0.015548219
718 0 135 104 0.015547715
18 302 9 10 0.015544393
149 254 12 15 0.015536491
890 108 8 9 0.015532196
106 349 28 25 0.01552899
657 428 11 15 0.015523645
967 131 12 17 0.015522705
236 403 13 17 0.015503885
83 13 18 22 0.015502811
409 200 18 22 0.015501967
0 301 14 19 0.015496294
784 131 21 30 0.015495618
631 185 20 23 0.015492065
152 456 18 23 0.015481661
1007 243 11 16 0.0154792955
869 29 112 149 0.0154747935
152 423 16 20 0.015468167
117 353 25 26 0.015447551
317 138 9 13 0.0154448785
871 136 22 27 0.015444501
955 107 7 9 0.015435011
1000 0 20 18 0.0154225435
525 90 27 40 0.015421218
791 231 11 12 0.015417119
0 43 8 15 0.015416272
775 154 12 14 0.01540747
137 284 12 16 0.015401521
643 233 24 24 0.015400694
557 0 14 10 0.015397471
876 114 8 9 0.015383499
475 121 28 35 0.015377824
58 131 12 15 0.015377649
738 112 34 43 0.015375913
640 178 8 9 0.015362916
56 456 23 38 0.015354388
963 107 7 12 0.015354092
603 104 21 27 0.015345297
297 495 25 33 0.015335029
670 105 22 25 0.01531503
987 4 9 12 0.0153069
522 144 14 19 0.015300985
872 117 7 9 0.01530074
1021 552 3 13 0.015298982
746 0 11 13 0.0152932145
767 0 19 16 0.015289533
184 436 23 36 0.015284409
427 190 11 16 0.015280643
135 0 89 68 0.015280016
117 0 16 13 0.015264571
121 73 36 42 0.015261025
966 143 11 15 0.0152442595
263 0 17 20 0.015240948
296 0 282 188 0.015238281
444 133 8 10 0.015233198
519 148 8 11 0.015231566
1021 51 3 15 0.0152221415
426 47 13 15 0.015219572
877 0 13 10 0.015218455
701 0 16 14 0.015203201
320 138 8 10 0.015198346
527 103 6 9 0.015198062
534 117 9 12 0.015184318
700 47 15 24 0.015176059
659 59 9 12 0.01516753
848 153 30 37 0.015163639
71 301 11 12 0.015163436
81 0 22 26 0.015152383
7 33 58 82 0.015150397
557 47 57 79 0.015149942
0 377 35 63 0.015140522
350 163 16 22 0.015131523
876 147 40 51 0.015124716
180 0 14 10 0.015114075
338 164 20 23 0.015108331
758 144 17 21 0.015102077
423 168 8 10 0.015098614
119 52 11 13 0.015095005
660 234 13 20 0.015089432
988 224 23 27 0.015087762
110 0 23 24 0.015084508
17 124 7 10 0.015077836
810 83 18 26 0.015074992
215 85 12 19 0.015062275
548 82 25 34 0.015056505
309 138 17 28 0.015054234
770 154 20 29 0.015054166
177 65 22 27 0.015049377
667 140 11 17 0.015040738
188 69 19 21 0.0150394915
1021 195 3 12 0.01503889
1016 375 8 21 0.015036345
220 275 16 21 0.015034939
517 196 11 17 0.015034166
682 695 13 15 0.01501573
780 154 11 13 0.015011475
327 116 8 13 0.015001971
750 80 32 43 0.014998646
0 1 24 32 0.014998479
1016 567 8 21 0.014994682
751 115 24 29 0.014980294
198 85 18 24 0.014975721
628 0 12 11 0.014966588
668 128 9 9 0.014964918
0 280 8 16 0.014950834
5 300 17 17 0.014950513
351 153 11 15 0.014948913
631 252 15 17 0.0149481725
349 120 14 19 0.014947704
1019 4 5 17 0.01494531
469 90 34 45 0.014943991
512 0 107 79 0.014943742
546 94 11 12 0.014932031
839 188 21 25 0.014928524
971 122 10 16 0.014899311
755 63 20 27 0.014897459
873 139 8 11 0.014896215
443 92 11 14 0.014894451
1018 90 6 17 0.014892403
893 78 9 10 0.014890135
854 151 38 51 0.014885637
755 150 16 20 0.014879259
84 9 12 19 0.014869319
787 215 12 16 0.014864588
893 89 8 10 0.014861443
48 463 26 38 0.014857903
821 106 17 21 0.014853198
5 75 7 9 0.014847082
617 106 35 38 0.014843944
325 580 44 32 0.014832291
33 532 18 22 0.014818057
1000 0 11 9 0.014817749
35 515 20 22 0.014810544
439 37 16 23 0.0148081
943 105 13 17 0.014807273
114 300 10 12 0.014805637
523 140 24 27 0.014792095
623 147 21 29 0.014791069
646 62 19 30 0.014787309
1021 36 3 13 0.014782164
86 431 44 63 0.0147753395
258 420 23 28 0.01476482
3 4 8 10 0.014762048
594 106 12 16 0.014757008
854 286 13 14 0.014754837
329 157 15 19 0.014752545
968 107 7 13 0.014749329
488 0 265 184 0.014742851
1015 84 9 19 0.014742418
529 127 13 16 0.014736839
279 96 11 14 0.014732746
681 119 18 27 0.014722071
567 3 21 26 0.014720869
211 301 8 10 0.01471791
335 110 17 23 0.014717301
534 77 12 16 0.0147167845
682 134 9 13 0.0147060435
549 133 13 21 0.0147035625
482 108 38 49 0.014702985
0 320 10 21 0.014699839
716 132 28 33 0.014696879
314 113 16 24 0.014693746
1009 230 8 12 0.014682348
248 354 39 50 0.014675204
977 186 10 13 0.014675171
996 117 7 9 0.014668728
30 71 20 22 0.014664479
657 229 21 22 0.01465802
765 55 17 27 0.014657533
893 62 32 45 0.014654329
937 90 14 18 0.01464964
358 97 15 24 0.014648492
56 298 7 9 0.014644999
696 43 13 23 0.014634013
347 118 11 14 0.014631594
1021 186 3 11 0.014619779
715 94 28 37 0.014615926
76 277 20 24 0.01461519
636 249 17 12 0.014610519
54 669 10 11 0.014599592
668 45 18 23 0.014598254
916 81 16 17 0.014597198
26 274 18 26 0.014590008
656 61 10 14 0.014588416
0 608 20 32 0.014584494
983 135 22 28 0.014582469
962 144 10 14 0.014572803
254 363 23 34 0.0145723
21 327 20 25 0.014568067
203 99 7 9 0.014565694
39 513 34 40 0.014529582
328 120 10 12 0.014523733
687 0 23 20 0.01451672
137 296 9 9 0.014506721
127 96 8 9 0.014503261
547 101 12 16 0.014501295
983 201 21 27 0.014491507
877 118 8 11 0.014483569
312 145 27 36 0.014480835
627 98 31 37 0.014479101
94 334 30 33 0.014477212
999 221 11 14 0.014474672
0 651 83 100 0.014474666
116 317 6 10 0.014474406
348 129 12 16 0.0144691905
430 62 12 15 0.014467296
968 0 8 9 0.014460382
888 168 30 41 0.014454018
320 154 8 12 0.014453498
525 98 16 21 0.014450081
927 113 21 26 0.01444458
60 229 9 9 0.0144321285
200 93 13 16 0.014432099
685 40 11 13 0.014429839
745 146 42 51 0.014426688
0 294 12 17 0.01442296
977 157 17 23 0.014419268
396 125 8 10 0.014415489
0 288 9 16 0.014409994
671 142 11 16 0.014406462
1019 24 5 17 0.014405488
794 155 39 49 0.014404939
873 194 27 30 0.014404743
521 146 9 11 0.014399874
634 0 132 105 0.014399077
13 62 9 10 0.0143969655
654 102 8 11 0.014386922
827 588 27 24 0.01438118
664 67 13 18 0.014380622
816 1 34 38 0.014376921
538 84 8 11 0.014375418
23 327 9 11 0.014369595
56 405 43 52 0.014358597
12 13 11 14 0.014352744
670 131 9 10 0.0143504
988 160 9 10 0.014348938
0 159 8 16 0.0143463835
236 298 13 15 0.014344549
1010 124 14 24 0.014344501
972 109 9 13 0.014340781
995 200 9 10 0.014336963
250 424 39 48 0.014331862
923 2 69 89 0.014329769
15 0 302 234 0.014324316
426 205 8 12 0.014321794
904 81 13 17 0.014311354
734 0 8 9 0.0143081425
157 556 41 56 0.014306237
946 115 32 41 0.014302653
466 92 16 19 0.014298251
954 0 19 22 0.014298236
57 0 20 23 0.014292112
655 107 26 33 0.014289628
1022 49 2 11 0.014285759
224 123 7 9 0.014280279
785 306 9 12 0.014266559
926 84 12 17 0.014261673
4 294 23 29 0.01426115
906 305 23 60 0.014250916
490 127 39 48 0.014244577
907 3 22 30 0.014240989
793 98 10 13 0.014240626
654 59 14 21 0.01423534
633 45 11 17 0.014233574
9 520 61 82 0.014222724
204 64 9 11 0.014203441
1003 113 13 17 0.0141990725
207 67 8 10 0.014194171
1018 205 6 17 0.014194077
28 276 10 12 0.014189332
867 125 14 20 0.014180807
89 326 12 15 0.014176247
310 130 16 25 0.014175156
829 110 12 14 0.014173606
32 521 39 58 0.014172389
424 63 14 17 0.014170286
338 176 12 15 0.01416255
1019 104 5 15 0.014154596
621 98 24 27 0.014154239
984 196 16 21 0.014151523
21 304 8 9 0.0141507285
652 1 8 9 0.014150166
984 83 9 9 0.014149955
987 81 15 17 0.0141456425
788 302 20 21 0.01414428
719 7 18 27 0.014144006
0 24 11 20 0.014141293
24 4 11 16 0.014127298
909 91 14 15 0.014126842
337 145 9 11 0.014126218
272 431 41 52 0.01412533
986 1 29 31 0.01412218
993 116 7 11 0.014117994
88 167 25 30 0.014117416
610 269 7 9 0.0141124325
662 180 22 23 0.014102955
26 738 40 13 0.014098451
203 121 12 13 0.014097854
882 121 7 10 0.014095121
81 300 9 10 0.014093954
341 149 15 21 0.014091019
619 270 10 12 0.014089544
525 200 18 17 0.014089402
134 319 7 9 0.014086865
321 141 11 15 0.014084351
355 72 33 45 0.014082905
13 320 7 10 0.014082408
684 34 11 13 0.014081773
418 65 22 26 0.014080929
893 85 14 17 0.014079746
1021 29 3 12 0.014075453
764 60 10 17 0.014070762
193 0 18 15 0.014069559
423 208 10 15 0.014063979
623 117 6 10 0.014061112
337 0 13 9 0.0140601415
998 83 11 14 0.01405574
942 99 16 17 0.014050976
321 163 11 16 0.014046539
743 69 22 29 0.014040648
679 1 18 20 0.0140359
822 29 115 152 0.0140322065
978 131 17 14 0.014029661
777 490 20 22 0.0140284505
66 302 8 10 0.014027258
994 193 19 23 0.014023761
634 111 22 29 0.014022968
890 182 22 33 0.0140219
335 143 7 9 0.014010322
534 95 13 17 0.014008327
1016 643 8 10 0.013998127
848 285 13 13 0.013988515
964 68 14 19 0.013986349
766 166 42 51 0.013982159
658 119 45 56 0.013981163
179 57 15 15 0.0139791025
993 156 9 12 0.013968349
30 286 8 9 0.013965757
312 134 11 14 0.013963283
961 631 9 12 0.013959738
347 142 14 18 0.013958973
145 291 13 15 0.0139556
212 119 22 23 0.013955361
110 323 15 20 0.0139522925
853 114 11 14 0.013940411
410 177 9 12 0.013939459
64 0 141 102 0.013937344
354 110 7 12 0.013931207
802 120 57 84 0.013918382
444 57 10 13 0.01391838
893 170 17 26 0.0139182955
645 237 13 16 0.01391754
948 0 14 12 0.01390954
657 429 8 10 0.013907658
952 82 52 67 0.013906547
337 128 22 26 0.013903845
0 8 13 25 0.013895061
813 369 14 17 0.0138940085
6 124 17 21 0.013888816
1005 505 19 33 0.013888427
261 529 43 68 0.013885315
1019 150 5 15 0.013868184
95 414 49 67 0.013861796
674 43 17 22 0.013856013
220 274 10 12 0.013855674
900 641 124 110 0.013848501
352 115 6 10 0.0138484575
77 602 21 25 0.013847633
10 434 329 317 0.013842226
573 64 28 37 0.0138414
981 150 16 25 0.013841141
892 102 15 21 0.013839263
696 133 46 57 0.013838201
663 43 10 14 0.013835785
979 206 9 11 0.013833736
115 113 9 9 0.013829823
658 63 17 26 0.013826498
146 295 8 9 0.013824452
994 154 7 9 0.013824167
332 21 6 10 0.013822312
653 59 8 11 0.013821993
987 137 9 11 0.013820536
0 311 8 11 0.0138173
908 64 55 70 0.013812159
651 242 17 14 0.013805698
965 127 32 39 0.013802426
0 57 5 9 0.013801817
100 562 26 34 0.013795779
445 168 18 20 0.013794655
786 149 15 17 0.013793131
338 118 8 10 0.013784725
820 130 12 16 0.013773032
64 399 25 39 0.01376896
134 297 18 23 0.013768853
326 121 22 27 0.013768126
773 214 12 18 0.013756884
1004 125 7 10 0.013752474
541 9 30 40 0.013748809
411 173 18 24 0.0137448255
780 253 16 18 0.013743727
438 124 24 30 0.013740978
231 427 23 25 0.013738216
467 134 25 30 0.013731686
128 59 12 14 0.013715077
663 72 17 24 0.013706764
967 136 19 23 0.013706404
102 402 23 37 0.01370626
790 93 10 12 0.013706236
1020 44 4 17 0.013706015
993 141 8 12 0.013705406
405 177 18 21 0.013704986
1021 9 3 12 0.013704944
301 436 21 31 0.013704534
108 607 12 13 0.013697404
689 1 11 11 0.013695096
50 0 8 10 0.013693028
329 144 40 53 0.013690497
106 297 11 14 0.013688266
1009 45 15 15 0.0136867175
890 131 20 24 0.013686626
156 588 23 33 0.013684029
276 519 22 32 0.0136826
395 261 11 15 0.013679357
732 0 10 19 0.013678619
159 27 27 36 0.013677582
884 115 11 17 0.013667736
1020 115 4 14 0.013664595
661 54 9 12 0.013657361
336 0 110 84 0.0136569
1016 187 8 14 0.013651021
801 98 7 10 0.013650484
887 139 36 45 0.01365044
1003 144 13 17 0.013643871
451 138 37 43 0.013641905
0 139 10 18 0.013641562
843 189 13 16 0.013630261
1013 169 11 25 0.0136256
885 5 60 84 0.01362345
459 143 42 50 0.013620107
1007 59 17 28 0.013618316
205 62 7 9 0.013604769
549 4 23 30 0.013600064
235 222 23 33 0.013599797
790 81 10 13 0.013595274
653 179 23 25 0.013592556
618 141 17 21 0.013586617
674 0 10 9 0.013575383
812 200 36 44 0.013570159
828 0 14 9 0.013565571
325 152 12 16 0.013555016
155 40 22 28 0.013552216
1016 197 8 18 0.013549354
228 360 34 42 0.0135456305
554 1 13 23 0.013535787
513 144 8 10 0.01353058
330 124 38 50 0.013530556
132 15 36 48 0.013529914
743 122 20 24 0.013528947
441 94 7 10 0.013527473
556 105 13 18 0.013526545
138 263 11 14 0.013519955
336 171 9 13 0.013518018
10 726 43 25 0.013516238
574 119 31 35 0.013515888
82 714 57 37 0.013514148
821 129 7 9 0.013513495
827 189 20 22 0.013512359
636 180 21 26 0.013502089
2 101 24 28 0.013501112
33 0 13 10 0.013496413
261 6 7 9 0.013495291
457 72 40 57 0.0134928245
155 1 51 52 0.013490348
936 387 87 131 0.0134849185
0 382 19 34 0.013476939
503 143 29 44 0.013476471
1014 505 10 21 0.013472051
1019 11 5 18 0.013471307
790 104 12 13 0.013469682
329 88 54 72 0.01346545
33 276 7 10 0.013463942
242 98 10 12 0.013461716
631 235 22 27 0.013459399
920 659 12 14 0.013458742
546 106 10 13 0.013449726
718 1 45 53 0.013447716
289 436 25 34 0.013444914
787 85 15 19 0.013434851
231 120 8 10 0.013429375
0 19 10 17 0.013428365
133 60 9 10 0.013426266
370 86 36 46 0.01342504
556 142 14 19 0.01342207
772 234 9 14 0.013421568
577 357 19 23 0.013420372
887 135 16 19 0.013417009
929 0 11 9 0.013414988
985 6 13 20 0.013411523
375 108 19 24 0.013409625
519 148 27 34 0.013405422
786 181 22 30 0.013399064
0 207 20 43 0.013393811
532 103 11 13 0.013392805
276 461 16 22 0.013391438
662 0 25 24 0.013389817
364 31 14 15 0.013375811
981 378 43 110 0.013375327
994 165 8 10 0.013374845
342 125 7 9 0.013373608
20 298 8 9 0.01336424
778 151 17 20 0.013359992
1002 421 22 37 0.013350482
680 50 13 14 0.013347873
649 100 11 14 0.013345623
959 101 10 12 0.013341404
795 0 26 23 0.013340551
239 417 19 28 0.013334952
454 137 20 23 0.0133338515
58 222 17 19 0.013330324
239 232 37 50 0.01332863
179 93 13 21 0.013327793
523 108 17 21 0.013326763
443 97 8 10 0.01332665
1020 142 4 10 0.013317046
0 13 5 11 0.013310049
956 71 31 45 0.013307135
80 595 21 25 0.013301945
672 148 11 16 0.013294249
873 61 54 77 0.013287258
407 243 7 10 0.013284942
779 317 12 11 0.013278423
37 6 14 17 0.013274881
523 190 17 19 0.013272609
0 316 6 10 0.013271692
165 434 58 74 0.013267356
867 151 19 22 0.013261707
230 400 16 21 0.013256569
679 46 20 25 0.013255269
379 115 8 10 0.01325486
325 169 10 15 0.013252845
568 79 20 28 0.013242837
748 0 8 9 0.013242062
859 103 39 48 0.013238794
795 57 16 21 0.013237232
563 364 31 33 0.01323673
771 229 22 30 0.013235847
888 94 14 20 0.013235462
65 106 28 27 0.013233712
818 368 11 12 0.013228349
452 124 10 17 0.013219345
183 519 82 108 0.013216752
780 311 10 11 0.013213738
11 306 12 15 0.0132123595
899 196 12 21 0.013210463
105 497 73 96 0.013206538
480 137 22 28 0.013202438
197 219 25 36 0.013201723
1020 109 4 14 0.013199078
433 48 8 10 0.013194241
500 115 30 43 0.013193573
243 490 10 11 0.013192559
920 120 21 23 0.013192457
126 402 24 38 0.013192393
321 198 14 21 0.0131919095
787 232 22 22 0.013179539
413 111 7 10 0.013178108
329 218 14 16 0.013176501
790 75 9 13 0.013173986
864 192 25 28 0.013170226
799 113 15 21 0.013168243
28 19 11 14 0.013167956
411 30 20 23 0.0131651405
56 376 145 164 0.0131624555
979 197 9 12 0.013147685
948 79 19 23 0.013146995
505 84 38 50 0.013142444
907 29 61 86 0.013137202
1021 89 3 11 0.01313251
65 609 15 19 0.01313056
152 284 9 12 0.01312937
140 49 9 11 0.013126651
141 621 13 16 0.013120292
830 130 40 53 0.013118481
633 200 17 16 0.013116046
977 171 10 11 0.013115775
1000 183 11 15 0.013115549
697 4 12 14 0.013115499
27 275 8 10 0.0131137
736 119 12 14 0.013107626
734 33 6 10 0.013105739
86 301 14 14 0.013105257
360 132 11 14 0.01310405
796 97 12 17 0.013103898
554 115 16 21 0.013097177
157 78 17 20 0.013095812
481 120 17 22 0.013095727
675 102 14 16 0.013093163
855 138 11 19 0.013088073
811 78 11 13 0.013083442
42 0 10 9 0.01308213
941 0 16 13 0.013080594
18 7 16 21 0.013078159
1004 441 20 42 0.013072554
241 241 20 21 0.01307047
666 50 13 16 0.013067666
195 432 22 32 0.0130657125
1004 73 20 38 0.013057287
1019 124 5 16 0.013057059
1021 14 3 13 0.013055727
835 333 11 16 0.013052741
233 247 14 13 0.013051845
33 31 13 16 0.013050764
517 197 7 11 0.013045978
1020 3 4 13 0.0130393375
244 94 18 24 0.013038834
247 434 24 33 0.013037975
172 484 341 267 0.013037304
707 0 16 16 0.013032353
13 5 8 11 0.013026855
957 87 19 28 0.013025413
757 166 19 25 0.01302532
13 130 10 13 0.013013528
349 638 28 32 0.013013197
648 90 8 9 0.013005653
0 263 6 16 0.013002853
3 90 33 33 0.012997497
515 0 64 58 0.012991976
553 136 24 30 0.012989895
163 21 6 10 0.012988454
964 23 60 141 0.012983142
995 132 10 12 0.012982566
660 112 13 15 0.0129747
232 267 8 11 0.012974055
60 2 9 13 0.012962868
1002 205 13 15 0.012961479
331 23 5 10 0.012955577
641 119 19 26 0.012954304
899 129 36 44 0.012951734
818 89 13 17 0.012949672
326 138 9 11 0.012945659
540 84 17 22 0.012943324
834 110 11 14 0.0129432
539 41 33 52 0.012937095
71 292 19 22 0.012935344
741 37 8 9 0.012930569
14 304 11 12 0.012925447
785 316 10 12 0.012925044
37 23 13 17 0.012923415
330 0 30 41 0.012922502
176 83 22 26 0.012920895
628 44 10 14 0.012913432
965 10 48 64 0.012912338
264 502 62 79 0.012910288
1018 193 6 13 0.012907881
821 128 21 23 0.012904266
110 319 8 9 0.012903842
652 132 10 14 0.012895308
677 98 21 27 0.012894894
669 149 18 25 0.012884549
921 90 12 15 0.012883189
799 584 32 26 0.012882579
594 108 20 22 0.012881389
101 0 34 39 0.012880224
630 170 22 29 0.012879641
966 148 12 15 0.012876089
997 107 15 21 0.012876077
139 71 20 25 0.01287263
416 56 19 23 0.012863947
123 0 14 9 0.012863528
181 13 28 36 0.012856195
425 41 12 15 0.012854741
1001 233 8 11 0.012852086
667 0 16 14 0.0128449835
750 78 14 17 0.012839563
574 106 27 30 0.012824804
0 699 41 52 0.012824095
679 151 12 22 0.012819263
642 104 25 32 0.012819225
967 4 11 15 0.012817227
896 0 24 25 0.012817114
34 468 38 57 0.012810657
1016 68 8 16 0.01280012
782 176 10 21 0.012799333
0 0 60 84 0.0127888955
995 123 8 11 0.012785481
63 369 19 26 0.01278175
516 0 14 20 0.012780944
73 125 16 20 0.012778809
307 152 9 16 0.012771452
727 124 22 29 0.012770685
855 128 39 51 0.012765017
364 126 13 16 0.012763973
743 164 44 54 0.012758288
139 429 14 18 0.012754235
661 134 14 18 0.012748024
217 0 14 16 0.012747724
346 79 49 66 0.012747271
510 128 20 27 0.012744455
974 144 19 26 0.012737231
618 131 32 39 0.012736679
0 308 11 17 0.012735619
1002 132 11 15 0.012734593
79 305 19 27 0.012730767
775 0 36 40 0.012725291
294 19 65 91 0.0127249565
931 72 13 10 0.012720366
146 82 17 21 0.012719594
960 107 7 12 0.012717803
430 186 11 15 0.0127144065
27 325 7 9 0.012713085
969 103 9 17 0.0127119925
384 161 21 27 0.012710264
54 578 18 21 0.0127098
157 497 42 51 0.012709724
751 91 22 27 0.01270305
451 133 17 21 0.012700246
883 116 9 13 0.012696629
338 30 16 20 0.01269123
0 143 12 25 0.01268934
546 118 8 12 0.012685525
935 71 21 20 0.012684583
534 125 10 16 0.012682734
0 315 9 15 0.012682551
892 310 132 237 0.012674595
118 69 15 24 0.012671297
326 55 58 80 0.01267036
38 302 10 13 0.01267016
425 48 18 22 0.012669932
120 109 24 28 0.012665265
861 141 11 15 0.012661819
347 153 10 13 0.012661759
344 149 10 12 0.012660537
29 90 39 42 0.012658401
506 197 10 12 0.012654977
1014 180 10 19 0.012651898
141 0 19 16 0.012649717
68 326 12 14 0.012649638
253 428 23 31 0.012648755
27 0 34 35 0.012648203
1021 181 3 12 0.012648075
650 53 10 12 0.012646685
677 147 11 18 0.0126441475
316 147 8 10 0.0126412595
692 62 15 22 0.012636244
836 5 25 30 0.012632755
26 130 8 10 0.01262934
574 0 14 10 0.012629192
542 138 23 31 0.012625433
162 320 100 107 0.012625163
639 151 19 26 0.012623225
1015 76 9 15 0.012616436
666 34 19 24 0.012611282
88 279 10 13 0.012610215
372 126 12 13 0.012605826
1000 186 7 10 0.012605742
24 482 40 58 0.012605738
515 57 11 15 0.012603707
600 0 114 80 0.012600648
1019 136 5 12 0.012600447
393 33 15 15 0.0125896325
136 288 9 10 0.012589418
633 722 48 29 0.0125843715
641 88 16 19 0.012583399
995 385 29 70 0.012572783
811 110 33 38 0.012572477
966 128 8 14 0.012571736
1015 427 9 19 0.012571518
161 40 11 13 0.012569505
689 55 16 22 0.012565128
326 197 11 17 0.012563308
937 83 14 18 0.012560545
38 10 17 23 0.012557575
976 237 19 26 0.012555939
986 200 9 11 0.012555186
36 324 11 13 0.012552588
6 316 14 18 0.012552151
973 116 10 14 0.012551939
874 170 39 51 0.012547987
701 78 11 14 0.012546896
502 0 25 28 0.012546842
366 127 19 22 0.012544714
350 182 13 18 0.012544014
553 101 11 17 0.0125436075
79 283 13 15 0.012536581
759 147 28 34 0.012536323
0 61 7 13 0.012535872
979 194 32 41 0.012534794
396 271 7 10 0.012534602
551 85 12 16 0.012527954
965 139 10 13 0.012523219
592 0 12 9 0.0125220455
301 424 43 53 0.012516955
354 175 11 13 0.012509778
770 135 15 17 0.012508444
253 343 54 73 0.012507264
442 121 10 14 0.012505643
119 321 9 11 0.012500135
174 50 22 28 0.012496914
6 314 8 10 0.012490223
781 149 15 14 0.012489703
755 84 23 25 0.012485227
613 119 13 18 0.012484852
223 521 78 99 0.012484703
374 103 13 16 0.012478304
633 253 19 23 0.012477019
940 76 20 21 0.012476634
336 320 7 10 0.012475338
841 17 15 17 0.012474168
118 45 13 17 0.01246809
174 108 21 27 0.012465435
341 31 62 88 0.012464489
915 0 48 53 0.01246295
317 159 19 24 0.012456038
804 173 20 28 0.012453889
949 113 7 11 0.012450831
538 9 47 67 0.012450198
774 141 16 21 0.012446345
0 81 204 398 0.012445651
962 123 10 15 0.012441932
260 412 40 50 0.012431555
1021 21 3 12 0.012430909
147 566 40 53 0.012429165
447 86 22 29 0.012426786
56 607 16 18 0.012411501
721 26 123 150 0.0124084465
357 144 15 19 0.012408383
0 49 26 42 0.0124062225
332 142 7 11 0.012405558
632 103 42 53 0.012404884
372 61 25 30 0.0124044875
738 83 46 62 0.012400425
422 70 14 14 0.012398831
170 22 31 41 0.012398036
324 159 9 10 0.012397702
999 494 25 60 0.012397113
791 62 17 27 0.012391667
966 117 7 12 0.012391164
400 195 22 28 0.012390705
1000 190 11 13 0.012386153
277 404 19 26 0.0123846205
626 0 19 20 0.012383418
543 33 16 18 0.012382746
192 76 31 41 0.012378539
587 99 44 53 0.012374302
677 32 12 13 0.012374157
677 720 47 31 0.012371927
689 145 8 11 0.012366489
0 269 5 9 0.012365482
822 97 11 15 0.012360328
419 27 20 25 0.012358285
622 125 24 28 0.012356825
945 0 20 21 0.012354802
1006 368 18 31 0.012351559
910 423 16 18 0.012339268
0 98 15 21 0.01233729
211 58 8 13 0.012332434
1016 383 8 21 0.0123306345
648 55 17 22 0.012329153
253 248 9 11 0.012328615
905 136 24 29 0.012328307
159 123 23 25 0.012324412
753 124 14 16 0.012323728
721 0 15 17 0.012319934
164 17 13 17 0.01231332
67 0 13 11 0.012310917
640 477 336 274 0.01231057
46 9 10 13 0.012308989
438 57 18 25 0.012308254
118 319 6 10 0.01230612
231 150 10 13 0.01230331
603 105 33 37 0.012302576
630 98 9 12 0.012302279
973 168 18 23 0.012302069
92 597 17 20 0.012298992
138 275 16 23 0.01229499
1014 146 7 9 0.012289352
1000 77 18 20 0.012288685
1005 406 19 34 0.012287128
855 133 9 15 0.012281042
192 295 14 13 0.012277146
770 152 11 14 0.012276913
338 195 11 15 0.01227462
347 135 27 34 0.01227341
874 111 9 9 0.012272378
270 3 12 16 0.012271395
712 0 23 26 0.012268437
630 255 10 12 0.012267852
548 0 22 17 0.012264543
535 10 24 31 0.012264426
139 69 10 13 0.012263531
653 105 16 21 0.012261372
761 175 24 29 0.012261251
780 215 11 17 0.012260139
45 7 8 10 0.01225976
0 231 195 398 0.01225773
252 118 9 10 0.012254409
1 72 11 15 0.012252066
801 123 11 20 0.012251388
830 153 194 380 0.012250379
248 0 9 16 0.012249429
984 0 11 9 0.012248779
399 175 10 13 0.012247713
1015 488 9 24 0.0122472895
181 80 32 41 0.012244458
994 425 20 33 0.012242316
538 89 7 9 0.012236177
398 98 14 16 0.01223092
807 129 15 21 0.01222859
799 81 8 10 0.012224163
260 526 31 41 0.012221186
1007 474 17 42 0.012221121
0 149 17 27 0.012220618
748 85 10 11 0.01221897
69 524 41 61 0.012218167
634 143 20 28 0.0122178225
184 40 22 29 0.012217334
188 458 24 33 0.012217155
637 167 20 27 0.012214712
156 611 37 52 0.012206474
653 96 16 20 0.012205777
428 145 8 15 0.012204669
67 391 38 54 0.012197114
922 62 31 39 0.012193459
996 96 16 22 0.012193433
1004 121 8 11 0.012191456
196 92 13 16 0.012190455
300 647 22 31 0.012189527
133 557 39 53 0.012185144
253 113 11 15 0.012184143
36 612 23 30 0.0121835815
893 182 15 19 0.012183235
439 126 10 12 0.012182132
11 64 17 23 0.012178694
11 121 12 16 0.012176577
740 70 8 10 0.012175108
470 0 67 58 0.012173925
436 46 7 11 0.012170247
423 37 18 23 0.012169526
238 405 34 42 0.01216727
855 119 15 23 0.012160456
353 129 34 44 0.012153611
556 0 67 53 0.012151748
524 112 11 13 0.012146862
980 74 18 21 0.012145575
32 19 12 15 0.01214521
136 321 11 12 0.012137467
272 522 36 51 0.0121364
206 474 76 99 0.012135629
704 195 23 29 0.012133952
992 136 9 10 0.012130168
279 89 20 24 0.01212615
688 86 26 36 0.012121686
865 132 7 10 0.012120618
986 139 13 16 0.012117424
1017 17 7 18 0.012117383
789 108 14 17 0.01211677
895 0 13 12 0.012116735
298 492 37 52 0.0121146925
10 431 15 18 0.01211313
962 150 10 13 0.0121115465
884 128 7 12 0.012110947
20 214 24 33 0.012109478
439 117 16 22 0.01210895
811 118 19 22 0.012108901
933 96 15 15 0.012106803
231 149 15 19 0.012103636
676 49 9 12 0.012103069
651 713 55 38 0.0121026505
838 329 11 15 0.012101567
42 727 41 24 0.012101362
16 50 31 42 0.012097407
87 651 11 13 0.012097333
341 119 10 12 0.012096211
98 306 22 29 0.012095201
12 301 9 10 0.012091402
0 705 18 31 0.012089128
671 185 21 24 0.012084496
640 94 24 31 0.012084349
583 4 21 22 0.012084328
347 590 29 28 0.012083457
938 147 10 16 0.01208079
172 397 15 21 0.012080171
996 234 21 26 0.012078364
862 201 25 28 0.012070447
935 300 9 11 0.01207005
45 1 44 44 0.012069939
952 74 19 22 0.012067173
795 86 11 14 0.012065808
192 0 45 34 0.012062465
12 79 8 9 0.012061508
92 130 27 32 0.01206138
157 30 21 25 0.012061019
9 57 10 12 0.01205924
4 28 19 26 0.0120569
687 117 13 21 0.012052809
175 39 22 29 0.01204813
829 208 42 50 0.01204735
32 0 85 91 0.012039547
568 725 47 26 0.012037863
528 78 19 28 0.012035599
58 526 64 82 0.01203496
675 104 69 86 0.012033492
300 291 21 21 0.012031324
985 237 15 14 0.0120286625
182 4 60 74 0.012028234
109 322 10 12 0.012020993
380 0 69 55 0.012018181
522 115 17 22 0.012007592
911 17 8 12 0.012006866
135 416 19 28 0.012004306
82 11 31 43 0.012001929
1013 12 11 28 0.011997865
283 520 26 34 0.011995193
166 316 21 27 0.011994697
84 304 11 13 0.011993441
26 11 14 18 0.011993337
653 49 10 13 0.011990259
935 26 8 10 0.011979836
602 117 13 15 0.011979008
699 50 8 11 0.011978092
201 439 23 33 0.011976773
529 229 12 14 0.011975356
123 649 12 12 0.0119728735
89 588 38 49 0.011967594
11 13 7 10 0.011966048
719 144 46 54 0.011963578
861 60 7 9 0.011958521
226 23 65 84 0.011956453
623 158 16 21 0.0119552
854 138 7 10 0.011953975
1019 377 5 14 0.011953079
816 284 27 22 0.011951774
535 34 18 25 0.011947295
123 56 19 22 0.011946758
784 261 12 17 0.011944736
1010 0 13 10 0.01193874
276 88 30 40 0.011937764
931 0 15 13 0.0119377
546 726 47 25 0.011936119
981 215 24 30 0.0119312
547 118 43 54 0.011930626
295 0 66 54 0.01192712
546 125 13 17 0.011926936
732 132 21 24 0.011926319
793 72 10 12 0.011925873
984 156 11 14 0.011923688
995 218 21 26 0.011922013
626 0 9 9 0.01191879
1001 212 10 16 0.01191837
840 159 24 30 0.011916407
268 442 23 33 0.011915987
205 296 16 16 0.01191561
338 113 26 32 0.011914674
661 73 10 17 0.011913416
589 725 47 26 0.011913013
5 298 8 9 0.011912501
3 430 21 29 0.011909541
58 24 12 15 0.011901845
840 202 23 29 0.011900265
237 287 9 11 0.011891855
901 413 102 119 0.011890907
1009 587 15 32 0.011885113
0 36 9 18 0.011881337
46 159 70 88 0.011879541
189 27 18 21 0.011878018
1017 512 7 19 0.011876458
1019 168 5 16 0.011876293
486 2 20 27 0.011875244
1005 105 14 20 0.011873684
968 126 8 12 0.01187262
610 100 48 61 0.011870642
596 0 13 10 0.01187057
524 725 46 26 0.011869534
3 325 9 13 0.011863521
768 234 11 19 0.011861483
676 190 13 17 0.011856452
921 133 20 23 0.011856394
352 120 7 10 0.011852612
874 146 17 22 0.011849548
557 11 15 20 0.011844037
859 155 24 28 0.011840626
833 104 12 15 0.011839323
679 26 17 21 0.011835363
1018 731 6 18 0.011834421
620 118 11 15 0.011833705
1022 76 2 10 0.011833127
995 160 7 10 0.011830205
1002 241 12 15 0.011829664
86 558 38 53 0.011828008
776 258 11 14 0.011827613
14 278 8 10 0.011826742
27 77 20 26 0.011826643
995 183 11 12 0.011820867
829 95 15 20 0.011819174
1012 257 12 31 0.011817135
656 73 9 17 0.011814264
414 316 12 17 0.01181272
732 726 45 25 0.011808684
341 145 9 12 0.0118076475
499 116 19 22 0.011805421
164 84 22 27 0.011804961
151 318 12 14 0.011804642
153 513 28 34 0.011798752
138 564 21 24 0.01179585
502 726 47 25 0.011789235
896 166 40 52 0.011788914
123 269 126 136 0.01178208
337 0 19 17 0.011780021
323 23 32 48 0.0117739905
546 93 8 9 0.0117738815
198 548 89 121 0.011773609
443 34 18 24 0.011772349
785 567 42 43 0.011771602
191 39 31 44 0.011769641
862 0 64 71 0.01176956
697 0 23 22 0.011767885
504 304 137 216 0.011766144
997 126 9 11 0.0117630875
767 223 19 33 0.011761589
164 297 7 9 0.011760157
664 111 14 13 0.011759436
767 190 43 55 0.011758169
677 142 10 14 0.011756046
254 301 10 10 0.011755922
115 324 8 15 0.011755348
398 185 19 25 0.011753588
795 113 7 9 0.011751786
756 120 14 15 0.011750154
89 3 16 19 0.011748173
81 323 16 20 0.0117458
0 66 8 14 0.01174538
793 387 10 12 0.011743209
749 89 15 19 0.011742013
701 51 9 14 0.011737822
856 128 15 21 0.01173641
406 273 14 17 0.011736387
646 184 9 12 0.011732335
94 590 15 17 0.011732291
835 333 8 9 0.011728848
915 117 13 16 0.011728502
918 143 40 51 0.0117245745
57 123 9 9 0.011723659
36 625 23 26 0.011722247
371 103 38 47 0.011720982
812 585 39 35 0.011720274
149 320 8 9 0.011720087
730 48 13 20 0.011718027
331 152 12 16 0.011716324
339 152 11 15 0.011710248
381 123 11 12 0.011708969
0 273 7 17 0.011707398
480 726 47 25 0.01170736
938 628 13 12 0.011706781
63 458 18 25 0.011706761
446 146 24 29 0.011706489
373 35 12 17 0.011703493
427 238 11 14 0.01170344
548 40 14 17 0.011703032
38 556 38 53 0.01170244
985 588 39 61 0.011699583
387 35 9 13 0.011699281
994 223 11 13 0.011696518
484 123 12 15 0.011696034
567 567 24 29 0.011695153
312 494 77 106 0.011690073
794 304 22 25 0.011686522
656 432 10 15 0.011683934
433 116 16 21 0.011682955
612 725 47 26 0.011682143
153 291 10 14 0.011680218
342 105 13 18 0.01167627
149 45 32 38 0.011674733
267 417 22 29 0.011674189
297 479 72 98 0.011673222
67 720 47 31 0.0116714025
874 131 8 11 0.011667225
840 0 13 11 0.01166697
314 5 60 86 0.011664623
775 235 8 10 0.01165925
103 602 18 19 0.011659233
431 201 14 16 0.011657566
1019 572 5 17 0.011654333
791 209 12 14 0.011647715
437 168 10 13 0.011646159
140 721 49 30 0.011645995
547 117 12 18 0.011641834
790 70 9 12 0.011639312
142 43 15 17 0.011637701
843 365 181 320 0.011637656
673 0 29 27 0.01163743
798 215 16 24 0.011637321
0 123 13 16 0.011635339
983 59 41 67 0.011633285
669 134 8 11 0.011632689
538 126 15 22 0.011631988
934 0 20 21 0.011629495
193 132 22 23 0.011626779
877 186 21 25 0.011625126
55 117 11 14 0.011624488
818 149 24 32 0.011623762
973 135 13 12 0.011622809
124 298 7 9 0.011622719
37 504 26 33 0.011621736
971 121 7 12 0.0116207935
459 726 46 25 0.011620746
131 576 22 30 0.011620409
151 82 22 26 0.011620144
875 96 25 33 0.011619917
92 297 16 16 0.011614802
557 14 19 27 0.011611716
854 326 10 14 0.0116117075
525 106 11 14 0.011608473
325 203 9 13 0.011607889
115 113 14 13 0.011605236
4 518 40 49 0.011605053
847 88 60 79 0.011604419
1004 207 14 19 0.0116034085
0 586 22 34 0.011600707
962 117 8 11 0.011598822
311 162 8 12 0.011597644
187 82 13 17 0.0115973875
421 76 20 28 0.011596452
681 38 14 19 0.011595535
248 249 9 11 0.011594854
701 104 66 76 0.011590389
486 0 14 13 0.011589581
385 179 15 17 0.0115886945
417 313 9 11 0.011586572
608 137 23 27 0.011583994
972 129 9 11 0.011581783
908 1 7 10 0.011580263
977 193 8 10 0.011578285
92 296 9 11 0.011577101
36 629 14 17 0.011576457
170 550 45 61 0.011574783
1018 692 6 18 0.011574475
402 95 13 15 0.011573609
13 92 41 41 0.011573438
124 2 38 47 0.011568064
90 340 23 26 0.011567006
329 159 8 10 0.011564368
436 67 12 16 0.011560581
0 18 5 12 0.01155471
734 68 12 12 0.0115518635
325 149 24 30 0.011549833
959 120 11 15 0.011547176
393 726 47 25 0.011546795
78 136 26 28 0.011543437
437 726 46 25 0.011543126
528 571 21 27 0.011542721
676 32 17 22 0.011542525
407 2 36 45 0.011542038
688 44 10 12 0.011541691
491 137 23 29 0.011540395
468 27 118 146 0.01153976
793 135 13 26 0.01153727
1015 623 9 27 0.011536067
444 165 8 11 0.011532813
934 62 57 76 0.01153055
214 83 8 13 0.011530515
507 190 11 12 0.011529032
618 724 14 16 0.011528532
316 143 7 9 0.011526487
107 721 50 30 0.01152534
38 307 6 9 0.011524975
851 0 47 49 0.011524939
205 0 69 50 0.011519705
998 135 10 14 0.011519493
534 109 8 10 0.01151863
225 698 21 31 0.011517131
64 383 23 32 0.011516002
515 140 8 10 0.011512941
169 35 57 72 0.01151176
416 264 9 10 0.011511453
756 155 18 23 0.011508582
825 112 17 21 0.011507238
613 724 13 16 0.011506728
284 427 24 34 0.011505987
553 114 7 10 0.011503635
559 132 23 27 0.01150304
595 123 24 27 0.011502174
78 284 35 48 0.011500943
689 31 59 86 0.011499072
829 10 26 33 0.011498928
614 148 23 29 0.011494041
0 613 14 20 0.011493133
749 124 10 14 0.011487863
550 112 8 11 0.011486146
73 612 23 25 0.011485626
239 657 12 14 0.011483988
77 202 22 27 0.011483044
959 0 54 39 0.011482867
361 133 18 23 0.011482668
567 14 18 22 0.011481831
514 242 14 18 0.01148122
85 511 44 56 0.011480987
140 268 21 27 0.011477526
623 724 14 16 0.011476353
1020 77 4 14 0.011475161
30 5 11 15 0.011473677
433 129 33 43 0.011472038
1019 552 5 16 0.011469131
555 98 8 14 0.011468326
415 726 46 25 0.011467945
429 121 13 17 0.011466549
62 220 10 14 0.011464971
420 191 12 19 0.011464461
336 295 6 9 0.011458947
401 41 14 16 0.011455847
1017 422 7 18 0.011455698
421 654 10 13 0.011454048
755 125 21 25 0.011451295
255 304 19 24 0.011450988
607 724 14 16 0.011449363
44 82 25 26 0.011447799
242 217 21 27 0.011447589
31 24 7 9 0.011446304
1018 701 6 18 0.0114462385
281 23 17 22 0.011445937
970 95 13 19 0.011445778
126 570 34 45 0.011443365
658 0 33 39 0.011442604
363 118 35 43 0.011440505
679 40 37 52 0.011439727
932 142 14 21 0.011436916
374 30 11 15 0.011431984
216 536 45 68 0.011431609
917 106 21 26 0.011431346
960 55 24 29 0.011429359
799 119 7 9 0.01142686
28 218 62 84 0.0114244595
971 148 30 39 0.011422755
1016 392 8 18 0.011421028
349 144 42 52 0.011417597
445 94 17 22 0.0114145735
864 149 14 19 0.01141397
15 300 24 28 0.0114112105
190 448 67 93 0.011410523
312 145 13 17 0.0114098815
421 37 12 12 0.011408577
102 355 38 46 0.011408271
738 145 34 41 0.01140644
756 99 26 30 0.01140422
959 27 14 17 0.01140216
313 131 9 10 0.011401608
208 442 23 33 0.011400312
32 13 12 15 0.011400112
922 19 31 49 0.011398864
695 710 49 41 0.011398626
834 0 14 9 0.011397158
30 10 17 22 0.011395793
927 147 22 29 0.011393594
782 155 18 23 0.011392271
523 118 11 14 0.011391822
171 233 21 21 0.011391276
224 442 25 34 0.011390153
602 724 13 16 0.011390034
1010 166 10 16 0.011389176
502 277 10 12 0.011388244
931 21 18 25 0.0113829775
634 124 22 24 0.0113815
90 302 8 10 0.011380135
657 101 17 20 0.011378405
956 103 8 11 0.011377516
444 126 9 11 0.011373966
958 2 19 31 0.0113707315
885 157 12 18 0.011363586
685 131 10 15 0.011363353
536 68 18 23 0.011363078
404 317 10 14 0.011362154
368 85 24 30 0.011361979
283 221 23 29 0.011361158
593 14 9 10 0.011359732
52 217 36 44 0.0113597205
914 1 25 34 0.011358233
423 190 20 26 0.011352465
963 77 16 19 0.01134793
856 250 15 20 0.011346688
808 188 12 18 0.011340422
655 146 45 55 0.011338233
516 121 17 26 0.011337234
911 121 12 20 0.01133704
745 125 41 52 0.011334613
855 152 11 19 0.01133414
372 726 46 25 0.01133389
596 724 14 16 0.011333682
912 23 10 17 0.011333295
7 62 11 12 0.011332981
125 567 11 13 0.011332903
2 190 40 57 0.011331153
204 0 16 16 0.011330512
792 119 16 24 0.011329733
69 565 74 90 0.011329044
763 0 118 140 0.011324651
460 105 18 27 0.011322775
375 494 307 257 0.011322257
1 585 36 59 0.011320275
0 167 21 40 0.011318141
45 622 23 29 0.011315037
938 220 8 10 0.011314841
615 314 8 9 0.011312767
147 323 17 21 0.0113122305
491 0 21 24 0.01131141
629 724 14 16 0.01130585
7 325 7 9 0.011305376
31 54 20 29 0.011302977
298 26 14 15 0.01130165
1008 79 16 22 0.011300557
990 237 15 17 0.011299407
0 283 4 10 0.011297641
281 440 23 34 0.011294233
853 172 38 50 0.011292209
645 45 15 19 0.011291603
76 596 40 51 0.011290424
585 0 15 10 0.011289488
615 47 73 88 0.011285221
11 299 8 9 0.011282754
563 48 34 55 0.011281251
766 139 14 15 0.01128049
320 588 32 30 0.011278899
860 123 17 23 0.011277737
223 389 22 30 0.011277284
523 257 6 9 0.011276965
239 295 12 13 0.011275583
4 39 18 23 0.011274259
663 81 11 15 0.011272019
591 724 14 16 0.011270933
743 277 14 16 0.011269298
153 578 41 62 0.0112684835
958 629 14 18 0.011268388
965 104 7 12 0.011263477
638 39 15 19 0.011262185
490 580 47 65 0.011260105
1009 133 8 11 0.011259219
946 88 17 23 0.011257948
168 264 20 26 0.011257483
623 113 7 10 0.0112572815
843 25 62 88 0.011256308
347 168 7 10 0.011255101
373 40 8 12 0.011252444
4 322 14 18 0.011252033
622 237 7 10 0.011250392
410 192 8 11 0.01124651
1014 229 7 11 0.011245126
49 361 67 88 0.011244299
425 198 11 14 0.0112420125
937 100 13 13 0.01123997
997 153 12 15 0.011239293
968 145 16 19 0.011239026
649 222 33 33 0.011238732
607 121 12 13 0.011232419
147 283 12 15 0.011232318
520 149 12 19 0.011230045
153 64 20 25 0.011229786
84 561 26 33 0.011229188
665 111 20 21 0.011228809
197 138 16 14 0.011223692
169 85 32 40 0.011221083
977 82 47 131 0.0112153385
192 413 16 21 0.011213164
0 133 11 17 0.011211904
585 724 14 16 0.011208864
827 103 15 17 0.011207662
1006 379 18 32 0.011207039
0 624 21 37 0.01120531
664 41 15 19 0.011200666
932 0 53 53 0.011198093
880 140 18 23 0.011192051
995 0 11 11 0.011191571
973 126 12 14 0.01119052
903 125 15 18 0.0111889765
0 369 20 32 0.0111887
59 413 25 31 0.011188021
93 0 26 21 0.011187504
889 150 13 18 0.01118713
763 724 14 16 0.011187032
441 75 9 10 0.011182551
948 217 7 9 0.011181964
988 277 36 55 0.011181039
1016 367 8 20 0.011181025
0 456 38 91 0.011176437
613 128 19 24 0.011173015
654 136 6 10 0.011173012
429 145 5 10 0.011172504
451 585 14 17 0.011171742
993 123 7 11 0.011170248
757 724 14 16 0.01116961
339 175 8 11 0.011169579
917 58 7 10 0.0111693805
977 178 10 15 0.0111648105
123 681 29 28 0.011164504
681 476 36 57 0.011162979
237 211 38 49 0.011162177
678 188 20 29 0.0111607
580 724 14 16 0.011159285
910 11 13 20 0.011159203
968 120 7 12 0.011159003
27 554 11 15 0.011159
887 143 16 18 0.011158874
777 236 13 18 0.011157975
768 724 14 16 0.011155301
673 115 16 21 0.011155257
667 148 11 16 0.011153981
91 423 70 91 0.011153656
3 108 79 106 0.011153332
214 58 12 19 0.011153064
478 26 9 11 0.011150546
727 633 23 29 0.011148795
476 724 14 16 0.011148144
471 724 13 16 0.011145939
536 626 43 55 0.011145531
773 187 16 21 0.011145242
482 724 13 16 0.011144333
111 68 54 65 0.011141512
795 126 15 29 0.011137893
210 12 61 77 0.011137892
76 0 12 11 0.011137256
629 184 14 15 0.011136518
465 724 14 16 0.011135881
487 724 14 16 0.011134084
73 156 31 29 0.011130888
86 7 6 9 0.011130876
393 0 268 268 0.011129954
427 0 66 51 0.01112939
690 490 41 53 0.011127184
752 724 14 16 0.011126354
791 312 21 27 0.01112194
348 723 13 17 0.011121072
263 442 36 48 0.011120014
503 122 18 21 0.011118977
1 279 37 55 0.011118375
460 724 14 16 0.011118196
493 724 13 16 0.01111656
74 422 23 31 0.011114629
954 116 14 19 0.011114445
1018 709 6 18 0.011114427
335 172 19 23 0.011113687
574 724 14 16 0.011112242
545 71 24 34 0.011110661
392 319 8 9 0.011110129
219 500 42 57 0.0111098755
158 25 14 19 0.011109573
638 47 9 12 0.011108797
786 96 15 19 0.011107678
101 460 72 95 0.011106703
469 24 65 88 0.011106486
256 0 90 71 0.011105381
44 529 40 58 0.011104433
91 290 31 40 0.011103442
602 0 66 50 0.011101544
786 301 11 12 0.011099444
122 96 36 45 0.011097769
251 20 63 87 0.011095473
991 175 12 16 0.011094628
537 124 11 14 0.011093923
798 75 9 13 0.011093515
271 407 16 22 0.01109313
746 724 14 16 0.011092709
112 402 66 83 0.011092025
454 724 14 16 0.011091771
498 724 14 16 0.011091463
309 148 11 17 0.011091229
919 342 11 20 0.011090877
577 711 49 40 0.011090871
3 313 8 9 0.011086663
993 95 15 15 0.011084543
788 222 13 20 0.011081593
280 410 23 28 0.011080538
839 341 11 16 0.011078526
651 123 12 18 0.011077313
862 106 22 29 0.011077191
966 4 7 11 0.011077183
957 118 7 10 0.011076946
142 51 12 13 0.011076564
206 45 20 30 0.01107606
578 661 154 90 0.011074422
780 467 18 13 0.011073765
741 724 14 16 0.0110729495
90 284 18 25 0.011070259
161 695 75 56 0.011069537
909 372 89 110 0.011068618
84 8 7 14 0.011066238
736 724 13 16 0.011064278
872 130 8 9 0.011064214
569 724 14 16 0.011063935
973 203 20 27 0.011061417
729 628 7 9 0.011060224
449 724 14 16 0.011058897
44 461 22 31 0.011058685
306 425 26 37 0.011058467
503 724 14 16 0.011058449
53 6 6 10 0.011058272
856 321 7 10 0.011058087
990 511 34 60 0.011055962
770 214 30 42 0.011051128
560 121 14 18 0.011046797
248 0 25 25 0.011043815
1010 77 12 14 0.011041889
74 504 69 86 0.01104026
710 632 21 26 0.0110402
353 723 14 17 0.011040195
903 116 13 17 0.011037526
981 124 15 16 0.0110374
97 151 24 31 0.011036948
332 34 15 20 0.011034939
441 60 7 9 0.011034578
290 417 24 33 0.011034027
184 519 24 33 0.011033625
443 724 14 16 0.011031712
394 530 87 117 0.011030886
685 46 11 14 0.011028875
147 51 12 15 0.0110285375
73 0 22 23 0.011028274
641 241 15 16 0.011027681
633 166 15 23 0.0110273715
430 50 20 27 0.011027366
764 164 13 18 0.0110273035
427 139 9 15 0.011026564
458 569 91 122 0.01102597
531 113 10 13 0.011025289
272 725 48 26 0.01102418
564 724 13 16 0.01102411
856 167 26 32 0.01102359
305 478 41 54 0.0110212825
820 92 22 26 0.011019914
509 724 14 16 0.011018376
730 724 14 16 0.011017329
635 724 13 16 0.011016751
638 550 22 26 0.011015459
763 210 21 26 0.011015396
438 724 14 16 0.01101516
1019 382 5 14 0.011014463
665 97 22 28 0.011014312
157 268 8 10 0.011011362
665 57 13 15 0.011007359
117 55 17 23 0.011005841
1005 699 19 34 0.011005131
329 295 10 11 0.011004877
254 404 23 32 0.011001593
754 726 44 25 0.011000343
432 724 14 16 0.011000305
558 723 14 17 0.0109993825
530 195 15 18 0.010997291
655 132 17 21 0.010996221
38 19 35 51 0.010995182
392 724 13 16 0.010993437
327 167 7 10 0.010993381
677 314 131 221 0.01099243
771 244 8 13 0.010991706
932 268 12 10 0.01099138
359 723 13 17 0.010989266
386 724 14 16 0.010987933
186 54 21 24 0.010987676
430 129 10 15 0.010987363
0 82 57 93 0.010985463
540 86 8 10 0.010985315
473 83 49 61 0.010985209
204 81 14 18 0.010984808
397 724 14 16 0.010984162
36 13 13 16 0.010984123
991 145 9 13 0.010983998
427 724 14 16 0.010982076
887 131 62 78 0.010981995
553 723 13 17 0.010981606
124 120 22 22 0.010981399
514 724 14 16 0.010979894
33 304 7 9 0.01097531
21 502 32 39 0.0109740365
736 75 20 24 0.010973271
664 118 13 19 0.0109731415
402 724 14 16 0.0109679755
1017 678 7 18 0.010966667
381 724 13 16 0.010966389
547 723 14 17 0.010966078
422 724 13 16 0.0109625505
951 723 49 28 0.010959672
1007 227 8 9 0.010959595
936 76 12 13 0.010957995
621 0 31 31 0.010956337
78 195 40 49 0.010955691
408 724 14 16 0.010954345
520 724 14 16 0.010953481
542 723 13 17 0.01095293
195 419 23 31 0.010951797
416 724 14 16 0.010950681
364 723 14 17 0.010946307
536 723 14 17 0.010945867
186 247 39 49 0.010945385
634 5 21 29 0.010945358
173 299 8 10 0.010944978
938 630 22 27 0.010944558
525 723 14 17 0.010943768
531 723 13 17 0.01094325
428 112 16 21 0.0109428605
988 83 9 10 0.010941106
307 439 24 35 0.010940027
217 63 22 29 0.010939318
375 723 14 17 0.010939053
998 180 10 13 0.010938124
610 98 21 26 0.010933124
373 110 8 12 0.010930923
285 222 12 16 0.010928822
580 11 21 28 0.010928817
370 723 13 17 0.010927409
277 358 23 33 0.010926652
670 516 18 24 0.010926123
889 82 12 15 0.010925261
134 36 19 25 0.0109240385
908 74 15 18 0.01092232
1020 599 4 15 0.010922078
352 103 11 17 0.01091933
415 39 20 25 0.010915844
26 24 66 87 0.010913935
358 41 22 26 0.010913901
973 80 17 20 0.01091354
357 150 19 22 0.010912071
612 314 11 15 0.010911233
17 61 7 10 0.010909255
191 18 19 25 0.010907087
857 132 8 10 0.010906142
685 133 6 9 0.01090506
530 144 11 15 0.010904298
683 0 108 86 0.010904006
668 361 44 64 0.010903337
16 69 47 58 0.010902705
422 40 117 140 0.010902679
0 492 7 18 0.010902351
313 121 10 10 0.010898798
326 142 7 9 0.010898076
778 725 46 26 0.010896636
743 43 20 29 0.010896392
777 307 8 10 0.010895249
914 590 15 19 0.010890969
154 418 22 27 0.010890425
333 26 9 12 0.010889863
1017 39 7 18 0.0108881695
966 89 12 16 0.010886697
725 724 13 16 0.010884412
27 126 9 12 0.010882848
10 316 8 9 0.010879617
0 296 7 11 0.010878151
395 163 11 19 0.010875138
135 257 21 28 0.010875119
233 463 66 86 0.010873234
776 5 67 85 0.010870492
383 38 8 11 0.010866987
422 170 10 14 0.010866986
777 314 10 10 0.01086687
86 463 29 36 0.01086677
298 516 41 59 0.010866441
882 689 78 62 0.010866013
780 678 26 32 0.010863937
322 162 8 10 0.01086373
164 97 11 17 0.0108621055
339 0 68 52 0.010861255
1019 101 5 11 0.010860603
967 101 8 13 0.010858677
110 537 42 57 0.010858269
74 130 22 29 0.010858109
310 125 36 48 0.01085728
9 376 66 88 0.010856504
774 723 13 17 0.010853002
194 74 11 11 0.010850961
772 185 27 36 0.010850459
6 422 76 109 0.010848462
669 72 24 27 0.010848269
621 718 13 16 0.010847155
156 132 26 24 0.010846684
555 711 50 40 0.010846167
363 304 145 199 0.010845312
330 104 18 25 0.010844539
212 49 33 44 0.010843217
688 132 6 9 0.010843
677 40 11 13 0.0108425375
393 29 21 24 0.010839214
467 103 21 26 0.01083904
27 268 28 37 0.010836941
538 70 10 13 0.010836086
20 428 21 29 0.010834975
15 313 30 38 0.01082903
31 467 10 12 0.010828759
998 239 8 11 0.01082817
896 139 19 23 0.01082724
4 305 8 10 0.010825334
0 395 19 34 0.0108246915
409 237 8 10 0.0108243
1000 202 11 15 0.010822171
193 446 24 34 0.010820683
58 113 19 22 0.010819042
1019 665 5 17 0.010818367
74 181 64 84 0.010818013
451 120 8 13 0.010817645
198 114 18 20 0.010813161
785 145 23 33 0.0108110905
128 484 12 16 0.010809984
1001 8 17 26 0.010806947
551 115 11 17 0.010806768
711 726 46 25 0.010805186
574 86 66 78 0.010804805
218 69 8 9 0.0108037535
283 204 22 30 0.010803695
439 86 20 27 0.010801656
143 280 13 14 0.010799273
687 698 12 15 0.010798165
584 0 215 145 0.010797566
342 724 14 16 0.010797498
43 292 21 26 0.010795943
79 109 15 17 0.010795144
332 114 12 16 0.0107945595
1007 123 9 11 0.0107943835
626 718 14 16 0.010792919
198 85 9 11 0.010792341
622 87 23 28 0.0107900305
702 58 7 9 0.010789861
916 18 10 16 0.010789823
657 2 10 12 0.010789187
817 208 14 16 0.010787304
639 23 22 24 0.010784626
165 0 13 9 0.010784127
52 596 22 28 0.010783376
192 59 35 44 0.010783206
741 128 13 18 0.010780268
326 21 10 16 0.010777187
0 66 16 26 0.010775975
439 143 43 52 0.010775728
851 113 8 10 0.010775277
649 106 11 15 0.010773613
209 492 39 52 0.010769015
250 254 8 9 0.010768466
693 40 24 39 0.010768188
615 718 14 16 0.01076562
592 121 15 18 0.010765387
756 10 58 79 0.01076386
152 0 24 22 0.010762219
0 577 15 27 0.010761553
581 40 21 26 0.010759724
856 330 6 10 0.010755527
165 533 41 61 0.010753193
414 546 44 64 0.010752701
1006 550 18 36 0.0107522365
809 134 22 27 0.010750875
960 34 11 14 0.010749802
436 31 12 16 0.010747327
412 241 11 12 0.010747119
1013 471 11 19 0.0107464325
54 114 67 83 0.010745484
561 10 53 72 0.010744835
518 201 15 16 0.01074453
309 138 10 14 0.01074337
884 106 14 21 0.010741073
777 403 8 12 0.010739727
793 83 15 21 0.01073912
330 468 84 115 0.010738081
977 209 20 27 0.010737804
43 7 7 9 0.010732204
300 92 31 42 0.010731391
395 118 10 11 0.010730764
53 463 149 193 0.010730652
977 57 36 45 0.010728574
274 402 36 49 0.010727654
446 130 15 19 0.010724727
913 5 7 10 0.010724397
359 138 8 10 0.010721503
624 709 13 17 0.010720467
112 400 44 59 0.0107194185
153 278 8 11 0.010718822
871 110 56 75 0.010718788
113 0 33 33 0.010717363
678 453 39 61 0.010717232
0 522 36 91 0.010716817
304 481 22 31 0.01071617
36 251 35 46 0.010713805
746 88 12 16 0.010712684
162 44 24 28 0.010710103
314 160 12 14 0.010709488
339 149 8 11 0.010709335
645 234 8 12 0.010705939
803 143 33 47 0.010704996
11 305 9 11 0.010704629
897 130 15 17 0.010702549
700 151 85 104 0.010700802
254 325 13 20 0.010700725
427 645 20 28 0.010697752
173 397 21 30 0.01069774
56 735 30 16 0.01069584
661 91 32 44 0.010693714
1020 210 4 11 0.010692445
190 52 14 16 0.0106919715
45 6 18 26 0.010688978
412 682 26 33 0.010688786
107 410 24 36 0.010688164
615 104 21 26 0.010687638
878 133 12 16 0.010687527
395 107 18 16 0.010685637
635 94 12 14 0.010685476
520 567 33 45 0.010680259
795 103 9 10 0.010679902
719 724 13 16 0.010676885
99 678 25 24 0.01067664
207 87 21 30 0.010676497
686 100 16 23 0.010672841
998 198 10 12 0.01067242
406 35 21 24 0.0106721
786 209 44 54 0.010671427
539 0 55 44 0.010669574
770 86 11 15 0.010669275
618 709 13 17 0.010666888
300 416 21 30 0.010664236
14 18 10 12 0.010663958
186 713 46 38 0.010663203
383 65 14 19 0.010662637
531 134 13 18 0.010662371
779 289 13 15 0.0106605245
749 164 21 26 0.010660414
407 206 22 29 0.010659444
872 104 15 20 0.010658744
122 442 15 21 0.010657467
308 505 41 60 0.010657079
448 47 12 14 0.010656568
776 287 28 36 0.010654695
514 134 12 16 0.010653713
610 718 13 16 0.010652404
193 643 24 31 0.010651879
84 621 17 20 0.010650468
194 651 12 16 0.010648926
247 248 16 19 0.0106476275
0 250 5 13 0.010647467
693 71 16 21 0.010647343
216 428 26 35 0.010647299
824 148 29 38 0.0106454985
283 578 11 14 0.010645487
950 572 73 92 0.010644298
107 604 20 23 0.0106432475
275 7 7 9 0.010642635
434 135 18 25 0.010640989
70 246 22 28 0.010639357
836 0 29 21 0.010639111
333 18 16 18 0.0106383255
236 407 19 28 0.010636922
655 92 11 14 0.010636683
1003 189 7 9 0.010636594
933 106 14 16 0.010635693
511 711 49 40 0.010634782
768 48 32 44 0.010634283
129 0 27 25 0.010632437
850 291 11 12 0.010632209
52 4 19 27 0.010631912
294 32 14 14 0.01063182
41 45 15 19 0.010630942
969 132 6 9 0.010630537
519 200 27 27 0.010629088
852 315 40 57 0.010628738
121 43 13 13 0.010628202
31 538 22 30 0.010627526
330 44 116 137 0.010624829
105 611 18 26 0.01062464
75 388 66 80 0.010624461
524 144 9 11 0.010624058
27 9 10 13 0.010623459
49 132 11 16 0.010621755
855 98 9 9 0.010619786
855 327 7 10 0.010619556
948 109 8 11 0.010619424
326 555 44 48 0.010618477
815 479 78 101 0.010618388
218 576 45 67 0.010618107
48 298 12 13 0.010615988
761 0 36 33 0.010615326
142 278 8 10 0.010614511
642 185 22 24 0.010611793
2 135 19 27 0.010611484
1006 614 18 39 0.0106110955
159 52 13 15 0.010611006
875 511 23 28 0.010610403
90 586 77 93 0.01060986
640 723 13 17 0.010607632
26 21 17 22 0.010606844
779 211 8 16 0.010604133
965 693 23 32 0.010603918
775 207 9 15 0.010601852
831 94 10 13 0.010600557
288 232 36 49 0.010600328
41 265 321 389 0.010599073
24 378 22 27 0.010598368
186 426 23 34 0.010597285
812 200 16 19 0.010596272
801 127 15 26 0.010593655
863 722 48 29 0.0105933035
958 453 66 130 0.01059261
855 321 16 20 0.010592582
120 632 41 54 0.010592359
476 647 14 18 0.010592147
644 103 12 16 0.010592008
132 56 10 11 0.010591909
2 67 11 15 0.01059135
855 334 7 10 0.010590843
12 178 41 55 0.010587432
533 711 49 40 0.010586481
785 668 84 83 0.010585728
144 61 13 15 0.010583973
528 120 11 15 0.010583899
358 438 23 31 0.010583349
0 490 19 32 0.0105805015
138 341 77 95 0.010580497
961 96 11 14 0.010580207
1020 695 4 12 0.010578864
285 0 22 20 0.010578437
555 128 16 17 0.010577846
971 153 15 14 0.010577754
634 165 7 10 0.010576969
182 457 16 24 0.010576074
478 179 28 32 0.010575201
747 38 34 50 0.010574542
563 110 52 64 0.010574245
71 606 20 23 0.01057382
448 85 15 18 0.0105736265
604 718 14 16 0.010573275
130 481 75 97 0.010570448
909 410 22 30 0.0105699
920 27 88 126 0.010569029
632 718 13 16 0.01056893
405 164 22 27 0.010568256
508 139 12 17 0.010567626
144 70 33 36 0.010566268
10 471 22 32 0.010563772
494 6 60 80 0.010561593
114 607 22 27 0.010561023
351 726 45 25 0.010560388
368 38 13 17 0.010558851
234 407 12 17 0.010558527
357 0 19 21 0.010558467
62 1 33 35 0.010558421
140 662 25 30 0.010557594
6 121 9 9 0.010557376
489 711 50 40 0.010557104
662 60 32 46 0.010557001
987 77 13 14 0.010555784
86 294 7 10 0.010554253
89 327 7 10 0.010549023
999 193 8 11 0.01054718
0 106 12 16 0.010547004
698 61 9 12 0.010546081
993 164 12 14 0.010545991
788 261 12 20 0.010543141
101 468 21 28 0.010540315
1008 22 16 29 0.010539564
768 510 7 9 0.010536732
141 108 74 94 0.010535321
415 548 91 123 0.010535163
674 129 7 10 0.010535081
294 412 63 81 0.010535058
513 167 13 18 0.010533929
221 283 13 16 0.0105333915
918 26 21 34 0.010533049
1017 685 7 18 0.010532681
517 634 14 16 0.010532488
384 32 17 20 0.0105321705
163 74 22 26 0.010531344
243 441 42 52 0.010530024
178 298 10 11 0.010529069
629 709 13 17 0.010527666
228 436 65 82 0.010526387
152 260 11 14 0.010526207
989 212 11 14 0.010524915
599 718 14 16 0.010524448
159 303 11 15 0.010522611
510 579 47 65 0.010518905
450 0 35 30 0.010518552
91 313 22 28 0.010518288
98 122 32 35 0.010515737
633 245 16 15 0.010515721
790 261 7 13 0.010514773
354 0 13 13 0.010513095
311 106 35 46 0.010511279
141 272 8 11 0.010509572
38 68 23 23 0.010509104
198 558 45 64 0.010508307
785 296 32 39 0.010507653
322 706 22 30 0.010506316
358 125 10 12 0.010505817
975 141 14 17 0.01050565
166 510 16 20 0.010503228
25 55 70 88 0.010501534
416 488 86 119 0.0105000185
450 581 23 28 0.010499513
676 157 12 18 0.010498672
481 64 11 14 0.010498336
442 169 12 14 0.010496447
613 709 13 17 0.010495174
924 688 80 63 0.010494061
285 526 42 61 0.010493856
760 718 14 16 0.010493608
899 89 13 15 0.010492905
255 268 22 31 0.010492647
945 93 39 53 0.010491151
1018 498 6 21 0.010490323
611 648 13 12 0.010487743
733 68 8 10 0.010485955
861 0 13 13 0.010484089
753 106 35 42 0.01048298
677 92 30 42 0.010480052
656 230 10 14 0.010479305
992 162 7 10 0.010477626
56 577 25 33 0.010476085
129 550 24 29 0.01047517
397 218 17 21 0.010474234
594 718 13 16 0.010473825
127 66 20 26 0.0104733
857 121 7 9 0.010472294
547 600 42 55 0.0104707265
766 718 13 16 0.010470491
299 75 60 76 0.010469809
525 95 11 17 0.010467305
964 31 11 12 0.010467097
497 2 35 47 0.010466495
1010 394 14 30 0.010465283
474 140 34 42 0.010463731
800 88 16 22 0.010462278
140 618 20 23 0.010461698
500 129 16 22 0.010461245
804 116 15 19 0.010460127
355 167 15 19 0.010459386
950 659 9 13 0.010457083
96 162 27 31 0.010455321
69 609 37 47 0.010454433
911 39 12 18 0.010454409
467 535 12 13 0.010451716
94 284 8 12 0.010450622
395 96 13 14 0.010450406
85 370 26 32 0.010449339
615 730 14 15 0.010449311
978 242 23 30 0.010448835
755 718 13 16 0.010448238
980 255 13 15 0.010446432
623 91 63 79 0.0104426285
53 606 24 28 0.010442333
818 92 62 85 0.01044125
610 730 14 16 0.010440057
215 70 12 15 0.01043992
681 107 13 18 0.0104390355
618 691 82 60 0.010436605
270 151 19 25 0.010434851
929 723 48 28 0.010434001
384 73 15 17 0.010433985
116 697 76 54 0.010432689
621 730 13 15 0.010431891
746 122 11 13 0.010430766
762 72 21 30 0.010429377
604 730 14 16 0.010429334
676 57 13 18 0.01042922
3 328 12 18 0.010428112
25 304 7 10 0.010426939
513 107 22 27 0.010426158
148 52 18 23 0.010421587
0 23 5 13 0.010421032
92 558 27 32 0.010420692
675 712 25 36 0.010420486
869 346 15 22 0.010419011
599 730 14 15 0.010417041
554 111 11 15 0.01041663
1005 188 11 12 0.010416086
272 184 25 33 0.010414984
1019 250 5 19 0.0104137175
588 718 14 16 0.010413664
558 618 22 24 0.0104136355
962 5 11 15 0.010412894
771 299 20 24 0.010412332
749 718 14 16 0.010411336
225 356 24 33 0.010409459
335 98 19 25 0.010409236
850 145 12 18 0.010409108
85 209 13 20 0.010409023
678 350 49 67 0.0104088215
172 450 24 33 0.010408261
74 329 13 15 0.010407024
76 563 23 33 0.010406632
28 91 76 91 0.010406488
738 718 14 16 0.010405996
867 130 7 9 0.010405539
431 50 8 10 0.010403281
90 652 14 15 0.010403233
306 654 21 30 0.010402772
555 94 18 24 0.010402457
1015 435 9 18 0.010400744
744 718 13 16 0.010400722
219 300 11 12 0.010400613
43 741 32 10 0.010399955
70 289 29 37 0.010398731
486 160 20 28 0.010397593
733 718 13 16 0.01039747
593 729 14 16 0.010396969
0 305 117 259 0.010395672
320 204 11 14 0.010394971
251 726 48 25 0.0103949355
376 554 82 111 0.010394884
188 72 13 13 0.01039484
165 398 67 86 0.010392593
1020 198 4 15 0.010391474
127 646 25 29 0.010389685
872 147 7 12 0.010388736
1018 522 6 17 0.010388109
200 209 27 34 0.010388098
393 466 85 117 0.010387344
23 409 55 75 0.010386746
1018 416 6 17 0.010386336
445 440 36 43 0.010386166
155 553 83 111 0.010385946
168 402 15 20 0.010382365
714 724 13 16 0.010381735
184 412 21 28 0.010380887
479 718 13 16 0.010378726
5 309 12 15 0.010377154
222 52 36 47 0.010377012
28 299 10 13 0.010376682
473 718 14 16 0.010376358
0 77 9 14 0.0103759235
484 718 14 16 0.010374806
831 720 46 31 0.010373674
159 290 9 13 0.0103712035
794 121 30 38 0.010370318
342 175 12 17 0.010370042
815 76 26 34 0.010369439
642 55 7 11 0.010368633
131 86 22 27 0.010367443
468 718 14 16 0.010365728
588 729 14 16 0.01036518
0 513 26 42 0.010362275
405 154 21 26 0.010360204
885 723 45 28 0.01036005
189 496 24 31 0.010360024
490 718 13 16 0.010358306
428 196 21 27 0.010356191
69 552 41 58 0.010356156
771 717 14 17 0.010355796
686 40 15 21 0.010355179
408 241 17 21 0.010354665
1020 736 4 13 0.010354174
261 430 22 33 0.0103536025
70 445 52 63 0.010352581
445 212 14 19 0.010352272
161 207 22 30 0.0103492765
583 718 13 16 0.01034798
1018 717 6 18 0.010347579
626 730 14 15 0.010347333
852 592 42 59 0.010345861
880 0 15 13 0.010345804
345 729 14 16 0.010345318
238 247 17 15 0.010343736
347 138 10 12 0.010343391
463 718 13 16 0.010342358
14 65 10 16 0.010341998
420 203 9 10 0.010339744
309 132 10 13 0.010338995
275 660 12 13 0.010338375
128 597 20 28 0.010337413
399 157 11 15 0.010336902
1018 398 6 16 0.010336877
1014 636 10 21 0.010336652
607 709 13 17 0.0103359325
173 498 43 53 0.010334974
216 217 58 74 0.010333702
583 729 13 16 0.01033304
480 18 7 10 0.010332424
29 335 9 13 0.010332267
656 430 16 21 0.010331205
730 0 67 51 0.010330206
496 658 155 93 0.010330202
643 1 12 13 0.010329917
202 452 22 35 0.010329022
27 58 14 22 0.010328298
0 181 28 50 0.0103274435
140 644 15 18 0.01032683
767 149 18 22 0.010324302
384 29 9 11 0.010324265
495 718 14 16 0.010324227
345 717 13 17 0.010323751
426 131 10 14 0.0103228735
14 94 10 10 0.010321623
366 113 9 12 0.010319648
131 318 8 9 0.01031763
305 700 21 29 0.010316556
138 327 10 13 0.010315078
685 498 27 37 0.010313738
442 99 13 16 0.010312731
68 613 17 22 0.010310555
920 70 18 16 0.010310247
1020 147 4 12 0.010310009
780 210 32 41 0.010309311
653 96 10 12 0.010308688
850 152 12 17 0.010306762
457 718 14 16 0.010306018
351 729 13 16 0.010304312
728 718 13 16 0.010303913
577 729 14 16 0.010301077
996 68 19 23 0.010300456
52 698 72 53 0.010299555
624 142 17 23 0.010297915
652 77 12 18 0.010295658
481 25 14 20 0.010295576
210 563 23 30 0.010295499
249 93 11 13 0.010294397
0 337 4 12 0.010292891
0 547 52 88 0.010292369
682 697 8 10 0.010292362
760 729 14 16 0.010290151
687 150 15 22 0.010289862
970 153 8 9 0.010289321
774 534 45 63 0.01028928
160 46 11 12 0.010288694
208 313 9 13 0.010287997
1003 141 8 12 0.010286674
25 132 10 13 0.010286169
427 65 15 19 0.010285603
627 704 12 16 0.010285133
685 68 19 26 0.010282343
577 718 14 16 0.010281628
766 729 13 16 0.010280654
893 151 22 26 0.010280104
939 104 13 15 0.0102795325
1021 176 3 13 0.01027889
351 717 13 17 0.010277518
501 718 13 16 0.010277353
753 358 15 18 0.010277139
32 603 21 29 0.010276199
473 729 14 16 0.010274092
479 729 13 16 0.010272336
468 729 14 16 0.010271191
572 729 13 16 0.010270542
85 610 21 24 0.010270538
439 107 18 25 0.010270455
997 464 21 30 0.010270306
1001 257 20 26 0.010269878
790 128 38 52 0.010269803
441 31 12 17 0.0102684265
755 729 13 16 0.010267651
628 118 32 38 0.010266952
91 602 21 24 0.010266328
1019 429 5 13 0.010266162
1021 42 3 12 0.010266067
484 729 14 16 0.010265666
133 283 29 38 0.010265326
462 729 14 16 0.010265134
937 0 14 10 0.0102650095
832 57 13 16 0.010264575
425 167 10 13 0.010264549
277 0 57 42 0.010264336
602 709 13 17 0.010263771
723 32 10 13 0.01026329
413 58 13 12 0.0102627585
782 644 9 12 0.010262422
452 718 13 16 0.010260354
582 71 30 37 0.010260194
438 123 9 11 0.010260049
907 204 16 17 0.010259846
854 611 13 16 0.0102595845
985 130 9 9 0.010259142
989 106 11 15 0.010257585
637 717 13 17 0.010257267
457 729 14 16 0.010257011
1018 617 6 14 0.010256466
477 130 16 20 0.010255658
490 729 13 16 0.010254917
349 115 7 10 0.010254877
596 709 14 17 0.010254097
136 435 37 52 0.010253645
781 102 11 14 0.010250922
168 577 25 34 0.010250662
874 173 24 31 0.010246546
296 725 44 26 0.010245863
452 729 13 16 0.010245599
1012 514 12 25 0.010244649
952 109 8 11 0.010243946
290 89 18 23 0.010243842
212 70 8 12 0.01024334
971 146 42 62 0.010241502
495 729 14 16 0.010241126
273 99 7 9 0.0102397455
749 735 32 16 0.010239597
566 729 14 16 0.010238655
739 0 26 26 0.010234345
54 298 13 17 0.0102334935
591 709 13 17 0.010232517
535 0 24 24 0.010231528
651 79 18 24 0.010231485
18 14 18 23 0.010231121
438 98 10 12 0.010230921
749 729 14 16 0.010230571
1 122 29 42 0.01023051
37 44 34 44 0.010229456
684 54 13 15 0.010229299
446 729 14 16 0.010229281
301 291 11 12 0.010227813
286 89 32 42 0.010226025
784 289 16 16 0.010225893
484 173 24 29 0.010225688
506 718 14 16 0.010225338
501 729 13 16 0.010224367
998 216 10 14 0.010223897
1020 96 4 11 0.010223015
1020 701 4 12 0.010222629
752 0 25 23 0.010221704
883 395 16 14 0.010219865
446 718 14 16 0.0102192955
797 149 22 29 0.010219032
356 729 14 16 0.010218684
572 718 13 16 0.010218044
190 452 18 23 0.010216635
130 662 26 31 0.010216503
850 288 17 22 0.010216383
640 51 19 23 0.010215746
175 344 40 54 0.0102138
68 416 24 30 0.010213331
1001 230 7 10 0.010213188
46 582 17 21 0.010212592
915 123 13 17 0.010211675
140 679 73 72 0.010211068
441 729 13 16 0.01021064
307 487 25 32 0.010210172
707 455 22 29 0.010210096
118 130 73 93 0.010209759
861 320 10 11 0.010209609
39 690 25 30 0.010208042
257 262 18 23 0.010207591
561 729 13 16 0.010206234
988 466 36 77 0.010204073
280 651 145 100 0.010203328
354 603 82 107 0.010203315
251 2 13 16 0.010202507
992 201 9 10 0.010201804
389 718 13 16 0.010201046
506 729 14 16 0.010200767
459 2 45 53 0.010200634
0 506 19 30 0.010200082
968 138 12 13 0.010199874
347 170 16 20 0.010199472
476 709 14 17 0.010198393
4 172 36 47 0.010198371
408 654 150 97 0.010198278
0 691 18 34 0.010198142
698 32 12 15 0.010197223
830 106 40 50 0.010197031
1020 706 4 13 0.01019676
383 718 14 16 0.010196405
512 624 44 57 0.010195621
583 0 57 41 0.010194859
744 729 13 16 0.010194206
851 109 12 14 0.010193562
484 11 16 22 0.010193251
441 718 13 16 0.010193081
167 121 22 23 0.0101928115
471 709 13 17 0.01019209
268 464 65 86 0.010192042
65 213 43 53 0.010192011
657 652 23 27 0.0101918215
560 550 36 48 0.010191558
771 729 14 16 0.010191278
140 472 161 201 0.010191177
435 729 14 16 0.010190993
356 441 17 21 0.010189136
632 3 17 20 0.010188855
779 723 14 17 0.010188316
515 175 10 13 0.010188095
1001 172 18 24 0.010186722
1 356 35 49 0.010186307
377 117 18 22 0.010185807
648 3 15 18 0.010185561
394 718 14 16 0.01018471
45 14 10 15 0.010183477
363 474 42 57 0.010182965
19 0 49 53 0.010181531
514 162 21 27 0.010181443
719 712 49 39 0.010181226
939 155 11 14 0.01017929
498 106 21 25 0.010178941
435 718 14 16 0.010178592
135 585 22 31 0.010177922
482 709 13 17 0.01017723
28 35 33 45 0.010177024
145 296 13 16 0.010176628
555 729 14 16 0.010176435
283 626 45 59 0.010176146
655 44 11 13 0.010176142
585 709 14 17 0.01017592
333 637 42 53 0.010174945
825 0 48 48 0.010174917
19 126 14 17 0.010174851
784 119 20 26 0.010174703
512 729 13 16 0.010172563
141 141 47 60 0.010172358
512 718 13 16 0.010172121
480 0 13 12 0.010171775
3 149 24 31 0.010171563
621 704 13 16 0.010171442
345 119 8 9 0.010171335
430 729 13 16 0.0101708295
177 380 13 18 0.010169673
675 142 28 36 0.010169556
855 160 16 21 0.0101680225
632 729 13 16 0.010168007
764 188 23 30 0.010167712
378 718 13 16 0.010167147
722 718 13 16 0.0101669105
566 718 14 16 0.01016632
276 210 41 51 0.010165487
356 717 13 17 0.010165476
780 158 12 17 0.010165206
0 108 17 23 0.010165145
317 514 44 63 0.010164886
465 709 14 17 0.010164253
232 366 22 30 0.010164078
635 712 13 16 0.010164003
832 77 11 13 0.010163874
235 215 21 22 0.0101638725
1000 134 6 9 0.010163856
307 146 9 14 0.010162936
361 729 14 16 0.010162713
383 190 15 17 0.01016266
644 247 13 13 0.010161526
430 718 13 16 0.010161371
705 695 78 56 0.010160826
201 69 12 15 0.010160061
400 718 13 16 0.010159335
738 730 14 15 0.010158648
675 657 142 94 0.010157395
738 0 8 9 0.0101548
26 58 32 40 0.010154753
159 453 70 95 0.010154627
550 729 13 16 0.010154545
972 225 16 22 0.01015367
297 520 72 99 0.010153111
483 123 9 11 0.010152774
632 704 13 16 0.010152149
424 729 14 16 0.0101514915
19 72 22 27 0.010150766
929 4 22 31 0.010149179
517 729 14 16 0.010149101
827 131 24 28 0.010147892
174 293 14 15 0.010147465
551 45 34 52 0.010147219
381 493 22 32 0.010146343
86 307 11 13 0.010145245
6 55 9 10 0.010144664
488 214 14 16 0.010144419
96 297 9 10 0.010144285
158 55 20 27 0.010143803
424 718 14 16 0.010143427
976 107 15 18 0.010143406
0 73 5 12 0.01014065
584 43 15 17 0.010140168
561 717 13 17 0.010139703
818 28 64 87 0.010139661
405 718 14 16 0.010138875
544 729 14 16 0.010138824
53 651 150 100 0.010138556
225 267 17 21 0.010137834
0 444 13 23 0.010136108
487 709 13 17 0.010135866
328 21 13 18 0.010135585
419 729 13 16 0.010135381
522 729 14 16 0.010134446
555 717 14 17 0.010134185
550 717 13 17 0.010134074
91 229 25 32 0.01013251
545 717 13 17 0.0101313405
419 718 13 16 0.010130301
539 729 14 16 0.010129813
524 614 43 58 0.0101287905
528 729 14 16 0.010128481
411 718 13 16 0.010127978
533 729 14 16 0.010126978
334 549 23 31 0.010126103
777 123 23 30 0.010125605
517 718 14 16 0.010125167
413 729 14 16 0.0101246545
539 717 13 17 0.010124418
887 111 8 12 0.010124224
201 119 19 20 0.0101241525
372 718 14 16 0.010124058
394 729 14 16 0.010120247
367 729 14 16 0.010120085
400 729 13 16 0.010119976
405 729 14 16 0.010119253
357 159 12 16 0.010119163
444 144 13 19 0.010117672
733 730 13 15 0.01011767
389 729 13 16 0.010116723
420 319 9 13 0.010116481
299 502 14 20 0.010116023
92 286 10 17 0.0101158675
781 46 35 46 0.010115838
205 692 78 59 0.01011484
420 75 12 13 0.01011479
27 28 18 23 0.010114314
812 177 15 20 0.010113559
997 203 10 11 0.010113341
574 692 83 59 0.010113097
460 709 13 17 0.010112372
435 534 47 68 0.010111589
534 717 13 17 0.010111462
378 127 12 13 0.010110331
581 372 19 23 0.010110054
401 222 8 9 0.01010819
1018 584 6 21 0.010107917
383 729 14 16 0.010107884
362 63 20 26 0.010107812
30 510 20 21 0.010107069
471 535 7 10 0.010106051
529 90 8 12 0.010105808
763 709 13 17 0.010104335
493 709 13 17 0.010102287
696 25 17 21 0.0101021305
164 722 50 29 0.010101818
362 718 13 16 0.010100959
657 0 86 70 0.010100419
267 522 75 98 0.010100183
110 566 24 29 0.010099629
859 115 16 22 0.010099301
523 718 13 16 0.010099143
691 55 7 9 0.010098513
528 718 14 16 0.010097976
580 709 13 17 0.010097873
405 0 10 21 0.010097852
85 283 12 16 0.010097639
34 82 26 29 0.010096926
378 729 13 16 0.010096663
372 729 14 16 0.010096115
340 718 13 16 0.010095821
281 213 18 25 0.010095009
996 55 23 28 0.010093772
954 694 24 31 0.010092149
367 718 13 16 0.010091346
233 300 17 22 0.01009126
24 564 41 53 0.010089492
450 82 11 11 0.010089172
389 99 19 24 0.010089148
879 77 10 13 0.0100883525
136 74 11 16 0.0100875385
462 100 15 21 0.010086752
241 385 47 65 0.0100862
881 145 143 213 0.010084898
495 126 17 21 0.01008453
0 183 65 103 0.010083622
909 91 58 75 0.010083253
17 57 8 10 0.010083142
165 65 20 25 0.010081561
943 84 14 16 0.010079501
0 17 25 60 0.010078862
758 709 13 17 0.010077606
307 116 23 30 0.010076669
639 89 12 13 0.010075841
519 119 11 14 0.0100751445
0 40 5 14 0.01007512
280 291 13 13 0.010073454
927 3 11 16 0.010073331
644 281 119 241 0.010073161
877 144 12 16 0.010070637
312 451 79 107 0.010070478
343 168 8 10 0.010069858
120 58 11 14 0.010069051
646 723 13 17 0.010067746
8 104 14 18 0.010066913
845 154 22 25 0.010066899
619 0 17 21 0.01006642
498 709 13 17 0.010063931
796 721 47 30 0.010063927
585 734 33 17 0.0100638075
430 37 12 16 0.010062656
983 253 18 24 0.010060665
558 320 43 63 0.010060365
727 86 22 27 0.010060296
646 82 17 23 0.010058643
998 257 26 57 0.010057255
913 119 32 40 0.010051768
563 735 33 16 0.010051642
54 518 23 29 0.010050135
150 92 11 12 0.010047583
0 101 6 15 0.01004649
102 89 62 79 0.010044562
672 31 12 14 0.010043516
167 364 158 202 0.010043005
915 594 22 29 0.010042633
596 647 23 26 0.01004152
512 156 10 15 0.0100410525
454 709 14 17 0.010040665
487 0 34 40 0.01004054
122 275 15 20 0.010038246
709 723 12 17 0.010037913
727 730 14 15 0.010037334
373 449 83 111 0.010036471
880 76 136 190 0.01003604
338 96 13 16 0.010035595
43 317 27 36 0.010034974
208 450 28 42 0.010034961
421 634 22 27 0.010034709
984 15 10 15 0.010033765
232 489 42 56 0.010033244
761 140 13 14 0.010033005
158 15 20 26 0.0100328205
883 633 23 30 0.010031888
625 99 14 16 0.010030229
213 113 17 19 0.010029628
506 657 18 22 0.010029194
323 96 9 10 0.010027961
186 119 22 25 0.010026616
818 193 65 77 0.010025937
752 712 13 17 0.0100248195
236 578 48 68 0.010024497
59 491 61 80 0.010024492
617 729 10 11 0.010023701
583 189 32 32 0.010022743
11 739 36 12 0.010022562
149 36 23 25 0.010022273
694 0 34 40 0.010021765
623 729 9 11 0.010020726
224 423 20 27 0.010020347
387 1 37 44 0.010020204
693 31 16 24 0.010020143
430 30 59 90 0.010019099
769 712 13 17 0.010017864
899 72 21 28 0.010016979
0 56 40 90 0.010016149
603 9 19 25 0.010015566
815 214 19 24 0.010014534
387 170 14 18 0.010013244
739 709 13 17 0.010012954
940 298 9 12 0.010012367
776 294 13 16 0.010012158
98 155 69 90 0.010011991
792 501 74 99 0.010011537
916 149 24 29 0.01001145
90 179 15 19 0.010011072
425 316 73 109 0.010010768
1011 72 11 12 0.010010172
247 353 24 36 0.010009688
310 706 22 28 0.01000859
744 709 13 17 0.010007928
44 606 40 49 0.010007574
783 313 14 19 0.010007366
836 670 80 81 0.010006053
302 95 19 25 0.010005537
614 117 8 11 0.010004887
612 729 9 11 0.010004761
575 709 13 17 0.010003929
770 154 7 9 0.010003861
822 110 9 11 0.010003816
162 359 77 95 0.010002046