0_Parade_Parade_0_913
916
242 132 210 260 0.85718524
616 209 210 221 0.8274976
35 107 68 99 0.6575678
569 16 73 85 0.19661298
176 72 83 125 0.18232302
860 60 51 64 0.15046574
965 61 44 57 0.14991319
79 52 60 71 0.10690336
659 47 26 57 0.10633476
181 58 142 172 0.10568805
543 54 52 85 0.10532139
765 48 37 44 0.105163574
553 34 70 97 0.09654718
23 78 68 104 0.09326866
12 83 51 77 0.084347725
30 70 106 149 0.079584725
56 61 69 103 0.07131381
99 353 60 104 0.068556376
179 56 215 282 0.06654771
769 210 166 209 0.065109834
154 104 72 102 0.06459661
836 178 20 27 0.06259927
979 70 42 63 0.06225986
466 42 85 114 0.061765928
183 73 59 77 0.059633113
998 93 26 57 0.05632361
767 50 24 31 0.056075197
495 37 34 44 0.055375505
903 170 51 59 0.05435267
1 71 41 80 0.053920668
662 32 42 70 0.052741405
3 110 57 102 0.04964942
639 43 48 74 0.04948802
874 58 35 44 0.04923553
591 32 75 89 0.04772207
544 61 85 121 0.04693615
146 123 49 83 0.04677082
383 51 175 230 0.045804255
521 57 58 93 0.045690525
791 282 11 13 0.045522936
310 104 216 274 0.044817224
847 77 62 87 0.043956038
841 0 122 91 0.043736465
486 36 60 77 0.043608677
955 168 69 96 0.042783152
15 130 66 96 0.042712457
584 25 50 54 0.042304628
945 39 63 73 0.042091664
74 59 137 182 0.04198703
50 20 25 32 0.041950025
874 75 55 66 0.04185719
639 82 237 298 0.041620962
837 27 90 95 0.04151988
485 213 160 205 0.040849738
951 72 63 85 0.0402519
0 149 33 91 0.03978848
827 464 197 218 0.039671756
264 8 214 302 0.039273728
559 10 60 68 0.038981136
619 299 193 230 0.03894216
91 36 63 69 0.03859219
0 0 126 181 0.038580652
827 0 197 176 0.037981138
245 63 143 173 0.037856832
60 22 208 274 0.03752643
666 9 56 82 0.037281975
182 63 49 54 0.0372103
20 105 132 192 0.03667298
581 476 265 206 0.03659102
828 9 77 85 0.036414705
468 278 152 201 0.03637083
172 4 127 174 0.036246892
127 85 114 143 0.03587492
564 66 39 78 0.035755258
64 122 77 99 0.035684038
81 132 151 204 0.03530811
131 132 78 109 0.035299078
841 52 57 64 0.03525917
990 106 34 97 0.035142574
566 43 87 112 0.034975547
475 50 158 217 0.034880184
0 445 141 237 0.034777883
730 224 248 295 0.034400944
485 42 39 53 0.034315817
879 52 28 33 0.03425844
775 40 55 59 0.034250904
674 27 70 92 0.034250174
193 423 69 88 0.03417291
544 56 242 312 0.033945024
596 4 58 64 0.033922665
119 374 59 94 0.03388508
0 61 88 189 0.033768125
760 25 56 68 0.033526193
229 132 123 158 0.0334246
627 12 60 84 0.03327902
0 182 24 62 0.033273377
532 5 77 95 0.033163685
423 0 66 80 0.03296192
876 211 148 216 0.032953884
504 26 49 69 0.032854218
976 0 23 30 0.03261323
157 267 186 221 0.032607213
352 0 250 183 0.032585446
446 85 241 308 0.032526318
181 174 169 200 0.032379426
5 361 72 110 0.032160457
0 0 83 119 0.03190459
907 170 72 83 0.03178401
1013 315 11 45 0.0316202
214 0 209 170 0.031618938
962 482 62 122 0.031145303
24 431 262 251 0.031094154
198 275 253 333 0.031009963
926 180 98 173 0.030893393
435 55 111 156 0.030752694
673 320 218 259 0.030491544
924 473 100 176 0.030009767
93 69 63 76 0.029974557
534 37 49 81 0.029803498
0 192 40 75 0.029628295
1 300 74 127 0.029512584
393 0 171 118 0.029495161
919 98 37 49 0.029314104
74 87 70 88 0.029264083
334 441 272 241 0.029209951
939 65 55 68 0.029207572
58 164 229 289 0.029167883
921 161 44 56 0.029139778
493 30 109 145 0.029058287
202 102 84 101 0.028946498
668 401 255 281 0.028907973
966 126 58 102 0.02888449
197 444 265 238 0.028830389
827 106 76 108 0.028737323
304 0 176 125 0.028703276
898 0 84 74 0.028692437
187 162 100 138 0.028610993
728 251 153 184 0.028535858
400 221 160 201 0.028516814
137 129 130 179 0.028433124
166 409 76 87 0.028266547
0 284 34 63 0.028035402
871 159 67 84 0.028032472
0 71 116 322 0.028010683
57 0 198 154 0.027985223
971 278 53 115 0.027968034
0 174 74 108 0.027936066
4 296 154 228 0.027926167
598 0 242 279 0.02779446
24 57 58 78 0.027739037
754 33 233 295 0.027714401
667 0 258 187 0.027645387
165 4 81 110 0.027611589
798 10 76 79 0.027523272
838 246 186 313 0.027518416
548 348 189 223 0.027477337
993 292 31 84 0.027301569
704 528 185 154 0.027216991
924 83 58 71 0.027193194
187 411 102 141 0.027030732
738 35 61 73 0.02696253
706 0 177 120 0.02676089
68 291 173 218 0.026557917
319 205 159 187 0.026440186
526 283 126 159 0.026327461
460 0 200 140 0.026264403
43 151 65 88 0.026256822
550 0 160 189 0.02610118
142 385 70 87 0.026049195
683 5 46 63 0.026002984
203 60 85 94 0.0259138
0 0 52 73 0.025825458
405 650 78 32 0.02576732
901 64 59 79 0.025654959
945 0 79 63 0.025614768
228 229 157 178 0.025485754
15 460 43 52 0.02547107
0 326 211 322 0.025461124
375 1 88 85 0.025356164
709 277 107 151 0.025238268
795 285 9 10 0.025209684
891 25 74 90 0.025135
637 15 86 109 0.025119083
546 523 195 159 0.025118787
681 145 136 177 0.02509137
794 280 10 12 0.024974523
808 45 44 53 0.024786724
947 603 77 79 0.024722356
39 341 95 116 0.024720188
801 55 74 81 0.024715012
4 405 76 117 0.02462169
830 0 55 56 0.024519315
628 0 175 117 0.024488201
1 196 176 259 0.024469974
306 495 195 187 0.02446167
216 406 88 99 0.024439195
124 478 226 204 0.024425525
1 223 71 111 0.024413789
144 357 184 230 0.024314372
476 16 49 64 0.024300013
0 119 27 81 0.0241645
876 52 148 218 0.024062742
644 52 61 93 0.024052102
793 87 70 79 0.024021009
434 490 238 192 0.023984443
862 9 64 70 0.023712274
563 88 55 79 0.023709133
76 21 56 68 0.02366073
792 366 169 216 0.02364995
34 118 38 67 0.023485258
993 25 31 61 0.023482282
674 62 74 92 0.023411388
810 52 109 141 0.023305226
64 2 100 115 0.023275549
239 256 88 125 0.023265311
0 243 46 71 0.023245828
772 58 68 79 0.023186494
151 616 101 66 0.023055334
0 354 99 238 0.022785807
43 26 119 151 0.022668215
0 335 46 124 0.022659464
706 17 64 82 0.022614308
706 215 130 171 0.02259376
513 399 260 283 0.022552524
470 359 172 217 0.022470495
860 83 35 41 0.022452021
477 54 50 69 0.022437658
392 148 145 200 0.022357797
163 588 141 94 0.022235122
113 114 69 97 0.022205733
34 4 46 55 0.022197418
24 91 30 47 0.022140784
0 587 71 95 0.021953395
725 286 9 9 0.021848474
160 52 44 51 0.021811329
877 84 70 86 0.021807764
881 409 133 187 0.021740425
160 90 54 72 0.021697829
125 178 86 115 0.021666957
441 5 82 99 0.02163914
826 187 63 82 0.021633044
853 124 46 67 0.021522874
144 210 96 120 0.021520065
582 100 93 115 0.02141182
484 2 68 78 0.021305803
73 380 74 90 0.02125975
939 144 70 86 0.021236358
37 6 85 104 0.020922247
224 0 101 111 0.020909006
27 385 52 68 0.02081474
812 69 45 55 0.020745894
126 218 139 173 0.020686967
783 105 57 67 0.020627784
199 58 57 60 0.020573476
121 340 58 93 0.0205166
76 317 84 112 0.0203664
825 170 49 68 0.020227287
337 222 254 301 0.020212105
10 181 47 65 0.02018235
942 0 51 46 0.019988287
163 66 61 76 0.019956322
887 128 68 90 0.01991703
127 87 68 92 0.01991037
878 25 57 65 0.019899094
289 335 214 275 0.019870536
790 279 10 12 0.019852541
64 35 53 65 0.01984663
536 100 94 134 0.019790208
794 0 48 46 0.019782042
928 0 49 36 0.01978143
447 0 40 41 0.019776227
0 258 42 119 0.019775331
385 370 179 222 0.019773114
192 243 101 133 0.019750614
199 68 33 37 0.019724056
0 396 51 84 0.019683372
923 0 101 124 0.019680798
0 101 24 66 0.019614972
910 145 105 141 0.019593293
34 453 37 53 0.019508686
991 1 33 56 0.01944974
3 476 42 60 0.019396113
719 2 76 86 0.019333163
885 543 139 139 0.01923573
884 0 71 56 0.019228218
972 478 51 70 0.01922108
881 74 33 42 0.019189818
971 0 45 45 0.019160764
938 265 86 161 0.019131202
22 105 34 60 0.019088443
933 49 49 60 0.019017512
788 259 87 124 0.018971976
163 456 95 109 0.018965766
0 0 36 45 0.018943224
406 593 144 89 0.018932084
157 434 61 72 0.018882766
834 149 69 98 0.018864388
299 68 113 139 0.018793557
864 140 54 81 0.01877107
857 371 114 150 0.01876065
807 0 58 52 0.018725403
15 328 85 121 0.018632397
335 224 7 9 0.018573292
497 73 79 136 0.018572848
72 266 76 98 0.018548215
264 23 102 126 0.01854538
811 34 31 43 0.01850908
636 0 82 61 0.018479936
585 72 57 74 0.018447332
171 443 69 82 0.018441899
186 143 59 81 0.018413864
823 261 85 119 0.018382303
12 576 143 106 0.018376103
429 216 91 124 0.018361025
252 0 135 96 0.018355163
36 262 81 111 0.018345447
747 122 90 108 0.018318074
746 0 53 58 0.018270234
26 399 107 134 0.018259162
83 60 38 41 0.01822016
771 47 16 22 0.01812249
0 31 46 75 0.018117199
230 71 84 96 0.018082295
88 577 147 105 0.018071434
272 0 93 61 0.018063972
740 180 99 136 0.018062897
1004 306 20 58 0.018031053
596 246 86 131 0.018020742
382 13 112 133 0.018016465
917 50 93 121 0.018009873
43 136 43 65 0.017985424
470 260 103 143 0.017949147
23 194 116 162 0.017933298
909 50 45 57 0.01792267
256 446 14 17 0.017889138
843 176 16 22 0.017875232
911 139 46 64 0.017822511
581 269 181 188 0.01780912
65 165 65 83 0.017790556
215 512 47 63 0.017688947
144 440 138 191 0.017676124
732 60 57 63 0.017665692
189 42 52 63 0.017611621
1014 110 10 38 0.017542975
715 46 43 54 0.017531514
891 187 49 67 0.017522868
730 0 49 44 0.017510934
361 166 96 155 0.017477121
748 67 67 87 0.017468108
249 574 143 108 0.017456248
766 303 87 124 0.017428271
95 263 132 167 0.017415626
565 107 150 193 0.017393498
110 98 58 79 0.01733641
180 0 112 88 0.017259406
515 0 84 59 0.017253647
772 88 55 70 0.01724715
40 179 75 93 0.017234907
882 170 77 105 0.017220143
0 65 20 33 0.017164515
540 351 97 132 0.017118482
648 89 140 185 0.017113963
774 38 32 39 0.01711231
778 51 36 37 0.017106377
441 648 78 34 0.017086754
616 137 137 176 0.017085467
454 92 111 170 0.017044902
190 501 81 91 0.01703827
179 97 50 73 0.01702488
207 397 67 81 0.017021524
226 613 104 69 0.017021272
340 0 90 83 0.017013483
169 397 54 62 0.017005833
666 565 159 117 0.016922483
311 0 94 62 0.016901622
613 278 90 145 0.01685937
567 0 61 51 0.016841365
721 284 10 11 0.016810993
0 311 29 46 0.016753837
130 44 53 65 0.01675121
0 49 31 79 0.016709192
134 303 88 102 0.016705975
817 337 69 86 0.01666201
632 68 48 70 0.01664944
121 0 83 98 0.01657844
606 0 55 43 0.016555954
948 433 76 124 0.016533704
107 19 51 59 0.016514406
152 20 66 82 0.016506115
393 622 100 60 0.016485456
793 288 7 9 0.016456384
431 127 90 128 0.016435029
201 426 144 213 0.016422888
765 142 130 197 0.016417406
35 23 45 61 0.016380068
844 279 140 181 0.01636604
487 586 144 96 0.016359994
1003 0 21 30 0.01633152
1004 125 20 68 0.016273081
67 612 104 70 0.016269777
136 96 44 62 0.016259732
633 0 46 49 0.016249102
1006 666 18 16 0.016231284
349 283 163 186 0.016229318
896 200 81 121 0.016218886
44 509 151 173 0.016217086
393 13 44 60 0.01616437
530 10 51 66 0.016159246
869 480 112 155 0.016144926
527 82 63 112 0.016124913
246 419 53 72 0.016123608
0 315 40 80 0.016106013
563 78 27 49 0.016100042
95 331 108 130 0.016084341
230 436 50 67 0.016065901
880 327 124 154 0.016046962
1018 326 6 28 0.01603892
462 622 101 60 0.016017932
29 247 45 58 0.016002484
135 407 55 74 0.015986046
985 640 39 42 0.015984543
838 75 43 44 0.01598266
339 223 9 9 0.015977973
388 27 58 75 0.015955282
61 227 132 170 0.015944295
718 345 95 99 0.015908957
781 145 80 105 0.015828641
154 158 87 116 0.015792636
591 0 47 39 0.015784005
38 97 40 55 0.01570711
558 295 69 108 0.015694557
971 213 53 131 0.015687829
531 144 146 200 0.015671331
789 283 8 9 0.015667737
615 38 119 148 0.015667701
55 452 38 52 0.015642889
115 57 73 86 0.01563964
914 112 73 100 0.01563302
832 180 29 38 0.015556129
920 358 104 188 0.015547178
964 0 29 26 0.015544225
607 75 54 69 0.015525575
348 223 7 9 0.0154641345
75 176 88 108 0.015460857
0 626 5 13 0.015429549
835 336 97 122 0.015422209
828 181 22 23 0.01539826
830 102 56 68 0.015381246
154 357 83 99 0.015367549
327 578 149 104 0.015363821
982 0 18 18 0.015344615
687 72 52 59 0.015310051
495 234 80 106 0.015125631
766 56 46 56 0.01511956
958 78 44 53 0.015040751
810 563 143 119 0.015040332
141 256 81 107 0.01503352
288 251 113 138 0.015020546
78 413 76 92 0.015010244
948 333 76 126 0.015002698
579 43 43 57 0.014987359
791 96 113 165 0.014979047
814 35 19 25 0.014967869
15 72 36 53 0.014966603
237 389 148 194 0.01496381
907 188 32 44 0.014947693
764 1 57 66 0.01493446
629 102 88 109 0.014914653
308 20 101 120 0.014911383
741 364 96 118 0.014868602
94 157 48 67 0.014867051
458 167 110 159 0.014847085
3 302 27 26 0.01483448
42 419 139 184 0.014824943
797 492 11 10 0.014818524
108 216 79 88 0.014811599
85 2 63 70 0.014809715
0 537 45 119 0.014793304
43 433 62 80 0.014710192
114 333 46 77 0.014698421
35 470 24 32 0.014667754
63 217 76 96 0.014649013
771 59 22 30 0.014632658
497 328 86 134 0.014621797
230 156 67 98 0.014621002
305 609 102 73 0.014608361
549 618 99 64 0.014605832
243 115 80 99 0.014584545
1017 524 7 34 0.014583802
832 375 44 49 0.0145599395
75 528 90 115 0.014542479
756 36 36 45 0.014536804
669 0 53 48 0.014536748
820 370 70 78 0.01452189
8 0 58 45 0.01449468
188 100 36 43 0.014466412
223 306 125 152 0.014454829
389 257 88 131 0.014421406
712 127 91 90 0.014397137
570 272 76 107 0.014397119
1008 36 16 52 0.014382326
16 97 27 47 0.0143677415
74 0 52 57 0.01435944
883 41 31 37 0.0143444035
34 107 28 42 0.0143111115
596 42 45 56 0.014269119
96 246 79 98 0.014250575
129 313 136 169 0.014250347
844 91 108 149 0.014248228
988 317 36 90 0.014221283
1011 84 13 50 0.014214247
342 58 104 132 0.0142100295
239 183 89 160 0.014155121
848 0 49 36 0.0141533185
222 0 73 54 0.014126208
49 8 50 59 0.01409858
714 76 77 85 0.014085894
3 484 69 101 0.0140708145
233 521 92 110 0.013992566
661 607 115 75 0.013991109
671 79 50 63 0.013961809
863 599 102 83 0.013961007
186 516 99 136 0.013909217
42 257 18 25 0.013890055
47 97 51 71 0.013862914
435 292 102 131 0.013862661
350 616 100 66 0.01383824
489 42 28 32 0.013825972
586 617 104 65 0.01378786
18 464 70 88 0.013769335
416 664 42 18 0.013761945
672 105 86 108 0.013746869
801 118 52 67 0.01374277
722 379 143 177 0.01373206
605 26 43 52 0.013721199
155 256 51 68 0.013718675
714 6 47 58 0.01371672
841 217 52 68 0.013709833
61 282 53 67 0.013702194
760 463 156 205 0.013688646
248 393 54 72 0.013685227
742 105 79 84 0.013625396
834 78 26 33 0.013618343
590 177 107 142 0.013598534
908 165 32 44 0.013596972
687 30 40 49 0.013595777
220 357 81 112 0.013592056
1019 0 5 14 0.013548943
812 0 43 25 0.013543185
558 130 102 117 0.013527037
863 186 67 82 0.013519245
833 0 39 26 0.013464692
412 189 89 120 0.013461572
46 387 71 87 0.013453598
97 287 77 112 0.013389204
232 262 62 94 0.013372259
972 70 27 37 0.013370051
51 362 59 77 0.013368159
193 397 53 65 0.013356857
892 175 43 48 0.013331842
796 41 43 47 0.013312536
572 567 92 114 0.013309961
88 386 146 176 0.013299543
246 62 59 72 0.013272484
1002 0 20 15 0.013259131
149 211 57 66 0.013228717
675 428 154 190 0.013181127
431 30 51 70 0.013175112
413 320 168 186 0.013104574
141 443 48 59 0.013062445
63 449 71 83 0.013060852
231 140 53 75 0.013048733
93 66 39 41 0.013046252
452 541 89 103 0.01304006
758 0 35 27 0.013028669
0 428 39 90 0.013018867
391 90 99 138 0.013002542
827 608 99 74 0.012991803
772 227 80 118 0.012982197
742 52 135 165 0.012977375
517 249 78 113 0.012973185
398 497 159 185 0.012959322
552 221 90 128 0.012954901
714 0 47 33 0.012941283
675 56 31 42 0.012923835
151 526 101 132 0.012906075
700 88 55 58 0.012904453
796 408 76 106 0.012896323
811 152 48 67 0.0128555065
83 137 50 63 0.012834681
693 43 129 159 0.012801032
737 611 103 71 0.012798128
0 503 43 67 0.012798084
896 564 68 98 0.012786858
768 332 144 182 0.0127540715
867 253 96 131 0.012745749
64 111 56 67 0.012732087
520 208 78 108 0.012730077
134 449 70 82 0.012701956
268 318 110 119 0.012657453
162 57 24 31 0.0126525
1019 117 5 28 0.01263949
678 45 48 55 0.012635815
815 188 42 64 0.012631019
803 201 77 104 0.01261641
457 39 49 64 0.012615479
812 432 86 116 0.012603893
87 462 150 193 0.012602218
522 139 84 113 0.012573166
190 0 61 58 0.012571198
953 536 71 133 0.012564045
62 486 80 96 0.012522145
303 10 62 77 0.012518246
1016 331 8 34 0.012515486
0 444 24 63 0.012505195
788 137 55 73 0.012496713
785 614 97 68 0.012496216
786 449 9 12 0.012485235
362 312 98 114 0.01245863
226 46 58 67 0.012446123
27 140 34 55 0.012428355
155 42 35 49 0.01242031
909 251 91 124 0.012344368
45 469 72 86 0.0123360045
109 149 58 81 0.012301173
785 178 48 72 0.012269669
0 158 19 63 0.012263434
324 97 121 160 0.012259441
766 562 90 120 0.01224072
453 0 27 21 0.012216657
797 288 7 10 0.012210276
706 421 90 101 0.012208147
841 186 19 24 0.012206184
380 135 101 148 0.01219816
1019 6 5 33 0.012186405
167 0 62 65 0.012170827
453 483 89 106 0.012170302
419 63 85 108 0.012169244
170 301 88 105 0.012164755
1022 0 2 10 0.012157437
647 57 31 49 0.012133846
971 407 53 117 0.012131595
265 384 93 110 0.0121235745
868 0 55 39 0.012099424
833 223 74 109 0.0120939845
0 0 9 11 0.012059714
40 529 86 107 0.012043422
585 99 59 73 0.012041685
495 0 21 16 0.012036874
967 47 35 50 0.0120211765
298 434 137 178 0.012014466
133 69 45 58 0.011981471
840 313 62 84 0.011981268
875 89 33 43 0.011980077
128 269 64 84 0.011975094
927 487 75 103 0.011966832
813 298 10 14 0.011952226
590 12 35 43 0.0119521795
866 54 30 34 0.011939528
594 320 82 127 0.01193285
810 285 6 9 0.011924512
665 58 32 54 0.011908764
0 638 47 44 0.011906276
549 174 93 127 0.01190288
797 0 37 24 0.011892185
972 101 52 64 0.011859169
572 30 36 39 0.011845657
577 343 120 145 0.011836942
804 0 20 16 0.011789686
110 281 50 66 0.011784895
985 0 33 30 0.011780786
0 75 22 44 0.011777638
402 46 66 90 0.011767526
494 544 86 104 0.011763747
798 283 9 10 0.011747302
899 366 84 102 0.011719897
472 655 72 27 0.011694261
440 425 149 182 0.011693554
72 254 56 72 0.011685759
23 65 35 44 0.011685149
690 0 45 37 0.011679943
840 189 13 18 0.011673983
89 222 65 77 0.011661286
800 307 67 95 0.011658842
263 536 92 113 0.011629002
496 479 122 152 0.011620261
874 333 88 105 0.011611384
1000 151 24 68 0.011599332
209 0 59 42 0.011590103
985 452 39 79 0.011567934
705 383 94 94 0.011555314
284 324 24 32 0.011547309
0 630 3 9 0.011546772
549 0 57 44 0.011544924
109 428 60 75 0.011540348
161 220 63 75 0.011530958
665 319 120 122 0.011530532
602 403 85 99 0.011487384
723 288 8 9 0.011472777
133 327 50 68 0.011471464
504 398 98 122 0.011459791
576 87 31 49 0.011434485
153 180 51 72 0.011427242
14 547 86 110 0.011416492
618 32 45 63 0.011408422
60 465 26 35 0.011365925
602 428 155 182 0.011359195
172 475 59 68 0.011353451
414 84 55 61 0.011350941
777 55 18 21 0.011347236
33 264 57 75 0.011346977
673 447 90 97 0.011342284
177 237 80 109 0.011336728
793 163 53 70 0.011306471
868 447 92 129 0.011293813
244 415 82 106 0.011272319
652 0 45 33 0.011263405
462 0 68 57 0.011262478
72 446 49 58 0.01124832
0 308 21 29 0.011240435
34 206 49 63 0.011229737
449 194 78 102 0.011220243
17 509 79 105 0.0112032015
114 644 52 38 0.011196465
625 588 100 94 0.01119389
504 0 59 50 0.0111935865
834 404 106 135 0.01118691
0 644 24 38 0.011160081
208 152 53 75 0.011151312
825 40 25 35 0.011135332
925 195 57 76 0.011132534
53 205 50 60 0.011129366
223 476 91 119 0.011118993
41 27 28 33 0.011113007
459 239 55 75 0.011106161
329 276 114 124 0.011105078
719 0 20 14 0.011103657
755 56 31 36 0.011072051
714 489 84 95 0.011071295
0 314 10 14 0.01106955
910 417 67 97 0.011069015
788 299 53 79 0.011061105
757 271 74 113 0.011059554
765 190 55 64 0.01105851
49 308 69 96 0.011050486
52 219 20 30 0.011044917
996 657 28 25 0.01103746
1020 534 4 24 0.011037253
168 276 54 69 0.011026134
557 457 71 79 0.011012291
827 459 100 120 0.011004964
619 87 68 86 0.010996459
915 445 78 118 0.010994373
209 474 54 73 0.010993828
928 430 41 56 0.010988098
887 42 21 24 0.010968863
0 220 34 77 0.010967089
0 263 21 28 0.010960276
0 357 9 29 0.01095927
0 206 13 37 0.010956473
206 296 78 106 0.010951064
1021 9 3 26 0.010946729
0 555 9 25 0.010943543
223 518 29 38 0.0109023955
494 504 84 101 0.0108917495
857 306 81 106 0.010887811
538 482 81 91 0.010883598
906 219 54 80 0.010879844
441 264 84 102 0.010871433
361 457 98 120 0.010869436
169 185 57 71 0.010868907
0 343 25 67 0.010844551
985 3 17 21 0.010840415
150 369 53 68 0.010833473
116 213 52 60 0.010826707
0 32 22 62 0.010826584
213 453 50 65 0.010826282
847 355 45 55 0.010824888
952 0 30 27 0.010783142
313 547 90 119 0.010775142
488 0 35 25 0.010768194
734 504 86 106 0.01076235
833 190 15 19 0.010757309
0 620 9 21 0.010756523
574 60 40 61 0.010752226
477 100 73 105 0.010728183
477 258 74 87 0.010723616
41 304 47 62 0.010716847
260 299 82 97 0.010709707
566 116 59 80 0.010701172
496 469 85 94 0.010700823
980 11 17 23 0.010697989
249 102 58 75 0.01069286
982 403 42 72 0.010688043
778 391 75 95 0.010684865
983 537 41 90 0.010675309
1017 313 7 33 0.010669717
792 274 11 15 0.010663629
68 460 31 35 0.010661778
43 632 77 50 0.010657879
408 0 62 48 0.0106556285
570 0 22 13 0.010643021
0 0 18 25 0.010637903
728 90 48 55 0.010636862
103 448 75 89 0.010625854
6 297 50 68 0.010616229
901 301 92 120 0.010612535
824 168 32 40 0.010603871
537 0 20 17 0.010603099
154 0 50 55 0.010600886
551 0 18 15 0.010579234
933 171 44 52 0.010573489
264 0 18 14 0.010567632
264 84 49 70 0.010566826
895 401 68 81 0.010557661
654 34 26 53 0.010556355
120 622 84 60 0.010556092
873 40 27 34 0.01055392
257 488 84 117 0.010550031
771 0 46 30 0.010539183
918 3 46 53 0.010518773
474 218 74 95 0.010511599
49 218 61 79 0.010507521
813 382 50 60 0.010507475
337 226 8 9 0.010503185
48 24 19 22 0.010501934
745 288 11 11 0.010499128
103 0 70 51 0.010493474
1003 493 21 63 0.01049125
537 545 87 107 0.010460862
981 0 13 11 0.010460804
728 284 8 10 0.010450029
40 0 22 22 0.010448627
948 210 60 84 0.010447958
337 221 8 10 0.010445143
415 539 91 115 0.010435298
885 236 68 94 0.01043341
575 526 84 103 0.010432552
690 517 96 116 0.010432173
726 282 7 10 0.010431264
302 311 108 100 0.010426108
517 627 79 55 0.010424818
278 127 136 118 0.01042274
393 341 87 110 0.010421556
953 190 47 58 0.010420823
680 15 35 41 0.010414895
830 0 28 19 0.010410642
33 480 45 60 0.010406545
939 137 29 31 0.010400347
763 54 18 21 0.010399307
364 45 71 94 0.010397288
713 625 88 57 0.01039707
1016 264 8 38 0.010383067
1017 0 7 28 0.010381486
238 23 44 66 0.010381268
401 658 46 24 0.010373003
13 482 25 29 0.010370861
186 366 65 80 0.010366992
746 413 94 114 0.010362725
30 344 55 78 0.010359879
675 486 88 90 0.010356974
454 659 49 23 0.01033713
73 204 51 61 0.010330572
56 17 16 23 0.01032393
897 477 75 109 0.010323793
213 251 59 88 0.010320965
1012 69 12 44 0.010312374
363 405 95 118 0.010305206
948 128 48 64 0.010287734
290 35 58 75 0.010261098
111 494 98 127 0.010260055
60 132 46 59 0.010260037
69 0 19 16 0.01025659
474 450 87 96 0.010244364
149 339 55 67 0.010243182
504 0 19 14 0.010242158
700 0 18 15 0.010235754
826 321 50 70 0.010227138
805 26 31 39 0.010206915
885 67 22 28 0.010206805
616 439 81 99 0.010204693
22 251 37 43 0.010201453
522 0 18 17 0.0102012465
254 0 18 11 0.010195464
516 450 87 89 0.010193934
234 194 62 94 0.010178145
269 0 61 43 0.010164088
893 55 26 32 0.010161876
813 488 88 121 0.010146352
458 0 18 10 0.010145688
0 487 9 26 0.010144917
992 64 32 52 0.01014324
64 567 78 98 0.010126218
155 479 53 59 0.010125202
610 548 87 106 0.010108631
196 0 46 32 0.010107813
128 0 20 15 0.010107589
814 0 20 15 0.010095631
587 639 57 43 0.010091949
98 565 79 104 0.010090025
814 39 12 16 0.010076166
421 0 20 13 0.010075461
347 0 62 46 0.010073371
780 280 8 10 0.010070397
179 82 29 33 0.010068095
7 541 56 79 0.010062091
0 404 24 68 0.010053477
720 114 67 66 0.010048623
37 324 50 68 0.01003757
18 482 34 39 0.010029813
852 94 30 37 0.010029093
532 0 47 34 0.010027681
548 261 65 105 0.010016031
562 307 45 73 0.010010512
795 0 20 16 0.010010376
502 660 53 22 0.010002781