0_Parade_Parade_0_545
315
146 210 302 437 0.83915615
618 388 246 287 0.838937
607 413 51 32 0.122800104
540 345 248 306 0.073148586
155 360 357 478 0.052382886
828 328 196 298 0.05080331
760 0 264 275 0.048577998
436 999 63 25 0.045806825
270 285 271 357 0.04473009
0 0 196 261 0.043388598
3 335 126 224 0.043373626
655 280 261 341 0.04315688
337 396 247 327 0.04255419
6 297 359 481 0.042045858
77 0 354 457 0.041426875
820 800 204 224 0.039790023
711 393 248 283 0.039543968
161 705 396 319 0.039467685
0 220 202 500 0.039140496
0 675 211 349 0.0386098
55 190 292 395 0.03834683
529 0 381 296 0.037907224
845 205 179 321 0.037886254
626 457 334 384 0.036968797
75 0 313 209 0.035906393
454 0 311 231 0.034159154
0 419 128 339 0.034073047
940 922 84 102 0.03404413
328 775 272 249 0.03380708
356 563 244 312 0.03362766
156 0 380 276 0.03359152
390 709 387 315 0.032912564
647 20 342 483 0.032471526
491 209 238 333 0.03233503
340 89 251 352 0.03232698
651 713 373 311 0.03219862
318 0 320 211 0.031772673
564 53 282 408 0.031673584
105 477 286 366 0.03166838
841 63 183 337 0.031240929
217 0 260 167 0.031057388
842 564 182 300 0.03023383
907 0 117 154 0.029756058
0 545 134 351 0.02936893
461 548 258 308 0.029142246
239 430 194 244 0.028644249
613 1 155 209 0.028608683
92 780 297 244 0.028144395
490 72 231 329 0.027888617
507 955 35 62 0.027590744
536 595 370 429 0.027041828
585 796 266 228 0.026988044
47 609 390 415 0.026732275
947 629 77 201 0.02662248
0 65 304 424 0.026527518
0 0 109 139 0.026428707
0 877 110 147 0.025979787
610 495 227 275 0.025260013
0 67 131 337 0.025068538
0 925 72 99 0.02501111
0 0 69 92 0.023917746
0 510 274 420 0.023762282
166 113 257 282 0.023165286
284 373 13 14 0.022896497
941 497 83 208 0.022194197
90 0 180 127 0.0220709
693 496 166 189 0.02192714
921 403 103 257 0.021671595
0 242 101 255 0.021170095
156 0 148 103 0.02110405
952 706 72 207 0.02103013
101 429 228 264 0.02090703
613 374 62 68 0.02076633
527 466 197 226 0.020746972
914 288 110 277 0.020740796
275 184 215 321 0.020679496
736 536 157 186 0.020580273
727 340 166 222 0.020473722
329 466 154 211 0.020395873
594 422 160 206 0.020390773
914 161 110 281 0.020062435
594 419 53 40 0.020059267
874 896 150 128 0.019761743
607 390 47 48 0.019659022
0 399 95 232 0.019419523
24 381 188 253 0.019414324
929 54 95 235 0.019367205
664 0 224 159 0.018764302
16 852 217 172 0.018749977
1001 1000 23 24 0.01862174
641 0 146 103 0.018467914
956 0 68 84 0.018420568
616 416 56 40 0.018402334
600 418 36 26 0.018335294
437 392 202 270 0.01822435
31 248 152 233 0.018208751
987 991 37 33 0.01817622
1014 1011 10 13 0.018168213
625 404 41 34 0.01788761
571 0 177 125 0.017864158
526 0 152 149 0.017766945
804 0 186 132 0.01775722
38 0 158 110 0.01774352
943 794 81 210 0.017740617
683 293 162 220 0.017659508
598 418 68 80 0.017531892
285 0 149 102 0.017186955
326 0 174 122 0.017158294
817 914 156 110 0.017134205
726 851 224 173 0.017116036
221 0 151 100 0.016997915
699 0 149 100 0.016920844
104 918 155 106 0.016916176
309 879 215 145 0.016767545
0 708 103 245 0.01668162
0 69 81 207 0.016666379
0 795 75 194 0.016647214
109 201 182 238 0.016642299
411 935 139 89 0.016612738
0 502 70 180 0.016480548
435 887 202 137 0.016471999
0 545 93 223 0.01642145
589 527 171 194 0.0163464
760 0 149 100 0.016203094
373 0 203 145 0.016158849
698 908 154 116 0.015882328
640 910 152 114 0.01583274
470 0 137 93 0.015809627
577 408 116 168 0.015733728
712 563 220 262 0.015646024
284 925 147 99 0.015529008
344 929 147 95 0.0155229615
0 813 24 55 0.015501885
896 579 128 186 0.015484896
979 670 45 135 0.015476905
437 975 87 49 0.015430376
423 32 223 318 0.015386829
504 820 208 204 0.015370323
874 692 150 252 0.015257784
866 462 158 281 0.015190436
143 895 186 129 0.015172108
464 934 138 90 0.0151489675
585 915 148 109 0.015139181
405 0 140 94 0.015089182
247 830 218 194 0.015040434
626 46 183 239 0.015040362
476 962 67 62 0.015009736
163 540 167 182 0.014961983
270 533 158 186 0.014937872
830 568 136 168 0.014855008
577 268 186 245 0.014786614
0 198 74 207 0.014699972
434 711 202 257 0.014684254
784 516 214 256 0.014661735
616 417 26 21 0.014630314
220 922 153 102 0.014608863
524 923 145 101 0.014573998
200 0 82 83 0.014545119
112 553 155 174 0.014512394
142 0 97 81 0.014450613
595 387 67 78 0.0144007355
254 101 206 219 0.014370812
56 56 222 245 0.014333613
70 710 211 266 0.014300749
824 677 147 187 0.014292693
116 637 235 278 0.014187727
112 338 193 253 0.014087571
442 1010 50 14 0.01402105
607 635 215 264 0.013903326
813 384 148 200 0.013890014
459 0 172 172 0.013865187
588 66 140 201 0.013738707
84 324 124 205 0.013675902
216 123 160 164 0.013660972
755 280 146 190 0.0136519605
405 428 133 205 0.013644391
517 543 170 199 0.013562941
618 342 64 85 0.013506798
600 345 105 123 0.013482582
470 806 137 176 0.013416864
1021 0 3 22 0.013307924
470 382 129 185 0.013286311
761 621 139 169 0.013269103
95 680 163 196 0.01324811
1003 0 21 41 0.013205904
668 85 208 271 0.013184736
818 495 141 184 0.0131731
466 499 133 177 0.013160277
142 19 167 167 0.013087934
38 487 151 196 0.0130726425
435 529 200 235 0.013040353
309 299 168 259 0.01300087
694 79 16 17 0.012887085
23 113 174 241 0.012856575
1 362 59 109 0.012834984
87 596 193 225 0.012814281
696 598 150 180 0.012781555
332 151 157 206 0.0127235055
645 335 53 33 0.012673785
0 0 44 59 0.012654699
625 181 185 253 0.0126165785
0 969 36 55 0.01260919
0 391 28 73 0.012606817
756 431 130 189 0.012585074
0 0 14 17 0.012504266
620 424 28 20 0.012502968
560 731 176 218 0.0125021795
528 754 139 171 0.012482644
521 59 163 226 0.0124729015
391 310 106 168 0.012460125
101 34 142 198 0.012403756
974 741 50 124 0.012399584
313 643 217 265 0.012368684
26 614 161 208 0.012341559
431 226 200 289 0.012321795
751 120 170 219 0.012212396
737 712 195 253 0.012202725
153 739 159 199 0.012165999
1013 669 11 59 0.01216134
243 556 220 258 0.012085188
395 203 145 213 0.012039843
1017 592 7 58 0.012015209
17 0 57 40 0.011998754
305 225 86 110 0.011924634
164 612 150 166 0.01192391
523 590 9 11 0.011900628
355 0 91 81 0.011854997
289 370 12 14 0.011772061
1011 0 13 28 0.01176274
0 383 65 160 0.011740363
458 202 145 205 0.011679042
529 330 141 187 0.011623539
406 562 137 168 0.011481615
467 684 139 176 0.01146097
964 960 60 64 0.011454471
18 1 86 72 0.011444336
584 377 100 130 0.01142686
305 14 44 42 0.011381523
768 926 140 98 0.01137878
694 205 149 189 0.011324932
143 176 174 173 0.011319232
1023 0 1 18 0.011308975
105 1 101 90 0.011298232
613 806 133 151 0.011274553
520 961 26 45 0.011258405
669 833 139 183 0.011230071
637 742 152 192 0.011225074
761 678 148 185 0.0112038525
572 588 177 212 0.011189716
491 587 15 15 0.011126163
621 321 113 120 0.011124878
198 719 195 238 0.011095417
697 741 156 198 0.011062194
535 974 12 17 0.011059309
37 494 19 21 0.011034464
1004 646 20 78 0.011017075
378 300 165 253 0.0110041555
511 668 168 206 0.010999629
30 0 14 11 0.010998869
579 684 141 171 0.010975109
589 355 70 81 0.01092326
0 0 27 34 0.01085044
525 205 146 200 0.010847482
672 1004 62 20 0.010837104
413 1003 63 21 0.0107795
635 373 34 52 0.01076186
587 207 146 192 0.010758965
402 804 146 188 0.010727673
0 553 7 18 0.010723285
301 0 66 72 0.010707987
40 321 21 25 0.010684963
347 624 138 166 0.010669075
738 809 131 176 0.010653476
641 685 142 170 0.010611764
848 558 39 28 0.01060655
392 77 158 220 0.010555696
0 992 28 32 0.010551978
1021 632 3 38 0.01053808
492 118 140 182 0.010536937
1011 585 13 71 0.01051523
351 250 131 201 0.010511615
340 809 150 189 0.010508244
707 40 137 207 0.010506057
407 625 141 169 0.010481831
852 560 24 19 0.010474733
287 621 140 163 0.010469207
208 0 28 21 0.010468698
561 718 77 86 0.0104648145
562 0 88 72 0.010457625
311 175 50 43 0.010449207
1023 630 1 34 0.010447445
525 627 136 167 0.010444546
1015 991 9 33 0.010425807
680 23 125 176 0.010422882
17 0 38 27 0.010405191
257 194 170 184 0.010402153
824 260 151 200 0.010344849
18 24 123 173 0.010301279
578 421 54 49 0.01027347
639 71 93 139 0.0102450615
343 740 150 189 0.010240761
307 113 15 12 0.010223912
0 424 20 38 0.0101868035
36 0 15 11 0.010180002
360 43 137 199 0.010158965
835 0 117 88 0.010136666
287 740 147 188 0.010128552
581 413 45 38 0.010115334
222 614 149 165 0.0101144435
271 820 127 161 0.010080965
489 798 60 130 0.01007762
970 800 54 119 0.0100706015
765 16 140 198 0.010054878
466 1012 36 12 0.010012704
972 613 52 109 0.010005877