0_Parade_Parade_0_364
797
212 134 135 171 0.8655593
567 128 88 117 0.86153233
795 168 67 90 0.8437836
355 102 97 144 0.83855146
660 114 70 95 0.7886145
242 67 127 185 0.06317224
4 487 168 193 0.062395968
168 109 128 169 0.056067552
291 124 134 167 0.054638717
233 0 41 55 0.05000045
610 123 93 102 0.048963618
325 79 99 136 0.04581567
901 199 18 26 0.041594755
425 0 59 46 0.04074803
164 106 81 118 0.040479075
633 166 82 108 0.039854854
990 214 34 65 0.038830016
680 127 72 91 0.03824944
408 111 114 154 0.036289174
838 0 186 181 0.035968754
718 145 76 98 0.03531378
795 201 75 98 0.03516509
179 31 147 209 0.03498235
349 42 100 153 0.0334362
430 0 90 67 0.03283675
925 0 99 95 0.03201296
0 0 70 91 0.031587493
101 126 159 194 0.0312753
282 37 78 100 0.031043304
178 96 40 63 0.030885488
264 29 113 155 0.030591464
672 173 76 101 0.03017067
191 74 97 135 0.029977325
521 125 123 158 0.029863933
826 450 198 232 0.029361226
710 111 76 97 0.028625853
0 0 135 177 0.028415713
587 95 88 120 0.028310655
829 173 68 86 0.028107017
664 152 63 82 0.027693698
947 613 77 69 0.02744569
0 0 45 59 0.027079647
250 0 27 37 0.026876066
313 86 12 16 0.02680671
203 0 62 62 0.026734816
669 0 252 184 0.02662952
633 104 76 92 0.026124943
978 301 12 13 0.02604158
0 373 126 265 0.02574744
959 333 9 12 0.025728598
718 183 74 94 0.025602505
693 0 128 98 0.02535592
624 32 110 137 0.025221935
776 189 68 76 0.025179807
287 0 45 50 0.024984391
613 0 124 95 0.024807045
448 253 35 37 0.024783634
508 0 256 169 0.02475771
407 1 78 84 0.024638895
0 584 74 98 0.024619704
642 81 123 156 0.024581306
14 392 222 275 0.024574757
344 173 104 148 0.024538672
959 190 65 103 0.024358131
261 182 85 120 0.024294114
763 122 75 103 0.024004977
83 443 270 239 0.023751626
661 0 106 77 0.023751326
770 0 133 101 0.023607224
196 0 243 184 0.023537373
941 268 83 99 0.023275534
334 0 126 90 0.02326813
0 617 45 65 0.023230007
183 146 73 107 0.02314643
448 0 128 95 0.023058372
151 181 135 158 0.022981685
741 0 109 82 0.022832913
235 195 138 170 0.022801837
758 141 112 148 0.022801168
847 0 140 107 0.022539634
56 0 128 97 0.022450034
574 185 79 90 0.022374945
916 28 108 186 0.022370297
520 443 233 239 0.022223923
911 262 9 9 0.022171818
985 640 39 42 0.022146128
247 0 50 51 0.022136733
590 0 99 74 0.02209551
554 200 88 113 0.022072645
261 0 121 86 0.02197323
714 225 79 98 0.02187035
0 30 75 179 0.02178239
680 94 54 87 0.021453956
176 0 121 87 0.021308796
978 0 46 49 0.021289699
0 106 68 175 0.021164149
535 0 121 87 0.021035733
818 0 115 84 0.021005698
919 472 105 174 0.020964626
573 587 130 95 0.020942723
437 179 77 105 0.020925077
0 2 199 297 0.020905953
332 591 125 91 0.020867208
140 0 191 153 0.020864114
946 138 78 132 0.020773841
715 73 78 103 0.020663317
313 56 163 226 0.020638643
37 0 241 175 0.020626612
309 207 89 117 0.0206067
20 0 113 83 0.020578343
568 172 118 155 0.020524262
896 580 128 102 0.02051592
354 0 85 57 0.02044137
677 432 249 250 0.020414513
268 118 80 117 0.020401016
333 0 45 48 0.020363733
386 23 96 137 0.020323738
669 29 81 108 0.020295316
187 437 261 245 0.020269826
615 0 204 140 0.02020238
513 0 85 62 0.020150365
215 255 132 166 0.020139262
695 151 69 83 0.019935474
2 315 155 230 0.019765371
82 579 144 103 0.019676315
387 0 26 28 0.019582849
532 148 76 94 0.019552546
108 0 104 78 0.019534696
548 103 85 117 0.019467639
745 176 68 82 0.01942329
405 139 74 106 0.01940041
812 209 51 58 0.019380938
0 96 44 122 0.019372687
536 15 111 149 0.019343866
610 37 199 254 0.019293467
461 87 115 151 0.019274963
412 41 122 164 0.019190336
317 620 92 62 0.01908384
358 457 242 225 0.019080386
865 0 98 68 0.019036142
357 0 246 166 0.019034734
922 302 102 191 0.019034415
156 0 87 64 0.019020015
224 0 102 71 0.0189836
592 21 96 123 0.01886558
306 31 103 132 0.018788368
699 247 116 150 0.018776972
701 160 113 138 0.018735927
72 28 219 271 0.018735195
175 583 134 99 0.018719323
0 16 48 120 0.018695164
312 0 86 60 0.018604707
401 96 81 108 0.018558566
820 252 204 323 0.018537715
23 519 95 131 0.018532965
0 274 71 168 0.018519543
812 589 126 93 0.018510547
164 108 48 72 0.018290184
0 646 24 36 0.01821686
257 581 133 101 0.018076027
911 322 11 19 0.01807347
494 9 114 142 0.017970398
831 264 88 99 0.01794179
195 244 99 116 0.01790521
300 0 26 32 0.017894708
225 26 107 137 0.017855616
320 198 147 191 0.01785082
680 139 44 61 0.017813932
422 7 120 134 0.017784793
619 191 116 152 0.01776513
0 178 41 116 0.017745676
0 196 64 168 0.017710619
381 78 66 91 0.017679907
0 0 28 38 0.01767064
17 578 128 104 0.017665748
554 621 91 61 0.017654594
0 374 11 35 0.017645817
627 617 93 65 0.017521538
379 193 73 86 0.017516963
360 647 53 35 0.017505132
127 137 79 109 0.017493658
903 198 12 17 0.017491275
876 145 80 105 0.017460085
665 213 93 118 0.017433655
811 26 135 171 0.017390557
730 590 130 92 0.017371155
0 343 75 183 0.017369304
20 397 89 116 0.017365431
274 69 9 11 0.017354582
88 351 137 176 0.017322553
116 80 114 160 0.01727574
215 466 136 186 0.017238222
816 153 55 77 0.01710787
413 589 127 93 0.017068157
177 141 49 79 0.017042644
892 110 126 167 0.017006531
390 622 91 60 0.016986182
0 332 46 121 0.016983055
803 154 107 134 0.016971644
832 227 82 96 0.016937265
298 0 193 145 0.016871428
597 154 86 101 0.016836355
525 111 12 16 0.016831249
790 62 84 118 0.01681211
410 0 46 60 0.016794162
793 262 83 100 0.016752137
175 89 64 91 0.016744953
981 297 12 13 0.016727015
689 181 48 61 0.016721813
204 191 103 121 0.01668209
851 245 132 143 0.016672848
892 399 131 197 0.016531168
976 284 48 64 0.01644389
649 130 133 165 0.016404074
34 279 232 307 0.016391782
561 219 141 185 0.016357312
534 53 180 230 0.016287489
492 596 131 86 0.01627816
111 621 95 61 0.01627237
0 263 45 115 0.016261965
649 594 129 88 0.016254254
153 624 93 58 0.016201802
629 140 58 72 0.016157031
870 233 86 97 0.016143633
938 198 65 83 0.016134791
715 188 44 54 0.016122933
0 174 198 321 0.016076185
788 174 51 64 0.016040938
742 255 101 121 0.016039552
235 221 94 100 0.016033407
0 295 4 10 0.016030677
225 120 83 109 0.015999513
0 147 104 174 0.015995257
857 67 127 178 0.015950369
449 645 56 37 0.015926791
991 330 9 10 0.01592383
750 622 90 60 0.015919246
865 619 94 63 0.01591834
3 441 77 117 0.015902914
489 215 147 192 0.015873628
870 51 94 128 0.015857367
1001 556 23 43 0.015855657
977 355 11 12 0.015853353
949 303 75 110 0.015839875
841 89 183 304 0.01583824
221 263 193 246 0.015831213
65 609 102 73 0.015809797
295 94 80 121 0.015783612
827 114 81 106 0.015774246
193 619 94 63 0.015756175
964 313 27 34 0.015750006
433 622 88 60 0.015743252
477 146 77 102 0.015721483
794 622 89 60 0.015706666
245 101 74 94 0.015679905
283 458 140 194 0.015674818
0 64 130 341 0.01565793
155 259 86 108 0.01564891
660 96 57 57 0.015643416
752 69 80 109 0.015629658
965 345 59 111 0.015559505
753 218 84 101 0.015558902
948 380 76 131 0.01555013
709 624 90 58 0.015546595
9 275 128 169 0.015537279
986 539 38 70 0.015530797
423 0 36 29 0.0155158825
232 615 95 67 0.01547007
972 231 52 80 0.015462259
315 87 8 10 0.015458391
120 248 241 309 0.015448266
916 242 94 98 0.0154057145
717 20 84 103 0.015387791
328 426 135 187 0.015385428
182 104 24 40 0.015376209
585 327 90 126 0.015363932
312 254 87 113 0.015359637
286 144 79 125 0.015262032
372 547 127 135 0.0152614955
899 10 109 131 0.015243241
893 245 11 14 0.015239722
216 396 136 179 0.015213763
121 543 148 139 0.015202668
980 306 8 10 0.015173347
438 221 77 103 0.015161214
136 277 123 164 0.015116549
66 188 197 245 0.015105519
395 211 81 110 0.015084749
4 500 85 126 0.015074068
874 187 80 99 0.0150655005
183 428 136 187 0.015047169
832 58 87 113 0.015039844
0 405 57 107 0.014995707
10 56 136 189 0.014958406
520 276 213 293 0.014947913
808 190 46 58 0.0149395615
823 229 41 48 0.014931859
49 27 136 180 0.014915103
848 355 137 196 0.014904235
0 311 36 96 0.014886045
43 627 78 55 0.014862148
444 0 56 36 0.014854547
408 467 133 181 0.014846986
772 350 132 183 0.014811439
619 504 173 178 0.014780888
524 402 98 118 0.01477269
49 391 136 180 0.014767853
461 206 110 142 0.014748208
535 337 144 194 0.0147055155
127 379 136 185 0.0146988835
19 0 74 53 0.014656908
473 623 88 59 0.014639286
492 451 148 188 0.014610849
316 87 14 18 0.014589388
513 221 85 105 0.014576299
214 316 132 172 0.014501422
813 271 130 154 0.014488762
205 154 80 108 0.014460695
562 0 65 49 0.014429031
814 390 134 189 0.014427573
966 484 58 108 0.014410631
372 260 36 69 0.01438452
0 357 18 55 0.014378658
233 296 91 107 0.014347036
728 429 126 179 0.014340715
712 60 191 247 0.01433584
247 7 24 41 0.0143268835
640 0 69 53 0.014319514
57 331 122 149 0.014310774
976 295 18 21 0.014303068
291 267 129 169 0.014250506
573 555 87 90 0.01424777
1008 664 16 18 0.01424177
284 393 138 181 0.0142327435
1019 0 5 16 0.014218718
191 77 46 57 0.014216275
954 295 43 54 0.014212802
0 450 39 95 0.014197778
538 506 141 171 0.014190569
719 0 72 55 0.0141850645
13 199 125 162 0.014171596
599 600 59 66 0.014159932
785 153 46 66 0.014141242
314 0 51 40 0.014119444
110 345 96 121 0.014086437
695 563 11 13 0.014032305
838 0 72 55 0.014004779
177 358 129 172 0.013993943
274 330 231 317 0.013980827
759 0 72 55 0.013949114
475 343 208 289 0.013939097
606 131 49 82 0.013933796
426 314 116 164 0.013919879
598 624 72 58 0.013908887
542 0 11 9 0.0138981175
694 253 226 312 0.013859942
590 643 50 39 0.01384753
448 422 149 190 0.013840123
191 21 86 106 0.013838866
798 0 73 55 0.013833245
772 223 47 57 0.0138229625
868 482 108 148 0.013818646
247 0 23 22 0.013787573
729 345 125 181 0.013781525
781 285 107 129 0.013775306
159 19 83 109 0.013764455
794 224 47 49 0.0137593625
35 368 91 112 0.013751053
147 373 93 125 0.013745448
968 539 56 107 0.013744792
0 390 6 17 0.013728313
773 421 130 184 0.013711982
0 388 37 96 0.013680955
469 0 79 66 0.013677858
691 391 120 178 0.013657783
403 211 151 195 0.013657311
729 169 48 65 0.013654447
853 162 122 153 0.013637807
416 391 134 185 0.013624295
666 201 58 66 0.0135980295
920 173 69 94 0.013587457
196 0 50 39 0.013584877
851 539 132 143 0.013575574
373 0 42 41 0.013549917
74 649 51 33 0.013512028
19 461 88 121 0.013502375
550 372 100 124 0.01350019
281 228 60 78 0.013477626
99 242 123 160 0.013465501
546 261 104 134 0.013449112
974 350 17 19 0.013446855
0 355 29 79 0.013442579
703 108 51 70 0.0134177385
970 105 54 109 0.013408775
696 475 119 161 0.01339654
194 526 104 135 0.0133918645
453 349 138 183 0.013390708
49 239 128 166 0.0133639565
899 197 27 39 0.013331426
307 0 18 15 0.013325551
755 321 238 325 0.013320651
945 226 45 56 0.013317273
221 546 119 136 0.013306708
224 77 78 98 0.013295029
249 359 137 175 0.013284606
406 197 50 63 0.013278465
55 150 126 164 0.013274104
346 0 57 45 0.013217746
1005 0 19 27 0.0131600145
905 312 19 30 0.013154476
656 240 113 151 0.013132392
270 292 92 112 0.013103942
729 281 122 157 0.01308663
932 212 45 59 0.013075768
50 464 118 148 0.013066189
775 554 127 128 0.013029674
313 291 161 209 0.013017469
158 0 43 58 0.012990498
0 233 37 88 0.0129876975
989 167 35 76 0.012986753
16 14 86 120 0.012967095
967 44 57 117 0.012961021
87 0 67 54 0.012949825
550 0 50 40 0.012920754
457 284 118 159 0.012917535
966 427 58 114 0.012911026
0 539 63 110 0.012893523
588 0 55 40 0.012876176
16 218 80 99 0.012873664
826 183 42 62 0.012869685
401 72 64 80 0.012864895
198 56 43 53 0.012809354
0 149 38 93 0.012805849
643 98 52 50 0.012803426
595 325 234 329 0.01279641
690 205 46 56 0.0127923265
397 166 52 79 0.012790105
470 90 199 249 0.0127770025
568 494 91 118 0.012762798
505 53 118 161 0.012752783
16 325 84 106 0.0127483085
488 383 97 110 0.012733236
519 624 80 58 0.01272246
697 315 121 169 0.012708069
12 0 52 37 0.012695605
451 553 128 129 0.012684873
0 483 61 113 0.0126816565
681 628 71 54 0.01268053
834 625 75 57 0.01266276
94 650 48 32 0.01266256
53 555 75 101 0.012662124
610 643 49 39 0.012650054
25 263 94 117 0.01261569
750 189 44 58 0.01260262
607 533 116 135 0.01258901
507 326 123 149 0.012582602
621 159 55 71 0.012580069
905 195 19 24 0.012565122
1018 2 6 41 0.012531969
983 325 41 73 0.01251521
67 301 96 119 0.012472781
198 16 51 63 0.0124698095
374 661 36 21 0.012458107
350 257 88 112 0.01245388
747 644 56 38 0.012449862
114 212 99 125 0.012444566
608 0 56 43 0.012442751
1021 0 3 9 0.012438645
253 438 125 160 0.012389001
389 0 55 40 0.012383853
224 11 36 45 0.012371563
659 433 122 175 0.012366247
538 116 8 10 0.012363874
440 307 81 112 0.012353056
114 303 90 117 0.012352508
461 0 215 235 0.012342347
649 643 52 39 0.01232734
224 37 72 89 0.012325765
599 225 72 83 0.012304407
937 0 74 57 0.012303937
193 297 91 109 0.012284303
693 546 129 136 0.012283138
384 444 113 155 0.012262891
852 310 86 102 0.012224897
55 207 74 83 0.012212595
958 336 8 9 0.012208752
0 444 24 65 0.012192554
776 38 200 262 0.012191253
68 519 92 117 0.0121877575
737 523 102 135 0.0121825505
668 118 44 62 0.0121774925
597 427 141 197 0.012170894
230 383 96 120 0.012169134
351 90 61 76 0.012166371
732 204 43 54 0.012158383
363 33 200 264 0.012144829
916 619 82 63 0.012131451
767 642 57 40 0.012125388
0 266 22 60 0.012116199
982 302 13 15 0.0121149225
711 301 90 116 0.012106305
471 264 84 108 0.012102721
914 118 82 113 0.01208189
874 249 42 52 0.012081133
671 644 51 38 0.012080626
377 353 126 172 0.012077538
631 644 49 38 0.012066767
348 0 19 15 0.01206413
979 298 9 10 0.01206303
0 0 9 11 0.012037352
51 397 96 112 0.0120339785
0 144 23 65 0.012004002
780 421 74 105 0.01200017
330 0 33 24 0.0119957365
473 63 84 112 0.01198482
379 274 122 165 0.011969215
592 342 129 180 0.011963122
610 545 50 62 0.0119582
148 15 52 75 0.011937589
651 182 49 62 0.011937371
573 176 57 67 0.011933271
173 0 54 41 0.011929125
604 291 117 152 0.011918666
310 82 24 25 0.011908198
261 262 76 90 0.011903516
33 166 85 108 0.011890846
513 436 91 115 0.011869852
416 429 77 93 0.011867489
469 360 92 111 0.011861332
716 202 169 225 0.011858617
0 18 31 79 0.0118310265
634 264 85 108 0.011827721
826 644 55 38 0.011819906
981 396 43 81 0.011816091
708 644 54 38 0.011787753
0 306 23 64 0.011770247
985 300 10 12 0.01177007
905 201 8 11 0.011749515
361 236 65 79 0.011747808
283 14 64 76 0.011738535
510 645 54 37 0.011737732
773 36 81 111 0.011717531
0 567 38 94 0.0117111225
412 647 53 35 0.011705503
887 639 56 43 0.011704064
786 232 57 71 0.011699274
531 514 92 114 0.011695995
918 307 82 99 0.011683506
813 34 83 116 0.011673065
902 539 54 66 0.011658096
929 514 46 57 0.011623667
0 106 23 65 0.011621962
33 647 54 35 0.011619873
169 190 71 105 0.0116165
603 178 51 71 0.011611361
0 73 55 97 0.0115897
586 270 90 112 0.011587622
453 411 81 94 0.011558168
235 20 32 44 0.01154218
868 642 54 40 0.0115381405
778 88 71 107 0.011534979
685 0 60 44 0.011534121
982 578 42 78 0.011508156
0 0 17 23 0.011504975
834 341 87 110 0.011502845
568 416 94 123 0.01149762
438 262 81 109 0.0114926705
171 133 13 15 0.011479275
764 560 53 71 0.011474914
913 243 9 10 0.011471803
549 645 56 37 0.011469183
616 177 226 290 0.011458994
323 151 88 109 0.011455978
903 182 50 68 0.011446473
0 403 23 65 0.011444962
429 222 60 72 0.011444317
542 308 86 109 0.011440413
760 197 225 284 0.0114389155
285 626 71 56 0.011431894
153 157 68 103 0.011426243
387 647 53 35 0.011425447
341 283 107 140 0.011421893
117 0 55 53 0.01140326
134 478 128 161 0.011390306
12 646 53 36 0.011371255
492 280 9 10 0.0113652265
183 158 28 64 0.011351197
488 643 55 39 0.011339543
865 184 56 76 0.011338918
466 105 75 101 0.011331646
618 74 9 13 0.011330759
694 152 43 59 0.011330632
945 641 58 41 0.011327082
305 536 101 134 0.011321653
466 278 10 11 0.011320402
326 229 42 49 0.011311194
618 47 43 56 0.011308512
795 384 81 109 0.011301619
888 200 44 58 0.011293638
532 193 63 78 0.011289376
797 440 78 103 0.011270343
270 338 94 119 0.01126134
887 312 81 98 0.011255049
210 128 54 74 0.011250807
785 334 93 119 0.011241324
170 0 33 29 0.011219838
659 356 122 175 0.011204708
52 440 87 113 0.011204173
631 0 49 36 0.011203803
957 328 10 15 0.011201524
973 12 51 97 0.011193048
475 440 84 106 0.011191947
153 648 52 34 0.011190556
173 647 53 35 0.01117322
216 421 85 112 0.011172411
413 0 32 27 0.011169958
832 399 86 112 0.011168096
442 91 75 98 0.01116056
352 537 95 128 0.011153948
698 484 76 102 0.011151756
265 398 64 81 0.01113307
192 338 91 120 0.01113194
953 282 42 43 0.011130832
450 177 219 289 0.011112945
312 643 50 39 0.011109497
97 540 85 110 0.011108028
424 533 94 126 0.011106127
545 229 67 83 0.011095203
1018 346 6 32 0.01109325
373 248 232 303 0.011065396
340 368 109 145 0.01106044
363 8 32 46 0.0110554015
694 418 83 113 0.0110429935
512 264 87 108 0.011028153
834 534 91 125 0.0110202525
7 189 71 98 0.011014155
963 336 7 9 0.011013893
423 56 74 97 0.011003517
307 381 97 123 0.010997184
252 644 51 38 0.010992909
563 587 77 71 0.01097439
863 335 99 126 0.010972787
277 157 223 290 0.010972259
6 314 62 85 0.010971152
114 649 51 33 0.010965566
333 642 54 40 0.010961792
439 370 80 102 0.010947156
686 298 79 106 0.010941446
287 107 56 80 0.010939131
742 116 66 91 0.010926343
147 115 41 57 0.010922307
883 0 61 45 0.010913031
308 337 95 120 0.010907988
468 0 53 35 0.010906217
476 315 79 102 0.01090577
0 60 30 79 0.010903093
809 243 47 57 0.0109020425
154 139 19 27 0.010899244
187 123 50 67 0.010886785
16 113 85 123 0.010882112
406 8 28 59 0.010862644
760 386 76 105 0.010861745
157 69 59 85 0.010850496
708 375 89 125 0.010847165
161 138 47 72 0.010839022
645 628 26 32 0.010830316
542 18 56 86 0.010821205
96 0 47 34 0.0108083235
454 463 81 107 0.010805492
0 483 25 65 0.010804952
72 224 88 108 0.010781826
81 16 79 110 0.0107748145
778 172 41 58 0.010764826
241 350 80 102 0.0107639795
575 0 41 28 0.010762613
621 601 60 54 0.010762285
902 499 70 93 0.010761236
212 646 53 36 0.010760433
202 4 26 38 0.010742344
333 107 54 75 0.010734039
745 214 42 51 0.010730557
593 555 49 58 0.010726134
169 89 38 55 0.010721581
837 239 32 45 0.010718067
1022 349 2 24 0.010693584
999 498 25 56 0.010691766
526 110 8 11 0.01068882
732 339 80 109 0.010679799
313 109 47 73 0.010678587
858 515 83 99 0.010661879
695 256 80 104 0.010638981
710 90 47 64 0.010629443
0 380 7 23 0.010627507
609 13 64 84 0.010612492
274 645 51 37 0.010610563
866 258 56 66 0.010595858
849 434 85 113 0.010591663
268 0 50 41 0.010585851
0 398 5 15 0.010565988
63 196 49 68 0.010565656
571 0 9 11 0.010548679
167 121 32 41 0.010539462
814 364 83 108 0.010533747
0 186 22 61 0.010532528
971 302 23 31 0.010509021
239 0 28 35 0.010497583
464 489 102 130 0.010496238
257 0 38 28 0.010490313
57 293 80 90 0.010479967
854 228 42 54 0.010475451
614 321 68 95 0.010473077
936 504 79 102 0.010472562
436 501 82 112 0.010471837
869 274 73 89 0.010470624
627 559 49 54 0.010470177
498 520 83 106 0.010459903
703 530 76 95 0.010443271
0 227 23 63 0.010411722
360 346 76 99 0.010404449
101 295 75 92 0.01040004
322 304 77 102 0.01038733
0 663 18 19 0.010385928
535 0 44 33 0.010376365
338 523 78 108 0.010369539
213 52 47 56 0.010362325
670 0 49 36 0.010362127
254 417 84 112 0.010357794
572 313 48 68 0.010348871
248 28 22 30 0.010348598
291 498 83 112 0.010341016
1020 339 4 33 0.010334571
17 59 83 121 0.010318918
13 0 23 13 0.010318092
901 212 22 35 0.010312082
134 0 49 36 0.010305336
794 308 48 62 0.01029156
234 107 51 66 0.010291437
188 120 32 43 0.010286895
257 0 19 13 0.01028184
158 352 75 96 0.0102778785
609 97 49 63 0.010275653
0 562 24 65 0.010275422
72 0 57 41 0.010271886
344 46 73 94 0.010269882
0 46 22 64 0.010267917
799 481 74 101 0.0102623915
611 375 73 101 0.01026171
179 0 19 16 0.010261705
731 420 79 104 0.010249897
600 531 48 63 0.010241189
563 131 52 73 0.010235814
112 505 87 110 0.010232896
628 346 77 105 0.010222985
207 59 27 28 0.010222016
97 668 27 14 0.010219994
410 551 61 97 0.0102168685
109 12 47 66 0.0102090845
549 451 92 122 0.010206554
933 274 53 57 0.010206508
0 20 23 36 0.010189607
507 0 56 41 0.0101873195
827 240 53 68 0.0101854745
671 229 47 54 0.010183744
882 226 47 62 0.010182537
36 345 50 69 0.010178954
668 255 67 92 0.010175808
183 88 28 39 0.010173728
496 112 72 102 0.010167713
801 147 49 60 0.01016743
581 66 70 98 0.01016293
913 343 81 106 0.010153634
915 528 65 81 0.010152504
561 424 48 67 0.010143507
246 19 61 68 0.010142164
507 168 66 90 0.01013446
295 200 66 100 0.010129253
61 258 75 90 0.010124977
297 59 46 53 0.010124713
1023 341 1 25 0.010118785
911 208 41 54 0.010117152
972 287 32 42 0.01009258
1011 576 13 26 0.010083931
278 409 42 55 0.010077063
386 244 101 133 0.010063235
834 483 81 107 0.010062734
545 54 60 89 0.010060795
322 215 34 53 0.01004772
739 38 75 111 0.010040034
912 318 16 25 0.010036261
536 0 18 13 0.010033647
457 293 8 10 0.010032939
0 515 32 82 0.010027227
460 314 9 10 0.0100252945
643 121 45 63 0.010016614
747 225 54 64 0.010012651
7 175 42 54 0.010007756
849 169 45 63 0.010004903