51_Dresses_wearingdress_51_580
681
449 111 116 165 0.9030031
0 1 76 76 0.050533578
882 0 142 150 0.035901975
770 0 254 281 0.032831915
0 0 204 274 0.031607434
0 1193 229 391 0.030834107
683 1169 341 415 0.030510886
0 0 124 107 0.029274888
904 1443 120 141 0.027998867
0 1395 119 189 0.027410572
450 0 194 142 0.026486725
967 0 57 69 0.024275169
425 158 145 188 0.024261704
89 0 199 153 0.023645874
641 0 196 153 0.023555506
969 1511 55 73 0.02319766
0 0 98 246 0.022547675
0 0 40 49 0.022348262
412 0 160 115 0.021439074
774 0 176 135 0.021373354
485 169 81 110 0.021034012
417 1178 502 406 0.021028478
0 1170 111 258 0.02094404
1022 0 2 22 0.02081834
853 722 171 291 0.020563172
626 0 99 73 0.020481924
167 1195 440 389 0.020478645
872 232 152 308 0.020327425
0 610 114 264 0.020280372
172 0 393 270 0.020207493
39 0 165 114 0.020138424
837 1155 187 305 0.019993056
687 0 103 81 0.0199236
163 0 169 125 0.019832019
0 19 59 131 0.019532276
846 1330 178 254 0.019515242
594 0 163 114 0.01942329
0 483 102 259 0.019373355
0 463 70 172 0.01935979
36 0 104 74 0.019266542
390 143 138 163 0.019089367
859 96 165 316 0.019010313
769 506 255 525 0.018976575
727 0 140 104 0.018939665
1002 0 22 38 0.018868556
0 358 108 259 0.018792965
0 718 115 274 0.01873915
479 0 134 89 0.018707955
877 363 147 278 0.018593153
0 850 104 265 0.018433923
533 0 164 108 0.018431447
0 1493 65 91 0.018378478
0 1191 65 152 0.018307105
366 216 134 165 0.018262161
862 1057 162 267 0.018184539
565 0 97 74 0.018171545
0 87 54 138 0.01813377
868 843 156 276 0.018061208
377 1393 215 191 0.018016316
0 637 58 143 0.018000873
416 0 170 233 0.017923336
863 535 161 298 0.017806562
256 0 103 82 0.01778406
514 142 109 138 0.017738253
0 1040 101 265 0.017686907
133 0 102 83 0.017650636
0 189 107 262 0.017601935
664 0 84 63 0.017599791
743 1375 239 209 0.017515566
278 0 193 140 0.017371427
194 0 103 82 0.017245471
75 0 100 81 0.017129458
909 210 115 214 0.017107518
507 1397 218 187 0.017079277
603 0 83 61 0.017016979
0 1519 40 65 0.016936427
756 718 268 543 0.016927036
1010 0 14 26 0.016822144
41 1244 347 340 0.016820874
0 1006 59 139 0.016817966
75 1380 223 204 0.01678439
392 243 186 232 0.016627405
318 0 101 80 0.016624046
542 103 120 160 0.016531853
447 102 81 112 0.016452802
0 142 54 138 0.016448865
542 0 81 62 0.016421884
633 1393 230 191 0.016365187
345 1291 321 293 0.016361352
0 947 57 138 0.016283898
0 1288 101 240 0.016260665
0 1337 64 150 0.016253341
952 685 72 149 0.016248267
1005 1551 19 33 0.016237358
906 710 118 200 0.016208088
0 598 213 512 0.01618679
0 0 13 17 0.016165052
0 695 60 145 0.016125876
0 578 55 141 0.016096305
754 0 88 68 0.016080333
772 290 252 469 0.01592632
907 81 117 211 0.015920177
408 0 396 277 0.015830725
457 232 187 231 0.015830379
190 1398 215 186 0.015766026
1021 1570 3 14 0.015741434
0 1267 67 162 0.015697267
0 1068 60 141 0.01566841
964 986 60 122 0.015661823
0 1130 61 148 0.015639458
0 757 60 144 0.0155707
807 0 107 83 0.01555508
0 547 62 103 0.015552956
263 50 271 330 0.015456243
0 325 64 148 0.015390756
81 0 310 223 0.015374842
0 1400 65 152 0.0153739285
954 867 70 161 0.015364879
950 448 74 156 0.015349015
1023 1573 1 11 0.015320075
0 128 213 493 0.015212374
0 883 57 139 0.015211311
442 0 101 78 0.015110328
0 820 58 140 0.015051076
295 0 86 66 0.015039638
961 1042 63 140 0.014965681
960 609 64 145 0.014890995
946 1131 78 164 0.014855615
0 107 34 94 0.014837851
379 0 100 78 0.014825511
731 0 73 55 0.014769164
580 668 66 65 0.014749438
0 369 201 516 0.0147321
386 51 132 174 0.014676998
908 499 116 202 0.014650343
945 778 79 178 0.014627366
171 0 87 67 0.014544447
956 62 68 145 0.014541996
516 0 72 52 0.014530142
234 0 86 67 0.014477486
723 1447 165 137 0.014463517
702 0 206 219 0.014377305
497 229 107 131 0.014374847
0 844 208 533 0.014367072
159 1443 160 141 0.014271981
513 114 179 232 0.014255667
0 137 82 220 0.014228293
794 478 122 167 0.014165979
476 1453 146 131 0.0141608585
0 657 36 98 0.014160644
356 0 84 64 0.014142935
0 387 60 152 0.013964666
0 0 353 398 0.013921066
963 9 61 133 0.01389881
0 210 53 138 0.013870561
0 1180 39 104 0.0138618825
901 0 100 76 0.0138313025
917 949 107 181 0.0138107315
39 1433 175 151 0.013735513
949 167 75 171 0.01372601
949 291 75 168 0.013701339
0 503 41 104 0.013642969
981 599 43 89 0.013623624
949 356 75 167 0.013612478
526 1488 127 96 0.013601809
0 264 155 246 0.013592319
749 499 129 155 0.013584647
0 1027 35 94 0.013574452
242 959 239 285 0.013542026
978 667 46 99 0.013533999
981 973 43 91 0.013531463
589 1431 183 153 0.01349134
737 1105 254 290 0.013477497
959 546 65 137 0.013422629
982 56 42 96 0.013416408
295 268 168 222 0.013411914
0 969 150 261 0.013353823
428 1489 127 95 0.013345622
968 744 56 118 0.013287447
632 890 392 542 0.013255023
978 929 46 104 0.0132485395
0 165 33 96 0.013195763
359 290 132 162 0.013164861
747 664 226 290 0.013135003
484 0 14 11 0.013134302
0 968 34 91 0.013131962
0 41 34 93 0.013130491
485 0 73 52 0.01312879
943 1210 81 173 0.0130842365
0 0 22 28 0.013078927
293 1449 156 135 0.013042673
779 0 15 11 0.013038035
897 1004 127 211 0.013032788
513 218 72 91 0.012968556
793 1479 138 105 0.012958768
717 574 113 150 0.01292016
792 0 74 54 0.01291087
942 1305 82 170 0.01287693
418 0 85 63 0.0128473295
721 471 196 254 0.012841706
959 116 65 145 0.012807312
0 1361 38 102 0.012805859
538 645 109 96 0.012786095
0 842 35 95 0.012763815
4 279 91 134 0.012687626
981 1028 43 88 0.012670859
0 1090 36 95 0.012641936
499 0 14 11 0.012622405
117 0 72 56 0.012601722
160 848 389 491 0.012586807
707 0 14 10 0.012586526
288 0 15 10 0.012585036
21 1282 141 192 0.012573827
0 780 35 96 0.012567898
0 717 36 99 0.012557415
368 0 15 11 0.012552793
276 0 15 10 0.012550013
519 15 183 240 0.01252893
350 0 160 112 0.012528282
833 0 15 11 0.012519826
979 0 13 9 0.012487748
586 1493 122 91 0.012469771
1023 0 1 24 0.012457194
752 0 15 11 0.012441667
37 22 118 145 0.012437473
0 0 8 11 0.012426016
855 1478 140 106 0.012408789
0 1424 38 100 0.012407437
807 836 114 165 0.012396679
368 1485 132 99 0.0123788165
0 905 33 93 0.012355839
257 0 15 11 0.012354773
0 599 34 93 0.012349745
678 1484 132 100 0.012336284
1018 0 6 22 0.012311975
972 1123 52 107 0.012292794
296 0 14 11 0.012276169
0 732 321 486 0.012260643
977 531 47 101 0.012254663
846 0 90 66 0.012245726
33 967 118 154 0.012237223
855 862 123 168 0.012223127
653 754 101 140 0.012210513
795 0 14 11 0.012197671
714 0 14 11 0.012193004
757 1175 142 178 0.012184357
0 1260 41 112 0.012176456
787 0 15 10 0.012153806
603 0 15 11 0.0121476995
438 748 204 269 0.012147579
699 0 14 10 0.012145301
383 699 207 271 0.012142454
507 0 14 10 0.0121285925
414 0 16 11 0.012125815
845 0 14 11 0.012123393
771 0 16 11 0.012123054
464 0 15 11 0.012120776
687 0 15 10 0.01211027
867 0 16 11 0.012106431
245 0 15 10 0.012085446
914 0 14 11 0.012080281
190 305 99 131 0.012080122
132 0 28 21 0.012073782
265 0 14 10 0.012065688
0 1040 11 17 0.012052323
601 1200 263 306 0.012041403
693 1170 143 181 0.0120384805
156 969 221 263 0.012014242
89 362 103 132 0.0120136365
696 609 219 284 0.012007113
498 129 70 120 0.011996988
167 396 22 27 0.011991468
319 0 14 11 0.011976655
585 679 189 250 0.011975384
166 150 92 121 0.011971528
514 0 15 11 0.011963726
140 1203 147 178 0.0119321095
303 0 15 10 0.011923408
176 1291 138 180 0.011906696
741 0 14 11 0.011904197
724 1226 145 188 0.011901935
376 0 15 11 0.011898022
760 0 15 11 0.011894346
823 0 73 53 0.01188231
587 0 15 11 0.011870869
353 0 15 11 0.011855224
635 1284 135 179 0.011849279
361 0 15 10 0.01184888
962 239 62 144 0.0118438415
0 282 48 120 0.011836009
802 0 15 10 0.011828763
492 0 14 10 0.011814668
392 0 14 11 0.011808854
1004 606 20 87 0.011787893
1016 604 8 52 0.011784815
821 636 193 249 0.011765328
974 379 50 112 0.011762706
330 0 15 11 0.011737968
477 0 14 11 0.011737417
311 0 15 10 0.011735703
407 0 15 10 0.011731198
663 1225 141 186 0.011727553
793 128 129 175 0.01172648
24 1154 133 173 0.011722886
180 0 15 11 0.011718751
941 1017 43 27 0.011718576
634 1171 139 180 0.011713102
457 0 15 10 0.011711877
921 0 15 10 0.011711486
810 0 14 10 0.011708641
0 347 37 103 0.011707955
583 1318 128 164 0.011706865
173 0 15 11 0.01170032
733 0 15 11 0.0116984965
85 488 201 263 0.011694413
786 1225 142 189 0.011690876
884 1013 59 32 0.011687708
825 0 15 10 0.011682376
746 519 223 309 0.011678635
422 0 15 11 0.011663405
818 0 14 11 0.011662831
530 0 15 11 0.011657034
692 543 101 139 0.011656234
670 1055 130 160 0.01165219
407 702 125 159 0.011651614
648 0 15 11 0.011650064
52 1015 392 463 0.011618575
249 1079 127 168 0.011608273
118 1478 138 106 0.011606787
30 265 105 132 0.011601604
505 1264 239 281 0.011585817
292 729 368 478 0.011581784
1014 0 10 9 0.011580909
238 0 15 10 0.011566834
384 0 15 10 0.011559084
112 1259 142 182 0.011555122
852 0 15 11 0.011549739
449 0 15 10 0.011538491
70 891 99 127 0.011535551
0 951 8 18 0.011519485
522 0 15 11 0.011518595
400 567 115 140 0.011511548
860 0 15 11 0.011509672
595 0 15 10 0.011504993
466 61 100 148 0.011504791
161 0 15 10 0.01149305
243 1479 125 105 0.011485067
202 1231 141 187 0.011482137
934 1079 90 148 0.011477079
684 1041 240 279 0.01147128
695 1285 141 186 0.011465487
508 1514 93 70 0.011458214
332 549 188 249 0.011444432
188 0 15 10 0.011444431
146 0 30 22 0.011443688
1021 0 3 35 0.011441807
974 316 50 114 0.011424043
875 0 14 10 0.011419627
271 1006 479 520 0.011402676
0 444 35 99 0.011395604
11 315 109 157 0.011391207
767 738 123 172 0.011386173
243 990 123 167 0.011385717
80 1207 142 173 0.011385616
196 0 15 11 0.011383762
780 364 105 142 0.011381458
726 0 14 11 0.01137958
155 848 25 18 0.011374553
365 1227 136 187 0.011371035
820 472 85 113 0.011367311
646 490 186 249 0.011350844
590 640 98 94 0.01134963
158 748 13 18 0.011348549
608 1053 128 167 0.011335294
156 0 56 42 0.01133398
399 0 15 10 0.011310598
177 313 77 100 0.011300014
346 0 14 10 0.011282891
441 0 15 11 0.011279473
203 0 15 11 0.011278223
100 854 96 123 0.011277966
963 1454 61 118 0.011277091
405 873 452 521 0.011276171
11 1493 111 91 0.011272369
431 727 138 174 0.011272129
232 1290 136 182 0.011261396
821 1176 140 178 0.01126076
28 369 130 172 0.011258945
576 0 15 10 0.011258182
28 1093 125 158 0.011256888
295 1048 13 15 0.011249723
365 1354 134 172 0.011248904
823 774 131 177 0.01124459
249 1156 129 158 0.011243618
261 0 30 22 0.011232874
610 0 15 11 0.01122921
750 144 227 312 0.01122523
338 0 14 11 0.011224767
702 103 215 278 0.011223535
122 1221 225 268 0.0112118
804 398 111 167 0.011203902
842 29 162 197 0.011203863
662 28 106 139 0.0111982925
102 927 104 127 0.011196294
641 0 16 11 0.01119246
65 945 111 138 0.0111843
211 0 15 11 0.011181444
0 230 32 91 0.011172125
0 1067 8 16 0.011171737
218 1047 122 159 0.011164626
1018 617 6 51 0.011158078
538 0 14 10 0.011157662
679 0 15 10 0.01115045
177 1161 134 162 0.01114648
24 901 189 261 0.011139162
731 1085 132 160 0.011130954
10 1002 101 137 0.0111280335
117 1161 137 162 0.011120542
343 875 119 168 0.011120316
929 0 15 10 0.011120027
303 1112 130 169 0.011119533
906 0 15 10 0.011110138
21 1050 200 265 0.011103345
757 1285 141 189 0.011099515
201 1093 223 262 0.0110968035
43 849 104 141 0.011083465
402 777 133 177 0.011079281
776 804 116 165 0.011078135
376 964 223 285 0.011073065
142 304 93 120 0.01107065
374 631 115 148 0.011069245
312 1015 232 286 0.011067152
743 597 124 165 0.011053282
134 179 97 131 0.011047043
614 1090 249 298 0.011045438
545 0 15 11 0.0110300435
154 0 14 10 0.011012248
894 0 15 11 0.011011318
0 942 8 20 0.011006897
183 171 61 77 0.011006894
830 1072 120 144 0.011004545
145 0 15 11 0.010998377
391 1285 135 181 0.010997856
765 65 125 180 0.010995324
77 1318 145 181 0.010994973
611 1229 131 180 0.010990579
246 0 29 22 0.010990206
277 1019 122 171 0.010986771
568 0 15 10 0.010983191
0 958 7 18 0.010973719
529 625 185 244 0.01096412
409 76 196 241 0.010949387
270 756 79 119 0.010933557
307 0 30 22 0.010930538
394 1162 135 193 0.010926773
629 0 15 11 0.01092237
963 0 16 10 0.010919645
162 0 29 22 0.010916624
434 0 15 11 0.010907785
314 894 233 301 0.010905053
524 1328 124 152 0.010904118
367 1010 130 187 0.010887532
291 675 92 140 0.010881741
93 0 57 43 0.01086536
204 95 344 481 0.010862276
61 412 119 154 0.01086225
215 0 30 22 0.010857777
604 1113 131 174 0.010851813
817 1287 140 187 0.010844907
887 0 15 11 0.010842032
664 0 15 11 0.0108413305
584 1164 128 183 0.010840776
227 150 151 191 0.010838493
434 408 113 139 0.010832626
255 1224 229 274 0.010831571
142 1349 141 178 0.010825988
592 761 107 139 0.010819274
199 854 212 286 0.010813003
187 0 57 42 0.010811534
368 1104 131 186 0.010810454
70 722 213 278 0.010799029
60 1068 120 142 0.010792898
570 0 56 42 0.010782236
0 1572 15 12 0.010781217
560 0 15 10 0.010781017
955 1377 69 142 0.010775182
629 910 208 263 0.010773708
91 909 208 262 0.010772552
398 446 115 142 0.0107696485
64 944 65 80 0.010767434
510 734 194 258 0.010766936
822 188 131 175 0.010763316
573 242 44 45 0.0107617015
681 614 113 139 0.010750704
13 107 110 152 0.010746489
680 779 110 149 0.010742697
205 1350 136 176 0.010736594
94 307 104 134 0.010736592
365 922 131 185 0.01073084
112 354 72 94 0.010730075
656 0 15 10 0.010729272
796 561 126 170 0.010728468
37 599 121 166 0.010723698
219 0 15 11 0.010717209
323 0 30 22 0.01071389
671 0 15 11 0.010713491
145 451 189 240 0.010711377
264 1236 139 184 0.0107099665
668 1114 135 171 0.0107031055
670 1346 134 177 0.010695905
684 152 97 130 0.010695023
744 687 120 167 0.010692884
463 0 56 41 0.010692181
314 350 111 153 0.010691138
464 638 126 143 0.010680396
315 911 116 162 0.010673099
27 710 120 167 0.010667628
647 62 194 253 0.010665628
177 0 30 21 0.010664796
0 262 34 93 0.0106647005
276 0 30 22 0.010662629
259 1335 237 249 0.010662364
194 178 99 135 0.010660464
333 1389 136 169 0.010651308
116 0 29 21 0.010650927
340 0 57 42 0.010650402
470 372 111 152 0.010646893
28 224 159 212 0.010643202
381 735 116 153 0.010637345
821 72 131 175 0.010634597
544 742 410 517 0.010632566
553 0 15 10 0.01063121
765 322 199 272 0.010628225
787 1346 139 183 0.010623821
69 826 101 129 0.010622244
1013 620 11 65 0.010612218
166 223 98 135 0.0106092505
231 0 29 22 0.010606719
334 1287 134 181 0.010603617
193 945 109 134 0.010603388
230 0 15 10 0.010599154
769 189 121 165 0.010596904
0 21 41 74 0.01059478
183 1275 239 275 0.010594139
132 897 102 129 0.010590495
624 777 107 146 0.0105885845
280 940 121 161 0.010580958
794 1115 137 167 0.010572568
92 967 115 142 0.010568164
26 0 16 10 0.010565571
435 269 109 151 0.0105652
319 708 97 135 0.01056462
645 1004 119 151 0.010557782
896 844 113 149 0.010555467
661 0 58 43 0.01053879
378 819 224 300 0.010536799
417 1226 139 185 0.010535253
194 498 105 135 0.010525941
200 0 30 22 0.010522807
118 852 63 76 0.01052107
748 137 112 159 0.010517425
590 560 180 240 0.010515956
309 0 57 42 0.0105155585
131 82 246 297 0.01051321
105 23 99 127 0.010502968
618 0 15 11 0.010501281
29 774 115 159 0.010500543
380 1158 221 287 0.010495868
724 489 102 128 0.0104922475
338 0 30 22 0.010491862
310 1047 124 175 0.010489709
991 1531 33 53 0.010483271
894 900 111 150 0.010482004
215 1118 130 162 0.010481082
714 751 117 155 0.010477834
23 624 178 235 0.010476742
807 329 112 153 0.010476055
374 810 122 172 0.010475187
727 1345 140 184 0.010474687
413 626 379 482 0.010467549
859 724 129 167 0.010467425
855 218 133 181 0.01046708
71 0 17 10 0.010459138
855 1100 127 152 0.010450004
138 0 15 11 0.010449584
484 1292 132 165 0.010448332
353 0 30 22 0.010444716
712 628 120 159 0.010443182
319 400 54 80 0.01043829
294 601 89 147 0.0104380185
254 457 25 20 0.010434032
396 499 190 238 0.010433861
129 948 104 126 0.010433478
685 891 102 120 0.010428905
760 0 30 22 0.010427802
750 986 222 261 0.010425042
283 520 163 221 0.010413711
292 0 30 22 0.010413461
713 847 105 133 0.0104114115
730 0 29 22 0.010410453
82 407 83 103 0.01039803
437 228 356 460 0.010397107
969 1298 55 117 0.010396449
168 584 104 138 0.010393522
432 0 56 42 0.010392197
386 0 57 42 0.010385859
791 680 128 177 0.010382672
99 258 100 133 0.010373407
0 1050 16 35 0.010355266
802 1042 117 140 0.010351452
419 1101 140 192 0.010344782
432 603 118 143 0.0103439735
717 105 115 159 0.010341852
58 648 343 443 0.010324604
971 0 16 10 0.010323792
278 0 58 43 0.010323716
451 1045 135 186 0.010321973
88 1130 127 153 0.010319776
812 909 103 140 0.010315605
217 0 57 42 0.010312009
350 598 111 145 0.010290341
287 782 88 130 0.010277205
247 0 58 43 0.010274264
452 169 17 17 0.010273497
163 925 104 123 0.0102692135
439 897 215 291 0.01026844
481 1168 134 182 0.010266515
658 520 98 134 0.01025898
818 466 196 253 0.010248199
161 21 103 127 0.010241986
624 630 101 107 0.010241025
373 408 114 146 0.010239012
731 567 74 95 0.010234037
524 0 387 398 0.010233366
1002 527 22 79 0.010224158
80 301 197 251 0.010214164
34 465 118 162 0.010208113
441 1024 219 284 0.010207658
745 0 30 22 0.010205895
393 857 134 186 0.010205746
655 856 106 129 0.010200138
38 269 69 90 0.010188005
521 374 126 159 0.010180556
86 50 203 258 0.010176327
641 710 209 271 0.010174911
563 963 219 282 0.010165501
884 0 74 53 0.010165163
633 0 56 41 0.01016362
801 247 119 164 0.010157787
601 0 55 41 0.010154983
578 856 199 263 0.010154696
415 1355 137 172 0.010146825
212 155 26 19 0.01013658
205 159 77 98 0.010129589
624 890 105 127 0.010120333
1007 596 17 51 0.010119601
760 832 212 274 0.010119371
782 1508 98 76 0.0101177655
674 698 114 150 0.010116279
319 851 111 156 0.0101161115
80 0 15 10 0.010109234
854 128 135 180 0.010100701
559 184 16 32 0.010099507
71 579 109 147 0.010098844
956 0 15 10 0.0100939525
999 0 15 9 0.010080772
777 292 110 142 0.010070142
0 935 8 20 0.010056972
476 0 29 22 0.01005263
95 1029 116 145 0.010049329
215 329 110 142 0.010048981
685 1280 231 266 0.010047149
598 352 96 148 0.010046854
192 893 103 130 0.01004172
1023 0 1 28 0.010038455
354 1513 94 71 0.010035511
715 0 29 22 0.010032757
937 0 15 10 0.010032191
152 189 182 247 0.010030043
1019 98 5 50 0.010020776
846 454 72 108 0.01000683