51_Dresses_wearingdress_51_465
329
352 218 317 434 0.8963613
606 43 11 16 0.08259673
766 0 258 276 0.04240546
472 205 365 485 0.040460348
0 0 198 264 0.04017849
0 1052 204 261 0.038059257
755 1057 269 256 0.037432108
0 0 131 176 0.034321833
334 0 318 475 0.03352055
0 1140 136 173 0.033487465
324 369 331 434 0.03193974
530 0 385 270 0.030760206
372 1003 461 310 0.03060312
172 0 376 273 0.029297462
322 0 314 221 0.029131765
742 727 282 492 0.028873965
82 125 359 481 0.028789716
174 1007 425 306 0.028434347
0 223 224 496 0.02803182
935 1205 89 108 0.026060073
0 701 202 515 0.02580778
598 37 20 26 0.025585232
246 86 298 400 0.02551494
286 571 405 497 0.025223384
423 0 143 113 0.025048558
587 0 262 170 0.024952205
0 449 200 513 0.024717169
91 0 305 220 0.02470452
914 0 110 153 0.024571268
760 112 264 504 0.024483046
367 40 30 39 0.024014466
226 0 258 177 0.023987638
275 275 277 333 0.023629704
461 0 258 169 0.023615446
332 1123 314 190 0.023557859
816 701 208 328 0.023475295
219 524 277 334 0.0229374
224 1125 292 188 0.022886358
767 328 257 481 0.022787245
97 1128 277 185 0.02269463
586 80 262 350 0.022560164
0 407 137 349 0.022514867
577 397 260 339 0.02219315
713 298 248 339 0.021992387
553 1134 316 179 0.021749612
0 662 130 348 0.021697875
0 886 140 360 0.021607952
0 182 144 361 0.021514589
0 25 303 481 0.021386927
0 1226 76 87 0.021212505
456 332 261 330 0.021202207
593 553 253 314 0.021153972
505 714 431 519 0.021122022
145 705 421 553 0.02084063
68 342 353 450 0.02082656
52 604 369 494 0.020366546
57 919 390 394 0.02033762
707 73 273 355 0.020334734
825 560 199 324 0.020093355
588 906 436 407 0.020071283
258 822 472 491 0.01987657
0 0 86 114 0.019488674
302 68 13 17 0.019364549
584 669 283 337 0.019293463
880 310 144 328 0.018815883
400 0 116 85 0.01880229
431 625 336 397 0.018741142
901 10 123 292 0.018676706
928 160 96 175 0.018663261
448 494 271 347 0.018525576
444 0 264 346 0.018397113
220 63 15 21 0.018355357
532 476 379 470 0.018074252
207 652 284 348 0.018001592
899 180 125 336 0.017999804
894 950 130 360 0.017981194
700 566 261 316 0.017781954
1002 0 22 41 0.017269101
905 792 119 347 0.017139781
961 0 63 73 0.01673405
712 1154 246 159 0.016683342
1021 0 3 22 0.016616248
0 359 98 238 0.016612414
102 541 269 340 0.016586088
964 750 60 159 0.016418284
907 47 17 25 0.01616061
0 91 125 279 0.016123626
731 0 213 154 0.015937317
641 0 145 103 0.015924636
462 131 220 302 0.015858516
0 470 92 233 0.01580659
573 0 176 127 0.015740251
983 812 41 99 0.015713586
397 835 276 337 0.015599532
930 415 94 231 0.015527623
1023 0 1 17 0.015359327
483 1166 230 147 0.015343057
749 1217 172 96 0.015240282
462 0 84 62 0.015169229
908 680 116 269 0.015145133
684 0 179 126 0.015080792
0 0 28 34 0.014976377
64 0 115 79 0.014897422
44 309 273 348 0.014870697
940 948 84 246 0.014848062
0 0 56 69 0.0148338685
179 282 230 319 0.0147871915
0 0 13 16 0.014780172
942 778 82 235 0.01472494
994 724 30 109 0.014712725
0 586 108 272 0.014684929
500 532 164 189 0.01463038
387 196 214 303 0.014545412
579 1219 159 94 0.01452033
859 1174 165 139 0.0145080825
637 1215 166 98 0.014442273
32 1217 164 96 0.014405715
365 39 18 23 0.0143754985
947 631 77 196 0.014289849
0 320 72 192 0.014280238
896 496 128 305 0.014279706
1005 1299 19 14 0.014188062
521 0 144 97 0.014187622
592 42 14 18 0.014187293
330 288 133 196 0.014183829
104 55 262 361 0.014149517
336 0 174 123 0.01413285
71 0 211 161 0.014081079
375 79 210 256 0.013944527
0 739 77 193 0.013895252
300 40 16 17 0.013867151
970 1256 54 57 0.013859714
457 1223 157 90 0.013857722
536 449 191 239 0.01382429
518 1222 157 91 0.013814894
311 42 12 16 0.013797861
763 0 145 99 0.01374804
361 542 245 281 0.013730256
417 431 214 237 0.01365679
353 745 267 331 0.013651104
809 0 175 124 0.013608567
1006 0 14 9 0.013591337
196 45 218 302 0.013554581
595 47 18 21 0.013512626
0 80 85 200 0.013494137
95 1216 162 97 0.013453689
3 0 15 11 0.013302949
996 1289 28 24 0.013291962
716 42 29 32 0.013256568
944 552 80 201 0.013240881
338 1216 162 97 0.013202782
0 561 68 181 0.013176318
283 0 147 98 0.013175283
383 1197 193 116 0.0131591065
611 42 9 15 0.013136405
59 865 239 355 0.0130732525
0 813 123 290 0.01305437
0 231 91 242 0.012998248
291 894 255 326 0.012993395
594 45 9 10 0.0128549915
1009 731 15 80 0.012840988
122 443 218 270 0.012838603
406 27 170 141 0.012777211
899 0 111 80 0.012670541
443 895 181 229 0.012654285
601 856 251 312 0.012571375
224 0 146 108 0.012548054
96 21 81 37 0.012541776
365 56 22 29 0.012484468
0 1027 75 199 0.012460653
107 0 139 92 0.012450626
266 1188 193 125 0.012384455
37 0 15 11 0.012379445
332 498 204 234 0.01236696
455 101 162 197 0.012335788
461 945 264 327 0.012316222
224 1216 156 97 0.01230324
602 51 15 21 0.012296398
162 1217 155 96 0.012293733
547 243 133 242 0.012267488
128 0 64 45 0.012104281
1007 13 17 99 0.012063536
394 27 75 74 0.012009992
599 219 202 292 0.012008815
166 862 257 329 0.011943186
158 0 173 133 0.0118860165
0 0 8 11 0.011869884
489 833 153 215 0.011855548
10 0 15 10 0.011827528
302 636 239 273 0.011823913
45 641 242 295 0.011792982
372 0 15 10 0.0117411
30 0 15 10 0.0117152715
0 199 8 17 0.011690454
22 0 15 10 0.011616282
0 222 8 17 0.011576349
44 0 15 10 0.01153602
0 192 7 18 0.011479176
7 0 29 20 0.011455629
128 979 214 295 0.011450572
408 60 18 22 0.011427376
10 137 194 288 0.011416072
667 207 227 313 0.011375786
357 419 146 225 0.011366186
59 0 15 10 0.011327209
27 355 192 252 0.011299988
717 0 107 77 0.011291875
596 45 12 12 0.011287098
130 0 15 10 0.011261035
52 0 15 10 0.011259437
434 653 203 227 0.01124906
0 855 73 193 0.01124158
235 806 258 318 0.011210335
327 390 60 111 0.011168926
141 238 199 276 0.011164316
1017 0 7 33 0.0111399
0 211 7 18 0.011135939
149 0 15 10 0.011118129
971 0 15 10 0.011090551
639 460 123 224 0.0110877855
514 950 125 184 0.011040613
728 440 216 267 0.0110314535
0 184 7 18 0.011025336
606 49 10 14 0.011011777
25 729 179 227 0.011010038
67 0 15 10 0.011008643
1019 699 5 55 0.011004889
74 0 15 10 0.0109563805
171 0 15 10 0.010927161
378 0 90 62 0.010914701
354 0 15 10 0.010906815
562 121 180 267 0.010905782
936 48 19 24 0.010889001
331 0 15 10 0.010876531
137 0 15 10 0.010870097
367 44 19 27 0.010858063
96 0 16 10 0.010854191
603 28 20 30 0.010842306
138 370 179 224 0.010838485
979 0 15 9 0.010837612
1020 726 4 46 0.01080277
287 376 164 213 0.010799966
122 0 16 10 0.010781261
156 0 15 10 0.010772537
31 454 178 241 0.010762207
986 0 15 9 0.010756025
335 0 30 21 0.010747383
580 0 58 42 0.010739963
984 845 40 124 0.010727474
379 0 15 10 0.010705978
115 0 15 10 0.010704833
105 751 248 311 0.010702202
365 0 15 10 0.010700474
72 319 150 198 0.010693198
954 868 70 207 0.010678099
339 0 14 10 0.010676749
819 0 15 11 0.010636944
224 165 145 216 0.010626232
389 790 178 220 0.0106247505
164 0 15 10 0.010621511
215 60 15 21 0.010616971
81 0 15 10 0.010596725
462 24 81 97 0.010568118
346 0 15 10 0.010562648
591 44 25 34 0.0105254715
108 0 15 10 0.010516309
856 0 15 11 0.010503182
0 1267 37 46 0.010487293
956 0 16 10 0.010478884
886 0 15 10 0.010476919
34 632 169 200 0.010465253
826 0 15 10 0.010452712
785 0 15 11 0.01043572
89 0 15 10 0.01043462
324 0 14 10 0.010433968
938 0 15 9 0.0104171485
949 0 15 10 0.01041604
34 24 107 67 0.0104085915
964 0 15 10 0.010404662
998 0 14 9 0.010392309
510 0 14 10 0.010384968
841 0 15 10 0.01038179
659 966 233 304 0.010375365
0 942 8 20 0.010374013
612 805 157 195 0.010372624
989 197 35 111 0.01036187
834 0 15 10 0.010346902
659 0 15 10 0.010343542
937 251 87 189 0.010341225
192 412 200 249 0.010340614
647 0 16 10 0.0103400545
811 0 15 10 0.010333621
849 0 15 10 0.010311936
521 0 15 11 0.010311161
1001 829 23 65 0.0102941375
664 495 233 278 0.010267438
580 548 143 181 0.010266816
264 0 15 11 0.010266179
372 985 212 264 0.010265327
252 997 209 263 0.010259284
1023 726 1 35 0.010254406
31 0 30 19 0.010245089
226 264 139 203 0.010211537
707 863 235 310 0.010209907
105 0 64 39 0.010202781
178 0 15 10 0.010180273
0 927 9 20 0.010170572
755 0 16 11 0.010168157
12 0 63 42 0.010156525
350 0 29 20 0.010151638
893 0 15 10 0.010138395
226 66 11 15 0.010107526
912 0 15 10 0.010096005
450 0 15 10 0.010095738
0 232 8 18 0.010089562
1013 0 11 9 0.010083201
298 0 15 10 0.0100790085
152 547 169 204 0.01007046
551 805 151 192 0.010064167
666 0 15 10 0.010063558
726 1104 152 174 0.010055859
1014 1 10 52 0.010053785
257 0 15 10 0.010051276
0 176 8 19 0.010046745
1017 38 7 60 0.010040687
640 0 15 10 0.010033133
744 0 15 10 0.010027508
502 0 15 10 0.010024529
878 0 16 10 0.01000687