51_Dresses_wearingdress_51_763
356
121 124 223 267 0.8651183
550 164 239 290 0.85390025
0 2 108 299 0.23103686
318 12 174 233 0.12369285
375 6 190 253 0.089285895
12 39 208 288 0.079483554
248 113 240 298 0.059173394
388 133 236 298 0.05751594
38 113 232 302 0.05693675
0 21 70 190 0.056811746
0 97 66 202 0.052899588
101 10 216 271 0.05121924
87 208 17 19 0.050838176
374 1 130 171 0.049975287
325 492 215 242 0.041959237
184 2 203 260 0.04136455
559 31 224 311 0.03877132
804 566 220 264 0.037565026
820 0 204 216 0.036531318
0 2 59 121 0.03628134
0 0 191 163 0.03566611
0 470 202 353 0.034499846
912 349 112 270 0.034180127
461 247 291 340 0.03321803
337 551 303 279 0.03316285
85 0 209 156 0.032891948
14 140 148 222 0.032616805
390 70 143 121 0.032385733
0 619 111 211 0.032345098
769 155 195 259 0.03198954
447 130 31 29 0.031732596
781 60 191 262 0.031527568
1 230 206 264 0.031122137
49 253 293 404 0.030643586
0 361 195 282 0.030289695
86 194 25 31 0.030160923
475 0 218 266 0.030027818
523 366 307 386 0.02936088
90 213 11 12 0.029337808
832 115 192 374 0.029022528
565 0 213 149 0.028621443
31 400 295 400 0.028570265
505 577 324 253 0.028488455
875 415 149 298 0.028402414
285 8 138 177 0.028368168
376 357 201 253 0.028351074
767 0 209 142 0.028211636
437 626 244 204 0.02701821
128 529 320 301 0.026809182
0 4 34 82 0.026787842
871 60 153 265 0.026531335
474 118 27 36 0.026528751
306 609 216 221 0.026411004
0 433 118 291 0.026078135
608 0 312 227 0.025962515
241 427 95 211 0.025934853
662 0 212 139 0.025753886
86 109 154 197 0.02560098
948 744 76 86 0.025591876
637 383 294 379 0.025537862
874 261 150 260 0.025483167
598 267 295 359 0.024972394
871 142 93 148 0.024381159
291 368 199 257 0.024270035
405 394 317 382 0.024217384
718 190 296 372 0.024064554
941 470 83 199 0.023725405
284 239 198 253 0.023657735
664 641 218 189 0.02346984
69 606 229 224 0.023341408
930 18 94 246 0.023314472
241 89 159 222 0.02296855
932 0 92 128 0.02287409
404 0 144 119 0.022650663
33 0 120 94 0.022640884
361 141 170 241 0.02239319
163 298 248 326 0.02208566
9 671 184 159 0.02207032
554 160 138 173 0.021959728
192 445 217 281 0.021701789
3 358 108 155 0.021595517
410 79 94 81 0.021324988
948 313 76 184 0.021300163
200 221 139 173 0.021045497
652 146 177 237 0.020977084
962 99 62 171 0.020799173
0 82 41 125 0.02069736
222 0 138 133 0.02062954
0 166 45 127 0.020545019
452 249 190 228 0.020153696
924 560 100 216 0.019901985
572 319 200 231 0.019901259
870 693 154 137 0.01940103
141 280 194 231 0.019334175
460 124 36 36 0.019283097
768 435 219 280 0.019208003
321 0 136 115 0.019139571
0 193 57 159 0.018885406
0 746 59 84 0.018772237
119 239 139 154 0.01869258
421 237 137 188 0.018538754
377 664 203 166 0.01846033
526 267 159 191 0.018454418
784 707 184 123 0.018406633
88 216 14 16 0.018395713
332 576 126 157 0.018380342
1007 805 17 25 0.018379057
724 124 171 235 0.018311357
450 0 152 100 0.018262446
926 179 98 233 0.017804047
86 0 119 80 0.017765917
1003 0 21 38 0.01761909
0 227 117 191 0.0175914
148 699 184 131 0.017533448
0 0 52 56 0.017529882
210 385 110 204 0.017349193
281 0 118 82 0.017307304
580 684 202 146 0.017194228
756 745 128 85 0.016955769
988 590 36 100 0.016916962
407 480 198 218 0.016801948
143 404 199 278 0.016785776
981 780 43 50 0.016666599
75 739 135 91 0.016561033
719 543 202 261 0.01653141
322 109 140 206 0.016486717
741 373 181 233 0.016406832
440 82 147 183 0.016156018
704 739 133 91 0.016072182
0 0 11 14 0.015944855
93 215 10 12 0.015933305
604 87 141 178 0.015920287
517 115 134 173 0.015567053
181 0 121 83 0.015514386
88 370 204 253 0.015412962
372 727 134 103 0.015372462
178 746 126 84 0.015325515
0 0 27 41 0.015248504
521 511 222 248 0.015236777
135 0 119 83 0.015141581
520 0 121 76 0.015121639
969 0 55 69 0.0150509225
0 28 23 54 0.0149818845
466 291 121 161 0.014976662
102 517 187 248 0.014925109
711 115 120 173 0.01491653
552 0 145 89 0.014898968
333 744 119 86 0.014886098
669 409 200 247 0.014870648
126 743 130 87 0.014819072
86 211 11 13 0.014805584
726 264 174 228 0.014760616
469 408 201 239 0.014742786
17 79 126 167 0.014714182
750 0 145 99 0.014635538
621 501 207 255 0.0146182235
1011 0 13 24 0.014558664
818 107 113 179 0.014516351
677 280 128 176 0.014470663
101 275 17 21 0.014466497
0 321 60 135 0.014390284
986 667 14 15 0.014351765
653 0 145 92 0.014320684
14 309 143 168 0.014289784
0 54 31 96 0.014230186
0 588 33 90 0.014222208
0 493 60 171 0.014198802
714 0 120 77 0.014118792
615 0 118 71 0.014023848
395 582 152 172 0.01393485
455 125 19 25 0.013697512
679 42 186 258 0.013668105
253 715 176 115 0.013637924
375 400 116 156 0.013597371
584 416 190 228 0.013585268
472 533 189 205 0.013573533
380 62 87 97 0.0135671375
853 393 146 191 0.013562738
419 109 79 91 0.013547773
434 40 145 145 0.013508785
560 733 139 97 0.013485787
811 0 117 78 0.013474993
995 166 29 95 0.013471636
1021 0 3 17 0.0134160705
0 112 25 84 0.013401638
356 460 151 196 0.013340255
520 338 132 156 0.013337497
0 140 33 102 0.013241434
967 578 57 146 0.013193036
0 406 56 158 0.0131383
0 263 56 142 0.013132556
499 64 140 165 0.013078594
382 203 116 158 0.013059845
18 43 84 120 0.013045062
466 0 82 59 0.013021062
225 752 123 78 0.012984501
264 419 121 164 0.012968318
860 0 117 77 0.01290749
314 522 138 152 0.012903882
812 638 9 11 0.012892058
461 154 126 168 0.012891133
768 407 118 155 0.012849783
214 131 126 198 0.012720615
972 344 52 116 0.012689893
22 321 38 45 0.012680479
372 87 106 132 0.012666934
263 490 121 163 0.012643794
93 209 10 12 0.012615726
1003 604 21 74 0.0125823505
482 0 172 142 0.01255115
854 180 135 181 0.012488201
0 276 7 19 0.012473391
0 0 7 9 0.01245125
57 490 151 195 0.012417631
447 105 55 56 0.0123824915
202 305 121 117 0.012371382
279 754 118 76 0.012235123
761 162 109 153 0.012226174
0 63 6 16 0.012224866
462 733 135 97 0.012223632
11 176 92 136 0.012218573
1014 58 10 35 0.012148941
239 467 66 130 0.012130944
782 276 182 238 0.012116074
413 99 114 155 0.012110892
518 175 99 145 0.012097165
96 212 10 13 0.012081824
807 403 127 170 0.01205349
85 201 16 22 0.012037108
392 0 88 94 0.011977447
0 393 5 15 0.011942458
83 211 22 27 0.011931285
95 192 21 27 0.011881468
984 120 40 119 0.011836319
314 0 24 18 0.011825047
448 127 52 50 0.011812608
550 642 153 178 0.011811957
497 0 64 44 0.011724176
505 686 149 144 0.011682584
1023 0 1 14 0.0116735585
83 303 127 139 0.011673539
868 37 108 199 0.01166584
357 539 138 164 0.011653815
0 374 5 13 0.011638403
212 339 149 191 0.011615233
766 356 114 147 0.011585543
0 210 5 14 0.0115255825
288 462 130 147 0.011510223
967 389 57 142 0.011504993
0 785 32 45 0.011493469
367 284 147 187 0.0114874495
0 608 20 61 0.01145859
1006 189 18 65 0.011449425
269 470 74 138 0.011411798
568 397 123 149 0.011371655
0 386 5 14 0.011307728
94 206 16 20 0.011275351
866 0 12 9 0.011263143
240 0 97 65 0.011254976
26 0 78 75 0.011236928
131 349 126 146 0.01123461
0 561 76 216 0.011220581
969 48 55 159 0.011217703
168 387 122 165 0.011183374
323 433 132 138 0.011175334
0 25 7 17 0.011166558
762 489 126 170 0.011162819
943 0 64 60 0.011148362
0 0 17 26 0.011141411
503 499 138 162 0.0111401
0 194 6 15 0.011115985
851 535 143 185 0.011108894
847 238 151 194 0.011098274
454 448 138 170 0.011052311
344 71 105 124 0.01104589
561 548 137 162 0.011044893
88 192 17 22 0.01102442
96 136 90 123 0.011023177
4 311 41 60 0.011017448
86 0 21 15 0.011009078
806 637 136 172 0.010982118
469 126 20 23 0.010980578
160 0 12 9 0.010945771
180 347 125 148 0.010932733
997 342 27 87 0.010900861
126 493 137 182 0.010858624
699 584 135 177 0.010839538
900 105 108 165 0.010836522
337 640 116 150 0.010820771
452 0 63 43 0.010814967
608 585 143 175 0.010764243
114 0 23 16 0.010744513
21 105 81 118 0.010691409
60 0 21 18 0.010690916
404 362 105 161 0.010689288
429 560 130 137 0.010686163
30 0 23 16 0.010661557
868 192 64 101 0.010655896
614 394 124 146 0.010644315
0 216 5 14 0.010633187
0 379 5 15 0.010633028
0 45 13 35 0.010610784
512 0 80 54 0.010596633
130 0 12 9 0.010585598
612 496 136 163 0.010577137
81 182 27 37 0.010540981
740 290 107 160 0.010525337
886 6 114 171 0.010524734
703 343 122 147 0.010515486
0 203 5 15 0.010512085
618 516 65 81 0.010485623
952 762 34 40 0.010481276
904 329 107 138 0.010479485
0 56 7 17 0.010469817
1012 820 12 10 0.010447701
754 587 129 172 0.010443789
996 3 28 81 0.010426406
0 771 5 15 0.010402527
114 0 13 9 0.010384898
0 9 12 31 0.010384673
0 373 3 9 0.010379788
446 198 71 92 0.01036244
1017 655 7 20 0.010359487
475 818 42 12 0.010342415
482 128 17 20 0.010336344
690 646 118 148 0.010333071
808 0 25 17 0.010320882
0 13 17 51 0.010294577
967 192 57 123 0.0102617415
81 0 80 52 0.010257152
0 398 6 17 0.010248544
371 0 12 9 0.010239666
781 0 13 9 0.010217117
120 0 12 9 0.010215119
76 0 11 9 0.010207382
809 486 128 173 0.010190303
121 0 47 37 0.01017501
960 260 64 135 0.010147471
982 249 42 81 0.010147166
591 0 13 9 0.010135509
24 0 47 34 0.010134865
484 119 21 27 0.010128897
52 336 165 194 0.010123982
421 0 76 53 0.010122256
449 141 22 22 0.010121983
380 31 55 103 0.010120222
357 344 120 152 0.010118911
339 0 94 68 0.0101122465
57 0 79 64 0.010090102
46 155 96 152 0.010070532
439 210 97 137 0.010063531
0 806 25 24 0.0100534735
697 0 12 9 0.010044429
827 0 12 9 0.010035896
698 494 136 172 0.010034276
338 0 12 9 0.0100040985