51_Dresses_wearingdress_51_13
328
289 219 273 337 0.89211184
155 178 314 380 0.04779486
766 0 258 269 0.046891995
0 0 198 276 0.039508488
0 1050 209 342 0.039031997
520 574 336 350 0.037421577
781 1077 243 315 0.03684757
311 310 305 368 0.03404567
533 0 374 272 0.0330568
286 0 361 275 0.032922544
0 0 131 177 0.03245595
917 0 107 146 0.031175708
372 524 358 421 0.03077227
397 1016 374 376 0.029440254
442 0 314 198 0.029231815
57 0 366 258 0.029096441
959 1279 65 113 0.02736309
780 110 244 494 0.026853092
0 0 85 114 0.026726453
0 1236 127 156 0.026660737
373 0 210 138 0.026456377
49 1046 387 346 0.02640278
203 1050 365 342 0.026251338
764 369 260 472 0.025709918
825 59 199 347 0.02538711
0 106 204 505 0.025090087
743 573 281 486 0.02499526
0 684 213 528 0.024732007
0 344 187 511 0.024626488
587 443 385 449 0.024506183
210 0 305 212 0.024205998
110 421 258 329 0.023676628
171 504 375 467 0.023035146
117 85 264 335 0.02274036
340 1127 275 265 0.02242332
192 0 214 149 0.02239113
71 0 218 152 0.022247883
841 313 183 330 0.022068053
358 63 367 455 0.021926269
538 1096 299 296 0.021455644
225 0 340 453 0.021412477
956 0 68 80 0.021234948
0 541 129 352 0.02120957
88 544 303 407 0.021004979
0 297 127 343 0.020864267
710 1157 245 235 0.020831082
94 671 337 484 0.020805372
0 815 121 277 0.020589123
607 0 218 157 0.020546157
853 932 171 325 0.020509563
314 1249 220 143 0.020334203
466 1213 255 179 0.020309491
0 461 121 277 0.020296505
0 890 135 359 0.020289803
664 0 360 466 0.020160284
267 0 183 119 0.019557178
816 763 208 407 0.019476356
895 214 129 319 0.019388305
492 513 19 21 0.019326223
27 0 175 131 0.019316494
762 1108 69 74 0.019269824
897 440 127 322 0.019164732
0 64 141 342 0.019143237
458 0 152 100 0.019085119
0 693 122 282 0.018932965
465 274 219 274 0.018855985
379 1344 28 31 0.018854486
344 0 152 96 0.018826038
897 564 127 317 0.01870319
504 0 181 126 0.018701762
0 791 332 540 0.01863529
25 1264 181 128 0.018597106
890 740 134 312 0.01824455
931 1172 93 220 0.018184029
660 1236 217 156 0.017942779
173 767 372 504 0.017758742
940 443 10 16 0.01770478
730 0 212 154 0.017699294
362 388 185 204 0.01759919
597 81 246 319 0.017509041
608 672 371 481 0.017305417
522 269 367 484 0.017249223
486 832 353 480 0.017055638
939 374 85 225 0.017001346
366 703 324 380 0.016924303
168 0 148 100 0.016674224
313 110 212 272 0.016617429
0 0 54 70 0.016569143
0 184 97 230 0.016563365
0 858 74 189 0.016368192
105 0 147 97 0.016336434
0 502 74 189 0.01626626
316 790 381 504 0.016017737
940 258 84 217 0.01595045
980 1322 44 70 0.015931595
0 1075 100 235 0.015878158
924 106 100 260 0.015824638
652 851 352 472 0.015787754
0 379 73 189 0.01578492
686 0 179 125 0.015759068
587 326 248 315 0.0157194
1002 0 22 40 0.015660636
935 726 89 219 0.015637489
949 1085 75 220 0.015558301
1008 1354 16 38 0.015498435
655 199 237 310 0.015455138
934 846 90 214 0.015448097
553 1266 184 126 0.015382131
0 1037 72 188 0.015377094
0 144 73 189 0.015343056
760 1294 143 98 0.015198966
50 309 220 297 0.015193818
885 1267 139 125 0.015191303
106 1222 252 170 0.015150383
0 616 75 191 0.015143871
794 1249 188 143 0.015033904
581 0 149 103 0.01503365
0 736 74 190 0.014974119
447 1275 183 117 0.014795419
1022 0 2 21 0.014772529
809 0 170 121 0.014749448
541 713 283 340 0.014739489
255 413 228 275 0.014684906
588 1379 15 13 0.014591976
479 646 234 330 0.014583405
1018 1372 6 20 0.014576528
641 0 147 101 0.014532722
0 1159 79 191 0.014427002
315 331 174 219 0.014370712
713 254 243 321 0.014361082
944 981 80 212 0.014145802
292 195 161 209 0.014140793
1010 0 14 26 0.014130447
405 0 136 82 0.014085099
415 449 227 288 0.013983397
1021 1375 3 17 0.013982564
0 1330 77 62 0.013944123
136 331 231 265 0.01372853
455 427 141 176 0.013471068
763 0 144 99 0.0133465035
27 411 173 236 0.013334328
632 705 227 256 0.013304133
0 0 34 45 0.013203957
112 0 14 11 0.013172659
625 284 184 232 0.013152706
677 853 33 41 0.013133579
231 0 14 11 0.013112812
0 241 145 232 0.013100893
100 0 15 11 0.0130736055
712 0 13 10 0.013061186
0 0 14 17 0.013061166
577 0 14 11 0.013039802
719 0 14 11 0.013006721
257 0 14 11 0.013002511
700 0 14 11 0.012995546
63 0 15 11 0.012945428
584 0 15 11 0.012922997
242 0 14 11 0.012913857
225 1276 171 116 0.012893224
52 0 14 11 0.012889224
737 0 14 10 0.012875342
195 701 223 324 0.012867584
119 0 14 10 0.012858939
249 0 15 11 0.01285318
592 0 14 11 0.01284584
559 165 203 283 0.012829859
130 0 15 11 0.012800725
82 0 14 10 0.01279583
570 0 14 11 0.012795607
93 0 14 10 0.012781298
745 0 14 10 0.012774838
71 0 14 10 0.0127636865
558 0 15 11 0.012756441
780 740 114 214 0.012739996
223 0 15 11 0.012729533
730 0 14 10 0.012722276
264 0 14 10 0.0127135115
693 0 14 11 0.012669086
685 0 14 11 0.012661238
272 0 14 10 0.012645638
724 162 213 273 0.012598376
666 0 15 11 0.012591326
279 0 15 10 0.012584123
65 464 198 249 0.01255531
45 0 14 11 0.0125534665
752 0 14 10 0.01251518
682 336 194 245 0.012471313
551 0 14 11 0.0124508925
216 0 14 11 0.012450046
648 0 14 11 0.012449756
373 454 193 223 0.012392814
674 0 14 11 0.012391332
599 0 15 11 0.0123512205
402 0 14 11 0.012307171
405 220 160 230 0.012289273
759 0 15 10 0.012257297
618 0 15 11 0.012233441
37 0 14 10 0.0122177685
50 731 273 345 0.012179899
607 0 14 11 0.012143466
659 0 15 11 0.0121346945
12 1322 126 70 0.0120861735
531 0 120 80 0.012062808
138 0 14 10 0.012049694
781 1132 42 50 0.012047546
286 0 15 10 0.012021803
8 614 222 332 0.011990981
390 103 162 203 0.01196877
687 125 172 221 0.011955716
417 0 14 10 0.011925167
365 1289 135 103 0.011918562
992 0 32 106 0.011868258
626 0 14 11 0.011866973
864 0 14 11 0.011844273
420 347 169 211 0.011830948
512 610 171 204 0.011822744
208 0 15 11 0.011821696
544 0 14 11 0.011813242
767 0 14 10 0.011793045
30 0 14 11 0.01178355
169 659 195 255 0.011780967
217 597 236 319 0.011769272
380 0 14 11 0.011753928
239 357 167 204 0.011753887
395 0 14 11 0.011753456
159 861 250 356 0.011715752
31 0 120 84 0.011695324
856 0 15 11 0.011694442
458 0 14 11 0.011652541
410 0 14 10 0.01162611
387 0 15 10 0.011608505
439 0 30 23 0.011526916
711 38 228 272 0.011526221
397 896 19 22 0.011498302
505 439 36 56 0.011484104
145 0 15 10 0.011470162
544 465 223 309 0.011458355
849 0 14 11 0.011427315
640 371 149 184 0.011424609
294 0 15 10 0.011421936
871 0 15 11 0.011420684
592 1382 18 10 0.011397501
60 1196 168 180 0.011386331
424 0 15 10 0.011381974
774 0 15 10 0.011364848
201 0 14 11 0.011323305
577 843 15 29 0.011314377
550 839 40 58 0.0113079185
0 1348 37 44 0.011254611
295 0 120 79 0.011253443
641 0 14 10 0.0112376865
28 894 172 232 0.011175909
750 976 16 27 0.01117398
633 0 14 10 0.011158399
414 57 227 292 0.011157002
536 0 15 11 0.011156418
407 908 17 20 0.011139731
65 982 224 289 0.011104238
3 0 15 11 0.011093935
60 150 221 322 0.011051896
406 0 80 51 0.0110148145
443 0 14 11 0.010993448
190 0 14 11 0.010946527
24 536 167 229 0.010917947
879 0 14 10 0.01089207
301 0 15 10 0.0108913565
451 1114 73 98 0.010876834
436 0 14 10 0.010873933
306 513 233 288 0.010867527
946 54 78 193 0.010863038
450 0 15 10 0.010861177
235 0 121 84 0.010857973
634 198 164 212 0.010853548
401 901 18 21 0.010845196
466 0 14 10 0.010840817
565 42 202 251 0.010771988
11 0 14 10 0.010739403
14 0 60 43 0.0107209
0 0 10 10 0.010715292
22 0 14 10 0.010698831
658 643 19 27 0.010668964
341 0 98 63 0.010655361
782 0 14 10 0.010643522
528 943 219 312 0.010630508
91 1290 160 102 0.010629837
372 0 15 11 0.0106208585
709 434 241 333 0.010597753
781 701 215 281 0.010584336
459 1315 96 77 0.010558808
731 816 210 262 0.010557899
169 321 141 189 0.010529567
152 0 15 10 0.010502913
718 0 114 83 0.010501454
473 0 14 10 0.010482642
0 0 22 28 0.0104675125
196 639 136 176 0.010464358
341 1301 100 91 0.010438882
797 0 14 10 0.010391004
789 0 15 10 0.010317654
497 0 78 52 0.010279889
478 0 48 42 0.010266149
27 774 171 237 0.01025019
244 1159 235 233 0.01023348
580 1382 18 10 0.0102295475
677 53 142 186 0.010219239
622 1176 142 213 0.010216389
841 0 15 11 0.010201857
886 0 15 10 0.010199328
426 0 30 22 0.01019848
604 0 29 22 0.0101974085
559 1382 15 10 0.01018449
830 0 15 10 0.010163984
530 843 39 53 0.010157699
391 599 223 272 0.010151725
506 0 15 10 0.010140599
392 1346 19 27 0.010117749
715 1290 130 102 0.010116606
25 186 176 238 0.010115156
486 829 228 309 0.010105866
223 966 238 319 0.010101764
711 1058 116 160 0.01009155
112 0 29 22 0.010078221
73 1308 94 84 0.010072264
242 258 180 228 0.010066455
0 1361 20 31 0.010062366
291 0 29 22 0.010056208
276 0 30 23 0.010043841
549 709 155 217 0.010002011