51_Dresses_wearingdress_51_599
576
707 54 116 175 0.8876231
197 73 142 195 0.88083726
835 0 89 117 0.86777365
787 0 124 148 0.07715025
997 374 27 42 0.06425012
114 720 277 337 0.05087101
737 0 113 135 0.04272328
801 0 87 94 0.03793572
0 1199 67 158 0.037424285
757 0 75 80 0.03051058
924 0 100 134 0.03049439
75 812 233 267 0.029164238
0 0 105 140 0.028742779
28 305 108 164 0.02866197
0 0 206 269 0.028474161
159 0 194 187 0.028398443
97 376 355 613 0.027330933
937 1497 87 145 0.02655494
275 63 180 240 0.025862215
968 0 56 81 0.025340252
220 181 122 136 0.025283273
764 1203 260 439 0.023818705
446 828 55 110 0.023807725
862 23 86 107 0.023763511
803 0 58 37 0.02355689
899 285 125 272 0.023460962
661 6 128 183 0.02344756
174 158 164 222 0.023102276
186 0 138 111 0.022983441
683 42 191 238 0.022813048
1 1241 99 149 0.022573173
230 0 160 131 0.022463059
711 46 86 116 0.022419544
448 404 33 48 0.02224535
31 562 98 180 0.022228519
288 0 200 142 0.022050591
811 0 213 276 0.02197447
0 1456 118 186 0.021703769
706 146 115 143 0.021669658
994 389 23 28 0.021544538
41 334 132 183 0.021517731
972 1570 52 72 0.021382295
0 1263 50 124 0.021348797
0 1251 228 391 0.021272782
962 41 62 160 0.021191964
37 254 148 190 0.020843673
0 0 57 77 0.020843081
0 29 76 174 0.02058762
541 0 195 138 0.02021471
1007 386 17 32 0.020071026
0 58 109 261 0.02006318
0 1108 63 130 0.019982208
0 1187 41 123 0.019472936
41 73 225 284 0.019068098
2 1131 112 197 0.018963922
416 0 198 144 0.018856388
917 819 107 277 0.018777102
175 0 73 52 0.018589007
734 88 131 156 0.018555868
309 44 132 174 0.018535921
365 0 164 120 0.018494723
763 71 93 119 0.018369233
898 324 53 69 0.018362451
866 0 79 86 0.01818167
928 69 96 247 0.018161764
192 794 276 279 0.017917823
838 69 102 136 0.017894113
636 152 136 168 0.01788218
857 1440 167 202 0.017766418
462 412 19 33 0.017712403
151 56 142 176 0.017665457
51 604 107 178 0.017642865
907 939 117 291 0.01749519
909 391 24 17 0.01747895
1007 0 17 44 0.017348913
952 914 72 205 0.017341282
0 1097 39 102 0.017256975
143 914 156 169 0.017220136
683 0 104 84 0.017171443
21 1452 217 190 0.017076207
31 0 193 145 0.017032856
986 355 38 96 0.017005453
951 795 73 206 0.01699786
566 36 149 186 0.016940037
489 0 102 87 0.016807234
1009 371 15 33 0.0167045
139 391 263 368 0.016661491
0 1548 67 94 0.016532937
529 1442 224 200 0.016517378
249 155 86 116 0.016510349
925 630 99 272 0.016407175
433 1191 429 451 0.01636405
0 0 36 49 0.016344663
170 0 50 36 0.016210942
817 0 60 53 0.016187591
733 189 196 238 0.01618431
886 30 129 156 0.01612424
718 106 190 231 0.016122466
62 1232 388 410 0.016107712
1016 369 8 44 0.01609804
0 387 38 99 0.015880186
962 359 62 157 0.015869103
103 0 168 122 0.015859175
555 0 104 87 0.015728854
148 255 205 260 0.015724821
987 41 37 103 0.015684562
580 449 356 526 0.0156734
0 726 32 76 0.015579841
890 136 134 301 0.015536791
0 1575 41 67 0.015478529
146 1466 206 176 0.015471384
1012 1608 12 34 0.015430349
0 825 109 270 0.015362621
319 0 132 90 0.015342633
736 2 212 249 0.015332212
954 611 70 194 0.01529216
0 824 58 138 0.015236678
719 0 89 64 0.015110211
2 1311 119 141 0.015091768
0 693 9 21 0.015050457
115 228 147 171 0.015014188
0 162 69 178 0.0150139555
264 108 122 157 0.014978416
616 0 104 81 0.014974417
744 0 28 17 0.01496184
263 0 105 86 0.014921985
0 1057 83 153 0.014896138
36 574 157 275 0.0147754485
0 194 97 259 0.01464476
0 488 236 563 0.014643477
0 1245 37 97 0.014639375
0 297 66 172 0.014600964
811 82 213 438 0.014569015
641 1545 130 97 0.014542804
139 0 73 61 0.014532338
887 1254 137 299 0.01452815
408 69 193 245 0.014520407
43 291 92 99 0.014497737
890 1073 134 299 0.014493979
920 361 104 321 0.014479524
872 53 90 114 0.014473226
644 1444 228 198 0.01445887
0 531 55 148 0.014429697
956 179 68 177 0.014415799
0 509 94 261 0.014414942
676 83 108 140 0.014402914
398 1451 197 191 0.014385954
0 310 95 264 0.014379805
94 574 219 342 0.014339838
112 1506 158 136 0.0143170385
498 226 29 48 0.014300808
944 1044 80 211 0.014288485
1001 1597 23 45 0.014262199
139 133 156 182 0.014247656
0 770 193 283 0.014234363
292 0 373 373 0.014233771
484 273 371 534 0.0142016355
155 1077 122 157 0.014192764
28 1535 142 107 0.014190865
126 1138 167 283 0.014185528
0 997 141 317 0.014074405
852 494 172 521 0.0140506625
1003 382 21 61 0.014038785
0 758 54 147 0.01403705
257 205 109 129 0.0140299555
32 363 184 272 0.014017348
0 1313 39 97 0.014013393
205 0 77 62 0.013990377
860 51 53 68 0.01396897
906 0 101 73 0.013928653
1016 0 8 31 0.013874958
1003 318 21 84 0.01383153
696 0 73 50 0.013809853
16 0 80 82 0.013796206
661 0 86 63 0.013769862
350 17 191 237 0.013737377
1017 390 7 47 0.01373306
692 41 65 103 0.013714884
952 252 72 194 0.013689883
477 21 187 212 0.013689584
566 1539 136 103 0.013655048
3 1379 126 178 0.013584849
0 1012 54 148 0.013577128
794 1537 135 105 0.013574491
772 937 252 516 0.013565707
598 683 221 277 0.013527787
0 0 7 9 0.013468288
0 1424 64 155 0.013463153
570 0 49 44 0.013449573
0 696 53 141 0.013415497
935 574 89 158 0.013401632
958 1005 66 165 0.01337763
526 0 92 70 0.013361797
697 684 229 278 0.0133359395
18 1191 131 168 0.013317314
964 452 60 152 0.013279809
0 885 186 254 0.013266732
189 893 157 171 0.013220816
90 328 206 264 0.013165628
745 0 50 32 0.013155832
232 189 160 211 0.013128889
0 468 57 147 0.013117232
696 1540 133 102 0.013085628
775 0 59 35 0.013082264
978 839 46 117 0.013065264
977 926 47 123 0.013043221
516 1541 130 101 0.0130361635
451 0 379 268 0.01299857
0 37 44 106 0.012985829
546 750 191 260 0.0129808895
0 693 94 278 0.012969327
898 315 100 136 0.012951053
310 387 129 160 0.01293952
0 813 35 99 0.012923302
7 384 129 226 0.012923107
96 897 347 447 0.012907667
245 886 231 248 0.012877384
658 757 221 265 0.012875603
315 159 128 166 0.01287318
192 1552 119 90 0.01285851
606 193 192 239 0.012850028
741 0 17 11 0.012821985
99 1237 193 276 0.012802535
956 0 58 44 0.0127945375
0 1331 71 104 0.0127819525
83 1352 215 272 0.012752544
0 949 57 142 0.012751022
519 1254 234 292 0.012747237
0 865 67 183 0.012701098
0 404 53 150 0.012692059
268 190 81 99 0.0126912985
0 870 37 99 0.012685047
838 2 61 75 0.012659014
966 535 58 154 0.012635955
979 616 45 113 0.012562013
935 1360 89 220 0.012551847
602 549 229 304 0.012526333
1021 360 3 46 0.0124926595
1016 326 8 56 0.012489387
682 206 162 196 0.012478356
988 112 36 100 0.012446842
979 995 45 118 0.012442244
908 309 71 94 0.012428643
0 1 317 464 0.012415017
75 0 103 85 0.0124130165
522 960 217 274 0.012377199
936 1235 88 215 0.012376064
290 1458 201 184 0.012374295
0 334 32 95 0.01236956
333 1048 119 155 0.012364051
906 414 106 146 0.012352121
726 826 200 248 0.012345627
749 0 19 11 0.01232545
32 217 233 330 0.012310947
433 0 89 69 0.012309185
180 1295 105 143 0.012308768
305 0 88 67 0.012299306
297 1560 109 82 0.012284995
0 521 37 104 0.012276154
48 1323 141 146 0.012263973
0 1034 33 98 0.012240467
59 501 122 186 0.012234875
0 590 51 151 0.01223425
239 1507 148 135 0.012231779
859 1542 143 100 0.012228001
415 1378 125 174 0.012207553
984 783 40 108 0.012205839
979 1059 45 117 0.012205087
140 992 230 284 0.012180017
0 935 8 20 0.012179226
733 1130 119 160 0.012172436
461 1325 247 290 0.012120734
228 242 113 133 0.012116669
473 0 75 57 0.012112954
53 97 137 175 0.012097901
105 814 127 186 0.012080386
286 414 176 242 0.01205944
961 131 63 149 0.012057438
989 379 21 26 0.012057093
817 0 29 21 0.012054405
607 385 208 275 0.0120536275
1022 379 2 38 0.012042153
582 1049 429 522 0.0120211495
597 0 74 57 0.012014222
986 271 38 102 0.0120016355
603 1020 197 270 0.011993507
557 138 176 236 0.011982177
406 780 100 156 0.011940881
725 136 87 96 0.011912431
6 465 144 264 0.011902352
158 1024 127 152 0.011896917
993 0 31 63 0.01188866
16 651 108 192 0.011886361
786 1575 93 67 0.011881691
0 581 35 105 0.0118581345
982 310 42 106 0.011841997
424 25 103 140 0.011841044
985 175 39 107 0.011834606
710 1164 108 152 0.011830491
961 725 63 155 0.011823726
1020 397 4 48 0.011806598
409 1183 223 288 0.011805188
882 702 142 270 0.011799419
462 1022 217 269 0.011796139
792 774 197 256 0.011795437
392 1321 119 160 0.01178207
986 487 38 102 0.011781006
424 1581 34 34 0.011780869
231 346 201 249 0.011778179
793 1248 128 165 0.011753503
668 129 81 106 0.011746511
336 1042 405 508 0.011744708
870 85 106 129 0.011717354
592 1152 207 273 0.011696725
552 634 195 273 0.011695238
0 236 35 98 0.011676729
754 0 34 22 0.011649123
688 560 241 297 0.011648043
0 1032 208 498 0.011643409
188 519 249 357 0.01161913
544 874 118 153 0.011617874
416 1533 125 109 0.01159939
516 1242 35 46 0.011593035
0 1357 60 148 0.011564815
360 1557 110 85 0.011549224
590 144 368 526 0.011547479
0 250 53 137 0.011545133
737 1196 119 155 0.011542247
361 1349 118 165 0.011541948
16 1571 98 71 0.011533562
1010 400 14 24 0.011529819
271 0 18 11 0.011524501
981 675 43 114 0.011513489
318 0 53 47 0.011513107
793 130 188 244 0.011490562
0 426 34 103 0.0114524225
796 0 35 23 0.011443709
731 1088 217 275 0.011437836
993 817 31 108 0.011430629
1023 371 1 39 0.011429989
285 281 181 237 0.011426657
669 882 197 258 0.011423217
603 813 211 270 0.011416592
0 699 5 15 0.011408921
470 902 206 267 0.0113850925
0 970 92 158 0.011378383
247 226 78 91 0.011367694
0 290 16 34 0.011352909
419 1082 210 265 0.011351019
295 1086 171 257 0.011327993
872 461 152 308 0.0113265505
987 554 37 109 0.011302571
1008 433 16 95 0.011299482
948 1163 76 172 0.011275522
642 701 127 175 0.011271671
738 1420 119 152 0.011269608
733 0 14 11 0.011264923
238 0 91 70 0.011242432
578 784 118 157 0.011242016
628 5 301 391 0.011230387
125 518 132 176 0.011228311
739 1474 192 168 0.011223962
0 1475 40 108 0.011219644
346 1582 75 60 0.011217965
323 941 128 176 0.011204835
688 629 336 523 0.011204077
450 947 403 493 0.011198995
516 1084 224 277 0.011188727
558 1570 98 72 0.011187265
353 1253 119 163 0.011184345
784 625 209 273 0.011182521
1011 302 13 73 0.011178338
674 1139 203 272 0.011173001
768 1384 125 161 0.011161921
0 970 34 97 0.011152125
793 873 209 272 0.011149763
422 964 197 253 0.011124021
55 168 135 169 0.011113761
67 826 41 51 0.011113041
871 333 72 84 0.011109363
109 118 113 143 0.011093412
257 300 135 164 0.011088694
426 529 74 111 0.011086999
153 0 50 40 0.011067068
578 845 122 157 0.011055121
477 207 64 83 0.0110488385
624 1577 96 65 0.011045123
707 1100 113 164 0.011044941
0 948 32 54 0.011034596
8 323 46 52 0.01102709
121 969 157 167 0.011022782
372 431 78 112 0.011020071
201 1056 370 493 0.011019153
40 1258 79 96 0.011018986
489 24 101 140 0.01101079
277 1581 80 61 0.011001838
187 0 13 11 0.010997577
186 1112 110 156 0.010977105
228 1321 290 321 0.010965457
182 1 33 20 0.010960412
238 1579 85 63 0.010957704
546 948 122 153 0.010956517
160 479 133 181 0.010927305
614 744 121 168 0.010926438
739 1259 122 155 0.0109231435
1023 387 1 37 0.010915934
711 1241 104 136 0.010912696
351 1124 193 277 0.010905834
40 0 108 112 0.010887774
487 232 33 47 0.010883844
504 244 17 24 0.010878348
724 949 207 271 0.010872988
726 1184 235 297 0.010872367
213 1409 199 232 0.010866231
417 615 119 173 0.010863694
974 1117 50 122 0.010845974
200 0 43 29 0.010838938
110 297 148 177 0.010836772
370 0 89 68 0.010829353
210 0 53 37 0.0108287595
823 1187 128 168 0.010827735
0 171 38 104 0.010823897
73 689 114 157 0.010821416
777 210 110 135 0.010808747
681 1032 189 261 0.010792249
360 486 170 257 0.010791277
827 1121 126 167 0.010769782
181 0 393 266 0.010765718
136 386 130 173 0.010757894
762 311 136 161 0.010749893
320 759 203 259 0.010740302
55 1389 140 167 0.010728035
425 79 112 163 0.010718019
817 1437 137 174 0.0107135195
351 1269 195 276 0.010713457
485 1128 124 164 0.010710853
61 319 107 117 0.010691976
1004 279 20 87 0.010689343
580 910 120 155 0.01068529
0 94 50 130 0.010681763
28 1273 115 126 0.010681393
720 376 214 278 0.010666675
0 111 202 548 0.010661024
644 423 238 313 0.010648784
508 223 26 45 0.0106472075
681 1361 95 135 0.010645864
441 1343 135 175 0.0106425965
919 316 43 69 0.010642223
258 1401 126 154 0.010630236
843 1572 96 70 0.010620304
696 0 16 12 0.010613217
142 1316 121 147 0.0106063
421 231 19 25 0.010594683
449 1211 128 171 0.010587746
355 136 177 236 0.010582521
916 391 14 11 0.010578962
6 316 63 84 0.010573801
703 1448 126 156 0.010568702
617 649 121 165 0.010561927
770 1161 124 163 0.010561674
866 967 122 158 0.010554538
118 1596 83 46 0.010534238
330 1121 120 160 0.010533237
740 1348 118 160 0.010532205
0 939 5 14 0.010530559
917 1579 96 63 0.01052815
518 226 254 327 0.01051152
853 1248 137 172 0.010510322
765 1308 124 167 0.010510267
840 0 40 26 0.010507075
77 1571 101 71 0.010503532
216 484 437 547 0.0104976045
354 964 184 244 0.01049261
722 23 85 96 0.01049001
677 217 110 136 0.010481703
811 189 101 122 0.010474623
0 1621 7 19 0.010473919
218 1408 23 28 0.010470705
486 1060 124 168 0.010463924
93 1298 132 143 0.010444253
857 1068 130 164 0.010430072
254 83 82 131 0.010428954
713 1391 111 147 0.01042733
201 1375 36 48 0.010424555
456 63 100 137 0.010414033
289 1268 182 261 0.010413911
1006 801 18 90 0.010410172
801 114 107 137 0.010406667
0 427 8 20 0.010387406
7 893 80 96 0.010383734
665 434 128 164 0.0103820795
33 1200 191 254 0.010381366
458 2 103 122 0.010381191
312 854 140 180 0.010380819
551 442 206 277 0.010374515
74 579 94 118 0.010371735
25 302 75 82 0.0103714485
692 1203 103 143 0.010361407
77 784 115 153 0.010360476
879 840 119 160 0.0103571545
479 135 182 240 0.010353716
409 0 74 54 0.010352505
187 539 134 188 0.010349529
156 577 132 183 0.010335298
616 1287 324 355 0.010325458
0 0 14 18 0.010325343
275 0 59 40 0.0103235
86 1421 142 173 0.010320227
614 870 128 163 0.010310656
897 476 111 154 0.0103098
103 714 120 163 0.010308909
507 1579 85 63 0.01029164
779 371 94 109 0.0102837505
462 455 191 261 0.010274155
888 289 73 98 0.01027313
91 555 130 172 0.010272383
444 1279 134 173 0.0102723
518 2 109 126 0.010270427
222 218 287 391 0.010266497
777 1104 120 157 0.010263852
645 215 253 338 0.010263139
667 515 133 179 0.010262264
834 159 105 126 0.010257673
418 1254 122 164 0.010252903
359 220 100 125 0.010252772
503 1436 140 177 0.010252594
0 777 39 71 0.010230128
210 1596 82 46 0.010228799
823 1345 133 170 0.010228002
280 235 72 87 0.0102170445
1002 10 22 101 0.010208611
185 636 136 187 0.010207093
390 0 15 12 0.010200528
156 793 73 99 0.010197281
838 939 116 154 0.010189184
524 0 39 45 0.010188781
0 1415 37 101 0.010172465
597 0 15 11 0.010170984
433 368 22 27 0.010169994
482 82 114 152 0.010169476
705 1270 71 90 0.010168218
319 0 14 10 0.010163513
452 344 114 144 0.010157005
413 287 13 21 0.010154083
509 1253 64 98 0.01015015
579 117 110 139 0.010148706
404 287 20 24 0.0101335235
854 1154 132 171 0.010131129
240 23 90 118 0.010125351
135 398 78 96 0.010123193
480 999 124 165 0.010121692
573 239 125 161 0.010117869
435 384 51 71 0.010117527
585 590 114 156 0.0101160705
393 1423 118 161 0.010115003
697 967 124 167 0.010114791
316 501 141 212 0.010113005
251 469 151 168 0.010112163
1017 447 7 65 0.01010635
317 232 128 163 0.0101023875
739 459 76 96 0.010093261
512 1333 62 94 0.010084477
1001 383 19 22 0.010059539
581 721 115 159 0.010056837
113 1046 124 156 0.010056649
423 537 120 185 0.01005473
31 922 116 150 0.010049487
294 0 17 10 0.0100452695
330 1200 114 162 0.01004436
837 1004 119 155 0.010042767
805 311 219 320 0.010038873
481 1244 131 176 0.0100350175
0 372 24 61 0.010029756
283 409 38 62 0.010026759
92 1359 133 155 0.010022778
869 901 121 164 0.010003411