37_Soccer_soccer_ball_37_886
336
367 121 229 299 0.8931997
830 0 194 212 0.053282104
0 0 156 204 0.052309584
0 0 99 133 0.043733396
833 542 191 226 0.04241309
0 523 164 245 0.040952567
383 0 282 226 0.039322965
485 0 294 198 0.03785444
661 0 304 228 0.036733724
903 0 121 110 0.035395447
601 0 241 167 0.03441786
213 0 285 207 0.03428329
800 60 224 425 0.033819053
0 0 63 85 0.033742283
446 143 282 351 0.033290368
31 0 285 220 0.033160757
818 238 206 412 0.031754747
347 0 197 136 0.030651873
701 0 211 144 0.030610042
33 526 280 242 0.030184116
158 0 228 163 0.02984191
658 540 298 228 0.02972976
0 75 176 395 0.02965775
928 689 96 79 0.029537374
533 0 193 121 0.029090025
480 530 289 238 0.028464776
430 0 197 134 0.028423961
312 533 287 235 0.027595961
0 247 164 391 0.027498417
256 0 192 129 0.02701851
206 548 289 220 0.027006123
52 0 164 123 0.026550464
0 658 84 110 0.02568874
143 0 160 119 0.025467752
0 43 107 267 0.025325209
615 603 204 165 0.02510799
159 602 210 166 0.024665643
397 345 272 346 0.024573643
878 399 146 278 0.024441134
263 302 198 243 0.024299057
650 0 131 98 0.02383511
476 41 244 316 0.023721362
369 34 179 229 0.02371131
812 0 166 124 0.023637839
434 586 205 182 0.023539728
0 223 106 267 0.023362178
395 220 237 303 0.023226349
21 0 133 102 0.022760376
964 0 60 56 0.022743374
737 0 135 97 0.02264704
0 401 102 267 0.022390211
294 199 218 255 0.022350507
517 0 126 88 0.022261385
0 0 40 52 0.021940202
202 0 130 94 0.021837369
618 0 107 76 0.021684956
4 735 18 24 0.021433098
29 242 267 365 0.021428412
297 73 218 280 0.02124992
704 0 110 76 0.021071382
169 0 109 76 0.020835709
117 363 280 360 0.020770425
124 0 110 76 0.020726258
77 0 111 76 0.020676615
0 161 92 216 0.020604301
531 318 186 235 0.020519286
574 0 105 72 0.020451428
570 456 288 312 0.020424742
480 254 281 351 0.02037572
132 183 270 334 0.020283924
524 410 197 242 0.020124266
0 341 92 214 0.019989451
588 0 284 364 0.019961754
132 20 270 341 0.019910684
876 281 148 247 0.019881165
482 0 106 70 0.019873401
363 120 116 172 0.019775191
877 102 147 248 0.019710544
350 408 203 245 0.019393038
254 403 204 253 0.0193677
793 0 111 76 0.019314546
971 717 53 51 0.019191433
428 0 128 89 0.019136384
294 0 129 86 0.01899807
0 346 238 394 0.018940043
666 244 302 386 0.01891457
40 124 243 314 0.01890445
166 319 199 244 0.018703962
258 0 106 72 0.01867769
0 46 72 176 0.018623939
271 654 167 114 0.018494999
838 0 112 77 0.018473923
382 0 85 58 0.018291041
620 321 187 241 0.01818597
906 622 118 146 0.018065296
0 19 55 138 0.01790855
0 269 70 176 0.017796068
615 409 199 248 0.017671164
338 0 84 58 0.01740865
987 740 37 28 0.017407939
479 118 120 181 0.017403105
0 0 25 34 0.01739464
369 654 166 114 0.01737126
365 300 180 207 0.017307546
539 0 83 58 0.017284926
625 134 183 251 0.01709809
587 167 271 365 0.017070884
0 0 10 13 0.017009294
691 88 261 336 0.016968386
495 655 167 113 0.016776701
917 544 107 168 0.016751979
211 689 122 79 0.016684532
0 241 52 141 0.016672561
0 106 53 142 0.016663812
898 211 126 206 0.016652983
168 148 189 244 0.0166259
0 330 53 141 0.016625589
449 0 83 54 0.016621899
917 412 107 165 0.01632642
1011 0 13 15 0.01628208
654 691 122 77 0.016247414
98 645 167 123 0.016157137
726 665 155 103 0.016080588
344 692 117 76 0.015986599
820 657 157 111 0.015969785
0 420 54 141 0.015941445
167 689 119 79 0.015925331
917 49 107 169 0.01592286
23 0 88 64 0.015671339
700 407 208 259 0.015629504
432 690 120 78 0.0155107295
996 0 28 30 0.015429681
709 219 209 264 0.015329978
0 495 71 175 0.015228198
540 206 152 208 0.014857497
672 0 85 63 0.014832991
24 683 122 85 0.014815174
302 178 150 192 0.014786206
78 688 118 80 0.014740052
0 709 44 59 0.014738024
570 694 115 74 0.01462199
524 0 68 45 0.014530002
435 0 67 43 0.014498446
226 0 84 62 0.014494859
0 601 56 143 0.014476857
0 726 28 42 0.01445789
469 236 152 192 0.014302647
762 0 85 63 0.01426324
839 698 111 70 0.014240003
396 0 57 37 0.014177539
419 0 55 36 0.0141358655
451 298 136 149 0.014108005
798 701 105 67 0.014068333
8 734 12 15 0.013938668
323 0 67 47 0.013654708
593 0 66 49 0.013573422
374 0 56 37 0.013559982
918 0 86 64 0.013550242
599 69 158 222 0.013461451
351 0 56 37 0.0132447025
463 0 54 34 0.013138521
485 0 54 34 0.01305059
457 33 143 173 0.012989033
507 0 55 34 0.012806405
636 0 69 51 0.012798004
552 0 56 37 0.012770468
0 752 14 16 0.01270303
749 0 21 16 0.012652209
714 708 87 60 0.012618319
826 0 22 15 0.012513083
0 0 16 21 0.012507572
641 247 173 223 0.01249347
575 0 56 38 0.01248353
854 0 22 16 0.012430805
749 308 197 252 0.01241894
771 0 22 16 0.012410597
838 0 22 15 0.012406258
129 0 21 16 0.012399961
865 0 23 16 0.012393246
877 0 22 16 0.012367626
726 0 22 16 0.012365139
117 0 22 16 0.012348116
642 0 22 16 0.012336431
737 0 22 15 0.012322434
916 0 22 16 0.0123187145
894 0 21 16 0.012317676
782 0 22 16 0.012273685
106 0 22 16 0.012256721
709 0 22 16 0.012244325
815 0 22 16 0.012227583
95 0 22 16 0.0122269625
670 0 22 16 0.012218687
631 0 22 16 0.012207203
541 0 23 16 0.012191589
464 0 22 14 0.012188028
905 0 22 15 0.012185786
698 0 22 16 0.012178144
84 0 22 16 0.012173276
278 0 68 49 0.012162818
140 0 21 15 0.012143153
76 0 71 50 0.012142413
799 0 21 15 0.012141846
514 0 22 15 0.012138873
620 0 22 16 0.012120712
268 0 22 15 0.012106902
653 0 22 15 0.012105097
151 0 22 16 0.012089362
530 0 23 15 0.012074721
553 0 22 16 0.012070641
927 0 22 16 0.012067027
233 207 163 215 0.0120372195
309 111 111 151 0.012031856
759 0 23 15 0.012028642
687 0 22 16 0.012020479
162 0 22 16 0.011973555
609 0 22 16 0.011963496
235 0 21 16 0.011957298
195 0 22 16 0.011939514
257 0 22 16 0.011930201
502 0 23 15 0.011917684
223 0 22 16 0.011909571
496 335 150 189 0.0119077815
212 0 22 16 0.011903385
279 0 22 15 0.011899717
184 0 22 16 0.011886041
620 0 56 40 0.011885984
72 0 22 16 0.011885393
817 455 177 248 0.011850056
475 0 22 14 0.011838115
570 0 22 16 0.011824728
173 0 22 15 0.0118209
290 0 22 16 0.011812671
775 622 157 146 0.011793024
454 377 162 196 0.011791797
938 0 22 16 0.011783537
597 0 23 16 0.011781734
61 0 22 16 0.011766744
452 0 23 14 0.011705674
391 40 115 137 0.011657464
74 42 201 264 0.011656953
580 0 23 16 0.011649606
23 0 22 16 0.011637895
246 0 22 15 0.011625802
761 713 86 55 0.011615918
313 0 22 16 0.011600841
544 619 177 149 0.011586432
50 0 23 16 0.011577333
301 0 22 16 0.01157253
324 0 22 15 0.011563282
335 0 22 16 0.011542099
813 0 71 50 0.011504369
33 0 23 16 0.0114932945
346 0 22 16 0.011490189
303 262 138 167 0.011490079
491 0 23 15 0.011464678
188 0 71 51 0.011440114
37 0 58 40 0.011423912
949 0 23 16 0.01141586
307 0 55 38 0.011389138
357 0 22 16 0.0113667715
60 0 58 39 0.011334381
244 142 135 179 0.011333276
724 0 70 50 0.0112709
960 0 23 16 0.01124559
11 0 22 15 0.011243198
858 0 70 50 0.011237503
0 731 15 25 0.011214258
553 433 46 88 0.011198303
685 544 138 181 0.011184412
598 217 148 205 0.0111346375
522 320 102 133 0.011134498
368 0 23 16 0.011123321
121 0 70 50 0.011100303
192 726 61 42 0.011076309
441 0 22 14 0.011060182
711 620 118 141 0.011045198
641 33 154 202 0.011026814
109 10 136 155 0.010979659
424 0 22 15 0.010975115
706 725 63 43 0.010951867
752 730 58 38 0.010941641
48 244 167 217 0.010853191
807 62 172 225 0.010847991
48 108 167 222 0.010792811
807 244 169 221 0.010786658
380 0 22 16 0.010782938
663 0 58 41 0.010772604
622 704 94 64 0.010769609
400 702 93 66 0.010761622
972 0 22 16 0.010747219
720 63 169 220 0.010726097
365 84 99 137 0.01072011
817 380 162 213 0.010692369
693 314 135 168 0.010663529
808 154 169 222 0.010627383
764 109 168 219 0.010619959
23 220 133 181 0.010592895
61 42 140 176 0.010561081
413 0 22 15 0.010557676
527 0 18 12 0.010546454
262 0 56 39 0.010542538
22 83 134 184 0.01054131
215 728 59 40 0.010539377
14 0 58 43 0.010508821
332 586 149 180 0.0105059035
391 0 22 16 0.0104845995
680 111 162 215 0.010458324
132 697 96 71 0.010430433
721 153 168 220 0.010422094
23 311 132 178 0.010415186
797 729 59 39 0.010394282
472 0 15 9 0.010369072
615 324 120 152 0.010356629
240 0 56 39 0.010348859
686 0 57 40 0.010320352
341 26 135 166 0.0103195915
488 0 18 11 0.010258555
402 0 22 15 0.010257568
593 721 64 47 0.01025323
517 0 15 9 0.010240058
120 276 190 235 0.010230562
348 161 84 141 0.010219975
425 540 141 172 0.010209904
735 353 133 166 0.010184093
461 0 15 9 0.010178812
217 0 57 40 0.010172131
945 21 79 139 0.010160179
181 261 155 190 0.010143875
148 539 146 190 0.01014082
752 0 14 10 0.010102745
798 0 56 39 0.010060931
506 0 15 9 0.010033508
105 0 57 39 0.0100249825
843 0 56 39 0.010018529
604 0 45 32 0.010011363
664 725 60 43 0.010003934