4_Dancing_Dancing_4_240
1289
109 154 58 76 0.8705485
682 119 58 75 0.8681422
256 189 54 75 0.85932547
838 99 57 72 0.8503291
529 163 62 76 0.8439822
399 217 54 65 0.81005734
428 506 63 82 0.15012535
125 26 33 40 0.11072686
179 80 28 36 0.09452119
167 59 46 60 0.070224434
157 326 11 16 0.061551917
50 434 63 100 0.06064774
586 166 17 21 0.051041223
115 585 35 41 0.049653698
282 200 57 75 0.04797342
759 5 44 58 0.04544999
125 29 19 29 0.043842204
179 44 44 64 0.04188286
455 519 34 68 0.041824546
120 84 41 48 0.04079879
300 226 40 53 0.040018033
266 165 66 90 0.037754875
444 132 66 76 0.037702013
444 468 12 17 0.036851335
109 110 60 87 0.036724467
125 20 48 62 0.03614749
760 29 25 35 0.035909172
488 154 71 84 0.03575561
485 111 24 31 0.035106413
120 78 66 93 0.03346376
133 154 65 83 0.03295369
182 65 13 14 0.032252353
645 0 51 39 0.032220308
115 171 68 85 0.031790093
701 542 15 18 0.03131576
163 309 10 11 0.031092577
389 235 62 80 0.030961191
984 602 40 38 0.030792058
150 311 9 11 0.030298876
763 29 36 46 0.03029413
437 536 50 66 0.02997272
991 596 7 9 0.029833822
110 69 13 16 0.029774755
153 312 9 10 0.029629674
318 239 29 27 0.02936998
523 188 67 87 0.028914545
111 555 43 69 0.027764158
709 2 42 48 0.027614439
591 163 14 18 0.027123673
156 327 8 12 0.02704466
400 180 64 88 0.026896177
218 186 69 90 0.026814887
133 53 58 72 0.026339442
681 78 63 97 0.026251884
264 219 63 81 0.026215907
0 0 34 46 0.025970085
552 184 45 56 0.025961185
835 61 68 95 0.025739241
157 325 8 11 0.025551097
837 132 71 90 0.025396975
186 72 30 39 0.025151452
463 151 62 78 0.025141113
933 0 91 92 0.024956461
474 532 11 12 0.024874866
701 142 45 55 0.024797868
817 106 66 81 0.024744932
158 331 6 12 0.024593472
120 189 46 49 0.024586359
131 25 21 29 0.02458129
10 467 149 173 0.024392262
978 0 46 53 0.02434473
549 123 72 94 0.024273261
0 0 67 90 0.024130512
100 451 105 159 0.024097146
435 188 74 88 0.023772454
826 0 198 170 0.023546344
425 109 101 117 0.023516038
138 458 229 182 0.023483548
468 124 72 85 0.023071678
48 146 77 94 0.023012832
463 446 24 28 0.023012547
51 437 103 147 0.022904446
672 125 48 57 0.022892812
129 39 21 29 0.02281926
473 146 45 54 0.022705251
164 83 40 47 0.022674376
438 471 16 16 0.022670427
0 0 130 180 0.022612646
292 232 57 72 0.022540545
957 583 67 57 0.022487912
611 131 15 26 0.022469569
53 451 35 76 0.022455199
714 117 65 82 0.02241414
161 152 71 87 0.022406448
982 558 13 16 0.02229581
379 243 49 56 0.022222804
320 248 27 30 0.022175746
167 64 64 86 0.022122122
76 489 84 128 0.022114614
110 0 60 50 0.022102104
159 324 11 14 0.021871122
168 84 26 29 0.02184843
910 165 26 32 0.021842213
1006 623 18 17 0.02183892
380 189 63 87 0.021825394
105 85 36 59 0.021680614
111 17 38 48 0.02166498
0 0 22 30 0.021653624
161 358 8 10 0.021505367
413 505 57 62 0.021499662
802 454 222 186 0.021480778
187 92 17 21 0.021406114
970 630 29 10 0.021248858
672 161 13 16 0.021143379
254 234 48 61 0.020946264
495 187 45 58 0.020815194
177 56 27 43 0.020729987
107 68 19 27 0.02070038
161 311 8 10 0.020589488
537 169 85 103 0.020515414
93 178 65 83 0.020498917
184 94 24 31 0.02025912
0 155 36 90 0.020178515
121 52 39 60 0.020152396
528 149 47 64 0.019992696
1018 545 6 15 0.019937817
318 226 74 90 0.019896481
0 553 71 87 0.01976245
61 419 82 104 0.019642826
258 174 43 62 0.019603437
876 96 63 82 0.019527929
843 84 43 60 0.019524721
82 141 68 86 0.01940959
485 182 76 92 0.019402126
190 70 42 50 0.019308563
431 150 66 80 0.019230986
625 129 24 32 0.01922925
621 164 12 13 0.0191415
492 147 41 53 0.019047994
682 159 66 84 0.019039445
131 41 29 37 0.018944003
676 36 74 103 0.018942349
603 151 67 90 0.018895466
50 421 43 83 0.018853083
311 216 38 50 0.018847017
414 229 64 75 0.018827813
858 111 46 57 0.018805545
580 162 26 39 0.018769415
67 0 63 48 0.018663367
245 130 67 103 0.018646032
64 477 209 163 0.01860731
589 167 10 15 0.018531086
601 117 69 91 0.018488375
449 470 8 13 0.018447699
728 0 45 49 0.018436033
566 150 47 63 0.01835673
546 150 48 63 0.018299071
326 0 65 48 0.018267771
0 605 25 35 0.018261136
153 17 60 79 0.018257536
0 589 40 51 0.018226543
406 201 40 57 0.018213987
161 115 70 91 0.0181656
248 0 62 44 0.018090185
250 550 118 90 0.018088726
524 109 66 101 0.018028721
761 111 72 93 0.018012136
406 523 78 106 0.01800103
151 312 12 16 0.017987223
414 546 116 94 0.017873026
162 189 74 91 0.017861567
156 315 7 10 0.01783379
183 61 11 13 0.017816128
572 0 16 21 0.017795129
168 88 12 19 0.017789822
821 0 68 53 0.017756999
75 444 45 78 0.01774036
656 143 51 61 0.01768923
810 0 125 93 0.017689008
145 457 75 123 0.017683437
779 6 49 63 0.017679404
0 193 37 88 0.01766449
748 137 94 116 0.0176593
25 0 68 51 0.017583817
437 228 75 89 0.017542323
339 120 14 18 0.017478528
703 96 49 68 0.017458145
131 0 51 40 0.017451528
0 187 23 63 0.01744926
853 519 111 121 0.017410189
0 113 36 95 0.01738467
410 245 41 44 0.01732672
107 205 65 80 0.017268416
600 71 11 14 0.017238494
154 321 11 18 0.017209144
455 501 95 117 0.017208248
132 455 66 86 0.017146403
507 546 7 9 0.017102802
244 183 45 62 0.01707224
860 0 68 53 0.017062433
0 370 38 94 0.01703968
324 244 18 18 0.016965218
496 145 18 20 0.016929453
286 0 64 45 0.016836142
186 0 64 46 0.016830567
112 72 8 11 0.01681974
901 0 68 54 0.016812745
981 554 22 25 0.016787218
0 72 37 94 0.01677913
18 587 75 53 0.016772473
424 591 67 49 0.016764835
313 244 39 51 0.016764415
116 41 36 45 0.016740713
591 0 246 181 0.016730214
245 251 65 79 0.016728228
158 325 24 31 0.016726978
429 190 46 62 0.016712878
150 324 16 22 0.016696239
156 300 8 10 0.016681574
411 259 47 57 0.016674465
149 309 6 10 0.016668515
74 21 101 144 0.01662716
0 494 40 88 0.0166194
149 46 101 133 0.016574373
970 620 46 20 0.016567804
98 436 84 94 0.016518492
365 0 65 48 0.016468553
672 140 60 74 0.016460638
93 0 52 39 0.016428722
0 331 40 94 0.016397893
278 196 41 57 0.016377047
52 0 55 40 0.01637142
955 433 45 65 0.01633972
677 0 74 80 0.016277928
612 540 129 100 0.016269647
832 135 49 62 0.016260061
303 187 60 82 0.016235579
190 89 26 30 0.016217703
454 0 121 90 0.01621678
15 0 125 93 0.016214086
149 0 62 46 0.016193863
469 477 79 95 0.01617165
739 0 116 89 0.016163485
591 159 9 9 0.016146954
970 414 14 15 0.016146896
359 262 76 96 0.016143072
112 29 99 135 0.016134972
506 557 19 29 0.016094346
770 42 35 45 0.016054738
10 0 57 44 0.016048787
165 308 12 10 0.016043521
141 123 115 144 0.016027922
696 0 46 37 0.016027333
32 397 69 123 0.016024867
1005 0 19 27 0.016007433
657 0 67 44 0.015959678
110 0 262 194 0.015937587
0 15 38 93 0.015911441
488 511 9 11 0.01588564
384 225 42 49 0.015868142
169 66 29 40 0.015849043
393 59 120 152 0.015841845
455 124 46 60 0.015831757
779 538 128 102 0.015830839
336 241 12 14 0.01579302
0 148 22 63 0.01576266
173 33 43 52 0.015757402
470 182 52 70 0.015732802
972 14 52 100 0.015719444
159 314 8 9 0.015706213
588 159 24 34 0.015703814
0 530 39 92 0.01569112
478 227 77 96 0.015690995
932 531 92 109 0.015690375
746 0 43 54 0.01567897
240 217 52 61 0.015669892
173 302 9 13 0.015667979
406 0 66 51 0.015667228
183 584 74 56 0.015651844
508 568 11 15 0.01564689
621 162 19 21 0.015617955
269 0 35 26 0.015608294
106 583 59 57 0.015578348
318 261 80 97 0.015492685
973 172 51 93 0.015451417
489 110 18 19 0.015449303
805 0 58 44 0.015424462
13 605 56 35 0.015412463
173 0 53 38 0.015398179
0 412 38 94 0.015396406
283 586 72 54 0.01536782
125 76 29 38 0.015362895
399 256 71 92 0.015359838
262 20 68 85 0.015340919
151 95 60 79 0.015320259
557 78 73 98 0.015306151
274 236 41 45 0.015305652
900 167 37 48 0.015290759
685 422 267 218 0.015279581
162 51 17 22 0.015278712
0 523 26 64 0.01526027
496 368 63 81 0.015250635
927 197 97 147 0.01524756
977 473 47 97 0.015237773
0 452 37 93 0.015217736
560 2 75 85 0.0151953185
564 0 62 47 0.015193093
167 512 141 128 0.015171305
868 77 136 156 0.015148124
624 0 53 44 0.015143383
182 96 18 20 0.015143205
845 0 58 44 0.015137102
796 581 79 59 0.015130168
98 0 125 89 0.0151272835
983 551 40 46 0.015123192
239 581 93 59 0.015121871
501 590 72 50 0.015115322
847 132 36 40 0.015113912
0 232 38 91 0.015112266
618 0 123 91 0.015075035
270 155 47 70 0.015061459
655 87 70 92 0.015053355
993 593 7 10 0.015052969
202 272 77 93 0.0150362225
433 447 77 104 0.015019782
930 44 94 160 0.015019309
447 467 8 12 0.015009455
494 114 17 19 0.014977034
314 279 29 31 0.01497545
213 605 54 35 0.014939711
509 162 39 57 0.014938652
424 198 117 143 0.014937864
393 431 106 144 0.014935303
701 166 42 47 0.014934438
478 115 35 48 0.014933586
533 545 127 95 0.014923615
916 191 77 91 0.014906549
355 588 77 52 0.0148986
993 571 31 41 0.014885958
832 109 39 50 0.014879043
220 590 68 50 0.014878931
966 253 58 106 0.01485307
579 90 114 145 0.014848893
600 0 26 28 0.014847428
463 0 68 56 0.0148369195
0 385 22 63 0.014836734
0 486 24 64 0.014833115
575 132 42 59 0.014811677
418 12 124 151 0.014810388
261 233 118 140 0.014798547
766 0 55 45 0.014782918
564 211 36 46 0.014772246
584 158 16 23 0.014770543
434 610 46 30 0.0147619415
219 0 124 85 0.014747602
200 60 29 38 0.01474385
424 318 43 51 0.0147240255
188 182 61 76 0.014719612
202 223 77 97 0.0147167
990 593 6 9 0.014714306
302 232 29 32 0.014712451
149 305 36 51 0.014709177
294 200 114 142 0.014692658
0 271 39 95 0.014658295
0 106 22 63 0.014603844
959 564 13 15 0.0145831555
289 237 41 48 0.01457997
662 92 104 138 0.014564103
352 199 58 78 0.014562318
938 274 86 161 0.014559725
54 477 52 80 0.01454588
331 242 20 28 0.01451498
989 170 35 64 0.014462556
311 0 54 37 0.014462528
453 610 46 30 0.014460439
544 6 111 141 0.014451241
514 226 45 55 0.014441542
234 0 53 37 0.014432505
156 187 43 56 0.01442628
160 330 9 11 0.014400711
120 32 16 26 0.014397066
813 149 43 54 0.014392144
307 215 23 33 0.014386401
885 0 57 43 0.014382396
859 0 120 126 0.01438087
625 162 8 11 0.014348698
161 90 25 32 0.01434609
495 209 42 54 0.0143433325
432 233 37 48 0.014331035
784 99 65 82 0.014326123
894 582 66 58 0.014301352
973 71 51 102 0.014301221
945 0 57 44 0.014300326
881 157 78 90 0.014284242
0 345 23 63 0.01427807
1020 546 4 20 0.014269666
158 356 9 11 0.014266724
278 606 51 34 0.014263978
163 527 73 103 0.0142632965
691 543 132 97 0.014259277
346 0 266 197 0.014258919
335 0 127 85 0.014256332
439 466 13 15 0.014256066
452 493 10 16 0.014252651
977 434 47 100 0.014250328
456 551 124 89 0.01424986
465 511 33 47 0.01422804
293 171 44 61 0.014197116
466 595 67 45 0.014195081
702 171 64 79 0.014193218
316 158 72 93 0.014189287
255 49 114 160 0.014173626
128 173 43 52 0.0141721
981 602 8 11 0.014168249
147 422 62 90 0.014165866
970 210 54 102 0.014164831
79 184 46 58 0.014154048
830 34 194 263 0.014149905
543 0 65 61 0.014148382
182 85 17 23 0.014143627
105 72 24 39 0.014128374
935 404 89 156 0.0141212
773 57 36 48 0.014120092
324 587 72 53 0.014111181
701 73 92 112 0.014108603
413 609 48 31 0.014084939
235 247 46 54 0.014068377
36 169 95 124 0.01406806
50 547 24 34 0.014063561
627 123 55 69 0.014049893
200 34 70 89 0.0140478015
661 81 24 38 0.01403842
143 180 38 52 0.014027563
47 618 55 22 0.014018922
376 269 43 53 0.014009737
538 57 114 149 0.0139993215
577 170 33 50 0.013998173
154 313 15 22 0.013995975
144 32 39 40 0.013991232
211 0 54 37 0.013982789
504 527 70 92 0.013965423
683 102 47 56 0.013958779
923 143 101 139 0.013958135
285 222 37 45 0.013951827
636 183 77 94 0.013939709
722 144 35 47 0.0139388405
493 611 48 29 0.013936386
464 517 16 15 0.013930762
970 322 54 108 0.013927954
444 526 35 48 0.01390709
800 0 72 81 0.013900672
114 534 65 93 0.013878363
0 565 25 63 0.013872099
643 135 84 104 0.013872098
55 529 121 111 0.013861564
162 312 10 13 0.013857336
0 225 23 62 0.013855877
818 104 37 55 0.013852761
423 1 78 83 0.01383625
519 1 77 88 0.013812115
175 603 54 37 0.013803091
0 446 23 63 0.013793715
154 356 15 17 0.013792211
988 561 13 17 0.0137761645
639 577 76 63 0.013754227
288 22 39 52 0.013749311
181 8 64 80 0.013721506
175 104 8 10 0.013719719
363 0 43 32 0.013678971
626 159 23 23 0.0136641795
133 201 46 58 0.013663516
445 85 66 86 0.013654969
114 361 43 46 0.013653617
458 442 37 48 0.0136469705
309 244 30 31 0.013629245
0 8 24 61 0.013609683
524 232 65 82 0.013598775
378 58 219 265 0.013584117
870 170 116 132 0.013581191
119 467 55 65 0.013556776
499 355 114 157 0.013554113
166 412 69 98 0.013550918
525 377 21 28 0.013533478
513 65 90 129 0.013507529
103 136 43 62 0.013503489
202 52 45 54 0.013501782
720 1 73 80 0.013501609
603 133 18 25 0.013494675
590 163 10 13 0.013492328
0 266 22 61 0.013476383
270 256 55 65 0.01347007
1019 0 5 14 0.013462302
13 429 72 105 0.013436129
99 367 41 48 0.013432855
315 604 53 36 0.013427635
28 90 110 146 0.013404661
499 0 69 65 0.01340022
539 584 77 56 0.013388429
391 608 50 32 0.013384868
161 60 16 17 0.013379992
819 55 118 133 0.013374913
0 117 64 164 0.013368736
976 26 38 48 0.013357443
904 148 35 44 0.0133564565
789 131 94 115 0.013354208
0 67 23 64 0.013347992
929 0 47 35 0.0133462325
390 0 55 40 0.013314674
694 0 203 136 0.01331163
0 437 67 168 0.013286209
510 609 52 31 0.0132850595
863 76 49 64 0.0132783055
113 74 33 49 0.0132735595
977 366 47 99 0.013271839
102 20 53 73 0.013265791
790 0 47 35 0.013260176
703 132 96 112 0.0132566225
83 218 78 98 0.013249579
982 42 26 34 0.013241173
974 113 50 97 0.013226946
574 511 129 129 0.013196098
275 124 73 102 0.01319365
699 543 23 29 0.013189978
242 47 73 94 0.0131832035
590 65 91 116 0.013163684
67 0 101 71 0.013160888
159 210 41 51 0.013140161
571 190 25 36 0.013135881
575 192 35 48 0.01313496
535 191 47 54 0.013134906
156 307 9 12 0.01312958
744 41 43 48 0.01311023
707 545 8 11 0.013103336
5 46 74 109 0.013102671
43 491 74 108 0.013099618
150 584 70 56 0.013092401
567 0 31 31 0.013082738
579 0 116 120 0.013067053
650 502 129 138 0.013052957
778 160 118 142 0.013043327
316 277 43 50 0.013042539
738 53 117 147 0.013029594
823 604 55 36 0.013026374
423 253 64 78 0.013017379
153 317 9 12 0.012992721
808 222 29 34 0.0129875075
863 138 55 66 0.01298244
667 600 54 40 0.012979841
573 432 132 172 0.012968107
169 93 14 23 0.012967766
335 559 123 81 0.01296599
435 475 14 15 0.012961085
147 313 17 25 0.012943467
139 15 30 39 0.0129400985
489 0 43 37 0.012936808
177 96 37 50 0.012924446
460 148 33 42 0.012918179
114 74 8 11 0.012911823
531 0 50 49 0.01290735
186 89 39 46 0.0128974095
132 206 29 33 0.012896384
522 168 41 53 0.012894866
611 126 37 47 0.012881992
354 495 119 140 0.012875279
378 357 116 168 0.012874522
19 307 77 103 0.012873588
156 351 9 11 0.012872826
954 607 52 33 0.012866108
138 42 17 21 0.012857094
985 249 39 69 0.012843118
579 581 76 59 0.012841417
992 597 8 11 0.012832996
365 198 94 123 0.012830674
574 82 9 9 0.012828039
241 92 66 91 0.012821694
353 462 229 178 0.012803838
629 141 20 31 0.012797108
562 316 72 93 0.012795057
594 167 16 19 0.01279114
674 76 46 60 0.012786707
655 6 48 58 0.012781021
598 64 20 24 0.012777153
99 180 7 9 0.012774439
599 143 11 15 0.012719723
327 254 25 36 0.012718542
100 54 53 75 0.012718241
893 109 40 56 0.012718148
297 260 44 54 0.012710839
761 582 79 58 0.012709556
499 4 112 147 0.012706077
675 581 74 59 0.012700948
459 554 29 45 0.012696273
613 142 10 15 0.01269603
750 29 58 79 0.01268861
158 605 49 35 0.012680803
587 177 92 114 0.012671538
173 345 24 34 0.012662548
219 207 43 57 0.012662454
675 166 12 17 0.012646425
99 604 44 36 0.0126438085
159 323 8 10 0.012643143
356 296 82 104 0.012628656
588 135 60 83 0.012626898
486 0 17 23 0.012622442
359 12 75 93 0.012620175
587 0 52 38 0.012617815
151 307 9 11 0.012612299
753 183 81 99 0.012585684
889 148 36 43 0.012583954
0 175 18 49 0.0125732655
185 388 71 98 0.012563647
568 344 132 172 0.012553637
605 1 67 71 0.01255199
374 0 25 17 0.012546573
405 503 41 56 0.012544979
664 0 36 28 0.012540676
719 585 77 55 0.012531916
556 206 32 37 0.012530166
0 469 9 20 0.012516049
105 358 61 71 0.012496828
126 63 27 35 0.012495708
0 307 23 62 0.0124916015
76 390 77 103 0.012488227
463 451 14 17 0.012487093
631 602 55 38 0.01248435
396 554 11 11 0.012483653
895 554 99 86 0.012481145
878 1 75 86 0.012480892
1023 555 1 21 0.012451174
820 442 23 37 0.012442932
0 289 61 108 0.0124289
125 140 40 51 0.012414957
181 68 16 23 0.012413038
304 7 114 151 0.012402082
762 44 25 29 0.012392541
768 34 17 23 0.012387927
308 18 69 86 0.012381487
690 151 38 42 0.012362115
243 120 125 150 0.012358217
278 35 69 88 0.012356436
291 531 112 109 0.012351848
393 208 39 54 0.012351391
471 527 24 44 0.012347519
389 529 65 80 0.012342867
648 65 61 86 0.012342378
21 147 72 97 0.012328591
767 386 134 185 0.012319662
226 460 282 180 0.012310994
884 486 66 88 0.012302114
530 607 53 33 0.012301751
770 269 126 166 0.012300562
1018 268 6 32 0.012297987
369 165 62 91 0.012296741
998 581 18 23 0.0122937
114 627 30 13 0.012275588
826 160 54 63 0.012262405
127 397 67 92 0.012246502
565 198 54 67 0.0122407535
204 366 74 98 0.012239727
564 428 72 94 0.012238699
411 116 71 87 0.012237449
632 163 8 11 0.012233021
974 292 50 96 0.0122268
494 517 122 123 0.012224634
356 24 40 49 0.012222764
152 321 8 9 0.012220533
781 75 25 36 0.012220004
249 454 125 164 0.012217702
535 384 127 170 0.012209068
1022 550 2 24 0.012194708
152 126 52 72 0.01218945
649 161 54 68 0.012189067
356 230 40 53 0.012154801
627 171 51 63 0.012148153
125 591 22 29 0.012141449
848 314 127 165 0.012135166
170 307 11 12 0.012130579
125 40 12 19 0.012105193
472 518 10 12 0.012103173
242 524 81 101 0.012098805
616 153 36 47 0.012079437
608 387 139 179 0.012060563
798 217 22 33 0.012057582
159 354 41 53 0.012054647
546 213 55 69 0.012049019
341 50 122 160 0.0120455725
558 345 79 105 0.012043643
991 427 33 64 0.012041645
56 166 47 60 0.012035162
23 530 75 99 0.012024357
96 581 44 45 0.012010263
160 75 27 35 0.012006814
851 166 45 53 0.011992
682 196 67 88 0.011989154
536 318 127 164 0.01198662
142 202 116 148 0.011973856
464 397 112 151 0.011970387
496 129 113 147 0.0119701335
404 297 67 81 0.0119476635
161 309 15 19 0.0119445305
391 281 54 66 0.011939828
99 112 108 142 0.011936092
386 140 63 93 0.0119296145
265 0 103 67 0.011922592
428 0 36 31 0.011918012
172 298 8 9 0.011916019
357 252 39 50 0.011911425
1007 598 17 40 0.0118915895
886 142 56 72 0.011889336
462 529 54 76 0.011888947
1009 208 15 40 0.011885949
698 160 121 146 0.011885114
357 319 49 60 0.011883253
62 420 50 74 0.011882756
340 526 72 100 0.011881287
914 8 81 108 0.011879771
541 0 18 12 0.011879023
252 354 126 167 0.011874642
379 273 115 154 0.011873951
262 67 71 94 0.011870978
597 130 43 59 0.011858027
185 0 105 72 0.011856515
1023 562 1 16 0.011851941
80 554 63 77 0.011848341
455 188 44 60 0.011848245
0 195 60 167 0.011846445
179 64 13 11 0.011844287
397 255 43 48 0.011843989
800 36 84 110 0.011842035
903 319 121 163 0.011836826
550 606 53 34 0.011835124
463 395 37 56 0.011833372
521 0 236 248 0.0118267415
1017 0 7 28 0.011820793
202 405 74 99 0.011819001
962 505 62 102 0.011808214
641 12 48 65 0.011807405
589 604 54 36 0.011793619
290 0 36 25 0.011791044
986 558 26 28 0.011789107
222 9 113 156 0.011788176
77 472 64 76 0.011784831
825 144 199 339 0.011778861
832 588 76 52 0.011778632
152 345 36 44 0.011771364
66 0 202 155 0.011769546
208 327 67 90 0.011749375
613 0 47 31 0.011748319
652 305 140 180 0.011746338
467 218 58 76 0.011745284
446 50 118 155 0.011735935
225 116 65 91 0.011731166
1021 0 3 9 0.011730421
341 400 119 157 0.01172984
171 404 123 172 0.01172836
323 266 25 32 0.011723538
809 346 127 172 0.011721785
226 18 73 91 0.011715665
678 163 9 13 0.011715412
718 157 26 36 0.011715221
956 396 67 91 0.011711566
6 187 44 66 0.0117095
0 0 14 19 0.011703041
176 304 9 13 0.011697295
586 82 11 13 0.011693223
678 234 76 101 0.011687337
177 482 75 103 0.011686344
323 203 61 76 0.011673768
272 0 252 265 0.01167362
670 160 10 14 0.011672141
161 457 50 61 0.011668362
166 406 52 66 0.011654776
672 187 46 54 0.01165469
140 198 29 34 0.011650022
738 21 39 54 0.01164918
618 84 10 18 0.0116473455
142 294 35 49 0.011645519
583 34 60 78 0.011640305
171 94 26 28 0.011638356
598 72 9 12 0.011637617
689 50 220 256 0.011637144
612 51 15 19 0.011634513
215 163 61 83 0.011634415
2 512 60 84 0.011632562
267 44 39 54 0.011632423
251 608 50 32 0.0116312
150 0 37 27 0.011622968
423 209 35 51 0.011621348
481 247 12 15 0.011620644
93 154 45 59 0.011612306
1015 537 9 34 0.011609493
271 130 52 70 0.011600954
1021 275 3 24 0.0116008
485 144 29 36 0.011584839
595 161 15 18 0.011582153
719 141 26 38 0.011580444
988 592 12 16 0.01157797
729 605 55 35 0.011574891
731 429 138 185 0.011574625
1001 540 23 48 0.0115710255
598 35 35 46 0.011567663
454 511 29 44 0.011563901
156 345 23 31 0.011563259
10 0 37 26 0.011562356
297 153 42 56 0.011561061
152 355 7 10 0.011554515
854 269 78 98 0.011553243
851 327 83 107 0.011546232
1023 557 1 18 0.011543127
211 390 130 176 0.0115416115
988 597 8 10 0.011540737
278 0 19 13 0.011538785
585 180 21 32 0.011519164
130 0 36 26 0.011519113
715 184 81 97 0.011514817
512 186 36 46 0.011511073
116 618 37 22 0.011510234
333 247 14 15 0.011506342
111 204 92 116 0.011499755
573 197 121 149 0.011499057
631 153 45 58 0.011497494
710 119 36 52 0.011496417
507 536 36 51 0.011486525
607 271 135 175 0.011478246
312 223 25 34 0.011478155
592 146 23 36 0.011466766
100 107 45 60 0.011462354
7 136 44 64 0.011459223
263 269 69 84 0.011455065
780 38 45 54 0.011454595
26 565 107 75 0.0114544295
600 56 30 37 0.011440704
937 0 31 21 0.01143539
0 622 20 18 0.011430738
251 146 10 14 0.011424926
991 514 9 13 0.011423547
101 90 26 44 0.011415387
340 37 52 61 0.011411324
186 140 64 85 0.011406586
346 3 60 68 0.011404085
754 17 23 38 0.011401511
168 372 69 95 0.011400809
0 412 20 48 0.011400588
21 88 76 111 0.01140052
4 338 75 113 0.011400161
491 122 39 52 0.011399552
0 132 27 50 0.011396368
448 463 10 15 0.01138783
117 101 43 64 0.011381859
696 540 34 45 0.011374999
69 193 63 82 0.011373843
138 84 30 36 0.011360313
478 532 12 14 0.011359062
187 66 9 10 0.011358278
286 93 65 89 0.011357798
849 398 127 178 0.011354438
160 328 30 46 0.011353577
775 0 38 28 0.011350362
517 562 79 78 0.011347895
593 161 10 12 0.011339529
444 464 10 13 0.011332626
296 212 23 35 0.011330695
0 68 117 333 0.011322383
969 415 21 24 0.011321222
2 58 39 64 0.011320789
494 445 121 159 0.011319964
42 296 71 93 0.011316703
1023 549 1 18 0.011315084
336 387 76 98 0.011313565
172 352 10 13 0.011313199
4 385 76 117 0.011312974
190 102 14 17 0.011311563
692 0 34 26 0.01130547
208 58 222 259 0.01130493
174 18 111 148 0.011303818
822 176 27 33 0.011298874
695 275 132 172 0.011296434
950 416 47 59 0.011295573
398 386 77 98 0.011286729
603 129 28 38 0.011279985
489 124 17 22 0.011274253
813 197 122 151 0.01126818
325 253 16 19 0.011266887
791 131 43 55 0.011262845
82 351 39 52 0.011254934
709 605 53 35 0.011250959
154 309 7 9 0.0112500265
108 529 45 70 0.011248102
584 167 12 17 0.011247639
818 272 75 95 0.01124624
232 195 34 51 0.011244622
875 601 52 39 0.011244451
595 156 9 10 0.011238582
435 267 42 53 0.011235221
709 14 49 64 0.011229048
927 267 76 104 0.011228881
147 309 14 16 0.011225876
934 429 53 61 0.011218206
326 264 37 46 0.011217058
785 16 60 76 0.011216928
144 157 37 54 0.011214348
433 255 93 115 0.011213369
8 216 56 78 0.011206228
63 591 71 49 0.011202313
150 302 8 9 0.011201677
476 519 8 9 0.011197475
583 11 43 60 0.011188909
434 462 21 23 0.011183492
918 207 21 26 0.011174701
669 107 42 54 0.01116588
182 431 73 98 0.01116104
893 511 65 93 0.01116087
235 89 49 62 0.011160547
826 172 97 118 0.011159148
660 29 47 58 0.011157104
593 99 11 17 0.011145643
912 189 27 36 0.011144744
363 476 85 97 0.011144031
985 562 9 11 0.011138635
686 380 140 186 0.011134033
374 525 48 62 0.011133261
573 86 10 11 0.011129095
679 166 11 14 0.011128815
543 54 62 83 0.011127512
0 630 12 10 0.011123823
504 436 283 204 0.011122268
501 187 111 146 0.011118829
991 562 7 9 0.011116482
731 46 39 47 0.0111115165
464 515 21 25 0.011110478
165 314 9 9 0.011107796
999 409 25 59 0.011106832
88 369 66 82 0.011101299
1019 551 5 26 0.011101246
638 115 11 15 0.011098295
129 341 60 75 0.011095503
729 334 134 184 0.011093509
684 17 46 57 0.011092777
482 279 49 60 0.011089761
158 330 13 17 0.011088408
307 144 60 82 0.011075142
146 356 7 9 0.011073974
821 454 9 23 0.011071124
252 173 35 45 0.011055419
349 262 56 71 0.011045937
874 247 76 100 0.011038805
816 304 78 104 0.011035095
894 0 38 28 0.011029105
409 508 10 21 0.011028296
807 209 17 25 0.011025779
1006 187 18 47 0.011023759
338 244 13 15 0.01101524
1023 562 1 17 0.011004127
870 287 80 102 0.011002479
30 0 37 27 0.010997998
422 317 117 167 0.010993604
463 457 44 59 0.010989603
96 226 46 54 0.01098854
553 219 80 98 0.010985217
819 627 37 13 0.010981901
379 0 132 130 0.010978987
1023 553 1 19 0.010977562
0 212 28 51 0.010977159
193 71 73 98 0.010973074
562 513 75 97 0.010959198
855 0 38 28 0.010958225
883 57 65 91 0.010949287
193 98 15 18 0.010944216
999 90 25 60 0.010942311
948 620 45 20 0.010940175
657 507 74 101 0.010937133
80 473 34 59 0.01093344
134 606 47 34 0.010931394
546 108 55 78 0.010928782
576 519 48 60 0.010920102
768 24 26 35 0.010913134
529 0 36 27 0.010911694
153 298 14 14 0.010907057
809 166 50 61 0.010906582
589 154 39 49 0.010903641
853 228 125 164 0.010894871
585 66 19 21 0.010893585
973 226 42 53 0.01088595
773 451 46 56 0.010882269
925 605 53 35 0.010880573
117 52 25 31 0.010878786
220 383 78 101 0.010870686
862 136 33 37 0.010859923
835 0 38 28 0.010856803
976 453 25 37 0.0108499555
99 303 46 60 0.010846529
350 125 58 75 0.010842188
466 326 115 158 0.010841478
745 61 64 89 0.010840491
195 551 81 89 0.010833646
640 270 76 101 0.010827373
633 22 91 119 0.010820321
202 326 42 60 0.010810419
234 360 45 60 0.010810187
875 0 38 28 0.010809198
633 160 11 13 0.010807395
182 70 9 11 0.010805777
347 93 65 83 0.010801585
897 456 69 91 0.010791457
443 469 9 10 0.010783857
512 415 80 108 0.010782433
369 28 23 31 0.010770458
322 352 75 99 0.010770075
282 0 31 21 0.010767879
462 417 36 54 0.010762279
110 83 23 39 0.010758383
446 571 56 69 0.010757093
256 495 81 103 0.0107451845
815 0 38 28 0.010742542
469 491 45 58 0.010742156
185 216 60 76 0.010741644
870 365 83 103 0.010741354
87 440 52 67 0.010740893
625 52 183 243 0.010723388
468 514 13 12 0.010723129
999 350 25 57 0.010722904
197 42 33 40 0.010722443
577 296 71 90 0.010720055
431 5 47 62 0.010719524
363 603 9 11 0.01070692
573 161 24 29 0.010705859
400 349 75 98 0.010698674
110 74 9 14 0.010696681
220 141 35 42 0.010690334
525 19 44 60 0.010688742
355 175 17 19 0.010688285
159 305 10 11 0.010687981
341 333 69 93 0.010685776
57 274 44 56 0.01068572
137 32 24 27 0.010685485
624 106 13 14 0.01068202
657 113 37 53 0.010677001
111 63 19 22 0.010674405
663 7 25 28 0.010674083
475 380 63 72 0.01067121
493 355 50 68 0.010668868
479 246 20 26 0.010663121
112 0 35 26 0.010658919
329 246 49 58 0.010652439
974 415 17 14 0.010644446
138 431 45 65 0.010633663
88 466 33 48 0.010627465
433 533 35 44 0.010627425
222 347 74 95 0.010622279
994 587 25 33 0.01061944
844 174 65 75 0.010618932
170 367 43 54 0.010612557
762 436 68 86 0.0106125325
906 615 49 25 0.010598847
400 386 48 62 0.010598845
453 0 50 36 0.010596375
467 131 14 14 0.0105962865
147 464 42 56 0.01059131
264 7 49 62 0.010589539
355 369 80 101 0.010584843
206 82 40 52 0.01058468
572 79 13 15 0.010582778
423 373 73 92 0.010581494
113 63 28 39 0.010580996
733 239 125 166 0.0105802845
632 112 44 54 0.010574825
583 72 11 14 0.0105719315
71 496 48 67 0.010567739
896 268 76 101 0.010567048
118 94 18 33 0.010563835
129 91 46 59 0.010562308
785 212 40 47 0.010559927
569 98 10 16 0.010558816
151 328 11 13 0.010556822
617 160 115 141 0.01054043
999 378 25 60 0.010539631
149 215 61 76 0.0105364835
74 610 48 30 0.01053024
48 437 29 60 0.01052259
914 214 47 59 0.010521184
50 337 58 74 0.010505037
40 227 79 102 0.010503716
663 221 70 92 0.010500308
254 0 32 27 0.010498956
265 0 26 18 0.010498514
798 505 77 104 0.0104982015
340 313 119 166 0.010497228
160 317 21 27 0.010492228
705 542 9 11 0.0104871495
20 194 65 87 0.010485128
298 248 24 34 0.010483559
131 219 54 64 0.01047903
185 451 48 65 0.010477124
187 545 55 69 0.010474913
574 382 81 107 0.010470955
160 224 78 97 0.0104695195
598 312 76 96 0.010466539
605 67 35 47 0.010466521
156 542 52 73 0.010465453
1004 216 20 54 0.010461076
320 239 16 19 0.010448976
1002 282 22 57 0.010445745
257 420 83 104 0.010445411
297 98 120 153 0.010444036
727 36 59 82 0.010438772
919 161 34 42 0.010436994
844 607 52 33 0.010436434
8 115 67 95 0.010436252
891 328 81 107 0.0104326885
215 226 37 49 0.010427614
484 264 44 50 0.010423466
281 37 43 56 0.010422497
1005 579 14 17 0.010421377
110 421 63 78 0.010419746
488 403 69 99 0.010419154
230 264 53 64 0.010414735
549 0 38 36 0.010414101
7 255 63 89 0.010413895
170 91 9 11 0.010405284
149 330 27 42 0.01040283
79 0 38 28 0.01040102
542 403 75 99 0.010400416
169 362 7 9 0.010398795
411 405 46 60 0.01039215
255 132 45 58 0.0103914635
537 233 123 162 0.010384543
716 485 79 107 0.010384232
654 76 43 55 0.010383731
78 209 42 54 0.0103833275
485 97 33 40 0.010381687
491 224 50 63 0.010378896
753 520 84 108 0.010375205
473 531 8 10 0.01036919
142 361 37 43 0.01036736
789 147 50 63 0.010367103
174 104 27 36 0.010364372
125 7 28 39 0.010362639
593 168 8 11 0.010352717
998 63 26 58 0.01035109
515 370 32 44 0.0103460625
456 250 38 51 0.010341446
172 223 50 62 0.010341039
74 66 61 85 0.010337274
750 254 76 100 0.010333809
162 42 40 46 0.010333599
521 620 49 20 0.010331229
724 157 61 77 0.01032989
449 489 10 15 0.010326481
471 526 17 20 0.01032497
915 0 38 27 0.010324762
840 16 45 62 0.010322634
347 80 48 57 0.01031789
525 35 63 85 0.01031708
992 562 16 17 0.01031405
393 534 40 53 0.010312736
155 497 53 76 0.01031164
491 535 56 75 0.010311452
717 247 83 108 0.010308262
495 64 42 55 0.01030388
902 99 62 84 0.0102962805
362 73 67 84 0.010296251
762 11 23 40 0.01029514
944 446 66 91 0.0102929855
568 230 37 44 0.010291717
656 388 76 100 0.010288958
222 424 76 97 0.010285736
249 539 43 56 0.01028522
858 526 45 63 0.010278344
392 116 28 28 0.010277257
983 39 39 54 0.01027468
371 285 51 63 0.010271468
460 106 43 50 0.010271194
128 488 66 92 0.01027106
841 360 45 66 0.010267958
24 17 68 89 0.010267875
404 72 72 93 0.010267855
803 431 68 88 0.010261736
221 235 112 143 0.010260886
418 627 31 13 0.010257231
337 0 41 28 0.010253187
336 271 40 49 0.010245847
674 160 9 11 0.010242415
0 198 15 41 0.0102417935
466 137 25 32 0.010234971
413 289 46 54 0.010232563
875 425 75 97 0.010231615
328 257 17 22 0.010230547
372 234 34 47 0.010229086
500 313 67 93 0.010228774
361 599 10 12 0.010228203
915 165 17 21 0.010225296
535 88 42 56 0.010225001
202 448 73 94 0.010222771
29 616 51 24 0.010218892
900 221 73 103 0.010214234
744 123 61 80 0.010209309
920 305 78 106 0.010203654
313 208 24 33 0.0102005
964 35 45 59 0.010199294
102 198 42 46 0.010197442
306 188 37 53 0.0101905875
355 292 43 54 0.010189044
302 72 68 88 0.010186726
833 336 47 63 0.010175867
1001 154 23 56 0.010171661
861 15 45 62 0.0101699205
189 81 15 23 0.0101658525
613 0 25 25 0.010164461
213 271 49 61 0.010164141
140 321 23 28 0.01015775
68 319 60 81 0.010149431
1022 547 2 11 0.0101485755
352 524 49 64 0.010147493
129 77 216 246 0.010147471
1022 284 2 23 0.010147291
520 499 70 91 0.010146985
838 596 27 30 0.010140087
1008 109 16 40 0.010138179
154 356 9 11 0.010137986
562 273 70 92 0.010134429
516 357 76 92 0.010134374
149 358 22 26 0.010134054
594 423 78 99 0.010132855
48 544 40 53 0.010129599
110 70 9 10 0.010128953
0 398 15 40 0.0101278275
203 80 26 34 0.010125524
144 360 9 10 0.01012349
0 335 18 48 0.010122973
1017 223 7 31 0.010120349
1016 581 8 24 0.010117854
465 458 15 19 0.010117409
692 263 84 112 0.010110698
187 90 107 149 0.010105892
472 14 47 63 0.0101035535
240 441 79 103 0.010102499
187 285 108 143 0.010101291
80 259 20 25 0.010100862
547 447 71 91 0.010100146
0 469 5 14 0.010100052
17 214 39 50 0.010099699
177 67 12 12 0.010099417
507 559 10 13 0.0100989975
196 159 117 133 0.010095649
544 17 42 62 0.010094109
628 139 17 21 0.010092786
577 216 33 43 0.010089745
522 274 70 88 0.010089035
1008 88 16 42 0.0100881895
564 471 71 94 0.010088148
623 258 72 91 0.010087686
257 526 49 61 0.0100844065
9 521 34 52 0.01008328
682 40 44 54 0.010082448
275 262 28 30 0.010077844
1001 120 23 58 0.01007292
444 627 28 13 0.010071275
421 337 44 58 0.010067531
711 440 47 60 0.010065986
197 620 46 20 0.010063252
406 573 62 67 0.010061347
592 89 50 68 0.010061205
8 40 45 64 0.010058516
972 560 8 10 0.010057011
138 310 32 48 0.0100554265
329 316 65 86 0.010054874
867 174 46 51 0.010053948
1020 584 4 19 0.010051529
516 528 47 59 0.010050119
127 45 15 22 0.010048269
797 32 38 50 0.01004774
417 150 46 57 0.010045599
856 34 71 99 0.010045171
0 182 11 33 0.01004147
136 131 38 49 0.010040701
574 0 12 11 0.0100373635
818 446 15 37 0.010036306
297 0 20 13 0.010033185
480 0 34 28 0.010032867
50 293 45 60 0.010028356
50 318 45 62 0.010024362
779 452 70 91 0.010023569
26 281 64 86 0.01001216
258 15 12 17 0.010009615
943 590 45 50 0.010008143
0 374 18 48 0.010006879
7 104 43 65 0.010001463
108 325 58 75 0.010000283
982 415 11 12 0.01000026