4_Dancing_Dancing_4_517
237
395 84 307 419 0.75207675
464 10 344 431 0.5634729
594 186 218 306 0.10437505
6 38 336 531 0.10123951
204 376 199 200 0.09947533
520 37 23 32 0.09003737
566 54 184 340 0.0725947
506 246 211 255 0.05534099
143 77 361 450 0.051843356
60 0 335 352 0.047179185
258 503 33 40 0.04649126
407 270 286 306 0.046461057
692 0 323 357 0.045382235
642 60 190 330 0.045177974
471 13 231 280 0.04449812
274 0 366 437 0.04371978
218 456 149 120 0.043014087
5 297 297 279 0.03761121
860 443 164 133 0.03694991
636 233 264 343 0.035408232
269 504 20 26 0.035266154
583 159 127 199 0.034375403
606 306 25 35 0.033883605
292 414 192 162 0.03344563
547 0 299 286 0.032877937
377 217 231 280 0.031599976
588 264 124 116 0.030371876
807 315 217 261 0.029013965
547 426 187 150 0.028472286
0 393 184 183 0.028449915
369 362 232 214 0.027972769
846 10 178 270 0.026745431
458 401 191 175 0.026734572
629 416 184 160 0.026163118
13 0 301 228 0.025867917
0 0 147 186 0.025354486
857 0 167 139 0.025096776
275 273 295 303 0.025028069
805 79 219 425 0.024941746
123 415 193 161 0.024798771
697 417 192 159 0.023985313
776 430 199 146 0.023863398
0 0 93 118 0.023803217
678 397 13 15 0.023258151
387 0 221 260 0.02322835
536 0 193 165 0.023076601
168 0 293 207 0.022761174
608 0 200 154 0.022561748
139 0 197 131 0.02242826
220 0 191 128 0.021882303
0 427 99 149 0.02172236
387 0 187 126 0.02170051
669 396 24 32 0.021641212
464 0 188 143 0.021044558
58 0 199 132 0.020705715
306 0 187 122 0.020627456
768 0 229 173 0.020442294
299 25 232 298 0.020369835
609 285 112 193 0.02017603
0 150 203 345 0.020097243
650 136 114 221 0.019791447
585 306 163 251 0.01954266
622 197 110 197 0.019499628
672 0 240 176 0.019101286
337 6 39 59 0.018962117
943 490 81 86 0.018864345
621 300 14 12 0.018840589
108 154 225 320 0.018518584
571 0 18 11 0.018351221
521 26 34 42 0.018302323
522 230 134 183 0.018029502
929 0 95 85 0.017994476
253 553 10 11 0.017654037
510 118 182 231 0.017600836
737 222 243 333 0.017534807
273 510 13 17 0.017502127
199 79 212 297 0.01740888
407 4 32 40 0.01711587
781 0 108 88 0.01668598
350 483 106 93 0.016362084
1007 543 17 33 0.016358437
261 283 172 254 0.01630481
879 0 22 13 0.015735358
698 157 175 283 0.01571228
0 0 172 367 0.015667561
982 513 42 63 0.015610101
614 309 28 29 0.015236542
413 0 101 76 0.0151548395
638 531 79 44 0.01509691
373 453 146 123 0.015027702
159 280 187 259 0.014922795
687 168 117 200 0.014891139
72 435 150 141 0.01482022
663 413 29 23 0.014674068
715 83 149 247 0.014637481
656 239 102 172 0.014563253
505 79 24 28 0.014516437
0 261 106 268 0.014181559
1021 560 3 16 0.0140146185
275 548 24 27 0.013866931
576 77 120 187 0.013812448
138 63 195 242 0.013623191
319 415 63 62 0.013495406
375 89 208 261 0.0134763485
917 116 107 217 0.013475223
301 360 28 35 0.013431907
976 0 48 53 0.013382987
587 395 17 13 0.013372788
289 2 91 110 0.013345387
473 24 26 31 0.013336297
844 0 58 47 0.013323206
331 0 36 25 0.013287852
536 42 128 164 0.013272592
559 151 30 28 0.013263348
229 507 92 69 0.013258226
451 169 170 260 0.0132191
281 547 15 16 0.0131990565
670 423 17 12 0.013172197
0 32 103 255 0.013115823
149 492 100 84 0.0131135015
625 301 14 13 0.013090149
0 0 58 74 0.013033127
578 0 21 13 0.013021017
575 158 13 17 0.013014883
919 341 105 203 0.012966439
810 6 62 68 0.012912482
1018 0 6 15 0.012832448
925 17 99 181 0.012758827
51 57 201 256 0.012697487
835 135 161 244 0.012693221
590 302 79 62 0.012664267
319 514 22 27 0.012648464
340 0 56 45 0.012637779
516 82 15 20 0.0126154
256 514 23 24 0.0125984745
474 89 143 158 0.012461286
530 42 16 24 0.012449403
452 0 81 58 0.012440479
732 53 15 16 0.012398641
811 0 122 107 0.012386354
513 333 62 58 0.012337547
529 38 14 16 0.012325789
0 559 9 17 0.012291321
924 224 100 186 0.01228338
0 493 49 83 0.012227704
676 0 54 38 0.01217561
1005 0 19 25 0.012154918
966 424 58 133 0.012006399
606 307 12 20 0.011997205
806 60 145 231 0.011985127
610 0 122 85 0.011961162
759 21 156 231 0.011947459
337 227 182 232 0.011938302
727 0 152 124 0.011890942
587 0 98 66 0.011838606
279 128 159 235 0.011811039
361 0 106 83 0.011783461
269 26 162 238 0.01176137
533 341 56 58 0.011758973
973 375 51 125 0.011726945
574 0 40 25 0.011668532
520 49 16 22 0.011648281
418 1 13 16 0.011542257
873 0 37 24 0.011532261
517 47 33 45 0.011502459
270 496 28 36 0.011412837
542 0 123 113 0.011405405
188 367 121 165 0.011397244
623 292 79 77 0.011356084
614 300 25 28 0.011352527
427 95 131 147 0.011348619
945 329 79 135 0.011282428
462 21 39 49 0.0112818265
222 329 115 161 0.011249115
506 29 37 46 0.011235133
274 505 11 16 0.011199826
729 479 129 97 0.011191322
746 0 106 76 0.01115476
665 0 91 68 0.011127283
596 357 23 43 0.011066525
1021 0 3 9 0.011016097
187 205 181 242 0.010993129
259 518 16 16 0.0109724365
690 42 101 151 0.010971601
238 341 14 15 0.010965244
0 0 9 11 0.010936081
215 555 24 20 0.010924973
290 384 112 146 0.0109151695
394 54 25 32 0.010901715
100 488 108 88 0.010835539
789 0 71 56 0.010822527
526 371 56 50 0.01077411
479 33 14 18 0.010716805
0 0 36 47 0.010686673
653 46 99 151 0.010674051
742 0 22 14 0.010652855
999 527 25 49 0.0105765
684 0 19 12 0.010515429
250 554 9 9 0.010506813
805 0 36 28 0.010491232
0 96 4 11 0.010479887
283 554 25 21 0.010467392
522 85 11 16 0.010456435
305 376 21 27 0.010440722
508 55 31 42 0.010430042
647 313 16 14 0.010365611
626 308 15 15 0.010359262
268 534 36 40 0.010351063
27 83 99 123 0.010344384
318 537 14 18 0.0103361495
435 0 39 30 0.010334746
623 378 99 156 0.01033298
605 0 20 12 0.010328408
263 105 42 55 0.01031702
524 47 15 18 0.010291821
953 344 37 49 0.010289116
282 490 94 86 0.010288522
657 340 99 160 0.010274249
270 512 11 14 0.010257722
448 54 133 152 0.010243544
1016 0 8 26 0.010243093
859 147 108 160 0.010236797
49 123 101 125 0.0102344435
422 96 96 97 0.010230264
515 342 139 155 0.010226358
477 6 74 73 0.010210219
710 0 98 65 0.010156645
317 517 46 50 0.010148368
217 0 113 98 0.01012949
714 52 28 30 0.0100919325
616 483 117 93 0.010091666
0 91 4 11 0.01008
663 494 102 82 0.010063328
421 393 11 14 0.010043224
558 0 35 24 0.010020332
742 63 102 141 0.010010351
276 503 16 22 0.010001543