4_Dancing_Dancing_4_327
669
423 264 92 130 0.7327949
577 62 42 32 0.2289203
594 65 19 17 0.11007665
441 291 31 44 0.08361841
452 288 32 43 0.07958446
434 259 53 100 0.07545143
440 310 30 43 0.06952798
582 73 12 12 0.06640406
583 66 21 17 0.060558815
424 309 62 86 0.06021008
463 287 29 37 0.055027775
433 302 28 39 0.054250706
416 195 162 205 0.052210312
452 303 23 32 0.04902966
581 75 17 20 0.04428366
434 321 37 50 0.043606464
400 273 81 111 0.041985046
449 274 64 74 0.037506454
444 299 50 74 0.037025332
455 291 22 28 0.03653039
597 63 11 14 0.036072847
453 317 17 22 0.035481215
584 72 19 19 0.034928773
551 52 54 51 0.03484503
454 297 14 17 0.03361366
443 284 121 117 0.03335272
406 199 98 177 0.032699626
446 333 49 61 0.031394426
450 293 13 16 0.031266235
446 318 17 21 0.030745758
446 299 18 27 0.030206291
424 1349 55 48 0.029352495
457 308 26 34 0.02785415
448 235 92 118 0.027196312
460 301 20 28 0.027158938
584 82 18 14 0.026950924
726 747 65 50 0.025999406
433 280 32 47 0.025530897
552 76 34 28 0.02526648
445 297 14 18 0.024813198
403 311 99 135 0.024371158
459 297 15 18 0.02433439
584 62 18 14 0.024172796
308 472 63 95 0.023352738
471 289 17 24 0.022874087
575 63 24 25 0.022597976
571 33 50 55 0.022536265
593 65 33 26 0.022499586
576 70 29 31 0.022273986
427 311 27 37 0.0222093
438 310 17 22 0.021955192
585 57 31 27 0.021949733
436 323 23 31 0.021635447
560 70 50 46 0.021101154
411 444 118 131 0.020893617
729 1158 295 378 0.02086946
593 70 14 17 0.020758688
456 325 12 14 0.020758184
951 1404 73 132 0.02062642
459 321 20 25 0.020024613
355 274 160 216 0.019731728
454 291 13 16 0.019601375
450 326 22 30 0.019517906
584 73 34 35 0.019373652
709 758 74 76 0.019309679
452 284 12 19 0.01930096
250 87 218 297 0.019284338
444 58 47 54 0.019271841
0 1370 107 166 0.019186785
445 286 22 29 0.019113975
519 389 11 16 0.019012991
472 305 11 15 0.018874673
318 448 110 129 0.01880198
555 39 80 71 0.01876406
446 129 53 52 0.018667633
452 99 34 53 0.018634062
465 293 19 24 0.018443963
457 308 15 20 0.018378625
431 1363 11 12 0.01836168
446 289 14 17 0.018244471
453 321 31 39 0.01813112
445 327 18 18 0.017977461
606 824 418 542 0.017482262
491 1344 9 10 0.017479675
459 319 51 63 0.017424311
407 749 113 132 0.017355304
447 740 72 65 0.017304184
0 1159 221 377 0.01719003
439 301 16 19 0.017168155
923 0 101 146 0.017142061
450 312 17 21 0.017108751
450 300 13 17 0.01703873
446 56 25 29 0.017019037
682 2 342 520 0.01695807
463 84 53 50 0.016930806
0 0 100 134 0.016849179
453 304 14 18 0.016830044
592 81 10 12 0.016752576
440 112 210 258 0.016562274
748 0 276 286 0.016555643
437 349 74 91 0.016543629
392 474 133 170 0.01649002
459 285 21 26 0.016478054
600 71 12 14 0.016465638
1018 1523 6 13 0.016394744
411 107 113 157 0.016372554
548 0 95 72 0.016316745
461 465 110 161 0.016282775
577 71 14 17 0.016264103
452 281 21 28 0.016255576
440 321 18 18 0.01620775
419 137 58 51 0.016138954
0 0 394 467 0.01604287
667 755 17 21 0.015993021
425 265 176 213 0.015986975
402 1356 22 22 0.015969077
843 1367 181 169 0.015765687
1021 1526 3 10 0.015663901
473 298 11 18 0.015643852
459 317 12 14 0.015604895
1001 0 23 74 0.015587641
0 775 105 234 0.015582551
970 1463 54 73 0.015477592
329 727 87 138 0.015329844
394 453 58 81 0.01531913
1007 1503 17 33 0.015203639
401 418 104 116 0.015199977
493 749 31 53 0.015081552
368 144 274 353 0.014979892
169 18 336 432 0.01496264
0 479 102 231 0.014921408
355 255 107 141 0.014878658
368 112 108 156 0.014873273
483 85 41 41 0.014858457
437 320 122 135 0.0148561755
579 63 17 15 0.014829877
589 76 11 13 0.014810555
459 312 11 13 0.014791232
452 329 11 12 0.014761097
0 0 219 272 0.014676688
357 734 112 130 0.014656098
384 85 167 244 0.014648019
465 267 44 48 0.014645866
540 70 60 67 0.014577381
459 315 17 21 0.014501074
464 454 28 29 0.014436929
436 208 74 118 0.014420997
0 0 12 17 0.014409296
4 100 107 155 0.014407091
472 1057 20 26 0.01438521
997 1489 27 47 0.014373282
508 110 52 68 0.014327453
498 95 26 46 0.014281005
0 0 65 79 0.014258858
324 500 128 139 0.01409232
345 391 147 181 0.014040116
420 1340 81 81 0.014015595
966 0 58 76 0.014010343
441 250 41 66 0.014004985
1007 0 17 32 0.013977684
0 160 6 19 0.01391637
996 1364 9 10 0.013810251
440 292 15 19 0.013763129
0 111 148 234 0.013763109
0 458 6 22 0.013752892
1021 0 3 21 0.013738083
626 0 28 21 0.013725925
12 25 136 166 0.013678427
390 348 173 228 0.013664676
61 1336 227 200 0.013639854
394 143 69 40 0.01363515
970 764 9 9 0.01359626
552 0 27 21 0.013556697
81 33 133 170 0.013541512
404 1054 30 28 0.013510495
0 1360 7 19 0.013494715
474 289 12 16 0.0134824775
773 752 18 17 0.013478098
497 294 111 117 0.013449843
419 51 333 393 0.013424264
700 769 53 61 0.013421887
483 1077 486 459 0.013386453
415 732 84 82 0.013382458
600 64 22 18 0.013365419
326 481 68 77 0.013354773
641 0 28 20 0.013340981
598 56 17 21 0.013317541
783 1417 193 119 0.0133124245
455 6 178 173 0.013301486
499 24 93 97 0.01329857
396 154 94 138 0.013275079
714 747 48 41 0.0132297445
563 91 32 40 0.01322694
612 0 27 21 0.013226795
462 325 12 14 0.013224322
488 0 95 71 0.013208772
527 1364 8 9 0.013169661
383 1364 10 10 0.013123339
655 0 29 20 0.013113854
569 0 51 40 0.01310481
996 764 9 10 0.013069591
334 766 55 76 0.0130627435
596 0 28 21 0.013026351
239 0 28 22 0.013024732
431 29 82 89 0.01300432
0 1075 100 234 0.012935241
295 458 196 270 0.0129287895
497 0 407 323 0.0129238125
1018 0 6 42 0.012913711
0 759 66 168 0.012888494
411 256 57 79 0.012878843
566 0 28 21 0.012871709
477 114 55 64 0.012866752
806 287 218 356 0.012864647
427 38 53 61 0.012838839
491 1044 9 9 0.012820944
435 322 16 20 0.0127718765
434 304 17 20 0.01276538
715 0 28 21 0.012723521
39 1364 8 10 0.012688528
593 61 12 13 0.012663752
253 0 29 22 0.0126466565
0 1058 7 20 0.012600663
671 0 28 20 0.012599562
775 0 28 20 0.012575281
335 0 29 22 0.012549529
568 77 29 29 0.012548646
0 554 68 174 0.012545443
31 1393 166 143 0.012536791
24 485 123 175 0.012525909
305 506 60 87 0.012515567
348 669 121 147 0.012512417
280 394 170 209 0.012502398
464 20 510 590 0.012495865
0 648 96 260 0.0124889985
224 0 28 21 0.012478214
0 229 144 253 0.01246854
528 6 89 93 0.012466298
560 763 9 11 0.012460095
119 0 29 22 0.012438372
489 107 31 43 0.012427991
790 0 28 21 0.012417427
463 313 11 12 0.012393572
505 97 16 28 0.012391326
582 0 28 21 0.01237934
599 0 51 40 0.012378605
730 0 28 21 0.012361757
435 427 73 74 0.012347774
462 314 27 36 0.012309422
541 69 33 29 0.012293476
538 0 26 20 0.012274578
568 79 50 59 0.012260168
473 288 25 30 0.012244138
0 461 66 172 0.012191504
477 305 11 14 0.0121836
209 0 14 9 0.012177855
455 630 26 43 0.012174178
510 84 56 68 0.012155703
202 0 27 20 0.01215218
1013 1056 11 19 0.012146324
587 61 49 41 0.012139188
429 523 105 151 0.012138328
332 775 130 159 0.012137479
760 0 28 20 0.012128881
805 0 28 21 0.012104029
38 0 28 22 0.012095998
383 862 70 103 0.012093939
593 86 30 32 0.012092901
334 553 120 132 0.01208389
594 1022 125 163 0.012072725
550 80 25 19 0.012060633
0 757 7 21 0.01205339
611 0 14 10 0.012050222
268 0 29 20 0.012033996
0 1172 100 261 0.012010995
94 0 171 161 0.012006406
45 3 138 140 0.011996894
742 430 205 246 0.011995897
441 81 63 73 0.01195056
701 0 28 20 0.0119481925
4 448 109 150 0.011939055
432 101 49 62 0.011934599
820 0 28 21 0.011932009
470 0 28 21 0.011910057
246 0 14 10 0.011908132
0 0 8 11 0.011879185
253 364 300 441 0.011878747
27 1084 117 166 0.011878649
0 1459 81 77 0.011874678
134 0 29 21 0.011872808
284 0 28 21 0.011864373
686 0 28 20 0.011861316
313 709 246 474 0.011837723
745 0 123 133 0.011829942
745 0 28 20 0.0117887845
104 0 29 22 0.011782317
453 322 10 11 0.01178205
462 59 56 56 0.011778774
137 1441 148 95 0.011771236
67 0 28 22 0.011763346
783 702 100 103 0.011747019
493 52 109 112 0.011738807
20 480 199 258 0.011729425
664 1344 240 192 0.011720938
202 0 192 143 0.011690517
515 55 59 64 0.011690371
780 897 244 346 0.011689731
1022 97 2 40 0.011660569
720 766 48 51 0.011650943
187 0 28 20 0.011647198
573 8 45 57 0.011645212
560 763 50 55 0.011641968
486 1065 223 278 0.011632511
321 0 28 22 0.011630174
53 0 28 22 0.011626606
789 781 212 268 0.011621851
598 60 9 12 0.0116125075
929 1053 95 140 0.011607289
350 0 29 21 0.011595633
379 0 196 121 0.011590384
431 310 17 22 0.011584309
629 0 50 39 0.011580554
26 741 115 150 0.011568954
53 533 123 176 0.011567822
216 0 14 10 0.011567406
316 0 354 295 0.011562357
23 0 28 20 0.011555572
27 806 122 177 0.0115504125
294 1087 386 449 0.011548877
201 0 14 9 0.011548338
0 370 145 260 0.011544263
504 0 190 130 0.011541112
22 707 208 275 0.011531694
429 292 23 32 0.011531187
1012 756 12 21 0.011518906
39 165 8 9 0.011501487
527 462 10 13 0.011491131
737 859 135 180 0.011473016
533 102 60 75 0.011465269
603 0 15 10 0.0114602735
418 53 106 117 0.0114489505
298 0 28 21 0.011447654
0 1344 8 20 0.011437509
834 0 28 21 0.011436355
171 0 28 21 0.011433491
253 0 15 10 0.011430965
90 0 28 21 0.011414941
618 0 15 10 0.011409725
455 0 27 22 0.011399429
0 1043 9 20 0.01139517
589 29 37 44 0.011395137
290 0 15 10 0.011393612
603 762 108 111 0.011391668
849 0 29 21 0.01138699
0 854 68 175 0.011378419
944 454 80 144 0.011377985
298 0 14 10 0.011366153
590 60 11 10 0.01136279
344 769 359 549 0.01135573
304 492 40 65 0.01135477
621 0 23 16 0.011352525
0 328 98 163 0.011348078
996 165 9 10 0.0113409115
626 1224 120 171 0.011330355
0 1523 15 13 0.0113261985
559 1057 124 164 0.011319958
500 0 27 21 0.011311154
445 305 13 15 0.01129861
1012 156 12 21 0.011286045
1012 1521 12 15 0.0112815285
143 58 127 177 0.011270974
377 1087 11 13 0.011269934
777 922 124 177 0.011267827
149 0 28 21 0.011257659
0 159 344 543 0.011254407
706 705 132 129 0.011253969
485 0 28 20 0.01124676
76 1060 225 281 0.011228347
391 577 110 123 0.011227727
470 624 45 62 0.011213961
636 0 23 16 0.01120919
774 32 125 175 0.011202554
1022 67 2 38 0.011201465
476 286 67 75 0.011193837
522 0 27 19 0.011189365
52 107 128 149 0.011180793
7 0 29 21 0.011177477
589 160 70 99 0.011174581
1022 111 2 39 0.011166636
737 0 15 10 0.011162207
801 505 122 161 0.011150608
0 1154 66 169 0.011145957
588 0 43 32 0.011138088
1022 81 2 39 0.011134919
693 770 93 113 0.01112598
853 726 171 266 0.011125194
424 1362 16 15 0.011119215
124 0 112 102 0.011113579
238 0 15 10 0.011106559
475 1355 16 21 0.01110613
596 0 14 10 0.01109175
970 1364 9 9 0.011091527
700 0 14 10 0.011083471
523 854 41 37 0.011081545
936 757 88 134 0.0110743465
506 752 21 36 0.0110741705
41 1142 396 394 0.011073565
804 726 102 120 0.011071914
864 0 28 22 0.011060444
467 306 15 19 0.01106029
606 0 23 15 0.011029169
540 83 36 32 0.011025365
463 0 52 38 0.011020095
606 74 20 21 0.011019213
655 0 15 10 0.011013193
712 38 120 161 0.010997749
3 0 15 10 0.010994212
185 1342 213 194 0.010987865
624 5 32 40 0.010969534
0 1510 36 26 0.010968487
996 464 10 10 0.010966993
572 84 31 35 0.010963068
622 1073 126 176 0.010959092
990 0 34 40 0.010957942
901 0 29 21 0.01095565
734 751 77 71 0.010940927
668 794 58 69 0.010940179
177 0 122 138 0.010932205
435 296 15 20 0.010931073
608 757 66 63 0.010930145
314 652 99 156 0.0109227775
365 0 28 20 0.010922556
495 0 49 34 0.010896769
576 0 23 16 0.010892324
441 0 27 22 0.0108876545
134 0 14 10 0.010871436
449 93 27 41 0.010858704
310 696 177 310 0.01085673
0 1265 152 232 0.0108539425
681 96 119 162 0.010850455
0 44 78 134 0.010849573
194 1438 147 98 0.010846464
454 311 9 12 0.010837159
826 0 15 10 0.010820474
0 141 14 29 0.010817731
574 67 14 17 0.010817328
782 0 14 10 0.010813676
0 1367 5 12 0.010813175
207 30 124 177 0.0108046075
358 1061 14 14 0.010794422
708 0 14 9 0.010788192
1021 0 3 37 0.010787277
83 564 125 177 0.010783311
305 0 15 10 0.010778468
0 444 9 18 0.010773188
800 0 15 10 0.010760758
141 0 15 10 0.010758071
592 0 23 16 0.010756705
177 177 122 176 0.010751595
557 97 20 21 0.0107426755
361 0 15 10 0.010734274
763 0 83 77 0.010732582
663 0 14 10 0.010729977
542 0 49 37 0.010728915
350 471 75 84 0.010725577
838 0 14 10 0.010718948
548 1009 224 274 0.010715165
1021 51 3 40 0.01070432
346 0 14 10 0.01069255
4 1048 107 147 0.010687142
926 153 98 141 0.0106828185
464 630 31 43 0.010676638
681 10 64 79 0.010675161
514 1073 116 152 0.010674042
442 1105 194 289 0.0106608495
655 151 119 165 0.010654152
453 317 10 12 0.01064805
193 0 15 10 0.010646272
223 0 15 10 0.010644118
524 746 24 31 0.010642388
801 710 68 58 0.010637706
594 1190 122 172 0.010636095
926 481 98 262 0.010634013
1020 20 4 43 0.010631858
666 0 23 16 0.010631256
749 746 49 33 0.010631012
25 0 115 99 0.0106294
108 0 82 76 0.010629341
661 699 114 122 0.010615279
283 0 15 10 0.010614558
800 0 193 146 0.010608018
774 0 15 10 0.010607861
499 0 15 10 0.010606687
976 689 48 166 0.0106042465
1022 1299 2 45 0.010596832
685 860 132 175 0.010591601
416 307 46 65 0.010591291
20 1014 197 266 0.010587249
514 501 19 28 0.010586331
886 0 29 21 0.010586162
648 0 14 10 0.010584113
625 0 15 10 0.010575088
789 0 15 10 0.010569944
648 1340 142 179 0.010569238
45 929 56 77 0.010566319
55 759 123 164 0.010559486
660 0 51 40 0.01055893
693 0 14 10 0.010547477
868 124 156 242 0.01054234
0 690 60 173 0.010540992
0 1065 5 13 0.010537568
149 0 14 10 0.010534028
845 0 15 10 0.010532433
599 77 30 35 0.01052825
434 331 17 19 0.010523999
0 742 9 18 0.010520742
667 353 215 265 0.010519248
745 0 14 10 0.010517486
1022 132 2 38 0.01051363
0 92 6 17 0.010505165
573 181 74 106 0.010502613
357 1410 123 126 0.010501701
770 0 23 16 0.010493547
921 764 9 9 0.010487834
70 1170 231 291 0.010487699
577 758 75 74 0.010485956
230 0 15 10 0.01048525
1 98 63 94 0.0104839355
640 0 15 10 0.010481401
0 1101 67 137 0.010479181
752 0 15 10 0.010471516
425 0 28 21 0.010452875
584 0 80 58 0.010449512
0 152 9 27 0.010437868
311 598 99 123 0.010436527
91 239 120 170 0.010436219
688 0 53 41 0.010425239
684 783 60 70 0.010423698
354 0 14 10 0.010422588
652 1038 126 178 0.010421798
444 1518 45 18 0.010421567
594 78 13 15 0.010420679
234 0 23 16 0.010418296
450 308 10 13 0.010416718
740 730 204 231 0.010409194
0 1357 4 13 0.010405098
661 215 116 159 0.010403936
912 0 15 10 0.010403841
260 0 15 10 0.010396112
31 213 116 164 0.010394382
413 776 66 71 0.01039421
589 158 120 147 0.010392035
808 0 14 10 0.010389995
1023 118 1 38 0.010388301
534 59 50 48 0.010386775
78 0 81 74 0.010386738
916 0 28 21 0.010386709
796 859 130 188 0.010386553
506 1369 200 167 0.010384947
177 89 124 176 0.010378931
439 329 14 16 0.010374799
552 223 80 89 0.01037312
0 1217 61 170 0.010359989
531 312 69 84 0.010358571
837 534 119 160 0.010356116
67 0 14 10 0.010355818
460 40 96 108 0.010344117
383 1370 182 166 0.01034299
0 1040 14 34 0.01033599
1021 36 3 40 0.0103341825
59 29 63 86 0.01033107
571 105 31 37 0.010330163
1023 124 1 39 0.010325934
494 335 77 85 0.010322067
29 91 103 112 0.010316436
606 0 95 70 0.010312188
786 0 98 89 0.010309588
394 1066 156 313 0.010307348
693 6 103 115 0.010303326
628 988 122 167 0.010300586
472 299 20 31 0.010298379
0 1471 40 65 0.010295776
705 1 75 72 0.0102949245
633 0 15 10 0.010294553
0 168 95 258 0.010293369
156 0 15 10 0.010288663
819 0 15 10 0.01028697
631 1288 118 161 0.010286391
113 1220 125 177 0.010283854
451 57 33 35 0.010278738
800 0 23 16 0.010278013
127 0 14 10 0.010277824
711 0 23 16 0.010275312
649 763 9 11 0.010274392
390 325 72 95 0.010267057
718 0 53 39 0.010258161
693 655 331 482 0.010256251
649 1127 126 178 0.010255735
312 0 15 10 0.010252792
722 737 54 41 0.010248748
197 0 23 15 0.010247237
439 0 49 35 0.010243939
0 145 8 21 0.010231823
532 0 22 16 0.01022924
368 0 15 10 0.010227274
75 938 216 278 0.010223109
549 0 19 13 0.010220684
562 286 63 72 0.01021639
467 321 10 14 0.010215172
123 1081 119 167 0.010214914
508 238 108 114 0.010209815
0 0 25 34 0.010206611
670 0 15 10 0.010205696
527 164 9 10 0.010202343
593 1226 256 293 0.010201575
219 0 23 16 0.010199301
759 0 15 10 0.010198067
639 8 32 43 0.010194628
604 73 11 13 0.010194087
310 513 89 110 0.010193813
595 9 30 42 0.0101907
28 10 32 42 0.010188159
263 0 23 16 0.0101789
1022 1332 2 38 0.010167173
320 0 15 10 0.010163816
445 331 11 13 0.010163676
50 311 384 532 0.010161176
92 719 117 165 0.010156975
122 299 117 168 0.010155751
337 826 135 178 0.010153482
756 0 22 16 0.010150192
164 0 15 10 0.010143375
405 810 62 72 0.010130648
686 468 205 243 0.010130164
572 83 18 20 0.010123111
334 238 320 436 0.01011994
748 0 54 40 0.010119903
441 398 120 133 0.010115875
681 0 23 16 0.010112339
476 32 55 62 0.010105778
555 89 47 63 0.010098987
339 0 14 10 0.010090712
11 0 14 10 0.010085673
562 94 21 20 0.010078067
229 0 258 199 0.010075841
410 0 28 20 0.010074947
33 0 23 16 0.010073658
132 1104 240 305 0.010071821
111 0 15 10 0.010071767
579 93 31 34 0.010069421
129 0 24 16 0.0100691235
491 503 66 115 0.010065887
1021 198 3 47 0.0100646755
465 331 63 68 0.010062697
388 0 28 21 0.010061861
905 0 14 9 0.010048884
715 0 15 10 0.010048773
640 793 65 72 0.010045803
852 0 15 10 0.010044588
964 514 60 189 0.01004191
735 873 221 271 0.010041887
508 105 18 29 0.010034944
815 0 23 16 0.0100275995
1021 143 3 33 0.010026286
506 0 15 10 0.0100196395
966 25 58 161 0.010018678
400 1519 49 17 0.01001094
667 235 210 253 0.010006856
47 0 24 17 0.010002404