14_Traffic_Traffic_14_677
659
604 201 203 282 0.8781321
739 457 170 257 0.8462634
410 71 187 305 0.8405613
237 34 200 268 0.7978447
134 204 134 215 0.5125574
183 114 196 259 0.2265974
181 238 162 196 0.09405704
484 642 31 27 0.07742843
241 140 221 282 0.073072195
690 365 208 292 0.07042093
133 265 204 302 0.06305139
136 193 85 164 0.05925938
800 435 222 288 0.058688812
692 227 205 254 0.057018213
487 636 27 17 0.054132964
505 629 15 21 0.05408303
590 28 236 311 0.05406145
859 288 56 87 0.054026414
498 146 267 360 0.053966746
94 234 123 201 0.053456236
822 280 84 118 0.052908637
83 130 279 372 0.05203853
154 278 93 157 0.046512283
207 294 158 199 0.045816083
327 704 38 32 0.045650627
365 0 235 199 0.04396968
130 0 267 231 0.042157024
488 432 237 316 0.04186596
623 516 254 326 0.041722175
125 128 125 205 0.04143861
164 557 255 314 0.041375834
184 321 226 294 0.04113126
914 0 110 143 0.038641106
311 721 13 15 0.036710232
15 560 117 162 0.03601906
13 531 189 247 0.035916623
939 921 85 103 0.035772983
83 175 119 187 0.035445843
769 312 139 189 0.035344638
217 450 260 327 0.03518467
796 297 84 118 0.03504025
0 0 105 136 0.034871034
73 557 244 301 0.034808666
778 397 157 247 0.03464402
0 186 162 241 0.03428981
730 571 200 289 0.03410021
0 0 195 258 0.033960238
481 564 239 308 0.033738684
927 486 97 248 0.033296857
73 386 375 472 0.033052742
895 755 129 269 0.032997843
64 297 125 191 0.032783475
236 0 139 138 0.032643784
824 539 200 306 0.032530393
482 153 174 236 0.03240281
912 647 112 269 0.032370407
951 624 73 185 0.032070678
0 0 67 90 0.032026853
769 0 255 262 0.03189814
114 347 137 202 0.031862527
904 42 120 288 0.031781793
0 877 112 147 0.0317665
666 196 163 202 0.03155941
529 688 372 336 0.031238792
733 0 213 148 0.03116818
766 710 258 314 0.031123707
381 214 200 281 0.030884301
498 0 201 148 0.030612454
0 923 74 101 0.030272191
366 135 159 236 0.029890025
291 0 200 236 0.029868789
4 326 112 175 0.029790355
912 168 112 270 0.029770393
292 684 375 340 0.02953619
0 693 203 331 0.029377295
955 455 69 180 0.02933676
529 0 137 88 0.029007671
28 276 216 323 0.02896904
475 634 46 51 0.028967753
431 0 298 257 0.028903231
688 0 174 116 0.028563451
331 564 256 317 0.028501226
788 866 224 158 0.02836514
13 863 218 161 0.02818863
451 0 167 118 0.028123004
200 491 16 13 0.02811086
300 400 204 276 0.028049331
44 689 394 335 0.0279559
839 203 185 304 0.027892914
195 306 114 139 0.027802948
129 655 234 283 0.027691472
134 386 227 316 0.02764817
187 884 222 140 0.02760562
169 262 358 486 0.02749496
592 618 28 34 0.027447881
97 7 182 269 0.027352659
574 781 12 14 0.02728768
7 164 118 170 0.027229458
425 608 344 416 0.027170649
210 636 281 318 0.027054582
614 0 204 141 0.027027259
168 185 112 152 0.026956493
919 293 105 261 0.026902966
763 0 145 94 0.026742797
571 0 168 112 0.026682558
823 0 145 97 0.02662337
343 670 15 20 0.026569476
304 415 299 387 0.026560465
801 64 223 358 0.026306946
502 636 19 21 0.026239501
0 252 76 206 0.026102401
43 79 172 262 0.026059715
674 879 215 145 0.026048405
19 419 188 272 0.026048295
375 348 197 257 0.025993183
946 145 78 199 0.025949689
311 885 216 139 0.025819637
433 880 208 144 0.025374807
15 602 223 307 0.025019156
580 94 152 221 0.024970733
33 0 164 119 0.024924025
949 263 75 188 0.024872271
0 710 110 265 0.024816342
501 621 18 24 0.024811633
645 0 139 91 0.024720222
651 436 155 189 0.024654191
712 134 210 276 0.02457559
187 0 140 181 0.024493795
554 529 199 254 0.024401914
160 924 158 100 0.024375414
361 620 9 13 0.02429806
176 0 129 93 0.024054628
0 347 149 265 0.024037983
498 633 19 17 0.024014723
261 307 182 222 0.023989141
97 921 162 103 0.023902373
672 0 297 343 0.02390197
655 540 155 192 0.023867974
410 0 132 88 0.023830961
594 290 132 195 0.023821244
122 831 231 193 0.023595551
0 804 75 183 0.023467999
416 585 116 149 0.023407122
746 234 125 176 0.023364386
579 194 127 202 0.023351923
139 321 78 131 0.023335507
665 704 209 265 0.023284424
759 923 156 101 0.023046568
280 930 153 94 0.023034316
280 248 149 181 0.022798276
217 723 156 185 0.022789234
432 225 148 166 0.022714373
443 418 190 237 0.022581687
789 249 171 235 0.022524398
0 406 296 408 0.02247641
486 641 19 17 0.022460628
395 58 149 211 0.022429738
415 520 117 155 0.0224191
755 583 143 167 0.022380833
245 825 225 199 0.022372758
0 564 77 171 0.02235238
124 228 63 139 0.022317523
410 455 128 167 0.022238454
3 453 123 194 0.02222752
117 292 72 145 0.022193305
208 188 120 144 0.02218909
0 54 100 262 0.022062777
343 0 137 100 0.022062445
376 479 181 247 0.022050679
756 780 59 72 0.02201574
403 928 149 96 0.021946669
889 450 126 179 0.021921733
97 367 60 93 0.021921642
556 882 208 142 0.021843975
0 573 107 264 0.02171205
742 790 191 229 0.021637905
373 817 215 207 0.021610502
0 366 81 216 0.021579647
51 573 90 110 0.02146346
114 0 130 89 0.021426978
267 665 163 198 0.021420734
617 823 212 201 0.02141007
663 295 167 193 0.021391628
459 642 51 56 0.021340769
0 28 68 175 0.021270001
550 682 206 270 0.021268966
91 424 174 239 0.021082811
763 163 134 187 0.021055946
342 444 136 184 0.021036673
693 105 149 193 0.02096401
762 660 139 184 0.020943679
837 290 103 150 0.020829497
620 155 141 180 0.020531368
115 36 124 176 0.02050768
645 927 147 97 0.020500038
494 818 206 206 0.020492652
291 500 9 12 0.020461826
158 612 173 212 0.020310408
322 557 167 221 0.020212708
0 158 63 171 0.020153351
340 106 133 197 0.020096762
794 536 133 186 0.020086309
204 775 188 229 0.020016512
524 927 143 97 0.019896949
0 685 66 179 0.019875733
870 267 46 73 0.0198027
567 377 200 265 0.019752791
0 449 66 178 0.019739477
280 434 152 197 0.019701343
533 680 143 183 0.019471098
480 626 28 30 0.019460492
352 237 145 190 0.019389711
577 628 141 179 0.019374989
50 373 131 190 0.019285277
247 157 135 156 0.019258888
699 748 142 174 0.019162217
638 742 144 181 0.01892894
801 428 109 154 0.018899167
340 672 148 189 0.01889542
228 671 130 175 0.018823879
797 781 30 44 0.018813021
960 0 64 78 0.018810196
463 539 92 115 0.018787073
760 747 142 174 0.01872496
341 709 24 21 0.018709246
972 961 52 63 0.018643675
478 602 50 64 0.018565906
106 656 163 204 0.018480796
494 637 32 30 0.018465158
132 265 69 134 0.018320762
210 561 169 212 0.018297525
388 708 178 231 0.01827781
451 775 174 228 0.018258493
390 617 159 201 0.018138956
192 352 79 99 0.018123299
478 580 116 146 0.018113468
96 805 159 194 0.018078718
704 682 143 176 0.017783033
462 583 83 102 0.017774628
440 648 207 262 0.017734509
198 492 11 12 0.01756398
341 318 143 180 0.017512867
209 262 96 126 0.01748044
166 442 152 194 0.017423598
327 773 184 232 0.017321901
451 543 185 238 0.017267896
491 617 30 33 0.017071221
297 141 132 159 0.017064996
316 719 10 14 0.016930848
119 173 70 110 0.016912727
510 623 11 21 0.016851012
245 220 113 126 0.016701289
467 392 137 165 0.016683068
608 670 83 103 0.016660307
824 745 148 184 0.016659545
638 624 145 176 0.016558474
528 375 139 174 0.016475752
820 338 48 71 0.016426181
461 303 144 182 0.016385404
466 503 144 186 0.016355548
475 633 125 157 0.016327074
583 511 138 173 0.016199846
540 587 29 31 0.016137097
583 39 141 178 0.01610141
542 770 14 19 0.016094228
459 476 103 128 0.016085597
470 72 154 195 0.016049653
174 704 145 178 0.016028427
809 648 172 227 0.0159772
486 638 15 13 0.015898125
494 641 19 17 0.015896102
465 640 38 34 0.015825871
229 114 119 167 0.015741648
294 0 108 91 0.015711294
879 299 68 97 0.01567898
0 968 38 56 0.015651358
686 17 177 213 0.015595655
308 720 19 21 0.015584933
586 795 143 183 0.015504073
471 685 138 176 0.0154689485
254 0 95 85 0.015431277
150 183 26 29 0.01535137
235 287 107 129 0.015313866
407 134 84 147 0.015305216
455 602 52 67 0.01527078
143 538 21 20 0.015264475
697 491 133 169 0.015158965
163 172 82 111 0.015097635
155 469 103 138 0.015048071
534 570 135 168 0.015000002
439 291 131 136 0.014957211
478 560 60 76 0.0149267055
1006 1001 18 23 0.014925978
29 929 129 95 0.014818075
0 0 43 59 0.014809928
318 87 117 159 0.014724925
510 636 11 16 0.014714754
491 635 15 13 0.014678472
308 725 12 12 0.014671542
244 589 111 131 0.014638225
478 255 139 156 0.01458448
773 774 55 62 0.014452807
94 241 72 118 0.01444734
22 805 136 178 0.014441536
552 683 94 116 0.014300625
882 287 39 65 0.014246052
526 451 135 168 0.014234594
419 622 59 66 0.014230777
479 644 23 22 0.014221359
820 158 140 188 0.014168676
615 355 144 151 0.014156056
273 29 129 171 0.014100476
601 579 108 140 0.014081184
40 273 112 171 0.014034727
1020 1013 4 11 0.014024709
343 0 88 62 0.01395373
191 149 92 126 0.013951616
416 851 125 153 0.013950948
822 85 150 196 0.013900238
619 579 75 90 0.01389841
640 36 144 173 0.013804535
297 849 129 147 0.0137451235
222 360 80 94 0.013736692
456 148 127 199 0.013651516
160 354 94 128 0.013623571
461 672 12 15 0.013553464
55 354 94 125 0.013514558
506 624 52 61 0.013467168
363 621 13 15 0.013457559
56 510 109 151 0.013425468
319 0 75 51 0.013413868
830 927 130 97 0.013389783
36 588 70 87 0.013387655
687 384 19 23 0.013387453
281 690 89 111 0.013385299
252 336 81 99 0.013379387
99 111 109 170 0.013348198
654 121 125 155 0.013309333
491 513 92 115 0.013300424
289 0 77 54 0.01326977
967 228 57 140 0.013267952
442 549 75 98 0.013240181
836 30 127 164 0.013205864
861 809 136 177 0.013171423
159 519 102 138 0.01312532
55 592 106 147 0.0131202815
314 710 32 29 0.013119176
953 702 71 164 0.0130924145
883 274 27 45 0.0130612105
17 961 87 63 0.013037457
973 183 51 118 0.012982254
445 618 77 88 0.012975334
132 426 105 152 0.012971203
1021 0 3 22 0.012956234
879 268 64 88 0.012939657
969 417 55 121 0.012920148
397 574 94 115 0.012888533
837 849 118 149 0.012872273
0 760 62 151 0.012849801
342 660 18 24 0.01283833
616 627 20 24 0.012809891
59 853 120 144 0.012808125
940 471 29 60 0.012804522
971 358 53 120 0.012802153
507 557 59 74 0.012789027
359 931 122 93 0.012766107
289 614 70 79 0.01275864
844 228 89 137 0.012753073
247 737 93 123 0.012736545
976 690 48 118 0.012735515
387 620 58 68 0.01272171
383 121 72 116 0.012707965
826 476 99 159 0.012672888
231 37 85 121 0.012663602
595 292 73 134 0.0126499515
93 295 68 115 0.0126214605
243 439 117 139 0.012610209
975 300 49 116 0.012605261
755 426 118 140 0.012601019
186 553 112 138 0.01258127
547 702 59 76 0.012543513
320 699 61 79 0.012513531
846 297 51 68 0.0124973385
176 391 116 153 0.012483383
867 302 113 158 0.012480399
148 494 70 93 0.012458287
232 0 74 51 0.0124518275
1001 0 23 43 0.012421986
715 931 130 93 0.012417128
484 0 109 80 0.012409504
397 507 97 128 0.012408655
872 300 35 55 0.012348105
771 253 80 116 0.012308698
807 792 20 29 0.012308583
398 41 112 128 0.0123002725
202 63 87 127 0.012294094
172 356 35 68 0.012284425
738 550 103 134 0.012252273
507 590 55 70 0.012247163
264 816 128 146 0.012227895
232 94 82 126 0.012223238
569 780 14 13 0.012210147
909 384 103 137 0.012206131
483 937 112 87 0.012170762
91 195 73 105 0.012168927
437 962 81 62 0.012166004
540 821 118 149 0.012159521
802 355 69 91 0.012137802
442 40 118 129 0.012087152
644 598 75 94 0.012086408
359 618 8 11 0.012080821
779 856 116 142 0.012064067
490 645 20 18 0.012037099
817 349 85 117 0.012031619
600 624 30 28 0.012021476
869 61 122 168 0.011951396
481 824 116 145 0.011930684
0 873 37 97 0.011912996
504 612 27 33 0.011896554
49 234 93 133 0.011892618
225 641 10 11 0.011891611
379 0 75 52 0.011875025
569 791 110 140 0.01186878
439 484 83 106 0.011864501
14 827 91 128 0.011855726
145 177 39 45 0.011851126
0 112 54 137 0.01184076
272 412 125 146 0.011835123
979 634 45 114 0.011831262
729 274 90 117 0.011829475
748 113 109 141 0.011825722
75 959 89 65 0.011815001
595 583 70 84 0.011810162
718 75 114 147 0.011799699
302 669 19 29 0.011771536
947 778 77 172 0.011771111
0 831 49 123 0.01174465
358 819 123 150 0.011738876
153 577 116 153 0.0117277475
305 320 107 123 0.011714115
475 528 67 82 0.011696658
297 680 64 78 0.011689728
323 618 52 68 0.011681379
496 624 16 18 0.011641433
944 29 80 176 0.011630155
416 593 59 73 0.011622991
289 756 124 150 0.011615892
971 124 53 115 0.011608859
337 701 24 23 0.01158623
975 537 49 115 0.011563063
0 160 34 94 0.011561844
42 0 93 66 0.011553918
0 753 38 101 0.0114935
135 956 89 68 0.011481583
926 841 98 158 0.011479211
530 65 129 164 0.011470573
425 377 116 136 0.011469462
394 731 111 141 0.011408982
849 559 76 116 0.011406139
536 263 128 175 0.011404776
577 778 11 14 0.011401482
330 793 118 143 0.011396435
609 69 80 99 0.011361451
710 547 73 99 0.011352884
591 219 73 120 0.011343197
60 650 127 170 0.011341923
343 717 23 28 0.011328708
173 544 68 92 0.011327903
627 686 93 115 0.0113228215
744 792 50 54 0.011318959
250 662 93 121 0.011318269
358 624 21 28 0.011317672
772 31 124 161 0.011311032
341 717 18 15 0.011309634
834 381 114 151 0.011301092
550 766 102 131 0.011300963
296 460 28 31 0.011285995
202 0 74 51 0.01127787
283 471 96 119 0.0112761855
657 799 17 18 0.011270862
104 0 91 65 0.011269828
1023 0 1 18 0.011259868
431 649 98 121 0.011256448
294 218 115 113 0.011238655
320 696 37 31 0.0112377815
170 461 73 95 0.01119951
473 666 62 76 0.011196484
394 787 113 143 0.011190394
501 617 16 18 0.011189374
649 71 75 94 0.011189191
470 462 73 89 0.011187194
238 374 119 139 0.011183543
933 108 91 151 0.0111757135
293 558 67 84 0.011175097
230 692 82 114 0.011173574
165 0 90 63 0.0111702215
659 524 106 149 0.011165179
400 0 92 64 0.011160019
681 605 66 86 0.0111547
910 959 87 65 0.011140926
946 566 78 115 0.0111368615
302 396 26 36 0.01111508
586 0 76 53 0.011113387
634 233 132 195 0.011087904
478 632 19 21 0.01107739
954 549 12 15 0.011069156
178 774 131 157 0.011068993
333 710 37 42 0.011067064
372 540 95 125 0.011055468
620 715 69 93 0.011042669
240 527 115 146 0.011041526
223 772 91 113 0.0110371215
627 628 95 120 0.011036995
812 826 110 139 0.0110305995
972 59 52 118 0.011025859
74 0 90 79 0.011015593
115 611 123 166 0.011015083
864 542 112 158 0.01101316
264 637 70 85 0.010994861
367 758 110 143 0.010981533
302 720 17 17 0.010980716
0 220 35 95 0.010969912
811 67 113 154 0.010954714
527 962 79 62 0.010938505
292 499 13 16 0.010937209
738 125 34 53 0.010922484
819 957 89 67 0.01091948
910 375 22 29 0.010913691
283 642 27 30 0.010907234
0 0 13 18 0.010893319
969 860 55 120 0.010873638
79 555 116 146 0.010836535
235 933 129 91 0.010835429
248 301 76 77 0.010834973
514 632 9 15 0.010821362
446 527 65 81 0.010810524
674 27 94 110 0.010808639
818 620 127 154 0.010801998
117 488 16 16 0.010791193
414 558 61 79 0.010790237
723 0 98 80 0.01078579
187 505 95 118 0.010776919
91 713 126 166 0.010764733
135 710 92 120 0.010754983
456 676 100 130 0.010753996
465 627 34 34 0.010748934
502 645 56 65 0.010744793
846 625 80 101 0.010739805
1010 0 14 29 0.010719879
478 647 52 57 0.010719549
760 959 91 65 0.010714339
199 495 13 13 0.010705104
0 102 34 92 0.010695933
383 73 75 103 0.010686503
606 0 92 61 0.010675998
396 437 106 139 0.010672781
0 228 56 141 0.010668652
365 619 51 68 0.010668553
656 815 121 146 0.010666164
795 221 75 110 0.010664013
462 0 90 64 0.010651146
784 644 95 106 0.010635981
530 703 95 127 0.01063214
293 534 17 19 0.010631934
643 549 79 101 0.010630203
567 48 106 132 0.010628887
348 673 13 15 0.010625258
13 775 88 125 0.010607225
304 708 94 120 0.010603899
597 652 69 88 0.010601301
501 630 12 15 0.010595697
228 629 92 121 0.010592751
128 548 108 148 0.010591789
721 858 112 136 0.01058648
517 534 92 116 0.010580013
868 12 124 142 0.010561199
333 667 22 21 0.010560861
241 386 19 20 0.010556846
330 31 106 130 0.010540254
324 664 22 27 0.010530304
0 38 37 97 0.010511965
754 689 88 97 0.010511606
19 0 77 57 0.010508977
32 95 121 164 0.010503519
0 360 65 118 0.010498383
303 660 92 121 0.0104903625
333 713 25 25 0.0104892785
149 861 116 136 0.01048637
606 448 27 36 0.0104858
544 766 15 17 0.010481414
445 665 16 23 0.010476555
876 895 96 117 0.010467479
422 704 111 142 0.010439355
898 261 110 147 0.010436414
439 0 74 50 0.010430905
751 822 109 135 0.0104246205
194 957 89 67 0.010423592
345 960 85 64 0.010422674
104 870 90 110 0.010416065
236 610 75 88 0.0103984345
360 623 12 17 0.010384834
515 795 111 140 0.0103821
495 645 37 36 0.010359532
858 247 52 73 0.0103533445
769 785 74 78 0.010330653
611 200 76 106 0.010324144
474 699 66 84 0.010316907
275 500 10 13 0.010310206
53 476 21 25 0.010308522
194 740 94 122 0.010308272
572 776 20 23 0.010305417
240 792 111 130 0.0103010675
880 835 89 116 0.010300515
224 478 93 116 0.010300334
677 550 71 95 0.010290105
677 0 78 53 0.010270991
318 400 127 160 0.010269289
499 0 74 52 0.010264189
642 165 87 105 0.010248288
342 668 12 15 0.010242907
746 746 107 122 0.010232503
791 402 96 118 0.010220554
142 0 74 51 0.010218421
453 790 111 142 0.010207312
886 327 73 106 0.010194339
732 628 118 138 0.010188035
829 231 69 106 0.01018521
288 804 9 13 0.010165157
556 711 38 52 0.010158739
262 460 73 88 0.010153541
41 410 92 127 0.010147848
758 0 93 64 0.010142993
108 685 89 113 0.010140538
444 461 69 88 0.010136351
352 699 69 87 0.010127376
563 587 62 77 0.010126035
809 146 101 144 0.010119994
344 711 93 118 0.010105564
206 39 71 102 0.010093875
285 337 83 97 0.010093839
453 735 106 136 0.010091792
449 663 64 80 0.010086217
602 936 120 88 0.010085653
0 0 27 36 0.010060788
144 499 20 20 0.010054997
703 371 119 128 0.010052487
112 371 30 59 0.010035745
908 0 95 69 0.010035299
804 0 15 10 0.01001671
775 138 40 54 0.010014362
908 0 15 10 0.0100126695
811 0 15 10 0.01001222
566 790 67 83 0.010011557
853 63 83 108 0.010005082
819 0 15 10 0.010004524
797 0 14 10 0.01000309
517 858 104 131 0.010001236
901 0 15 10 0.0100004515
309 382 26 40 0.01000012