38_Tennis_Tennis_38_319
388
591 78 225 312 0.8702762
254 231 135 176 0.0734307
0 237 80 153 0.05690109
1 222 135 219 0.050539207
0 255 43 82 0.049183376
308 294 40 52 0.047987618
390 426 166 168 0.04653191
217 0 91 77 0.045815103
624 3 194 269 0.045188285
285 273 90 114 0.043306742
758 79 249 326 0.04226799
234 0 65 48 0.04156967
469 430 70 52 0.040011466
443 140 150 241 0.038375713
0 0 137 183 0.037528712
573 495 267 204 0.036407087
624 550 86 114 0.035533104
169 12 139 195 0.034748882
852 0 172 182 0.03415817
855 467 169 232 0.033656146
223 157 213 267 0.033087455
683 529 224 170 0.03265875
711 0 37 23 0.03220066
0 0 89 121 0.032038577
267 0 31 29 0.03169163
554 0 219 199 0.031669647
0 471 148 228 0.03165015
1 280 154 273 0.03146906
877 655 24 29 0.03141158
523 107 210 270 0.030159192
426 149 109 145 0.03004749
41 478 245 221 0.02919765
42 247 124 139 0.02917964
879 119 145 270 0.029084314
281 0 265 191 0.028922217
855 234 169 341 0.028665723
694 0 61 48 0.02844042
850 0 103 74 0.027780741
357 459 270 240 0.027404258
429 257 30 32 0.027256707
44 0 246 199 0.02709875
553 0 63 70 0.026792454
664 0 275 206 0.026413845
811 52 169 232 0.025827495
0 277 46 112 0.02566698
453 475 294 224 0.025658103
138 219 246 337 0.025518155
768 586 149 113 0.025456473
585 331 274 339 0.025305774
409 495 26 30 0.025035858
286 97 242 291 0.024905335
402 338 173 204 0.024870161
276 308 101 133 0.024679756
188 465 276 234 0.024606647
404 73 170 243 0.024540128
211 19 249 300 0.024526088
378 0 216 152 0.02408084
462 0 216 149 0.023946494
939 0 85 112 0.023883576
218 0 220 156 0.023118366
275 257 244 289 0.0231046
108 402 258 297 0.023072124
143 534 178 165 0.023033625
99 288 36 54 0.022887053
300 498 223 201 0.022644939
706 158 168 219 0.022029405
465 0 263 300 0.021916663
23 224 261 364 0.02189712
823 195 168 232 0.021863159
443 382 206 215 0.021494927
185 146 154 214 0.021353748
597 202 148 185 0.021342171
810 0 175 118 0.021340081
703 0 110 98 0.021063223
483 180 165 218 0.021053901
37 370 177 259 0.021023745
561 0 107 83 0.020992372
587 0 117 112 0.020581141
720 0 181 118 0.020543197
687 224 132 163 0.020360462
312 376 246 266 0.020337228
956 612 68 87 0.02016883
378 146 259 317 0.020025885
470 285 189 222 0.019922188
91 36 161 228 0.019854931
573 0 12 10 0.01977688
54 575 178 124 0.019706458
887 0 63 53 0.019480424
417 227 149 264 0.019479558
869 668 39 31 0.019438697
0 20 107 295 0.019362755
0 270 28 55 0.019281192
197 0 83 51 0.019014668
649 0 113 83 0.018987913
649 180 279 348 0.018808154
236 0 122 90 0.018608706
252 281 145 231 0.018300155
827 630 105 69 0.018280847
235 0 45 29 0.018250922
32 82 242 336 0.018174415
159 24 36 46 0.01817226
696 0 33 27 0.018105816
559 77 144 204 0.01797947
215 347 223 285 0.017820584
803 209 88 129 0.01768601
294 329 69 86 0.01760922
0 350 93 253 0.017543823
238 324 34 45 0.01754063
189 108 107 106 0.017502509
641 579 62 69 0.017445242
400 471 101 128 0.017408257
903 0 30 27 0.017246678
54 208 181 230 0.017178765
463 134 108 140 0.017110037
574 0 18 12 0.017022267
388 183 142 230 0.016987726
666 9 130 154 0.016980208
1 108 166 253 0.016822994
230 0 31 21 0.016800575
0 280 82 210 0.01667755
675 0 54 39 0.016650924
722 0 25 16 0.016629655
263 0 27 17 0.016626457
430 269 20 20 0.016581679
488 578 164 121 0.016498523
383 93 28 27 0.016431041
592 531 164 147 0.01634004
707 0 23 14 0.016313514
769 176 97 142 0.016296398
500 124 129 191 0.016064463
569 163 112 168 0.016019335
256 0 77 58 0.015897056
714 0 78 59 0.015890213
292 253 69 85 0.015882222
605 261 178 199 0.01588107
519 0 109 110 0.015842361
566 0 16 11 0.015680032
555 385 203 236 0.015676111
851 255 28 21 0.015646541
926 208 98 242 0.015556996
772 204 154 208 0.015542778
0 0 60 78 0.015505188
100 629 116 70 0.01549238
978 0 46 57 0.015350919
619 18 12 12 0.015345549
425 247 11 16 0.015299107
154 560 96 137 0.015241605
772 116 153 212 0.015216961
920 542 104 157 0.015193229
757 0 18 14 0.015164355
987 651 37 48 0.015146378
301 191 164 208 0.015096622
719 586 131 113 0.014995493
93 258 98 121 0.014951715
914 0 37 23 0.014938384
1011 680 13 19 0.01490088
654 562 142 123 0.014877867
409 239 88 147 0.014772262
277 0 21 16 0.014763845
711 374 194 242 0.014742811
429 237 41 53 0.014733393
462 237 128 189 0.014649804
529 0 62 64 0.014641322
71 297 165 218 0.014595499
801 147 94 136 0.014483709
738 0 96 74 0.014475918
241 0 27 16 0.014390072
889 0 109 84 0.014358189
1008 0 16 30 0.014295071
176 254 61 83 0.014287122
618 0 41 29 0.014252998
405 355 99 153 0.014179528
560 10 32 54 0.014177969
406 301 86 137 0.014025888
0 612 109 87 0.013996351
257 259 95 106 0.013956931
930 43 94 234 0.013947992
406 542 171 157 0.01394502
557 612 109 87 0.013925759
586 125 22 27 0.013902641
726 0 38 26 0.013814784
555 526 110 132 0.013793031
66 292 82 104 0.013782892
316 293 27 37 0.013773899
815 356 188 253 0.013755024
1022 0 2 15 0.013661981
474 618 113 81 0.013656364
913 0 22 14 0.013614273
868 0 60 41 0.013599692
348 5 147 140 0.013568139
0 628 54 71 0.01355358
928 365 96 242 0.013546662
467 0 122 107 0.013531718
718 0 18 10 0.013524102
608 0 82 56 0.0134910885
598 606 116 93 0.013474449
807 0 101 66 0.013460583
814 532 153 167 0.013426479
271 3 20 21 0.013402778
295 560 142 139 0.013288706
864 84 110 128 0.013277206
0 351 11 28 0.013240062
648 0 23 13 0.013199067
874 661 17 20 0.013186101
562 41 104 150 0.013132585
616 26 11 14 0.01312583
567 231 115 157 0.013125736
944 148 80 199 0.01310918
686 0 22 13 0.013094664
855 0 17 12 0.013065983
148 84 135 181 0.012981635
784 0 18 14 0.012940347
443 476 130 139 0.012919097
561 0 36 33 0.012891423
59 269 68 96 0.012887639
311 312 53 73 0.012862165
189 615 104 84 0.012813607
772 0 19 15 0.01280899
913 0 53 37 0.012800119
415 26 132 164 0.012776549
239 0 18 12 0.012734241
120 344 164 226 0.012728576
777 0 78 64 0.012710798
214 0 48 31 0.012701126
167 33 24 28 0.012696923
0 322 53 142 0.012652797
872 683 30 16 0.012647078
771 1 29 33 0.012602457
943 303 81 205 0.01260156
323 322 64 73 0.012590359
165 0 110 98 0.012546854
186 52 83 139 0.012544427
414 500 50 89 0.012529158
311 0 124 109 0.012516236
20 346 110 171 0.012470983
683 0 35 21 0.012469305
244 332 22 29 0.012453958
482 432 44 36 0.012381732
823 0 20 13 0.01238135
987 84 12 16 0.012335349
524 104 90 134 0.012319824
711 0 13 9 0.01231248
864 0 42 28 0.012259239
598 53 131 174 0.012212775
438 290 94 141 0.0121941585
434 622 111 77 0.012190218
579 0 54 44 0.012185025
171 674 43 25 0.012170434
284 0 106 78 0.0121472785
1014 0 10 19 0.012115385
634 0 80 44 0.01211186
732 29 146 197 0.012109326
956 483 68 167 0.012038559
602 0 40 28 0.012018713
749 0 27 21 0.012008835
763 241 102 141 0.012004456
729 0 15 9 0.012003543
0 0 9 12 0.011990787
781 481 144 201 0.011980297
400 99 117 152 0.011962195
923 0 22 13 0.011955031
203 18 83 136 0.011934307
640 0 21 13 0.01192795
513 20 122 177 0.011865562
338 46 187 225 0.011865347
274 0 56 36 0.011856251
252 0 28 16 0.011829441
631 0 34 22 0.0118197985
201 581 158 118 0.011817298
311 312 33 46 0.011739645
756 0 13 10 0.011731898
5 246 53 62 0.011638199
574 0 26 23 0.011607309
835 227 31 31 0.011588061
471 257 28 33 0.011586248
451 190 66 88 0.011581057
608 570 73 81 0.011538816
317 270 136 175 0.01151941
959 30 65 160 0.0115149785
743 631 96 68 0.011492416
658 0 24 13 0.01148315
763 0 12 10 0.011468737
474 164 26 28 0.011447529
313 626 105 73 0.011438095
743 0 56 39 0.011418314
0 0 37 49 0.011372086
517 91 40 47 0.011369018
677 0 22 14 0.011361158
394 622 107 77 0.011357454
306 270 46 56 0.011325616
758 0 32 26 0.011313973
882 622 115 77 0.011306542
246 0 14 9 0.011303237
833 0 20 13 0.01127121
510 234 104 147 0.011227436
421 184 75 102 0.011221004
0 195 47 129 0.011210192
339 0 35 26 0.01120332
0 140 91 150 0.0111962445
871 0 27 18 0.011192533
822 0 9 11 0.011185201
344 603 129 96 0.011153309
0 0 19 24 0.011112499
109 273 61 83 0.011107017
780 0 15 11 0.011095295
839 130 115 151 0.011093495
905 0 23 15 0.011082114
685 0 14 9 0.011035578
710 3 13 14 0.011018763
319 282 70 84 0.011016613
555 0 19 13 0.01100701
0 247 32 59 0.010980801
40 0 146 141 0.010945934
900 49 100 139 0.010939359
705 533 114 140 0.010937404
582 0 38 26 0.0109347105
743 0 20 15 0.010927633
616 0 28 20 0.010927585
180 287 162 209 0.010877952
780 294 167 213 0.010853607
492 481 157 172 0.010845821
65 506 126 162 0.010828989
563 0 13 9 0.010826857
207 248 126 151 0.010804611
653 445 184 200 0.0107908305
776 0 13 9 0.010756836
685 297 162 192 0.010752669
831 0 14 9 0.010749384
828 234 55 60 0.010719818
396 527 109 135 0.01071536
911 2 18 20 0.010696827
822 45 106 134 0.01066911
353 154 138 179 0.010666192
60 320 109 146 0.010615632
411 429 92 116 0.010614954
0 322 27 72 0.010605022
266 621 111 78 0.010604423
619 471 145 161 0.010594697
844 0 20 13 0.010589337
297 388 162 199 0.010551466
0 338 18 48 0.0105486
791 0 13 10 0.010536679
650 0 44 27 0.010531336
498 125 15 14 0.010525472
287 0 68 44 0.010511479
271 3 34 41 0.0105100395
827 656 72 43 0.010502672
230 24 94 141 0.010496743
0 678 19 21 0.0104749445
251 0 14 9 0.010444338
245 528 151 171 0.0104397405
1002 664 22 35 0.010437064
841 5 56 79 0.010418081
465 358 109 131 0.010417204
267 0 17 12 0.010416906
630 0 20 13 0.010399776
293 123 139 189 0.01039956
934 0 20 14 0.010395408
304 0 20 14 0.0103739975
661 570 61 65 0.010351204
801 288 108 142 0.010318148
278 6 19 22 0.01031398
417 490 28 34 0.01030704
648 0 14 9 0.010292386
814 5 9 10 0.010271917
432 0 20 13 0.010267962
863 0 23 13 0.010265927
1 289 33 53 0.01024491
589 496 100 141 0.010234697
793 0 18 15 0.010197229
259 2 30 35 0.01019327
258 308 87 99 0.010186364
758 0 66 47 0.010172535
703 1 19 22 0.010172506
751 0 12 9 0.010154514
442 0 21 13 0.01014561
162 3 59 59 0.010141224
583 0 20 14 0.0101390155
99 301 74 94 0.0101343375
473 173 29 29 0.0101163145
781 13 102 152 0.010111296
696 0 23 14 0.010104661
887 128 97 139 0.010063113
163 236 65 78 0.010053741
156 643 79 56 0.010052907
798 0 45 47 0.010043123
437 164 67 85 0.010013759
930 0 59 43 0.010007022