38_Tennis_Tennis_38_128
449
531 104 133 156 0.84688807
0 0 166 217 0.040561214
0 0 84 111 0.039111275
523 51 113 138 0.03854684
800 0 224 220 0.03770325
918 0 106 121 0.03743995
784 577 240 243 0.036306906
0 0 52 72 0.030786166
938 732 86 88 0.030541368
531 0 145 215 0.030056104
484 151 126 136 0.029963017
410 74 173 211 0.0290997
559 169 103 113 0.027870705
684 0 158 127 0.027627096
0 562 166 258 0.027476363
154 0 171 129 0.027438736
776 0 171 131 0.027384393
57 0 173 131 0.02709925
0 705 98 115 0.026924059
40 0 318 231 0.026823265
0 741 64 79 0.026023537
252 0 163 122 0.025451342
653 0 128 95 0.024144888
959 0 65 63 0.02396957
524 593 86 54 0.023871275
744 0 137 104 0.023830647
24 0 140 107 0.023536997
497 134 29 48 0.023424074
592 0 154 112 0.023133406
120 0 143 103 0.022704247
0 34 97 220 0.022692459
64 663 183 157 0.022667194
836 0 145 105 0.022606587
969 774 55 46 0.021946646
225 0 303 211 0.021638857
629 0 293 211 0.02145079
315 0 132 94 0.021308925
706 0 112 80 0.021085799
0 127 96 222 0.021082047
860 685 164 135 0.021021038
228 0 116 82 0.020825854
922 228 102 209 0.02078598
813 182 211 376 0.020784171
906 410 118 246 0.020754738
494 109 108 118 0.020703215
180 0 117 81 0.020670116
634 570 308 250 0.0205826
800 0 117 82 0.020567147
0 0 34 47 0.020323152
914 312 110 237 0.02029632
83 0 118 81 0.0198768
913 135 111 234 0.019873975
0 224 93 217 0.019423427
402 0 153 106 0.01925273
223 584 299 236 0.01914702
0 74 162 412 0.019048456
766 686 192 134 0.01874912
573 138 136 155 0.018709583
919 41 105 207 0.018667195
364 0 126 86 0.018607695
836 54 188 292 0.018479401
341 685 183 135 0.018385988
552 0 128 95 0.01835724
424 572 304 248 0.018311441
160 643 97 177 0.018256549
474 211 107 131 0.018121343
480 36 114 145 0.018034805
490 125 29 46 0.017977443
901 547 123 247 0.017971564
485 705 169 115 0.017967246
683 694 177 126 0.017923402
615 0 105 70 0.017769877
486 0 78 60 0.017665049
0 22 58 144 0.017584272
675 0 82 63 0.01751712
390 143 194 238 0.017503778
28 0 86 67 0.017502857
495 0 156 131 0.017499905
824 438 200 318 0.017335841
945 398 79 167 0.017320206
512 160 135 167 0.017288566
0 322 86 214 0.01714402
837 732 141 88 0.017127803
420 178 36 36 0.016910944
580 0 79 56 0.016776841
944 494 80 168 0.01675616
532 0 79 57 0.016701225
768 0 85 66 0.016669668
148 0 85 65 0.016627086
744 735 138 85 0.016597489
19 731 139 89 0.016592877
259 701 170 119 0.01656435
292 0 84 66 0.016452126
340 0 82 65 0.016409911
591 703 168 117 0.016407283
349 24 265 331 0.016309934
0 777 29 43 0.016299939
517 586 117 91 0.016277034
0 115 56 148 0.016199894
665 744 120 76 0.01614212
414 173 59 50 0.016006444
0 211 56 147 0.015970955
388 0 79 61 0.01595286
496 57 47 49 0.015930582
864 0 85 66 0.01586948
786 394 75 86 0.015814831
911 0 86 68 0.015772216
538 43 68 45 0.015770173
600 157 61 101 0.015722755
938 642 86 167 0.015686624
573 79 122 156 0.015671268
375 259 198 247 0.015647814
437 0 78 60 0.015513123
0 1 270 365 0.015415009
404 733 138 87 0.015407144
0 647 61 147 0.01539989
991 0 33 32 0.015395865
0 419 82 219 0.015342001
658 0 68 51 0.015335154
538 221 152 189 0.015331097
354 0 247 159 0.015301042
460 145 28 36 0.015192221
283 0 12 9 0.015173072
983 795 41 25 0.015170786
484 37 204 271 0.015139115
322 732 134 88 0.015092753
560 746 115 74 0.015047364
0 307 56 147 0.015040864
340 0 11 9 0.014928686
516 0 65 48 0.014832983
250 422 15 22 0.014825362
301 70 194 227 0.014618807
428 171 97 119 0.014598813
352 0 12 9 0.014552604
0 515 85 217 0.014513945
238 0 12 9 0.014490127
617 524 85 95 0.014478148
0 278 139 415 0.014477657
459 739 131 81 0.0144636845
182 731 103 89 0.01443231
727 0 71 53 0.014360438
741 15 153 178 0.014354546
0 277 48 116 0.014347648
614 746 116 74 0.014339008
53 0 12 9 0.014308422
564 604 246 216 0.014204959
0 598 54 144 0.014173072
610 0 66 47 0.014167102
138 726 105 94 0.014160736
59 0 71 53 0.0140725775
563 0 66 46 0.014050338
424 661 184 159 0.014039582
0 403 53 146 0.014010106
67 523 220 297 0.01393971
293 161 199 249 0.01392628
0 181 47 116 0.013903227
328 0 11 9 0.013888852
461 0 128 86 0.013877587
489 568 153 166 0.013835606
1008 0 16 16 0.013810514
323 0 70 53 0.013805365
949 322 75 134 0.013779616
419 0 66 50 0.013751404
492 68 51 84 0.013718806
0 373 47 114 0.013716854
528 183 280 354 0.013710741
468 0 66 50 0.013700988
182 644 213 176 0.013688167
0 85 48 117 0.0136661995
179 0 71 53 0.013626594
480 137 26 36 0.013598199
131 0 71 53 0.013579347
227 0 70 53 0.01356906
274 0 71 53 0.013550865
581 175 158 185 0.013538645
527 0 12 9 0.01345902
0 0 11 14 0.013426371
559 37 102 127 0.013397519
77 0 12 9 0.013374224
530 663 171 157 0.013360897
114 0 334 366 0.013347931
167 0 12 9 0.013319916
787 415 88 111 0.013289308
241 102 294 380 0.013261368
640 0 56 39 0.013254243
0 564 47 115 0.013107234
448 140 29 42 0.0130937975
710 0 58 42 0.01305722
770 50 181 240 0.013055754
236 745 106 75 0.01297498
785 338 152 190 0.012970149
0 517 47 116 0.01296963
847 0 71 54 0.012952155
768 460 188 241 0.0129215075
0 469 46 115 0.012914053
376 0 58 43 0.012875413
603 33 107 148 0.01278467
580 528 93 94 0.012776507
812 423 97 121 0.012688244
714 506 189 239 0.012640955
38 0 12 9 0.012588549
463 130 83 106 0.0125192525
41 0 59 43 0.01251524
551 0 12 9 0.012453318
449 121 28 38 0.012441469
429 218 99 126 0.012412589
504 48 72 51 0.012347794
722 102 286 371 0.01233111
959 281 65 115 0.012319046
739 381 150 193 0.012270791
0 0 21 28 0.012256199
838 404 94 117 0.012243595
16 0 60 45 0.012186694
790 0 11 9 0.0121850185
203 0 23 17 0.012163269
805 0 23 17 0.012161201
110 509 151 208 0.012147407
739 0 23 17 0.012145124
752 0 22 16 0.012130809
483 566 111 108 0.012125267
540 594 47 25 0.012097673
725 294 288 390 0.012087
201 7 163 181 0.012073929
809 742 101 78 0.012055114
883 0 22 17 0.012037629
949 204 75 133 0.012010354
470 265 106 134 0.011967784
947 27 77 141 0.011941969
922 774 68 46 0.01193249
90 0 58 42 0.0118831955
215 0 23 16 0.011878437
571 247 189 234 0.011876133
428 181 66 61 0.011873664
809 461 104 135 0.011855464
324 474 290 346 0.011843396
304 0 59 42 0.011818068
131 501 285 319 0.011785051
600 500 134 155 0.011769154
209 0 58 42 0.011768852
871 0 23 17 0.011741415
383 174 93 114 0.011736862
947 125 77 136 0.011736081
114 0 58 42 0.011730054
256 0 59 42 0.011715808
434 68 117 148 0.011706328
790 346 87 103 0.011705571
757 0 59 43 0.011702125
529 739 98 81 0.011700799
763 0 24 17 0.011664304
718 741 97 79 0.011657667
0 430 36 94 0.011649348
710 0 22 16 0.011642915
113 387 151 229 0.011641584
102 0 23 17 0.0116314255
428 269 103 133 0.011630298
767 448 90 116 0.011627493
540 532 149 160 0.011616827
598 415 98 120 0.011609128
847 0 23 17 0.011603782
543 50 45 29 0.011598913
377 219 100 125 0.01159775
817 0 23 17 0.011596759
793 0 23 16 0.011591032
518 263 108 128 0.011580627
334 0 23 17 0.0115802055
632 0 11 9 0.011538863
896 772 69 48 0.011528594
609 104 56 88 0.011518596
0 46 38 98 0.011517427
346 0 23 16 0.011515209
269 341 132 197 0.011512624
728 0 23 16 0.011498756
103 5 171 190 0.011498017
824 375 175 229 0.011485301
90 0 23 17 0.011465612
0 333 37 96 0.011465305
0 644 37 95 0.011463271
286 740 103 80 0.011459176
108 754 97 66 0.011451354
713 71 101 143 0.011449107
281 0 23 17 0.011445262
0 238 37 96 0.011437787
781 0 23 16 0.011436563
859 0 23 16 0.01142993
150 40 168 206 0.011402987
734 117 160 208 0.011398911
0 143 37 95 0.011365405
383 575 180 206 0.011358986
394 0 23 17 0.011358476
291 273 202 254 0.011355522
358 0 23 17 0.011336064
834 282 156 207 0.011335386
143 0 24 17 0.011322971
60 183 285 417 0.011298792
191 0 23 17 0.011294272
418 0 23 17 0.011290181
327 222 103 129 0.011288717
406 0 23 17 0.011271791
322 0 23 17 0.011267614
173 0 23 16 0.011262873
895 0 23 17 0.01125856
958 374 66 116 0.011240511
192 0 45 34 0.011234386
537 302 153 193 0.011228546
18 16 106 151 0.011218676
161 0 24 17 0.011216325
114 0 23 17 0.0112083
269 0 23 17 0.011205785
481 238 188 238 0.011205039
28 760 83 60 0.011196209
760 508 106 136 0.011193917
419 193 32 30 0.011183003
292 0 24 17 0.011172271
949 607 75 133 0.011162584
862 380 92 115 0.011141029
304 0 24 17 0.011131036
18 171 153 212 0.011126681
0 462 27 76 0.0111171575
0 692 38 94 0.01111549
168 0 45 33 0.0111124655
245 0 23 16 0.011105892
698 0 22 17 0.011103501
370 0 23 17 0.011103292
603 203 70 88 0.011098787
835 0 23 17 0.011087761
467 602 118 127 0.011081429
0 581 28 78 0.011065801
0 414 27 76 0.011063419
440 161 67 60 0.011056946
822 330 86 95 0.0110519435
146 393 98 128 0.011044776
687 571 106 144 0.011028189
443 146 24 44 0.011026881
924 0 59 43 0.011024521
864 757 85 63 0.011021766
0 31 29 79 0.011016075
665 0 11 9 0.011003376
429 0 24 17 0.010976591
347 0 45 34 0.010974212
53 33 173 217 0.010968664
18 112 104 151 0.010956296
476 153 27 33 0.010947696
849 770 69 50 0.010940587
805 0 59 43 0.010937582
227 0 23 16 0.01093024
313 268 97 127 0.010928099
0 318 28 78 0.010916092
876 0 59 43 0.010911931
829 0 58 43 0.010903477
78 0 23 17 0.010887023
382 0 23 16 0.010885091
695 26 96 137 0.010883043
332 289 268 356 0.0108675035
690 188 149 190 0.010847432
260 565 161 207 0.010832745
158 563 100 106 0.010828119
0 628 28 78 0.010826187
144 0 45 33 0.010825217
0 534 28 78 0.010820123
0 0 7 9 0.010819978
463 157 34 35 0.010808261
492 510 158 154 0.010789336
152 288 284 390 0.01078634
180 605 91 160 0.010784483
287 0 45 33 0.010776383
731 546 111 147 0.010764159
616 260 103 127 0.010756152
0 676 28 77 0.010750742
639 42 149 202 0.010749554
900 0 59 43 0.010745353
783 234 150 194 0.010718266
54 0 23 17 0.010715645
73 0 45 33 0.010709331
407 0 45 33 0.010698049
257 0 23 16 0.010691969
906 0 23 17 0.010691367
693 39 160 205 0.010684353
524 552 97 86 0.010683935
131 0 24 17 0.0106796045
240 0 45 34 0.010671487
346 530 173 202 0.010648102
641 495 155 186 0.010643188
378 545 98 117 0.010640655
399 495 173 187 0.010597385
0 367 28 77 0.010588258
959 89 65 113 0.010585932
694 105 95 129 0.010584288
535 59 76 87 0.010568009
946 802 39 18 0.010560155
428 178 23 23 0.010557804
66 0 23 17 0.010556464
776 769 70 51 0.010536464
562 374 105 133 0.010526911
545 414 264 348 0.010526625
235 38 176 209 0.010524981
855 324 81 100 0.010521821
854 432 107 140 0.010516774
685 437 155 199 0.01051326
480 312 102 127 0.010512727
930 0 23 16 0.010512518
738 288 146 188 0.010499689
0 199 28 77 0.0104929
752 361 88 103 0.010449425
323 641 114 145 0.010422467
441 769 71 51 0.010382607
617 174 87 108 0.010381538
56 125 165 211 0.010372818
103 445 90 124 0.010369331
505 651 121 140 0.010366106
441 0 23 16 0.010363526
592 558 165 210 0.01036117
563 768 68 52 0.010351001
0 79 28 79 0.010337494
918 0 23 16 0.010326774
781 540 108 151 0.010320142
882 391 105 133 0.010318194
451 294 150 196 0.010300961
732 770 67 50 0.010298147
0 128 28 77 0.010297732
662 619 109 143 0.010276226
251 424 10 14 0.010273085
0 797 22 23 0.01026891
942 0 23 17 0.010265972
33 471 139 224 0.010262363
239 372 293 395 0.010253624
838 99 134 168 0.010250007
248 401 91 143 0.010240204
686 0 23 17 0.010207954
261 468 154 204 0.010202885
840 288 86 109 0.0101971645
839 174 156 215 0.010192044
584 377 150 188 0.010174441
336 303 95 118 0.01016998
497 71 29 39 0.010154892
267 249 143 205 0.010145541
280 641 110 147 0.0101031
970 675 54 86 0.010080677
309 333 93 131 0.010080627
494 352 157 199 0.010075397
60 776 64 44 0.01005175
806 366 101 123 0.010050558
104 80 166 211 0.010047015
969 197 55 89 0.010027133
618 103 280 367 0.0100270575
740 0 46 34 0.010024653
748 0 18 13 0.010023123
950 793 59 27 0.010021004
563 555 101 105 0.010018644
441 395 258 343 0.010014271