30_Surgeons_Surgeons_30_63
561
217 193 140 173 0.8486649
441 44 172 175 0.5994311
543 601 26 28 0.19087695
1 383 153 202 0.08059852
534 599 43 42 0.068422966
471 93 121 112 0.052825615
808 121 37 39 0.05207288
427 0 136 153 0.043580845
549 469 24 17 0.04140472
238 114 164 217 0.041129053
400 82 147 153 0.04020073
338 0 252 194 0.038213167
370 137 167 209 0.037871182
493 109 123 143 0.036911126
494 2 123 149 0.03429871
827 0 197 176 0.032700643
49 350 193 220 0.03223679
248 166 104 140 0.030724281
835 518 189 236 0.030679524
995 269 21 29 0.030584173
509 57 137 148 0.030522648
529 594 64 65 0.030462246
390 0 113 117 0.030172193
0 0 147 199 0.030130774
937 0 87 103 0.02997161
121 163 174 206 0.029894708
551 609 20 24 0.02969939
951 665 73 89 0.02865676
208 0 277 190 0.028384913
505 125 51 73 0.028148148
558 28 179 174 0.027869668
0 254 193 279 0.027517967
995 235 29 64 0.027512189
195 244 152 194 0.027389903
870 126 25 30 0.027098486
0 488 156 266 0.026684014
0 0 77 105 0.026279612
437 0 81 61 0.025721798
534 82 57 51 0.025640512
996 269 14 18 0.025464168
258 254 101 116 0.02521794
157 0 221 158 0.024913108
948 371 76 121 0.024806002
444 65 107 120 0.024301087
545 596 45 37 0.02415793
540 25 128 138 0.024123006
0 721 47 33 0.024110094
817 131 15 16 0.024000103
20 423 197 246 0.023945333
512 139 192 229 0.023937372
585 0 147 100 0.023580069
251 0 187 122 0.02347363
611 5 166 143 0.02334316
548 464 33 29 0.022884887
964 211 60 136 0.022868792
842 265 182 367 0.022827353
566 348 44 32 0.022818625
96 231 187 218 0.0227121
558 43 303 320 0.022674644
319 170 132 179 0.02266465
459 143 136 157 0.022241777
651 513 279 241 0.022018943
147 0 152 114 0.02199328
279 211 92 127 0.021875732
639 100 296 367 0.021756612
351 49 141 184 0.021676118
556 607 26 30 0.02153981
819 84 205 366 0.021535713
0 0 49 69 0.021516843
811 0 146 105 0.02141292
717 0 144 97 0.02140775
38 0 274 203 0.021270726
58 0 149 111 0.021129034
0 685 56 69 0.021109445
913 578 111 176 0.021094605
481 44 98 125 0.021080915
74 691 127 63 0.021043222
682 30 120 113 0.02079621
278 560 28 36 0.020547552
554 85 32 37 0.02021061
213 493 272 261 0.02011702
606 148 205 253 0.02002887
550 598 27 25 0.019964345
26 413 95 137 0.019887751
0 653 88 101 0.01984865
471 0 108 81 0.019683335
556 0 122 82 0.019609194
795 106 53 61 0.019496541
164 276 206 261 0.01949126
0 452 114 211 0.019431477
954 270 70 140 0.019418076
21 0 123 95 0.019385155
430 118 98 98 0.019380433
115 0 125 91 0.019290777
634 0 129 77 0.019216912
445 230 178 225 0.019192588
394 530 262 224 0.018964764
917 474 107 228 0.018933909
636 0 303 184 0.018926263
0 166 83 197 0.01882481
998 269 26 56 0.018592386
672 657 159 97 0.018518055
774 0 118 81 0.01840233
517 0 101 67 0.018369684
17 636 165 118 0.018325742
977 707 47 47 0.01828575
0 89 216 356 0.018268894
498 587 86 85 0.018260043
549 658 152 96 0.018239519
32 521 225 233 0.018233232
935 139 89 200 0.01822537
0 237 95 248 0.018176025
316 635 161 119 0.01815262
541 611 21 22 0.018083308
923 42 101 196 0.0180501
2 352 108 156 0.018009417
910 381 114 196 0.017999578
829 0 101 68 0.01799153
0 411 67 140 0.017959157
513 606 52 52 0.017917225
969 0 55 56 0.017914522
868 0 106 73 0.017864812
355 24 97 130 0.017862663
565 347 27 21 0.017862273
614 71 170 193 0.017835807
535 86 35 36 0.017821396
385 126 118 146 0.017672176
177 265 118 135 0.017653137
952 445 72 166 0.017642872
133 387 264 339 0.017609442
531 587 38 39 0.017592378
644 504 118 102 0.017591547
452 0 57 37 0.017567193
503 165 129 157 0.0175478
0 31 86 203 0.017533535
546 605 19 16 0.01750928
210 0 107 77 0.017453827
694 0 104 63 0.017404824
0 194 53 138 0.017367708
565 144 95 127 0.017338697
91 77 172 216 0.017252725
682 141 78 93 0.017229035
570 205 298 374 0.017182708
417 268 256 330 0.017147617
520 118 80 92 0.017116759
959 105 65 140 0.017075608
848 635 162 119 0.017073978
468 684 109 70 0.017063325
880 230 144 249 0.016959064
547 200 67 93 0.016761664
353 231 168 211 0.01674697
80 0 103 71 0.01673356
524 218 199 243 0.0167032
366 671 130 83 0.01663661
237 287 207 261 0.01661953
812 126 24 27 0.016591148
59 350 121 132 0.016590206
817 139 14 14 0.016590178
519 685 112 69 0.016429398
282 265 109 134 0.016390946
682 71 221 253 0.016322939
537 634 20 21 0.01631155
578 431 259 323 0.016219685
585 89 128 159 0.016107773
700 45 149 169 0.016090075
640 300 292 395 0.016068049
418 678 118 76 0.016055426
529 602 32 27 0.016052125
460 136 70 63 0.016025748
344 0 118 85 0.016023047
957 19 67 136 0.016021013
733 0 290 290 0.016011288
1006 292 18 39 0.015994534
191 54 152 216 0.01592945
635 51 130 133 0.01587741
423 0 53 37 0.01582154
265 606 21 24 0.015818566
431 187 105 124 0.015758058
616 575 183 179 0.01567833
650 686 123 68 0.015656458
993 275 14 22 0.015521964
1009 365 15 40 0.0155096715
204 173 111 137 0.0153885735
652 286 182 210 0.015341506
319 553 216 201 0.015339351
563 348 16 16 0.01532297
260 600 40 63 0.015285351
16 163 149 208 0.015270313
228 536 35 58 0.01526637
252 298 98 100 0.015235714
506 596 112 112 0.015212314
253 0 104 75 0.0152116725
0 283 48 133 0.015208187
739 647 158 107 0.015184874
121 346 166 193 0.01513548
5 65 164 221 0.015118443
0 59 53 140 0.015030878
427 111 30 25 0.014982285
510 555 216 199 0.01493622
360 113 87 125 0.014850906
546 444 41 41 0.014799545
640 0 77 54 0.014795613
166 553 202 201 0.0147716105
879 566 50 73 0.01472827
266 606 15 16 0.014720445
367 649 9 11 0.014714206
410 206 146 189 0.014626208
760 130 206 273 0.014592984
497 624 158 130 0.01456799
568 326 15 17 0.014526629
519 136 32 48 0.014511693
97 375 127 140 0.014487152
848 73 154 196 0.014432887
704 131 44 52 0.0144189205
312 179 262 319 0.014399835
603 152 102 132 0.014342135
462 130 100 102 0.014261364
866 500 135 174 0.01424963
0 335 49 130 0.014235779
511 536 72 88 0.014219696
530 606 13 17 0.014134189
507 141 8 10 0.014103548
545 615 25 26 0.014075144
208 535 47 68 0.014061018
525 75 77 95 0.0140518835
652 482 156 171 0.013930713
130 663 153 91 0.013902853
298 0 102 70 0.0138928555
548 104 68 91 0.013820588
416 0 40 21 0.013808676
825 680 111 74 0.013773546
971 381 53 71 0.013768241
523 134 21 27 0.013758005
244 642 154 112 0.013748853
204 269 8 9 0.01372744
448 418 153 193 0.013715226
630 226 98 128 0.01369343
406 48 63 77 0.013652001
266 572 24 33 0.0136305485
493 146 59 76 0.013566734
240 135 91 124 0.01356437
674 712 83 42 0.0135328695
19 264 131 185 0.013523734
951 338 73 101 0.013417295
0 496 53 144 0.013405928
705 157 167 209 0.013366847
272 168 67 86 0.013319416
265 459 96 137 0.013317498
490 291 166 204 0.013312373
738 274 170 222 0.013277058
972 150 16 20 0.013240361
561 595 31 26 0.013234029
871 136 28 35 0.013219696
494 375 156 193 0.013141024
552 453 28 27 0.013126689
809 178 129 164 0.013068901
595 0 31 34 0.013015389
276 538 14 17 0.012997182
252 420 190 240 0.012970581
421 252 90 115 0.012958659
693 541 96 103 0.012933377
545 143 75 103 0.012911115
985 271 39 83 0.012830617
649 150 109 134 0.012809434
307 323 89 112 0.01280501
750 0 79 61 0.012800003
702 231 92 110 0.012786941
870 151 84 104 0.0127862785
629 417 158 174 0.012774175
326 591 39 42 0.012742828
551 413 53 65 0.012715889
766 354 236 328 0.012710114
189 653 151 101 0.012704857
565 194 104 135 0.012675821
168 326 102 126 0.012654946
233 581 78 97 0.012635887
731 109 102 129 0.012612105
332 255 75 105 0.0126110995
130 249 91 131 0.01259736
797 29 81 113 0.012591242
761 45 144 178 0.0125885205
549 631 17 15 0.012581117
344 653 21 21 0.012575381
783 69 92 118 0.012574775
66 220 122 159 0.01257429
703 378 163 202 0.012532708
511 102 51 73 0.012523502
850 158 150 199 0.012503474
789 242 157 204 0.012485203
536 77 26 34 0.012466555
324 678 105 76 0.01244571
614 257 154 173 0.01244227
820 137 10 10 0.012441378
121 435 185 220 0.012407984
207 14 115 127 0.012389932
582 410 89 99 0.012386629
643 319 113 107 0.0123862345
496 0 62 59 0.012384264
65 420 113 132 0.01237844
792 220 92 110 0.012371828
738 683 103 71 0.012370946
539 459 33 28 0.012370238
1004 370 10 13 0.012303813
605 538 34 29 0.012296177
978 188 46 105 0.012282712
1015 0 9 16 0.012258396
600 0 77 56 0.012242377
119 341 103 119 0.01224198
245 352 128 157 0.012231879
548 613 18 16 0.012227142
415 296 156 205 0.012221823
506 485 48 57 0.01222115
561 618 16 20 0.012197611
558 275 122 142 0.012194263
479 315 273 353 0.012191655
295 22 102 129 0.012182209
275 47 144 199 0.012173208
519 475 45 50 0.012170309
592 226 96 127 0.012156404
36 402 66 91 0.012124057
487 148 19 18 0.012113101
533 308 29 26 0.012090705
336 654 36 39 0.012063863
559 475 13 15 0.01205767
917 369 82 98 0.012052383
302 254 74 97 0.012046401
577 179 34 34 0.012022757
148 699 90 55 0.012022228
0 573 97 164 0.012005214
761 214 140 178 0.012004568
795 123 65 81 0.011940351
766 192 95 109 0.011932783
276 572 22 30 0.011929453
510 497 73 95 0.01192351
980 471 44 85 0.011921754
568 19 22 36 0.011883618
85 341 39 35 0.011870018
1003 736 21 18 0.011865495
240 415 95 137 0.011857769
534 98 30 33 0.011845913
531 339 156 193 0.011836979
60 30 96 141 0.011834369
188 213 94 122 0.01183378
326 259 130 172 0.01180664
871 461 107 137 0.011795681
688 386 14 9 0.011786943
19 153 96 136 0.011777902
418 293 90 120 0.011773887
421 30 91 112 0.011770068
718 78 96 116 0.011725361
433 98 70 84 0.011707013
609 568 24 19 0.011706203
200 553 41 60 0.011689486
355 318 179 226 0.011688101
518 89 56 56 0.011680142
558 607 14 19 0.011613705
1001 0 23 30 0.011608726
704 702 72 52 0.011583439
301 358 265 346 0.011578967
707 585 156 169 0.011557927
211 369 104 127 0.011516519
550 586 34 32 0.011508829
743 231 90 106 0.011498637
266 584 15 22 0.011489634
679 135 133 163 0.011486405
543 51 77 101 0.01148516
526 28 76 105 0.011471535
554 593 55 51 0.011470795
451 335 157 205 0.011469891
392 11 63 71 0.011467798
727 574 88 95 0.011451216
607 517 142 183 0.011415477
510 140 13 15 0.011411387
754 87 83 93 0.011358372
387 624 166 130 0.011344016
297 119 98 139 0.011342399
881 539 83 113 0.011328091
313 337 150 196 0.011324535
674 254 95 111 0.011312162
405 104 86 102 0.011298948
133 414 93 133 0.011293212
682 488 101 90 0.011281407
310 302 74 89 0.011261024
552 610 15 13 0.011229978
534 469 37 37 0.011226986
880 192 51 64 0.011193975
948 547 76 125 0.011173131
509 230 135 163 0.011161067
676 209 93 109 0.011154494
75 712 72 42 0.011154378
978 558 46 89 0.011153952
307 184 66 95 0.011146652
332 215 73 105 0.011137799
491 131 51 53 0.011135463
748 543 89 103 0.011120175
573 645 14 17 0.011079145
1019 0 5 10 0.011057676
19 78 95 144 0.011053242
909 277 75 94 0.011044901
514 62 61 62 0.011042198
115 343 36 29 0.011042045
474 153 35 29 0.011040313
126 200 102 133 0.011034635
834 107 110 137 0.011016073
286 563 13 16 0.011012268
441 338 88 119 0.011000214
721 517 92 105 0.010997142
471 284 113 141 0.010995151
999 264 14 18 0.010987728
463 181 25 38 0.010985446
669 0 63 45 0.010972267
538 431 159 186 0.010968009
1008 278 16 37 0.010958767
677 350 89 107 0.01094467
403 0 83 58 0.010936775
345 494 92 126 0.0109278215
612 202 53 51 0.01092546
0 584 52 140 0.010921675
268 611 25 26 0.010919491
445 16 72 84 0.010918015
265 589 20 29 0.010903509
0 0 31 43 0.010899819
824 103 48 56 0.010894551
573 202 64 84 0.010893919
641 541 87 107 0.010887163
140 715 67 39 0.0108870445
639 408 81 96 0.010882623
979 347 45 70 0.010879532
675 392 15 14 0.01087159
525 290 13 14 0.010855259
809 429 152 199 0.010852675
851 481 77 92 0.010847452
608 574 18 12 0.010843255
258 610 10 16 0.010832069
744 167 94 111 0.010825999
872 95 89 118 0.010825664
919 158 12 18 0.010802034
603 79 8 10 0.010791532
504 25 61 74 0.010784516
223 685 89 69 0.010760426
608 37 90 96 0.010759481
612 431 87 99 0.010757848
764 336 61 69 0.010756546
780 689 92 65 0.010756366
752 429 149 193 0.010746964
520 411 104 128 0.010744396
45 683 102 71 0.010734139
748 436 83 105 0.0107123675
630 0 56 38 0.010705936
581 427 56 63 0.010695059
358 0 75 55 0.0106924195
1010 309 14 36 0.0106893005
353 434 163 214 0.010679358
496 488 15 16 0.01066437
269 595 28 27 0.010656947
161 370 107 133 0.010656775
641 112 94 109 0.010636271
998 267 9 12 0.010627039
530 483 75 86 0.01062237
755 254 49 62 0.010618309
385 57 88 132 0.010611145
518 0 58 45 0.010607645
1010 382 14 49 0.01059119
474 455 102 125 0.010530975
544 445 25 32 0.0105255265
639 713 78 41 0.010522401
746 17 88 119 0.010498152
565 614 17 21 0.010489729
722 610 50 54 0.010479316
581 348 51 49 0.010473301
997 280 13 15 0.010473278
678 281 123 144 0.010467245
535 615 33 42 0.010464258
298 366 104 129 0.010460304
394 620 85 97 0.01045671
780 108 102 131 0.010454288
600 318 115 133 0.010452597
769 104 54 60 0.010442102
50 716 67 38 0.010441766
47 470 105 136 0.010436153
611 71 87 107 0.01043178
180 386 168 217 0.010411378
600 486 23 29 0.0104026785
782 319 90 105 0.010396987
753 529 150 193 0.010394495
522 135 15 19 0.010387215
53 126 152 211 0.010386849
378 294 90 114 0.010379888
926 292 21 41 0.010372113
899 293 45 63 0.010371135
373 521 87 116 0.010364135
877 238 101 129 0.0103604775
287 555 24 30 0.01035596
727 460 80 94 0.010354637
41 107 98 141 0.010347321
424 0 26 14 0.010337531
472 51 71 87 0.010318315
556 84 56 60 0.010318247
1012 349 12 41 0.010311393
766 249 90 111 0.010302696
979 413 45 84 0.010302295
512 125 33 42 0.01029576
896 6 102 118 0.010282998
178 0 82 61 0.010279315
823 135 10 11 0.010269331
744 240 47 64 0.010266854
1010 113 14 44 0.010258367
632 348 142 167 0.010256689
707 413 81 97 0.0102506485
982 302 42 82 0.01024933
1017 375 7 25 0.010241234
831 24 109 123 0.010232537
921 369 48 60 0.010229578
899 569 96 124 0.010226702
713 130 86 93 0.0102251405
812 103 17 18 0.010221338
985 74 39 76 0.010220879
330 629 88 98 0.010218844
1012 679 12 44 0.01021283
823 58 67 88 0.0102115255
978 501 46 95 0.010206598
205 130 85 113 0.010199222
575 649 34 33 0.010197104
227 622 80 94 0.010193361
738 602 93 108 0.0101928795
391 196 93 123 0.0101814605
909 326 78 99 0.010172572
995 271 9 11 0.010170198
787 271 90 112 0.010159315
785 579 58 55 0.010155608
543 89 19 20 0.010151791
281 416 104 134 0.0101366
786 454 86 110 0.010129914
722 321 93 94 0.010124215
992 248 26 36 0.010110637
531 298 84 109 0.010109387
552 454 82 89 0.01009985
522 547 49 59 0.010098182
1012 652 12 39 0.010094155
977 243 47 74 0.010088514
519 0 38 30 0.010087001
188 712 61 42 0.010076286
780 348 60 73 0.010073526
264 578 38 64 0.010073072
654 33 93 99 0.0100626
567 566 91 106 0.010061654
99 443 133 159 0.010058964
497 504 143 162 0.010058569
558 642 27 26 0.010058304
521 85 32 33 0.010057691
483 149 31 26 0.010053564
1004 227 20 48 0.010048757
1022 0 2 12 0.010047251
212 708 62 46 0.010044442
549 461 23 17 0.010036618
512 284 73 92 0.010035744
825 632 24 33 0.010020997
537 401 50 68 0.010019517
570 599 25 29 0.01001826
796 330 160 208 0.010015273
688 366 117 140 0.010014657