28_Sports_Fan_Sports_Fan_28_782
409
404 66 182 247 0.8898783
580 61 148 217 0.62302476
155 0 168 96 0.41174334
531 10 171 219 0.082272805
177 464 24 33 0.05277719
231 302 24 28 0.04797789
298 326 24 25 0.04617541
118 5 134 109 0.045828402
184 0 213 132 0.045370676
536 118 195 269 0.04423064
931 0 93 67 0.043564007
547 11 116 145 0.04141907
618 9 140 231 0.041389648
364 0 241 225 0.040504176
138 15 212 189 0.0402656
0 337 115 218 0.040099334
0 0 140 176 0.040045943
828 377 196 199 0.039430972
894 2 130 105 0.03632125
833 0 191 180 0.035559572
443 0 217 177 0.03532922
203 332 36 40 0.03477421
182 363 25 29 0.03432083
0 0 88 114 0.03409003
404 69 109 149 0.03357864
214 370 223 206 0.03302376
547 0 97 91 0.032889348
549 134 120 160 0.03185343
5 430 143 146 0.031405687
628 0 157 132 0.031131813
219 273 22 25 0.031010618
596 405 249 171 0.030763008
69 0 103 96 0.030730752
307 0 174 110 0.030382127
831 154 193 346 0.030354304
27 388 235 188 0.030104361
0 0 55 71 0.030021917
635 470 167 106 0.029999407
342 364 264 212 0.029383535
607 146 185 272 0.028831279
718 45 154 206 0.02856927
149 21 130 134 0.028101651
266 0 265 186 0.027802883
952 194 27 32 0.027483283
202 22 127 134 0.02742415
659 64 139 194 0.0272121
223 338 17 19 0.027116241
499 384 262 192 0.027050206
914 448 110 128 0.026998488
645 133 102 154 0.026975658
204 31 218 225 0.026724871
58 28 231 225 0.026623543
619 164 104 149 0.026603065
353 189 250 345 0.026311183
262 323 21 26 0.026276184
187 153 21 27 0.0261618
178 432 166 144 0.025683148
717 0 165 118 0.025092367
0 470 95 106 0.025018618
0 262 181 314 0.024994798
114 0 109 68 0.024672743
203 336 22 28 0.02460122
876 0 93 62 0.024548858
590 215 252 343 0.024468964
924 217 100 203 0.024408303
915 287 109 218 0.024231698
246 2 105 102 0.024228761
666 71 242 315 0.02422304
318 179 186 225 0.02379314
699 456 180 120 0.023473684
240 215 165 213 0.02343832
180 476 16 22 0.02342308
125 313 64 80 0.023080964
40 149 235 323 0.022689415
872 117 152 235 0.022619687
783 0 178 127 0.022608433
683 0 245 177 0.02256483
711 122 160 215 0.022539621
0 8 220 301 0.022538867
19 0 114 78 0.022316704
502 0 128 127 0.022303484
405 0 140 114 0.022211598
909 31 115 205 0.022209115
389 23 113 140 0.02212822
0 42 86 226 0.02198833
219 104 107 104 0.021936163
975 0 49 45 0.021840695
0 153 127 348 0.021798588
461 427 185 149 0.021704309
788 441 186 135 0.021678422
252 251 110 137 0.021641187
764 7 231 290 0.02163006
114 90 256 297 0.021390941
98 201 117 102 0.021268327
195 323 52 62 0.021239322
0 490 50 86 0.0211827
301 13 99 120 0.020916468
151 8 78 83 0.020889327
579 0 101 70 0.020862304
752 228 252 348 0.020781578
545 275 176 234 0.020714061
0 406 55 138 0.020124726
689 503 107 73 0.01995075
148 242 229 324 0.01975105
99 200 168 160 0.01974711
314 443 160 133 0.019712133
64 280 167 233 0.019693095
0 285 100 183 0.019571146
351 52 102 134 0.019549068
0 0 31 40 0.01951265
173 470 20 24 0.019245926
265 246 247 318 0.019220408
560 0 66 50 0.01920521
444 241 214 286 0.019182555
300 331 15 18 0.019164158
934 169 90 157 0.01914917
296 319 38 36 0.019129597
640 101 74 153 0.018684065
713 203 166 224 0.018667681
213 336 25 26 0.018588541
352 91 169 205 0.018431628
169 97 152 154 0.018391259
48 17 153 182 0.018379977
398 447 154 129 0.018278576
798 325 159 222 0.018142939
78 221 110 121 0.018129569
354 0 30 27 0.017979516
73 246 131 164 0.017949706
631 35 90 155 0.017830424
764 267 146 194 0.017800955
694 251 212 288 0.017750595
222 105 208 252 0.017651055
857 483 113 93 0.017589727
1009 544 15 32 0.017564442
248 35 118 137 0.017463587
156 204 169 221 0.017436942
5 123 160 234 0.017255865
644 0 47 41 0.017120441
309 0 94 68 0.017101971
398 253 155 196 0.017084936
943 133 81 130 0.016937712
89 452 147 124 0.01692119
192 285 98 120 0.016895888
0 356 66 142 0.016889617
154 305 75 87 0.01676702
295 320 20 24 0.016595786
801 232 146 192 0.016584089
85 302 84 103 0.0164634
615 219 115 148 0.016386766
1019 559 5 16 0.016354734
514 0 96 67 0.01632168
799 45 152 194 0.0163124
203 159 157 179 0.016265405
961 188 26 33 0.016177481
204 331 16 21 0.016146593
563 455 158 121 0.016096644
215 287 149 207 0.01608328
245 448 145 128 0.015967334
640 345 157 203 0.015964901
792 122 171 224 0.01594281
380 0 116 88 0.015876252
1023 565 1 11 0.015616405
428 0 94 66 0.015615919
119 122 165 157 0.015595752
7 2 39 46 0.015541194
11 0 80 52 0.015534184
480 59 123 170 0.015513981
145 290 60 84 0.01533684
299 480 118 96 0.015272369
2 252 82 138 0.01519793
919 0 76 48 0.015178894
134 320 81 104 0.015170113
984 515 40 61 0.015162
464 482 105 94 0.015127325
239 349 20 23 0.015102143
346 66 23 40 0.014968723
664 197 89 128 0.014966825
765 0 93 94 0.0149626825
550 197 99 132 0.014927392
614 0 115 88 0.014883394
0 0 18 27 0.014863215
454 0 117 81 0.014834262
846 190 146 192 0.014758794
23 238 134 190 0.014747748
253 114 127 142 0.0147342775
957 201 18 21 0.0147179905
705 15 89 122 0.014716009
191 367 18 21 0.014673335
120 259 146 163 0.014660689
516 0 39 27 0.014645265
784 491 105 85 0.01461644
0 80 56 154 0.014607956
604 149 93 116 0.0145701645
376 485 112 91 0.014551375
215 177 16 18 0.014528791
63 483 109 93 0.014465853
230 297 19 24 0.014463079
197 301 46 64 0.014416984
81 0 66 49 0.01438775
352 0 95 70 0.014387655
154 470 28 31 0.014383268
601 258 148 192 0.014312247
658 0 31 26 0.0143108945
700 0 109 81 0.014299157
195 0 88 63 0.014284659
52 129 151 167 0.014270908
931 235 13 17 0.014240853
668 0 91 66 0.014209696
34 328 95 145 0.014196906
771 28 128 162 0.014167895
0 15 45 119 0.01407243
131 238 87 129 0.014020576
1019 174 5 32 0.014000234
152 0 33 22 0.013968497
237 395 103 151 0.013958628
308 84 94 126 0.013951939
761 105 144 177 0.013914903
516 0 18 14 0.013913772
239 351 25 37 0.01391253
0 296 48 129 0.013846477
0 148 69 181 0.013799098
739 497 104 79 0.013783793
770 200 125 158 0.0137433745
50 346 126 183 0.01367084
110 35 108 131 0.013614857
951 195 44 52 0.013547598
1021 177 3 25 0.013518909
146 486 103 90 0.013469962
0 0 9 11 0.013451209
819 0 114 76 0.013402191
0 559 9 17 0.013366128
816 319 109 147 0.013341022
227 279 17 20 0.013317838
159 468 38 40 0.013273181
353 0 21 17 0.013264136
1018 0 6 14 0.013252471
474 0 60 67 0.013226883
167 173 137 139 0.013161678
239 142 92 83 0.01315571
0 9 26 55 0.013102401
397 169 99 140 0.013079601
352 169 97 129 0.013078852
1003 0 21 27 0.013073129
928 228 23 29 0.013066696
16 0 42 35 0.013040201
920 214 76 101 0.012988228
153 85 108 124 0.012986231
792 0 77 57 0.012959763
701 55 89 132 0.012940854
210 372 27 30 0.012927357
217 279 17 20 0.012842377
235 300 105 119 0.012775272
165 0 70 52 0.012762894
17 72 123 166 0.01275186
823 216 100 127 0.012734978
223 304 35 41 0.012713559
263 184 106 128 0.0126935225
209 289 61 78 0.012693509
844 305 138 187 0.012636549
190 28 71 76 0.01261265
249 268 48 55 0.01259466
497 240 103 124 0.0125788655
435 188 145 163 0.012578516
184 221 111 127 0.012515482
955 234 69 124 0.012510647
542 488 106 88 0.012501947
1017 230 7 42 0.012495283
557 0 46 28 0.012411743
233 276 16 20 0.012323951
864 79 101 136 0.012320921
212 258 32 40 0.012290069
1011 0 13 17 0.012249883
1021 0 3 9 0.012229988
657 232 111 146 0.012217782
573 60 102 133 0.012149742
206 346 35 47 0.012129568
185 462 20 27 0.0121218385
823 83 100 132 0.012067861
584 0 55 36 0.012063392
701 536 69 40 0.012062914
311 44 57 93 0.012049121
225 269 87 110 0.012045562
448 353 137 189 0.012041831
170 291 53 73 0.012010504
361 302 155 207 0.011975369
227 306 19 20 0.0119668245
287 0 83 88 0.011955699
149 258 58 78 0.011926109
187 370 24 29 0.011912953
765 0 18 12 0.011903213
664 335 103 135 0.011887707
754 0 22 14 0.011827798
0 218 48 120 0.011792626
171 335 53 64 0.011788017
971 9 53 76 0.011783987
1001 229 23 64 0.01178245
230 30 75 74 0.01175982
51 300 87 116 0.011749747
855 117 121 157 0.011734554
292 166 119 153 0.01172383
772 385 135 184 0.011652051
865 182 97 120 0.011648512
195 0 41 26 0.0116236415
223 310 68 79 0.011613804
145 151 107 106 0.01158014
238 299 21 24 0.011578842
986 239 38 83 0.011566512
187 480 108 96 0.011526672
144 455 45 55 0.01148995
489 0 51 37 0.0114899
694 182 131 176 0.011488418
499 0 75 53 0.011473746
282 323 12 15 0.01143896
361 0 20 16 0.011389628
177 463 15 23 0.011382462
182 257 76 106 0.011370222
268 325 15 18 0.011359517
1016 247 8 42 0.011333896
187 335 69 84 0.011294597
588 247 98 118 0.01129147
484 315 138 187 0.011285686
745 254 103 131 0.011281766
0 525 24 51 0.011274471
745 0 37 26 0.011198075
10 396 86 119 0.011197104
414 0 43 26 0.011176125
323 261 149 196 0.011164527
951 205 26 31 0.011148042
253 269 23 26 0.011141681
696 315 128 172 0.011141358
97 70 130 157 0.011088126
286 29 62 83 0.011057037
54 0 62 44 0.011053828
750 179 93 117 0.011048666
907 0 56 36 0.011040556
121 346 78 113 0.011016283
188 468 25 28 0.011010006
1021 564 3 12 0.011002113
112 343 24 35 0.0109938085
1017 7 7 42 0.010990853
267 331 14 17 0.010960715
147 231 64 77 0.010958399
31 0 33 24 0.010958309
242 240 79 93 0.010942632
301 330 28 33 0.010923512
969 98 55 109 0.010921869
551 250 95 119 0.01091682
233 313 21 28 0.010916387
602 0 65 41 0.010903256
201 41 81 86 0.010896758
712 0 41 29 0.010877278
68 89 99 129 0.010867634
320 135 27 32 0.01085832
235 355 40 46 0.010840558
146 474 27 33 0.010834521
318 0 30 29 0.010825714
373 0 13 17 0.010812074
227 271 17 20 0.010789347
531 0 27 17 0.010776957
213 339 44 49 0.010760502
1018 190 6 34 0.010758744
500 0 33 21 0.010739091
214 139 74 66 0.010732635
190 163 16 22 0.010710007
1013 219 11 45 0.010700892
263 0 73 54 0.010690367
734 532 53 43 0.010689001
925 218 21 31 0.010655308
969 201 55 95 0.010644822
118 0 22 12 0.010629507
124 340 150 195 0.010625056
358 240 88 126 0.010606793
1017 160 7 36 0.010602677
564 0 22 13 0.010587057
785 0 19 13 0.01057877
1016 552 8 24 0.010577803
705 132 90 126 0.010566824
783 87 101 129 0.010563646
123 314 41 60 0.010553321
240 276 12 16 0.0105402665
730 345 130 179 0.010532079
645 0 35 23 0.010513005
151 349 52 72 0.010487599
58 34 90 120 0.010484803
38 64 88 111 0.010479739
213 0 50 33 0.010472291
344 37 13 17 0.010382561
184 360 17 23 0.010381662
951 199 19 20 0.0103586465
68 0 42 28 0.010347511
1022 562 2 14 0.010343315
30 217 98 127 0.010328416
119 283 15 16 0.010325794
132 344 53 75 0.0103223445
0 28 18 50 0.010318339
953 294 71 132 0.010298091
206 344 22 27 0.010281021
1002 528 22 48 0.010232012
295 280 103 133 0.010199933
1020 187 4 28 0.010191373
718 0 22 14 0.010172827
106 0 64 39 0.010159271
173 0 50 33 0.010143545
1017 211 7 38 0.010136051
144 452 68 86 0.0100735305
235 193 89 102 0.010048831
260 286 32 33 0.010032193
486 171 108 141 0.010020522
813 283 87 131 0.010014466