28_Sports_Fan_Sports_Fan_28_697
3765
743 1288 78 94 0.7190789
591 427 116 151 0.27582785
559 354 141 98 0.25513646
569 372 139 153 0.22366308
141 1410 31 40 0.17532863
255 1381 31 39 0.16604349
583 348 91 76 0.14004336
173 1162 45 51 0.13718246
193 1369 26 33 0.1312644
536 429 130 145 0.1281252
900 1109 62 74 0.12790039
985 1151 39 115 0.12500027
967 1024 57 113 0.1235331
34 1053 21 25 0.12329906
185 1231 70 80 0.121499486
148 1365 33 41 0.11056772
447 1415 77 103 0.11047289
480 1400 41 48 0.10909441
267 1427 27 32 0.1079336
228 1457 37 47 0.1042686
227 1142 34 41 0.10138598
293 1281 34 45 0.10097586
380 61 109 125 0.100635916
357 1380 29 33 0.093819566
750 950 47 60 0.093385264
882 967 54 83 0.09137034
532 1419 32 42 0.09120689
465 1401 60 79 0.08953504
966 1217 58 122 0.08710762
288 1381 39 48 0.08228787
8 17 435 356 0.081989296
721 1200 44 66 0.08042023
434 564 82 115 0.07977272
270 1179 29 34 0.07877488
531 360 111 104 0.07830239
1 1081 69 82 0.07756209
121 1312 32 41 0.07730531
986 1253 38 90 0.075818054
253 1279 27 31 0.07532708
535 1433 22 25 0.075176455
871 1444 46 61 0.074039385
67 1141 40 50 0.07238561
463 1387 50 58 0.07096683
296 1098 39 53 0.0703887
574 480 125 144 0.06986669
140 1364 50 72 0.06960836
0 1026 21 45 0.06927001
255 1434 153 108 0.06884025
130 1383 52 72 0.06871699
839 1266 55 69 0.068234034
0 788 34 54 0.06673204
0 1413 27 64 0.06648881
45 1399 49 60 0.065236114
0 1301 52 91 0.06518458
153 1153 54 57 0.06509761
154 1376 22 25 0.064309366
562 1415 28 36 0.063314855
44 1496 46 46 0.06291606
108 1290 50 67 0.062428642
699 1199 63 96 0.062379535
465 1443 53 60 0.062190183
882 1433 57 73 0.06211671
240 1456 21 24 0.061608143
97 1105 28 33 0.06156193
70 1079 32 37 0.061061025
184 1106 48 55 0.06071842
186 1324 24 25 0.060575992
712 847 92 114 0.05996961
399 112 86 85 0.05961758
221 1379 30 40 0.059435952
33 1451 31 33 0.058616627
216 1461 39 56 0.058172062
249 1085 43 51 0.058011238
149 996 34 35 0.057940256
163 1505 61 37 0.05776454
475 1408 30 39 0.057756443
32 1037 33 40 0.057534818
186 1514 43 28 0.057247616
866 1262 49 66 0.056990918
23 1042 30 35 0.056859862
967 1201 36 49 0.05648985
432 1427 29 37 0.056043472
959 1185 59 76 0.05582049
164 1130 62 81 0.05541461
2 1250 66 87 0.055250708
595 372 47 44 0.055217516
762 1283 95 113 0.054662097
219 1116 50 71 0.054653358
181 1369 31 37 0.054561447
236 1451 33 37 0.054343097
1000 1189 24 97 0.05433434
70 63 184 201 0.053949177
493 1395 28 36 0.053877156
597 1414 32 35 0.053418346
922 1508 23 33 0.053255916
6 1299 43 44 0.053160742
830 1129 60 78 0.052817557
886 1172 28 36 0.052506756
440 656 144 271 0.052464753
633 482 85 126 0.05223053
998 1094 26 45 0.051936656
22 991 33 37 0.051775724
493 469 197 228 0.05175841
0 1351 54 115 0.051692106
56 1330 56 62 0.051582757
955 1044 31 43 0.051456578
548 0 40 30 0.051158484
350 1367 170 174 0.05113274
789 1197 35 38 0.05058429
147 1424 21 28 0.050529413
997 1163 27 54 0.050330468
233 1018 28 39 0.050304573
422 1366 31 36 0.05024428
432 552 143 152 0.05006403
530 1395 52 69 0.049993593
849 968 80 107 0.04901663
284 1481 98 61 0.048865713
362 4 119 146 0.04869508
140 1077 40 48 0.048647754
179 1101 67 89 0.04863548
888 1293 22 25 0.04849298
0 1196 53 89 0.048224792
579 437 81 100 0.04788507
88 1269 63 80 0.047790024
151 1413 37 42 0.047662638
532 1410 27 32 0.047093447
964 912 60 81 0.04698114
562 1436 38 46 0.04693209
336 960 41 49 0.04672507
958 1208 34 48 0.046452414
184 1176 39 45 0.046409786
983 971 41 121 0.046150617
513 348 155 166 0.046059355
275 1378 65 77 0.045789003
55 1367 18 23 0.045706972
0 1082 46 53 0.045560915
190 1378 25 34 0.04545
266 1385 25 31 0.045344863
798 1279 66 78 0.045246586
1006 1167 18 83 0.04523564
179 1108 35 40 0.04517916
182 1052 29 35 0.045167353
74 1085 20 25 0.045148674
272 1232 37 43 0.04501533
260 934 60 71 0.044987388
222 1443 36 45 0.04496708
234 3 130 129 0.044804435
89 1020 42 61 0.044750564
75 1149 66 81 0.044571906
685 1244 65 84 0.04413318
734 962 57 64 0.044055622
255 1389 22 25 0.04399388
82 1219 65 82 0.043982588
207 1369 34 40 0.04383443
59 1357 45 43 0.043724
947 924 77 148 0.043457206
74 1083 44 48 0.043418735
256 1369 25 35 0.043245543
427 1351 105 152 0.04292518
389 1407 32 39 0.042907212
249 1082 65 79 0.04272861
0 1188 42 48 0.042680822
198 1374 16 21 0.04257226
226 1444 107 98 0.042540878
868 1011 63 84 0.04251842
878 1117 69 81 0.042445984
976 1446 25 23 0.042445153
181 1111 18 27 0.04242011
914 1061 87 109 0.042393014
996 1003 28 118 0.042275634
218 1439 61 75 0.042262617
157 1306 27 34 0.04216461
212 1481 36 49 0.042081572
567 409 74 104 0.04191792
722 904 71 86 0.041893195
262 962 31 43 0.04169811
236 1093 51 73 0.041692548
153 1396 38 46 0.041660108
642 424 96 140 0.041634172
1003 1220 21 45 0.041526113
707 1251 90 110 0.041382078
968 949 41 50 0.041345958
433 533 182 308 0.04129462
214 1239 40 53 0.041144475
363 1283 40 46 0.041132886
492 1460 33 41 0.041074514
80 1181 67 85 0.040951643
871 1228 53 74 0.040886063
26 1093 48 55 0.040742744
748 1315 95 120 0.0407171
936 955 37 47 0.040611666
253 1299 204 242 0.040555354
124 1210 31 34 0.040539157
426 1412 47 58 0.040527947
981 942 39 50 0.040464133
138 1049 55 72 0.04036834
318 1393 34 42 0.040272105
36 1415 47 59 0.040234365
943 1170 81 127 0.040110078
467 1454 64 81 0.039905097
52 810 35 45 0.039306197
636 458 66 90 0.03915966
181 1374 212 168 0.03909592
273 1400 44 57 0.03902611
320 1429 31 34 0.038982652
967 1448 34 44 0.03891696
316 1232 17 22 0.03887701
1 1410 52 86 0.03868743
217 75 87 103 0.038686376
733 1200 27 36 0.03863812
358 1339 32 37 0.03861552
447 1434 57 59 0.038553122
850 1235 60 77 0.03846445
56 1319 38 45 0.038433906
151 1358 25 34 0.038427137
306 1334 22 24 0.038267054
866 1035 34 49 0.03822363
80 1347 40 47 0.03813157
51 1025 40 47 0.0381192
292 1362 53 67 0.038115777
266 1418 45 54 0.03810923
230 0 105 72 0.03805527
350 900 136 148 0.03801422
848 1492 32 47 0.037926912
925 1136 87 110 0.037824307
136 1347 43 53 0.037442163
918 914 97 99 0.03741273
330 967 59 70 0.037321817
25 1428 48 58 0.037198827
233 1148 22 27 0.037125982
50 1353 32 42 0.03708993
887 1293 34 45 0.037058342
4 155 489 751 0.037045896
246 1376 30 37 0.03700099
387 1341 33 40 0.036995925
827 1281 57 74 0.036947425
951 1385 29 40 0.036905993
38 1061 13 15 0.036899112
633 406 84 112 0.03681867
275 1186 18 20 0.036777508
164 1469 54 62 0.03672664
575 374 68 73 0.03670551
0 1311 39 54 0.03669125
475 1424 63 73 0.03662373
989 955 35 86 0.036518123
509 406 113 137 0.03649772
187 1148 54 62 0.036470734
31 1000 20 21 0.036433343
52 1372 61 77 0.036349647
812 1257 61 77 0.0363145
1004 1238 20 88 0.036306247
349 1359 41 58 0.036267225
492 1413 37 45 0.036228992
419 1383 59 77 0.036162294
16 1370 67 87 0.036109082
206 1505 30 36 0.036099643
201 1086 72 93 0.035720263
14 1066 69 74 0.035624746
850 1427 71 93 0.035531744
5 1486 67 56 0.035428654
569 1420 66 77 0.035399146
151 1145 38 48 0.035345964
248 1371 50 62 0.03532948
184 989 56 70 0.035310432
196 989 26 29 0.03517202
136 1037 40 46 0.035147235
324 1340 34 40 0.035059012
465 1380 30 32 0.03505422
854 1284 52 65 0.034957275
288 939 36 42 0.034901306
292 1259 37 53 0.03474083
257 1286 17 21 0.034715373
375 0 88 94 0.03456499
472 1361 60 78 0.034491874
929 959 53 66 0.034490667
185 1315 34 40 0.034484603
333 1066 65 77 0.03444828
130 1413 47 61 0.03442035
510 1354 58 81 0.03434374
256 1278 36 43 0.03431824
166 1416 26 32 0.033997674
989 1061 35 84 0.03398675
478 1417 19 28 0.033980697
0 1379 32 76 0.03391946
75 1412 41 51 0.033909936
604 1518 46 24 0.03390444
684 1273 98 119 0.033881452
589 1414 48 53 0.033871155
837 1007 71 77 0.033852115
186 1170 26 36 0.033811513
752 961 60 80 0.033646535
922 1361 57 70 0.033625025
0 1039 61 90 0.033602934
457 521 172 157 0.033576537
203 1375 20 26 0.03346359
550 1411 43 55 0.03342877
891 1020 63 90 0.03340808
272 1090 57 65 0.03336497
271 1432 17 20 0.03336313
145 1488 67 54 0.0333466
3 1314 90 148 0.03331809
262 1394 25 34 0.033302516
359 1192 78 78 0.033278886
213 1119 40 47 0.033275623
17 988 48 58 0.03326174
849 1158 37 44 0.033252466
879 1235 32 44 0.033210557
736 1216 36 45 0.033204146
505 1371 76 102 0.033190735
178 1124 19 28 0.033181716
363 1390 18 20 0.03315778
63 1126 64 80 0.0330327
32 988 60 78 0.03301852
182 1350 38 49 0.032983415
830 1050 68 97 0.032973308
138 1380 35 46 0.032956503
552 1391 98 123 0.03294257
957 957 43 57 0.032923244
866 1469 62 73 0.03289525
327 1282 261 258 0.032871883
67 974 29 33 0.032781854
890 932 75 99 0.032767285
1006 949 18 79 0.032610204
378 980 62 78 0.032579616
336 953 104 118 0.03249782
3 1001 60 89 0.032486577
140 1405 24 32 0.032473292
14 1452 84 90 0.032454133
516 1357 31 36 0.03244057
1006 1276 18 65 0.03243842
168 1500 40 33 0.032394405
542 1 65 64 0.03239241
266 1401 32 40 0.032374594
690 907 76 80 0.032312967
58 1292 82 97 0.032219935
687 868 64 91 0.032110382
508 419 41 52 0.03209394
256 1430 36 42 0.03207459
40 1057 21 22 0.03202189
145 1512 51 30 0.03198692
522 1345 75 105 0.03193447
433 570 46 87 0.031880114
451 1382 45 54 0.03185685
259 1221 41 49 0.03182645
60 1153 48 67 0.03177995
0 1042 14 27 0.031687554
0 1023 33 66 0.03168441
0 568 61 121 0.031677183
776 1205 48 60 0.03163494
969 1216 24 32 0.031630266
135 1414 26 30 0.031573612
137 1127 62 80 0.03156497
383 1406 50 61 0.031511508
192 1496 37 41 0.031467386
233 1002 55 68 0.031452943
516 487 114 128 0.031428326
255 1443 59 68 0.031427946
983 1408 26 30 0.031405415
507 406 62 80 0.031392086
179 1194 56 74 0.03135008
234 1130 31 41 0.03130788
184 1461 62 69 0.031283263
267 1458 39 39 0.031270955
285 1246 28 28 0.031256236
476 717 186 244 0.03119314
988 1189 36 53 0.03117595
182 1269 54 73 0.031141104
171 1508 22 21 0.031074848
195 1381 15 22 0.031069089
890 1254 56 72 0.030989055
931 1000 91 118 0.030988893
322 1445 67 82 0.03096707
497 1392 21 25 0.030929215
937 1233 73 96 0.030907126
267 1192 31 40 0.030844508
988 1361 36 47 0.03083828
951 1203 50 74 0.030829983
395 1404 21 25 0.030724954
144 911 21 26 0.030687094
835 1485 59 57 0.030626379
246 1458 22 24 0.030625168
533 1440 16 21 0.030541817
816 1098 68 88 0.030511776
243 52 126 129 0.030487087
287 3 129 135 0.030464135
25 1256 43 48 0.030427737
166 1 219 181 0.03042672
39 1064 15 18 0.030420711
5 850 275 404 0.03040929
663 1256 72 88 0.030356098
1 1237 85 160 0.03033093
353 1388 33 44 0.030258298
843 1362 59 76 0.030172564
990 881 34 94 0.030100144
185 1032 35 50 0.030036367
259 1418 31 35 0.030032871
201 1362 25 31 0.030002255
469 0 81 77 0.029969377
334 1062 49 49 0.0299549
82 1245 44 50 0.02989882
287 1465 18 17 0.029881887
906 1094 47 57 0.029858919
901 956 98 139 0.029748064
68 1185 40 46 0.029695412
101 1341 188 201 0.029692648
91 1096 28 35 0.029669935
7 24 222 309 0.029643701
973 1185 37 50 0.02959696
55 1420 28 37 0.029587816
1002 917 22 89 0.02952959
143 1410 68 94 0.02944748
602 336 122 95 0.029431872
463 1414 107 128 0.02943039
890 1223 57 76 0.029284772
42 1107 30 40 0.029267188
236 1138 43 49 0.029239686
398 1416 30 42 0.029235225
168 1176 54 71 0.029138073
297 1393 41 42 0.029112624
283 1365 38 51 0.029007414
467 1398 29 41 0.02893215
95 0 559 501 0.028927887
417 0 117 123 0.028896092
221 1384 22 25 0.028893854
985 1485 39 57 0.02887216
0 909 52 74 0.028802222
111 0 389 250 0.028772028
478 1393 33 39 0.028739072
1 992 39 62 0.028708307
351 99 118 105 0.028667739
371 1338 41 39 0.028649433
473 1469 46 42 0.028611038
538 1428 36 40 0.028593129
423 1432 64 75 0.028549414
216 1253 56 62 0.028535856
933 1441 31 48 0.028504342
13 1406 82 102 0.028501816
1007 1509 17 33 0.028465813
156 1374 32 39 0.028445287
340 1342 46 60 0.028398184
483 3 97 104 0.028393118
431 496 110 156 0.028305316
179 1132 34 57 0.028304145
208 1478 64 64 0.028295299
146 1444 88 98 0.028241735
599 0 425 563 0.028159115
1 978 89 138 0.028100535
36 1055 12 16 0.02809527
1008 1063 16 70 0.028088663
3 774 57 79 0.027976284
294 1398 25 33 0.027939098
801 990 88 101 0.027905108
392 1404 97 112 0.027889257
118 1218 35 45 0.027850477
155 1410 24 29 0.027836928
739 1332 67 83 0.027826425
92 15 230 207 0.0278206
191 1361 22 30 0.027769387
31 1061 18 19 0.027692402
593 1384 58 71 0.027633484
273 1 91 84 0.027632812
525 1429 35 45 0.027628567
270 1218 28 31 0.027573926
11 963 56 66 0.02755134
552 0 29 17 0.027523588
601 1419 18 20 0.027517958
710 1252 136 175 0.027496554
155 1351 35 44 0.02749495
731 1215 93 131 0.027488232
16 600 78 106 0.027486656
259 986 46 61 0.027460305
981 1211 41 49 0.027430922
47 975 54 72 0.027359148
45 802 33 40 0.027338954
178 1415 28 35 0.02733035
255 1075 38 40 0.02729696
151 1141 447 401 0.027296871
0 887 443 571 0.027279556
884 1181 20 24 0.027270928
196 1416 33 41 0.027225913
20 1105 62 73 0.02720197
320 0 79 79 0.02713646
22 1452 52 64 0.027085267
633 1423 62 75 0.0270744
602 453 178 228 0.027067807
44 1361 40 55 0.027045108
208 1137 58 75 0.02702372
78 1429 40 52 0.027022049
299 57 128 128 0.026980214
1010 977 14 61 0.026974998
239 1270 45 55 0.026970042
16 912 30 32 0.026934963
530 0 46 38 0.026931759
415 1407 38 49 0.026924057
612 375 50 47 0.026903052
875 1466 34 53 0.026897067
541 516 120 121 0.026870137
929 1103 63 72 0.02684585
800 1459 82 83 0.026802227
714 876 99 142 0.02675077
89 994 42 63 0.02668465
389 1387 60 69 0.026596153
926 1029 38 51 0.02659542
0 906 33 42 0.026595155
75 1094 52 67 0.02658668
636 1275 72 87 0.026580783
506 282 218 263 0.026566409
137 998 46 57 0.026529878
261 1365 34 47 0.02651612
208 990 60 72 0.026498327
869 1198 57 78 0.02645223
215 1366 50 62 0.026433675
963 979 31 42 0.026430365
325 889 63 83 0.026430292
162 1173 46 50 0.026427126
845 1398 61 80 0.026423737
569 0 63 49 0.02641226
362 1385 35 38 0.02640261
435 603 62 97 0.026349943
144 1431 24 34 0.026329404
61 1496 65 46 0.026308652
523 1393 86 105 0.026243396
273 1248 61 82 0.02621331
479 1433 43 43 0.026145006
499 1405 26 34 0.026102792
523 509 221 282 0.026035618
166 1392 45 56 0.025957905
820 1163 32 43 0.025954233
653 1203 102 136 0.02589879
24 966 99 124 0.025873786
441 0 78 79 0.025819268
280 1211 177 248 0.025800807
758 1325 41 48 0.02579501
193 1438 57 69 0.02576893
120 0 160 155 0.025720285
282 1251 35 49 0.02569005
949 1051 24 31 0.02566299
21 1291 37 45 0.025618346
558 233 198 210 0.025613915
384 1291 36 41 0.02561248
241 1321 136 178 0.025556464
0 535 65 105 0.025522606
184 1269 35 41 0.025520917
29 1354 91 122 0.02551756
63 1007 60 74 0.025512101
714 1231 53 79 0.025510019
506 353 92 98 0.025501475
454 600 83 90 0.025489356
979 960 37 50 0.025477408
411 1441 96 101 0.025461862
122 1149 64 78 0.025460698
1009 1146 15 68 0.02545245
266 1497 85 45 0.025451485
767 1280 60 66 0.025420614
0 1052 89 148 0.025388863
392 1419 61 72 0.02537221
146 1323 53 76 0.025366258
0 1155 53 76 0.025318025
394 1348 37 44 0.025310278
242 1459 41 41 0.025287203
49 1417 63 81 0.025286455
437 545 55 86 0.025283797
68 1114 43 64 0.02526584
1012 929 12 64 0.025265703
438 1418 29 38 0.025246643
268 952 40 47 0.025240095
98 575 118 171 0.025232565
48 1512 31 30 0.025215374
965 1039 49 59 0.025211189
174 1121 33 47 0.025199475
856 1062 90 110 0.025194984
535 1414 19 21 0.025188347
921 1101 50 54 0.0251837
430 43 121 143 0.025166072
265 1200 48 64 0.025134992
911 1068 57 77 0.02513089
396 1009 39 51 0.025123144
349 1351 66 85 0.02511947
676 787 121 166 0.02511944
753 915 46 74 0.025092231
757 1207 53 66 0.025091752
907 1342 59 71 0.02508452
270 1446 78 79 0.02504775
841 1305 59 78 0.025039397
421 49 81 112 0.025039265
861 1138 75 92 0.025032694
950 971 34 47 0.025025232
504 1423 32 39 0.025024809
33 959 62 69 0.025007248
189 1351 50 65 0.024979997
440 1429 40 45 0.02496745
216 1409 54 71 0.024902608
954 1410 70 114 0.024895461
525 398 81 95 0.024869945
633 355 121 127 0.024859361
20 552 117 166 0.024847144
863 813 60 91 0.024836296
340 1202 152 203 0.024831714
329 1405 24 28 0.024808574
342 21 9 9 0.024780385
221 1465 27 31 0.024749154
520 640 248 298 0.024747849
127 1012 58 82 0.024739165
180 1183 104 135 0.024737122
835 1254 42 57 0.024734924
327 1364 53 65 0.024675895
347 1450 38 50 0.02463798
53 1370 25 30 0.02462477
949 284 75 170 0.024611993
761 967 31 50 0.024581451
141 1174 58 62 0.02455434
26 1037 54 61 0.024529496
146 1375 21 23 0.024519093
496 1403 75 97 0.024506196
340 1015 32 38 0.024489691
357 1378 65 81 0.024437698
129 1304 29 38 0.02441056
70 1366 39 47 0.024393978
902 1141 50 61 0.024391923
90 1350 73 100 0.024375992
753 871 61 96 0.024361234
264 1395 17 20 0.024360942
819 1310 33 45 0.0243568
350 1372 30 35 0.024349587
666 1282 45 59 0.024335705
131 1096 57 80 0.024306813
100 987 36 45 0.024301529
887 809 83 110 0.024260033
536 1440 77 94 0.024259115
541 1414 33 36 0.024258643
62 1062 32 43 0.02423134
179 1365 23 30 0.02421694
450 1474 66 68 0.024153354
333 1388 38 42 0.024147999
334 1026 95 119 0.024131455
317 1410 37 47 0.024117323
191 988 35 48 0.024104698
97 1367 33 43 0.024069337
594 376 77 98 0.02406391
955 1401 21 26 0.024055064
252 954 71 92 0.024043385
59 1361 18 24 0.023970103
821 1188 37 49 0.023938138
785 1347 112 144 0.02392387
105 1431 101 111 0.023910236
605 375 30 28 0.023902874
569 1412 35 37 0.023856902
801 1207 22 25 0.023845088
633 1456 61 76 0.023842055
546 1321 102 132 0.02380983
201 0 91 75 0.023773441
832 1311 32 44 0.02376579
211 1210 57 69 0.023761325
189 1223 48 61 0.023754086
282 1408 60 66 0.023742089
1002 1455 22 46 0.023697723
915 935 55 66 0.02366326
274 1166 36 42 0.02365708
71 1140 26 34 0.023642592
1006 1477 18 23 0.023642555
154 1005 22 24 0.023633284
662 1364 118 148 0.023601042
658 1290 64 88 0.02359079
236 1409 48 59 0.023566814
687 935 74 78 0.023554737
532 1354 33 36 0.023548286
984 1295 40 100 0.023543058
153 1271 60 79 0.02352494
189 1394 43 56 0.023469202
602 1380 116 136 0.023415018
480 838 122 161 0.023411777
577 1426 38 45 0.02339933
893 1189 59 79 0.023394216
274 1421 26 31 0.023390003
878 1449 30 41 0.023361735
189 1187 22 27 0.023358181
40 1127 56 66 0.023333859
723 1357 103 128 0.02333037
175 1154 31 41 0.023324491
9 1311 173 219 0.02326109
48 931 54 71 0.023258412
264 1094 42 47 0.023247447
584 1389 42 53 0.023232773
543 9 121 166 0.023210347
96 1043 30 43 0.023207873
896 965 43 52 0.023195859
8 1025 41 52 0.02319411
978 1171 40 49 0.023187818
0 1287 39 43 0.023180801
243 1314 35 44 0.023179216
279 1461 27 26 0.02312865
748 1304 39 48 0.023111843
380 942 119 143 0.023103138
417 1370 39 54 0.023093669
218 1498 24 31 0.023071632
57 1503 28 33 0.023065772
67 0 85 70 0.023053523
188 1123 38 56 0.023044843
407 1421 33 40 0.023035996
544 1435 20 25 0.02300926
598 1429 21 24 0.022989092
313 1445 52 62 0.02295295
121 1358 55 66 0.022934156
820 1149 30 41 0.022931242
706 970 72 77 0.022919573
261 1062 62 74 0.0228717
0 1094 25 38 0.022845697
902 968 63 88 0.022811467
421 1432 35 45 0.022810882
353 1178 115 138 0.022808887
68 1056 50 65 0.022806417
0 1219 28 58 0.022790985
687 1277 62 80 0.022784287
574 1423 95 109 0.022722872
1012 1033 12 73 0.02271932
219 1150 37 44 0.022694066
963 970 52 68 0.022683073
234 1461 22 27 0.022667687
243 1463 20 27 0.022641955
475 1396 17 19 0.022638965
234 1212 83 103 0.022626843
167 1414 50 60 0.022621395
881 1249 86 107 0.022620011
415 0 68 67 0.02261763
372 1399 35 42 0.0226118
305 1508 70 34 0.022604387
0 1107 50 70 0.022585176
241 1027 40 39 0.02257471
367 128 109 118 0.022555899
887 1472 68 70 0.022544846
997 983 27 48 0.022543276
149 1436 15 22 0.022539262
176 1313 29 33 0.022537574
47 1434 45 51 0.022533936
444 1407 34 42 0.022530781
536 1436 13 16 0.022522507
832 1363 107 145 0.022516519
165 1227 65 75 0.02250733
889 1297 48 59 0.022494273
590 1410 28 33 0.022491602
994 1441 30 45 0.022482371
210 1434 36 43 0.022479197
188 1249 40 55 0.022459455
959 941 38 49 0.022459036
370 1068 428 465 0.022433067
220 1478 24 34 0.022427123
104 1187 66 82 0.022405833
254 1013 46 52 0.022391066
249 1105 29 38 0.022380944
42 1459 17 19 0.022368815
940 1036 36 48 0.022359436
298 1160 31 40 0.02235383
644 839 130 128 0.022332948
149 972 46 57 0.022320041
35 1305 57 66 0.02230211
152 1383 24 32 0.022278968
765 940 39 55 0.022229116
511 1449 18 20 0.022195596
832 1212 21 26 0.022188876
833 1008 107 140 0.022169292
60 1440 105 102 0.022150012
238 1396 70 85 0.02212934
883 1274 31 44 0.022109723
878 1422 43 56 0.022060953
321 1464 106 78 0.022054095
27 918 21 25 0.022026608
614 449 68 79 0.022024168
304 1233 116 163 0.022023886
25 1008 36 51 0.022005767
351 971 27 32 0.022003986
383 1441 78 96 0.02200312
459 1410 34 39 0.02198447
114 1299 34 41 0.021969466
719 737 112 188 0.021966627
381 937 70 97 0.021942496
859 1048 64 78 0.021917993
838 1090 49 58 0.021912156
496 1403 17 19 0.021899471
247 1441 38 44 0.021876467
951 1062 59 75 0.021846863
38 1299 112 147 0.021830909
713 1421 124 121 0.021826582
295 1277 24 33 0.021822825
41 1050 17 22 0.021819301
519 1289 105 137 0.021806553
197 1378 34 40 0.021797527
600 538 111 136 0.021761306
321 1437 36 44 0.021717587
181 1061 51 66 0.021702837
54 0 151 146 0.021698007
0 487 479 649 0.02169072
885 880 103 126 0.021678237
891 1161 37 43 0.021671982
410 91 67 79 0.021670273
197 1092 41 48 0.021665448
234 1153 31 40 0.021660684
253 1103 39 52 0.021640383
993 1150 31 42 0.021628432
233 118 75 74 0.021611135
266 1208 28 31 0.021597324
498 1477 23 27 0.021596197
801 1329 69 84 0.021568462
261 1110 72 94 0.021561265
326 922 73 102 0.02152615
313 1346 34 36 0.021505624
48 1043 36 38 0.021503577
116 89 108 127 0.021493321
5 278 114 162 0.021491593
713 953 61 62 0.02148014
108 1272 306 270 0.021473955
644 1446 83 95 0.021451402
59 1369 13 15 0.02144532
24 1057 31 36 0.021436727
70 931 31 38 0.02143414
797 1204 91 119 0.021427605
841 1094 71 81 0.02141009
66 1149 26 33 0.021409884
342 1426 75 89 0.021379463
511 1422 18 23 0.021358859
99 832 76 91 0.021332739
0 389 55 108 0.021316877
862 1343 56 72 0.021310417
735 810 75 110 0.021309348
186 1386 20 28 0.02129838
505 1468 24 32 0.021297857
840 1163 53 67 0.02128404
200 952 52 59 0.021276783
88 1252 54 60 0.021269929
1004 1183 20 32 0.021251975
722 1269 55 65 0.021224396
682 1209 59 76 0.021224126
36 576 70 101 0.021222329
258 1376 17 19 0.021205444
521 0 105 116 0.021202337
416 1374 26 32 0.021193057
36 1054 34 34 0.021168917
956 1515 43 27 0.021150172
492 473 102 121 0.021143135
715 1182 41 60 0.02114204
65 1031 40 46 0.021122018
718 166 306 593 0.021082655
360 0 496 523 0.021029701
32 1101 32 37 0.021029223
268 1440 30 39 0.021028426
990 1403 32 37 0.021022227
564 1397 32 41 0.021018934
0 1119 263 377 0.02101663
231 46 71 89 0.020994704
350 1327 46 62 0.020988729
988 952 26 33 0.020970635
240 1388 35 42 0.02094617
78 1371 46 62 0.020935575
743 961 39 37 0.020933883
354 1292 55 65 0.020927923
245 1152 47 55 0.020906735
939 1040 54 70 0.02089602
960 1273 64 102 0.020872328
309 965 62 84 0.0208625
789 1488 71 54 0.020842623
173 1395 70 92 0.020832403
175 1056 40 52 0.020820746
282 1146 36 44 0.020806398
972 1226 17 20 0.020794947
74 1193 54 56 0.020791236
277 30 85 88 0.020784052
712 1267 41 54 0.02077916
786 1123 67 86 0.020772267
308 847 141 172 0.020770982
163 1315 32 35 0.020759307
319 1079 59 74 0.020744728
108 1504 64 38 0.020663
302 1289 38 42 0.02065737
382 1351 61 78 0.020649875
413 1439 46 62 0.020634083
118 504 115 145 0.020622045
864 839 38 62 0.020616448
592 1433 42 49 0.020614259
448 1267 283 275 0.020601675
147 96 147 131 0.020593453
395 1297 20 28 0.020582387
869 1303 56 74 0.020561991
565 0 33 19 0.020550894
797 1061 114 142 0.020531101
0 1241 44 61 0.020501649
239 1221 140 195 0.020491399
905 1006 48 69 0.020488894
324 980 34 42 0.020487951
13 754 67 82 0.020450253
883 1167 86 121 0.02044913
63 1090 37 46 0.020447172
0 1043 20 48 0.02040069
44 1061 13 15 0.020395668
230 1013 25 32 0.020394472
917 834 64 84 0.020369532
508 1437 25 33 0.020355782
302 1105 26 36 0.020342605
5 1100 31 41 0.020322476
70 518 119 159 0.020306237
0 887 17 24 0.020303117
624 1265 235 271 0.02029413
904 833 106 133 0.020291781
787 1303 54 60 0.020286495
976 857 48 86 0.020254022
77 1325 45 51 0.020248692
1005 1436 19 35 0.020245984
358 1221 62 80 0.020230068
872 1044 41 48 0.020217145
202 1120 34 40 0.020206997
0 133 222 349 0.020203969
261 116 42 46 0.020192763
244 1460 14 17 0.020188902
709 1303 62 72 0.02018498
948 860 76 124 0.020158757
133 1518 42 24 0.020145731
156 1384 16 21 0.020142436
500 1448 28 39 0.020140324
988 1413 18 20 0.020138562
289 1238 36 45 0.020126756
833 1163 43 45 0.020118162
482 1423 21 29 0.020116352
644 1485 62 57 0.020095961
120 1320 111 152 0.020085026
768 956 65 69 0.020080235
278 1145 21 24 0.020065198
581 705 243 288 0.0200637
768 1327 61 74 0.020062728
225 1392 28 39 0.020057535
101 1112 17 20 0.020051928
771 1309 54 63 0.020046726
749 1273 160 194 0.02004444
301 1162 18 23 0.020034064
311 1100 41 47 0.020026313
580 351 59 55 0.020012172
218 1068 21 25 0.020003261
325 1387 63 77 0.019981207
225 1236 39 43 0.019976944
280 1394 34 42 0.019953502
277 1435 17 20 0.019945603
143 1297 38 48 0.019942053
203 1397 84 108 0.019925898
170 1301 163 207 0.01991118
715 1361 74 83 0.019896397
168 1379 33 44 0.019877259
826 1166 76 104 0.019872615
272 1191 19 25 0.019848756
87 1407 50 59 0.019835982
828 1181 22 26 0.019828824
197 920 21 26 0.019820308
858 1451 42 53 0.019815436
221 1366 26 39 0.019802254
53 925 38 39 0.019800391
67 1280 59 71 0.019774877
72 978 18 20 0.019771233
776 1133 35 43 0.01976955
597 1251 116 140 0.019760935
338 1124 22 24 0.019754915
997 1447 27 90 0.01974989
169 1447 45 55 0.019744638
237 1358 79 95 0.019712163
800 1188 38 44 0.01970386
483 1378 34 40 0.019694563
362 432 337 383 0.019692738
229 1388 17 22 0.019690853
29 494 124 155 0.019661127
92 1137 63 64 0.019653302
80 1488 69 54 0.019650973
39 1111 16 19 0.019649679
307 1347 49 61 0.019644408
648 1407 69 71 0.01964211
190 1058 15 22 0.019629316
566 1423 36 42 0.019623794
969 1438 55 65 0.019622717
147 1007 31 36 0.019620407
7 0 74 60 0.0196197
359 1441 42 51 0.019606235
374 687 174 268 0.01960555
290 1295 26 33 0.0195973
245 896 88 110 0.019578394
255 966 45 59 0.019575918
75 1158 25 34 0.019559246
648 1275 47 55 0.019559195
333 1210 28 38 0.019551406
655 885 82 82 0.019530494
153 1420 22 26 0.019530416
14 1442 44 56 0.019525489
300 1299 50 60 0.01951773
502 1318 66 87 0.019516788
48 921 29 37 0.019514369
470 1425 35 44 0.019513857
303 81 74 88 0.019508753
237 1469 39 48 0.019490102
171 1422 28 36 0.019487072
598 1406 69 63 0.019481156
975 1440 38 38 0.01945762
321 1336 53 58 0.019449579
13 1328 38 46 0.019443981
962 1057 19 26 0.019426772
17 1306 28 30 0.019403389
234 1473 26 34 0.019396087
865 971 53 64 0.019340355
276 106 92 79 0.019302273
1005 886 19 78 0.019283442
59 964 48 56 0.019280953
859 1496 40 46 0.019264009
4 896 45 57 0.019263187
821 1170 44 53 0.019255904
245 1286 29 34 0.019245405
365 1418 51 61 0.019236505
529 338 93 86 0.019234799
410 1352 82 96 0.019232428
271 1230 25 33 0.019228179
20 1309 36 42 0.01922565
150 1418 17 21 0.019222714
106 918 32 40 0.019208862
995 1476 29 41 0.01919929
952 1229 43 71 0.019194867
597 1494 57 48 0.019173428
30 0 87 71 0.019170778
746 1323 37 51 0.019164722
614 1125 175 226 0.01914709
505 1453 19 20 0.019135993
345 1275 48 51 0.019117383
687 1245 42 56 0.019096136
162 1111 53 67 0.019087277
508 453 77 97 0.019074233
199 1385 18 21 0.019067854
568 1428 18 24 0.019050827
233 1136 69 92 0.019050337
114 883 61 84 0.019042637
664 1237 58 72 0.019035567
283 1290 41 52 0.019034809
559 1293 84 106 0.019022161
847 1038 46 57 0.019020945
451 639 36 49 0.019016938
27 1055 18 19 0.019011991
271 1149 35 44 0.018999174
539 1442 13 15 0.018998379
349 974 125 154 0.018995512
245 1116 31 40 0.018992163
1001 0 23 78 0.018988626
126 964 56 76 0.018981157
191 1524 28 18 0.018980866
73 1200 22 25 0.0189785
901 775 105 137 0.018967178
984 302 40 122 0.0189625
32 906 65 70 0.018956315
42 1476 39 51 0.018935021
42 1110 20 26 0.018924767
913 1153 40 34 0.018909562
762 923 60 80 0.018908355
564 375 52 53 0.018905384
180 1329 23 26 0.018901775
99 1165 57 63 0.018900437
987 1384 34 46 0.018878216
342 1081 79 98 0.018877946
1007 1100 17 30 0.018876413
476 35 120 154 0.018873688
588 1364 51 71 0.018869312
471 1412 20 27 0.018865228
258 1029 29 34 0.018859804
84 1355 53 63 0.018854968
136 974 72 90 0.018854016
897 1315 59 74 0.018844558
786 936 105 118 0.018844204
306 1175 31 48 0.01883836
980 1457 38 41 0.018834092
0 794 41 86 0.018827055
170 951 115 145 0.01880977
258 1002 64 80 0.018808177
132 1142 48 55 0.018791523
708 1259 35 47 0.018773792
923 1390 65 81 0.018758534
201 1414 43 55 0.018734306
548 448 79 107 0.018725984
56 1377 16 21 0.018721815
586 0 70 67 0.01872018
543 284 118 130 0.018685821
243 1337 43 58 0.018683469
142 913 28 38 0.018680716
850 818 99 135 0.018671682
975 1191 26 32 0.018655224
548 1239 125 150 0.01865332
490 1483 61 59 0.018617611
8 522 203 267 0.018602885
326 1388 22 32 0.018601168
26 1026 26 41 0.018568052
751 1184 52 63 0.018566072
670 478 72 109 0.018565344
158 1273 16 20 0.01855505
565 1452 25 32 0.018539313
204 970 54 70 0.018500036
3 613 107 168 0.01848424
0 619 64 111 0.018481826
0 1383 126 159 0.0184775
526 860 129 150 0.018464752
831 1310 107 141 0.018463673
447 103 22 20 0.018461522
346 1063 32 34 0.018446295
515 1436 50 69 0.018444246
42 1060 88 104 0.018443834
364 1373 25 31 0.018433567
339 20 13 16 0.018428557
280 0 333 283 0.018424338
188 1018 52 68 0.01842113
14 1216 160 234 0.018410005
892 1358 59 70 0.018400477
201 1509 22 26 0.018386856
0 331 67 110 0.018383665
191 1328 14 14 0.018376699
883 1058 62 74 0.018375546
154 1179 169 233 0.018375332
180 1340 28 42 0.018370498
976 1423 34 43 0.018365482
399 363 199 253 0.018352084
784 1199 27 29 0.018347377
229 1378 21 27 0.018346272
812 305 117 168 0.01833415
218 1257 32 46 0.018312983
205 1519 23 23 0.018310703
571 1445 41 43 0.018307127
530 1435 15 19 0.01830588
429 1278 44 54 0.018301604
110 1157 40 45 0.018295402
1019 1526 5 16 0.018293472
475 757 112 183 0.018284794
301 1372 100 118 0.018274741
370 1472 72 70 0.018245943
663 396 86 117 0.018231653
58 1339 32 46 0.018230941
350 0 73 67 0.01822289
184 1118 13 17 0.018208064
744 84 124 180 0.018200887
166 1253 44 57 0.018198375
497 0 73 56 0.018196119
680 783 175 257 0.01819198
491 42 81 92 0.018178873
359 955 65 80 0.018178623
0 86 104 175 0.018166276
198 1114 27 31 0.018163782
191 1282 32 38 0.018160934
216 1489 21 24 0.018156398
0 1450 45 82 0.018140366
249 1244 47 63 0.018138811
983 1461 19 28 0.018124698
415 288 372 459 0.018121643
132 1195 52 60 0.018120456
929 1491 68 51 0.018117778
464 1324 109 152 0.018094873
151 575 126 172 0.018071288
523 1350 164 192 0.018067174
306 1335 35 36 0.018064236
370 1351 41 46 0.018057281
914 1272 98 130 0.018042801
291 1385 22 25 0.018037312
808 1033 73 89 0.018034622
101 999 53 70 0.018033313
262 1183 27 27 0.018028973
874 1173 48 60 0.018028103
182 1431 18 24 0.018025566
195 1168 32 35 0.018024974
13 1268 44 48 0.018019682
942 1516 39 26 0.018017793
768 1363 69 73 0.01801712
42 1437 31 38 0.018015739
661 906 130 154 0.01801474
398 1300 33 39 0.018011851
565 1437 24 31 0.018002415
18 1178 39 43 0.017987736
21 788 62 78 0.017971925
651 1295 44 58 0.017953416
491 1395 20 20 0.017949836
360 1384 17 21 0.017935019
304 1111 40 48 0.017926754
498 376 57 96 0.01792163
21 1134 76 102 0.017919071
997 1422 27 42 0.017876778
70 1318 36 37 0.017867241
689 1129 144 190 0.01786258
651 0 269 300 0.017862132
429 1297 106 138 0.017854907
741 0 129 150 0.017849164
776 1427 71 85 0.017848669
69 626 119 164 0.017844973
549 779 195 208 0.01784481
888 1462 43 54 0.017841808
212 1442 20 26 0.017837996
318 47 71 95 0.017826164
1005 841 19 90 0.017814739
161 1373 21 24 0.017814303
91 1073 40 51 0.017803203
340 989 73 70 0.017795961
779 1170 10 11 0.017763594
178 1013 110 146 0.0177435
518 974 74 89 0.017743345
160 1001 25 23 0.017741159
151 1087 53 59 0.01773705
269 1083 22 25 0.017732425
353 1066 62 59 0.01773116
582 1336 180 206 0.017713094
100 1048 21 26 0.017684076
0 1064 28 59 0.017680319
458 702 96 179 0.017673362
871 1484 32 44 0.017662581
512 582 147 145 0.017645178
767 1212 77 103 0.017634077
178 853 70 89 0.017611336
854 1160 22 23 0.017602352
825 1198 53 66 0.017583702
62 1334 23 27 0.017581943
148 1087 26 33 0.01756732
51 812 64 81 0.017557707
120 620 126 176 0.017554581
525 1409 23 25 0.017554274
45 1460 21 25 0.01755019
780 113 124 181 0.017542768
205 1378 13 16 0.017538322
524 1428 24 29 0.017530167
68 956 31 42 0.01751675
236 1443 22 30 0.017511806
205 570 126 172 0.017502315
1 1209 36 48 0.017490456
996 1302 28 45 0.01748606
348 1251 75 104 0.017485894
6 828 110 157 0.017484909
773 1225 31 37 0.01748383
234 1139 22 26 0.017479641
374 1433 64 78 0.017475724
366 1075 67 77 0.017461177
204 1390 43 55 0.017458763
558 391 61 78 0.017453996
646 303 122 127 0.017447734
950 810 74 113 0.017434692
852 1218 52 60 0.017425094
259 1270 27 35 0.01741268
1016 1097 8 45 0.017389255
590 872 142 158 0.017386375
512 187 112 166 0.01738582
189 1203 37 46 0.017375866
740 985 37 49 0.017374769
772 1391 69 84 0.017370827
188 1004 36 49 0.017367505
50 609 71 98 0.017367361
710 138 130 188 0.017367227
25 1386 46 55 0.017363809
907 1426 108 116 0.017361946
29 1248 35 37 0.017359497
763 33 261 411 0.017358357
247 1389 19 24 0.017357154
251 1094 26 34 0.017350307
997 949 27 40 0.017343326
93 0 54 40 0.01732701
223 1140 26 30 0.017326029
332 1491 65 51 0.017295845
807 1358 67 82 0.017290067
221 1017 47 59 0.017289827
189 1154 31 42 0.017278342
103 1206 44 43 0.017277062
274 1061 88 103 0.01727687
279 1118 42 58 0.017272633
348 1075 39 47 0.017259477
1018 1220 6 46 0.0172568
430 601 103 189 0.017230695
956 1119 38 46 0.017224288
952 1024 49 61 0.017220868
0 1342 36 50 0.017218892
158 1052 45 51 0.01720672
350 1161 64 95 0.017201707
557 85 221 295 0.017199188
172 883 124 155 0.017179765
370 1392 17 19 0.017178826
289 1459 21 19 0.017172795
0 1484 34 54 0.017164782
334 1238 68 90 0.01715895
502 1448 69 87 0.017158689
488 251 109 175 0.01714965
945 969 25 36 0.017138144
79 1089 21 24 0.017135544
62 1422 37 42 0.017134743
0 448 88 144 0.017131029
448 1359 49 59 0.01711529
357 1457 52 65 0.017112453
37 1459 34 41 0.0170992
322 24 56 77 0.017090522
759 964 28 31 0.01707707
306 1279 31 37 0.017072247
96 1334 39 46 0.017064381
403 1230 131 178 0.017054541
743 1281 51 58 0.017052988
663 647 219 314 0.017045699
249 0 70 44 0.017045546
917 1493 37 49 0.017036984
685 446 104 143 0.017036887
141 1363 27 30 0.017033922
111 141 156 155 0.017030438
993 1414 22 24 0.017024199
395 1333 33 41 0.017002802
886 1243 20 29 0.016997978
0 1063 16 34 0.016982818
254 1125 37 46 0.016979937
346 937 46 58 0.016979096
162 1382 21 25 0.016978472
757 1158 267 384 0.01697758
350 1387 27 30 0.016963325
375 1276 43 46 0.016961895
969 1433 31 38 0.01695978
12 1138 58 72 0.016949704
1011 1303 13 46 0.016944751
23 1131 40 51 0.016941845
248 1297 35 47 0.016939187
878 1098 61 56 0.01693654
1016 1456 8 46 0.016925743
999 1187 19 25 0.016925119
515 1207 127 155 0.016920993
1 884 111 174 0.016910283
407 1432 23 34 0.016901271
193 1389 12 16 0.016894266
50 1498 26 33 0.01688905
488 1406 22 27 0.016876178
679 0 138 153 0.016875194
730 968 96 120 0.016874943
148 914 54 66 0.016872762
0 1156 124 229 0.01687237
171 1022 78 102 0.016864795
121 1404 35 41 0.01685608
0 946 46 79 0.016854726
882 1298 25 27 0.016854318
294 112 118 111 0.016852086
0 712 65 97 0.016843356
400 1364 39 49 0.01683813
497 1474 31 44 0.016836558
276 109 39 58 0.016816296
766 1343 41 44 0.016813798
287 1118 68 93 0.016811945
327 1050 40 46 0.016804427
931 349 93 196 0.016797949
641 1315 66 86 0.016794363
1014 994 10 64 0.016789699
736 883 59 74 0.0167838
984 260 40 105 0.016782613
267 1466 24 27 0.016780706
406 1343 44 52 0.01676686
809 0 130 148 0.016746053
804 710 198 290 0.01674233
633 384 32 44 0.016739164
303 189 116 151 0.01673456
175 1297 69 96 0.01672813
173 1338 77 96 0.016726186
173 1132 20 23 0.016721532
688 1326 67 84 0.016711015
458 0 16 10 0.016710274
741 457 217 293 0.016706292
194 1045 51 60 0.016698781
676 1415 77 81 0.016687497
923 1121 40 49 0.016687052
149 1140 28 36 0.01668451
116 1424 51 65 0.016670192
853 1132 49 62 0.016660776
394 1493 68 49 0.016657185
723 936 44 50 0.016652957
374 917 62 82 0.016652158
455 539 519 776 0.016649844
1 941 78 110 0.016645897
370 938 34 31 0.016642084
106 1025 53 63 0.016636513
31 1122 34 43 0.01663153
552 868 77 87 0.01663031
248 6 200 201 0.016627105
925 0 99 157 0.016622767
738 1173 47 68 0.0166183
80 1036 59 77 0.016613375
0 436 53 95 0.0166113
812 1325 45 57 0.016609026
565 1480 68 62 0.016589167
1012 1103 12 56 0.016588997
826 1325 58 64 0.016574232
501 1401 21 23 0.016571965
2 892 183 252 0.016570251
756 954 98 110 0.016569342
682 1295 43 57 0.016568126
0 807 22 35 0.01656502
541 1427 21 26 0.016564777
395 1396 37 38 0.016542546
132 839 188 237 0.0165417
704 1309 36 46 0.016536983
188 1295 37 47 0.016534146
324 1115 33 39 0.016527582
351 0 47 40 0.016524466
194 1392 14 20 0.016521677
769 1195 19 24 0.016521035
488 0 212 253 0.016508773
569 1406 22 26 0.01650618
235 942 65 64 0.016497083
83 1304 48 54 0.016493767
974 1228 21 26 0.016492322
707 907 43 54 0.016491136
710 1395 72 77 0.016469156
0 0 11 9 0.01645533
949 1099 40 53 0.016452301
830 938 121 164 0.016451372
805 1392 68 85 0.0164506
33 1072 44 49 0.016446814
0 787 22 37 0.01644193
170 1522 39 20 0.016432928
287 1514 56 28 0.016430309
859 1165 39 43 0.016418505
985 1517 39 25 0.016414998
762 1301 46 45 0.016413283
218 1467 18 24 0.016411316
537 1482 65 60 0.016408266
626 348 68 61 0.016405895
48 1119 19 23 0.01640433
923 1012 37 53 0.01640064
269 1148 67 92 0.016396616
292 922 63 84 0.016395077
11 1351 59 78 0.01639392
32 1045 19 24 0.0163815
186 1373 18 20 0.016377259
973 335 51 156 0.016366677
424 960 102 136 0.016344015
1022 1529 2 13 0.016342074
331 990 39 50 0.0163352
659 1386 55 70 0.016333573
310 1338 14 16 0.016329132
866 861 57 85 0.01632719
301 1301 23 31 0.01631612
1 753 51 68 0.016310403
203 1350 35 41 0.016292961
0 1306 25 38 0.016292479
606 1424 17 20 0.016288701
955 1310 69 109 0.01628529
248 1277 23 28 0.016276514
262 1431 22 25 0.01627578
96 1264 22 26 0.016267423
841 278 117 162 0.016266149
217 1230 36 40 0.016251039
151 1407 20 25 0.016232075
211 1177 19 24 0.016231284
273 913 54 69 0.0162168
281 1225 27 32 0.016214678
260 1090 28 31 0.016213197
63 1490 29 40 0.016202891
271 1006 40 49 0.016201476
500 1373 33 41 0.016199933
385 1072 38 45 0.016197082
945 1357 41 61 0.016192285
407 1391 37 42 0.016186904
345 44 70 85 0.016183507
348 1306 71 96 0.016180716
288 973 98 126 0.016179683
366 597 306 387 0.016177949
542 1439 13 15 0.016177
532 1372 38 51 0.016171336
884 958 39 52 0.016163988
387 1361 36 49 0.016160687
288 1099 34 39 0.016146256
0 1084 16 36 0.016114162
332 53 19 19 0.016110526
320 1228 20 23 0.016094008
925 448 99 188 0.01609323
101 1014 23 24 0.016080903
169 1418 16 20 0.01607858
569 1183 151 171 0.016065523
15 1097 33 36 0.016052146
653 951 37 46 0.016046103
299 948 31 38 0.016045291
334 1099 56 87 0.016037857
228 685 577 720 0.016034435
196 993 18 19 0.016028155
639 1499 42 43 0.016022703
28 1252 70 72 0.016019963
1015 1521 9 21 0.01601358
162 1309 17 22 0.016010486
317 1267 54 59 0.01599942
600 526 216 289 0.01599704
1014 1133 10 55 0.015994914
80 491 67 73 0.015991442
117 0 86 68 0.01598777
886 1031 44 54 0.015986383
810 54 126 183 0.015981367
461 572 52 64 0.015957937
76 1088 13 16 0.015957154
434 550 38 59 0.01594436
4 371 114 163 0.015941244
0 1110 31 45 0.015921308
79 1146 26 32 0.015916118
891 980 34 45 0.015913108
677 408 199 254 0.015910415
924 1195 56 66 0.015900034
243 1500 72 42 0.015898744
1013 868 11 63 0.015895804
0 1141 34 50 0.015884234
546 1441 35 39 0.015882902
279 472 514 643 0.015880927
629 365 71 75 0.01587954
117 1521 41 21 0.015878946
671 915 69 83 0.015877454
278 961 56 68 0.01587423
991 1109 32 42 0.015854055
563 1451 45 60 0.015844807
80 814 78 92 0.015837215
200 1354 78 96 0.015835024
748 976 34 42 0.015834568
876 1491 39 51 0.015829636
800 1281 41 50 0.015823802
84 1255 27 32 0.015820393
992 823 32 94 0.015816059
358 1068 23 23 0.015808823
210 1382 19 22 0.015790194
299 1291 21 28 0.015787765
748 178 127 178 0.015765352
93 1506 44 36 0.015759433
232 1146 16 20 0.015759176
842 1262 31 34 0.015757758
872 1284 36 39 0.01575584
88 1423 64 82 0.015753902
256 1185 80 111 0.015752774
906 1166 39 45 0.015751746
569 891 117 107 0.015743429
535 1349 47 61 0.015741836
0 1360 30 59 0.015741369
806 235 122 173 0.015728472
303 276 122 160 0.015727181
326 1335 24 31 0.015718453
535 958 79 89 0.015718339
53 1293 50 63 0.015717143
489 809 69 110 0.015715597
457 1453 37 43 0.015714547
741 1211 23 36 0.015711913
380 99 72 77 0.015710345
341 21 17 23 0.015702266
636 1223 77 95 0.015701113
208 1462 34 43 0.015700193
143 937 52 71 0.015699634
158 0 103 85 0.015698126
99 1403 33 40 0.01569244
662 502 103 155 0.01569051
113 603 79 113 0.015688773
783 341 116 164 0.015684005
751 1366 52 58 0.015668951
544 1355 33 38 0.015664725
302 1251 47 59 0.015661953
7 0 50 40 0.015658049
338 1441 40 45 0.01565087
886 1400 58 67 0.01564821
295 1033 34 41 0.015634077
213 1514 36 28 0.015630228
997 970 27 40 0.015629508
459 1300 34 39 0.015621212
943 1223 41 55 0.015607398
96 1111 34 45 0.015595674
297 1116 26 33 0.015593558
914 1108 35 33 0.0155928
553 335 228 266 0.015591863
331 343 118 157 0.0155864125
1020 1175 4 43 0.01557678
180 1135 13 16 0.015570356
576 1401 33 38 0.015569476
816 908 101 126 0.015542477
219 1020 33 41 0.01554146
838 338 126 174 0.015529198
740 1231 22 26 0.01552105
771 826 119 143 0.01551466
0 891 23 42 0.015510079
664 505 37 51 0.015509129
1018 1295 6 46 0.01550757
48 1032 26 33 0.015503435
804 391 220 383 0.015499459
54 818 114 138 0.015489281
178 1177 26 33 0.015481164
5 1032 24 32 0.015479607
4 1043 29 33 0.015470325
664 1390 37 46 0.015448046
161 1511 28 26 0.015439047
209 1037 64 85 0.015425188
950 1356 74 112 0.015423928
158 1398 23 30 0.015423877
991 1051 33 52 0.015422664
874 1487 22 29 0.015419259
0 1020 132 224 0.015418027
1013 957 11 54 0.015412184
220 1245 27 34 0.01540442
7 931 56 72 0.015360524
968 1270 46 59 0.015357313
65 484 106 123 0.0153560825
229 1184 57 68 0.015350962
1022 1160 2 45 0.015349788
590 1333 69 93 0.01534895
104 1098 24 30 0.015346977
357 1074 118 141 0.015336519
223 1164 35 46 0.015333161
185 525 119 157 0.0153266275
713 891 61 67 0.015323238
27 328 123 172 0.015321926
966 1224 34 46 0.015318077
263 944 35 42 0.015313196
879 1152 36 47 0.015305146
481 1418 12 17 0.0153038995
937 1431 30 41 0.015301286
296 931 35 41 0.015295098
6 806 23 27 0.0152819995
857 875 81 112 0.01528104
293 1079 39 52 0.015278193
447 583 51 68 0.015278004
313 123 73 74 0.015276143
259 1294 12 17 0.015268858
297 1153 46 60 0.015267013
622 1381 72 78 0.015265363
764 1000 108 132 0.015257709
693 383 103 138 0.015247755
374 1158 166 192 0.015242324
285 1440 54 55 0.015236536
68 1367 27 28 0.015234549
321 0 52 48 0.015228275
872 309 123 172 0.015226559
942 1046 22 32 0.015216728
832 1112 114 151 0.015216136
794 1186 26 38 0.015213365
243 1150 27 30 0.015211711
859 553 165 314 0.015205754
254 973 30 34 0.015201834
1012 1232 12 39 0.015186931
903 1457 32 44 0.015183548
970 1199 24 32 0.015181913
593 1 137 145 0.015178415
544 1409 26 27 0.015177562
428 1394 40 44 0.015175954
984 961 24 33 0.015173314
74 562 221 275 0.015168248
99 691 114 159 0.015167034
39 1260 41 48 0.015162657
695 704 110 174 0.015155438
541 0 31 20 0.015155336
282 1209 53 65 0.015152244
64 0 60 44 0.015142943
578 0 21 14 0.015138525
314 1373 34 45 0.015135893
515 869 67 82 0.015135529
268 1399 15 22 0.01513461
0 1009 15 44 0.015122235
738 598 207 322 0.015121324
269 1372 22 31 0.015120608
921 1073 38 50 0.0151182115
484 596 59 70 0.015115859
229 1126 24 33 0.015114469
411 153 73 82 0.015113079
262 1102 26 33 0.015108446
928 537 96 191 0.015093162
402 1433 39 50 0.01509161
937 724 87 162 0.015086659
111 1081 57 61 0.015083024
334 1087 295 357 0.015064036
257 1114 23 24 0.0150570795
287 954 31 36 0.0150531
592 1455 60 75 0.01504347
548 725 150 179 0.015040393
94 1233 46 52 0.015036095
4 1421 35 46 0.015018731
505 573 100 100 0.015014888
627 853 199 244 0.015013217
82 1309 28 35 0.015013149
598 0 48 39 0.015010761
273 1307 57 80 0.015002857
254 1461 19 25 0.015001052
235 1257 34 43 0.014995411
1021 1235 3 42 0.014993641
975 1451 21 27 0.01498762
149 918 36 40 0.014976964
463 69 78 98 0.014973819
596 379 29 30 0.014972122
216 1511 23 23 0.014970676
36 455 106 124 0.014965162
535 927 126 147 0.014962345
184 1122 16 22 0.01496156
82 1366 28 30 0.014959718
206 1070 36 42 0.014956488
3 1044 18 20 0.014952885
536 156 356 428 0.014939678
809 794 115 146 0.014933044
669 1314 40 54 0.014932291
496 1452 20 22 0.014931682
28 538 68 99 0.014926564
363 1396 21 26 0.014924396
294 1316 48 64 0.014922207
468 1361 42 51 0.0149059985
60 818 40 43 0.014903957
28 1306 22 26 0.0149039095
134 1425 24 30 0.014899119
738 1418 76 88 0.014895906
471 1401 19 25 0.014894473
195 1181 46 51 0.014888797
978 0 46 97 0.014882932
84 1440 16 20 0.014880157
753 780 94 130 0.014878325
984 1189 21 26 0.014873248
786 1209 32 38 0.014871245
163 1142 32 39 0.014859528
539 1442 20 23 0.01485424
711 1434 73 85 0.014844139
87 1032 32 41 0.014843516
434 640 57 100 0.014843483
186 1112 13 18 0.014841257
697 283 112 144 0.014832312
345 1199 52 61 0.014832008
726 242 118 163 0.014828723
967 995 23 30 0.014823651
342 76 56 82 0.014817356
330 1386 19 21 0.014816572
165 1273 33 45 0.01481526
309 1093 30 39 0.014808147
66 1036 26 32 0.014808116
332 141 115 128 0.014806041
257 1291 20 25 0.014801835
158 912 27 30 0.014799939
193 967 44 55 0.014798999
0 577 37 72 0.014794452
197 1282 19 25 0.014793565
710 20 133 192 0.014780145
207 1385 12 16 0.014779578
296 1424 39 45 0.014772983
270 957 24 32 0.014772712
450 1399 29 34 0.014770714
877 1073 147 297 0.014770583
363 1458 29 31 0.01476664
809 1033 160 207 0.014765575
268 1437 20 27 0.0147635285
227 1457 21 27 0.014762578
150 853 71 88 0.014758141
272 1188 13 16 0.014757322
654 377 70 93 0.014756004
339 1102 38 57 0.014751659
440 98 56 77 0.014748462
103 1266 37 39 0.014747759
383 1013 60 85 0.014747249
854 1512 23 30 0.014743995
977 955 25 32 0.014742704
878 1185 31 38 0.014737205
286 1454 31 32 0.0147263585
3 0 120 128 0.014723175
169 1166 27 32 0.014722957
303 862 64 81 0.014722147
774 1182 75 96 0.014718476
273 223 116 154 0.014717724
625 863 93 90 0.014714044
950 245 74 132 0.014712407
327 988 21 25 0.014708933
248 95 74 80 0.014703607
153 1372 17 20 0.014702374
230 1202 38 35 0.014701972
35 804 28 33 0.0146926725
785 1156 68 88 0.014691586
46 1369 23 25 0.01469156
632 1283 51 60 0.01468875
1012 831 12 75 0.014688474
478 1387 24 24 0.01468804
144 1447 52 63 0.014686801
902 983 38 51 0.014685818
1018 979 6 46 0.014678039
925 996 53 76 0.014677689
459 977 71 91 0.014675664
103 917 24 29 0.01467501
671 1344 61 76 0.01467337
482 0 56 43 0.014672987
0 851 60 110 0.014663505
223 1085 42 52 0.014659913
313 407 112 143 0.014648599
898 1150 38 42 0.014648589
181 1221 30 34 0.014643659
39 1464 20 25 0.014638349
0 1 51 78 0.01463262
304 1230 28 30 0.014629571
285 1224 20 21 0.014626685
955 1130 59 85 0.014626232
332 1162 24 30 0.014625594
384 1381 31 39 0.014611934
741 349 215 276 0.014610327
3 883 27 30 0.014610033
423 925 86 113 0.014605067
128 1215 19 20 0.014603046
366 1210 39 45 0.014602655
339 1407 19 23 0.014596101
487 166 104 143 0.014594937
221 1420 33 42 0.014590512
499 1361 17 23 0.014588039
678 1372 83 84 0.014587443
956 1179 38 55 0.014585544
846 752 104 140 0.014573586
130 1324 20 27 0.014568033
996 1235 28 44 0.0145646315
757 943 32 44 0.014563575
0 77 69 116 0.014556968
745 1484 74 58 0.014546275
77 1429 28 34 0.014546141
737 1202 19 22 0.01454425
573 1338 59 81 0.014542296
147 1007 52 66 0.014537905
267 1171 25 32 0.014535488
482 1473 28 28 0.014534945
883 1318 37 49 0.014534281
742 748 196 307 0.014531543
126 1316 21 28 0.014531085
20 1122 167 235 0.014522588
0 146 135 252 0.014520704
430 1370 36 36 0.014519675
107 1317 40 45 0.014516042
963 1206 24 33 0.014514496
555 288 56 78 0.014511866
7 368 69 99 0.01450889
576 54 123 179 0.014505802
556 617 132 149 0.014501621
530 1442 12 15 0.014501294
679 1499 73 43 0.014491301
847 992 48 59 0.014488087
474 1516 40 26 0.014487882
546 161 110 154 0.014485574
0 1202 27 36 0.014476997
42 351 67 97 0.014473055
232 629 133 175 0.014472909
40 350 344 464 0.014471746
0 0 22 26 0.014466766
484 1414 16 20 0.014465235
461 1400 25 30 0.014461781
536 1448 11 15 0.014454839
90 1087 24 28 0.014443054
225 1062 114 146 0.014438152
484 1170 123 154 0.014436631
867 894 38 55 0.0144363595
560 939 70 86 0.014431574
278 1468 38 39 0.0144242095
55 327 66 95 0.014418535
960 1398 33 35 0.014416469
0 1509 43 33 0.014407932
261 1199 24 26 0.0144077465
84 1322 19 24 0.014406722
919 1160 38 47 0.0144058205
318 1312 55 63 0.0144024035
497 420 34 51 0.014397006
599 294 104 111 0.014395715
231 1428 30 41 0.014394574
910 1050 37 45 0.014386707
390 992 39 53 0.014386014
504 1426 20 25 0.014383794
0 152 29 56 0.014382515
613 371 23 18 0.014376199
210 1382 12 16 0.014375721
245 1266 61 79 0.014360315
452 662 14 26 0.014352956
923 1306 65 86 0.014352106
893 1310 25 35 0.014345738
178 622 131 179 0.014336746
907 1028 117 216 0.014334871
457 1435 32 40 0.014333087
892 0 72 74 0.014330208
240 1026 17 21 0.014327311
473 1312 70 91 0.01431947
284 1391 24 30 0.014319206
677 322 78 89 0.0143177565
441 1425 18 23 0.014313783
7 1191 28 32 0.014311452
973 1341 43 58 0.014300168
478 1433 19 21 0.014298934
0 1320 20 33 0.014298383
152 688 123 163 0.014297763
752 709 112 164 0.0142867975
522 1098 225 245 0.014281239
366 1383 17 22 0.014280887
0 1436 18 41 0.014278075
288 142 77 65 0.01427343
598 167 230 264 0.014264959
322 1125 51 71 0.014262307
452 1413 21 28 0.014258769
422 138 102 118 0.014257443
35 633 73 101 0.014248485
746 774 278 580 0.014246029
0 636 295 432 0.014242984
63 1366 12 15 0.014239788
390 1123 134 152 0.014237998
174 1431 19 24 0.014237477
416 1466 36 48 0.014232492
67 144 134 162 0.014228278
577 0 43 28 0.014226205
672 619 102 137 0.014222641
87 900 189 242 0.014221826
891 1297 13 17 0.0142210135
70 1344 38 39 0.014219289
142 1002 26 27 0.0142184505
262 1282 18 20 0.014217132
0 282 68 109 0.014213149
1012 1443 12 24 0.01419983
811 1176 36 40 0.014193775
905 1440 41 51 0.014186507
208 566 67 90 0.01417722
479 1251 113 147 0.014175803
176 1418 20 25 0.014172118
162 990 34 34 0.014167
208 1497 24 29 0.014164633
470 1425 21 26 0.01416325
202 1301 72 97 0.01416249
74 1323 21 23 0.014160413
228 1467 15 21 0.014151064
311 1437 32 34 0.01415061
726 307 113 154 0.014144656
336 19 36 50 0.014141601
86 964 49 63 0.014136417
32 1052 13 16 0.01413602
434 339 483 649 0.014133251
177 1120 17 21 0.014131748
657 1504 66 38 0.0141251
116 1040 55 68 0.014104954
833 1070 45 63 0.014102846
115 400 71 93 0.014102297
424 1430 26 29 0.014098425
873 1470 24 33 0.0140970135
911 1119 37 39 0.014094434
53 1116 113 145 0.014091872
580 1238 181 222 0.014091466
393 1337 23 30 0.01409126
356 1390 18 20 0.014087122
483 1507 48 35 0.014075949
225 867 151 183 0.014072827
32 1281 45 56 0.014068066
183 1131 13 17 0.014065977
433 1370 22 24 0.014058906
222 1448 25 26 0.014053268
77 1153 40 43 0.014049109
616 913 80 75 0.014048505
266 1239 26 31 0.014045258
429 1129 228 246 0.014045117
252 1291 16 21 0.014037137
344 1334 36 39 0.014031383
600 1437 13 16 0.014030635
62 1196 36 43 0.01402728
523 1439 19 23 0.014026292
476 1272 70 82 0.014024871
228 1152 20 27 0.014024701
813 1228 56 72 0.014018456
191 1333 13 15 0.014018449
888 1185 13 16 0.014015439
150 469 120 152 0.014014538
0 554 35 66 0.013999679
222 1498 37 44 0.013996875
515 0 44 32 0.013994672
24 789 175 228 0.013991256
155 1383 13 14 0.013987061
525 795 127 146 0.013978335
397 910 86 98 0.0139782345
229 1327 36 39 0.0139762955
291 1254 24 29 0.013975172
961 1056 29 40 0.013970574
193 1377 12 17 0.013970064
403 856 125 160 0.013964741
618 1328 75 93 0.013963946
1020 966 4 47 0.01395991
955 1062 23 31 0.013959557
206 1369 17 20 0.013958047
601 1427 30 34 0.013951386
1022 1190 2 45 0.013949784
345 19 9 10 0.013949488
616 379 29 30 0.013941631
441 0 43 40 0.013940614
707 897 145 190 0.013934169
0 360 45 96 0.013929189
205 1436 20 27 0.013925872
97 1190 43 43 0.013924857
515 1443 30 38 0.013920621
225 1237 24 25 0.013917935
278 1025 39 45 0.013917228
775 759 118 161 0.013915084
621 768 137 170 0.0139134675
797 120 84 113 0.013912845
985 1450 20 24 0.013908073
262 1468 36 41 0.013894117
517 1492 50 50 0.01389378
951 610 73 202 0.01389127
893 1280 41 44 0.013887015
501 876 408 593 0.013885343
486 519 88 99 0.013883486
146 985 28 36 0.013880732
8 1210 25 27 0.013877694
48 1452 27 28 0.013874227
344 22 10 12 0.013870673
60 296 127 170 0.013862636
201 1013 39 44 0.013850101
695 3 73 83 0.013849715
71 353 68 98 0.013849226
305 1398 26 29 0.013839029
236 1103 30 39 0.013838954
23 1155 38 47 0.013838757
231 1172 130 171 0.013835848
205 1244 35 39 0.013830061
607 374 17 16 0.013825334
827 88 86 117 0.013823002
565 1424 18 19 0.013817831
144 974 166 216 0.013816439
162 1417 18 19 0.01380676
386 1433 38 50 0.013806204
689 1456 112 86 0.013804789
767 1354 45 55 0.013801301
376 1318 63 83 0.013797327
157 1159 25 31 0.013786235
779 1403 138 139 0.013776187
167 1399 23 29 0.013769259
421 1338 55 67 0.013759652
785 1130 112 143 0.013758568
390 967 47 61 0.013756489
201 1181 22 26 0.013756177
275 137 109 120 0.013754871
465 460 86 107 0.013751135
681 79 135 192 0.013750027
884 1252 25 36 0.013748548
121 1355 39 45 0.013748394
133 1313 35 41 0.013746399
146 1328 35 46 0.013741424
548 87 113 169 0.013739212
621 578 74 88 0.013738581
501 663 143 173 0.013736282
161 1322 40 50 0.013733509
196 1307 44 49 0.013733114
806 858 107 133 0.013730084
460 1518 39 24 0.013729594
251 1080 26 28 0.013728522
877 790 66 92 0.013721766
256 1394 13 15 0.013719518
224 1305 49 59 0.013718962
709 1289 37 52 0.013717825
991 1082 31 41 0.013712216
976 1392 48 70 0.013710623
516 1427 18 25 0.013709725
223 1506 24 30 0.013707327
8 805 32 39 0.0137024475
962 1393 24 28 0.013694675
205 1212 40 48 0.013693249
211 717 125 163 0.013690323
342 1045 56 59 0.013689661
1006 794 18 91 0.013688987
367 41 84 83 0.013683039
895 1497 40 45 0.013683013
72 1092 24 32 0.013681695
144 1049 26 32 0.013681526
137 526 78 97 0.013681208
911 477 66 92 0.013680231
835 343 65 95 0.013675157
19 1216 63 73 0.013671671
572 1423 17 20 0.013667741
723 1220 32 38 0.013667451
985 1257 34 43 0.013664462
984 511 40 119 0.01365534
984 602 40 119 0.013653134
443 570 43 39 0.013649233
580 1514 58 28 0.013643201
902 1171 54 66 0.013642583
1005 1153 19 27 0.013641006
96 472 73 84 0.013636016
822 1149 21 25 0.013632517
275 1194 12 16 0.013627471
519 1445 17 21 0.013627199
266 1257 39 47 0.013626171
786 1401 40 40 0.013624218
84 444 127 149 0.013622396
485 932 120 148 0.013616622
167 1111 127 174 0.013615938
504 1367 44 58 0.013608557
142 414 73 94 0.0136074675
731 1231 23 24 0.013604699
1022 958 2 49 0.0136006605
872 1438 30 40 0.013587765
196 1321 51 59 0.013586135
430 1447 37 50 0.013579637
330 1223 18 25 0.013575736
253 25 69 76 0.013574879
792 1207 22 24 0.013566414
921 1225 61 79 0.013563846
30 109 131 177 0.013557629
476 1453 36 37 0.013557283
564 0 21 13 0.013556295
377 1507 63 35 0.013555291
481 1396 13 13 0.013553275
353 1221 34 40 0.013552742
370 1298 22 26 0.013536011
144 1432 16 20 0.01353557
41 764 52 74 0.013531438
427 1465 18 20 0.013530427
310 1064 54 67 0.013527034
430 1416 25 33 0.013519188
570 0 115 104 0.013518597
118 824 126 149 0.013514086
703 595 101 140 0.013511237
0 0 177 204 0.013510119
69 1327 22 26 0.013506575
281 1180 21 25 0.01350575
710 1490 74 52 0.01349672
14 1296 28 31 0.013490593
159 941 38 39 0.013489536
759 254 67 95 0.013488508
143 1420 17 21 0.01348702
732 1245 50 61 0.013485177
277 0 66 44 0.013485145
286 1467 48 56 0.013476856
314 1206 34 43 0.013476279
220 1071 36 43 0.0134643465
1023 1153 1 44 0.013462197
85 1220 36 44 0.013461107
484 433 61 82 0.013458164
80 786 199 244 0.01345572
1020 1204 4 47 0.013455252
755 2 71 86 0.013454221
293 1417 29 35 0.013454061
180 1193 31 39 0.013450451
27 322 67 97 0.013448994
257 71 63 72 0.013444047
126 1224 38 52 0.013433106
465 223 103 162 0.013430797
863 95 66 94 0.013425875
865 315 65 90 0.013425145
219 1456 20 29 0.013424566
866 280 158 321 0.013424081
881 861 143 257 0.013418984
765 119 83 114 0.013413205
460 106 15 18 0.013402277
128 1324 33 44 0.013401787
334 19 25 36 0.013400573
693 971 57 58 0.013399096
55 550 67 94 0.013395425
289 1041 67 85 0.013394328
461 1350 38 47 0.013392956
967 1195 17 22 0.013388852
35 661 113 154 0.013385693
110 1230 58 70 0.013385483
833 1251 109 140 0.013385199
97 1255 36 40 0.013383224
361 1338 21 26 0.013380277
335 1458 41 52 0.013373634
0 484 52 89 0.013372347
756 1101 173 221 0.013369753
390 168 110 133 0.013366398
33 1139 23 27 0.013364681
561 6 31 63 0.0133598205
136 1215 21 24 0.013357767
909 783 66 97 0.013352254
140 1080 27 32 0.013352083
791 0 99 95 0.013347916
207 1107 23 25 0.01334544
342 1217 32 41 0.013344324
346 978 35 46 0.0133441
977 1290 38 50 0.013343291
869 1081 53 59 0.013341946
741 1379 71 77 0.013338437
0 1178 29 43 0.013337191
112 651 82 114 0.013336533
240 87 52 68 0.013332647
101 352 67 98 0.013328605
365 0 43 28 0.013327999
231 580 71 94 0.013320556
271 1134 30 38 0.013317079
300 1331 20 24 0.013316114
165 1387 24 32 0.013314896
896 683 67 95 0.013313724
0 405 35 67 0.013308768
232 1046 52 68 0.0133012235
775 1054 87 107 0.013293873
582 1370 38 50 0.0132928295
954 1280 48 61 0.01329275
69 581 67 94 0.013281407
84 1127 41 47 0.013279879
312 1338 20 24 0.013278542
769 960 25 33 0.013276925
241 833 105 142 0.013271661
419 397 130 165 0.013269796
590 932 77 85 0.013266267
200 1175 33 39 0.013265349
139 703 210 264 0.013264397
60 1027 26 33 0.013263533
211 1366 22 26 0.013261411
828 882 71 88 0.013261231
445 95 189 269 0.013260155
768 959 163 210 0.013258692
862 0 71 75 0.013257621
92 1345 26 31 0.013257405
530 1447 31 39 0.013253813
45 1111 11 13 0.013252584
574 1444 26 30 0.013242273
665 957 36 47 0.013242173
993 1184 19 25 0.013242024
170 760 138 170 0.013238826
896 1295 19 20 0.01323683
314 1432 25 25 0.013235663
751 1245 58 71 0.01323558
514 61 114 159 0.013230589
0 1088 9 25 0.013229326
257 1339 52 65 0.013227854
324 1128 111 146 0.013221424
877 159 69 95 0.013220819
50 1334 32 36 0.013219663
250 1407 35 39 0.013217273
481 1425 11 18 0.0132113015
9 1438 19 22 0.013209411
981 415 43 124 0.013208326
591 643 128 150 0.013208007
408 1309 30 34 0.013206566
229 1403 31 38 0.013205704
846 1241 31 41 0.013203248
954 959 26 36 0.013197045
665 298 213 253 0.013194104
134 1068 107 142 0.013193498
712 311 76 96 0.013192522
160 1383 13 15 0.01318636
274 1080 43 42 0.013186014
325 1061 25 33 0.013184378
214 1407 20 25 0.013182607
899 1387 60 64 0.013170402
521 1467 41 54 0.01315849
123 752 57 68 0.013149965
149 1472 45 52 0.01314931
22 402 72 92 0.013147047
283 1283 33 36 0.013143702
693 207 121 173 0.01314216
984 661 40 119 0.01313982
195 1315 24 25 0.013137322
363 942 51 62 0.013135733
595 416 58 74 0.0131354965
93 911 64 83 0.013134055
776 995 72 87 0.013129432
218 960 31 37 0.013127719
591 399 47 63 0.013126909
349 1010 40 42 0.013121687
81 1195 38 34 0.013118596
0 1053 12 19 0.013115801
41 1167 46 56 0.013115341
511 1460 19 29 0.013112888
859 1063 41 55 0.013111951
289 869 92 122 0.013105472
506 877 199 225 0.0131033035
205 916 30 35 0.013101487
358 1292 27 31 0.013100738
19 1261 34 36 0.0130914645
228 1404 20 24 0.013086438
180 833 103 130 0.013086031
391 1068 66 72 0.013082831
693 443 331 605 0.013082696
40 757 40 48 0.013082452
226 1271 37 38 0.013082096
199 924 29 33 0.013078213
476 413 95 126 0.013075201
0 796 70 121 0.01307314
148 1250 32 43 0.013073025
874 251 119 159 0.013071437
743 1380 42 46 0.013069782
473 1401 13 15 0.013062837
92 1435 41 52 0.013062108
905 922 50 59 0.01305974
63 1085 19 21 0.013046494
880 475 67 94 0.01304437
1023 1240 1 44 0.013043294
85 919 50 61 0.013040724
791 1337 53 62 0.013040166
1022 1309 2 43 0.01304008
853 1082 46 57 0.013035979
996 1379 25 30 0.013034152
27 1464 31 38 0.013033976
93 195 132 146 0.013032667
823 1253 39 49 0.013028872
955 1410 51 69 0.013028608
235 1467 63 71 0.013028451
277 1432 32 31 0.013027684
727 979 43 40 0.013027402
227 975 56 70 0.013024618
339 722 325 415 0.0130228745
207 775 67 85 0.013017532
545 0 20 12 0.013010075
293 790 61 85 0.012998744
331 1142 33 47 0.012998065
585 0 17 10 0.012997694
569 274 59 79 0.012995642
555 0 18 9 0.012994481
446 1461 45 56 0.012993552
112 987 21 25 0.012993377
40 1029 23 29 0.01299294
770 1194 32 33 0.012991686
679 1328 49 63 0.012990831
792 1241 59 70 0.012984381
183 1096 38 41 0.012982571
18 1067 37 44 0.01297425
548 1428 22 24 0.012960043
1017 1438 7 43 0.012959898
125 725 113 155 0.01295511
828 1379 66 82 0.01295471
708 1171 71 104 0.012952257
236 1010 20 24 0.012947343
945 1124 37 47 0.012946263
171 1049 29 34 0.01294309
189 1334 21 25 0.012941162
949 850 51 66 0.012939147
554 939 222 288 0.01293891
1000 282 24 97 0.012936471
964 1446 26 29 0.0129254805
283 943 26 28 0.012924286
448 1272 59 67 0.012923098
931 923 46 60 0.012923011
963 1456 27 32 0.012920036
0 1027 11 31 0.01291682
50 786 57 66 0.012916774
25 0 50 35 0.012916516
37 584 44 58 0.012908967
173 1396 21 23 0.012905657
267 979 21 26 0.012905257
63 991 32 41 0.012903011
280 1191 17 20 0.012902022
154 1132 33 38 0.012900179
152 71 102 112 0.012898835
356 1302 17 22 0.012897369
81 1262 38 48 0.012895657
796 1187 18 21 0.012893141
245 1333 30 38 0.012892666
919 2 76 87 0.012880096
65 1047 28 39 0.0128793055
59 1004 35 50 0.012877623
780 1105 48 63 0.012867302
100 1099 60 72 0.01286407
221 1340 46 57 0.012863895
70 1045 37 49 0.012860802
270 1422 19 25 0.0128607545
58 383 68 93 0.012854731
0 1518 17 24 0.012853695
234 1390 21 27 0.01285241
333 1010 52 64 0.012846835
500 1399 14 15 0.0128442915
273 300 118 161 0.012841794
147 1444 15 21 0.012841579
1017 822 7 63 0.012841481
393 1422 24 32 0.012837992
181 1494 35 34 0.012835754
1015 0 9 47 0.012832604
243 1203 42 35 0.01283216
799 178 83 115 0.012827369
514 434 43 61 0.012821642
84 1353 28 31 0.012820351
805 392 132 181 0.012820269
578 416 49 66 0.012818651
160 538 96 126 0.012815079
23 920 17 19 0.012808784
802 919 70 84 0.012808738
861 1345 40 45 0.012799759
853 1430 43 54 0.012799036
114 1254 57 77 0.012798703
557 1362 55 71 0.012798681
451 1463 30 37 0.01279829
737 1182 172 216 0.012795453
857 1111 42 49 0.012790728
91 1446 26 35 0.012784178
76 1235 37 47 0.01278052
286 1226 33 40 0.012779848
130 1176 36 44 0.012771205
22 800 33 38 0.012765875
86 328 68 94 0.012763988
418 107 21 21 0.012763555
988 729 36 97 0.012761344
237 1157 16 21 0.0127611365
921 1133 60 76 0.012758444
131 996 116 153 0.012755296
746 1226 39 40 0.012754967
81 1091 13 15 0.012754603
896 312 64 93 0.012747128
209 1374 17 20 0.012743141
635 589 106 139 0.012742767
48 765 19 27 0.012742698
369 1161 86 91 0.012735047
531 1267 83 105 0.012732479
894 1070 38 46 0.012729765
253 1324 22 26 0.012728442
776 1170 14 17 0.01271751
99 1089 22 29 0.012714611
844 913 180 355 0.012712615
366 1401 24 32 0.012703207
352 1235 19 23 0.012703074
413 1413 25 33 0.012700386
873 1270 18 23 0.012698646
181 1372 14 20 0.01269472
1000 336 24 103 0.012694244
745 280 67 94 0.012693835
984 978 25 30 0.012689273
62 1375 13 15 0.012686557
225 1 62 46 0.012684338
822 1209 34 43 0.012684197
884 908 58 76 0.012678816
463 618 139 178 0.012676786
888 1230 41 50 0.012672889
471 1391 17 18 0.012666261
877 73 67 90 0.012661613
398 1407 13 16 0.01265774
280 1342 44 58 0.012655427
863 1324 39 48 0.0126540065
181 1136 21 24 0.012650779
798 1513 44 29 0.012634267
260 958 25 32 0.012633305
158 1352 23 28 0.012631389
525 1363 38 43 0.012627904
130 369 69 96 0.012623747
1023 1095 1 39 0.012622503
794 1326 39 47 0.012621044
430 130 53 60 0.012620032
689 766 18 27 0.01261986
140 1215 37 45 0.012616417
190 1391 23 33 0.012615465
113 0 60 47 0.012613596
759 156 69 97 0.012607964
867 1371 51 62 0.012607222
1013 1164 11 40 0.012606348
844 1500 26 31 0.012605975
0 872 39 69 0.012601181
232 1308 31 33 0.012600607
195 1192 24 29 0.012598548
967 1109 34 46 0.012597531
802 360 67 93 0.012595797
329 805 66 92 0.012595425
685 798 80 110 0.01259101
955 1257 35 53 0.012591003
603 1266 78 92 0.012590528
0 1342 21 37 0.012585345
68 1081 19 23 0.012579787
452 636 64 65 0.012579067
947 1444 40 43 0.0125784855
130 466 70 92 0.012576486
228 914 64 70 0.0125751905
356 294 127 173 0.0125653725
287 926 33 40 0.012564309
965 835 53 69 0.012562155
970 1053 26 30 0.01255651
1006 1314 18 23 0.012556468
338 12 27 31 0.012555986
260 632 214 284 0.012551746
712 24 71 96 0.01254906
862 5 146 182 0.012548484
847 536 66 97 0.012546713
433 599 36 75 0.012546485
895 502 66 95 0.012544128
21 1061 24 25 0.012540371
357 967 36 40 0.0125362845
1023 951 1 49 0.012532436
835 204 124 172 0.012530046
829 0 73 76 0.012529251
296 61 65 79 0.012527361
877 113 68 97 0.012525994
479 1398 20 22 0.012524922
270 1390 16 20 0.012519274
495 1362 29 39 0.012516982
799 1311 30 39 0.012512783
50 1098 27 40 0.012511139
321 106 185 232 0.012507785
254 127 80 73 0.012506305
10 400 222 274 0.012504048
562 845 125 116 0.012502403
394 1317 31 44 0.012501706
31 1409 39 48 0.012498997
908 655 68 98 0.012497291
244 1034 21 28 0.012497244
206 913 60 72 0.012495882
236 932 118 147 0.012494437
123 1457 62 78 0.012492181
856 780 60 95 0.01249215
698 920 41 55 0.012492095
54 273 231 284 0.012491533
51 595 44 61 0.012482689
87 384 69 94 0.012480345
126 1230 113 154 0.012478008
0 1213 19 30 0.0124779325
232 538 69 91 0.012469652
340 1398 38 45 0.012469622
140 1391 23 28 0.012469438
600 1405 22 31 0.012469145
434 1029 64 75 0.012465824
786 46 107 147 0.012465551
504 1458 12 15 0.0124624595
727 0 74 72 0.012460201
336 226 123 157 0.012453986
414 1508 61 34 0.01245241
98 917 18 21 0.012451082
849 429 66 98 0.01244865
301 952 21 25 0.012445788
786 1271 40 45 0.012445653
879 910 38 52 0.0124454
879 1034 29 43 0.012444267
64 1390 40 48 0.012441924
289 1470 12 15 0.012430119
14 1350 32 32 0.0124264555
0 474 38 68 0.01242547
521 1356 21 25 0.012423001
833 1452 57 76 0.012417082
238 1461 14 15 0.0124102235
465 1306 20 28 0.012409132
983 1450 15 15 0.012408164
834 385 66 98 0.012405431
985 787 39 101 0.012403229
666 666 107 153 0.012398441
1023 1461 1 38 0.012397774
129 1155 131 175 0.012397771
911 965 43 45 0.012396247
389 1396 23 28 0.012389722
878 696 114 161 0.012388954
874 1241 27 32 0.012388344
518 188 52 68 0.012386608
946 1405 29 35 0.012385864
519 931 72 88 0.012384024
441 1438 23 32 0.012376441
669 1337 39 50 0.012373325
894 447 65 97 0.012367777
483 1482 40 46 0.012364252
650 1350 50 64 0.01236055
77 156 58 105 0.012355053
790 159 67 97 0.012352998
780 1153 47 62 0.012351615
0 929 32 57 0.012348087
0 1299 21 30 0.012347058
297 1307 31 40 0.012346854
391 0 25 16 0.012344049
70 1447 39 50 0.012344
138 571 78 109 0.012341048
831 1187 114 146 0.012338721
1 1035 16 23 0.012337538
74 903 24 26 0.012335781
328 1424 20 28 0.01233556
211 1105 30 35 0.012333488
707 1515 48 27 0.012332883
529 900 81 94 0.01232997
232 1119 113 151 0.012326314
940 1064 38 53 0.012324157
77 1373 25 28 0.012321772
185 1284 25 28 0.0123199
402 1296 24 30 0.012319782
774 887 54 77 0.012318287
617 0 76 68 0.012318107
240 1309 57 77 0.0123124225
329 941 39 52 0.012312175
303 1182 46 61 0.012307832
924 684 68 98 0.012306674
319 1229 12 16 0.012298081
837 308 64 95 0.012297365
35 1068 15 18 0.012296581
894 1107 35 41 0.012295478
659 466 61 94 0.012294888
277 1167 21 26 0.012289923
180 1438 14 19 0.0122896945
745 22 71 100 0.012281101
788 252 70 95 0.012279145
533 1416 14 16 0.012278748
917 828 45 62 0.012275727
880 341 66 95 0.012270747
236 1153 12 16 0.012266977
15 1320 27 31 0.012265672
224 1473 17 20 0.012261151
539 1434 13 14 0.012256533
654 1184 75 96 0.01225577
214 1215 19 21 0.012254484
185 1330 14 15 0.012254177
294 1464 13 13 0.0122535005
189 1124 28 33 0.01225344
12 512 67 95 0.012251449
30 1456 22 24 0.012248895
381 929 41 51 0.0122460285
757 1272 43 49 0.01224537
990 224 34 95 0.012245039
328 1415 18 24 0.0122432485
1001 1160 20 28 0.012242818
452 691 330 456 0.012242398
8 0 28 19 0.012237766
201 1430 19 25 0.012237016
552 577 85 93 0.0122345565
269 1203 22 22 0.012234454
347 888 82 102 0.0122313965
153 1435 12 15 0.012230679
723 915 40 47 0.012228742
179 1511 28 26 0.012228591
90 188 66 92 0.0122226365
0 873 22 35 0.012215997
835 1347 52 56 0.012212969
59 821 22 26 0.012212047
65 1067 21 28 0.012207016
877 12 71 91 0.012203853
527 1320 51 65 0.01220293
449 1468 18 23 0.012197563
595 1417 18 20 0.012196773
1022 994 2 45 0.012196052
491 1446 21 23 0.01218962
653 1513 43 29 0.012187115
201 770 202 257 0.012187069
863 505 66 95 0.012186934
977 1414 27 34 0.012186173
134 1222 55 68 0.012182797
34 1443 23 30 0.012181982
165 1357 22 30 0.012178096
1001 464 23 91 0.012177815
370 613 149 242 0.012175219
202 94 68 80 0.012171839
322 1307 18 22 0.01217054
149 1429 36 42 0.012169192
729 175 68 93 0.012161817
16 1342 46 58 0.012160337
54 1362 16 20 0.012155614
534 1398 22 31 0.0121535575
591 1440 19 20 0.012139283
331 52 28 30 0.012137014
1016 1314 8 44 0.012133104
907 24 69 95 0.012132162
540 1389 35 41 0.012131484
767 179 82 114 0.0121306125
48 1059 12 15 0.012129457
939 1345 37 52 0.012128997
856 1487 32 36 0.012128589
983 1199 23 27 0.0121274125
451 108 15 14 0.012122964
948 1036 19 29 0.01212112
369 1282 24 35 0.012119302
843 1154 33 35 0.012118735
439 1496 52 46 0.012116233
205 1388 16 22 0.012112084
245 1416 19 25 0.01211071
36 609 46 64 0.0121090235
30 759 97 123 0.012107385
318 1263 16 18 0.012098744
875 1064 40 49 0.012094709
460 112 33 58 0.012093931
963 1228 24 32 0.012092201
1021 1472 3 43 0.012090253
32 1263 29 30 0.0120897405
570 1431 12 16 0.012081726
909 414 68 97 0.0120816305
909 1217 39 48 0.012079935
471 121 19 26 0.012078031
331 1426 40 38 0.0120727215
170 87 228 254 0.012072604
314 1233 25 32 0.012071512
107 498 83 98 0.012070451
915 1458 45 66 0.01206922
160 368 68 97 0.012068143
452 1148 122 140 0.012067001
198 980 22 29 0.012066192
291 1469 17 18 0.0120654665
427 1348 34 44 0.012062464
0 893 10 18 0.012057253
1013 1480 11 16 0.012056966
64 941 101 126 0.012054448
321 1355 22 24 0.012052043
1007 1338 17 58 0.012048271
503 1515 39 27 0.012044865
1003 764 21 91 0.012043356
457 0 47 40 0.01204175
519 1425 12 16 0.012039507
734 1231 37 48 0.012037209
261 858 72 91 0.012037176
42 1522 28 20 0.012036448
81 95 86 113 0.012034778
511 427 25 33 0.012030204
211 1527 23 15 0.012027864
0 833 35 63 0.012027446
941 1058 21 29 0.012026362
541 223 110 152 0.012025472
326 84 44 62 0.012022473
818 159 104 147 0.012020089
55 1308 31 39 0.012017919
271 933 16 22 0.012016011
273 646 68 89 0.012014701
789 965 68 69 0.012011881
759 1174 33 42 0.012008782
3 1132 23 26 0.012008151
354 1456 25 33 0.012008003
289 1461 13 14 0.012001299
360 1495 60 47 0.012001059
103 1115 20 26 0.011996777
381 897 76 84 0.011996343
901 846 56 76 0.011992828
133 1121 105 141 0.011986456
240 1137 22 22 0.011985437
228 30 57 76 0.01198542
441 97 34 33 0.011977155
360 418 100 121 0.011975466
926 1394 41 45 0.011974803
443 1214 123 153 0.011965732
1001 386 23 96 0.011965031
768 1206 19 24 0.011963675
337 1261 44 52 0.011961934
809 851 176 249 0.011958866
199 599 83 114 0.01195447
37 1306 23 26 0.0119507015
341 971 26 31 0.011945532
721 1254 36 48 0.01194526
855 85 57 74 0.011944699
245 1085 26 30 0.011943277
346 1018 22 25 0.011938895
697 1322 35 42 0.011937399
161 1198 40 48 0.011936671
892 1181 30 32 0.011932784
245 1366 27 33 0.01193133
290 741 143 190 0.0119252885
177 1100 21 29 0.011919665
845 1018 44 51 0.01191488
986 476 38 98 0.011914873
209 1427 28 36 0.011911145
745 128 70 97 0.011910417
880 654 67 96 0.011905711
20 630 196 267 0.011898471
604 1426 12 16 0.011897758
627 1303 59 73 0.011897444
494 1411 21 27 0.011896054
338 493 68 92 0.011890263
211 941 43 48 0.011888845
1 1055 35 40 0.011882526
763 1234 34 44 0.011881958
977 1219 21 26 0.011878413
34 992 129 163 0.011875693
1004 1116 20 31 0.011872777
297 1379 26 34 0.011872674
172 1425 15 22 0.011872526
245 1138 26 31 0.011869483
893 943 38 52 0.011867666
174 1509 14 14 0.011867479
509 1409 23 29 0.011864722
232 779 68 85 0.011862971
291 172 35 51 0.011861897
338 1287 17 22 0.011861406
926 298 66 94 0.011858943
925 500 68 98 0.0118585685
65 1162 24 31 0.011858462
40 1006 37 44 0.011850855
409 1518 46 24 0.011849068
573 1435 12 15 0.011848773
666 347 67 92 0.011848758
657 135 131 185 0.011848603
986 565 38 100 0.011848016
611 0 30 22 0.011847122
343 30 14 21 0.011842786
487 982 79 90 0.011842614
7 1314 29 30 0.011841387
613 1461 58 76 0.011837547
264 1382 16 21 0.011831127
525 202 31 48 0.01182964
308 1042 36 43 0.011827188
151 1380 13 15 0.011826475
123 214 219 281 0.011826113
120 883 128 165 0.011824304
146 1412 17 20 0.011818177
956 1212 25 31 0.011813785
850 473 65 97 0.011807672
323 1360 27 37 0.011804579
197 1370 12 16 0.01180238
376 1461 19 22 0.011801093
57 1053 21 27 0.011800359
878 414 67 98 0.011799693
300 1408 23 30 0.011798803
127 1444 45 59 0.011794642
444 1452 31 39 0.011792985
260 1392 12 15 0.011792051
1 745 37 49 0.011788559
458 1249 73 86 0.01178793
815 714 106 144 0.011787372
719 988 68 91 0.011786772
92 250 132 168 0.011783956
279 623 101 133 0.011780598
829 1418 60 74 0.011778633
801 1343 37 39 0.011778251
1015 793 9 63 0.011777889
789 284 101 140 0.01177541
299 1433 19 21 0.0117725665
909 340 67 98 0.011764332
52 413 127 151 0.0117583675
146 913 14 17 0.011757195
19 754 46 49 0.011755317
388 1038 107 132 0.011755203
599 385 33 40 0.011754181
23 1048 18 22 0.01175374
672 1371 38 53 0.011752903
138 897 28 36 0.011744311
492 0 16 10 0.011741016
954 1036 21 31 0.011734258
93 1413 28 37 0.011733895
531 247 75 106 0.011733625
49 1248 42 48 0.011729086
274 1441 12 16 0.0117289135
1002 150 22 89 0.011724443
324 1210 45 57 0.011721902
88 628 69 92 0.011721658
627 1518 33 24 0.011721614
185 1308 20 27 0.011713958
906 708 118 266 0.01171106
623 19 136 190 0.011710996
328 1350 21 27 0.011709742
922 1184 43 55 0.011707938
878 536 66 95 0.011707591
861 566 67 95 0.011704114
232 1307 19 24 0.01168945
862 370 69 98 0.011686394
931 855 36 51 0.0116854245
820 412 67 98 0.011684847
146 343 67 93 0.011681785
337 1141 44 63 0.011680806
698 1461 64 66 0.011679796
194 883 57 73 0.011679307
37 1005 16 18 0.011675137
720 1236 34 48 0.011673935
910 281 65 94 0.01167179
0 152 77 151 0.011670329
185 1414 17 25 0.011664884
670 968 111 133 0.011663915
14 0 15 9 0.011662477
338 16 13 14 0.011661739
1001 1174 18 28 0.011658493
236 1118 22 32 0.011656613
46 1153 40 48 0.011653694
744 861 36 44 0.011649422
848 11 71 91 0.011647773
377 1301 42 51 0.011646614
186 1426 35 40 0.011644841
246 54 43 58 0.011643832
68 745 109 145 0.011641349
280 372 115 153 0.011637046
0 821 31 47 0.011624275
126 466 222 275 0.011620452
1021 1076 3 50 0.011616038
165 1300 21 28 0.011615982
419 558 48 69 0.011613171
809 1302 33 45 0.01161014
356 808 68 88 0.011608529
715 203 65 93 0.011608084
893 370 68 98 0.011605709
954 63 70 174 0.011604802
384 562 92 133 0.011602729
28 1017 22 25 0.011599491
414 0 43 40 0.011597329
1001 703 23 91 0.011597071
283 1467 15 16 0.011596847
231 1413 20 26 0.011595631
744 1196 28 34 0.011595318
379 0 27 18 0.011595118
1022 1281 2 47 0.011594863
768 1170 23 30 0.011594704
264 1375 18 20 0.011592689
386 968 154 189 0.011591919
327 1057 19 24 0.011588608
454 539 61 74 0.011586191
647 824 88 107 0.011585538
221 1347 28 33 0.011585296
184 1378 19 26 0.011583063
654 1336 40 50 0.011582579
548 1458 47 62 0.011582323
859 1501 24 31 0.0115815485
2 1220 22 32 0.011580478
0 617 36 68 0.011577253
59 1081 31 33 0.011575654
249 1463 13 16 0.011575525
1010 1476 14 47 0.011574764
266 715 126 165 0.011560514
97 819 29 42 0.011560338
128 1245 37 46 0.01155715
528 1444 17 21 0.011553783
771 1121 35 43 0.011553764
1023 1248 1 45 0.01155343
511 774 93 132 0.011543862
911 899 59 74 0.011541246
121 645 59 80 0.011538871
263 1118 22 24 0.011537424
780 373 65 89 0.011524687
355 1438 34 39 0.011524531
385 1520 42 22 0.01152005
176 586 65 85 0.011517172
729 1075 104 131 0.011514445
114 545 78 103 0.011514438
457 1020 70 90 0.011510621
1023 1113 1 45 0.0115103135
143 1253 49 65 0.011509749
401 1466 38 52 0.011509575
334 456 106 144 0.011508495
18 432 81 104 0.011507098
573 1438 16 19 0.011506894
159 1214 49 62 0.011501535
259 594 71 96 0.011500112
820 21 66 95 0.011500038
693 931 194 255 0.011497337
318 990 31 39 0.011496771
972 1385 35 45 0.01149625
877 1339 38 48 0.011494263
224 1411 21 24 0.011493141
746 69 70 95 0.011492765
210 992 141 186 0.011492176
546 1442 13 15 0.011489173
1000 599 24 92 0.011486585
192 1063 313 367 0.011481095
893 626 66 96 0.011478795
968 905 40 53 0.011476799
171 1002 21 25 0.01147624
311 1196 23 30 0.0114758015
200 999 17 21 0.011475735
514 1460 28 37 0.011474618
440 1295 43 46 0.011468142
191 1474 40 44 0.011465853
713 1323 24 29 0.011463877
1006 1210 18 34 0.011459768
540 1420 16 18 0.011458508
776 219 66 97 0.011458128
32 1003 29 34 0.011457232
814 1503 55 39 0.0114569375
434 971 68 90 0.011450518
630 276 103 119 0.01144741
90 1279 42 48 0.011444407
340 1222 49 62 0.0114432955
546 1436 12 15 0.01144249
892 189 70 97 0.011437174
879 594 66 97 0.011437063
78 1409 24 29 0.011435525
190 1329 31 37 0.0114351
898 1382 38 44 0.011434387
508 1289 62 82 0.011434325
541 1359 15 20 0.011428048
98 8 97 98 0.011424999
907 145 69 96 0.011418967
913 714 65 92 0.0114164995
50 625 47 64 0.011412024
387 1355 26 33 0.011411897
265 1033 32 37 0.01140856
241 1298 31 34 0.011405326
742 764 71 109 0.011404418
697 175 69 94 0.011403618
686 1201 45 55 0.011402687
891 1186 17 21 0.011398803
195 1464 20 24 0.011397032
988 1445 16 19 0.011390751
190 1506 25 26 0.011387148
318 1188 47 60 0.011384774
429 11 67 96 0.0113841565
272 1406 20 27 0.011376668
849 161 68 94 0.011374233
360 1309 31 42 0.011373939
248 1451 16 22 0.0113707185
837 108 127 182 0.011370014
0 1071 9 25 0.011365219
0 519 88 191 0.011364608
989 1258 21 24 0.011363181
172 399 72 95 0.011358477
614 601 89 108 0.01135836
985 1414 14 16 0.011357984
991 983 26 30 0.011356825
188 576 223 278 0.01135404
68 1341 21 25 0.011352806
195 1444 32 39 0.011348461
867 1054 29 42 0.011347839
983 150 41 110 0.011346784
121 1383 38 48 0.011346475
800 1148 176 225 0.011344381
791 1225 50 61 0.01134041
46 1124 23 29 0.011340024
25 291 66 89 0.011337823
475 1479 27 28 0.011336273
607 145 122 166 0.011335122
444 1519 39 23 0.011333859
736 212 83 113 0.011329664
506 913 65 80 0.011328898
964 1067 19 25 0.011328424
306 0 46 38 0.011327014
571 315 64 74 0.011323221
112 970 36 44 0.011319208
348 982 24 30 0.011314665
206 1313 20 22 0.011312584
66 117 53 127 0.011311074
248 977 17 25 0.011311004
958 1473 62 69 0.011309153
214 1461 17 25 0.011305804
970 927 36 51 0.011303917
319 221 199 263 0.011303233
201 951 31 32 0.011302933
99 940 41 58 0.011302002
116 1411 27 36 0.011300202
6 469 64 81 0.011298493
163 1467 39 41 0.011298336
103 1289 39 45 0.011297981
410 1446 19 23 0.0112976385
422 1379 16 21 0.011296873
678 95 208 272 0.011295243
450 1426 21 30 0.011293905
1023 945 1 47 0.0112920115
506 1356 31 31 0.011291936
905 1300 65 69 0.011290744
23 668 70 96 0.011290674
411 1369 23 30 0.011288188
180 1236 37 55 0.011282011
753 1209 30 43 0.011276322
671 267 97 124 0.011274505
182 1110 13 17 0.011271137
278 794 107 142 0.011270664
272 951 20 23 0.011268189
351 67 41 61 0.011267702
275 670 109 147 0.011266143
157 1414 17 18 0.011265572
242 1456 13 16 0.011265006
231 1252 25 32 0.011264678
194 51 77 93 0.011264084
397 1074 24 25 0.011261699
728 223 229 282 0.011258211
451 109 107 127 0.011257822
402 948 80 93 0.011255507
853 1446 30 34 0.011254702
928 108 96 178 0.011252928
921 493 45 60 0.011249712
74 941 21 25 0.011247164
131 911 51 57 0.011242736
167 908 24 30 0.011241715
313 1283 21 25 0.0112327365
786 682 100 144 0.011231872
934 1056 35 43 0.011231402
780 1334 40 46 0.01123122
443 97 21 22 0.011228651
904 980 26 34 0.0112284385
272 1464 17 18 0.011227681
435 1444 22 32 0.011227623
426 1378 21 26 0.011225002
1000 1295 23 33 0.01122147
224 1275 24 30 0.011220781
893 567 67 94 0.011219625
986 1209 26 33 0.011216791
968 1134 35 45 0.011216781
8 1087 27 33 0.011215791
1014 1244 10 51 0.011215664
43 1067 20 20 0.011215444
346 961 25 34 0.0112150805
782 1240 47 58 0.011212282
131 1369 40 41 0.011210208
189 1428 19 25 0.011206553
952 879 54 69 0.011202199
822 1085 44 55 0.01119913
496 1434 25 29 0.01119828
881 1127 43 52 0.011192465
1000 509 24 91 0.01119164
280 580 69 91 0.011191027
923 1063 22 24 0.011189197
1018 960 6 45 0.011183416
82 1248 21 26 0.01118275
306 776 70 87 0.011182329
161 1010 23 24 0.011180233
936 978 34 43 0.011180049
747 866 49 63 0.011178829
429 1466 37 49 0.0111737875
57 1067 16 19 0.011173162
0 1407 18 37 0.01117085
924 624 68 97 0.0111705335
173 1414 15 21 0.011167484
460 1446 21 27 0.011166985
81 896 19 26 0.01116343
825 238 82 112 0.011161253
462 1373 26 30 0.011160643
306 1167 22 26 0.011157869
1007 316 17 84 0.011157766
134 1441 32 39 0.011157434
196 1325 14 15 0.0111570945
393 1415 20 26 0.011152383
253 927 39 47 0.011151609
66 484 57 65 0.011148104
575 186 112 154 0.011139801
115 324 67 97 0.011138754
35 1048 12 17 0.011134715
416 998 63 74 0.011134653
401 1067 129 152 0.011128484
211 1486 18 23 0.011125544
0 0 33 55 0.011122542
929 1509 28 33 0.011121615
57 1373 31 37 0.011120255
899 1125 38 43 0.011119642
316 1255 27 32 0.011119574
390 0 38 29 0.01111774
226 1206 19 21 0.011117223
1019 1425 5 43 0.01111703
542 0 14 9 0.011116172
726 670 110 162 0.011115424
400 1397 20 25 0.011112214
329 1068 32 35 0.011112062
133 1403 23 28 0.011109599
861 1165 19 25 0.011109252
232 1196 27 30 0.011108785
941 797 68 84 0.011107465
80 1082 19 22 0.011107318
681 142 69 97 0.011104977
773 276 69 95 0.011104966
926 446 66 99 0.011100832
817 218 69 98 0.011098408
135 1206 33 34 0.01109768
346 0 23 18 0.011097544
59 911 30 34 0.011095197
98 1016 172 231 0.011094786
103 1268 25 26 0.011094586
213 1156 30 34 0.011091888
602 473 68 79 0.0110917725
639 586 34 40 0.011085882
445 769 83 129 0.011085371
185 1437 11 16 0.011082126
173 255 71 87 0.011080878
102 428 71 96 0.011079381
483 698 64 101 0.011076743
233 1239 23 26 0.011073037
462 1418 21 27 0.011066235
202 1370 13 16 0.011064157
731 256 67 95 0.011060398
303 1287 18 19 0.011059501
679 23 70 95 0.011056191
906 70 68 93 0.011054532
266 1280 25 28 0.011051557
967 1006 44 61 0.011051554
313 1234 14 15 0.011050807
332 1333 30 36 0.011050282
148 1353 22 27 0.0110477125
954 1305 37 48 0.011046395
280 954 25 30 0.011043348
348 1231 27 36 0.011041785
271 1108 23 32 0.011041336
308 1333 13 16 0.011040395
910 535 66 94 0.011037069
83 1327 30 34 0.0110360915
237 1416 20 25 0.011034963
805 1199 25 31 0.011033091
246 1475 25 33 0.011031162
551 512 67 88 0.01102996
124 1072 41 48 0.011029811
471 176 81 107 0.011029668
859 539 43 59 0.011028877
363 134 73 76 0.011028782
457 0 22 16 0.011025871
179 1219 21 23 0.011025472
953 1135 37 49 0.01102479
711 131 71 93 0.011024288
252 1516 43 26 0.01102356
709 915 25 40 0.011023154
349 1310 18 23 0.011020871
785 1230 40 42 0.011019288
175 1494 24 29 0.011018923
991 1195 20 27 0.011017474
795 1208 43 49 0.011014631
184 1533 25 9 0.011013972
550 377 45 56 0.011010676
1015 1079 9 45 0.011009238
992 1499 21 24 0.011008876
708 1409 46 49 0.011004298
277 1183 13 17 0.011002404
0 1240 19 38 0.011000544
0 1387 21 47 0.010995977
334 1414 21 26 0.010993556
664 1273 35 39 0.010992533
744 1096 69 86 0.01098782
219 1471 12 16 0.010987372
931 871 55 73 0.010975975
182 1396 24 34 0.010975354
847 1320 40 49 0.010971184
253 1286 13 17 0.010969326
601 344 52 47 0.010967055
392 1081 26 30 0.010966832
208 1219 20 21 0.010963493
17 922 32 40 0.010962851
276 996 32 35 0.010962276
690 1147 63 92 0.010961991
111 1315 27 30 0.010961861
882 1165 20 29 0.010961846
863 188 68 95 0.010952687
370 937 21 23 0.010951108
100 1129 41 48 0.010949949
80 1329 19 22 0.010949009
177 1063 24 30 0.010947803
274 83 68 78 0.010947212
248 765 100 128 0.010946146
105 1225 37 34 0.010944246
912 1262 63 76 0.010941664
156 999 18 20 0.010941588
528 885 43 54 0.0109391315
797 1473 21 23 0.0109388055
17 1338 26 30 0.0109370565
0 500 32 64 0.010933732
787 101 66 94 0.010933621
214 495 116 155 0.010929866
153 1514 25 25 0.010928629
781 482 125 169 0.010927322
1018 1120 6 48 0.010926987
189 369 69 97 0.010923705
859 1387 44 58 0.010922379
58 1088 17 20 0.010918459
624 700 122 163 0.010909084
50 894 49 57 0.010907092
378 1218 40 41 0.010906679
201 121 84 90 0.01090483
490 1160 70 87 0.010903689
556 1323 59 74 0.010900089
480 1439 12 14 0.010899354
378 1106 73 85 0.010898825
322 1242 49 63 0.010894686
774 0 67 58 0.010893024
195 0 62 48 0.010891964
583 289 63 80 0.010891728
519 970 112 140 0.01088835
141 498 65 88 0.010887955
258 1199 17 20 0.010886921
125 1532 29 10 0.010885998
159 1524 25 18 0.010885907
83 1414 26 33 0.010885105
200 1133 31 39 0.010884434
160 606 68 96 0.010883734
928 1520 14 22 0.010878593
130 1265 36 46 0.010875942
477 622 73 80 0.010871417
479 994 127 157 0.010869685
1014 163 10 63 0.010867068
39 993 33 33 0.010866559
231 1292 32 35 0.010866261
630 382 27 31 0.010866141
326 356 197 257 0.010865335
90 366 124 160 0.010864229
453 1472 19 25 0.010864194
146 1107 37 54 0.010858574
0 1488 17 45 0.010853612
831 447 140 189 0.01085319
743 1269 41 46 0.010852229
603 1349 47 58 0.010851463
63 1354 19 26 0.0108479345
138 685 83 113 0.010847432
203 1421 22 28 0.010846024
0 1099 13 31 0.01084487
449 79 18 17 0.010843254
268 1432 14 16 0.010842725
337 1274 26 34 0.010842484
124 1168 31 40 0.010838718
328 1150 63 84 0.0108372625
210 1515 18 18 0.010834585
1008 981 16 29 0.010834246
519 1452 19 24 0.010833276
59 1037 19 26 0.01083266
90 1112 24 28 0.010826267
114 759 75 98 0.01082594
329 1095 36 48 0.010825751
72 305 65 87 0.010822161
352 1095 21 25 0.010818441
227 1213 35 44 0.010816488
181 1429 12 16 0.01081551
122 291 132 177 0.010815302
384 107 39 46 0.010813651
962 1034 29 42 0.010807319
394 1061 39 46 0.010806059
241 198 116 147 0.010802025
979 1067 37 47 0.01080122
868 1266 18 24 0.010797487
292 1290 21 26 0.010795626
146 557 53 70 0.010794781
316 159 76 90 0.010794748
715 1319 36 46 0.010794237
1007 441 17 77 0.01079159
590 1439 28 34 0.010791445
402 1316 56 68 0.0107898
422 1461 27 31 0.010787348
262 159 198 259 0.010784109
285 112 12 14 0.010783102
99 1030 25 38 0.01078291
22 1474 34 44 0.010782589
835 563 67 94 0.0107815955
927 1149 33 33 0.010781128
487 1416 23 27 0.010780723
880 1332 20 26 0.010780655
562 1411 21 22 0.010779697
1005 1199 19 32 0.0107785305
725 1233 20 26 0.010777541
350 164 75 87 0.010776722
452 1400 19 23 0.010774898
850 589 66 98 0.010774546
302 1089 23 28 0.01077152
292 1230 14 17 0.010769968
697 958 44 52 0.010767539
959 1459 38 50 0.010763076
296 1300 16 21 0.010761863
220 1440 23 26 0.010759127
164 1385 13 16 0.010755232
218 1208 21 24 0.010754575
726 882 21 24 0.010753703
729 99 70 96 0.010750053
240 1417 33 34 0.010748408
554 907 72 68 0.010748074
420 1405 24 29 0.010747732
139 1440 19 23 0.0107441265
205 509 68 90 0.010743269
668 958 21 29 0.010743172
659 943 60 69 0.010742724
866 624 66 97 0.010740152
561 215 74 101 0.010736753
517 1416 18 25 0.010735799
300 1123 27 39 0.010734667
966 1067 12 16 0.010734371
712 70 70 94 0.010734083
258 1124 21 26 0.010730513
865 37 67 99 0.010725886
339 139 70 75 0.010725201
612 364 37 34 0.010722113
792 399 66 93 0.010721957
208 1410 21 27 0.01072146
452 108 21 22 0.0107211815
186 1426 15 22 0.010714178
19 583 46 62 0.010712028
836 507 66 96 0.010711018
226 1149 17 20 0.010710588
226 1388 13 15 0.010709828
419 1269 29 32 0.010709082
378 74 63 74 0.010709032
288 1379 21 23 0.010708584
87 567 65 89 0.010707641
919 986 41 61 0.010706591
832 190 69 93 0.01070451
724 1162 46 67 0.010703295
33 379 55 74 0.0107018445
219 77 50 65 0.010701083
63 1305 21 23 0.010700245
0 920 23 37 0.010699829
217 1179 12 16 0.010698925
180 1141 13 17 0.010698724
714 1165 39 54 0.010698354
605 943 111 130 0.010696544
7 1327 27 32 0.010695932
995 1273 29 38 0.010689146
540 877 59 69 0.010688951
604 1451 41 53 0.010684775
251 1040 22 24 0.010682907
448 961 197 236 0.010682798
471 1450 29 30 0.010682674
933 1170 46 59 0.010676071
791 1190 20 27 0.0106755635
966 1049 20 29 0.010674255
909 596 67 95 0.01067141
55 1021 24 31 0.010670665
28 989 20 26 0.0106666535
679 911 52 51 0.0106651
171 494 76 96 0.010664965
175 343 68 94 0.010664595
939 655 68 98 0.010661936
518 1453 13 15 0.01066168
822 460 66 94 0.010659583
436 1035 37 48 0.01065714
443 675 74 128 0.01065566
168 1138 19 22 0.010652515
741 338 76 99 0.01065064
282 1299 87 113 0.010647484
152 0 59 47 0.01064323
70 521 67 92 0.010642896
476 303 86 125 0.01064031
756 1341 30 37 0.01063577
72 1251 31 37 0.0106344875
759 96 69 99 0.010634264
36 1118 24 32 0.010633874
354 1068 19 18 0.010632295
725 409 111 146 0.010629886
341 1312 40 48 0.010627937
277 1158 19 24 0.010626834
726 1275 29 36 0.010626564
468 1410 15 20 0.010626058
985 1379 29 33 0.0106254965
214 1383 11 16 0.010624179
610 1324 57 74 0.010622048
158 1259 31 38 0.01062081
296 610 68 89 0.010617875
846 553 44 61 0.01061774
293 1265 23 33 0.010616229
573 1414 21 22 0.010615933
120 1212 22 24 0.010614709
1007 261 17 80 0.010611738
222 803 95 124 0.010610821
527 1417 20 25 0.010610074
37 914 31 36 0.010608007
485 1242 77 96 0.010607205
860 1012 38 48 0.010605664
168 1370 21 22 0.010602957
882 1491 24 32 0.0106015215
231 853 76 96 0.010599801
41 1048 12 17 0.010599313
790 1303 32 41 0.010599084
158 447 72 92 0.010597681
888 1321 23 31 0.010596764
355 979 17 22 0.010595304
682 535 69 104 0.010595286
384 937 31 28 0.010590291
270 1483 43 38 0.010586896
313 1116 24 33 0.010586545
260 283 204 268 0.010581406
637 441 45 59 0.010577232
665 0 72 75 0.010575244
976 972 22 32 0.010573329
1004 1087 20 33 0.010572222
414 1292 51 61 0.010571702
407 133 56 57 0.010571167
0 97 32 62 0.010570246
176 1422 12 18 0.010568381
175 1032 31 46 0.010567452
288 1440 32 35 0.010566786
644 500 55 82 0.010565207
259 1042 32 47 0.0105625745
783 1459 56 67 0.010562208
773 1152 36 47 0.010561144
534 431 60 82 0.010558934
384 1468 39 51 0.010554252
0 529 31 67 0.010554242
681 202 69 97 0.01055233
342 0 41 26 0.010550605
411 1061 70 87 0.010543484
42 1071 11 14 0.010538013
169 722 82 104 0.0105355615
72 887 98 130 0.010534064
902 1290 41 49 0.010533433
76 1148 18 20 0.010531688
239 1397 19 27 0.0105314
254 1425 25 25 0.010530642
633 1365 53 64 0.010529416
987 1279 30 41 0.010523418
895 1442 35 41 0.010520649
235 1208 23 23 0.010520441
395 1090 70 82 0.010519465
695 516 106 152 0.010517088
974 1465 24 33 0.010515952
31 808 20 28 0.01051355
150 905 22 27 0.010513221
463 1476 42 43 0.01051143
108 1251 40 45 0.010510994
228 1290 85 114 0.010510635
297 1025 170 221 0.010510401
235 1081 39 44 0.010510387
887 902 42 50 0.010508719
51 824 25 33 0.010508657
851 1288 34 44 0.010507493
210 1449 18 26 0.010507326
251 624 69 96 0.010505909
743 1299 29 42 0.010503495
0 1113 67 170 0.010502131
845 1191 49 63 0.010500381
2 1331 24 36 0.010500378
227 969 20 25 0.0104991635
441 895 46 49 0.010498409
899 1318 24 34 0.010495965
279 120 23 34 0.010493218
196 1352 24 33 0.010492135
520 1391 32 42 0.010488369
225 1470 13 16 0.010487205
241 1482 24 32 0.010484363
0 20 59 102 0.010481734
333 1412 13 15 0.0104811685
162 1278 14 19 0.010476149
0 1158 8 20 0.010473377
939 597 70 95 0.010473115
1000 642 24 93 0.01047264
1013 354 11 67 0.010472219
59 1293 29 34 0.010466913
0 1083 8 16 0.0104649775
536 0 23 17 0.010464558
1014 238 10 62 0.010461221
393 439 108 144 0.010460513
343 1475 40 50 0.010458536
186 1104 18 24 0.010455183
218 582 46 60 0.010453061
53 1529 23 13 0.01045297
341 843 65 85 0.0104528
50 11 22 23 0.010448155
367 1242 42 53 0.010446523
609 1419 39 33 0.010445464
407 1021 39 43 0.010444561
508 1431 19 28 0.010435964
819 604 114 155 0.010431841
441 1125 76 89 0.010424752
249 1311 25 30 0.010424689
159 986 23 29 0.01042175
939 1125 29 37 0.010420461
848 103 45 59 0.0104194395
457 944 66 87 0.010416847
894 1333 38 50 0.010416356
980 1141 33 40 0.010416012
417 494 81 121 0.010415612
123 1462 32 39 0.010415307
430 1374 16 21 0.010408746
969 873 41 53 0.010408648
1008 741 16 74 0.010407346
77 712 93 123 0.010406874
108 1379 33 49 0.010404337
151 1443 20 24 0.010403786
844 767 58 80 0.010402837
122 400 122 158 0.010399742
347 1091 33 49 0.01039781
296 821 62 89 0.010392556
470 1293 36 43 0.010388391
336 116 40 53 0.0103883
53 1115 21 24 0.010387382
327 898 39 49 0.010385765
492 1401 14 15 0.010385432
806 0 65 59 0.010384442
536 1411 13 17 0.010384109
1013 478 11 61 0.01038369
317 1297 30 34 0.010383288
175 1467 23 26 0.01038232
192 1397 14 18 0.01037839
403 1300 89 112 0.010377295
828 1168 20 30 0.010374375
199 955 20 24 0.010372786
49 0 48 39 0.010370287
923 385 70 99 0.010369959
18 1247 33 36 0.010369852
443 101 38 50 0.010369678
149 1013 21 24 0.010369363
314 1359 21 25 0.010368442
187 1117 16 20 0.010366963
1011 1191 13 31 0.010362818
653 345 60 65 0.010360458
68 1415 26 34 0.010358939
178 970 43 54 0.010353941
14 795 24 32 0.010351106
891 1203 39 51 0.0103499945
461 32 82 92 0.010347442
578 0 14 10 0.010346771
786 896 74 89 0.010342786
751 1320 22 31 0.010338103
681 937 44 55 0.010337851
193 1027 37 43 0.010336922
899 1163 23 30 0.010336465
294 991 36 46 0.010336126
646 652 91 120 0.010331372
314 1159 35 37 0.010331001
868 954 42 51 0.0103309015
191 1154 22 23 0.010329922
764 1142 37 45 0.010329044
505 436 28 42 0.010326223
155 1006 14 14 0.010323828
437 1409 25 30 0.010320405
239 1249 24 28 0.010320013
728 1190 28 36 0.010319752
446 470 68 89 0.010316278
936 505 45 62 0.010315919
124 1307 23 24 0.010315892
799 1500 36 35 0.010315659
0 881 10 23 0.010315112
708 1386 53 56 0.010313452
989 1333 29 37 0.010313404
882 282 66 92 0.010312991
1023 1480 1 44 0.010312939
11 890 17 21 0.010311861
490 1344 35 40 0.0103041455
588 1418 19 23 0.010304103
156 1275 13 15 0.010302616
523 425 42 47 0.010301674
215 1236 26 29 0.010300195
124 1234 24 32 0.010298147
277 1425 16 21 0.010294599
10 230 100 148 0.010292044
892 1302 16 21 0.010291845
741 298 47 61 0.010291725
256 1466 24 28 0.010290511
970 828 40 50 0.010288677
655 155 68 98 0.010287516
677 1033 190 257 0.010285826
111 1305 25 28 0.010285817
431 1385 29 34 0.010284567
670 485 13 13 0.01027847
222 1072 13 16 0.010277798
427 86 43 51 0.010274374
107 962 14 17 0.010274358
296 194 70 89 0.010270609
221 0 23 23 0.01027014
321 0 21 19 0.010268705
657 966 70 84 0.010267072
400 1344 22 27 0.0102662705
276 1098 24 32 0.010264658
150 1367 16 20 0.010264393
187 1410 26 33 0.010264216
296 1286 18 20 0.010263372
262 1068 27 34 0.010263122
362 1348 17 21 0.010261122
613 958 65 75 0.010260933
656 1373 40 52 0.010259281
202 253 71 88 0.010257978
288 0 14 9 0.01025792
499 882 60 80 0.010257098
189 1385 12 17 0.010255778
281 1150 13 16 0.010251769
287 1485 34 30 0.010249906
256 1299 12 16 0.010249258
369 508 67 88 0.010249192
591 443 47 62 0.010247892
232 1454 19 18 0.010246025
18 0 21 13 0.010242889
239 1148 13 15 0.010241849
76 1068 23 29 0.010240509
1016 1272 8 50 0.010239378
51 1273 44 54 0.010238246
342 1309 17 22 0.010237666
0 971 30 69 0.010237586
216 1271 24 30 0.0102366
373 1453 35 39 0.010234348
775 1246 37 44 0.010234236
621 523 78 97 0.010232817
1013 386 11 65 0.010231662
269 1029 19 24 0.010230861
163 938 58 69 0.010230044
452 910 110 138 0.010228824
810 209 54 78 0.010226994
144 1036 25 32 0.010222677
196 1323 30 30 0.010221807
793 819 81 100 0.010221662
1013 717 11 62 0.010218745
770 270 45 62 0.010214248
222 1466 12 17 0.010210993
39 1000 14 15 0.010210714
104 1224 20 28 0.010210688
260 818 75 95 0.010209936
319 1241 12 17 0.010201865
527 1364 22 26 0.010200778
836 58 66 95 0.010198665
938 868 38 52 0.010197559
963 1186 19 26 0.010197223
590 1444 12 15 0.010196633
560 1429 20 24 0.010195264
74 1382 30 38 0.010194904
313 1326 34 37 0.010192372
64 910 40 46 0.010192158
280 434 113 145 0.01019154
999 1197 20 27 0.01018615
127 418 45 58 0.010184077
71 1502 19 27 0.010182664
0 338 41 77 0.010182523
1018 926 6 54 0.010181456
0 1357 21 39 0.0101787
722 470 115 148 0.010176794
144 257 73 86 0.010175711
760 1200 25 34 0.010174869
305 966 19 26 0.010174409
504 1406 13 14 0.010174384
109 187 88 94 0.010173875
293 738 68 88 0.010172727
382 378 116 145 0.010172289
995 1419 13 16 0.010171459
894 1352 40 54 0.010171254
800 1182 17 20 0.010168945
138 740 65 78 0.01016766
320 1379 22 28 0.010167606
79 0 14 10 0.0101637365
473 1417 13 17 0.010161329
879 849 58 77 0.0101604555
327 1022 38 49 0.010160247
565 353 51 49 0.010159319
192 904 31 39 0.010159271
906 506 44 60 0.0101591265
130 1468 21 27 0.010157879
326 1293 34 42 0.010157302
368 1400 12 16 0.010155977
984 1472 16 23 0.010154736
12 1125 38 39 0.010153267
775 1211 18 21 0.0101528475
211 1025 23 31 0.010150818
801 275 69 95 0.0101498
113 922 20 25 0.010145876
708 855 51 81 0.010144668
204 995 14 15 0.010143127
571 539 37 54 0.010141064
217 1414 20 25 0.010141009
858 1151 32 33 0.010138102
370 857 67 81 0.010136556
0 393 29 51 0.010135381
632 403 37 51 0.010134808
153 1444 12 17 0.010132959
1021 0 3 43 0.010132941
245 1466 12 17 0.010132852
660 454 47 68 0.010132612
867 173 127 172 0.010129048
228 1518 38 24 0.010128605
298 1136 31 43 0.010128532
322 56 43 61 0.01012787
620 440 45 55 0.010124716
1013 433 11 62 0.010120825
89 1329 19 22 0.010119391
845 1320 23 31 0.010116051
1005 212 19 88 0.010115128
72 413 69 91 0.010114914
891 1250 20 26 0.010114633
124 1186 32 45 0.010111719
178 910 69 91 0.010110797
938 1054 18 25 0.010109436
677 1387 42 49 0.010109253
43 1185 19 24 0.010108497
463 608 51 61 0.0101068085
862 922 49 68 0.010104411
1020 1007 4 47 0.010103721
609 1430 54 61 0.010101768
935 1138 35 43 0.0101004625
883 1439 24 33 0.010100233
179 556 65 83 0.010098756
813 268 48 62 0.010098714
386 1217 110 122 0.010098093
0 173 29 57 0.0100980755
888 101 46 59 0.010096533
331 1330 23 26 0.010096526
891 493 44 60 0.010096429
36 640 46 61 0.0100918505
217 1171 18 26 0.010091676
742 1207 21 21 0.010091161
192 1322 12 15 0.010090652
451 120 71 83 0.010087642
133 1223 18 18 0.010086834
619 1367 42 52 0.010086408
1022 1434 2 35 0.010085203
861 113 44 61 0.010085142
281 1229 17 19 0.010084845
921 702 44 60 0.010084772
190 1183 16 19 0.010084234
744 927 42 51 0.010083403
1022 1498 2 44 0.01008333
132 1225 25 30 0.010082503
757 1315 23 28 0.010082147
283 1326 35 42 0.01008123
590 251 75 96 0.010080029
244 1235 37 38 0.010079107
576 1431 12 15 0.010076275
989 1419 20 23 0.010075155
755 309 45 63 0.010072889
179 1349 19 25 0.010071222
873 629 125 171 0.010070834
194 1061 17 21 0.010070734
293 936 22 24 0.010070316
261 1247 21 26 0.010066323
673 1442 58 69 0.010065992
316 124 49 50 0.010063409
1007 576 17 76 0.010062322
340 1060 25 27 0.010059643
385 148 71 75 0.01005729
74 1233 16 19 0.010056738
985 1096 30 35 0.01005573
76 882 27 35 0.010054585
869 454 55 79 0.010053525
878 1052 21 35 0.01005213
341 1075 27 31 0.010051933
195 538 62 85 0.010047835
490 1485 24 28 0.010047518
354 1316 17 20 0.010047122
178 1128 12 16 0.010045463
442 1472 31 36 0.010045163
477 1405 12 15 0.0100442935
67 833 39 43 0.010043468
477 1415 12 16 0.010043454
266 1516 51 26 0.010037095
343 1379 24 26 0.010034109
0 1437 27 72 0.010034102
82 1476 38 50 0.010033827
391 1194 90 84 0.010033289
889 1302 12 17 0.010032458
935 480 45 62 0.010032277
996 1315 28 63 0.010030565
664 1107 111 170 0.010030524
281 114 16 19 0.010030379
729 1337 52 64 0.010029993
505 1393 27 32 0.010029922
370 1071 40 37 0.01002796
821 693 61 85 0.010027714
38 1273 26 33 0.0100263655
937 476 68 96 0.010026108
284 1426 23 25 0.010023823
8 0 14 9 0.010022275
149 918 13 15 0.010021065
957 906 34 47 0.010020967
761 1252 36 43 0.010019286
979 59 45 124 0.010018843
17 605 48 68 0.010017573
979 1126 28 38 0.010014267
939 716 66 93 0.010012097
715 1270 21 28 0.010011707
36 326 46 63 0.010010712
0 799 16 32 0.010008674
520 1514 39 28 0.010007177
215 1050 43 53 0.010002244
502 1408 16 21 0.010001967
933 1451 51 68 0.01000065
866 684 65 90 0.010000458