28_Sports_Fan_Sports_Fan_28_866
595
452 127 113 166 0.88894236
893 152 30 31 0.15555008
0 347 25 60 0.097026266
884 252 11 14 0.09185729
849 262 12 11 0.056130078
852 280 12 11 0.054805312
860 293 9 12 0.046577394
859 120 18 23 0.04244312
878 304 9 11 0.04091083
895 162 20 23 0.03611575
915 0 109 106 0.03472371
0 0 79 105 0.03430502
847 0 177 196 0.033368416
0 0 162 207 0.033318505
892 311 10 14 0.032917228
0 345 39 92 0.03106118
839 543 185 225 0.029710006
0 518 180 250 0.02893046
921 693 103 75 0.028413491
0 661 75 107 0.027936656
0 0 49 68 0.027438037
894 158 38 49 0.02723017
881 251 19 22 0.0258052
0 696 49 72 0.024754105
823 0 145 116 0.02466618
887 251 12 14 0.024478983
888 156 25 24 0.02430982
730 0 149 118 0.024233747
421 0 143 106 0.024145078
435 34 136 208 0.023786703
580 0 270 206 0.023595614
639 0 149 122 0.0232003
865 219 9 12 0.023183102
53 0 162 126 0.022875912
905 157 17 18 0.022521494
31 471 314 297 0.022481218
193 0 153 115 0.022367328
473 203 77 94 0.02216885
331 0 144 110 0.022088943
394 0 275 206 0.02204406
0 580 107 188 0.021644486
478 0 117 87 0.02158805
28 0 286 217 0.021574777
697 0 126 96 0.021465048
510 0 142 107 0.021383882
926 274 13 17 0.02138217
900 149 18 22 0.021309262
815 557 27 28 0.021229718
611 0 120 97 0.021003766
866 661 150 107 0.020892614
816 567 17 18 0.020729514
21 0 133 102 0.020694636
0 32 91 205 0.020644456
387 0 119 88 0.020490522
0 346 17 39 0.020415261
787 0 124 94 0.020121569
0 120 87 200 0.019950757
847 264 12 14 0.019936422
0 484 92 204 0.01989288
829 576 24 34 0.01985549
157 0 127 93 0.01977953
255 0 124 93 0.019701831
889 0 102 78 0.019380627
379 493 294 275 0.019378187
853 282 13 14 0.019345356
855 212 59 51 0.019303024
437 183 121 162 0.019269692
903 163 20 24 0.01926403
370 660 9 11 0.019040877
965 0 59 60 0.018954648
849 226 40 54 0.018890316
894 374 12 15 0.018888159
975 722 49 46 0.018830797
944 524 80 122 0.018724402
0 370 18 53 0.01868212
913 175 17 28 0.01828818
672 536 280 232 0.018259872
914 304 9 13 0.01824776
216 0 104 72 0.018186383
989 357 35 56 0.018130671
578 0 100 74 0.01811707
640 670 149 98 0.018013492
226 0 272 189 0.01799915
305 0 104 76 0.017864184
732 672 144 96 0.017810555
0 312 61 175 0.01773663
490 158 142 176 0.017731884
852 264 11 10 0.01769054
124 0 108 77 0.017652925
884 159 34 42 0.017575061
97 644 168 124 0.01757214
78 0 112 78 0.017540371
879 135 53 67 0.01753786
871 248 28 34 0.01744949
26 641 154 127 0.017305393
887 213 12 15 0.017242432
900 145 36 36 0.017185504
973 187 14 21 0.017154282
912 538 112 173 0.017130049
214 501 285 267 0.01710235
514 0 226 158 0.017071983
888 165 18 22 0.017004034
867 270 157 352 0.016957708
909 160 18 21 0.016917972
859 114 28 37 0.01684209
0 20 55 135 0.016726552
0 65 162 387 0.016694115
365 224 172 222 0.01668605
133 0 165 161 0.016461873
507 672 151 96 0.016345264
620 698 112 70 0.016289074
870 378 27 18 0.016274828
181 644 166 124 0.016263356
397 243 100 122 0.016223906
921 52 103 179 0.016164828
384 12 149 207 0.016139667
881 250 11 13 0.016107613
984 311 40 49 0.015995631
878 374 27 18 0.015994564
277 658 150 110 0.01597938
876 303 14 19 0.015972944
892 117 42 58 0.015963733
881 303 9 10 0.015957315
0 727 27 41 0.01593285
704 703 105 65 0.015922392
921 397 103 183 0.015873898
332 664 151 104 0.015870208
867 240 45 54 0.015856022
0 395 71 195 0.015827026
672 0 254 281 0.01582468
79 691 118 77 0.015800416
800 48 212 294 0.01577944
854 226 9 11 0.015771331
940 25 84 124 0.015696507
0 153 52 137 0.015682587
0 373 29 90 0.015671007
744 526 45 48 0.015570851
862 120 13 15 0.0155596575
868 154 61 76 0.015552678
0 208 69 198 0.015503045
418 670 152 98 0.0154674435
906 151 42 49 0.015419196
848 243 29 46 0.015331993
162 690 124 78 0.015317314
852 241 11 11 0.015313308
0 550 55 146 0.015310581
916 323 108 176 0.015302356
894 167 15 14 0.015282013
496 191 89 115 0.015245372
461 248 144 179 0.015215627
384 82 198 270 0.015177855
109 385 46 27 0.015156668
832 0 78 61 0.015076767
0 379 42 128 0.014999984
25 494 120 155 0.014996312
830 269 21 31 0.01498298
820 258 19 24 0.014972633
906 169 20 28 0.014932493
855 217 70 91 0.014899228
573 702 109 66 0.014885373
1017 644 7 19 0.014792817
867 95 157 342 0.014783395
487 704 107 64 0.014773121
398 704 106 64 0.014772669
974 315 50 83 0.014621717
846 105 110 151 0.014619624
846 697 109 71 0.0146152
720 445 87 122 0.014586262
0 470 50 135 0.014564156
43 97 174 233 0.014544476
1018 636 6 18 0.014516296
928 247 12 12 0.014510233
802 701 100 67 0.014485473
933 186 91 173 0.0144161
851 257 12 14 0.0143425185
1010 389 14 34 0.01430681
866 386 12 14 0.014270956
897 377 11 17 0.0142489765
0 265 144 372 0.014247209
105 3 301 342 0.014228589
283 0 148 152 0.014200318
818 259 28 39 0.014198612
261 114 217 270 0.014165903
948 126 73 112 0.014160492
0 0 31 44 0.014150051
907 149 20 21 0.014106101
249 689 116 79 0.014079741
18 47 290 384 0.013985916
854 135 36 46 0.013934658
0 358 4 10 0.0139203295
501 243 59 70 0.013864966
949 0 11 9 0.013839226
888 257 8 11 0.0138120605
905 216 14 17 0.013804698
1018 531 6 24 0.013796368
509 213 139 174 0.013790836
475 0 77 58 0.013782587
790 0 76 60 0.0137434
6 342 55 76 0.013711315
869 227 40 43 0.013683809
994 0 30 30 0.013681307
526 78 169 200 0.013656324
878 256 15 20 0.013617847
467 83 91 126 0.013609115
988 390 26 32 0.013583781
819 562 31 38 0.013583232
534 247 93 116 0.013562217
274 0 78 62 0.013543886
42 434 184 234 0.013495215
434 95 88 132 0.013480276
1011 0 13 15 0.013467816
386 0 77 60 0.013411672
26 0 81 62 0.013406451
898 626 94 81 0.013369478
344 478 204 218 0.013342236
841 162 66 84 0.013334061
684 10 142 166 0.01331831
712 82 152 198 0.01329248
838 584 13 21 0.013272634
731 511 67 75 0.013237762
879 448 134 185 0.01319581
71 477 114 149 0.013180504
19 128 94 139 0.013167107
35 552 103 140 0.013163485
430 0 78 59 0.013155305
896 139 64 77 0.013153494
742 0 77 65 0.013135463
831 633 44 50 0.013126945
0 361 5 15 0.013126386
759 700 88 68 0.013110536
830 113 16 20 0.013090311
865 374 40 26 0.013075763
866 97 73 99 0.013069224
974 400 50 96 0.0130556505
328 533 108 120 0.013054551
613 572 219 196 0.012959387
416 146 91 121 0.012934283
504 550 225 218 0.012929564
1008 331 16 35 0.012925884
878 309 17 21 0.012910696
887 23 108 138 0.012908001
1018 521 6 22 0.012899563
1016 628 8 22 0.012866761
915 157 14 17 0.012862562
480 221 101 132 0.012822187
0 363 3 10 0.012813852
852 286 15 19 0.012787873
889 85 93 124 0.0127794845
795 190 229 329 0.01277117
964 319 29 25 0.012733226
784 638 148 130 0.0127000995
501 479 178 209 0.012681763
885 258 9 14 0.012671513
879 63 73 106 0.012653788
862 296 9 11 0.0126523
17 14 98 142 0.012636936
851 268 11 13 0.01263398
887 244 19 21 0.012608599
954 603 70 106 0.012597654
932 257 10 13 0.012589548
335 93 137 181 0.01258524
962 292 9 11 0.012565474
441 727 58 41 0.01255162
905 719 69 49 0.012531858
816 579 28 29 0.012530334
893 434 74 94 0.012525667
846 263 10 9 0.012520296
1017 575 7 21 0.012468155
875 115 42 57 0.012453139
876 301 10 12 0.012442606
0 308 38 69 0.012440378
1019 538 5 22 0.012439046
124 58 178 232 0.012421909
916 307 13 13 0.012410954
945 295 79 120 0.012402247
2 338 43 50 0.012385876
110 383 52 57 0.012357094
822 727 58 41 0.012338028
851 119 29 38 0.012317311
277 233 186 234 0.012295927
988 386 36 61 0.012288757
652 0 79 64 0.012269153
796 725 60 43 0.012249986
759 0 10 9 0.012219396
604 37 150 195 0.01220153
177 30 177 219 0.012187444
1019 685 5 19 0.012185008
430 275 121 145 0.012184277
0 261 35 102 0.012175852
23 162 138 187 0.01216322
0 158 237 386 0.012160834
857 292 14 18 0.012155817
448 706 80 62 0.0121105015
544 0 74 62 0.012108125
835 194 110 148 0.012102284
1009 402 15 34 0.012093859
576 472 105 149 0.012072732
965 465 59 110 0.012064237
342 574 102 110 0.012026523
1018 507 6 20 0.012021609
338 335 235 279 0.011998311
1018 654 6 20 0.011991697
915 235 10 11 0.011989275
130 480 104 145 0.011982324
878 153 23 25 0.011974641
1018 310 6 19 0.011898399
845 123 59 75 0.011886944
55 190 156 210 0.011862821
269 20 93 135 0.011862743
302 499 153 192 0.011859789
683 639 148 129 0.011844374
876 307 9 12 0.01183386
696 539 8 9 0.011826571
442 489 107 138 0.011825826
895 309 10 13 0.011818287
282 125 142 171 0.011809794
56 347 153 196 0.011796971
867 146 39 44 0.011793869
891 315 9 15 0.011788031
891 137 27 34 0.011784924
1018 623 6 20 0.011784273
0 215 40 102 0.01178178
674 703 87 65 0.011779922
753 724 61 44 0.011779849
482 32 100 140 0.01177721
898 159 16 15 0.0117703695
875 244 19 22 0.011748114
73 0 21 15 0.011723546
998 751 26 17 0.011716004
369 618 160 150 0.011707664
0 411 24 74 0.011704653
84 0 21 15 0.0116921
670 0 11 9 0.011682029
0 0 10 13 0.0116767455
898 384 85 113 0.011675178
852 175 42 52 0.011671147
1017 403 7 19 0.011630711
879 379 12 13 0.01160566
0 124 44 110 0.011603857
0 400 10 21 0.011593983
347 0 20 15 0.011565691
540 706 86 62 0.0115618
461 621 161 147 0.011557207
169 473 179 225 0.011553483
0 355 119 197 0.011543465
762 393 262 350 0.011528114
575 728 58 40 0.011526789
968 442 12 16 0.011496232
123 0 21 15 0.011486411
867 382 18 18 0.011485434
850 0 20 14 0.011484283
665 726 59 42 0.01145796
863 147 10 13 0.011455822
182 0 78 63 0.011453005
96 0 20 15 0.011447324
1019 693 5 19 0.011429343
988 77 36 74 0.011429279
819 574 10 11 0.011414925
770 7 149 177 0.011412847
384 537 110 124 0.011391144
912 637 60 54 0.011385513
336 0 20 15 0.011380622
511 726 56 42 0.011370733
105 527 103 144 0.011351564
900 169 17 23 0.011343973
367 657 13 17 0.011339016
822 565 17 18 0.011323969
23 200 89 126 0.011322897
700 0 76 61 0.011304423
112 147 124 152 0.011297348
815 257 9 14 0.01129281
134 0 21 15 0.011285884
696 419 87 121 0.011285812
235 171 274 359 0.011257622
892 149 16 19 0.011256843
973 559 51 92 0.011253027
991 148 33 60 0.011247164
892 172 27 37 0.011245994
1017 616 7 20 0.011237729
867 209 43 34 0.011228588
859 181 68 95 0.011221326
998 396 17 18 0.011215687
0 747 22 21 0.011211041
495 79 263 324 0.011200694
324 0 21 15 0.011196516
62 0 21 16 0.0111951325
926 244 11 11 0.011193333
135 573 167 195 0.0111871185
241 160 149 184 0.01116789
1019 663 5 18 0.011163968
865 74 60 86 0.011162449
861 126 12 16 0.011158211
777 95 139 181 0.011138579
269 113 89 130 0.011136596
706 723 61 45 0.011130282
1019 675 5 19 0.011118398
63 48 136 169 0.011096825
40 84 97 139 0.011090395
664 145 112 138 0.0110898875
308 0 20 15 0.011082724
910 153 13 14 0.011076104
17 457 111 134 0.0110725565
381 639 87 106 0.011069076
754 0 20 14 0.011050814
0 345 6 12 0.011042602
770 0 66 50 0.011037724
601 171 145 178 0.011033183
459 0 20 15 0.01102642
1004 369 20 47 0.011013943
977 517 47 88 0.011004765
890 81 50 70 0.011002974
0 0 20 27 0.0109981345
456 420 182 219 0.010984371
726 410 139 182 0.010975528
87 519 173 210 0.01097063
0 332 20 40 0.010968627
342 287 117 145 0.010956973
472 455 105 141 0.010953257
35 307 291 373 0.010946117
397 0 20 15 0.010938546
1019 514 5 20 0.010936818
817 585 17 19 0.010922916
0 79 44 111 0.010921507
970 243 54 94 0.010921282
975 86 49 104 0.010916749
33 0 22 15 0.010908887
681 155 146 192 0.010903966
1018 302 6 21 0.010903742
288 62 94 140 0.010899962
380 0 21 15 0.010897981
866 127 24 27 0.010893981
854 24 82 121 0.010892098
839 721 68 47 0.0108906925
106 0 21 15 0.010887424
831 622 67 78 0.010869143
431 0 19 14 0.010868281
817 214 83 103 0.010862737
994 0 21 15 0.0108624725
414 0 64 49 0.010844891
625 611 86 112 0.010843077
393 291 101 124 0.010831977
847 278 15 15 0.010830841
851 2 79 85 0.010817543
858 123 13 14 0.010815708
1021 536 3 16 0.010814384
460 307 155 203 0.010813761
564 0 20 15 0.010813441
90 390 174 217 0.010809115
396 483 100 124 0.01078275
63 129 95 140 0.010781347
849 250 12 18 0.010778773
1005 584 19 45 0.010777064
556 180 132 171 0.01077494
1016 587 8 25 0.010765261
317 331 90 111 0.010748457
358 0 21 15 0.010744912
63 598 97 134 0.0107363
393 586 98 110 0.01073507
887 311 15 21 0.010733757
641 214 147 183 0.010731761
712 621 92 105 0.0107292915
160 148 119 146 0.0107255485
944 286 14 18 0.010724294
152 525 100 146 0.010716547
0 497 3 9 0.01071421
0 754 14 14 0.010704182
855 375 44 49 0.010689962
353 253 98 117 0.010669582
961 350 52 65 0.01066585
731 724 60 44 0.01066446
880 260 16 25 0.01064673
910 160 9 12 0.010645622
695 543 27 27 0.010636771
666 0 19 15 0.010635392
875 150 13 16 0.010629747
696 357 137 194 0.010623645
850 256 19 23 0.010622277
1020 529 4 18 0.010616658
883 144 25 29 0.010614213
901 523 97 124 0.010610382
848 241 15 21 0.010607903
982 459 42 69 0.010606586
297 238 118 143 0.010601661
923 483 89 113 0.010599188
855 275 11 13 0.010591435
883 0 66 48 0.01058861
1020 578 4 15 0.0105823865
488 727 56 41 0.010576664
922 303 10 15 0.0105727315
885 243 42 53 0.010569792
860 171 20 25 0.010557423
974 202 50 93 0.010546621
291 313 136 176 0.010534078
1017 390 7 20 0.010529281
211 566 171 202 0.0105286
923 386 36 21 0.010528013
1019 548 5 19 0.010527365
362 703 84 65 0.010526468
673 102 253 331 0.010508531
1020 634 4 14 0.010508275
778 543 146 179 0.010505622
622 726 57 42 0.010503552
130 438 100 124 0.010500256
865 728 60 40 0.010492864
935 260 8 11 0.010478175
745 12 73 107 0.010475071
863 289 8 12 0.010460325
891 250 8 11 0.010460016
562 641 136 127 0.010456861
882 279 125 177 0.010453037
886 248 8 11 0.010452957
302 571 130 161 0.0104398085
337 468 91 119 0.010436866
1018 418 6 18 0.010429276
848 258 9 11 0.010422603
644 71 154 202 0.010422589
619 253 100 118 0.010415607
673 329 84 103 0.0104108015
1020 405 4 15 0.010406579
837 63 72 101 0.0104037
976 391 29 32 0.010402753
760 454 96 119 0.010393677
535 150 77 109 0.010391663
921 544 59 70 0.010389034
881 141 115 160 0.01037234
850 284 13 16 0.010370548
468 530 105 133 0.010367
418 560 99 118 0.010358837
45 0 21 15 0.010353696
1020 738 4 18 0.010341378
274 327 85 108 0.010333478
1020 512 4 15 0.010322337
978 14 46 90 0.010321382
470 0 20 15 0.010307165
1018 294 6 20 0.010297123
450 248 84 99 0.010294309
0 333 10 27 0.010289373
369 0 21 15 0.0102793835
370 0 65 49 0.010270425
883 0 20 15 0.010266275
1019 650 5 14 0.010244093
409 0 20 14 0.010243422
324 0 66 49 0.010241925
983 394 14 20 0.010240397
1020 473 4 16 0.0102364775
168 0 21 15 0.010233554
23 0 21 15 0.010225991
577 252 94 115 0.01022392
146 0 20 15 0.0102163395
495 282 80 97 0.010209563
1021 476 3 12 0.010203108
892 170 10 10 0.010202754
837 399 129 173 0.010197275
958 184 7 11 0.010176756
474 406 94 107 0.0101765515
856 624 83 90 0.010175864
889 216 14 16 0.0101662
0 178 34 89 0.010151409
924 247 12 13 0.0101446705
157 0 21 15 0.010139333
1018 488 6 21 0.010137369
959 303 56 63 0.010129824
0 327 6 14 0.010124399
171 623 103 134 0.01012164
0 373 13 27 0.010120513
9 0 67 52 0.010116571
821 0 55 41 0.010115541
1019 706 5 18 0.010111503
274 48 156 195 0.010104647
492 0 20 14 0.0101039065
0 496 6 16 0.01009908
779 547 15 17 0.010098377
776 447 142 183 0.010096325
865 0 55 40 0.010094843
893 195 41 53 0.010090937
1021 691 3 14 0.010087968
264 246 101 125 0.010087728
511 604 91 115 0.010085183
628 16 92 138 0.010081472
826 490 143 188 0.010076704
503 0 65 47 0.010067492
827 107 30 37 0.010066265
720 1 35 46 0.010053042
907 423 52 62 0.010051001
0 255 24 67 0.010044479
519 138 51 91 0.01004239
736 604 87 97 0.010029993
601 317 14 16 0.010028908
1012 423 12 30 0.010028839
899 381 14 14 0.010024698
947 423 71 99 0.010018893
920 667 53 67 0.010018195
101 0 66 49 0.010017524
24 608 81 109 0.010005861
990 169 34 63 0.010002487