28_Sports_Fan_Sports_Fan_28_2
2179
623 225 151 175 0.87113714
215 336 118 136 0.74860525
16 289 10 10 0.22257942
950 495 14 20 0.19187981
15 287 8 9 0.1501929
397 412 16 20 0.14964584
18 287 9 9 0.11469406
1013 472 8 9 0.1011593
949 496 19 31 0.088764004
74 318 10 11 0.080773145
57 334 10 12 0.078349054
13 291 12 12 0.06996455
200 355 158 221 0.06357204
915 485 15 22 0.061337423
945 497 16 24 0.06010024
90 322 9 11 0.05889639
946 242 78 142 0.057531055
55 387 11 12 0.056528587
530 398 10 12 0.05463233
927 497 22 29 0.050734326
11 289 9 10 0.048779313
399 418 11 13 0.048757706
387 293 10 12 0.048753165
525 436 14 17 0.048721716
1020 505 4 14 0.048721455
263 330 126 148 0.047508486
234 375 114 135 0.046852354
124 299 8 11 0.046191823
482 373 7 10 0.04607143
20 284 8 10 0.04595324
498 389 10 12 0.04589735
376 381 12 19 0.04532579
59 331 10 13 0.044817336
30 333 13 17 0.044482857
814 147 133 141 0.044039007
525 401 10 10 0.0433239
112 349 8 10 0.042915843
1011 473 7 9 0.04223227
549 363 7 9 0.041741665
240 375 179 232 0.041533347
953 489 17 24 0.041498374
62 320 9 11 0.04144139
531 392 10 13 0.04121566
1 623 62 53 0.04061895
0 307 4 9 0.039843354
73 280 8 10 0.03969946
22 280 8 11 0.0393445
102 359 7 9 0.039199933
124 368 8 11 0.038495123
786 67 192 207 0.038163196
956 456 7 9 0.03796963
420 412 10 12 0.037846882
511 455 11 13 0.03779006
989 482 13 14 0.03769671
413 394 8 9 0.03733993
980 467 10 13 0.037084382
6 301 9 10 0.037056923
117 367 11 11 0.036962744
1012 469 12 17 0.036925197
129 334 7 9 0.03665232
945 489 14 23 0.036611672
79 455 9 11 0.03649569
572 397 79 94 0.036349576
16 286 15 16 0.03612515
56 338 8 10 0.03569675
295 373 105 125 0.035394464
123 421 17 22 0.035063226
3 298 38 58 0.034958366
957 477 14 14 0.03466953
0 277 8 12 0.034658294
954 479 16 24 0.03452122
402 407 17 21 0.03426105
1 615 78 106 0.033765253
1014 167 8 12 0.033742964
941 527 21 36 0.033572357
920 481 12 19 0.03349047
540 440 9 11 0.033459783
220 281 190 230 0.0332998
922 476 21 32 0.032911938
53 331 13 17 0.032715164
925 472 9 9 0.03262581
699 216 160 184 0.032390483
853 502 171 266 0.03238327
953 502 25 31 0.032238156
122 299 7 9 0.031852487
1016 474 8 9 0.031657077
430 402 11 11 0.031559203
1022 505 2 9 0.031486444
478 404 8 10 0.03146941
60 305 7 9 0.031384908
359 385 82 114 0.031298384
625 279 168 201 0.031293407
977 220 47 115 0.031035572
298 306 99 129 0.031014778
119 339 8 10 0.030839324
9 312 7 9 0.030551398
419 440 20 37 0.030428179
1004 412 16 15 0.030297594
922 679 102 89 0.030245464
21 288 9 10 0.030207053
119 420 14 19 0.030139824
0 313 9 14 0.030095223
441 453 29 29 0.030051298
892 478 39 46 0.02976943
468 396 8 9 0.029728273
10 286 8 10 0.029710744
0 309 7 13 0.029698694
129 349 7 10 0.02967394
304 413 103 130 0.029646255
943 86 29 25 0.029594272
628 120 160 238 0.02904263
148 331 166 208 0.028842548
9 307 10 13 0.028812986
534 394 9 14 0.028654443
521 381 8 11 0.02861367
876 556 98 91 0.02852009
375 292 9 11 0.028511655
522 403 8 9 0.02826559
120 369 13 16 0.028243147
937 161 87 154 0.028150331
0 401 17 31 0.027934149
77 336 7 9 0.02791226
908 477 24 34 0.027774375
939 87 20 20 0.027713843
57 322 11 14 0.027560132
524 427 17 23 0.027478283
140 334 117 139 0.027417177
866 158 141 186 0.027367918
0 0 81 102 0.027362151
0 520 149 248 0.027345372
325 361 125 168 0.027338952
74 292 8 10 0.027337989
484 41 103 148 0.02731787
469 469 15 17 0.027229356
50 328 9 10 0.02720637
138 291 9 12 0.027181389
542 403 7 9 0.027161708
194 217 157 212 0.027112631
975 467 11 14 0.027075319
426 359 8 10 0.027066227
260 390 78 89 0.026962416
0 0 150 202 0.026937481
396 296 9 11 0.026728129
12 281 11 14 0.026727116
841 0 183 205 0.026637146
953 499 9 13 0.026615322
944 510 21 40 0.026571713
495 400 6 9 0.02656091
253 318 89 115 0.026532562
916 487 21 29 0.02651789
10 405 14 17 0.026498642
106 313 7 9 0.02648873
929 484 21 32 0.0264084
0 287 6 10 0.026341455
626 319 103 106 0.026265753
0 104 5 13 0.026105888
477 471 11 16 0.026093412
1004 475 8 10 0.026038703
379 291 11 12 0.025976151
528 370 7 9 0.025891706
3 287 7 10 0.025812332
389 291 8 9 0.025777446
103 362 8 9 0.025761481
19 623 48 33 0.025693981
536 374 7 9 0.025638754
0 282 9 13 0.025621824
95 345 9 12 0.025614567
1003 458 8 10 0.025605774
119 329 7 9 0.025588058
126 419 22 27 0.025553577
909 0 115 104 0.02549209
1006 472 8 11 0.025485074
8 304 8 9 0.025465721
1000 519 9 11 0.025373785
747 447 10 13 0.025337873
514 454 8 9 0.025237055
1009 504 11 14 0.02522868
1 393 33 52 0.025213955
390 296 12 12 0.02519515
1017 502 7 20 0.025192138
521 439 13 14 0.025127726
545 362 9 11 0.02511148
53 191 68 92 0.025104195
561 389 64 74 0.025048465
442 440 30 33 0.0249896
0 658 85 110 0.024891669
5 324 38 56 0.024586536
216 150 12 11 0.024580937
3 315 8 10 0.02453623
941 485 73 98 0.024512952
124 346 10 11 0.024453454
107 280 7 9 0.024445439
64 319 13 15 0.024415527
893 77 131 222 0.024339952
954 501 11 17 0.024186328
60 338 9 10 0.024180965
1014 151 10 31 0.024178166
119 336 8 9 0.024161473
547 398 23 37 0.02409689
956 496 21 23 0.023998883
0 290 5 9 0.02392692
677 276 114 131 0.023897639
132 334 10 11 0.023880027
493 390 8 9 0.02387133
597 640 13 20 0.023806453
2 261 38 63 0.023793055
535 450 11 14 0.02376395
1018 468 6 12 0.023757363
68 317 11 13 0.023668725
37 291 8 10 0.023621667
391 404 25 33 0.023563141
0 502 82 134 0.023542156
17 274 11 14 0.023522014
430 427 35 43 0.023488088
120 342 8 10 0.023486901
506 402 8 10 0.023483278
891 459 133 205 0.023476474
426 389 9 10 0.023472037
497 389 7 9 0.023421403
471 222 134 189 0.023350677
1021 466 3 10 0.023287565
487 504 260 264 0.02326857
408 427 31 43 0.023222806
568 708 17 24 0.023218818
53 281 8 11 0.023149824
851 94 173 342 0.023135917
8 254 66 105 0.023134675
524 396 16 16 0.023109777
378 290 16 18 0.023091378
466 398 9 10 0.023055678
17 277 16 19 0.023053288
937 74 9 10 0.022852294
118 391 13 17 0.02284663
948 499 11 15 0.022814715
512 385 8 10 0.02280933
514 457 13 14 0.022736885
983 465 9 9 0.022729296
581 381 49 62 0.022716433
745 117 176 196 0.022675384
137 308 7 9 0.02266439
542 398 7 11 0.022653298
1017 477 7 10 0.02262396
1002 506 8 10 0.02258199
482 377 7 9 0.022515299
452 461 23 26 0.022513833
903 510 79 95 0.022469915
1022 509 2 11 0.022452867
13 163 147 204 0.022452014
76 322 9 12 0.02239265
9 282 7 9 0.022369867
527 443 10 11 0.02235675
412 389 8 10 0.022354888
0 309 17 33 0.022329748
932 82 35 24 0.02231799
642 0 155 114 0.022293396
0 0 51 68 0.0222861
12 659 151 109 0.022269243
2 301 10 13 0.0222433
122 371 15 20 0.022205818
25 283 8 11 0.022167431
922 485 14 20 0.022164753
991 446 33 56 0.022086969
536 399 9 12 0.022082113
544 332 172 215 0.022080746
408 440 70 98 0.022064624
5 302 11 15 0.021978134
978 467 9 9 0.021977684
135 292 7 10 0.021957828
484 55 7 9 0.021946028
922 471 12 17 0.021940365
440 397 8 9 0.021913689
930 479 16 22 0.021809304
95 370 9 9 0.021807868
948 485 13 20 0.021755032
436 463 28 28 0.02174831
247 410 74 90 0.021738555
998 516 10 10 0.021705076
0 692 54 76 0.021677053
374 704 24 40 0.021675508
450 432 26 33 0.021672731
0 305 10 15 0.021637375
525 393 8 9 0.021633303
497 395 9 11 0.021631695
95 355 12 14 0.021600198
103 356 7 10 0.021549633
545 381 24 44 0.021524489
503 406 9 11 0.021508396
528 439 9 12 0.021453047
94 323 8 10 0.021427313
0 302 7 14 0.021420613
476 552 11 14 0.021375764
420 310 7 9 0.021347202
952 93 19 22 0.021324381
227 302 86 122 0.021307642
25 280 7 9 0.021298505
1003 473 7 10 0.021290023
458 442 19 34 0.02125499
428 444 36 41 0.021253884
18 282 8 10 0.021183556
1011 432 9 10 0.021174386
7 288 7 9 0.02114539
4 279 8 10 0.021145381
7 314 7 10 0.021125944
77 316 7 9 0.021112317
7 297 10 12 0.021112118
45 352 8 9 0.02110154
310 130 86 100 0.021100605
85 289 8 9 0.02105082
471 394 7 10 0.021032495
145 301 8 10 0.021018874
385 291 9 10 0.021005327
599 348 91 104 0.020996086
9 300 11 14 0.020993678
948 507 15 24 0.020986756
515 464 17 18 0.020984909
533 436 15 15 0.020958968
232 647 166 121 0.020949775
507 339 7 9 0.020944174
412 404 16 21 0.020906173
534 389 9 10 0.020903321
531 337 7 9 0.02087907
52 330 10 11 0.020840032
1012 467 10 12 0.020832391
931 482 7 9 0.020775527
15 336 158 220 0.020774158
34 282 10 11 0.020763764
0 328 5 13 0.020733234
923 290 101 203 0.02072661
738 188 134 156 0.020711694
116 349 11 12 0.020696625
468 381 6 9 0.020677844
239 0 154 114 0.020666141
987 218 37 66 0.020661525
274 357 60 67 0.020643337
424 412 8 9 0.020634072
90 354 19 21 0.020632945
430 165 154 213 0.020621618
476 377 9 10 0.020620162
503 631 149 137 0.020619044
520 443 12 14 0.020606564
974 284 50 112 0.020594893
7 403 22 32 0.020571683
377 374 19 25 0.020565104
563 379 49 56 0.020549126
925 64 98 130 0.020544637
119 332 11 14 0.020536408
331 339 62 79 0.020489495
476 64 139 211 0.020460404
526 393 12 14 0.020432377
146 0 155 112 0.020392347
399 416 21 27 0.020392055
159 175 239 312 0.020389745
115 371 17 21 0.020363666
0 277 4 9 0.020359099
253 460 109 136 0.020339334
503 472 8 10 0.020313213
61 307 8 10 0.020298403
266 288 254 323 0.020293199
405 130 82 106 0.020288995
132 10 270 355 0.020240763
55 0 160 114 0.020137103
546 366 8 10 0.020122072
9 296 72 109 0.020109447
96 352 8 9 0.02009996
2 423 84 140 0.020097194
373 290 14 17 0.020088617
353 346 48 61 0.020046176
760 653 163 115 0.020039123
939 481 18 25 0.020029087
97 354 8 10 0.020025173
0 620 43 39 0.020011615
428 407 13 15 0.019980518
939 524 46 60 0.019969033
66 261 7 9 0.019959265
0 472 50 132 0.019955672
0 288 8 13 0.019935384
139 533 281 235 0.019883469
985 481 13 13 0.019867191
508 454 7 9 0.019862166
118 379 15 24 0.019853497
7 291 9 10 0.019843329
36 0 293 212 0.019800166
21 274 11 14 0.01976431
1009 128 15 45 0.019760368
99 356 12 15 0.019752253
502 400 8 10 0.019743966
949 502 38 45 0.01973786
382 382 36 49 0.019733792
16 252 152 212 0.01971256
421 450 23 34 0.0196735
417 411 10 11 0.019650806
946 485 8 10 0.019631697
531 440 12 12 0.01962553
78 451 14 17 0.019600248
0 202 229 336 0.019570665
384 289 15 14 0.019570109
1007 427 17 30 0.019544072
36 335 9 12 0.019538632
445 35 229 317 0.019520605
111 306 7 9 0.019512223
933 517 22 40 0.019505426
423 430 20 37 0.019493397
811 186 147 178 0.01943293
4 404 15 17 0.019411713
274 235 145 192 0.019406728
974 447 7 10 0.019371044
448 386 9 11 0.019357868
717 3 192 218 0.019357646
591 270 126 142 0.019355366
533 372 8 10 0.019351155
560 95 170 235 0.019328639
126 333 7 9 0.019327404
19 292 10 12 0.019320179
453 355 8 10 0.019319838
176 262 112 146 0.019244257
95 342 7 9 0.019228743
929 519 84 103 0.019227628
351 415 166 228 0.019214826
1009 565 15 36 0.019212136
666 516 278 252 0.01921198
513 698 90 70 0.019207029
999 122 25 60 0.019201692
0 211 46 76 0.019174712
84 339 9 12 0.019168096
688 165 117 155 0.019141959
409 354 7 9 0.019115642
524 442 16 18 0.019106725
956 453 7 9 0.019062217
92 336 248 320 0.019051468
1021 502 3 12 0.019035578
522 217 147 189 0.019018108
73 326 12 15 0.019002065
544 0 158 115 0.01899571
0 21 225 341 0.018992595
94 347 12 15 0.018983386
589 0 174 189 0.01893478
498 0 156 163 0.018925026
198 358 76 91 0.018894013
508 404 8 10 0.018893007
528 432 175 227 0.018891046
4 309 13 15 0.018891038
24 329 17 20 0.018874638
118 417 10 18 0.018873123
495 363 7 9 0.018870687
726 0 156 109 0.018847961
625 567 96 136 0.0188319
495 326 8 9 0.01881379
4 380 82 126 0.018769588
499 391 13 15 0.018743906
405 397 71 103 0.018727263
300 462 107 130 0.018700939
221 402 70 67 0.018699111
317 524 253 244 0.018688105
62 224 46 69 0.018683925
484 470 16 21 0.018667853
0 356 242 342 0.01866066
670 640 186 128 0.01864547
22 308 38 53 0.01861054
0 302 4 11 0.018610282
22 276 7 9 0.018607052
957 485 22 26 0.018606301
16 294 11 14 0.018585397
391 292 12 11 0.018569205
494 1 96 115 0.018565161
37 331 12 18 0.018534163
413 413 13 16 0.018508993
0 108 3 9 0.01849698
32 206 70 101 0.018489946
327 285 131 187 0.018479254
75 326 7 9 0.018471606
406 351 75 112 0.018459598
534 401 71 84 0.01844827
559 428 94 101 0.018429637
514 409 8 9 0.018416641
3 291 10 10 0.01841026
114 400 37 49 0.018407565
119 393 144 189 0.018399505
8 342 78 113 0.018377291
56 302 11 13 0.01836844
137 319 7 9 0.018348116
262 112 118 134 0.018344516
607 0 131 91 0.018323941
1 326 17 31 0.01831136
383 294 11 11 0.018286252
6 280 19 22 0.018274138
1006 469 7 10 0.018267939
1020 472 4 9 0.018251989
1 199 72 105 0.018232912
923 426 101 161 0.018206524
520 367 7 9 0.018205252
67 225 7 9 0.018201083
947 406 77 116 0.018187946
388 415 36 50 0.018152343
453 339 7 10 0.018144397
16 371 11 12 0.018108748
203 0 131 91 0.018106414
216 0 284 204 0.018095626
117 344 11 12 0.0180584
1008 548 16 35 0.01804812
480 369 8 11 0.018034961
55 338 13 16 0.018026713
667 84 177 227 0.018013291
529 371 9 12 0.017998176
238 42 159 186 0.017995907
2 314 12 14 0.017990626
466 548 21 22 0.017990092
45 233 44 65 0.017989768
889 151 85 117 0.017978266
533 443 16 20 0.017948773
212 690 118 78 0.01792637
108 327 7 9 0.017890496
536 378 8 10 0.017882774
5 283 14 15 0.017879713
9 314 11 14 0.017877543
462 460 21 29 0.017856373
534 352 99 125 0.017842947
884 475 58 76 0.01782858
545 375 6 9 0.017821554
514 448 14 18 0.017816706
52 384 11 14 0.01778395
907 270 99 136 0.017778143
118 411 17 23 0.017776113
0 281 55 90 0.01776103
118 333 7 10 0.01775181
425 464 40 45 0.017748635
379 297 12 12 0.01774722
192 463 159 199 0.017742526
332 257 8 9 0.017712573
220 429 261 318 0.017710906
545 359 14 16 0.017688368
528 0 106 77 0.01767958
326 104 7 9 0.017669657
0 389 13 30 0.01766597
20 0 133 97 0.017660998
118 276 7 10 0.017660094
111 315 9 10 0.01764316
598 638 11 13 0.017624948
946 481 29 38 0.017596656
92 354 8 10 0.017577568
993 469 7 9 0.017553812
0 408 21 42 0.017535934
353 307 88 124 0.01753313
421 303 58 77 0.017532751
59 380 12 14 0.017520223
468 348 157 214 0.017503915
47 345 81 106 0.01748739
324 463 19 23 0.017469889
71 192 81 111 0.0174637
110 348 7 10 0.017462509
499 326 8 9 0.01745709
998 518 14 17 0.017453792
529 403 8 9 0.017450303
540 401 6 9 0.017449291
686 57 18 17 0.0174284
1011 124 13 26 0.017420286
67 289 8 9 0.017418329
763 155 113 134 0.017410895
274 251 12 13 0.01739314
359 464 93 117 0.017388746
107 229 7 9 0.017382022
0 312 4 11 0.017353706
15 233 46 66 0.017325806
33 276 7 9 0.017302606
121 297 14 16 0.017301401
613 584 196 184 0.01728319
473 434 157 229 0.017274424
899 77 104 75 0.017270103
261 422 86 108 0.017233958
943 504 15 23 0.017222095
550 366 9 10 0.01721994
423 308 8 10 0.0172035
148 653 159 115 0.017198393
957 479 8 10 0.017196711
531 387 8 10 0.017193832
415 407 8 10 0.017182587
89 315 11 14 0.017176637
497 399 8 10 0.017156387
385 409 22 27 0.017154993
137 303 94 122 0.017118128
383 323 117 174 0.017099533
410 447 24 35 0.017077086
835 688 115 80 0.0170731
285 130 136 179 0.017067341
420 482 14 13 0.017066475
703 0 109 75 0.01706121
14 312 7 10 0.017053623
72 321 10 12 0.01704249
3 344 39 60 0.017031685
510 453 8 11 0.017030707
503 357 73 105 0.017027054
525 405 9 10 0.017024321
469 474 17 21 0.017021718
386 128 138 181 0.017017184
8 307 6 10 0.017011547
488 451 9 9 0.017010225
923 477 13 19 0.016990699
1023 488 1 9 0.016970955
447 443 34 44 0.016963001
182 0 173 183 0.016957086
846 0 24 20 0.016921135
19 438 141 201 0.01691534
940 537 12 21 0.016885275
91 356 11 14 0.01684915
109 352 7 10 0.016833404
594 212 84 132 0.016830198
538 437 15 18 0.016814588
520 79 104 137 0.016810048
391 230 136 194 0.016800355
8 340 12 14 0.01679036
108 307 8 11 0.01676013
911 482 30 45 0.016755626
317 206 11 11 0.016754072
48 405 17 12 0.016753068
126 0 109 74 0.01674764
267 596 192 172 0.01670136
539 396 11 16 0.016701253
441 385 8 10 0.016688764
127 347 11 14 0.016676057
420 307 9 10 0.016671477
391 355 19 38 0.01664145
0 239 86 230 0.016637595
2 136 8 9 0.01662987
414 396 9 11 0.016603237
970 509 25 28 0.016588768
377 296 10 11 0.016588623
824 203 102 109 0.016581628
489 397 8 10 0.016578963
46 323 9 11 0.016561111
1010 470 7 9 0.01655742
340 301 71 97 0.016555129
435 265 126 186 0.016552903
824 0 149 103 0.016545288
93 289 7 9 0.016540712
91 326 7 10 0.016535277
73 695 113 73 0.016532047
0 57 95 150 0.016524175
834 175 87 95 0.0165109
92 364 15 18 0.016500158
943 483 11 16 0.016499132
496 349 8 10 0.016479725
409 308 80 117 0.016416699
236 183 149 206 0.016409466
850 536 136 151 0.016398683
569 0 109 74 0.016398186
813 255 148 184 0.016391391
435 292 242 337 0.016389847
0 256 5 10 0.016389081
63 602 16 23 0.016370047
488 467 23 27 0.01634761
990 476 14 16 0.016336253
834 128 13 14 0.016332757
129 346 7 9 0.01632518
321 456 21 21 0.016323548
514 446 11 14 0.016311519
462 435 16 27 0.016308475
113 369 14 16 0.016303634
287 412 84 97 0.016298106
307 258 96 129 0.016291318
542 394 7 10 0.016289208
1012 476 10 13 0.01628487
508 457 18 22 0.016279092
957 499 13 15 0.016278937
892 455 44 53 0.016278371
31 289 9 10 0.016253259
0 411 39 64 0.016248863
1003 417 15 17 0.016239507
374 291 8 10 0.016205722
475 372 8 11 0.016200542
74 334 11 14 0.016196674
320 34 255 342 0.016180499
493 300 81 117 0.01617649
817 624 162 144 0.016173895
129 339 9 12 0.016165113
46 327 10 14 0.016127443
449 401 10 12 0.016115611
16 260 42 59 0.016114678
538 372 8 10 0.016113862
450 395 8 10 0.016113238
0 385 5 11 0.016111623
141 168 154 203 0.016108958
888 0 101 69 0.016108872
331 386 52 69 0.016104165
493 394 8 11 0.016103018
1002 501 11 12 0.016101114
75 224 6 9 0.016098069
924 561 95 119 0.01608689
906 457 82 107 0.016086787
13 295 7 9 0.016084084
934 480 10 13 0.016083173
55 306 8 9 0.016073173
434 347 7 9 0.01606728
0 293 7 14 0.016066063
393 295 14 16 0.016060373
0 537 45 80 0.016058868
135 302 9 12 0.016058806
77 295 6 9 0.016035745
541 395 45 59 0.016030468
125 371 8 12 0.016021492
29 284 10 12 0.016010199
514 439 9 11 0.016004331
0 316 7 15 0.01599652
982 483 18 20 0.015990095
40 377 91 122 0.015983945
130 311 9 10 0.01596586
49 307 76 104 0.015944948
517 461 13 14 0.01593878
0 293 4 10 0.01593636
514 362 7 9 0.015927684
530 288 112 143 0.015914733
574 458 269 310 0.01591032
78 329 9 13 0.015907386
534 384 8 10 0.015901752
115 337 15 17 0.015899044
19 377 10 12 0.015871013
120 344 15 17 0.015842576
0 569 52 120 0.015835768
789 0 124 83 0.015810397
325 0 155 113 0.015801875
161 440 135 166 0.01579831
298 364 60 77 0.015764756
979 448 7 10 0.015741836
0 285 4 10 0.015740098
1009 430 12 14 0.015736194
566 704 27 34 0.01570223
303 0 108 75 0.015693363
123 343 8 10 0.015692433
411 392 8 10 0.015690584
147 130 12 12 0.015680887
491 399 9 11 0.015665257
528 447 10 10 0.015656149
957 458 8 10 0.01565444
425 305 8 9 0.015648864
0 84 118 203 0.01564261
503 430 9 10 0.0156362
419 406 16 19 0.015634114
66 334 13 16 0.01562741
63 412 11 12 0.015625441
113 352 7 10 0.015618756
432 276 71 97 0.015602146
751 0 105 68 0.015590774
102 285 7 10 0.015582407
1004 497 12 13 0.015582127
73 250 8 9 0.015562153
191 83 160 189 0.01554958
686 5 147 172 0.015548218
547 602 171 166 0.015546566
19 383 10 12 0.015543789
472 406 9 9 0.015542882
434 399 11 11 0.015522584
1004 469 15 19 0.01552227
521 398 13 16 0.015513131
473 403 13 16 0.015506961
541 437 7 10 0.015489898
61 314 10 12 0.015484622
498 575 91 136 0.015484345
475 391 10 12 0.015470121
975 450 8 10 0.01546107
1006 496 15 20 0.015445726
747 243 101 131 0.015430003
106 311 11 13 0.015417811
26 338 14 17 0.015404709
124 326 8 9 0.015398233
520 377 13 19 0.015390854
52 123 260 335 0.015390075
404 404 34 48 0.015384288
1011 456 10 12 0.015380407
60 132 143 195 0.015366437
964 492 22 25 0.015341183
688 489 104 145 0.015337074
44 332 11 15 0.015332294
510 430 9 10 0.015319402
973 715 51 53 0.015315301
110 309 9 12 0.0153113445
925 604 99 149 0.015297797
510 119 94 132 0.015291781
735 275 83 116 0.015258605
438 358 7 10 0.015256948
49 331 10 13 0.015251323
486 371 9 12 0.015242454
472 467 11 13 0.0152328955
366 658 155 110 0.015222904
556 341 8 9 0.015212613
125 297 8 10 0.015206377
45 253 7 10 0.015201177
423 414 10 13 0.015181006
330 258 8 10 0.015172658
976 476 12 14 0.015172187
127 199 101 131 0.01516766
69 337 8 10 0.015163836
1022 484 2 9 0.01516302
51 621 161 147 0.015136
76 319 125 166 0.015118191
30 278 10 13 0.015114532
121 350 7 9 0.0151092475
0 298 109 294 0.015106418
114 229 143 189 0.015102052
48 323 15 19 0.015097963
837 45 127 134 0.015097178
87 322 8 10 0.015094516
98 323 7 10 0.015089818
240 52 221 283 0.015089536
0 410 6 10 0.015083079
426 0 142 117 0.015076342
1021 531 3 11 0.015070059
660 182 37 40 0.015066963
0 299 3 10 0.015043254
480 391 10 12 0.015031423
640 626 103 129 0.015030037
122 338 8 9 0.015027999
446 387 8 9 0.015021507
292 691 122 77 0.015013189
551 361 9 11 0.015012708
359 390 47 59 0.015011362
532 751 20 17 0.015008757
103 336 8 9 0.015007842
126 341 9 12 0.01500509
57 328 9 13 0.015001539
130 257 93 126 0.014982065
128 692 111 76 0.014981779
950 478 16 18 0.01497444
514 381 10 12 0.014966321
521 428 27 32 0.014964289
531 436 25 30 0.014957276
536 389 18 24 0.014949021
17 321 47 63 0.014945436
0 101 4 11 0.014941569
53 390 9 9 0.014930073
94 328 8 9 0.01492782
919 121 76 136 0.014925103
1016 482 8 14 0.014922951
0 84 5 12 0.014919541
1022 485 2 11 0.014914615
955 495 9 15 0.0149109755
70 264 8 10 0.014901235
654 683 130 85 0.014900257
456 357 7 9 0.014895087
486 326 114 163 0.014892628
105 325 8 9 0.014884871
498 353 8 9 0.014880448
493 403 8 9 0.014871973
86 292 7 10 0.014868002
847 0 99 65 0.014865728
917 559 64 69 0.014860483
68 401 140 192 0.014858414
781 313 243 320 0.0148567725
486 390 8 12 0.01485637
56 391 21 22 0.014853815
403 418 14 17 0.0148508735
501 0 249 296 0.014848397
547 369 10 12 0.014835108
522 363 7 10 0.014814076
490 403 8 9 0.014784329
108 266 7 10 0.014775227
576 35 96 146 0.014765177
79 301 6 9 0.014759976
104 311 7 9 0.01475336
960 470 38 50 0.01473833
960 500 25 25 0.014735339
0 19 55 133 0.014729777
496 355 8 10 0.01472154
123 468 102 134 0.014719742
967 0 57 55 0.014719002
622 577 56 78 0.014713237
470 330 8 9 0.014701121
652 553 111 136 0.014698187
0 379 50 84 0.0146979
92 344 82 110 0.014681963
469 401 9 11 0.014674433
377 387 13 17 0.014668371
945 453 8 9 0.014663229
925 75 72 51 0.014661612
127 391 14 18 0.01465615
218 122 106 120 0.014655194
0 323 5 13 0.014653453
426 412 10 11 0.014641559
538 738 53 30 0.014639262
915 490 38 52 0.014639251
113 417 17 23 0.014636473
959 479 17 19 0.0146253295
1017 164 7 15 0.014607793
1014 529 10 25 0.014601366
502 451 16 19 0.014594573
48 260 37 54 0.0145880105
0 322 10 22 0.014572739
602 177 47 55 0.014566871
393 455 97 132 0.01454693
47 257 77 109 0.014541406
1001 469 12 15 0.014528347
450 399 8 9 0.0145165995
649 696 14 13 0.014514208
933 507 17 26 0.014513931
4 278 12 15 0.014513204
11 270 10 15 0.014505827
392 393 20 30 0.014502481
129 391 46 61 0.014491046
716 432 96 127 0.014484999
920 73 12 15 0.014484159
39 294 9 9 0.014467983
429 358 8 11 0.01446691
0 382 10 21 0.014463912
606 393 99 108 0.014462115
101 301 8 11 0.014460332
117 342 8 11 0.014452701
81 317 7 10 0.014446089
1000 504 12 14 0.014438137
974 454 8 10 0.014420384
13 306 9 13 0.014420212
610 437 105 116 0.01441789
1002 460 9 12 0.014412453
217 509 108 127 0.014404771
406 97 7 9 0.014396791
855 490 112 132 0.014394919
401 414 10 12 0.014388511
459 537 32 36 0.014378137
418 462 21 30 0.014368486
333 260 10 10 0.014364093
550 362 16 20 0.014363898
447 545 27 31 0.014359872
58 563 243 205 0.014350851
35 424 99 136 0.014336046
465 394 9 10 0.014328741
1000 511 10 10 0.014324975
514 429 7 10 0.014318766
443 359 7 9 0.014303155
372 351 42 58 0.0142871365
540 379 8 10 0.014285717
520 433 6 9 0.014273944
512 378 8 12 0.014270522
603 390 66 76 0.014266117
928 483 9 13 0.014261495
521 386 8 12 0.014252113
1002 430 9 10 0.014251397
45 250 7 9 0.014241116
1005 430 11 12 0.014232213
686 58 104 147 0.014222849
962 441 42 55 0.014221603
931 87 19 18 0.014217962
463 400 8 9 0.014215895
63 387 18 18 0.014200265
413 420 11 14 0.0141718425
1022 482 2 9 0.014169686
51 338 10 11 0.014169374
95 396 39 51 0.014166762
93 378 39 51 0.014165099
1019 511 5 10 0.014161008
11 267 8 11 0.014159684
584 395 155 187 0.014155018
920 508 43 58 0.014138021
133 295 7 9 0.014132021
78 336 10 12 0.014128709
16 309 8 12 0.014122814
997 512 21 26 0.014122285
100 352 10 13 0.014108858
118 426 17 23 0.014108566
546 374 9 11 0.014098771
522 399 8 10 0.014098459
150 55 11 13 0.014094511
1013 432 11 16 0.01409018
424 390 8 10 0.014080474
60 472 151 203 0.014079033
593 348 7 10 0.014074393
50 319 10 13 0.01407359
4 287 19 24 0.014070602
76 286 7 9 0.014064807
425 400 16 19 0.014060888
497 368 7 10 0.014054007
124 375 16 25 0.014041662
92 178 75 92 0.014040952
67 260 40 56 0.014034179
410 386 8 11 0.014033683
13 300 9 12 0.014032147
1021 489 3 13 0.01403209
208 406 103 120 0.014027073
135 282 41 57 0.014002749
0 87 54 88 0.0139928395
403 433 44 58 0.013988592
782 312 138 180 0.01398019
524 462 10 12 0.013976579
270 470 165 195 0.013969961
455 733 28 35 0.013950685
1002 515 8 10 0.013949853
506 446 18 23 0.013946866
517 431 8 10 0.013943646
1022 519 2 10 0.013942833
363 128 87 105 0.013938348
935 270 65 92 0.013934945
487 398 7 10 0.013924746
5 306 7 10 0.0139168445
455 350 75 110 0.013908878
975 465 8 10 0.013906382
993 482 9 9 0.013902436
675 331 103 99 0.013900501
69 312 10 12 0.013900294
530 394 8 10 0.013893707
85 269 7 9 0.01389013
475 376 7 10 0.013873099
172 372 74 92 0.01387285
530 91 27 29 0.013872634
1021 479 3 9 0.013854817
952 454 8 10 0.013853167
481 474 7 16 0.013839893
415 336 7 10 0.013832545
0 426 48 77 0.013831541
5 312 7 9 0.0138301095
34 241 7 10 0.013817029
638 496 104 138 0.01381661
166 196 104 130 0.013802573
639 122 254 300 0.013802417
1010 511 8 10 0.013795965
56 295 7 10 0.013788118
998 476 12 14 0.013781912
986 72 11 11 0.013781892
0 402 10 22 0.013770084
147 377 66 88 0.013765152
953 453 12 16 0.0137639735
63 308 8 10 0.013763484
332 0 231 159 0.013763472
516 406 8 11 0.01374922
5 255 8 10 0.013745453
524 368 13 17 0.013745445
443 394 8 11 0.013738689
51 284 8 9 0.013736327
1000 475 8 9 0.013723927
624 125 109 153 0.013721045
17 405 25 31 0.01371507
998 753 26 15 0.013714945
0 388 7 17 0.0137110185
33 285 7 10 0.013706333
475 476 18 23 0.013706272
619 244 86 127 0.013704383
415 483 22 25 0.013703215
494 359 7 9 0.013695716
101 334 7 9 0.013686932
56 318 9 11 0.013683248
469 683 92 85 0.013679584
405 463 44 55 0.013679213
23 377 40 54 0.013677256
988 469 11 12 0.013673243
547 460 92 97 0.013666938
452 300 83 120 0.013665604
89 253 82 117 0.013665489
71 275 7 9 0.013654454
445 391 8 9 0.013651971
121 300 6 10 0.013646774
473 50 8 10 0.013645179
48 312 36 49 0.0136418445
715 427 198 230 0.013628051
4 298 10 11 0.013627636
517 441 8 10 0.0136210425
431 406 8 10 0.013602364
475 106 91 131 0.013596354
945 535 23 32 0.013588181
268 271 84 121 0.013574414
524 389 7 11 0.013570828
400 366 11 23 0.013567565
64 392 20 23 0.013562218
384 0 124 89 0.013560935
4 239 8 9 0.013546866
502 390 9 10 0.013543297
530 450 10 11 0.013539546
823 248 101 109 0.013534259
557 420 64 74 0.013530409
147 300 8 10 0.013525398
971 477 12 14 0.013524207
584 349 21 22 0.013523178
128 314 9 12 0.01352312
507 125 147 201 0.013522556
1022 516 2 9 0.013507151
513 437 16 19 0.013501919
1012 534 12 35 0.013499925
1015 579 9 19 0.013499321
479 408 7 9 0.013488251
490 446 10 12 0.013487564
463 553 16 19 0.013470116
0 347 5 10 0.013467925
131 301 8 9 0.013462218
950 512 19 28 0.013460091
409 359 8 10 0.013452551
401 422 9 11 0.013448696
1012 509 10 11 0.013447621
37 699 95 69 0.013446943
677 341 158 196 0.013446693
510 440 8 10 0.013438812
1014 495 10 22 0.013437221
423 408 19 22 0.0134368455
460 360 7 9 0.0134359365
43 354 10 12 0.01342662
85 272 7 9 0.013401201
388 252 6 9 0.013399656
115 340 8 10 0.013397809
72 307 10 13 0.013392614
912 472 19 23 0.013391912
975 443 49 86 0.013388389
1018 416 6 13 0.013385045
500 400 14 17 0.013379835
532 249 95 130 0.013364349
464 474 16 17 0.013360113
0 218 4 10 0.013346515
930 535 21 28 0.01334386
100 76 167 210 0.013343383
86 223 52 73 0.0133424075
15 404 14 20 0.013331146
648 83 90 126 0.013323769
414 401 10 13 0.013309817
901 471 24 30 0.013307016
505 399 8 9 0.013299151
343 372 73 94 0.013299034
1005 419 17 22 0.013279575
645 133 56 80 0.013271615
996 518 11 13 0.013268157
34 276 10 13 0.013266775
401 150 49 59 0.013251253
19 631 66 65 0.013247373
506 440 7 9 0.013247036
501 449 12 15 0.013240703
397 420 14 19 0.013239691
524 445 9 10 0.01323931
817 359 141 192 0.01323865
616 429 188 232 0.013237755
92 324 12 14 0.013234252
932 477 11 13 0.01323204
107 1 149 161 0.01322591
533 376 8 10 0.013214009
576 165 110 146 0.013196387
446 396 11 14 0.013194897
65 288 7 9 0.013194738
45 274 6 10 0.013184195
352 259 7 9 0.013169029
0 272 8 12 0.013167959
201 46 92 126 0.013163091
495 383 16 21 0.013159115
100 261 7 10 0.0131556755
922 523 24 38 0.013155183
104 352 8 10 0.013154093
667 449 103 128 0.013151746
356 163 8 9 0.013139852
685 52 16 15 0.013137793
83 471 102 135 0.013136634
0 252 5 11 0.013132191
918 68 11 14 0.013131519
57 392 10 10 0.013119319
0 279 25 61 0.013115483
107 283 8 11 0.013108391
834 338 101 126 0.01310647
929 478 8 11 0.013106331
128 331 14 17 0.0130945165
0 348 9 16 0.013093103
975 481 18 21 0.013079097
1013 165 7 9 0.013067817
341 693 120 75 0.013058898
1021 517 3 13 0.013052974
70 222 128 181 0.013051262
498 447 11 10 0.013037925
249 155 66 76 0.013026441
198 596 149 172 0.013025322
423 422 13 20 0.01301993
513 555 122 184 0.013019394
936 475 28 41 0.013016578
108 283 12 18 0.01301219
85 326 10 13 0.013002481
1020 496 4 14 0.013000084
369 366 57 78 0.012998634
384 434 44 59 0.012987278
145 281 8 9 0.012984066
122 351 11 11 0.012973464
898 462 25 21 0.012973098
1010 526 8 10 0.012968173
465 447 17 28 0.012959897
496 364 8 10 0.012955955
979 509 23 26 0.012946754
0 136 11 14 0.012945113
52 324 9 12 0.012930678
342 243 78 108 0.012929176
519 403 8 10 0.01292788
0 379 18 34 0.012920542
96 331 7 9 0.012916625
53 319 8 9 0.012915394
515 365 8 10 0.012903485
304 325 60 77 0.012893418
545 369 41 63 0.012891822
116 353 11 13 0.012891774
105 286 7 10 0.0128827505
491 409 9 10 0.012881203
533 402 8 10 0.012872689
1 256 22 33 0.012871494
537 382 7 9 0.012871256
443 0 99 75 0.012858603
572 684 115 84 0.012858354
4 218 6 9 0.012856073
0 633 34 66 0.012853189
112 286 41 56 0.012851998
499 371 8 11 0.012851025
363 155 7 9 0.012850808
1000 458 8 9 0.012849618
135 350 8 12 0.012841262
53 301 9 13 0.012839663
101 209 66 92 0.0128324935
519 384 8 10 0.012828458
534 369 15 19 0.012825009
518 363 8 10 0.012817671
89 288 9 11 0.012813255
402 379 39 54 0.01280473
110 69 96 125 0.012804588
364 49 79 113 0.012803643
14 277 10 12 0.012802795
539 368 15 20 0.012798373
192 76 7 9 0.012796481
504 473 10 12 0.012792297
480 348 7 9 0.012791483
318 156 7 9 0.012790808
427 404 10 12 0.012786115
123 306 9 9 0.012785678
1005 523 10 12 0.012782103
329 167 145 199 0.012781719
61 340 10 11 0.012771645
957 119 67 129 0.012761036
948 454 66 87 0.012754057
53 335 8 9 0.012752945
0 723 27 45 0.0127504645
1018 462 6 12 0.012735256
74 217 8 10 0.01272669
421 477 46 55 0.01272423
410 396 9 9 0.012722861
929 167 51 90 0.0127187595
1013 152 8 12 0.012714783
133 317 8 10 0.012709462
396 511 94 130 0.012705833
371 385 12 17 0.012699208
1010 481 13 17 0.01269413
522 376 9 11 0.012681863
973 470 8 9 0.012679075
343 148 55 62 0.01266831
159 46 89 120 0.012662431
38 464 42 36 0.012658696
456 340 8 10 0.012650892
56 315 8 9 0.0126508
115 336 9 10 0.012650161
500 349 7 9 0.012642818
156 168 84 101 0.012640765
401 383 9 12 0.012638345
455 356 11 14 0.012636435
914 450 40 52 0.012635574
239 547 139 164 0.012623266
25 274 8 10 0.01261333
931 541 40 46 0.012613254
398 410 11 15 0.012597536
423 403 49 61 0.012595463
727 88 102 138 0.012590679
476 404 36 52 0.012587803
1012 411 12 15 0.0125872735
3 276 8 10 0.012587138
1015 167 9 21 0.012583361
929 471 7 9 0.01258324
972 459 7 9 0.0125792585
1004 449 8 9 0.012572207
416 413 7 9 0.012558235
75 143 9 9 0.012555563
385 371 20 26 0.012553013
442 398 10 11 0.012549845
534 424 37 50 0.012547355
93 287 42 55 0.01254495
81 320 8 11 0.012535345
976 443 9 10 0.012534973
38 279 7 9 0.012529491
20 280 19 22 0.012525259
28 288 9 10 0.012524957
86 99 8 9 0.012523374
1001 470 7 9 0.012521641
445 148 106 140 0.012516825
69 48 94 121 0.012516192
355 513 99 125 0.012499772
614 350 7 10 0.012494948
22 374 8 10 0.012494153
468 390 8 11 0.012488903
301 247 8 10 0.012478766
396 365 11 20 0.01247547
541 362 15 17 0.012471531
78 325 8 10 0.012471063
32 630 37 39 0.012469546
457 385 8 10 0.012467035
54 229 8 9 0.012463986
548 352 8 9 0.012462807
598 473 94 110 0.012450789
1005 144 19 52 0.012447445
881 372 134 186 0.0124473525
461 463 31 39 0.012445932
1007 506 9 11 0.012445335
27 407 9 12 0.012441335
533 448 10 11 0.012440574
802 293 98 125 0.012433801
427 443 20 29 0.012433396
302 241 10 11 0.012427199
519 440 7 9 0.012419235
341 256 7 9 0.012418157
912 493 18 28 0.012414221
70 393 12 13 0.012412058
542 363 8 10 0.012408183
10 408 9 12 0.012406878
500 652 14 13 0.01240125
992 464 8 10 0.012397116
89 317 7 9 0.012391498
957 505 14 21 0.012390709
466 365 7 9 0.012390668
544 397 18 28 0.012370873
429 400 9 10 0.012369315
909 477 15 20 0.012368529
58 33 150 187 0.012368352
441 371 7 9 0.012363198
452 69 10 15 0.01236305
903 439 62 84 0.012362837
27 508 80 107 0.012357256
64 533 81 103 0.012356005
936 82 18 21 0.012355751
512 390 7 9 0.01235125
424 387 13 16 0.012349566
902 488 24 26 0.012344545
25 0 80 72 0.01234115
629 460 7 14 0.012340732
133 289 7 9 0.012340521
943 74 10 10 0.012340097
20 220 7 9 0.012338399
349 745 45 23 0.012334035
2 274 28 35 0.0123240445
124 316 10 11 0.012322585
877 409 70 94 0.012319336
519 444 8 10 0.012317655
21 148 7 9 0.01231587
958 283 56 74 0.012315794
1005 455 9 11 0.012315534
264 689 96 79 0.012309895
69 306 9 13 0.012307761
87 254 56 76 0.012297238
3 295 15 18 0.01227925
499 360 8 9 0.01227811
387 298 8 9 0.012275792
52 279 13 17 0.0122754965
417 387 7 10 0.012271348
478 371 14 17 0.012270259
105 726 53 42 0.012267479
1015 513 9 23 0.01226722
268 102 7 9 0.012262967
108 316 9 12 0.012258653
552 354 8 11 0.012250057
1008 522 15 18 0.012250054
1020 525 4 13 0.012246082
1021 534 3 11 0.0122399945
19 299 10 12 0.012239207
445 473 17 19 0.012236915
523 418 16 23 0.012222441
500 453 8 10 0.0122184735
20 274 7 9 0.012209794
307 49 9 9 0.012207847
495 471 24 29 0.012202721
387 215 81 110 0.012199901
589 350 8 9 0.012186268
743 326 78 103 0.012181229
469 338 7 9 0.012170077
472 398 8 11 0.012169008
292 204 12 16 0.012168453
126 266 64 87 0.012164597
209 149 17 13 0.012164286
623 40 95 146 0.012161366
775 561 49 69 0.012159485
456 389 7 9 0.012156583
531 377 10 13 0.012149499
308 46 89 127 0.012148493
52 228 8 9 0.01214391
421 394 7 9 0.012140782
105 389 58 76 0.012136983
76 0 75 70 0.012136342
511 373 7 10 0.012130289
96 311 9 12 0.012128687
1011 462 9 11 0.012127704
548 409 14 24 0.012117555
301 253 11 11 0.012114192
132 333 7 9 0.0121113
759 335 95 123 0.01211054
505 353 8 9 0.012109809
974 455 18 23 0.012109202
1008 454 16 20 0.012108454
127 337 14 18 0.012103695
114 278 7 10 0.01209833
405 395 19 26 0.012094416
528 355 7 10 0.012076487
111 302 9 11 0.012069547
83 343 10 13 0.012060731
466 339 7 9 0.012057808
458 400 8 9 0.012057432
970 0 36 39 0.012051864
111 392 17 20 0.012049736
689 0 18 14 0.012044188
1017 529 7 15 0.012037796
451 472 21 21 0.01203255
1014 561 10 22 0.0120286625
608 540 90 116 0.0120210815
0 0 10 13 0.012019843
60 382 19 18 0.012009332
34 328 11 17 0.012008941
21 346 41 55 0.01200672
495 352 7 10 0.012006446
841 433 113 148 0.012004404
0 229 5 12 0.012001571
132 309 8 9 0.011995545
517 435 8 11 0.011987764
53 57 11 13 0.011984192
355 262 8 10 0.011980401
505 387 9 10 0.011976896
309 356 42 58 0.01196755
688 550 134 156 0.011961634
91 223 7 9 0.011957072
102 306 9 12 0.01195278
0 670 5 12 0.011951037
434 445 24 25 0.011946473
466 428 17 30 0.01194503
8 99 7 9 0.0119447205
995 483 12 15 0.011942755
465 383 10 13 0.011941991
802 376 99 128 0.01194155
111 367 27 33 0.0119346585
408 243 83 118 0.0119324345
143 289 7 9 0.011930321
940 76 9 10 0.011925186
102 279 7 10 0.011924612
0 380 5 12 0.011923099
539 368 9 11 0.01192143
615 368 59 68 0.01191988
141 292 8 10 0.011918493
112 281 7 10 0.011912181
522 406 7 9 0.011910884
6 317 10 14 0.011901521
168 123 110 131 0.011899609
32 341 9 11 0.011898568
48 391 17 20 0.01189816
132 351 7 9 0.011897461
454 342 7 10 0.0118936775
440 389 8 10 0.011890484
55 0 66 61 0.011889387
510 426 9 10 0.011888263
0 331 6 15 0.011879095
49 289 37 53 0.011877966
1020 462 4 11 0.011877435
402 264 6 9 0.011875948
605 75 87 130 0.011873882
342 253 7 9 0.011872393
1004 462 11 12 0.011866251
105 356 9 11 0.011860949
43 376 44 55 0.011860365
983 482 8 10 0.011859464
129 371 17 24 0.011854876
929 474 8 11 0.011850374
486 457 20 28 0.011848044
759 33 97 143 0.011847186
77 723 63 45 0.011842293
1 341 17 22 0.011839321
11 500 56 81 0.011837282
352 529 48 75 0.01183394
1007 502 17 24 0.011826532
495 346 8 10 0.011826525
308 202 97 128 0.011825815
507 335 7 10 0.011822445
97 363 13 16 0.011821783
371 103 8 9 0.011821087
214 115 10 11 0.011816193
96 363 9 11 0.01181267
412 405 10 11 0.011812471
453 385 7 9 0.011805338
0 413 11 29 0.011802718
527 363 8 9 0.011799625
457 393 71 102 0.011795586
559 75 85 112 0.0117929075
451 389 9 12 0.011792196
545 413 19 34 0.01179069
505 393 8 9 0.011788005
387 47 145 186 0.0117871165
962 475 12 13 0.011786527
72 299 10 12 0.011784713
64 326 14 17 0.011784566
998 81 10 12 0.011777566
527 481 87 105 0.011773305
11 304 8 10 0.011769622
93 266 8 9 0.011766516
33 234 7 9 0.011763797
460 297 59 79 0.011762513
514 403 7 10 0.011760144
81 351 7 9 0.011759735
18 386 53 71 0.011758312
29 425 72 84 0.011756779
902 227 95 132 0.011753929
22 379 8 9 0.011751331
514 399 6 9 0.011749222
55 280 8 9 0.011747387
455 379 8 9 0.011747064
944 83 40 39 0.01174593
490 407 8 9 0.011743609
941 469 13 14 0.011742898
511 411 9 11 0.011735058
491 319 46 68 0.011732904
456 739 12 14 0.011727952
445 383 7 9 0.011722746
526 450 10 12 0.011720007
462 378 7 10 0.0117122
506 470 12 13 0.011707354
82 336 13 18 0.011704076
420 416 8 11 0.0117029
978 454 8 10 0.011690147
93 262 8 10 0.011684641
399 200 9 11 0.011684549
45 297 8 9 0.011665022
70 277 11 15 0.011662053
5 271 12 16 0.011657654
531 428 14 17 0.011652721
1004 110 20 35 0.011650825
152 280 49 62 0.01164629
476 282 75 108 0.011646188
452 403 11 13 0.011640401
543 680 93 88 0.011639299
58 308 7 9 0.01163798
83 313 7 10 0.011637821
107 332 7 9 0.0116316285
441 336 7 10 0.011628916
16 302 10 12 0.011626464
493 336 8 9 0.01162256
524 380 8 10 0.011616795
99 309 8 10 0.011612255
419 414 18 25 0.01161208
841 387 95 123 0.011609994
479 722 61 46 0.011607953
113 358 40 55 0.0116075445
574 561 108 142 0.011607028
261 208 102 128 0.011605765
95 393 11 12 0.011601468
996 504 19 23 0.011596856
382 296 18 19 0.011592717
205 160 84 98 0.011584576
997 513 8 11 0.011577921
1013 16 11 18 0.011574999
470 366 8 10 0.011574252
144 296 14 17 0.01157295
660 340 63 64 0.01157184
41 329 9 14 0.011568215
38 70 101 124 0.011563344
840 280 100 112 0.0115632545
992 460 7 10 0.011562862
1022 498 2 10 0.011557242
538 403 8 10 0.011548362
299 250 10 12 0.011548214
598 638 7 9 0.011541498
42 406 7 10 0.011533441
427 365 8 10 0.011533425
400 296 10 11 0.011522779
427 386 9 9 0.011517211
417 406 10 12 0.011515195
420 149 54 60 0.011514965
1022 400 2 11 0.011513112
69 292 39 52 0.0115044005
393 471 61 73 0.011490381
1023 97 1 10 0.011488962
319 448 30 42 0.011488516
255 369 66 75 0.011487712
1002 460 16 20 0.01148599
549 371 11 13 0.011485503
67 341 8 11 0.011484827
57 251 7 10 0.0114792595
128 328 9 10 0.01147424
117 191 73 94 0.011471974
504 436 9 10 0.011467752
92 371 12 13 0.011466081
511 353 7 9 0.0114647
457 472 24 29 0.01146119
448 405 9 10 0.01146044
403 419 10 10 0.011460222
62 124 97 133 0.011460158
338 95 137 177 0.011457997
1009 0 15 25 0.011455531
61 374 12 13 0.011451717
505 468 19 22 0.011444709
227 634 90 115 0.01144417
790 259 81 95 0.011442725
383 300 9 10 0.011432947
416 308 8 9 0.011429371
489 373 8 11 0.01142866
512 401 7 10 0.011426732
509 437 13 16 0.011423944
830 124 20 25 0.011423455
183 248 15 12 0.011423424
433 217 12 12 0.011423119
452 439 73 100 0.011411052
959 472 12 13 0.011405719
423 334 50 68 0.011400252
46 277 6 9 0.011399549
26 408 17 23 0.011397097
410 483 31 39 0.011396382
509 446 12 16 0.011390591
953 516 46 49 0.011388472
110 282 8 12 0.011384347
44 323 7 9 0.011380226
481 552 84 129 0.011378836
944 450 8 10 0.011378331
966 119 46 63 0.011376931
542 372 19 31 0.0113756405
65 291 8 10 0.011374194
62 281 6 9 0.011373506
1002 520 14 18 0.0113725625
417 419 11 15 0.011370176
472 319 8 9 0.011362064
426 423 25 33 0.011360088
85 313 9 13 0.011356982
634 560 58 76 0.011356262
419 356 8 10 0.011354543
540 390 8 9 0.011351166
950 374 71 103 0.011350116
896 587 79 90 0.011341516
954 481 9 11 0.01133752
944 537 12 23 0.011337404
119 272 9 10 0.011336858
0 154 5 10 0.011324281
836 0 33 32 0.011321642
575 514 103 133 0.011321497
1018 148 6 15 0.011318065
0 172 48 85 0.011317561
8 275 6 10 0.011312983
0 335 3 9 0.01130686
75 350 8 9 0.011305458
668 185 87 101 0.011299207
244 46 95 131 0.011291436
280 310 45 46 0.011287595
428 437 13 20 0.011286971
575 377 31 38 0.0112854205
102 352 14 19 0.011278573
104 733 12 15 0.0112751
387 363 7 10 0.01126483
540 366 8 9 0.011264538
272 25 94 124 0.011262733
375 150 7 9 0.011261563
430 460 23 25 0.011258458
2 268 8 10 0.011257362
500 356 7 9 0.011255506
364 263 78 105 0.011251415
112 245 7 9 0.0112505555
440 399 9 11 0.011245977
46 325 25 34 0.011244691
142 336 52 71 0.011242092
410 363 7 10 0.011239928
865 194 82 86 0.011237327
34 237 7 10 0.011235792
161 401 86 110 0.01123496
32 266 7 9 0.011232436
513 327 7 9 0.011227851
1020 0 4 9 0.01121785
951 472 31 33 0.011215369
3 263 7 10 0.011208162
375 366 28 37 0.011202552
535 0 54 51 0.011200732
216 562 110 133 0.011197253
105 338 8 10 0.011193445
497 443 9 12 0.011193059
536 357 9 11 0.011188754
123 291 9 12 0.011187646
901 377 73 101 0.011183704
488 424 14 11 0.011182062
540 444 8 10 0.011178341
98 267 8 9 0.011176406
958 477 9 10 0.011175964
533 451 17 23 0.011172393
567 129 83 105 0.0111718755
677 0 19 14 0.011167506
412 267 9 9 0.0111663025
38 330 8 12 0.011164525
381 422 22 28 0.011161247
1009 478 10 12 0.011160962
81 277 7 9 0.011150381
61 311 9 10 0.011149793
928 180 16 14 0.011142909
78 458 8 11 0.011139392
458 371 7 10 0.0111365225
216 206 105 136 0.0111348
430 355 9 11 0.0111345695
71 314 16 22 0.01113452
18 408 16 22 0.011133129
403 429 24 33 0.011131477
995 511 15 18 0.011127972
13 20 96 131 0.011126025
230 684 7 10 0.011124728
973 577 15 16 0.01111783
458 513 37 49 0.01111633
558 25 88 119 0.011116157
435 349 7 11 0.011114546
924 505 21 30 0.011112638
956 592 68 115 0.011111318
1020 445 4 13 0.011109638
707 131 96 125 0.011108807
865 61 11 12 0.011106973
985 467 15 19 0.011103062
6 329 21 28 0.011101064
695 393 93 116 0.011100947
895 636 97 126 0.011100397
709 340 95 105 0.011096862
484 399 50 66 0.011090641
407 398 27 33 0.011089592
555 402 30 33 0.011088017
443 460 41 49 0.011078679
431 350 8 10 0.011072864
123 393 13 14 0.011072127
480 426 8 11 0.011070517
966 480 21 22 0.011069926
425 177 90 125 0.011065311
279 559 56 56 0.011065117
364 191 79 105 0.011063906
388 151 7 9 0.011062718
108 344 7 10 0.0110605145
543 369 8 10 0.011058322
655 651 71 84 0.011056969
783 692 107 76 0.011053148
591 351 9 11 0.0110491775
1006 495 12 11 0.011036599
234 696 10 12 0.0110348025
431 287 6 9 0.011032191
483 478 16 19 0.011031385
0 120 5 11 0.011019371
97 261 7 9 0.011018981
532 357 8 10 0.011014793
137 310 9 12 0.011013682
5 76 27 31 0.011013146
111 347 14 16 0.011011025
224 73 90 132 0.011002099
414 336 11 14 0.01099797
449 354 7 9 0.010997467
287 251 8 10 0.010995331
29 345 12 12 0.010994825
0 323 21 61 0.010994609
16 258 7 10 0.010993364
891 526 61 72 0.010990685
423 430 13 22 0.010989675
473 555 11 12 0.010988228
735 389 88 123 0.010986073
780 113 108 135 0.010981747
40 347 13 18 0.010981293
485 49 65 99 0.010980018
708 249 80 111 0.0109785395
876 494 46 60 0.010978356
489 395 13 16 0.010977583
54 254 7 9 0.010975831
862 434 70 94 0.010974453
0 102 60 161 0.01097279
1018 513 6 11 0.010970271
514 530 85 125 0.01096963
107 263 7 9 0.0109676495
1019 500 5 15 0.010966447
1004 496 8 9 0.010966244
326 427 59 72 0.01096246
301 317 24 32 0.0109545365
927 482 7 10 0.0109531395
699 0 19 14 0.010952785
954 448 8 9 0.010951283
333 160 79 102 0.010950254
90 356 41 53 0.010949572
218 321 49 71 0.0109488005
51 297 9 12 0.010947814
281 329 53 70 0.010946114
411 381 9 9 0.010944334
80 443 22 22 0.010940196
277 51 8 9 0.010937009
314 207 12 13 0.010936828
408 321 49 67 0.010936265
492 377 7 9 0.010933433
17 449 62 73 0.010932879
0 365 5 12 0.010930791
937 475 11 13 0.010929442
56 310 12 15 0.010928546
402 282 54 69 0.01092799
986 506 19 22 0.010927491
719 528 89 115 0.010927251
187 175 70 82 0.0109222485
35 245 7 10 0.010918286
447 407 35 50 0.010914028
439 471 29 29 0.010912683
444 386 15 19 0.010907611
517 454 9 11 0.01090648
37 387 57 73 0.01090287
424 352 8 9 0.010894515
104 394 12 13 0.010894068
55 341 7 10 0.010886239
29 239 7 9 0.010879505
90 356 7 9 0.010878518
936 92 16 18 0.01087569
98 372 8 10 0.010875071
414 344 8 10 0.010874341
1013 504 8 11 0.01087257
213 417 57 63 0.010872216
93 416 42 55 0.010871575
520 429 7 9 0.0108713675
446 231 90 129 0.010870754
245 74 6 9 0.01087075
453 394 8 10 0.010862391
67 319 8 10 0.0108601255
994 457 7 10 0.010859122
0 82 3 9 0.010856847
10 322 10 13 0.010855218
443 723 61 45 0.010853115
415 423 20 30 0.0108521255
107 376 20 26 0.010851067
1019 412 5 12 0.010849793
546 354 8 10 0.01084362
179 0 90 80 0.010842382
594 171 70 94 0.010841806
18 686 53 69 0.010841657
994 515 10 12 0.01084113
421 407 10 12 0.010841039
302 209 10 11 0.0108362
722 0 18 14 0.010835324
11 338 20 21 0.010831472
27 228 7 9 0.010829542
107 350 11 14 0.010829083
107 288 7 10 0.010821801
398 402 16 22 0.01081729
337 260 9 11 0.010813405
321 148 56 63 0.010810015
508 384 8 11 0.010800546
1004 511 11 13 0.010799992
152 384 40 43 0.010799514
10 320 7 11 0.010797195
1018 429 6 14 0.010793497
0 102 7 11 0.010790958
101 320 8 9 0.010788854
489 453 9 12 0.01078577
443 97 7 9 0.010783067
147 251 61 77 0.010782782
552 334 8 9 0.010780936
424 374 46 60 0.010778089
888 6 47 55 0.010776415
820 54 13 15 0.010770609
659 369 108 130 0.010754139
935 124 51 74 0.010753198
76 250 8 9 0.010751078
116 460 19 22 0.010750998
936 540 12 19 0.010750004
25 259 7 9 0.010748299
1015 0 9 10 0.010746281
65 338 8 11 0.0107447505
772 543 152 171 0.01074406
1002 516 22 33 0.010743138
4 319 7 11 0.010742187
486 191 109 148 0.010735587
452 400 9 9 0.010733356
98 337 9 11 0.010730758
378 460 53 67 0.0107297795
566 20 25 39 0.010729761
41 333 11 17 0.010724968
605 450 72 80 0.010722579
86 250 8 9 0.010721
230 426 56 61 0.010710343
421 339 8 10 0.010705979
271 0 90 79 0.010705374
81 385 61 80 0.010704863
383 287 10 12 0.010702814
163 246 77 94 0.010699075
110 257 48 66 0.010691899
178 271 11 11 0.010691128
226 443 100 127 0.0106908
2 337 11 19 0.010687491
12 713 70 55 0.010685
641 420 98 111 0.010683478
987 468 8 9 0.010682973
554 385 27 39 0.0106827505
711 0 19 14 0.01068241
69 283 10 12 0.010681709
48 294 7 10 0.010681603
450 338 7 10 0.010680834
11 273 7 9 0.010680575
757 277 51 72 0.010677624
390 159 79 102 0.01067473
85 265 8 9 0.010665812
431 619 134 149 0.010663467
668 74 49 71 0.010662478
429 352 8 9 0.010661814
534 320 7 9 0.010655717
957 482 10 12 0.01064475
0 262 7 12 0.010643187
432 366 7 9 0.010638727
974 468 20 23 0.010636211
676 601 111 135 0.010634551
466 394 13 17 0.010633392
468 445 11 20 0.010629054
87 91 96 133 0.010628107
126 430 16 22 0.010626696
11 220 7 10 0.010615543
69 264 12 16 0.010611852
53 393 11 12 0.010611446
15 267 12 17 0.010604137
76 319 66 84 0.010599279
29 73 64 76 0.010599187
551 368 11 13 0.010591603
462 440 27 44 0.010591297
90 313 7 9 0.010590164
101 393 18 20 0.010590115
534 399 33 52 0.0105892895
389 428 23 29 0.01058927
364 594 80 107 0.010587446
1015 460 8 9 0.010586258
91 351 8 10 0.010583399
90 307 42 53 0.010582371
1020 535 4 16 0.010580045
1008 416 10 11 0.010579952
404 93 7 9 0.010572688
133 298 14 18 0.010571435
79 298 7 9 0.010571286
986 488 17 23 0.010570458
408 350 7 11 0.010568765
959 396 50 64 0.010566409
422 303 12 13 0.010565166
0 265 11 22 0.010557715
0 134 5 11 0.010552128
171 507 108 133 0.010550152
615 353 8 10 0.010542428
55 485 82 110 0.010539244
455 335 8 9 0.0105385445
103 308 11 15 0.010537492
972 453 14 17 0.010536455
971 469 7 10 0.010536235
455 329 8 10 0.010531223
128 324 8 10 0.010531107
941 466 46 64 0.010530019
64 226 8 10 0.010529205
933 473 17 21 0.01052597
486 419 13 11 0.010523364
10 260 7 9 0.010522409
63 265 8 9 0.010521979
24 289 10 10 0.010521902
472 429 15 23 0.010519496
1009 501 9 12 0.010519268
494 331 7 10 0.010518494
41 470 28 21 0.010516437
935 722 57 46 0.010514386
54 274 8 9 0.010512463
121 392 70 95 0.010511645
352 283 54 72 0.01051012
552 752 33 16 0.010508638
408 357 12 17 0.010507591
500 409 9 10 0.010505966
13 341 8 11 0.010501882
88 331 43 54 0.010501613
0 592 17 32 0.0105004385
72 294 8 10 0.010498711
932 74 17 19 0.0104982145
951 495 8 14 0.010495967
49 338 16 20 0.010494621
33 263 7 9 0.010486799
787 413 128 169 0.010483499
69 567 54 66 0.010482367
1015 450 9 14 0.01048181
31 557 111 134 0.010479779
0 212 5 12 0.010479483
419 353 7 9 0.010478122
501 327 8 9 0.010476921
966 201 53 73 0.0104720285
37 283 10 12 0.010471234
521 358 8 9 0.010470797
45 321 13 18 0.0104699265
118 56 10 11 0.010469126
924 464 11 14 0.01046547
524 413 12 15 0.010465311
47 348 9 12 0.010464543
104 70 13 12 0.010459858
10 461 28 26 0.010458508
979 490 18 24 0.01045788
276 247 14 16 0.010457076
530 376 7 9 0.010454465
516 399 42 58 0.010454068
612 355 9 11 0.010449223
47 354 8 9 0.010448699
1022 50 2 10 0.010443408
1002 498 8 10 0.010442677
459 392 8 12 0.010437726
135 288 10 13 0.010435247
95 1 81 88 0.01043378
102 275 7 10 0.010432814
1022 90 2 13 0.01043057
0 243 5 11 0.010430445
33 268 8 11 0.010429033
112 320 8 9 0.010428506
68 242 7 10 0.010426658
902 316 83 111 0.010425498
981 460 12 15 0.010418391
42 323 48 64 0.010417453
128 369 7 9 0.0104174195
344 371 21 35 0.010406448
506 0 72 68 0.010406366
421 418 10 14 0.010406063
409 345 8 12 0.010405769
500 473 9 11 0.010403391
438 365 116 164 0.010402413
8 107 63 87 0.010402318
13 409 34 43 0.010401512
80 287 7 9 0.010393956
86 539 91 116 0.010390238
641 357 62 67 0.010382421
469 408 9 11 0.010382105
823 4 17 18 0.010381126
121 365 9 11 0.010377604
384 353 21 31 0.010376056
82 271 7 9 0.010371993
511 399 7 9 0.010370122
71 291 13 16 0.010359877
508 406 66 80 0.010359136
61 207 7 9 0.010356339
377 300 12 13 0.010355974
882 79 79 62 0.01035525
124 408 21 26 0.010347379
391 0 21 16 0.010347179
1013 487 11 23 0.010343396
47 400 14 15 0.010342347
504 452 8 10 0.010341593
112 342 23 26 0.010340386
60 590 24 35 0.010338223
153 727 56 41 0.010338063
472 364 8 9 0.010336211
528 350 8 10 0.010335238
485 158 7 9 0.010330681
386 568 81 105 0.01033014
901 703 8 10 0.010328709
661 276 282 326 0.010323809
18 385 12 17 0.010317286
45 351 43 55 0.010316285
506 431 9 10 0.01031353
765 306 73 105 0.010313155
601 637 7 9 0.0103121335
332 77 85 118 0.010310287
528 374 16 20 0.010307464
453 76 6 9 0.010307108
905 703 8 10 0.010305284
282 725 63 43 0.010303731
538 446 10 13 0.01030175
391 288 10 11 0.010301472
95 368 16 19 0.010300942
32 349 18 21 0.010300622
1009 516 13 17 0.01030009
917 461 14 15 0.010297948
40 296 9 10 0.010297655
523 436 11 12 0.010295995
540 375 12 17 0.010295423
425 272 6 9 0.010275764
927 366 39 55 0.010271174
79 240 7 9 0.010269324
240 109 31 25 0.010268664
465 314 8 10 0.010264317
462 417 19 28 0.010262934
131 727 53 41 0.010261442
22 342 15 16 0.0102576045
474 390 14 18 0.010256561
293 180 11 13 0.010256355
82 457 9 10 0.010254121
412 340 8 10 0.010251102
501 431 78 104 0.010250589
137 72 12 13 0.010250368
521 465 11 13 0.010247024
520 390 10 13 0.0102468
531 405 8 10 0.010245127
142 304 7 10 0.010243815
439 356 11 12 0.010243582
732 460 100 155 0.010240614
0 95 5 12 0.010240179
1013 112 11 14 0.010237377
962 311 51 70 0.010236702
1014 114 10 24 0.010229532
307 242 8 10 0.010229392
11 394 17 25 0.010228255
1008 492 13 17 0.01022816
434 404 9 10 0.010227454
398 101 8 10 0.010224074
81 452 8 11 0.010220978
59 271 7 9 0.010220898
735 695 97 73 0.010220855
426 393 10 13 0.010219664
541 431 11 15 0.01021723
0 634 25 39 0.010216164
1019 22 5 13 0.010213893
949 481 11 13 0.010212449
645 359 91 101 0.0102110095
451 360 7 10 0.010210924
559 243 13 11 0.010210127
338 253 8 9 0.0102065
152 93 90 124 0.010205787
602 566 60 74 0.0102041075
141 440 79 108 0.0102039715
607 353 8 10 0.010202497
386 99 16 17 0.010200125
240 117 8 9 0.010198971
126 365 7 11 0.010192754
492 477 12 14 0.010187831
998 0 22 23 0.010187625
27 271 14 19 0.010186754
133 345 14 18 0.010182284
351 281 10 12 0.010180032
439 355 8 10 0.010176784
1016 537 8 22 0.010172566
853 324 78 90 0.010171571
402 0 21 16 0.010170531
476 396 9 11 0.010169613
387 72 16 20 0.01016957
0 0 32 43 0.010166334
526 456 9 12 0.010162987
516 359 8 9 0.010161997
511 467 13 13 0.01016116
69 331 41 52 0.010157225
423 449 13 26 0.010152534
46 337 7 11 0.010151581
44 349 7 10 0.010150662
358 129 6 9 0.010148155
491 380 42 58 0.010146238
542 405 8 11 0.010144971
1022 599 2 12 0.0101426905
118 402 20 26 0.010140465
538 362 9 12 0.010139605
993 443 9 9 0.010139055
120 296 7 9 0.010134723
445 337 7 9 0.010133981
472 542 18 22 0.0101310825
42 620 93 100 0.010130326
443 404 7 9 0.010127208
871 327 56 46 0.010126463
463 430 12 21 0.01012599
1002 408 22 27 0.010125146
99 369 9 9 0.01012001
414 292 7 9 0.010118189
107 123 12 17 0.010116441
520 429 13 14 0.010116417
296 243 79 107 0.010115962
379 541 124 172 0.010115557
494 367 7 10 0.010115485
546 352 12 15 0.010115457
0 368 16 26 0.010114316
578 20 50 66 0.010110492
46 384 11 13 0.0101093175
486 375 10 13 0.010103007
120 325 11 15 0.010101636
125 310 14 19 0.010100993
850 598 38 82 0.010096096
113 290 7 10 0.010095564
819 269 51 59 0.010092412
40 173 64 84 0.01009095
422 346 7 9 0.010089502
308 246 7 10 0.010078758
486 448 8 9 0.010078738
435 359 7 10 0.010077715
1010 129 9 13 0.010077684
231 0 76 67 0.010077624
984 459 9 10 0.010074414
414 0 21 15 0.01007198
989 487 9 11 0.010064344
170 244 7 9 0.010061638
325 251 66 87 0.010061292
0 370 5 12 0.010059107
20 249 8 10 0.0100585725
86 57 10 11 0.010057473
61 301 8 10 0.010056346
988 464 10 12 0.0100550605
937 95 22 27 0.010054235
70 333 9 11 0.010051996
100 317 65 89 0.010051631
69 289 9 12 0.010051179
120 431 29 37 0.010049625
572 720 12 14 0.010047755
9 571 57 67 0.010044679
960 503 13 15 0.010042892
201 118 11 12 0.010041001
773 270 62 83 0.010039734
246 52 9 10 0.010036124
47 332 7 9 0.010034257
512 441 23 28 0.010031863
64 378 12 13 0.010030404
453 325 8 10 0.010020312
1006 444 10 13 0.010018383
0 353 6 16 0.010017767
8 78 18 19 0.010016978
491 372 10 13 0.01001441
51 288 10 12 0.010010336
328 348 39 58 0.010005343
0 319 3 9 0.010002676
109 149 92 116 0.0100025935