28_Sports_Fan_Sports_Fan_28_663
185
171 242 764 905 0.1460476
310 16 633 807 0.06392052
55 61 603 840 0.062819116
334 613 592 609 0.04508377
0 0 140 187 0.03528886
0 0 215 284 0.03462746
813 0 211 193 0.030339586
804 1235 220 302 0.030057078
77 43 376 474 0.028473863
92 586 508 582 0.028326891
731 618 293 594 0.027137997
175 0 609 556 0.02602037
0 1250 145 287 0.02556357
822 881 202 365 0.025077183
606 775 374 479 0.025035108
0 43 147 384 0.024071485
0 287 134 379 0.02376355
619 1147 405 390 0.023721216
708 0 316 570 0.02349224
536 448 430 659 0.023317806
0 182 202 600 0.023175076
735 939 289 537 0.02276189
739 293 285 639 0.0222169
447 880 494 567 0.022124773
0 80 358 608 0.021854004
838 397 186 399 0.021675428
0 470 422 642 0.021234302
87 0 294 194 0.020658163
0 0 89 117 0.020561136
916 0 108 146 0.02052797
0 427 207 565 0.020482618
127 0 475 333 0.020439597
653 0 360 255 0.020111553
33 1164 422 373 0.020052653
380 1159 448 378 0.019978333
0 525 138 366 0.019858772
1003 0 21 42 0.019319803
1022 0 2 24 0.019269973
565 1235 308 302 0.01904168
955 0 69 81 0.018978748
289 821 398 385 0.018851504
472 0 451 463 0.018645803
0 656 226 564 0.01850408
91 309 343 564 0.01847426
605 199 346 471 0.018415157
207 0 299 192 0.018353393
210 1248 298 289 0.018139375
325 1246 301 291 0.017972637
0 0 57 70 0.017791435
0 764 141 365 0.017786242
102 853 319 375 0.017572287
398 519 22 22 0.017558284
1011 0 13 28 0.017521027
969 1464 55 73 0.017292727
0 777 366 568 0.017054606
0 0 14 17 0.016820863
0 1049 224 488 0.016700301
1009 1508 15 29 0.016556649
126 855 509 595 0.016457733
0 1013 144 365 0.01634811
554 1009 319 376 0.016291734
935 1382 89 155 0.016223712
325 0 303 193 0.015955567
565 0 298 194 0.01595453
1021 1522 3 15 0.015908776
1022 1524 2 13 0.015284695
401 0 386 257 0.015247076
940 1264 84 235 0.014694329
0 0 29 36 0.014525675
899 526 125 344 0.0144549515
439 1015 315 353 0.013935189
0 1399 75 138 0.0138847
998 1 26 105 0.0138042085
939 0 15 10 0.013637032
89 1018 291 378 0.013316244
932 0 14 9 0.012988706
628 350 283 532 0.012935891
927 472 97 253 0.012875922
0 1527 14 10 0.012773994
920 0 14 9 0.01275631
0 0 8 11 0.012659999
1018 0 6 57 0.012637912
883 295 141 322 0.012613093
897 13 127 271 0.0125857135
946 0 15 10 0.012376477
898 670 126 308 0.012246495
210 1010 299 364 0.0121997055
1021 0 3 37 0.012166607
0 1473 38 64 0.012087527
909 0 13 9 0.01186042
896 155 128 316 0.011817582
0 1502 27 35 0.011758528
23 0 122 84 0.011719056
648 0 15 11 0.0116965305
80 729 290 386 0.011646402
773 0 18 10 0.011615548
7 0 30 24 0.011603356
370 0 13 9 0.011567785
891 816 133 294 0.011525959
1020 15 4 67 0.011452777
929 332 95 214 0.011434405
955 0 29 23 0.0114343325
82 0 188 124 0.011420588
957 59 67 162 0.01135237
67 526 259 417 0.011350154
954 0 15 10 0.0113474
683 0 125 82 0.011220966
723 0 232 160 0.011210089
398 0 15 9 0.011202373
929 972 95 214 0.0111642815
391 0 15 9 0.011159782
91 0 120 81 0.011157002
933 793 91 201 0.011152682
900 0 16 10 0.01114222
868 0 15 9 0.011139114
11 0 61 44 0.011086057
20 0 32 23 0.011055312
169 143 408 532 0.011053435
52 0 14 9 0.011036463
938 124 86 214 0.010897499
402 524 14 14 0.010873069
887 1040 137 307 0.010862095
103 0 16 9 0.010844945
406 0 15 9 0.010818941
0 41 95 250 0.010816634
970 1299 54 158 0.010752471
625 0 128 81 0.010696706
992 0 28 20 0.0106935175
81 283 223 407 0.01069109
655 0 15 10 0.010682042
1011 1 13 62 0.0106218895
961 0 15 10 0.010605925
753 0 29 20 0.0106029445
72 0 32 21 0.010584227
383 0 15 9 0.010563182
130 571 177 206 0.010522097
1021 140 3 58 0.0105021
1021 177 3 52 0.0104820235
887 0 14 9 0.0104637155
741 0 122 84 0.010435847
44 0 15 10 0.010425825
755 0 16 10 0.010414701
477 0 231 162 0.010406996
695 534 20 25 0.010404597
968 0 30 23 0.0104005495
4 0 14 12 0.010392834
0 34 65 158 0.010370065
361 0 14 9 0.010367283
0 456 97 256 0.0103665795
519 0 32 19 0.010361849
767 0 17 10 0.010342462
892 0 17 10 0.010341646
417 0 15 9 0.01032662
0 681 118 296 0.010319571
953 420 71 195 0.010302619
1021 41 3 56 0.010300987
1022 126 2 55 0.010300463
110 0 32 21 0.010287655
607 0 15 10 0.010275456
422 124 382 408 0.010260166
74 0 61 40 0.0102430815
647 0 31 20 0.010235933
767 0 30 20 0.010214142
111 0 15 9 0.010189364
643 531 22 26 0.010184792
382 967 309 272 0.010182916
860 0 15 9 0.010170817
969 0 15 10 0.010156687
999 1480 25 57 0.0101345265
377 0 13 9 0.010116098
44 0 60 37 0.010076408
680 0 188 124 0.01007435
37 0 15 10 0.010073261
614 0 15 10 0.010067294
1023 0 1 30 0.010064701
60 0 29 20 0.010054361
763 257 243 388 0.010051498
849 0 14 10 0.010051494
833 43 191 365 0.010035135
1011 22 13 78 0.010034261
1022 113 2 51 0.010033089
876 0 13 9 0.010030124
448 0 61 41 0.010029912
955 708 69 144 0.010023919
126 0 30 21 0.010023276