34_Baseball_Baseball_34_356
739
568 225 150 188 0.81348085
368 0 115 114 0.08515682
412 0 112 109 0.074829556
321 1 62 70 0.06904541
595 3 76 96 0.060204636
457 1 100 83 0.056925673
351 2 85 86 0.05319165
0 4 82 163 0.05064265
541 36 116 130 0.04761869
187 0 30 23 0.047053866
450 41 62 87 0.04687891
527 1 89 95 0.046532165
878 0 44 39 0.045116294
530 91 136 167 0.04295383
250 0 86 78 0.041545846
939 0 56 36 0.03849382
423 32 70 91 0.038031522
15 347 99 142 0.037572157
540 8 37 47 0.03750259
570 150 132 198 0.03664732
583 18 109 141 0.03661842
396 56 73 109 0.03655365
653 2 73 71 0.036358863
497 0 90 79 0.03519513
623 17 66 86 0.034913436
532 26 63 115 0.034709815
494 218 164 177 0.034487717
542 26 20 28 0.03402406
462 22 131 136 0.033640742
315 0 132 128 0.033375517
534 0 59 64 0.031859983
793 2 73 62 0.03169416
616 28 46 71 0.03152416
16 0 132 135 0.03136236
198 0 124 108 0.030710267
661 0 127 119 0.029637905
915 0 57 39 0.02949272
299 0 62 58 0.02834835
597 0 54 56 0.028276846
808 4 152 138 0.028098876
846 0 72 52 0.028054928
479 22 77 102 0.02782162
734 2 72 65 0.02743786
476 76 135 151 0.027371295
591 262 186 223 0.027053254
751 0 158 132 0.027027598
432 25 37 56 0.026491163
997 0 27 56 0.0264679
626 208 125 167 0.02629959
882 0 65 52 0.025875777
405 243 66 95 0.025338462
1004 0 20 32 0.02532013
481 234 109 141 0.025216643
495 0 42 26 0.024937417
529 78 62 80 0.024921374
464 48 70 102 0.0245245
787 0 46 39 0.024467101
565 14 85 92 0.02444261
0 46 103 184 0.024347648
1 330 83 126 0.024267279
148 5 77 118 0.02408168
378 0 78 66 0.023858666
626 313 91 109 0.023692483
914 0 110 137 0.023673825
957 0 67 51 0.023553139
817 2 101 80 0.023525177
471 135 177 212 0.023387773
935 1272 89 137 0.023357673
0 0 27 31 0.02334425
541 23 42 55 0.023338135
371 0 208 220 0.023305219
45 382 115 161 0.023092931
753 0 100 91 0.022991085
666 1 51 46 0.022971222
827 6 191 215 0.022837032
650 33 49 71 0.022709223
805 1130 219 279 0.02269888
674 0 189 159 0.02262671
12 0 86 90 0.02250959
910 0 77 64 0.02238192
447 1 81 57 0.022241179
328 0 39 44 0.021785937
385 102 219 259 0.02152113
67 0 114 104 0.021420147
720 0 58 47 0.021287818
0 1054 211 355 0.02128131
495 1169 22 23 0.021272687
709 3 111 94 0.021246504
512 277 204 269 0.021233378
50 0 84 69 0.021160766
632 40 38 68 0.020998353
555 27 39 59 0.020968053
489 22 212 257 0.020912943
563 0 70 60 0.020848436
619 0 67 62 0.020845938
494 150 263 344 0.020633021
997 0 27 16 0.0204607
0 0 46 73 0.020452494
808 0 51 36 0.02043499
604 9 33 39 0.020295845
468 63 35 57 0.02002875
53 4 154 165 0.019968951
0 1245 109 164 0.019829486
267 3 105 127 0.019828983
625 1015 399 394 0.019772409
743 279 28 39 0.019767575
914 548 22 19 0.019670462
921 336 35 48 0.019538091
664 274 82 106 0.019517828
633 0 49 30 0.019508481
345 0 61 64 0.019500066
860 0 47 33 0.019437272
398 89 49 70 0.019360323
649 0 25 15 0.019304842
0 0 202 276 0.019193977
511 26 59 87 0.019180406
512 0 30 18 0.018959984
961 0 26 21 0.018898824
1 365 92 188 0.018893672
0 263 113 179 0.01876504
421 4 60 70 0.018642582
0 57 45 117 0.018436627
661 0 360 274 0.018406311
113 10 120 192 0.018403076
331 13 69 101 0.018400794
858 2 119 91 0.018156167
531 100 75 86 0.01809741
0 108 146 236 0.018060476
877 0 24 16 0.018054795
651 1231 242 178 0.018009668
400 1142 35 49 0.017962568
702 266 60 94 0.017852029
467 0 56 38 0.017714342
814 315 186 244 0.017679872
502 1 39 58 0.017659321
111 0 83 79 0.017557262
0 389 39 63 0.017555412
602 51 64 92 0.017546833
475 47 49 66 0.017522449
483 66 77 95 0.017491162
935 0 23 21 0.017480232
26 1041 418 368 0.01739695
423 1067 387 342 0.017360011
510 0 43 29 0.01727717
616 332 192 240 0.017233014
512 0 61 47 0.017217556
781 31 243 438 0.017166829
27 290 143 189 0.017154127
365 25 35 58 0.01715349
68 27 200 260 0.01711296
442 62 47 64 0.016901597
98 443 89 105 0.01682494
685 0 58 57 0.01660775
475 315 140 169 0.016564054
670 182 177 234 0.01655855
558 1110 18 15 0.016557645
329 39 337 417 0.016514545
525 908 111 197 0.016463052
129 221 14 21 0.016391713
971 4 53 110 0.016318683
516 612 114 117 0.01626097
1020 0 4 21 0.01624713
232 20 102 137 0.016168531
996 337 28 89 0.016142186
550 24 20 27 0.016136985
603 4 212 263 0.01611215
0 385 134 266 0.016091418
905 461 119 285 0.016071757
967 1340 57 69 0.016032493
535 1145 68 59 0.016023297
721 0 15 9 0.015932763
182 225 16 19 0.01592541
536 646 418 459 0.015906401
24 158 196 278 0.015894819
20 78 143 170 0.015886273
645 360 74 91 0.015877105
819 0 71 54 0.015865885
913 39 111 266 0.015785951
587 362 135 171 0.015759828
587 303 102 118 0.015758447
192 1 175 183 0.015751516
551 19 35 39 0.015732896
0 932 188 298 0.015703473
800 51 85 109 0.015666537
1016 0 8 28 0.015640074
962 0 47 29 0.015631586
403 214 122 155 0.015576299
283 1073 367 336 0.0155649735
0 123 75 154 0.015512402
395 197 225 278 0.01545372
362 1169 84 84 0.01534708
650 0 47 39 0.015317959
0 427 61 133 0.0153059885
755 0 73 56 0.015294649
375 414 66 84 0.015294322
607 803 417 479 0.015289001
0 0 14 18 0.015283877
516 62 57 77 0.015192859
560 1232 239 177 0.0151644545
391 103 68 89 0.015159433
510 0 22 13 0.015144696
968 214 56 176 0.01512226
66 655 134 161 0.01512096
172 0 42 31 0.0150893135
622 159 104 144 0.015054652
765 0 46 32 0.015045023
57 0 38 30 0.0149783185
826 43 99 126 0.014964544
167 2 54 54 0.014955594
190 0 353 258 0.014939296
380 1131 58 71 0.014910711
16 533 188 351 0.014862227
483 570 118 141 0.014852656
537 783 110 248 0.014838928
4 635 100 174 0.014832892
32 50 89 114 0.014816997
950 22 74 173 0.014782313
137 167 214 292 0.014745494
592 0 35 37 0.014707477
84 265 115 160 0.0146525595
39 1287 144 122 0.014585908
928 340 96 274 0.014575168
1023 0 1 18 0.014573136
79 218 208 277 0.014562759
0 703 309 511 0.014537785
568 15 34 65 0.01452425
895 569 129 296 0.01449921
727 1196 136 137 0.0144775715
742 349 282 480 0.014411063
731 89 215 275 0.014399907
846 164 178 264 0.014382423
357 47 77 108 0.014363586
746 0 47 42 0.01436028
552 697 51 33 0.014326422
545 33 12 18 0.0142433075
0 234 77 147 0.014232726
624 57 37 57 0.01422102
424 66 48 66 0.014218682
525 377 139 166 0.014215795
837 382 187 285 0.014206942
591 14 50 68 0.014188966
0 224 169 517 0.014172523
4 945 118 191 0.014155927
44 382 66 86 0.014115053
957 83 67 181 0.0141094895
940 231 84 263 0.014092867
78 791 136 186 0.014087008
0 1343 92 66 0.01407819
966 376 58 193 0.0140636945
999 34 25 95 0.014054669
414 20 18 28 0.01403376
412 62 130 162 0.014028429
614 350 80 94 0.014006777
877 81 125 163 0.0140050715
798 517 210 280 0.013997291
890 683 134 312 0.013981585
493 1163 16 18 0.013930519
672 124 338 451 0.013923198
538 28 16 22 0.013920258
884 0 31 23 0.013910165
927 0 21 20 0.013897599
505 112 74 81 0.013892373
365 58 121 163 0.013864006
437 0 47 29 0.0138563495
948 142 76 214 0.013838238
881 1032 143 331 0.013828445
586 75 100 136 0.013823397
87 68 131 176 0.013806858
479 285 75 96 0.013805597
687 793 294 316 0.01379381
352 1125 90 107 0.01378061
953 504 71 193 0.01377604
733 584 212 267 0.0137720425
428 70 64 98 0.013750296
687 261 96 133 0.013726391
49 1359 8 9 0.013720251
787 1235 146 165 0.013707098
1018 1398 6 11 0.013695514
546 0 37 32 0.013683776
444 1241 212 168 0.0136586465
1 0 299 464 0.013639713
661 1349 116 60 0.013623771
0 675 66 126 0.013617958
75 917 13 13 0.013581875
764 144 126 144 0.013570619
813 117 166 216 0.013558534
254 0 229 174 0.01353608
982 127 42 104 0.013512211
454 81 48 76 0.01350312
532 17 33 50 0.013501724
374 28 46 65 0.013491788
659 0 20 12 0.013489041
606 19 20 28 0.013450906
532 767 215 332 0.013406535
266 51 180 231 0.013399891
591 86 72 83 0.013381275
372 1190 83 100 0.013373089
964 190 38 50 0.013361097
200 0 24 18 0.013351989
75 1246 202 163 0.013343319
236 1139 251 270 0.013327625
0 460 81 169 0.0133022675
2 167 102 150 0.013288812
721 260 51 69 0.013284519
556 402 193 256 0.013252682
1003 1380 21 29 0.01324693
58 592 132 162 0.013245124
111 0 22 15 0.013241513
990 1367 34 42 0.013200358
67 469 118 152 0.013194943
48 154 138 175 0.013179885
703 0 47 33 0.013172059
660 27 65 84 0.013144496
946 615 78 200 0.013117262
498 1175 17 26 0.013102356
718 31 104 131 0.013081591
189 280 192 243 0.013078888
19 219 134 169 0.013075841
446 533 115 152 0.013072709
0 531 138 262 0.013066895
520 0 17 10 0.0130651845
700 18 72 87 0.013023912
474 482 127 174 0.0130224135
810 80 134 164 0.013009695
811 738 213 334 0.013008038
113 157 123 181 0.01298472
383 32 60 74 0.012958539
967 0 16 10 0.012907242
790 0 31 24 0.012887033
330 1171 73 81 0.0128704645
633 0 34 20 0.012866422
950 0 26 18 0.012865288
72 213 18 25 0.012857885
373 265 109 150 0.012828335
487 1113 114 134 0.012814391
442 356 187 245 0.01280649
166 98 364 490 0.012802658
715 155 122 167 0.012774138
367 167 131 185 0.012769592
473 100 85 89 0.01276634
311 14 43 67 0.01276523
759 45 94 117 0.012755733
496 54 45 62 0.012738701
497 23 37 49 0.01273868
95 918 255 311 0.012736927
548 32 18 27 0.012716142
1007 342 17 64 0.01271252
196 1245 206 164 0.012698539
211 582 329 467 0.012691393
0 645 145 245 0.012650384
754 349 200 247 0.012647452
0 1048 119 276 0.0126403095
982 58 42 116 0.0126335155
441 37 42 53 0.012608793
1000 0 17 11 0.01259765
668 0 37 28 0.012594486
196 56 193 249 0.012532666
456 50 41 56 0.012522726
864 0 26 20 0.012501916
904 0 22 18 0.01248639
59 728 140 186 0.012455969
156 0 108 89 0.012438801
796 984 135 175 0.012434163
531 535 125 163 0.012414348
876 142 140 178 0.012384505
318 1244 201 165 0.012375654
801 871 223 359 0.012325647
779 616 240 310 0.01231354
360 1349 114 60 0.012308712
276 138 149 201 0.012308359
0 573 9 21 0.012304778
688 50 188 239 0.012273446
606 0 36 29 0.012267575
982 301 42 93 0.012242498
504 1244 76 102 0.012237641
177 5 51 86 0.012236201
589 0 28 22 0.012233555
0 184 20 43 0.012223384
0 976 75 189 0.012208754
441 1249 83 69 0.012187106
899 52 19 25 0.012175008
383 0 29 17 0.01216085
659 312 94 118 0.01215704
833 0 49 34 0.012138853
613 1350 115 59 0.012126835
231 382 131 161 0.012125601
0 23 38 87 0.01211742
311 246 357 462 0.012112171
0 737 165 298 0.012111981
108 395 119 155 0.012110993
318 122 20 27 0.012048789
410 1290 138 119 0.012043927
365 391 118 153 0.012040975
205 603 21 23 0.012015434
939 1085 85 226 0.012014705
764 769 136 183 0.012003037
918 243 54 56 0.012001352
426 146 43 55 0.011997768
1021 226 3 45 0.011961576
0 587 44 78 0.011927622
0 0 8 11 0.011886998
643 255 77 111 0.011883704
979 452 45 106 0.011880205
316 1349 115 60 0.011857222
644 766 134 181 0.011854116
750 1243 103 79 0.0118257245
250 423 81 101 0.01182475
575 0 19 14 0.011824184
766 911 141 187 0.011822873
12 826 226 312 0.011822543
378 0 43 48 0.011818108
841 61 22 24 0.011816029
827 280 142 179 0.011811499
669 886 140 178 0.0118028065
80 351 178 237 0.01180246
903 0 38 28 0.0117971515
23 1005 132 190 0.011796202
534 1115 68 67 0.011794759
762 226 125 148 0.011787304
282 0 42 50 0.011786713
538 359 376 506 0.011783437
79 865 134 180 0.0117550315
432 245 77 105 0.011749858
0 59 26 64 0.011747085
0 569 66 181 0.01172276
638 56 63 93 0.011720251
80 938 136 194 0.01171897
489 1033 228 281 0.011713169
464 87 60 92 0.011701201
828 0 26 20 0.0116875805
0 824 108 270 0.011686363
1020 38 4 51 0.011679723
628 403 124 147 0.011658147
448 21 39 52 0.011650867
1022 0 2 28 0.011648266
337 0 36 28 0.011646672
1009 58 15 66 0.011643223
410 1140 21 25 0.011643073
810 0 33 22 0.011636352
485 312 39 57 0.011624661
684 554 124 151 0.011622213
535 91 46 47 0.011604486
37 528 122 148 0.011576741
290 754 184 265 0.011567462
222 217 142 186 0.011544241
734 988 138 172 0.011543969
464 1348 111 61 0.011538144
573 25 52 64 0.011536022
64 567 354 505 0.011534265
417 1143 20 31 0.011515009
749 527 122 147 0.0115120625
727 0 39 30 0.011498955
819 914 139 186 0.011495583
477 76 48 66 0.011480613
545 758 93 153 0.011476387
330 1135 28 41 0.011472616
134 0 28 18 0.011462438
726 19 17 25 0.0114373155
944 733 80 209 0.011433276
34 0 62 44 0.011431908
388 209 73 113 0.011430754
899 189 35 53 0.011430309
33 624 56 90 0.011425993
336 1158 154 172 0.011412024
742 265 44 64 0.011410466
708 741 137 181 0.011393352
34 317 92 109 0.011391729
943 0 25 27 0.011382893
746 471 200 258 0.011359402
460 13 37 51 0.011359004
766 1036 133 178 0.011341459
767 580 134 165 0.011309922
354 786 123 167 0.011307942
728 208 214 284 0.011304635
696 219 89 127 0.011302114
0 1095 69 184 0.011294836
255 0 28 23 0.011294565
425 0 45 42 0.011293503
623 457 401 532 0.011291741
501 0 26 16 0.011288013
518 105 50 54 0.011284539
641 387 91 107 0.011267595
18 453 174 264 0.011247994
0 657 44 104 0.011237664
985 358 39 106 0.011236946
759 1250 123 130 0.011236012
0 187 123 367 0.011205755
801 4 22 29 0.011202528
325 0 26 31 0.011184934
802 9 77 94 0.011184676
453 0 45 42 0.011180459
577 838 264 308 0.011179341
628 525 128 158 0.011176119
645 1018 132 168 0.011176075
396 268 58 85 0.011169756
1010 8 14 59 0.01116699
548 593 132 141 0.011163431
438 263 40 44 0.011151215
913 534 30 34 0.011149352
84 60 80 106 0.011133801
0 261 28 63 0.011116148
725 0 23 23 0.011112465
541 1 25 31 0.0111096995
780 0 24 20 0.011084402
721 0 21 15 0.011083129
530 1279 156 130 0.01107402
0 31 6 16 0.0110736
866 52 96 127 0.011072639
238 453 73 87 0.0110647315
189 1054 230 268 0.011056597
798 1166 129 167 0.011051001
971 0 21 13 0.011047784
488 131 66 74 0.011038277
855 1230 147 176 0.011030698
54 362 97 113 0.011019932
496 1166 32 34 0.011010649
411 1349 113 60 0.01100778
213 652 193 267 0.011003389
830 1200 129 169 0.010993695
375 1182 205 227 0.010990993
717 672 121 154 0.010988224
728 277 57 79 0.010985572
699 674 265 320 0.010970305
355 1255 44 50 0.010958867
625 32 116 147 0.010958565
682 295 179 231 0.010958
1000 536 24 79 0.010957438
85 0 65 61 0.010956232
703 0 16 9 0.010942281
499 1160 24 28 0.010937714
179 321 13 18 0.010914243
767 0 25 20 0.010912327
0 732 64 181 0.010912046
917 1025 107 181 0.010903684
0 613 32 64 0.010903354
1000 436 24 79 0.010900874
704 0 24 16 0.010900462
185 0 22 16 0.010891682
0 7 28 53 0.01088728
141 221 12 18 0.010863009
28 887 135 184 0.010854789
527 238 334 428 0.010852978
675 227 73 105 0.010851435
785 0 15 10 0.010839214
470 591 68 88 0.010825075
646 10 34 54 0.010824609
980 0 41 25 0.010822585
91 1341 39 47 0.010821678
823 609 137 152 0.010809338
47 0 16 10 0.010806302
180 876 360 482 0.010802708
67 755 220 293 0.01080188
469 868 351 425 0.010800774
363 1113 62 71 0.0107855275
367 0 44 27 0.0107814325
1020 15 4 52 0.010776692
856 1019 134 175 0.010773856
798 166 126 143 0.010772903
157 63 67 106 0.010770752
388 1146 60 81 0.010769702
905 395 77 93 0.010766846
0 1360 46 49 0.010763831
631 10 35 60 0.010757594
65 229 337 495 0.010752736
620 726 132 168 0.010744946
973 0 30 19 0.010732891
668 23 20 26 0.010731232
125 320 12 16 0.010712766
129 35 78 104 0.010711638
255 341 114 150 0.010711566
286 1292 141 117 0.010710273
0 103 48 125 0.010709615
506 1092 154 176 0.010702388
580 687 256 330 0.010698274
0 337 43 100 0.0106957685
0 1394 37 15 0.0106944125
531 464 130 159 0.01069254
416 45 44 55 0.010690035
358 450 239 315 0.010684907
599 1052 227 265 0.010674026
1011 183 13 45 0.010671009
543 313 130 147 0.0106657455
750 23 71 88 0.01063809
145 337 200 248 0.010637201
489 633 41 55 0.010633542
397 0 25 21 0.01063111
597 456 135 161 0.010630452
549 1151 45 40 0.010625464
45 1348 98 61 0.010614972
618 0 31 20 0.010613333
876 1076 25 33 0.010607215
974 183 50 117 0.010590656
588 777 139 179 0.010589668
840 0 22 23 0.010584799
16 1378 45 31 0.010574957
347 669 129 177 0.010565463
809 446 121 142 0.010563638
393 0 46 42 0.010563212
527 0 30 19 0.010557427
717 43 46 58 0.010553904
517 24 37 54 0.010551741
127 300 77 108 0.010551184
0 190 27 66 0.01054988
335 361 177 231 0.010546748
0 403 52 99 0.010543286
577 1122 23 25 0.0105382055
313 1025 197 249 0.010537095
459 0 23 17 0.01053612
542 37 12 17 0.010528881
485 0 34 20 0.0105266925
560 101 91 80 0.010524964
1016 89 8 49 0.010523855
83 513 122 160 0.0105197225
208 0 27 19 0.010512
191 4 29 38 0.010505226
242 43 64 82 0.010495001
997 625 27 87 0.010494911
463 0 41 24 0.010490849
82 119 83 103 0.01047907
1022 516 2 46 0.010475722
75 615 10 13 0.010475703
370 335 94 121 0.010475411
741 12 22 28 0.010469521
685 699 126 162 0.010463139
792 256 128 149 0.010459048
695 649 110 139 0.010456281
1016 636 8 54 0.01045161
643 98 128 178 0.010449684
603 38 41 53 0.010448784
141 0 42 50 0.010441156
259 0 49 40 0.010419728
291 221 121 162 0.010419272
522 1268 83 104 0.010419121
637 0 23 13 0.010414373
536 663 73 71 0.01041185
416 84 50 67 0.010397622
489 39 39 51 0.010383172
723 241 98 124 0.010383171
49 1361 10 12 0.01038109
904 139 91 118 0.010376595
564 489 132 164 0.010371223
562 1115 13 12 0.010368605
0 1381 6 20 0.010366584
267 1346 105 63 0.010365363
915 0 22 21 0.010360442
411 400 126 161 0.010349891
766 1130 128 172 0.010345502
832 28 58 79 0.010344968
378 1258 50 43 0.010332449
909 541 20 23 0.010332103
336 1176 23 19 0.010328449
338 1208 75 97 0.010321328
874 0 21 28 0.010320981
1022 418 2 46 0.010315476
44 0 26 14 0.010314279
43 690 117 142 0.010313863
825 211 140 175 0.010309772
467 387 289 391 0.0102989795
7 569 108 133 0.0102979615
728 0 15 9 0.01029796
688 66 117 153 0.010296774
722 979 260 315 0.010295983
1023 233 1 40 0.010294976
726 223 62 87 0.010294704
112 0 55 53 0.0102911275
450 558 186 210 0.010289007
595 555 129 155 0.010283581
358 452 133 166 0.010279869
94 214 104 144 0.010277232
977 621 47 122 0.010274137
411 1114 127 147 0.010272813
436 30 25 38 0.010272766
757 35 39 50 0.010271869
830 499 141 181 0.010268864
940 474 21 29 0.010258883
167 31 49 79 0.0102476375
770 698 126 162 0.010244853
795 831 136 183 0.010241733
324 68 39 49 0.010240911
317 856 198 300 0.010237125
43 0 40 26 0.010234249
245 481 203 251 0.010232902
54 1016 230 304 0.010232614
850 1260 87 107 0.01022833
376 795 81 104 0.010212196
244 238 180 235 0.010211311
394 1264 57 45 0.010208088
916 425 37 45 0.010208022
528 1136 97 96 0.010205826
571 1152 37 43 0.010205657
178 1347 102 62 0.010199086
71 318 17 19 0.0101958085
1009 86 15 59 0.010192001
141 1383 45 26 0.0101903705
1013 27 11 60 0.010188402
80 1037 132 181 0.010185435
1014 227 10 51 0.010179055
242 474 118 132 0.01017812
109 1339 36 49 0.010172338
771 0 16 9 0.010157097
752 641 116 145 0.010154852
372 136 93 138 0.010149727
590 163 82 110 0.010145274
598 1143 123 140 0.010144124
977 197 37 44 0.0101382565
371 0 28 18 0.010132276
705 1041 135 172 0.010128431
343 107 97 127 0.010126083
119 865 22 23 0.0101237325
362 100 60 66 0.010121196
521 1131 55 37 0.010114005
716 585 120 148 0.010109296
1022 37 2 43 0.0100996625
143 0 16 10 0.010097195
707 39 39 50 0.010094645
87 0 21 18 0.010089396
75 658 184 246 0.010088455
759 171 80 94 0.01008702
617 12 38 51 0.010085182
0 63 7 20 0.0100776125
0 865 66 179 0.010075552
693 13 34 47 0.0100664105
579 10 35 62 0.010064333
293 1110 160 176 0.010063292
1003 311 21 72 0.010061424
440 13 27 49 0.010045013
203 0 79 57 0.010044549
897 0 22 26 0.010044238
107 497 78 103 0.010037874
900 14 69 109 0.010029226
283 663 147 181 0.010025752
616 0 46 34 0.010023523
906 869 69 95 0.010020899
86 338 105 135 0.010016622
1023 230 1 37 0.010015992
0 478 15 39 0.010014281
174 1290 144 119 0.010013165
716 5 36 51 0.010003462
447 0 28 19 0.010000467