34_Baseball_Baseball_34_585
557
660 96 149 202 0.9052781
218 365 117 145 0.86275774
691 16 171 231 0.03746854
907 0 117 110 0.037149873
846 0 178 203 0.034615878
578 81 165 215 0.03347759
0 0 74 98 0.033355188
636 193 167 230 0.032652434
116 342 153 198 0.031820778
0 0 152 204 0.031649355
0 520 159 248 0.031591836
805 477 193 257 0.030953372
941 689 83 79 0.03018459
734 0 145 108 0.029592434
0 662 87 106 0.029424027
373 0 154 118 0.029145826
285 0 150 110 0.028002163
0 0 48 65 0.027625209
673 487 296 281 0.027343525
628 0 179 137 0.027336607
808 76 159 208 0.02699365
0 287 223 344 0.026582576
257 410 81 95 0.02656838
311 0 286 201 0.026354676
882 582 142 186 0.025970481
192 0 151 106 0.025818886
486 0 282 194 0.025803996
821 0 153 124 0.02575469
244 340 155 197 0.025621448
340 0 127 91 0.025536202
457 0 153 116 0.025439039
252 0 124 86 0.024755012
179 313 182 249 0.02457605
30 0 288 213 0.024477936
226 331 93 129 0.02440331
964 0 60 59 0.024349837
37 530 265 238 0.024298431
106 0 149 101 0.024129294
762 31 249 312 0.023802252
698 0 119 80 0.023706127
790 0 123 94 0.023604957
306 0 104 71 0.02332967
162 0 122 81 0.023295842
395 0 106 74 0.023278298
4 19 224 331 0.023246106
438 0 107 76 0.022950228
893 74 131 223 0.022769343
754 0 100 69 0.022677535
925 192 99 153 0.022436108
18 0 142 102 0.022417016
12 645 165 123 0.022305034
860 105 164 340 0.02228892
0 261 84 198 0.022157568
657 0 115 76 0.022155458
603 0 138 99 0.022043025
194 350 103 133 0.02190713
974 722 50 46 0.021818627
9 436 174 237 0.021679483
0 0 31 43 0.021566072
667 336 282 341 0.02150241
214 0 105 68 0.021481803
134 648 170 120 0.021305447
70 405 205 261 0.021253483
53 207 236 317 0.021118188
841 0 106 78 0.021106273
334 33 267 340 0.02093987
903 446 121 247 0.020846225
0 38 76 189 0.020757984
504 537 294 231 0.020711834
482 0 105 73 0.020711109
139 0 247 157 0.020619282
908 249 116 198 0.020562472
0 346 88 204 0.020545764
543 662 158 106 0.020524148
200 241 141 222 0.020486457
4 212 192 276 0.020390254
128 0 104 65 0.020357523
73 0 123 80 0.020179002
237 654 158 114 0.020154903
241 0 245 155 0.020093381
518 0 124 88 0.019941512
402 547 277 221 0.019899197
571 0 116 84 0.019736655
118 4 268 358 0.019704018
292 379 101 128 0.019658038
174 465 102 124 0.019522352
472 667 150 101 0.019442817
216 432 106 134 0.019411804
638 651 165 117 0.019401822
0 171 77 199 0.019373782
362 671 155 97 0.019307451
70 0 76 57 0.01925575
94 270 159 203 0.019218963
641 99 92 146 0.019205129
822 640 159 128 0.019112391
413 187 257 341 0.01904268
528 0 183 121 0.019004522
136 44 164 198 0.018888358
0 437 89 203 0.018874854
72 688 130 80 0.018866817
767 123 148 192 0.018846942
693 202 109 110 0.018799758
191 399 115 133 0.018723147
56 42 162 199 0.01863887
168 601 193 167 0.018570457
0 290 52 134 0.018557655
913 355 111 211 0.01846565
442 25 178 226 0.018465523
222 541 277 227 0.018431656
632 0 75 51 0.018418707
306 420 94 123 0.018364927
210 688 120 80 0.018350853
720 650 169 118 0.018298706
363 429 171 221 0.018103248
278 28 170 223 0.017960295
485 113 161 216 0.017919488
60 0 151 151 0.017908406
534 239 178 231 0.017865665
54 341 145 193 0.017810656
0 22 49 130 0.017720196
262 271 159 205 0.01766164
627 566 224 202 0.017656464
938 335 86 135 0.017559743
323 60 171 235 0.017445225
297 688 119 80 0.017418161
273 0 79 60 0.017381852
0 101 134 315 0.017323626
850 292 174 351 0.017294582
808 0 81 61 0.01719825
665 79 113 140 0.017102335
888 684 108 84 0.01709181
0 377 53 137 0.017081836
153 466 49 60 0.017056733
257 456 101 127 0.017021352
225 68 165 217 0.017013034
320 456 256 310 0.016914068
743 167 85 129 0.016875766
0 706 43 62 0.016828915
0 114 47 126 0.016817642
313 474 91 116 0.016697753
629 27 50 45 0.016623808
726 0 67 50 0.01655946
99 104 156 199 0.016553203
662 0 63 42 0.016543861
683 0 65 46 0.016462846
616 0 62 43 0.01642025
182 106 157 210 0.01641754
27 0 81 63 0.016403293
442 702 105 66 0.0163977
21 77 151 194 0.016304968
1011 0 13 17 0.016218098
288 153 156 217 0.016174747
0 141 59 156 0.016165556
586 0 77 56 0.01615986
196 481 147 186 0.016149897
269 353 92 125 0.016095668
0 467 54 138 0.01606955
878 212 134 174 0.016044656
623 237 103 128 0.016007768
258 0 66 48 0.015965678
970 591 54 121 0.01593885
749 189 272 349 0.015921831
238 107 262 354 0.015867554
0 539 71 168 0.015848812
265 418 170 213 0.01579806
602 678 140 90 0.01578172
212 0 66 47 0.01572453
19 313 136 182 0.015713803
0 201 48 132 0.015687691
611 329 229 289 0.015674358
364 339 164 225 0.015660558
795 692 112 76 0.015635647
226 288 230 304 0.0156210335
684 188 214 276 0.015609737
363 0 80 59 0.015598409
331 197 154 215 0.015596159
523 319 207 270 0.015523685
0 602 55 137 0.015518522
710 532 136 143 0.015382775
133 381 99 125 0.015364744
202 67 118 145 0.015358091
842 691 109 77 0.0153330155
64 542 139 176 0.01528474
137 461 258 307 0.015276521
920 0 83 63 0.015249751
310 296 97 129 0.015211164
0 0 10 13 0.015121476
448 191 163 217 0.015065634
700 691 118 77 0.014988761
315 284 259 344 0.014978792
54 153 157 218 0.014969164
999 749 25 19 0.014921524
96 502 150 192 0.014914293
995 0 29 31 0.014894433
164 24 117 137 0.014840251
0 0 20 25 0.0148062445
344 225 206 275 0.014803673
509 381 270 326 0.014793177
362 142 175 236 0.014791805
115 67 124 148 0.014761809
746 692 116 76 0.014735632
409 378 255 323 0.014721313
710 0 54 39 0.0147030065
644 0 50 33 0.014694113
101 0 64 44 0.014650004
324 0 66 47 0.014595946
372 37 153 197 0.014593716
759 403 175 235 0.014581831
346 16 120 147 0.014447654
416 118 156 200 0.014425162
865 549 126 165 0.014414177
83 143 111 133 0.014399768
240 0 55 38 0.014389031
131 475 97 120 0.014288072
429 13 127 150 0.014280722
434 0 69 51 0.01424642
63 0 54 40 0.014131282
147 0 65 46 0.013967126
17 246 103 140 0.013966894
641 457 214 233 0.0139511
123 0 42 29 0.013916955
631 169 124 149 0.013896095
253 17 117 140 0.013886258
207 377 44 78 0.013868888
663 288 102 119 0.0138513325
984 567 40 84 0.01384157
0 260 46 111 0.013826276
569 0 65 48 0.013804356
799 111 95 131 0.013794228
432 233 118 150 0.013793817
966 460 58 118 0.013783976
415 540 147 170 0.013754011
458 297 151 204 0.013729858
753 0 57 40 0.013720617
665 532 122 137 0.013703569
730 253 148 178 0.013696928
1 593 104 158 0.013680268
294 403 51 89 0.013615993
61 281 131 171 0.0135557735
479 0 68 50 0.013546228
36 147 108 135 0.013476494
525 0 67 51 0.013474994
364 577 157 170 0.013433033
58 70 104 131 0.013411885
307 0 55 39 0.013405016
249 242 119 171 0.0133398
961 383 63 119 0.013336679
984 502 40 79 0.013331626
598 0 53 36 0.013320859
149 220 148 212 0.013304234
971 509 53 121 0.01329305
0 548 47 110 0.013274436
308 628 159 140 0.013256713
427 319 126 168 0.013232421
15 399 129 181 0.013195719
831 172 147 190 0.01319256
552 160 153 193 0.0131731
599 260 142 180 0.013171881
753 33 102 130 0.013155003
666 693 99 75 0.013151178
609 25 151 206 0.013133985
0 82 43 105 0.013113651
281 425 86 103 0.0131105175
397 567 104 118 0.013100091
345 145 118 155 0.013093771
976 361 48 86 0.0130905695
859 0 68 50 0.013089353
773 39 152 201 0.013080077
195 0 55 38 0.013040679
776 0 56 40 0.013038384
694 263 125 145 0.013007852
23 180 130 178 0.012999524
422 394 137 186 0.012976358
215 196 102 132 0.012937176
21 693 98 75 0.012906633
945 549 79 134 0.012823388
69 466 121 158 0.012822278
0 347 46 111 0.012803496
768 574 177 170 0.012793276
469 465 88 117 0.01279089
725 76 118 152 0.012777553
10 0 65 50 0.012754221
621 34 102 134 0.012738605
352 0 55 38 0.012709746
335 306 141 193 0.012680263
798 0 56 40 0.012656018
0 438 45 111 0.012655791
420 633 154 135 0.012634242
267 693 99 75 0.012632009
579 150 102 140 0.012627534
955 160 69 134 0.012620433
165 135 198 296 0.012602712
162 143 116 142 0.012592016
823 257 149 186 0.012585548
845 243 106 129 0.012570859
254 148 115 146 0.012533062
173 0 55 38 0.012490023
946 616 78 137 0.012482423
308 195 108 140 0.012464681
700 219 64 76 0.012407579
45 0 42 29 0.01237897
302 105 118 153 0.01236856
309 516 101 124 0.012368488
672 161 12 12 0.012349605
955 47 69 133 0.012338127
639 304 145 185 0.012326765
142 0 46 31 0.01232475
752 238 99 125 0.012270427
552 0 55 40 0.012262808
26 509 115 151 0.012261187
57 248 107 136 0.012258087
384 264 132 175 0.01225691
519 241 108 134 0.0122378385
17 0 22 16 0.01221126
922 0 22 16 0.012210668
1 181 53 78 0.012189906
821 0 55 40 0.012174606
904 0 69 50 0.012173643
218 432 73 86 0.012165768
418 0 56 40 0.0121494
692 441 107 128 0.012146794
202 556 130 161 0.012136718
910 0 22 15 0.012109158
511 12 130 163 0.012059224
126 190 108 137 0.012048147
128 696 102 72 0.012047752
1019 750 5 17 0.012027793
959 297 65 126 0.011996516
981 648 43 87 0.011984963
536 695 102 73 0.011973205
778 311 146 190 0.011964136
90 0 43 29 0.011962287
167 514 105 129 0.011960263
463 0 56 40 0.011928222
85 51 103 126 0.011926719
0 188 28 67 0.011921916
397 0 55 40 0.011915877
583 703 86 65 0.011887667
477 283 112 143 0.011870379
932 0 22 16 0.011866862
657 478 112 125 0.011839939
664 0 23 16 0.011839821
1018 733 6 19 0.011826079
12 718 65 50 0.011812352
877 321 128 168 0.011793054
79 192 110 139 0.011789294
143 550 140 172 0.01176816
1018 717 6 20 0.011751161
260 512 102 125 0.011749991
475 100 122 158 0.011729157
419 574 81 62 0.011728021
505 349 146 193 0.011710255
508 0 56 40 0.011700655
48 4 78 82 0.0116905505
450 534 102 109 0.011666729
144 430 71 89 0.011662632
380 0 22 16 0.011653411
843 0 56 40 0.011614038
911 592 92 125 0.011594128
928 723 65 45 0.011565586
224 0 21 15 0.011562706
576 250 98 123 0.011562413
37 28 99 122 0.011556878
24 0 42 27 0.011547777
1018 709 6 20 0.011541539
801 290 98 119 0.011540389
201 0 22 16 0.011538584
497 0 22 16 0.011529995
353 82 101 143 0.011527829
865 129 101 140 0.011527717
562 281 120 152 0.011514894
0 9 27 70 0.011493239
372 217 102 141 0.011489396
128 252 102 133 0.011472028
643 174 7 10 0.0114671085
731 364 155 200 0.011454862
899 0 22 15 0.0114542935
507 538 142 181 0.011452654
764 557 112 132 0.011431584
258 332 61 74 0.011428678
1018 741 6 19 0.011427495
20 69 97 134 0.011425256
213 0 21 16 0.011419152
463 0 22 15 0.011418087
408 0 22 15 0.011413938
482 381 103 133 0.011408871
675 155 11 13 0.011406349
450 437 87 122 0.011397541
165 481 32 39 0.011383939
747 717 67 51 0.011372343
486 0 22 16 0.011344732
629 467 14 18 0.011343391
630 709 84 59 0.011340659
83 425 98 125 0.011318958
860 718 70 50 0.011317625
336 400 132 177 0.011314535
175 697 95 71 0.011310871
965 213 59 112 0.011283063
819 356 149 217 0.011283
0 120 25 70 0.011268146
463 488 142 185 0.011226438
1018 443 6 17 0.011225425
39 0 22 16 0.01118815
475 0 22 15 0.01118179
391 0 22 16 0.011181626
1018 454 6 18 0.011172411
171 249 99 131 0.011162191
107 598 134 158 0.011105012
419 0 22 16 0.011095903
766 234 12 16 0.0110938605
631 0 22 16 0.011066257
259 567 109 132 0.011059281
0 512 36 93 0.01105593
1018 701 6 20 0.011045311
353 475 94 119 0.011043005
820 723 64 45 0.011042612
508 0 22 16 0.011040768
28 0 22 15 0.011039013
854 0 23 16 0.01103322
235 0 21 15 0.011022513
703 717 69 51 0.011003072
37 28 57 63 0.010991602
453 0 22 15 0.010987046
513 444 136 183 0.0109769385
804 19 95 137 0.010971154
537 521 90 117 0.010968238
353 288 104 136 0.010953833
648 0 22 15 0.010923955
1018 0 6 13 0.010907851
0 648 35 89 0.010902542
430 0 22 16 0.010889628
597 355 142 187 0.010888975
761 237 13 16 0.010880909
101 718 68 50 0.010877574
327 497 147 181 0.010876694
887 0 56 40 0.010873419
797 723 62 45 0.010861695
0 276 27 74 0.010857352
242 608 100 140 0.01085735
0 744 21 24 0.010838377
966 261 58 107 0.010822774
395 170 102 144 0.010814235
36 284 104 142 0.010813162
295 554 133 162 0.010809031
50 0 22 16 0.010803695
191 0 21 15 0.010792385
1018 690 6 19 0.010779381
864 38 102 142 0.010747085
888 0 22 16 0.010744976
783 218 138 177 0.010742471
866 0 22 15 0.010741181
198 434 7 10 0.010733251
247 0 21 15 0.010730256
770 240 11 14 0.010718057
1018 461 6 18 0.010707388
441 0 22 15 0.010706905
395 102 103 145 0.010705836
489 705 88 63 0.010700496
402 382 100 130 0.01069177
164 418 79 95 0.010691193
610 428 14 13 0.0106757395
214 327 72 91 0.01067457
965 127 59 110 0.01067385
524 337 106 134 0.010668552
202 402 64 87 0.0106675625
1018 435 6 18 0.010657437
381 703 84 65 0.010650518
944 0 22 15 0.010649364
0 602 36 90 0.01064103
1018 126 6 20 0.010633359
785 165 77 112 0.010624861
291 0 21 16 0.010616635
439 609 105 117 0.010610117
175 87 101 137 0.010596542
311 44 94 135 0.010588296
119 0 30 21 0.010583608
779 163 47 77 0.0105764605
637 453 103 121 0.010569973
612 98 82 132 0.010565534
258 0 21 16 0.010557357
871 199 92 127 0.01055391
489 441 86 112 0.010545077
107 0 20 14 0.010518039
628 39 48 66 0.010516039
79 620 110 136 0.010515904
0 76 26 71 0.0105105825
124 138 95 120 0.010510088
932 0 57 40 0.010506346
0 566 27 73 0.010494887
274 0 21 15 0.0104934545
519 0 22 16 0.010487565
5 0 23 15 0.010482658
369 0 22 15 0.010475807
843 0 22 15 0.010460513
402 471 97 124 0.010458782
877 0 22 15 0.010441539
347 566 110 129 0.010440649
1018 103 6 20 0.010421419
971 17 53 94 0.010405051
707 241 94 103 0.0103988405
147 111 101 133 0.010396683
532 564 95 119 0.010391347
1018 45 6 20 0.010386296
8 188 76 100 0.010385933
0 402 35 90 0.010379142
482 502 94 114 0.010376667
0 320 27 74 0.010372216
691 394 97 128 0.010365647
281 609 105 134 0.010363516
531 0 22 16 0.010351867
620 0 22 16 0.010351322
1018 13 6 21 0.01034879
15 552 100 142 0.01034347
1018 117 6 20 0.010342768
843 86 100 138 0.010328808
1018 682 6 19 0.010318798
542 0 22 16 0.010318727
268 0 44 32 0.010308973
829 138 90 125 0.010305272
0 499 27 74 0.01028342
675 0 23 16 0.01028119
832 0 22 15 0.010270918
745 326 124 154 0.0102633685
0 233 25 70 0.0102591375
1021 753 3 13 0.010256257
79 0 20 14 0.010243881
95 0 22 15 0.010224358
1019 412 5 17 0.010224076
86 30 33 20 0.01021795
1018 25 6 20 0.010207262
886 427 106 166 0.010201681
762 231 12 17 0.010200848
57 720 67 48 0.010169539
572 339 101 131 0.0101656355
552 720 65 48 0.010162888
654 65 86 100 0.010160489
439 104 102 143 0.010148782
1018 64 6 20 0.010131733
705 62 98 104 0.010127956
356 385 92 124 0.010127614
832 325 124 158 0.0101249125
485 37 102 143 0.010118909
1018 36 6 21 0.010102972
275 457 13 17 0.010094559
302 0 21 16 0.010092248
1018 3 6 21 0.010085291
617 337 100 127 0.010062139
62 0 20 14 0.010061412
672 343 92 112 0.010055599
603 619 87 105 0.010053044
1018 95 6 20 0.010048225
1018 134 6 21 0.010037962
483 565 101 120 0.01002953
531 426 100 129 0.010018527
1018 81 6 20 0.010018033
0 753 14 15 0.010012411
1018 72 6 21 0.010002806