33_Running_Running_33_577
480
493 204 287 257 0.82259315
200 237 175 198 0.7229369
102 214 157 153 0.49986506
45 208 136 133 0.11818011
153 184 172 204 0.11484413
226 304 115 128 0.067213684
104 248 211 213 0.056975804
402 131 268 291 0.05607753
473 274 198 207 0.052937012
537 43 280 345 0.05026199
280 235 208 227 0.046051435
56 134 182 226 0.045775313
142 257 101 104 0.041461393
1 212 182 226 0.040310476
367 301 267 293 0.038884006
0 0 102 134 0.03771302
13 199 104 137 0.037610076
147 309 198 236 0.036663886
474 202 152 184 0.036621436
248 174 160 220 0.03535874
348 433 261 327 0.034738325
902 0 122 149 0.034182772
777 0 247 256 0.034178797
617 74 314 370 0.03394282
43 176 94 135 0.03389579
78 254 102 110 0.03374654
947 1219 77 147 0.033196535
418 242 190 208 0.03309766
0 0 186 267 0.032915574
219 117 150 220 0.032181595
775 1077 249 289 0.03212234
0 1174 119 192 0.03182692
0 0 65 89 0.031082127
82 218 105 78 0.030949844
107 272 103 114 0.030911997
1 607 112 194 0.029916871
13 1139 220 227 0.02967382
38 286 168 203 0.0295072
466 364 153 181 0.02865419
408 312 136 176 0.028306074
88 332 194 250 0.02827015
410 322 368 451 0.027957043
285 778 364 421 0.02770509
217 285 232 262 0.027449386
413 160 133 184 0.027308185
416 0 364 310 0.02722971
200 0 203 132 0.02716096
21 0 195 142 0.027038764
1 513 107 179 0.026769089
344 215 137 179 0.02670692
627 206 201 215 0.026368052
228 247 103 142 0.026251284
895 47 129 281 0.026228836
378 0 198 142 0.026221996
161 178 298 308 0.025886782
5 189 74 106 0.025875041
0 305 135 212 0.025866669
902 1112 122 254 0.025014084
150 278 126 120 0.024881328
10 122 308 329 0.024461707
401 1061 384 305 0.024292713
3 109 175 232 0.024289615
111 46 242 270 0.024016397
505 0 198 144 0.023856675
129 163 91 149 0.023846164
224 348 142 174 0.023739541
572 0 255 191 0.023719829
7 533 180 260 0.023660218
0 659 166 291 0.023576021
818 0 167 127 0.023461383
925 168 99 224 0.023377897
455 0 164 117 0.023334352
88 0 170 113 0.02312514
687 213 224 262 0.02310336
328 0 172 116 0.022977352
151 0 171 108 0.022874312
909 280 115 257 0.022823652
0 535 68 123 0.022633987
912 402 112 278 0.022530204
911 679 113 328 0.022490766
242 427 249 313 0.022348596
0 243 85 214 0.022322377
0 386 114 184 0.02220536
521 343 164 187 0.022004798
354 1173 260 193 0.021820948
941 256 83 181 0.02178557
741 0 193 157 0.021679781
190 335 122 125 0.021520093
17 421 178 259 0.021351464
774 586 250 502 0.021316584
322 553 311 422 0.021266012
0 207 71 167 0.021190893
486 378 211 280 0.021167668
789 247 235 463 0.021131957
170 0 373 270 0.02090514
555 275 257 258 0.020805724
624 0 170 123 0.02078308
112 1154 246 212 0.020771658
602 389 105 72 0.020685373
580 0 147 103 0.020675752
916 532 108 303 0.020604005
477 1194 228 172 0.020588819
286 0 143 95 0.020460702
31 361 156 211 0.020456908
0 328 64 174 0.020373689
82 478 196 260 0.020353971
906 945 118 299 0.020128315
21 168 85 116 0.020124095
945 379 79 190 0.02008892
0 883 110 263 0.019966757
172 1066 402 300 0.019959062
0 669 72 183 0.019937169
244 1160 244 206 0.019889183
0 146 56 135 0.01968035
394 747 261 304 0.01961281
0 594 34 57 0.01949494
829 1214 140 152 0.019426586
677 1172 205 194 0.019388996
720 118 186 268 0.019348867
104 243 96 92 0.019293204
163 544 188 241 0.019284664
285 926 393 440 0.019268345
357 153 129 182 0.01924088
849 192 175 312 0.019026527
691 0 164 123 0.01898893
473 107 143 195 0.018933337
61 672 232 303 0.018880697
328 0 299 232 0.018867256
265 92 167 227 0.01886664
0 989 181 296 0.018830601
948 504 76 195 0.018783845
607 228 390 433 0.018451769
0 750 105 279 0.018398298
76 170 82 118 0.018368594
107 0 251 187 0.018330637
949 672 75 229 0.018312441
68 581 223 274 0.018295856
0 562 74 186 0.018166082
124 288 74 71 0.018115934
348 315 128 164 0.018098496
0 578 52 117 0.017942447
968 1282 56 84 0.017898846
958 0 66 82 0.01788998
426 853 258 291 0.017875092
380 147 74 116 0.017831147
258 0 201 186 0.017816545
672 19 194 263 0.017786749
350 901 248 268 0.017739672
1 497 73 112 0.01771648
0 921 70 182 0.017716201
611 94 179 234 0.017658861
551 367 313 387 0.017612439
652 365 372 478 0.017603114
765 1219 144 147 0.017423715
455 573 223 295 0.01733559
947 987 77 202 0.017305568
0 680 204 508 0.017291302
199 418 189 250 0.017237896
812 865 212 426 0.0172021
0 646 39 102 0.016914207
840 769 184 351 0.016912274
678 151 158 213 0.016851582
130 621 219 276 0.016771555
143 311 71 57 0.016708206
116 738 231 298 0.01669814
938 836 86 220 0.01667899
21 553 19 20 0.016652556
219 1215 166 151 0.016645215
852 336 172 271 0.016643459
111 450 133 174 0.01658446
0 257 300 406 0.016583433
0 19 80 214 0.016577356
0 1078 99 230 0.016489599
574 1238 147 128 0.016488494
768 67 116 200 0.016481461
646 1232 141 134 0.016480075
325 117 125 152 0.016448222
221 527 136 174 0.016381629
253 701 297 365 0.016376585
0 1037 71 181 0.01637328
129 940 226 272 0.01633639
470 28 136 177 0.016225435
108 232 66 48 0.01603994
269 345 82 91 0.015996944
331 1220 174 146 0.015976807
321 342 193 242 0.015949363
246 546 267 348 0.015855804
258 928 249 277 0.01579576
0 0 42 58 0.015706616
668 298 165 187 0.015678681
126 409 30 54 0.015665542
0 798 65 185 0.015628733
517 586 375 471 0.015512623
503 835 392 501 0.015469817
256 303 146 151 0.01539673
805 1030 174 235 0.015321832
0 825 32 48 0.015293179
1003 1326 21 40 0.015245191
92 398 298 374 0.015234481
86 303 75 90 0.015169892
51 693 393 467 0.015167431
190 985 244 290 0.015120232
0 190 36 95 0.015105841
0 576 37 53 0.015037438
614 387 214 253 0.015007221
519 105 172 238 0.0149651095
543 0 111 77 0.0148875965
0 655 28 61 0.014871488
146 364 124 154 0.014828194
61 789 227 308 0.014811613
52 217 74 72 0.014807618
162 62 144 159 0.014779067
698 0 96 77 0.014754301
690 684 253 328 0.014750287
191 820 228 287 0.014741447
413 33 134 174 0.014660185
26 227 59 88 0.014618619
583 570 258 326 0.014506463
449 0 109 80 0.014503214
224 51 143 158 0.014478284
524 441 142 173 0.014429817
629 0 115 76 0.014427323
390 423 172 226 0.014413602
107 61 146 176 0.014398704
1020 1339 4 27 0.014368135
0 402 272 444 0.014331038
144 218 94 85 0.014306192
386 583 209 255 0.014270131
473 219 91 119 0.014260389
737 965 206 270 0.01420149
528 31 144 186 0.014199731
527 800 236 275 0.014105129
168 985 144 174 0.01409809
1001 0 23 43 0.014014325
107 315 84 112 0.0139686745
347 41 139 166 0.01394566
460 252 96 156 0.01393175
0 91 54 129 0.013901652
176 680 227 301 0.013887309
1021 0 3 22 0.013860738
287 379 135 164 0.01377897
1022 1344 2 22 0.013764476
219 319 69 98 0.013757985
172 453 136 171 0.013743516
27 749 195 268 0.013698969
53 953 385 413 0.013685602
459 443 147 186 0.013683804
669 454 220 279 0.013643838
662 800 223 289 0.013541985
0 752 52 104 0.013530978
433 981 278 304 0.013525417
0 1273 55 93 0.01350751
213 909 137 169 0.013494596
0 812 316 495 0.013484759
65 1013 203 252 0.0133664375
0 134 36 94 0.013331967
171 334 81 94 0.01329612
396 0 107 80 0.013283834
454 512 154 206 0.013228719
49 504 359 484 0.013223266
472 723 204 235 0.013200173
91 147 62 99 0.013185376
629 363 157 173 0.013177147
806 101 184 269 0.013173759
730 0 83 60 0.013142858
740 197 120 197 0.013132904
69 239 76 79 0.013117812
8 141 66 85 0.013099777
704 560 257 335 0.013085655
606 1056 232 287 0.013069598
63 560 86 63 0.012991291
0 611 8 16 0.012962968
0 629 58 154 0.01293547
6 1355 11 11 0.012866646
499 0 73 53 0.012836888
59 160 70 90 0.012772131
125 0 105 79 0.012767979
725 393 224 271 0.012737764
298 1007 147 173 0.012727735
787 509 227 310 0.012721524
175 192 99 126 0.0127158575
22 889 188 253 0.012700346
34 0 111 81 0.012682348
748 297 167 212 0.012675668
556 469 202 266 0.012666646
751 147 109 159 0.012638766
372 0 72 65 0.012573799
264 549 165 207 0.01256122
449 794 173 200 0.012547368
573 412 171 202 0.012516393
619 875 214 271 0.012501014
204 819 133 160 0.012496889
116 311 67 68 0.012485213
1010 0 14 29 0.012450122
109 153 71 103 0.0124406945
840 0 109 82 0.012437509
348 171 85 100 0.012425461
95 241 63 50 0.012406933
382 190 78 120 0.012346266
548 847 138 156 0.012311585
26 697 128 170 0.012306573
217 658 145 188 0.012305924
70 305 104 147 0.012302347
961 219 63 151 0.012273779
98 981 156 187 0.012243027
0 0 14 17 0.012240992
0 518 39 49 0.012228754
764 254 130 183 0.012203822
42 543 132 147 0.012179169
201 140 75 100 0.012164983
225 980 155 185 0.012164729
391 525 116 156 0.012162832
816 301 169 213 0.012142013
102 353 85 136 0.012112895
620 311 155 154 0.012112417
0 182 20 44 0.012099631
659 543 137 181 0.01207374
36 198 65 63 0.012067045
525 1263 137 103 0.011972451
708 983 146 183 0.01195363
153 727 160 201 0.011952741
355 384 127 163 0.011949768
491 0 29 21 0.011936091
0 649 15 36 0.011904744
218 0 99 77 0.011884078
748 0 104 76 0.011883656
490 280 105 161 0.011839108
456 70 117 185 0.011833646
957 603 67 179 0.011823099
310 284 117 138 0.011794658
163 858 152 193 0.011761445
7 199 46 68 0.011747627
765 1082 152 200 0.011636197
344 550 173 218 0.011622748
0 0 27 35 0.01156464
230 385 80 96 0.011561546
320 1063 137 189 0.011555575
206 389 119 157 0.011541793
527 927 239 288 0.011512229
699 381 143 168 0.011504062
272 364 100 112 0.011485565
350 446 137 173 0.011471359
0 66 43 108 0.011467423
585 355 143 124 0.011448626
808 26 122 186 0.0114400955
646 443 143 165 0.011400915
0 236 44 116 0.011384995
709 1100 149 195 0.011353766
194 99 131 167 0.011342372
7 105 105 132 0.011310612
114 573 123 144 0.011309522
363 108 94 111 0.011306414
303 434 122 167 0.011300617
224 117 74 93 0.011294589
397 644 114 140 0.011288719
0 772 10 18 0.011274
659 1152 130 177 0.011255747
624 1280 117 86 0.0112220375
979 688 45 125 0.011219159
1018 7 6 59 0.011214711
316 0 81 62 0.011199096
0 560 25 47 0.011193471
0 513 18 35 0.011186457
698 440 150 177 0.011172117
148 1093 171 206 0.011164881
334 498 116 166 0.011149136
447 968 138 154 0.011136327
196 729 55 37 0.01113238
816 665 185 273 0.0111092245
947 122 77 181 0.011101398
0 525 41 97 0.011100842
819 431 154 194 0.011093498
525 0 14 10 0.011073498
169 368 78 93 0.011065259
530 0 75 51 0.011060813
626 765 198 243 0.011053931
217 1090 171 208 0.011014067
640 0 61 42 0.011009014
140 330 74 86 0.011007866
676 0 79 53 0.011006176
958 1063 66 175 0.010997965
277 942 150 183 0.0109820645
227 601 124 158 0.010947333
141 0 30 23 0.010924618
682 724 173 222 0.010916483
296 96 125 126 0.01089598
586 0 79 52 0.010885131
855 1141 140 183 0.010874116
65 100 133 141 0.010870705
34 542 92 106 0.010814189
563 663 185 234 0.010788488
475 1261 133 105 0.010781153
170 1356 12 10 0.010778451
7 586 45 51 0.010760108
78 841 131 173 0.010741819
0 600 18 35 0.010740275
96 1052 24 17 0.010736912
0 677 21 64 0.010721742
886 0 30 23 0.010693118
112 277 61 72 0.010686487
12 617 17 17 0.010682364
825 929 139 189 0.010674996
439 0 77 57 0.01066645
519 644 140 196 0.010662769
505 303 75 99 0.010642139
719 1249 122 117 0.010638672
27 1046 133 174 0.0106267985
0 177 9 19 0.010623106
514 0 13 11 0.010617987
25 1248 125 118 0.010605898
0 761 14 29 0.010605198
868 542 126 163 0.010599722
210 89 79 86 0.010598043
104 0 30 23 0.010587628
0 1219 79 122 0.010576878
647 861 150 184 0.0105715245
543 1082 207 238 0.010547904
132 357 97 120 0.0105324695
274 469 121 166 0.010513448
203 119 41 52 0.010501389
394 693 118 154 0.010490896
156 0 30 22 0.01048837
271 1044 138 173 0.010477694
187 668 121 137 0.010475937
100 391 55 96 0.010459086
37 268 102 137 0.010452287
74 0 30 22 0.010436813
830 199 130 182 0.010419071
362 0 56 45 0.010408815
14 1280 88 86 0.010399338
359 672 114 142 0.010383795
162 298 92 67 0.010383521
532 0 15 9 0.01038341
943 26 81 183 0.010377152
0 1347 14 19 0.010375877
19 486 108 130 0.010366113
128 225 77 66 0.010350767
624 492 126 171 0.010335206
968 0 31 23 0.0103299115
526 0 48 32 0.010314984
2 606 25 33 0.010303682
421 812 69 81 0.010294165
648 679 158 198 0.0102887135
0 220 7 19 0.01028867
754 935 147 183 0.010276433
90 0 29 22 0.010251972
477 0 30 22 0.010250304
91 0 87 78 0.010243
571 798 156 185 0.010236185
422 549 120 153 0.010231802
86 141 38 59 0.010227127
0 1333 18 33 0.010225501
993 6 31 102 0.010223189
676 1303 78 63 0.010220216
0 627 8 17 0.01021956
767 382 140 175 0.010205468
52 0 30 23 0.010172529
886 0 15 11 0.010166439
127 0 30 22 0.010161994
971 1021 53 125 0.010152812
152 702 119 145 0.010151362
79 210 50 60 0.010137028
0 663 16 43 0.010130531
295 318 79 110 0.010122519
165 0 87 65 0.010116551
871 0 31 22 0.010113374
232 130 42 53 0.010103479
989 1306 35 60 0.010091141
495 0 15 11 0.01008469
874 367 131 153 0.010078431
688 569 161 192 0.010074555
400 736 173 203 0.010071694
923 0 29 23 0.01007116
864 50 126 185 0.010058529
743 788 163 213 0.010058357
415 1250 130 116 0.0100499345
900 0 30 23 0.010038132
53 591 131 156 0.010030314
0 613 32 78 0.010014704
528 0 31 21 0.010009374