33_Running_Running_33_538
532
695 40 45 51 0.8509029
279 320 374 300 0.06256871
784 153 29 36 0.048281327
361 336 38 49 0.04685702
493 457 29 36 0.030444358
440 348 214 232 0.029295484
714 45 40 46 0.028789928
684 70 62 75 0.02759656
677 64 45 54 0.027235048
698 50 58 66 0.02660609
458 389 40 60 0.026324885
463 380 31 44 0.024180254
417 368 44 64 0.024086883
723 412 149 206 0.023826083
0 0 147 191 0.023171648
358 320 44 49 0.02248606
886 481 25 31 0.022370715
683 19 67 78 0.022300564
115 366 362 254 0.02218315
808 0 216 197 0.021547088
212 350 28 40 0.021532139
674 88 43 52 0.02110754
676 353 17 20 0.0208121
930 0 94 89 0.020594921
778 376 246 244 0.02012868
0 0 68 91 0.020034071
684 0 63 43 0.019630779
324 332 204 195 0.01939736
982 0 42 45 0.019369334
0 0 34 47 0.018750947
775 144 43 57 0.018490091
707 79 54 63 0.017891342
463 360 36 52 0.017834015
1007 0 17 25 0.017646769
737 510 84 81 0.017620677
340 320 120 91 0.017601399
15 455 176 165 0.017242521
494 458 45 51 0.017230488
695 64 40 47 0.017155882
136 438 192 182 0.017059324
421 0 270 200 0.016958913
93 0 296 211 0.01690264
394 373 47 61 0.016665192
765 97 28 31 0.01665758
684 94 13 16 0.016626501
719 36 60 75 0.016549356
130 367 69 83 0.016473627
221 348 11 14 0.016356802
943 538 81 82 0.01634397
527 0 240 186 0.016323546
989 589 35 31 0.016279146
0 512 76 108 0.016128575
260 0 284 203 0.016044952
409 392 48 69 0.016043613
708 24 40 55 0.016035767
217 341 21 30 0.015800128
371 0 136 101 0.015660584
1015 0 9 38 0.015577744
633 403 172 217 0.015562672
280 340 45 58 0.015547095
49 0 140 102 0.015513649
672 348 26 32 0.015488641
724 0 62 45 0.015482761
414 343 47 64 0.015456488
391 382 166 233 0.015390383
764 149 39 47 0.015385117
695 56 30 34 0.015318881
803 0 64 50 0.015308295
875 473 38 47 0.0152665395
312 323 44 49 0.015223009
131 0 138 101 0.015183842
693 0 43 26 0.015180829
338 327 60 72 0.015036721
810 0 129 97 0.015003487
464 364 23 28 0.014970124
707 0 52 35 0.014969919
701 42 27 36 0.014958869
720 54 24 34 0.014897705
284 322 92 80 0.014838347
32 424 24 30 0.014760069
702 9 75 83 0.014679299
292 321 19 25 0.014628053
397 408 48 64 0.0145720625
212 0 137 101 0.014565193
506 414 156 204 0.01454303
291 0 137 101 0.014456761
382 396 46 63 0.014446983
653 28 76 86 0.014390324
1017 281 7 33 0.014365737
310 332 157 130 0.014293071
619 0 205 227 0.0142908
456 381 28 34 0.01423315
691 4 114 135 0.014148028
129 406 58 82 0.014132939
380 363 45 60 0.014114838
1019 0 5 15 0.014109938
0 0 22 30 0.014015956
1009 607 15 13 0.0139895305
629 3 113 138 0.013888465
498 442 39 44 0.013855203
895 383 49 66 0.013846028
87 0 148 140 0.01383773
841 0 66 51 0.013815946
452 0 131 99 0.013770336
368 0 225 156 0.0137308845
543 0 66 53 0.013717579
929 255 47 59 0.013711457
364 424 35 42 0.013667125
1006 1 18 58 0.013608247
710 38 26 33 0.013602002
292 332 47 54 0.013596858
168 0 146 140 0.013579089
24 0 70 55 0.013566793
0 572 36 48 0.013539318
328 0 144 140 0.013485191
204 0 235 161 0.013458029
206 356 38 60 0.013455162
729 33 41 53 0.013373946
680 355 19 21 0.013331965
783 157 43 57 0.013256215
714 72 36 43 0.013204905
433 380 35 48 0.013198598
185 223 362 314 0.013197648
225 346 10 13 0.013185329
943 247 69 87 0.01317269
0 31 73 175 0.013139946
768 532 83 87 0.01313315
358 298 65 74 0.013121025
923 261 68 83 0.0130830435
857 25 75 105 0.013063948
344 0 283 279 0.013063705
0 13 37 93 0.013004018
708 56 29 35 0.0129813
859 0 70 69 0.012976596
105 0 68 53 0.012950461
165 0 68 53 0.012936447
982 243 42 90 0.012845434
927 34 97 169 0.012844863
204 0 69 53 0.012835516
244 0 69 53 0.012793124
200 333 47 61 0.01270828
0 587 23 33 0.012702124
272 250 59 74 0.012691735
461 417 32 43 0.012683019
66 0 68 53 0.0126828775
880 0 68 52 0.012673363
647 0 60 47 0.01266157
670 331 46 65 0.012633764
25 379 75 100 0.012619398
522 0 71 71 0.012601004
353 349 26 35 0.0125861885
508 454 49 52 0.012570997
502 0 68 52 0.012515886
426 357 46 56 0.012511125
911 477 113 143 0.012504974
393 325 58 59 0.012502851
325 371 47 69 0.012497715
1017 11 7 43 0.012453517
284 0 68 53 0.012439067
763 0 63 49 0.01241426
682 30 47 52 0.012395793
678 91 79 103 0.012381457
769 160 41 56 0.012365419
1007 89 17 59 0.012345355
18 6 82 108 0.012338215
325 231 65 80 0.012330908
586 306 44 53 0.012326222
754 110 39 49 0.012312256
541 348 47 67 0.01229315
141 308 45 53 0.01227305
788 0 54 40 0.012251196
1003 598 21 22 0.012249194
10 0 305 297 0.012241732
848 0 141 133 0.012236475
976 13 48 105 0.012233066
537 316 49 66 0.012229512
909 258 48 57 0.012213886
1015 194 9 43 0.0121916365
423 0 111 80 0.012178833
323 0 69 53 0.01216142
1020 0 4 28 0.0121213095
821 0 68 78 0.012099304
687 101 53 64 0.0120665515
308 336 51 61 0.012064311
1022 0 2 9 0.012060569
936 114 88 165 0.012035066
981 336 43 97 0.012029995
430 545 37 47 0.012011668
27 371 46 63 0.012005874
42 0 75 72 0.011990083
363 0 69 53 0.011973157
372 378 46 65 0.011959203
831 294 25 31 0.011922679
124 0 72 70 0.011905373
539 0 124 92 0.011900524
462 0 69 53 0.01189354
403 0 68 53 0.0118878065
960 262 64 124 0.011879196
1017 245 7 27 0.0118663395
0 73 36 93 0.011859383
1013 19 11 46 0.011857786
183 0 73 71 0.011832473
19 99 80 118 0.011820058
31 422 35 46 0.011808662
663 97 61 76 0.011789545
223 0 73 71 0.011789468
1007 129 17 59 0.0117872
885 257 50 59 0.011785563
332 398 163 216 0.011780999
1006 62 18 60 0.011776288
643 596 47 24 0.011773262
432 390 46 60 0.011770318
981 69 43 96 0.0117526185
320 319 26 33 0.011745529
996 287 28 69 0.0117434
748 141 44 64 0.011735025
1012 270 12 39 0.011711485
1007 252 10 12 0.011697399
1010 253 9 14 0.011691215
667 0 256 183 0.011682086
478 429 61 75 0.011676836
727 80 59 72 0.011676574
263 0 72 71 0.011652201
981 156 43 86 0.011622143
304 600 46 20 0.011599384
994 234 30 60 0.011594252
0 112 35 93 0.011558109
288 248 42 50 0.011550286
522 233 62 72 0.011549843
1018 32 6 41 0.0115467915
145 288 63 76 0.011545207
934 273 90 192 0.011528967
481 0 72 70 0.011516593
327 343 29 43 0.011516003
667 32 103 134 0.011510363
0 277 33 82 0.01151001
429 493 47 58 0.011495066
253 334 68 78 0.011477885
641 57 80 102 0.011475309
467 389 22 27 0.011474623
568 0 54 42 0.011472106
659 303 12 16 0.011471577
1006 31 18 60 0.011465293
20 529 123 91 0.011451831
583 0 63 51 0.011442989
984 295 40 96 0.0114322025
753 319 147 215 0.0114286225
661 556 11 13 0.011410114
389 349 51 61 0.011394377
247 342 33 43 0.011392494
916 333 108 195 0.011381655
359 353 74 92 0.011379948
530 243 37 42 0.011364795
1013 86 11 44 0.01131788
639 100 79 106 0.011315504
865 0 36 27 0.011305326
498 299 162 212 0.011299808
473 387 26 30 0.011296687
713 515 73 75 0.011293145
767 202 25 26 0.011288618
1013 42 11 43 0.011280291
342 0 113 79 0.011269834
757 515 55 55 0.011259474
1019 284 5 25 0.011238867
127 292 46 61 0.011235709
813 367 81 111 0.011233294
0 63 117 191 0.011227133
80 409 191 193 0.011203662
179 275 50 54 0.011199751
1018 92 6 42 0.011197774
38 59 83 120 0.011173783
453 384 65 86 0.011166985
880 66 135 170 0.0111659635
1018 185 6 43 0.011165777
1018 68 6 41 0.011146827
0 111 72 175 0.011144669
733 0 43 28 0.011137421
773 122 38 50 0.0111347325
823 270 50 60 0.011132223
304 293 128 99 0.011131856
512 321 70 86 0.011122984
51 396 86 110 0.011098145
455 434 127 176 0.01109691
784 573 69 47 0.011092059
775 185 35 42 0.011078448
415 384 31 44 0.011074017
555 425 41 53 0.011068027
60 118 82 119 0.011062256
533 372 166 192 0.011060201
242 434 72 94 0.011059894
844 17 63 83 0.011059782
874 65 76 104 0.011031172
1013 62 11 43 0.01103113
693 308 139 251 0.011021536
1017 265 7 36 0.011009169
1006 171 18 60 0.011008442
623 599 46 21 0.010999465
0 455 33 85 0.010987154
1018 48 6 41 0.010985111
683 578 65 42 0.010984984
250 254 62 80 0.010979221
563 575 63 45 0.010971937
524 282 71 90 0.010968252
124 345 108 136 0.010966624
358 338 28 35 0.010964816
1010 114 14 49 0.0109554725
629 609 31 11 0.010953237
957 104 67 110 0.010948845
948 238 51 59 0.010945668
899 0 75 71 0.010937712
906 0 35 26 0.010935401
835 0 36 27 0.0109324595
225 333 70 81 0.010918267
203 348 62 83 0.010911611
497 463 17 23 0.0108959535
595 0 20 14 0.01088914
63 572 70 48 0.01088016
216 348 13 15 0.0108773615
361 324 30 31 0.01086916
729 502 66 66 0.010855718
538 323 73 88 0.010848818
504 573 70 47 0.010844113
725 407 56 96 0.0108230375
1002 256 12 18 0.010817036
431 409 65 78 0.010813814
682 194 64 83 0.010806822
654 552 28 38 0.010795741
81 0 36 27 0.010766843
4 295 47 60 0.010764525
564 496 44 61 0.010757276
349 245 50 59 0.010745421
177 0 304 352 0.010743765
886 0 35 27 0.0107358815
21 568 76 52 0.010726497
844 346 48 65 0.010713637
1003 377 21 59 0.01071184
0 315 32 86 0.010709429
0 153 35 91 0.010704327
890 281 45 58 0.010697026
996 328 28 68 0.010690459
223 450 73 97 0.01068101
961 597 40 23 0.010671329
995 185 29 60 0.010665736
340 335 21 32 0.010665188
492 600 50 20 0.010661101
984 198 40 87 0.010657661
648 306 63 94 0.010652358
605 0 20 14 0.010652098
719 101 75 94 0.010624032
796 0 35 26 0.0106165875
302 242 69 86 0.01061606
480 438 39 50 0.010603678
509 506 47 59 0.010601766
291 350 53 62 0.010589388
687 83 37 43 0.010588805
910 77 45 65 0.010583048
744 545 20 31 0.010580085
813 21 42 58 0.010576776
446 0 20 14 0.0105734775
890 108 44 62 0.010573083
313 0 19 14 0.010566453
585 0 20 14 0.01056238
1003 249 13 16 0.0105565945
734 370 11 14 0.010554074
321 393 84 100 0.010550352
555 346 71 88 0.010535491
693 343 13 16 0.0105329985
24 344 70 95 0.0105304625
478 378 70 89 0.010525219
897 346 47 74 0.010519878
669 0 52 35 0.010518818
434 316 171 181 0.010512524
180 463 34 42 0.010507387
781 148 243 381 0.01050151
782 285 62 77 0.010493363
852 459 61 72 0.010493055
736 109 43 50 0.010473452
362 0 20 14 0.010473134
361 352 49 58 0.010472584
100 0 37 27 0.010468865
163 0 21 14 0.010468727
215 325 39 49 0.010465153
160 371 25 33 0.010463789
371 397 79 96 0.010453928
751 0 44 31 0.010453099
752 89 33 39 0.01044866
303 0 20 14 0.010445537
556 0 20 14 0.010432291
739 542 73 78 0.010432269
148 360 48 60 0.010429524
469 500 66 82 0.010428915
576 0 20 14 0.010427699
849 261 65 76 0.010423865
660 177 64 84 0.010420923
61 0 36 27 0.010418461
846 53 65 87 0.010413226
374 343 127 131 0.010411599
130 0 37 27 0.010407059
755 86 23 27 0.010403219
683 340 33 40 0.010400611
303 380 51 62 0.01039832
457 0 19 14 0.010392199
44 250 67 86 0.0103869755
150 0 37 27 0.010386116
532 453 42 54 0.010384218
485 304 67 81 0.010373967
920 16 44 65 0.01036985
817 0 35 26 0.010369691
691 331 23 29 0.01036831
74 0 20 14 0.010364565
893 41 81 112 0.01036326
654 66 47 62 0.010362799
407 0 20 14 0.01036106
126 235 42 51 0.010355803
258 0 20 14 0.01035443
650 606 31 14 0.010353298
109 0 20 14 0.010347483
450 428 65 84 0.010346286
220 0 36 27 0.010344867
601 381 82 84 0.010337383
484 493 135 127 0.010337365
40 162 79 109 0.010329838
731 0 124 94 0.010328907
419 597 37 23 0.010325784
879 181 45 56 0.010323046
663 597 45 23 0.010318203
506 0 20 14 0.01030949
719 348 10 12 0.010308159
337 0 20 14 0.010304255
1018 168 6 40 0.010301274
546 0 20 14 0.01028935
0 0 9 11 0.0102852015
496 0 20 14 0.010284154
566 0 20 14 0.010283748
685 596 42 24 0.010279657
91 0 57 43 0.010277515
1007 277 17 57 0.010275737
193 0 20 14 0.010274826
744 598 45 22 0.010269115
200 0 37 27 0.010263758
734 72 41 51 0.010261001
95 525 115 95 0.010259575
134 0 20 14 0.010255036
1008 199 16 53 0.010251665
767 111 23 30 0.010247823
0 604 19 16 0.0102428105
727 357 11 14 0.010232672
890 77 45 64 0.010229559
624 573 68 47 0.01022443
417 0 20 14 0.010223794
767 90 24 26 0.010220264
301 244 46 53 0.010210992
792 230 25 27 0.010210525
437 0 20 14 0.010206301
486 338 69 86 0.010206007
150 0 57 43 0.010203739
909 107 45 63 0.010199718
441 317 12 16 0.010197644
364 227 71 89 0.010195955
623 0 60 51 0.0101882955
44 370 49 61 0.010185972
536 0 20 14 0.010184957
704 424 60 98 0.010183463
322 0 20 14 0.01018268
106 574 68 46 0.010179525
173 0 20 14 0.010178752
556 599 44 21 0.010178036
689 356 21 21 0.010177323
154 389 73 89 0.010175664
901 127 43 58 0.010175465
37 49 160 210 0.010174528
466 0 20 14 0.010169134
319 359 42 57 0.010169048
516 0 20 14 0.010166979
286 575 67 45 0.010164321
154 358 71 86 0.010163791
733 61 22 29 0.0101619745
679 316 60 94 0.010161109
753 114 68 89 0.010160612
214 349 18 26 0.01016042
84 0 20 14 0.010154676
99 0 20 14 0.010153375
925 0 36 27 0.0101526575
629 206 32 50 0.010144748
352 0 20 14 0.01014209
44 494 48 60 0.0101414425
891 18 45 63 0.010139418
283 413 81 102 0.0101351775
283 0 20 14 0.0101347165
268 0 20 14 0.010133872
526 0 20 14 0.010132483
1010 154 14 49 0.010124816
311 608 33 12 0.010121054
704 83 39 44 0.0101208445
465 376 22 31 0.010120192
577 355 78 90 0.010119588
397 0 20 14 0.010119517
0 391 36 91 0.010111871
183 0 21 14 0.010110155
400 405 73 84 0.010104218
920 57 45 64 0.010099468
7 459 38 54 0.010097016
802 322 36 47 0.0100967465
306 379 72 91 0.010093247
790 155 22 21 0.010085191
802 214 39 43 0.010080657
406 575 64 45 0.010080151
154 0 20 14 0.010079112
0 309 21 56 0.010078709
239 0 37 27 0.010077319
635 223 18 26 0.010076059
293 0 20 14 0.010075869
0 355 34 88 0.010066011
233 0 20 14 0.010061528
145 530 104 90 0.010060346
486 0 20 14 0.010056199
727 362 10 13 0.010053638
700 178 65 82 0.010052494
756 505 144 115 0.010049733
532 590 50 30 0.01004917
656 46 49 60 0.010048197
59 18 83 121 0.010039639
334 347 45 56 0.010038267
396 599 44 21 0.010038229
664 214 62 84 0.010033078
927 350 48 63 0.010032105
248 0 20 14 0.010022231
427 0 20 14 0.010021068
763 601 43 19 0.010018299
722 346 10 12 0.010005864
860 174 44 54 0.010003403
981 383 43 101 0.010001691