2_Demonstration_Protesters_2_486
2076
48 391 127 164 0.8692023
443 115 157 185 0.8594908
814 116 112 120 0.82096356
233 421 56 64 0.7217135
27 535 36 46 0.6913634
622 238 51 75 0.41475943
808 309 28 48 0.38646597
0 501 18 32 0.15184768
841 318 12 16 0.13015974
966 0 58 51 0.12659334
842 314 12 13 0.10832128
591 217 87 108 0.10445589
0 242 48 91 0.10157066
841 312 17 24 0.08401618
798 314 29 38 0.07745277
837 313 14 17 0.07632434
0 512 18 37 0.07382055
818 308 23 40 0.072702914
614 253 73 103 0.071824454
60 206 10 12 0.07068154
857 270 38 51 0.06831018
378 474 22 26 0.06639139
922 0 32 24 0.06620657
326 468 24 25 0.06447385
0 387 90 207 0.06423462
568 149 150 188 0.06347993
368 455 32 38 0.059110582
516 17 13 18 0.0588013
516 23 35 59 0.058595847
170 335 138 179 0.05719748
789 322 42 54 0.0564868
639 249 53 66 0.05593698
974 341 50 124 0.055692714
529 139 139 165 0.05518524
27 511 56 73 0.051813398
229 383 79 105 0.051176887
563 193 81 109 0.050724003
772 320 42 49 0.05047976
212 425 52 58 0.050444074
563 241 99 113 0.05017978
0 260 20 39 0.05007175
840 319 8 11 0.049929973
969 0 39 34 0.049074646
501 167 116 131 0.047869787
794 328 27 34 0.04717462
840 314 9 12 0.04677794
219 434 67 77 0.046751007
645 320 55 74 0.046406075
0 610 12 23 0.046369143
817 319 15 31 0.045885026
486 306 9 13 0.04547805
990 404 34 55 0.04462113
0 516 13 19 0.044135157
830 313 28 40 0.04410308
567 74 158 193 0.04389755
0 262 28 59 0.043874096
840 308 12 15 0.042522773
371 596 39 47 0.0424055
991 177 33 83 0.041578844
925 148 9 12 0.04126257
992 0 32 40 0.04087585
813 303 39 58 0.04038347
914 63 110 188 0.040219102
0 526 23 45 0.039935227
472 178 187 221 0.039658062
7 541 45 55 0.039638583
339 473 10 11 0.039595332
842 304 10 12 0.039457846
171 403 82 103 0.039152075
84 275 21 30 0.038931057
465 32 172 224 0.038773976
838 321 11 15 0.038338978
93 436 99 123 0.038306486
362 426 39 53 0.038182486
810 329 26 42 0.03818247
61 247 21 24 0.03818189
461 307 14 17 0.038111046
581 235 149 186 0.037935983
845 310 12 15 0.03785115
131 380 131 152 0.037807476
850 283 39 51 0.03772307
513 16 28 49 0.03703206
120 318 23 24 0.036921162
828 314 18 27 0.03674352
68 435 155 192 0.036322676
794 309 22 34 0.036138207
248 435 54 58 0.035887662
850 252 39 53 0.035821404
986 17 38 48 0.035675682
845 302 19 27 0.03562194
930 277 94 202 0.035359327
0 544 87 165 0.03518113
0 0 31 46 0.035002027
870 0 154 175 0.034781136
34 502 94 118 0.03448147
21 248 143 218 0.03435322
0 614 18 29 0.034318067
786 295 36 50 0.034212373
843 295 30 40 0.034043424
616 211 50 77 0.03392415
2 505 86 118 0.033834748
579 272 102 117 0.03369337
837 320 8 9 0.033678405
824 323 16 32 0.03359939
666 264 20 32 0.033483826
0 478 29 53 0.033298455
3 512 39 51 0.033281177
7 226 55 79 0.03327018
0 7 37 73 0.03326385
37 386 85 136 0.03325253
363 449 29 31 0.033161275
5 4 119 173 0.033102743
920 155 104 198 0.03308175
195 418 42 57 0.033024106
335 467 21 22 0.032839306
518 94 237 285 0.03271022
3 246 25 29 0.032583438
674 72 155 183 0.03250905
357 133 172 203 0.03235689
75 259 154 216 0.03231211
84 275 31 43 0.031924363
612 173 79 114 0.03171787
784 142 126 147 0.031671435
934 395 43 55 0.03112794
520 211 108 123 0.031126851
871 491 153 218 0.031019961
62 0 57 38 0.03071815
0 526 13 33 0.030659406
674 149 153 186 0.030613618
844 316 13 15 0.030589309
13 264 43 62 0.030587472
938 0 74 67 0.030507894
817 309 14 23 0.030505601
603 302 94 109 0.030467708
624 272 50 62 0.030444084
1010 1 14 44 0.030413575
310 464 38 36 0.030395055
223 307 120 170 0.030347968
146 440 75 98 0.030260008
786 295 65 87 0.030074405
0 261 65 121 0.029966045
48 532 39 47 0.029651808
6 617 18 29 0.029551016
20 492 41 56 0.029420735
578 233 57 70 0.029397588
644 225 51 66 0.029369025
913 586 9 9 0.029345663
1000 160 24 74 0.029254986
867 114 134 158 0.029231867
850 272 23 41 0.029075768
21 557 42 55 0.029045317
59 204 8 11 0.02899548
687 498 252 211 0.028914189
786 291 23 24 0.028861187
362 468 30 30 0.028788114
774 335 48 59 0.028785067
516 20 19 29 0.028739518
247 398 48 74 0.028600806
0 252 14 30 0.028594663
10 620 11 19 0.02838991
208 335 82 120 0.02833139
201 415 106 124 0.028287876
407 186 43 55 0.028163796
936 0 45 37 0.027901603
419 198 20 26 0.027511753
1003 423 21 36 0.027507648
513 4 64 86 0.027427787
0 193 75 142 0.027401015
0 619 21 42 0.027399823
780 43 139 174 0.027337443
63 205 9 10 0.027230922
960 0 32 37 0.027147092
39 6 136 201 0.02698796
993 134 31 72 0.026870705
0 410 119 299 0.026849896
383 485 15 17 0.026849216
370 0 26 24 0.026759747
1 13 73 116 0.026744664
40 549 31 40 0.026614081
647 267 50 71 0.026575757
83 548 170 161 0.026554398
588 316 164 200 0.02649326
336 474 13 16 0.02648557
643 1 98 103 0.026468284
422 159 123 146 0.026409948
0 592 14 34 0.02640787
966 286 58 132 0.026299717
649 326 161 201 0.026249584
123 291 223 275 0.026238829
581 0 162 190 0.026220635
39 448 78 107 0.026014617
0 237 22 32 0.02599084
940 629 84 80 0.025979888
646 202 83 103 0.025974294
164 442 44 60 0.025894154
754 316 75 89 0.025869379
205 0 257 188 0.025823226
180 437 52 66 0.025771499
614 264 47 54 0.025713192
51 516 60 68 0.025628697
533 496 270 213 0.025551686
971 139 53 108 0.025486838
120 514 254 195 0.025462676
370 403 44 61 0.025455125
818 311 10 11 0.025433406
813 315 16 29 0.025430555
36 2 103 115 0.025408726
833 144 115 135 0.02540061
538 258 97 116 0.025310865
477 313 9 12 0.025300365
468 350 12 13 0.025254803
614 0 254 177 0.025245018
972 131 11 17 0.025180785
766 309 36 49 0.025133772
910 1 87 90 0.025131393
810 318 14 18 0.025124956
433 0 129 97 0.024939854
832 311 13 19 0.02488435
425 139 77 119 0.024802107
616 248 35 45 0.024795463
667 248 154 194 0.02478192
73 280 28 33 0.024768485
859 279 50 63 0.024649644
649 281 80 102 0.024642764
327 457 24 27 0.02454917
41 92 229 338 0.02450528
657 151 19 27 0.024497971
712 338 40 64 0.02442129
799 344 29 39 0.02441988
0 609 36 59 0.024322743
0 290 61 176 0.024273202
541 197 227 281 0.024233777
805 329 22 31 0.024232931
36 500 33 55 0.024196759
484 0 174 135 0.02417902
83 293 38 46 0.024141414
88 365 112 145 0.024107486
442 100 96 141 0.024086276
480 306 13 16 0.024036279
801 0 134 97 0.023932323
757 323 39 57 0.023924716
580 163 65 100 0.023907105
48 450 13 15 0.023800742
0 379 51 146 0.02379098
43 0 46 38 0.023700215
205 441 43 54 0.023686502
790 88 191 226 0.023676526
659 250 29 42 0.023639638
54 0 49 58 0.023619935
390 427 45 52 0.023539653
812 183 124 168 0.023449257
959 187 65 123 0.023411632
411 148 16 19 0.023356782
66 280 42 49 0.02322774
0 612 66 97 0.023202961
857 156 73 81 0.02317119
782 327 27 32 0.023139007
913 1 46 47 0.023133157
0 160 117 346 0.023100484
40 236 35 37 0.023019586
519 35 16 21 0.022972818
293 497 246 212 0.02296864
852 0 111 80 0.022874622
594 279 64 78 0.022869335
378 0 246 204 0.02286625
291 460 36 37 0.022745587
939 13 85 127 0.022745028
216 84 240 327 0.022730995
620 207 121 153 0.02271814
349 465 21 23 0.022639904
388 396 48 63 0.022568917
412 0 90 66 0.02243876
119 316 33 44 0.022405406
3 560 20 34 0.022398574
164 472 159 199 0.022315944
710 609 105 100 0.022282315
835 223 151 192 0.022279778
340 453 21 25 0.022266518
1009 0 15 19 0.022249773
733 118 132 156 0.022236703
166 471 82 109 0.02219927
430 196 144 183 0.022185797
815 312 11 15 0.02217025
58 358 90 119 0.022170128
615 348 228 291 0.022152644
0 590 10 17 0.022151584
980 10 28 36 0.022140319
829 285 36 55 0.022081941
345 460 32 33 0.021996187
657 326 87 106 0.021932216
0 482 44 112 0.02188736
935 101 9 11 0.02187918
13 255 14 18 0.021838607
935 381 75 103 0.021826351
823 412 23 31 0.021809667
320 470 33 43 0.02176395
523 114 92 132 0.021672614
0 54 63 121 0.021630418
341 476 10 11 0.021627512
136 0 226 150 0.021625707
346 0 133 96 0.021573652
568 110 92 126 0.02154632
893 0 50 43 0.021505477
844 302 9 10 0.021451086
510 606 151 103 0.02144062
261 0 139 106 0.021338137
726 0 205 154 0.021308372
381 518 53 57 0.021259252
254 449 36 39 0.02121688
346 446 35 37 0.02121422
865 254 53 55 0.02112928
2 515 14 14 0.021128051
398 154 63 93 0.021120086
40 479 46 68 0.021114744
378 460 33 37 0.021109113
181 242 132 199 0.02108546
48 0 226 153 0.021064352
267 415 66 78 0.021020807
0 0 194 331 0.020968273
287 25 30 38 0.020962946
0 512 8 18 0.02091987
96 272 31 43 0.020903865
809 282 34 55 0.020875746
769 0 113 80 0.020855313
21 539 28 34 0.020852879
888 324 136 331 0.020839982
296 122 136 183 0.020824203
923 105 12 13 0.02082415
996 374 28 67 0.020808026
630 101 237 293 0.020796606
9 20 52 72 0.02079648
697 144 14 25 0.02077376
653 548 185 161 0.020766886
372 569 63 71 0.02076003
985 667 39 42 0.020743173
823 298 23 36 0.020655466
5 519 15 19 0.02064442
389 62 21 26 0.020641522
845 88 93 119 0.02063602
90 298 25 26 0.020599544
58 485 87 95 0.020586211
791 320 21 27 0.020579131
177 0 138 106 0.020570965
505 298 168 202 0.020542573
987 93 37 69 0.020526312
835 322 8 12 0.020494945
19 469 40 55 0.020449689
40 533 30 39 0.020446302
374 442 43 48 0.02042661
302 0 215 148 0.02038006
841 319 24 29 0.020372855
81 262 54 73 0.020368557
924 146 9 10 0.020357853
905 138 77 101 0.020336924
0 345 104 154 0.020266129
19 235 43 43 0.020248115
61 246 30 39 0.020213464
747 604 151 105 0.020181136
579 605 162 104 0.020170689
428 175 48 72 0.020170525
455 416 48 64 0.020139072
678 356 107 127 0.02013855
402 408 45 61 0.020130597
508 31 26 40 0.020120881
15 0 45 40 0.020079704
246 444 71 79 0.020001613
1001 14 23 37 0.019993944
362 306 22 28 0.019987574
402 114 20 26 0.019965628
366 303 17 18 0.019960547
133 18 153 211 0.019928105
420 192 16 20 0.019917104
0 253 8 21 0.019888982
359 365 75 98 0.019879023
28 221 52 71 0.019878717
807 321 18 26 0.019863008
573 0 105 103 0.019775424
598 243 54 67 0.019767702
931 155 83 111 0.019764742
753 223 151 189 0.019755451
0 569 42 56 0.019728933
977 30 47 90 0.01971704
198 377 71 92 0.01969422
4 259 23 29 0.019665174
7 125 147 232 0.01965934
738 0 98 99 0.01963843
655 0 169 118 0.019634714
0 618 7 17 0.019610848
19 255 69 94 0.019505166
1006 195 18 54 0.019501137
242 551 175 158 0.01944074
268 289 128 177 0.019404378
945 410 47 56 0.019358637
632 231 32 51 0.019350048
311 140 27 34 0.019342368
131 0 253 324 0.019270958
518 21 9 11 0.019233592
218 609 142 100 0.0192275
526 0 95 70 0.019205848
920 407 45 68 0.019165179
613 0 98 77 0.019152809
68 0 98 75 0.019124627
767 291 43 53 0.019117787
834 304 16 21 0.019095978
248 339 81 109 0.019020552
635 126 127 167 0.019007571
312 0 117 82 0.018972874
807 319 11 17 0.018966595
0 310 49 92 0.01894049
525 49 30 40 0.018889265
0 35 44 78 0.018880164
287 427 41 53 0.018869517
432 134 45 73 0.018851
2 233 41 43 0.018839376
748 481 14 17 0.018828645
192 445 70 85 0.018809574
387 597 141 112 0.018799912
1003 41 21 29 0.01878125
465 350 16 19 0.018767407
387 449 134 171 0.018759001
231 461 70 80 0.018735262
572 61 94 125 0.018717954
820 334 17 28 0.018691441
314 464 24 25 0.018681962
654 266 30 37 0.018671174
746 302 49 62 0.018663546
762 308 21 33 0.018655159
931 119 77 101 0.018636433
907 183 90 119 0.018615285
33 553 51 64 0.018610759
282 445 33 42 0.018604258
422 308 21 28 0.01859699
560 144 65 107 0.018582555
754 498 57 51 0.018513808
288 366 78 103 0.018502668
334 231 74 98 0.018502517
147 297 125 174 0.018489651
571 264 62 78 0.018476956
981 215 43 77 0.01847313
434 197 34 63 0.01846277
830 276 77 104 0.018451953
416 180 21 27 0.018448452
1 249 16 20 0.01843051
68 260 33 42 0.018371643
962 236 62 109 0.01833522
932 99 9 9 0.018318621
0 39 97 242 0.018313104
0 267 14 25 0.018310886
844 588 143 121 0.018310562
657 29 81 124 0.018296251
0 132 12 39 0.018282652
927 152 7 10 0.018280957
137 437 51 76 0.018272739
561 642 112 67 0.018265525
621 347 86 116 0.018249106
65 537 36 43 0.01824747
0 466 23 47 0.018238522
65 0 35 23 0.018218538
2 573 19 28 0.018180469
501 1 54 69 0.018161342
350 405 42 60 0.01814056
176 434 36 50 0.018125389
232 0 120 85 0.018092953
393 63 14 17 0.018090235
505 325 24 32 0.018074738
358 520 105 133 0.018059505
392 18 11 15 0.018051991
303 609 140 100 0.018047059
2 620 13 16 0.018040702
984 301 40 85 0.018000083
0 547 20 56 0.01799274
796 298 22 32 0.017987432
333 474 21 28 0.017979372
0 658 34 51 0.017944006
830 0 76 68 0.017941685
136 443 132 160 0.01789339
740 328 45 60 0.017880192
918 148 17 21 0.017877089
952 86 12 15 0.017873636
52 519 141 168 0.017793318
733 583 54 61 0.017780881
810 70 87 113 0.017766519
962 78 8 10 0.017751224
903 68 91 120 0.017738929
443 16 124 161 0.017731436
15 246 37 46 0.017695308
445 159 52 73 0.01767742
1017 6 7 37 0.017667765
521 0 50 52 0.017664662
829 316 76 105 0.017662011
658 243 68 88 0.017638838
339 419 41 54 0.017630493
0 531 31 87 0.017627904
363 183 92 121 0.017609362
4 507 27 27 0.017592952
393 325 14 16 0.017592436
458 312 14 16 0.017549617
966 11 33 44 0.017529787
393 560 38 47 0.017505266
17 610 134 99 0.017504754
1008 152 16 50 0.017489526
153 112 201 278 0.017464217
373 0 18 16 0.017456045
831 309 11 14 0.017447466
581 0 50 54 0.01744423
476 305 8 10 0.017443907
45 410 40 71 0.017435849
986 63 13 16 0.017435737
662 271 29 42 0.017422106
359 472 108 133 0.017407317
255 399 154 197 0.017387291
411 138 42 65 0.017382981
774 589 14 17 0.017371666
401 12 11 14 0.01735881
10 494 35 45 0.017354187
38 250 42 48 0.017352393
149 401 69 90 0.01735135
358 324 74 96 0.017351305
34 0 36 34 0.01734921
161 0 98 72 0.017308857
138 614 143 95 0.017299639
257 26 148 198 0.017297372
342 472 9 9 0.017284652
405 310 8 11 0.01727172
488 640 104 69 0.017266994
903 0 33 27 0.017263263
970 135 42 61 0.017252164
478 528 219 181 0.01724025
465 312 14 16 0.01722903
129 316 19 21 0.017228676
0 541 15 35 0.017124884
90 0 144 106 0.01710371
347 336 124 164 0.017095784
448 380 68 95 0.017086169
754 318 31 44 0.017063595
1001 692 23 17 0.017046826
198 646 101 63 0.01703113
700 329 69 85 0.016945936
688 136 107 137 0.016943004
962 400 58 79 0.01692001
509 317 28 33 0.016918954
761 354 47 58 0.016889697
337 473 9 10 0.016889272
218 439 235 270 0.016877545
379 464 20 25 0.016838042
843 324 8 12 0.01681942
813 178 81 100 0.016802527
594 176 42 61 0.016793039
1009 432 15 39 0.016781276
16 406 66 112 0.016759666
393 521 210 188 0.016757537
410 201 45 63 0.01672144
532 301 99 121 0.01669872
733 608 59 69 0.016678765
162 516 87 111 0.01667297
28 0 46 58 0.016657975
475 306 14 19 0.016655015
27 541 106 132 0.016644849
293 49 24 33 0.016613541
474 333 246 318 0.016612135
509 18 21 26 0.016604165
342 472 34 36 0.016594
923 149 8 9 0.016591469
272 173 141 195 0.016588837
519 13 15 20 0.016587421
301 95 27 35 0.01658077
314 154 27 33 0.016562544
386 568 80 95 0.016559344
374 478 32 36 0.016558943
42 433 50 86 0.01654647
980 58 21 26 0.01653482
590 372 96 114 0.016523713
417 201 27 37 0.016516363
713 343 118 142 0.016479494
721 552 80 89 0.016472919
99 196 125 186 0.016466703
772 136 88 100 0.016446365
129 399 59 92 0.016436229
21 80 83 124 0.016419042
833 25 128 158 0.016405765
365 0 54 53 0.016399685
856 512 110 165 0.016383817
577 158 43 68 0.016376678
367 400 86 108 0.016353646
73 644 99 65 0.016350804
302 473 44 48 0.016349262
295 453 25 28 0.016333744
9 538 31 37 0.01633284
262 393 46 64 0.016316967
446 638 101 71 0.016316563
677 552 21 27 0.016302397
41 9 42 72 0.016279034
308 115 25 31 0.016251259
7 576 63 83 0.016247889
937 256 80 118 0.01624226
791 0 44 35 0.01622198
398 0 33 32 0.016208623
420 180 15 16 0.016208524
50 246 28 31 0.016208516
412 215 100 123 0.016204402
517 18 9 11 0.016201196
314 196 203 258 0.016184285
382 570 42 48 0.01618028
401 117 28 37 0.01616168
0 93 47 134 0.016152866
743 583 31 30 0.016150242
320 438 36 41 0.016149875
722 145 44 61 0.01614829
0 0 91 76 0.016145252
692 0 97 67 0.0161415
568 344 103 111 0.016131917
997 36 27 58 0.016127933
919 434 40 62 0.01612632
50 266 41 48 0.016115492
906 624 86 85 0.016095344
375 483 19 18 0.016036998
432 10 50 70 0.016036727
0 127 58 165 0.016026905
277 405 42 58 0.016023932
518 38 24 36 0.016023206
959 79 10 11 0.015993483
361 552 47 74 0.015986802
90 269 25 33 0.015985759
207 469 83 104 0.015971093
391 372 128 167 0.015965182
285 0 23 25 0.015951125
182 475 50 66 0.015924793
358 600 43 54 0.015913771
975 36 37 47 0.015908752
877 167 86 102 0.015907986
41 497 22 33 0.015880762
118 313 93 124 0.015862143
158 648 100 61 0.015852273
962 61 62 92 0.015846672
602 143 70 98 0.015821481
922 150 11 14 0.015788801
757 641 86 68 0.015763588
222 273 231 304 0.015758261
66 148 125 202 0.015747676
783 240 81 103 0.015744315
302 224 136 188 0.01574224
441 405 43 65 0.015741965
335 530 88 110 0.015734315
769 305 25 34 0.015732909
989 19 25 27 0.015727162
234 447 38 41 0.015721342
75 674 52 35 0.015719349
965 131 34 48 0.015716646
220 103 152 202 0.015708711
995 120 29 56 0.015706832
22 29 74 113 0.015704451
0 605 7 21 0.01569689
979 54 37 49 0.01569352
941 202 52 71 0.01568163
212 442 26 37 0.015681533
175 57 151 215 0.015678957
974 497 50 94 0.0156744
991 65 33 64 0.015674181
703 425 148 202 0.01565533
944 514 80 136 0.01565364
326 188 86 112 0.015644504
398 322 15 19 0.015644282
726 46 136 171 0.015626239
387 481 13 16 0.015620087
0 621 11 26 0.01560348
350 250 77 102 0.015603281
373 610 34 54 0.015601028
643 159 71 104 0.015573618
400 520 98 124 0.015552011
654 0 54 49 0.015551783
0 480 16 42 0.015551093
932 406 25 34 0.015540605
930 391 94 182 0.015531337
666 255 33 48 0.015529306
447 255 99 121 0.015520533
63 209 9 11 0.015515631
806 307 18 26 0.015506226
836 315 9 10 0.015501827
435 528 25 35 0.015496898
734 307 157 206 0.015483635
977 27 29 39 0.015438172
0 442 28 63 0.015431751
679 352 52 69 0.015426459
34 268 43 49 0.015416482
319 305 109 146 0.015416414
117 647 99 62 0.015409318
780 337 31 38 0.015402934
551 355 149 183 0.015402581
79 253 34 44 0.015401873
178 572 145 137 0.015399733
364 639 99 70 0.015383118
834 322 14 20 0.015366757
280 642 100 67 0.015355375
782 353 45 58 0.01535463
653 201 48 64 0.015353203
647 635 113 74 0.015344316
455 439 32 44 0.015299698
50 499 44 60 0.015298554
428 337 127 171 0.015294604
1005 382 19 43 0.0152937975
419 649 75 60 0.015290226
0 216 35 85 0.015268746
689 295 66 86 0.015268033
0 582 13 22 0.015267676
390 74 24 30 0.015264646
835 317 7 10 0.01522438
122 662 24 31 0.015223268
628 306 59 76 0.015213779
387 473 14 18 0.015213463
299 134 78 109 0.015209522
289 459 23 28 0.015201183
266 455 39 45 0.015200822
88 288 20 28 0.015198254
113 0 101 67 0.015174792
802 312 14 22 0.015173844
0 32 25 53 0.015167123
513 316 39 50 0.015157678
34 526 24 33 0.015144845
875 285 34 39 0.015127773
823 316 9 13 0.0151267005
891 168 44 64 0.015112618
130 468 58 80 0.0151015185
279 445 22 31 0.01509837
989 355 35 62 0.01507863
700 326 46 59 0.015069702
849 364 48 53 0.015043232
812 321 9 11 0.015036269
548 367 93 108 0.015025049
263 423 38 48 0.015021078
728 344 72 88 0.015017621
513 392 140 184 0.015013262
691 265 232 310 0.01500515
407 437 92 113 0.01500416
356 60 16 20 0.015001557
798 555 149 154 0.014988962
814 639 103 70 0.014982403
476 366 134 174 0.014978555
1000 84 24 58 0.014976107
811 398 35 40 0.014974043
13 450 61 89 0.014973173
734 181 103 133 0.014968424
694 566 99 117 0.014967329
310 166 80 113 0.014961099
0 382 18 36 0.014958898
214 0 60 65 0.014940953
304 449 39 40 0.014939378
140 97 145 215 0.014933329
852 311 131 183 0.01493277
822 249 202 312 0.014932367
425 167 21 31 0.014926425
24 259 29 42 0.014918885
123 355 45 56 0.014912971
383 487 65 74 0.014910053
656 291 43 78 0.014903897
59 210 8 9 0.0149014145
300 84 25 30 0.014895103
411 515 43 47 0.014890932
240 365 53 73 0.014884111
821 285 25 32 0.014874868
426 406 133 175 0.01487048
404 337 21 25 0.014869076
101 278 19 29 0.01486568
175 411 44 52 0.014865471
997 214 27 52 0.014865056
361 450 60 69 0.014858759
485 249 101 122 0.014842771
0 586 24 68 0.0148287695
59 207 15 18 0.014813453
0 595 6 16 0.014812904
679 403 114 148 0.014809193
28 218 99 138 0.014799134
859 0 59 55 0.01479569
823 336 41 54 0.014792282
863 533 39 62 0.014784003
152 599 33 51 0.014770107
423 160 37 56 0.014764731
73 549 36 42 0.014750303
347 558 138 151 0.014709869
0 0 16 25 0.014699742
669 321 48 65 0.014698182
271 546 25 31 0.01469734
612 98 20 29 0.014686549
366 524 63 78 0.014685704
320 474 22 24 0.014675535
418 184 25 34 0.014667961
29 285 67 97 0.014652841
0 571 19 57 0.014651563
240 269 95 134 0.014631847
58 548 43 51 0.014617525
84 328 78 99 0.01461428
410 152 22 29 0.01461078
1008 135 16 44 0.014598219
894 375 74 84 0.0145908315
370 109 89 126 0.014585231
428 333 20 22 0.014569614
203 676 50 33 0.014567973
45 452 21 28 0.0145553015
90 48 144 232 0.014547741
47 655 75 54 0.014545239
725 338 41 52 0.014542149
817 291 115 160 0.014541851
476 308 8 12 0.014525936
922 465 23 35 0.0145145245
330 471 15 16 0.014514195
688 159 14 18 0.014509064
87 600 68 84 0.014503825
1016 0 8 16 0.014496953
634 347 60 72 0.01449087
543 227 63 73 0.014459471
398 99 21 27 0.014450716
395 86 22 28 0.014431373
473 278 139 171 0.014420993
698 191 86 112 0.014411843
477 284 27 33 0.014410809
48 517 25 37 0.014408811
317 323 39 52 0.014404033
0 390 11 24 0.014396706
201 437 30 42 0.014389849
384 132 59 83 0.014388538
665 4 50 73 0.014387055
975 0 27 20 0.01437266
822 336 22 36 0.0143663725
525 0 27 20 0.014354725
932 21 46 61 0.014353545
438 0 52 51 0.014352833
287 440 23 31 0.014351908
467 440 141 187 0.014349628
72 306 47 57 0.014346865
345 248 10 10 0.014334924
436 569 79 103 0.014327131
250 649 78 60 0.014324301
851 367 71 79 0.014317779
163 474 51 69 0.014316144
920 103 17 22 0.0143126855
146 285 87 117 0.014312041
1 422 39 70 0.014311983
750 659 60 50 0.0142985275
89 279 57 79 0.014297183
413 73 105 140 0.014291441
74 365 56 65 0.014281856
38 459 25 39 0.014281825
880 191 49 58 0.014267323
354 0 40 44 0.014260929
597 223 46 65 0.014257681
839 308 9 10 0.014244767
192 336 46 62 0.014213972
84 230 85 116 0.014209316
916 285 67 96 0.014209032
790 355 29 40 0.014201005
982 623 42 80 0.014200703
335 440 29 34 0.014197559
0 292 23 46 0.01418045
924 145 17 21 0.014169565
842 323 14 17 0.014164108
480 312 10 12 0.014163968
276 0 70 56 0.014154618
388 199 53 69 0.01415287
328 447 41 48 0.014151233
367 230 81 103 0.014147251
816 315 8 10 0.014143889
408 127 19 23 0.014133405
221 443 125 154 0.014132384
860 307 90 123 0.014125898
806 682 9 10 0.014117666
308 338 80 104 0.014109373
279 18 70 92 0.014108124
890 281 69 91 0.014101936
312 457 126 159 0.014094005
643 81 75 109 0.014086577
918 118 17 26 0.014077403
844 318 42 56 0.014071271
892 495 66 85 0.0140511505
713 505 22 24 0.0140466895
1014 431 10 29 0.014044199
913 31 71 97 0.014039376
317 286 35 65 0.01403698
1016 496 8 37 0.014035032
427 94 12 14 0.014023127
705 542 15 15 0.014020204
381 488 19 23 0.014019971
763 585 23 23 0.014003111
279 31 39 52 0.014003015
793 0 60 56 0.014001827
151 349 42 56 0.013999622
521 344 82 105 0.013997114
650 371 90 113 0.013981731
342 346 69 87 0.013981136
252 572 80 103 0.013963459
673 272 12 20 0.013953112
379 262 243 312 0.013952102
0 140 32 90 0.013951741
272 314 82 110 0.0139428
181 312 82 108 0.013937388
94 307 39 47 0.013934392
314 0 68 61 0.013933408
392 462 40 40 0.013933376
342 196 136 172 0.013930163
69 258 106 144 0.013928675
423 0 12 11 0.013927713
590 19 43 61 0.013925771
48 286 43 47 0.0139184585
90 488 90 98 0.013916509
0 58 34 86 0.013913711
887 505 48 58 0.013909806
846 347 45 53 0.013909078
390 212 17 20 0.013903797
922 152 48 65 0.013893114
225 441 34 40 0.013872152
478 213 106 109 0.013871432
379 0 62 64 0.013867353
100 265 21 31 0.013863714
0 621 28 74 0.01386325
424 321 21 28 0.013860055
218 415 40 46 0.013858098
935 101 13 18 0.013852039
7 514 11 12 0.013849951
875 541 41 72 0.013849246
4 587 11 14 0.013837085
173 345 45 59 0.013836215
242 417 35 47 0.013836211
946 143 45 67 0.0138315335
504 84 93 108 0.013822702
380 0 20 15 0.013822674
123 320 16 16 0.013820886
25 258 22 24 0.013820482
950 181 53 72 0.0138071375
12 102 58 81 0.0138043165
18 510 23 29 0.013801346
358 228 59 75 0.013799655
120 673 51 36 0.01379336
940 45 57 76 0.01378656
89 268 15 28 0.013786476
276 454 63 75 0.013785732
733 318 39 55 0.013781225
404 440 43 50 0.013772568
326 207 26 30 0.013764687
139 674 52 35 0.013757604
925 670 52 39 0.01375688
299 422 63 72 0.01375456
728 543 12 15 0.0137403365
10 623 7 12 0.013731632
772 144 15 18 0.013730807
363 92 20 25 0.013730356
714 179 230 293 0.013729359
426 476 36 42 0.01372239
328 404 41 61 0.013716003
327 291 22 39 0.013714147
785 347 80 108 0.013708921
0 599 10 17 0.013703232
468 668 56 41 0.013697871
779 7 53 66 0.0136971725
415 420 30 41 0.013696561
11 339 49 69 0.013694457
405 150 32 45 0.013693662
860 353 49 52 0.013693226
0 538 10 24 0.013670831
39 444 36 60 0.013669873
214 346 46 62 0.0136643145
938 52 39 52 0.013648117
116 510 94 118 0.01364679
698 542 27 36 0.013640361
411 157 15 19 0.01363888
984 536 40 74 0.013635401
367 676 49 33 0.013635088
651 527 43 62 0.013627288
801 357 43 57 0.01362651
822 314 8 9 0.013624671
386 413 33 41 0.013624113
723 418 105 136 0.013615822
408 358 91 119 0.013614398
868 383 74 92 0.013613064
957 422 42 55 0.01361243
48 552 65 77 0.01361038
897 516 99 145 0.0135994945
918 419 68 91 0.013592628
713 627 33 54 0.013585789
680 50 42 76 0.013584865
626 112 73 102 0.013583149
134 254 44 62 0.013583035
303 0 51 36 0.013575826
340 476 15 19 0.013567368
546 432 153 195 0.013563706
223 674 51 35 0.013559998
460 92 101 100 0.013556794
963 82 7 10 0.013556521
933 0 18 18 0.013554584
62 244 48 66 0.013554411
839 81 55 66 0.013538973
856 303 59 75 0.013520998
614 41 100 132 0.013517389
859 228 91 118 0.01351712
735 281 10 14 0.013506253
411 16 92 116 0.013500927
851 395 132 199 0.013498477
201 515 88 112 0.0134824915
286 261 96 133 0.01348205
34 500 21 29 0.013469212
2 519 10 11 0.0134509485
418 160 24 31 0.0134506365
689 278 106 124 0.013449385
0 584 5 13 0.013448714
0 457 50 87 0.013441257
479 310 9 11 0.013426153
806 457 134 190 0.013421773
0 128 23 53 0.013418193
1010 51 14 41 0.013416695
348 41 140 192 0.01340567
426 189 60 94 0.0133930985
567 601 20 26 0.013392639
557 553 44 62 0.013391179
779 23 98 114 0.013390778
835 384 72 93 0.013387056
383 91 52 67 0.013386364
410 673 50 36 0.013384772
413 170 23 27 0.0133720245
923 456 40 57 0.013362521
129 316 43 55 0.013359999
849 311 25 31 0.013350239
849 76 69 86 0.013350098
381 324 51 61 0.01334733
985 0 28 18 0.013334577
799 668 56 41 0.013330862
406 137 20 26 0.013328442
904 547 45 61 0.013326942
134 367 44 58 0.013325174
859 239 50 52 0.0133237075
142 227 88 126 0.013316368
83 257 22 30 0.013308643
369 286 73 93 0.013307151
37 545 24 31 0.013288281
65 37 87 132 0.0132868765
423 198 11 11 0.013283418
0 13 20 40 0.013276856
699 497 19 20 0.013270585
786 272 41 57 0.013269953
1000 234 24 72 0.0132609205
61 201 10 11 0.013260552
162 294 47 69 0.013255016
447 670 56 39 0.013250479
891 549 68 94 0.013246548
48 595 72 91 0.013241601
443 336 70 88 0.013229489
309 126 26 33 0.013226609
45 487 29 48 0.013221623
221 479 51 58 0.013218314
97 672 53 37 0.013216878
816 318 12 15 0.013206686
789 0 31 21 0.013203767
380 355 56 75 0.013198319
78 10 52 68 0.013195809
242 469 84 103 0.013189518
387 297 129 171 0.01318601
774 665 58 44 0.013185338
138 591 67 88 0.013178151
0 261 8 24 0.013177783
356 480 36 41 0.013177662
105 266 28 39 0.013171
776 295 29 34 0.013167821
876 125 75 89 0.01316694
698 527 50 63 0.013160999
337 392 44 61 0.0131608285
894 447 68 91 0.013159922
400 470 25 28 0.013159697
97 289 22 30 0.013158726
20 36 51 74 0.013155761
942 414 32 43 0.013152223
271 461 25 31 0.013150084
4 270 18 22 0.013148861
417 503 61 73 0.013141886
68 576 69 84 0.013137331
929 326 33 54 0.013128893
885 286 39 46 0.013125412
602 667 65 42 0.013109923
707 547 9 9 0.013102266
329 251 53 70 0.013098458
722 150 12 14 0.013086457
295 59 26 34 0.013084908
506 317 13 16 0.013078042
417 425 41 53 0.013076686
722 353 50 68 0.013076666
701 148 15 24 0.0130654555
404 113 15 17 0.013062532
497 330 36 44 0.01305894
656 628 47 58 0.013057858
431 160 22 33 0.013056251
768 295 105 141 0.013051419
994 430 30 47 0.0130507
0 561 11 31 0.013048376
312 427 35 45 0.013042945
515 325 17 21 0.013037153
385 435 31 37 0.013036575
153 275 46 65 0.013030452
377 2 24 31 0.013007874
44 564 23 27 0.01300726
734 566 87 108 0.013002831
997 330 27 65 0.013000305
388 675 49 34 0.013000262
466 389 79 99 0.012998989
1019 0 5 9 0.012985447
534 557 92 117 0.012980709
228 192 128 173 0.0129803205
553 522 48 69 0.012973788
753 0 64 57 0.012968277
608 86 21 29 0.012959846
60 197 19 25 0.0129548265
987 490 37 64 0.012953563
172 455 47 62 0.012951178
970 130 21 28 0.0129455365
873 625 83 84 0.01294353
920 80 37 51 0.012943019
596 155 38 53 0.012938123
914 531 69 90 0.012935383
868 376 41 45 0.0129343225
398 565 55 65 0.012931385
439 220 26 48 0.012929908
978 63 12 15 0.012926866
40 381 50 79 0.01292542
482 308 15 21 0.01292141
952 8 38 53 0.012916094
516 525 84 106 0.012915871
160 674 52 35 0.012915772
271 439 24 35 0.012911369
656 105 96 127 0.012904102
383 603 39 45 0.012903581
345 4 59 66 0.012900151
970 670 19 38 0.012893219
454 310 13 15 0.012891934
205 412 36 41 0.012888426
614 178 46 64 0.012859476
242 671 55 38 0.012857883
704 367 65 82 0.012850735
43 327 74 99 0.012845729
54 549 23 30 0.012844142
86 0 60 49 0.012831032
816 267 36 52 0.012824433
966 0 23 23 0.012824047
79 535 44 44 0.012822725
795 391 65 87 0.012812093
942 330 31 53 0.012795285
429 156 10 15 0.0127950795
401 6 19 21 0.012793153
876 473 65 84 0.01279266
505 318 19 26 0.012782661
407 476 15 17 0.012778404
33 578 55 69 0.012773404
366 415 31 40 0.012755489
809 344 20 24 0.012755362
484 310 8 10 0.012753226
849 547 52 70 0.012749055
0 578 4 13 0.012741807
0 88 24 69 0.012737281
734 115 79 108 0.012725387
285 4 28 35 0.012716498
967 573 57 110 0.0127063105
919 111 57 76 0.012705569
627 19 44 58 0.012704956
323 334 32 29 0.012702887
900 8 51 65 0.012700764
0 331 32 58 0.012700559
353 158 87 103 0.012692819
438 609 72 94 0.012688105
815 370 36 51 0.012682617
720 506 118 152 0.012676952
851 289 18 30 0.012675155
864 481 90 129 0.01267464
408 161 40 58 0.012673732
795 126 38 66 0.012671595
810 312 12 17 0.012669221
267 492 133 170 0.012665101
111 595 69 87 0.012661177
650 147 30 39 0.012659551
292 89 80 115 0.012657866
812 405 70 92 0.012650742
752 479 14 16 0.0126351705
298 207 79 113 0.012628066
162 328 46 62 0.012623355
365 69 54 69 0.012622465
789 299 20 27 0.012617783
882 247 48 50 0.012614728
0 294 37 63 0.012605305
132 224 46 67 0.012602441
956 154 48 70 0.0126021085
52 23 40 82 0.012594831
362 434 25 37 0.012591423
976 8 21 30 0.012585222
500 307 32 38 0.012573939
886 216 78 92 0.0125694815
815 180 49 62 0.012569364
708 343 30 46 0.0125615755
1018 438 6 25 0.012557269
237 330 67 85 0.012556585
680 65 80 114 0.012554422
3 608 24 30 0.012552581
54 365 55 68 0.012552039
124 189 87 125 0.01254054
85 557 40 49 0.012538601
0 522 7 16 0.012537898
208 79 87 130 0.012531423
0 636 5 15 0.012526626
208 10 70 100 0.012520109
687 549 82 94 0.012514652
391 320 26 29 0.012513477
721 343 24 35 0.012506778
277 381 43 59 0.012503538
262 334 60 71 0.012502743
281 464 36 43 0.01250216
822 307 13 20 0.012492329
557 412 80 107 0.012491977
1016 444 8 35 0.012491364
468 349 9 10 0.012470131
439 541 22 33 0.012469741
224 362 51 68 0.012469324
1008 555 16 40 0.012468424
180 674 53 35 0.012464915
54 532 25 31 0.012458784
314 376 124 158 0.012453985
745 479 13 16 0.012451685
891 335 36 47 0.01245058
506 44 35 46 0.012445342
729 125 46 59 0.012441493
120 268 90 117 0.012439993
358 599 66 92 0.012430489
156 552 98 119 0.012427304
518 60 34 44 0.012424943
58 222 40 57 0.012421567
339 494 72 90 0.012416744
476 565 82 107 0.012415713
15 248 27 28 0.012412529
5 0 28 23 0.012411489
350 437 55 62 0.012409202
173 451 30 37 0.012403327
314 455 65 71 0.012397845
323 189 25 30 0.01238902
794 378 40 51 0.012388643
684 549 27 31 0.012386257
538 414 34 62 0.012385458
832 530 59 73 0.0123827085
871 427 72 95 0.012376374
910 332 37 51 0.012376359
601 399 138 168 0.012371207
396 375 47 68 0.012368136
865 254 33 36 0.012362988
46 448 10 13 0.012360176
604 241 29 40 0.012355014
56 284 30 33 0.01234697
540 273 47 60 0.012343042
798 569 19 27 0.012342595
344 267 53 67 0.01234042
36 672 54 37 0.0123395175
345 70 54 67 0.012338251
276 150 83 117 0.012335451
280 670 56 39 0.012334932
842 301 8 10 0.012333976
190 156 124 170 0.012333003
540 489 77 102 0.012332047
488 304 10 12 0.012329694
423 190 30 39 0.012323346
926 103 11 12 0.012320088
334 400 82 103 0.012319799
206 463 38 49 0.012299069
993 37 27 29 0.012295858
950 73 19 25 0.012286221
39 206 42 57 0.01228286
324 0 50 35 0.012281728
924 385 41 49 0.012272668
455 0 59 60 0.0122692855
839 303 9 10 0.012268145
800 286 30 41 0.012238437
940 71 37 50 0.012235278
670 97 64 88 0.01223417
210 322 47 61 0.01223339
20 424 44 70 0.0122317895
543 657 81 52 0.012224108
87 553 72 82 0.012217206
749 361 71 93 0.012216228
233 502 110 140 0.012212551
59 335 47 63 0.012208259
303 673 53 36 0.012198246
0 396 29 79 0.012194996
811 323 62 81 0.012191249
827 34 80 111 0.012173222
516 498 124 161 0.012172511
843 546 26 38 0.012171096
744 473 75 93 0.012170729
395 349 47 44 0.012168798
609 81 38 50 0.012161427
341 470 22 22 0.012153349
744 594 32 42 0.012147745
362 290 31 42 0.0121437935
906 153 37 62 0.012133498
829 303 12 14 0.012121614
937 496 70 92 0.01211514
368 482 55 65 0.012113815
971 133 8 13 0.012113469
3 595 24 29 0.012105918
812 0 46 38 0.012103809
333 442 83 102 0.012101695
78 235 35 44 0.012100162
947 329 68 107 0.012098229
992 611 32 60 0.012096977
675 237 46 61 0.012094743
10 661 63 48 0.012094668
666 391 47 62 0.012092184
116 322 22 28 0.012087506
377 449 23 29 0.012079965
1 620 9 11 0.012079558
827 302 17 20 0.012067646
515 0 23 23 0.012060144
70 298 69 98 0.0120554315
440 305 107 138 0.012052188
431 500 36 57 0.012044489
1012 19 12 33 0.012043462
281 48 75 105 0.012042483
1012 66 12 45 0.012036052
809 360 126 178 0.01203206
752 517 53 60 0.012029855
821 391 26 35 0.01202519
376 598 25 31 0.012021149
95 248 50 68 0.012019254
316 142 19 21 0.012017112
181 319 48 65 0.012013451
438 173 30 49 0.012007985
885 530 46 69 0.0120027065
13 619 17 21 0.012000615
360 34 65 90 0.011999482
275 429 101 122 0.011994035
391 325 10 14 0.011992124
641 512 44 60 0.011988823
556 0 27 27 0.0119860815
364 347 10 12 0.011985964
72 620 65 80 0.011985059
0 166 47 85 0.011978913
0 682 27 27 0.011977078
772 0 45 36 0.011972204
837 327 15 21 0.011965653
729 222 116 153 0.011956811
455 301 18 22 0.011952648
824 520 46 59 0.01195016
310 186 53 73 0.011946385
98 301 23 28 0.011945522
725 0 17 17 0.011941233
13 607 47 61 0.011933397
665 511 46 61 0.011927627
733 245 41 58 0.011927578
909 240 81 102 0.011926433
833 0 46 37 0.01192632
847 307 9 12 0.011922594
970 662 40 47 0.0119225355
228 142 86 131 0.011920812
102 301 16 18 0.01192073
5 532 26 33 0.011915507
852 282 16 26 0.011910434
716 19 41 61 0.011909844
850 311 15 17 0.011909289
812 370 69 87 0.011902436
921 138 16 20 0.011898968
820 79 53 65 0.011897553
560 465 76 100 0.011896986
919 356 77 100 0.011893554
823 361 45 55 0.011885769
885 564 49 66 0.011882482
328 70 81 102 0.011880687
985 39 12 14 0.011878936
777 326 21 26 0.011874995
108 350 68 84 0.01186971
271 552 76 97 0.011867897
918 96 27 39 0.0118536195
317 472 17 19 0.011852656
528 395 74 103 0.011845293
849 314 10 10 0.011844537
641 439 130 166 0.011843167
493 355 93 122 0.011841367
271 7 49 63 0.01183058
864 413 39 45 0.01182673
711 119 68 91 0.011821436
964 444 42 53 0.011819449
385 1 33 34 0.011819161
228 388 45 65 0.011815072
0 359 48 90 0.01181499
1009 174 15 50 0.011801345
596 45 32 41 0.011789035
499 490 76 98 0.0117880255
771 321 21 28 0.011786115
653 563 106 125 0.011785107
491 312 93 114 0.01177944
63 529 71 80 0.011774818
1004 106 20 55 0.011766425
335 657 74 52 0.011765688
145 299 43 61 0.011765247
112 267 35 45 0.01176521
47 455 11 14 0.011765096
494 304 9 11 0.01175232
1006 406 18 40 0.011748839
930 380 13 13 0.011746571
501 445 69 92 0.011732547
491 25 40 56 0.01173076
135 340 43 57 0.011728048
456 551 77 99 0.01172368
463 343 37 31 0.011720396
31 350 60 85 0.011718762
63 550 26 34 0.011716888
494 26 62 85 0.011715651
483 297 12 17 0.011711865
523 44 15 22 0.011710921
235 554 73 90 0.011709836
972 73 42 56 0.011708635
697 113 53 69 0.01170331
240 44 110 148 0.011697736
853 656 72 53 0.011692365
298 406 43 62 0.0116873365
545 16 60 77 0.011686418
539 0 39 39 0.011684138
348 0 27 27 0.011683673
577 0 28 25 0.011680191
433 498 121 159 0.0116699375
752 399 137 189 0.011660819
616 232 31 39 0.011659525
523 57 20 27 0.011658586
544 445 72 95 0.011658092
715 300 53 68 0.011653349
431 315 15 17 0.011650896
13 259 23 25 0.011647855
940 391 32 36 0.011646851
461 491 70 86 0.011645893
0 322 25 45 0.011641579
247 185 84 122 0.011640104
54 223 31 38 0.011638064
314 340 46 70 0.011637616
18 523 29 37 0.011636932
812 441 15 14 0.011636128
34 338 49 64 0.011631099
319 109 86 110 0.011629624
481 101 15 13 0.01162261
213 569 73 95 0.0116163185
343 480 8 10 0.011615911
634 390 60 79 0.011612458
0 234 12 30 0.011611904
131 193 47 66 0.01161017
773 403 70 95 0.011604636
426 204 29 44 0.011601419
519 5 29 38 0.011599607
0 501 10 24 0.011596666
1013 503 11 42 0.011589987
777 39 51 66 0.011589641
94 296 15 18 0.011584273
64 232 11 13 0.011583255
550 293 48 58 0.01157991
976 131 15 16 0.011579524
475 465 74 94 0.01157232
6 518 25 29 0.011572218
7 581 24 27 0.0115653705
497 327 23 28 0.011557844
934 171 49 75 0.011556494
576 196 46 78 0.011555791
348 165 21 23 0.011549519
724 382 76 96 0.011547706
936 108 11 15 0.011543162
777 685 41 24 0.011536585
878 488 45 53 0.0115360925
49 208 62 91 0.011534791
605 409 46 63 0.01153429
410 0 44 40 0.01153107
385 42 14 15 0.011530726
320 298 195 252 0.011527569
816 319 7 10 0.011527539
458 439 75 98 0.011521262
975 431 45 56 0.011520509
0 572 4 13 0.011517419
337 257 29 38 0.0115170665
799 0 19 14 0.011516475
51 547 17 25 0.011514585
976 385 44 61 0.011510892
0 665 5 14 0.0115103135
307 506 46 55 0.01150985
782 309 28 33 0.011502721
377 433 25 37 0.011501339
402 319 11 15 0.011496342
446 92 69 89 0.011493857
383 226 55 71 0.011488869
112 252 55 71 0.01148789
688 73 41 70 0.011482425
85 518 53 50 0.011478509
416 65 20 28 0.011477031
865 420 24 30 0.011470606
940 99 13 17 0.011470582
0 0 9 12 0.011468789
369 51 73 101 0.011459247
452 306 36 43 0.011458937
773 534 13 16 0.01145788
403 471 39 40 0.011456389
333 478 14 17 0.011454054
369 351 48 57 0.011453568
238 0 48 53 0.011449915
397 458 65 80 0.011449081
939 134 41 51 0.011444651
746 578 25 20 0.011443039
555 470 46 61 0.011433886
45 457 10 13 0.011433745
7 571 20 25 0.011429317
150 244 48 67 0.011428657
853 25 47 65 0.011421784
147 270 38 53 0.011421766
802 337 16 22 0.011416832
1005 362 19 43 0.011414093
28 278 37 53 0.0114127295
113 161 46 66 0.011412332
194 488 61 75 0.011410942
772 97 80 106 0.01140747
222 46 84 122 0.011407198
533 537 48 62 0.011406559
763 292 22 30 0.011404247
523 306 47 53 0.011402978
802 326 17 24 0.011400517
383 253 41 50 0.011400425
937 0 25 21 0.011399629
295 473 66 76 0.011397301
635 176 48 67 0.011385565
744 547 7 10 0.011383912
339 479 8 11 0.011381472
518 25 12 17 0.011378653
440 515 68 80 0.011377748
0 625 6 17 0.011375796
324 674 51 35 0.011375232
20 0 27 24 0.011374292
385 537 38 51 0.011372344
914 151 23 32 0.011366001
740 355 41 52 0.0113645
255 466 42 47 0.011361862
441 432 35 45 0.011360996
396 533 62 77 0.011358361
28 640 69 69 0.011352635
638 0 9 9 0.011337522
771 502 120 160 0.011332892
922 108 8 9 0.011332673
712 162 47 66 0.0113232285
900 190 53 67 0.011322974
813 275 27 33 0.011321527
425 141 34 47 0.01130081
1009 258 15 41 0.011299886
308 391 43 61 0.011298979
1019 19 5 28 0.011296191
345 312 67 84 0.011295469
832 328 13 24 0.0112939915
98 590 48 58 0.01129254
715 660 62 49 0.011292414
560 603 19 28 0.011289319
316 463 17 17 0.011288556
1013 486 11 35 0.0112884
66 502 51 57 0.011288239
372 262 40 50 0.011287395
0 277 14 38 0.011279554
1005 327 19 30 0.011278723
855 450 71 91 0.011277106
900 138 37 58 0.011276784
406 14 55 77 0.011275902
793 423 70 95 0.011265669
704 517 83 89 0.011263437
394 81 70 99 0.01126176
793 543 32 45 0.011257992
1014 32 10 33 0.011256136
289 20 22 27 0.011251881
190 35 87 131 0.011251548
769 617 45 60 0.011247005
718 579 49 54 0.011245172
579 484 80 106 0.011244143
504 0 24 23 0.011242755
759 379 48 61 0.011237426
814 348 21 27 0.011228524
452 305 25 28 0.011217312
703 526 14 14 0.011217042
373 464 19 18 0.011208134
578 438 81 106 0.011206041
385 53 21 27 0.011203247
928 215 47 63 0.011201937
145 383 43 57 0.01120074
298 28 86 108 0.0112003
288 392 42 60 0.011199594
882 670 52 39 0.011198415
858 281 23 29 0.0111976955
696 26 82 110 0.011197373
652 57 60 85 0.011191002
78 544 27 31 0.011189665
829 262 41 58 0.011184428
0 175 21 59 0.011184162
433 421 62 80 0.011182828
320 486 36 49 0.01118117
836 672 53 37 0.011178485
945 433 49 64 0.011173562
214 695 36 14 0.01116881
406 332 15 21 0.011164667
181 695 29 14 0.011163676
595 412 86 114 0.011159333
294 43 20 26 0.011158583
921 191 52 70 0.01115776
408 265 91 116 0.011155994
525 468 72 95 0.011148693
697 93 44 65 0.011147644
0 524 10 22 0.011146519
189 440 32 42 0.0111436695
700 234 86 108 0.011135492
677 545 46 55 0.011134889
857 411 60 78 0.011129787
389 232 135 174 0.011125585
92 258 23 31 0.011124186
388 489 13 15 0.011123346
514 335 44 56 0.011122938
65 234 25 33 0.0111206
969 178 43 54 0.011119478
802 112 62 77 0.011117886
718 549 56 62 0.011115362
917 118 9 13 0.01111408
495 582 86 111 0.011110881
902 669 57 40 0.011103693
57 0 28 20 0.011102545
689 220 67 89 0.011101147
558 590 82 102 0.011097626
338 250 23 26 0.011088716
362 520 51 52 0.011087765
104 348 48 57 0.011083226
2 524 14 18 0.011081838
973 481 43 52 0.011080301
598 5 57 57 0.011080287
289 574 78 97 0.011078174
375 472 17 18 0.011076843
346 7 34 45 0.011068743
512 261 52 54 0.011067278
690 461 100 132 0.011067205
80 610 49 60 0.011065761
585 420 46 64 0.01106238
598 499 128 156 0.01106076
780 357 30 41 0.011057731
518 457 36 61 0.011056716
671 556 23 31 0.011055249
654 554 33 42 0.011053661
722 490 85 99 0.011047794
1017 428 7 23 0.011041901
532 667 60 42 0.011039834
693 552 7 11 0.011039833
832 424 71 95 0.011036417
401 309 14 16 0.011032782
792 334 16 19 0.011032086
38 578 26 30 0.011031203
194 556 66 84 0.011030957
1019 501 5 27 0.011030748
877 381 53 58 0.011029804
676 555 15 20 0.011028514
592 30 18 24 0.011027005
997 297 27 62 0.011018095
1016 528 8 37 0.011010862
1004 45 14 17 0.010999768
13 555 25 31 0.010997923
921 123 18 26 0.010997237
888 231 50 54 0.010991862
425 328 31 36 0.010989773
350 88 79 101 0.010987606
0 632 12 29 0.010986403
666 486 79 97 0.01098506
688 139 21 30 0.010981242
11 592 26 26 0.010972734
752 590 27 30 0.010966227
1 586 9 14 0.010962674
234 221 83 115 0.010961336
704 502 25 24 0.010958997
1007 228 17 49 0.010952266
465 266 40 48 0.010945258
224 0 43 36 0.010945152
403 214 59 84 0.010943441
766 305 14 24 0.010942615
931 441 46 53 0.010942584
970 418 39 46 0.010940279
842 295 15 23 0.01093724
139 312 58 77 0.010936015
334 476 10 10 0.010935459
375 338 8 10 0.010932182
975 452 49 97 0.010930973
495 66 78 90 0.010928655
1 627 16 25 0.010928275
417 0 29 25 0.010928257
414 142 18 22 0.010928173
4 528 16 23 0.010917214
1003 269 21 59 0.010913788
780 376 39 51 0.010913429
798 15 50 68 0.0109036425
821 201 27 37 0.010902887
640 224 35 48 0.010902648
126 636 13 17 0.010901538
419 347 44 45 0.010900986
1010 538 14 40 0.010899329
502 321 11 14 0.010897622
693 338 38 58 0.010894448
102 61 88 128 0.010894071
773 646 11 13 0.010893926
469 308 34 43 0.010891089
600 460 80 107 0.010887751
441 471 71 90 0.010880068
813 317 8 10 0.010876014
239 598 68 87 0.010866733
823 481 91 125 0.010851441
508 667 57 42 0.010850056
820 404 47 60 0.01084695
287 0 16 13 0.010841978
159 3 43 59 0.010841216
985 500 23 29 0.010839041
1020 451 4 24 0.010834155
749 0 47 40 0.0108270375
522 37 11 14 0.010824106
977 71 8 10 0.010821977
865 0 41 34 0.010821376
288 126 60 85 0.010819709
41 511 23 32 0.010818612
417 400 41 54 0.010817441
880 16 57 71 0.010808589
909 389 46 55 0.010807521
400 96 15 17 0.010803407
991 55 8 9 0.0108023295
693 151 15 21 0.010794839
1 322 34 21 0.010794618
359 383 47 62 0.010794609
12 262 14 19 0.010793233
561 22 35 58 0.010792717
603 91 76 105 0.010788387
637 86 55 74 0.0107838875
657 533 29 38 0.010779016
336 213 12 12 0.010775185
200 0 52 47 0.010770109
6 561 33 43 0.010770049
266 362 44 60 0.010769601
759 598 76 91 0.010769408
517 14 8 10 0.010763994
297 335 51 65 0.010763148
485 0 39 42 0.010760028
396 60 15 16 0.01075923
460 617 39 53 0.010750406
121 103 84 124 0.010749839
394 331 70 89 0.010749424
764 270 44 55 0.010748639
250 406 32 46 0.010745667
92 238 38 54 0.010741866
717 0 53 53 0.010736676
727 148 28 37 0.010736297
768 447 73 97 0.010732401
6 549 24 35 0.010730219
42 425 28 52 0.0107283145
66 202 8 11 0.010725611
393 2 21 24 0.010725516
722 617 44 58 0.010723108
959 75 16 20 0.010721453
480 530 78 96 0.0107209915
757 604 21 30 0.010718781
736 377 50 63 0.010716041
983 51 18 25 0.010715901
652 125 54 71 0.010713198
722 542 15 18 0.010710736
219 459 35 41 0.010709864
34 127 55 74 0.010702553
1015 129 9 39 0.010697205
190 348 31 42 0.010696709
365 462 21 21 0.010694379
433 538 17 24 0.010694333
902 298 34 46 0.010689533
59 540 24 32 0.010687608
655 520 98 120 0.01068139
672 257 20 34 0.010681122
10 139 62 87 0.01068085
627 498 44 60 0.010680225
436 483 35 48 0.010679026
318 164 25 33 0.010678467
233 324 47 59 0.010671945
564 42 76 110 0.010671089
826 319 10 12 0.010670594
821 320 10 15 0.010665253
828 336 11 20 0.010660643
528 63 22 31 0.010657107
384 275 53 66 0.010657
154 372 41 51 0.010652742
599 52 19 25 0.010651461
854 518 41 57 0.01065124
349 537 48 62 0.0106499735
836 325 9 13 0.010649216
964 432 28 33 0.010648718
956 102 12 13 0.01064718
317 158 18 21 0.010642665
912 467 70 93 0.010641872
516 288 45 50 0.010639016
651 285 31 39 0.0106377555
0 153 6 16 0.010637603
481 291 14 14 0.010634521
393 57 12 15 0.010632874
783 403 47 61 0.010628109
661 433 91 115 0.010628005
718 424 47 59 0.010623782
166 386 21 25 0.010623496
852 245 30 40 0.010621013
339 466 12 14 0.010618911
665 233 39 55 0.010617765
290 88 50 68 0.010614572
439 198 24 39 0.010611188
835 223 14 15 0.010610065
461 88 47 40 0.010606206
837 283 11 15 0.010602292
542 6 46 63 0.010601755
563 305 64 72 0.010600156
956 90 8 9 0.010600093
359 415 23 36 0.010599859
376 334 11 13 0.010599507
848 301 13 18 0.010593141
281 462 23 32 0.0105920015
184 391 46 56 0.010588226
122 653 35 47 0.010586827
397 14 11 14 0.010582733
12 599 15 15 0.010578024
871 341 61 66 0.010575911
605 560 111 129 0.0105753215
157 409 43 57 0.010568519
405 610 67 89 0.010563281
681 22 56 70 0.01056316
315 126 15 16 0.010560087
74 341 53 61 0.010559758
834 286 22 31 0.010554564
582 379 65 76 0.010553693
819 315 9 11 0.01055302
504 307 19 26 0.010550647
242 612 43 56 0.010547245
562 421 46 61 0.010529685
624 405 47 61 0.010520663
1013 416 11 34 0.010510166
7 615 11 19 0.010507297
822 330 13 20 0.01050711
993 423 25 31 0.01050703
811 301 19 27 0.010504329
332 341 23 33 0.0105014695
429 182 24 33 0.01050077
655 416 47 67 0.010498778
427 424 26 36 0.010496123
729 95 45 58 0.010495153
49 568 24 31 0.0104947295
500 406 71 97 0.010490355
986 44 7 10 0.010489445
416 492 40 54 0.010489269
917 51 49 60 0.010488928
726 531 18 27 0.010485529
60 526 28 29 0.010484315
284 299 54 63 0.010482425
30 27 37 53 0.010480655
732 591 36 33 0.010479203
417 521 27 26 0.010478153
924 530 45 57 0.010475857
66 208 8 10 0.010475681
938 103 8 11 0.010473537
793 315 16 21 0.010470744
824 547 47 59 0.010470673
920 103 11 13 0.010468521
983 64 25 31 0.010467866
58 199 10 13 0.010463421
397 446 31 35 0.010462555
421 557 65 82 0.010458608
358 0 14 14 0.0104570715
960 86 39 52 0.010455096
810 359 25 34 0.0104547525
102 267 15 20 0.010447139
402 573 27 29 0.010441431
711 236 42 58 0.010441311
759 346 29 40 0.010437322
59 585 46 57 0.010434499
772 500 65 85 0.010433866
260 474 58 65 0.010433314
868 469 42 56 0.010427421
170 275 50 67 0.010426593
939 522 43 53 0.010425711
389 76 35 44 0.010425504
742 105 44 56 0.010424409
480 278 40 45 0.010419787
394 257 72 93 0.010417791
391 218 20 28 0.010417495
31 601 61 76 0.010414876
393 64 10 10 0.010410366
509 89 13 15 0.010410227
168 404 38 44 0.01039722
39 230 26 29 0.010395306
152 617 35 55 0.010395018
294 35 19 22 0.010391724
502 7 24 29 0.010391469
590 33 58 84 0.010389605
200 358 31 41 0.010385152
83 242 23 28 0.010383746
877 673 22 33 0.010379061
742 79 76 103 0.0103748655
360 0 25 17 0.010374076
642 456 86 110 0.010372204
965 65 12 16 0.010371652
404 109 12 14 0.0103673525
143 609 31 52 0.0103649665
701 355 41 57 0.010364354
770 310 14 23 0.010362579
387 11 16 22 0.010360307
1012 362 12 29 0.010359439
429 154 9 11 0.01035934
246 20 45 63 0.010357012
368 314 15 22 0.010355815
297 371 45 61 0.010355739
912 308 40 60 0.010355683
787 330 15 19 0.010353453
619 436 85 113 0.010352144
743 480 22 25 0.010349583
840 373 34 44 0.010343896
363 472 13 15 0.010342567
0 53 24 51 0.010339624
407 112 37 48 0.01033353
734 603 39 48 0.010333221
925 152 12 17 0.010332219
727 23 80 106 0.010329089
468 310 9 12 0.010328055
19 581 23 26 0.010327219
300 146 39 50 0.010327003
410 0 23 21 0.010324417
528 52 41 48 0.010322753
426 602 58 75 0.010319713
479 429 67 82 0.010319657
1018 508 6 33 0.010318355
967 28 27 38 0.010311562
333 465 15 17 0.010311415
938 87 61 80 0.010311083
956 83 12 16 0.010308869
464 311 10 11 0.010305946
486 312 7 10 0.010304843
50 72 70 106 0.01030189
152 369 28 37 0.010299907
1021 462 3 23 0.010299807
756 576 39 39 0.010297294
629 17 68 85 0.010296927
375 202 42 50 0.010296232
366 483 25 26 0.010294254
415 29 10 13 0.010291237
740 324 25 35 0.010290783
123 325 22 30 0.010288119
659 343 35 46 0.010287996
820 309 7 9 0.010287413
7 576 13 17 0.010286733
929 107 17 22 0.010282403
713 649 19 30 0.010277751
381 527 35 36 0.010276887
832 577 50 60 0.010276127
717 503 16 18 0.010270261
364 466 12 16 0.01026925
726 156 70 97 0.010269003
617 509 42 60 0.010266348
695 500 16 17 0.010264092
0 81 19 33 0.010264061
434 0 39 33 0.010263163
405 305 12 14 0.010262882
668 279 39 56 0.010257958
749 338 28 39 0.010256512
741 354 28 36 0.010255636
665 520 29 39 0.010255315
306 441 29 33 0.010251592
237 463 43 50 0.010248425
566 513 103 129 0.01024808
848 260 21 42 0.010244558
1012 378 12 30 0.010240337
694 665 57 44 0.010237295
793 522 39 54 0.010230665
832 320 9 12 0.010228308
989 40 9 9 0.010228171
813 447 71 95 0.01022669
863 273 22 29 0.010223005
903 517 45 55 0.010222914
404 125 14 14 0.010217533
696 277 53 70 0.010216943
789 290 16 15 0.010212906
0 354 28 67 0.010211421
826 465 37 45 0.010210796
392 479 40 48 0.0102090165
608 375 62 76 0.0102083525
556 493 47 62 0.010198965
797 294 18 20 0.010197118
388 0 15 11 0.010195611
208 365 38 48 0.010192221
218 82 60 84 0.010189899
352 435 24 35 0.010187014
955 126 33 45 0.010185746
428 501 25 27 0.010185737
734 136 14 16 0.010185223
589 334 65 70 0.010181394
59 564 24 28 0.010177403
0 645 5 14 0.010177296
417 63 15 18 0.010176221
954 334 35 55 0.010174012
23 266 22 25 0.0101713855
846 562 26 38 0.010171219
885 118 44 63 0.010169366
587 0 30 23 0.010168552
0 592 6 12 0.010168293
552 260 47 60 0.010167453
1018 27 6 30 0.010165661
547 0 59 46 0.01016463
395 79 15 17 0.010159384
685 555 17 21 0.010155756
415 163 13 14 0.010149798
5 62 49 69 0.0101481965
244 51 47 63 0.010146159
412 144 14 15 0.010144026
400 253 42 50 0.010140671
798 519 65 86 0.010139407
936 438 70 97 0.010138342
729 350 29 32 0.010137673
654 175 50 66 0.010136296
994 520 30 65 0.010135378
9 523 9 12 0.010134206
157 170 84 119 0.010130345
53 381 62 87 0.0101302285
422 200 13 17 0.010129935
81 106 43 62 0.010129465
726 148 12 13 0.010129437
885 470 43 54 0.010127791
820 297 8 10 0.010127479
396 18 8 10 0.010126282
678 56 27 48 0.010126278
475 302 23 31 0.010123108
828 399 24 32 0.010123081
434 466 38 46 0.010121554
479 325 36 38 0.010120077
7 625 12 19 0.010112107
395 344 30 29 0.010109991
0 145 8 23 0.010106972
843 421 49 63 0.010106421
660 546 45 56 0.010105653
777 648 9 9 0.010105299
530 0 33 27 0.010104822
832 16 49 65 0.010097751
519 305 77 80 0.010096357
1012 346 12 29 0.010095239
595 229 27 43 0.010092894
1013 323 11 28 0.010092408
1002 563 22 57 0.010091367
604 0 45 36 0.01008946
1012 277 12 36 0.0100867
11 7 32 41 0.010079659
979 61 8 9 0.010079071
388 498 28 32 0.010078941
56 628 55 67 0.010078704
395 319 14 17 0.010075253
1018 487 6 29 0.0100752385
480 299 31 40 0.010072188
918 144 14 16 0.010071164
595 442 45 64 0.010069024
945 233 46 65 0.010067473
878 72 40 58 0.01006463
265 38 65 90 0.010062773
431 413 22 34 0.01006023
567 0 19 18 0.010058341
104 132 45 65 0.010056467
933 6 29 36 0.010051636
815 513 39 51 0.0100495145
286 453 19 24 0.010049467
259 31 45 60 0.010045323
880 314 49 61 0.010038809
892 327 69 88 0.010036917
618 621 78 88 0.010034805
449 564 52 65 0.010034128
486 100 12 11 0.010031815
952 90 15 19 0.010027708
794 67 63 82 0.010027417
968 123 18 23 0.010025529
514 542 45 57 0.010021346
97 566 41 50 0.010021325
173 253 86 114 0.010020241
219 627 17 17 0.010019024
526 250 53 59 0.010016609
585 237 32 44 0.0100156125
275 316 50 60 0.01001538
588 146 37 49 0.010008756
869 538 18 26 0.010008581
347 472 14 15 0.010007306
924 124 12 17 0.010006844
960 464 40 47 0.010005803
371 307 12 11 0.010002492