2_Demonstration_Political_Rally_2_823
1635
263 141 68 87 0.87607336
573 359 52 60 0.8372048
705 247 18 27 0.35128206
688 246 18 28 0.25175717
906 282 17 22 0.11291028
340 238 23 33 0.11256149
692 243 27 32 0.10456379
906 267 21 35 0.10025698
833 240 20 30 0.08952329
477 357 18 22 0.083568454
474 258 19 24 0.081023924
904 256 36 48 0.07842622
558 283 17 20 0.07375015
356 251 33 41 0.073298626
746 410 10 13 0.07107126
556 202 18 24 0.06993833
558 248 20 25 0.06973511
836 318 20 27 0.06680991
667 318 8 11 0.06192055
474 209 20 25 0.059920453
470 253 28 34 0.05716393
736 409 9 12 0.05704952
343 246 36 42 0.056691498
693 253 17 22 0.0554129
745 254 14 23 0.05498468
688 251 12 18 0.05480727
666 491 20 22 0.05341731
472 304 21 25 0.051959977
833 253 30 46 0.051728193
877 235 20 25 0.05156252
653 343 10 16 0.051267803
711 251 17 26 0.05086797
746 256 10 13 0.048346717
909 286 10 15 0.045467693
834 268 16 22 0.045288794
480 264 16 19 0.044583093
662 250 7 9 0.04406948
700 253 19 30 0.043305647
899 252 21 36 0.043180734
791 39 11 13 0.043176014
241 324 43 42 0.042292286
480 364 19 33 0.04226866
1003 387 14 13 0.041335993
838 237 8 10 0.04087131
557 223 18 27 0.0403631
611 248 25 39 0.03967267
829 217 17 22 0.039458282
549 492 81 83 0.039328683
326 246 38 46 0.039315153
748 253 9 11 0.038991492
483 363 14 21 0.038908217
911 262 19 29 0.037577726
659 247 11 14 0.037195787
710 242 15 26 0.03714844
911 286 17 19 0.036822118
834 238 28 43 0.03666543
719 409 8 11 0.03648056
506 559 16 16 0.03596253
799 129 26 24 0.03564586
885 265 20 29 0.035524156
560 375 50 60 0.034551714
659 244 9 11 0.034522973
769 411 8 10 0.03405356
334 234 21 32 0.033995908
556 138 7 10 0.033488873
553 205 24 42 0.033389628
882 231 17 23 0.033250984
351 240 29 31 0.03277234
347 249 50 60 0.03270779
470 353 19 24 0.032677975
705 408 9 10 0.032544207
688 243 13 21 0.032378074
487 366 13 23 0.032162532
660 261 10 15 0.031922534
750 283 8 10 0.031536724
554 231 26 47 0.03143777
905 283 12 17 0.031388458
682 407 8 10 0.03131922
360 245 26 31 0.03122752
831 219 20 31 0.03101068
721 348 13 15 0.031002559
485 356 11 19 0.030776722
899 219 41 59 0.030571287
469 382 14 17 0.030487023
898 249 16 25 0.030356463
555 273 24 33 0.030289974
658 494 29 33 0.030267656
692 255 10 16 0.029769938
920 1 25 30 0.02920206
836 309 29 42 0.029018387
692 259 15 23 0.028947523
654 340 10 12 0.028623931
614 228 20 36 0.028609881
748 324 8 10 0.028581766
594 354 61 76 0.028357482
745 264 10 16 0.028206227
471 362 22 30 0.028182663
901 242 15 20 0.028130896
492 385 15 24 0.028117336
791 0 50 44 0.02785463
873 230 18 22 0.027730267
471 254 16 22 0.027666239
896 270 27 38 0.02759433
797 133 14 14 0.027462142
837 249 18 26 0.027317839
737 251 23 32 0.027243638
487 307 11 17 0.027222393
987 517 37 58 0.026706802
0 0 70 91 0.026620941
912 278 16 21 0.02660159
479 248 24 32 0.026486425
684 251 18 30 0.026375463
704 253 12 19 0.02633638
831 221 10 14 0.026131323
762 410 8 10 0.0260648
480 352 13 19 0.025810618
244 343 33 27 0.025669904
613 541 29 34 0.025657495
885 252 38 51 0.025533773
835 232 15 26 0.02542077
883 240 17 24 0.025091995
735 402 14 18 0.025069518
706 258 13 18 0.024932427
834 277 33 58 0.024873223
927 0 97 94 0.024791364
482 266 10 14 0.024651984
489 373 12 25 0.02452009
746 408 7 11 0.024379004
903 289 15 19 0.024291947
869 237 24 31 0.02424462
362 257 21 27 0.024192851
477 262 26 36 0.024181366
836 296 18 21 0.024173085
294 223 26 34 0.024117423
579 382 61 79 0.024076194
887 273 13 17 0.024035065
903 247 23 31 0.023935128
556 260 20 28 0.023869794
836 273 21 30 0.023802215
346 246 21 31 0.023741284
358 225 31 25 0.023720797
687 231 47 60 0.023677735
742 256 12 18 0.023667118
835 227 13 18 0.02355762
747 274 11 15 0.023546211
555 403 45 55 0.023497768
663 268 7 10 0.023490328
661 482 22 25 0.023470093
842 403 19 23 0.023417054
885 234 11 13 0.023276048
751 250 7 9 0.02319392
485 258 16 20 0.02318516
903 274 14 22 0.02316705
356 226 37 48 0.023147987
998 382 19 21 0.023135092
655 346 13 17 0.023105478
613 228 32 51 0.02305641
836 272 11 14 0.02293968
736 405 7 12 0.022889782
829 224 28 42 0.022876129
956 495 68 80 0.022868238
839 237 21 26 0.022846725
747 270 10 14 0.022824816
331 243 25 36 0.022819199
793 133 22 23 0.02278926
252 140 108 124 0.022758149
790 127 37 43 0.022726486
635 530 37 45 0.022691503
343 235 16 26 0.022636564
694 259 11 15 0.022578882
706 236 28 38 0.022556324
688 256 33 43 0.022466088
614 261 20 35 0.02243964
471 313 25 33 0.022405894
704 235 20 30 0.022398701
734 412 8 10 0.022392297
891 263 23 33 0.02237461
903 236 18 22 0.022319235
336 223 40 48 0.02231265
212 142 85 99 0.022276063
664 248 8 10 0.022228474
0 465 81 110 0.022115253
300 102 99 122 0.022104423
909 318 18 31 0.022090582
840 240 7 10 0.02204226
661 252 6 9 0.021948015
488 361 11 17 0.02192992
561 255 14 15 0.021825643
911 282 11 15 0.021811241
173 411 227 164 0.021783145
820 0 204 188 0.021740632
906 275 29 39 0.021733578
319 217 40 50 0.021663694
778 215 12 17 0.021652142
899 247 11 17 0.021649685
908 290 17 23 0.02156305
203 463 134 112 0.021539379
345 281 13 13 0.021508643
889 312 23 29 0.021437885
555 234 17 22 0.021428404
347 231 27 32 0.021420633
467 332 16 19 0.02140931
776 219 19 34 0.021402562
839 269 22 23 0.021399627
649 495 40 53 0.021373702
828 238 18 26 0.021318572
0 0 35 47 0.021182647
557 284 25 34 0.021174828
906 263 15 22 0.021158988
308 229 38 44 0.021154685
481 309 15 17 0.021151826
558 246 26 42 0.021060158
817 346 207 229 0.020975629
745 248 14 17 0.020951035
981 0 43 49 0.020898823
562 199 17 23 0.020823939
909 259 16 21 0.020743186
864 231 23 29 0.020672886
558 213 15 24 0.020650994
767 412 8 11 0.020595964
889 322 18 25 0.020594783
586 378 44 54 0.020587841
463 182 29 41 0.020568917
367 240 38 49 0.020559046
475 362 13 17 0.020518899
706 252 30 39 0.020514265
249 87 77 110 0.02047059
517 209 71 90 0.020445412
882 275 21 31 0.02042685
57 0 125 94 0.020425426
277 179 69 83 0.020398412
175 354 19 29 0.020374069
715 257 17 24 0.020357456
865 0 53 41 0.020303255
486 267 14 18 0.020300105
0 0 143 185 0.020284273
671 482 20 29 0.020257901
911 330 12 19 0.020236064
833 233 12 19 0.020142304
0 371 155 204 0.020114733
772 0 52 49 0.020030541
747 279 13 16 0.01995986
469 268 31 46 0.019926088
721 408 8 10 0.019851312
701 252 11 17 0.019845726
480 360 12 15 0.019791452
748 252 20 30 0.019790033
669 316 7 11 0.019757345
561 215 76 109 0.019733766
686 352 11 14 0.01972526
1003 381 15 15 0.019642517
540 363 51 63 0.01964068
745 258 7 9 0.019578515
422 517 76 58 0.019574057
694 337 23 25 0.019543303
291 470 130 105 0.019518552
215 0 128 102 0.019505028
827 248 24 38 0.019479811
565 405 63 79 0.019448867
837 325 14 18 0.01944752
478 297 22 30 0.019435976
746 260 7 11 0.019381369
654 372 9 10 0.0193624
840 234 9 11 0.01930677
471 212 26 35 0.019266112
901 258 14 23 0.019262264
564 255 16 19 0.019248854
888 254 21 33 0.019246252
352 255 23 28 0.019165475
477 251 15 22 0.019155944
741 348 13 19 0.019149695
561 276 15 20 0.01911343
695 264 19 24 0.019071074
137 0 125 94 0.019063693
473 239 25 36 0.01902192
801 127 16 18 0.01900372
483 350 18 24 0.018998291
722 242 29 38 0.018987218
925 8 16 20 0.018885506
913 289 8 10 0.018870698
907 220 59 81 0.018851709
883 247 20 33 0.01879948
663 317 9 12 0.018774008
1009 539 15 36 0.018762898
614 216 14 26 0.018758351
572 207 100 146 0.018744882
759 410 7 10 0.01863471
546 226 48 69 0.01861572
658 247 16 24 0.018588753
762 350 12 17 0.018581534
253 352 26 24 0.018564688
321 195 73 94 0.018562507
839 252 46 49 0.01855848
881 240 66 86 0.018557688
480 311 21 26 0.01852343
198 500 70 75 0.018517092
741 252 12 15 0.018514352
470 264 18 21 0.018475333
743 381 19 25 0.018468507
377 480 134 95 0.018425642
214 351 22 21 0.018404372
749 408 8 11 0.018394265
474 508 92 67 0.018357038
917 7 19 21 0.018345796
554 334 87 113 0.018340979
909 240 37 50 0.018307393
989 370 35 46 0.01825047
784 525 6 9 0.018246833
659 261 15 24 0.01820297
712 254 10 17 0.01819714
381 514 76 61 0.018095335
746 250 9 11 0.018069642
660 272 10 16 0.018068502
739 408 8 10 0.018046156
290 213 63 75 0.01802587
559 337 17 20 0.01800714
656 241 10 11 0.017965646
742 400 15 20 0.017947694
907 308 19 29 0.01792872
901 193 59 84 0.017884675
840 378 19 21 0.01788302
881 228 14 17 0.017867131
565 313 63 90 0.017863734
909 283 8 12 0.017849775
838 290 24 36 0.017848013
323 235 24 31 0.017786745
712 263 14 21 0.017746665
276 116 65 90 0.017746042
836 226 40 46 0.017737688
489 260 10 14 0.017714398
737 411 11 13 0.017637294
662 347 9 14 0.01763619
827 262 26 39 0.017629549
250 172 69 88 0.017621007
833 254 14 21 0.01758077
318 248 59 71 0.017562687
479 218 14 19 0.017559502
475 374 21 28 0.01752476
765 408 10 11 0.017496292
899 290 21 29 0.017457526
853 229 39 43 0.017454587
777 245 19 29 0.017408945
303 125 21 23 0.01738436
470 364 16 20 0.017383317
845 267 26 28 0.017335575
682 353 15 20 0.017334254
459 192 39 52 0.017328523
148 466 133 109 0.017307127
689 254 7 12 0.017256444
861 240 23 30 0.017251961
750 254 10 14 0.017243873
790 39 16 20 0.017231962
453 532 53 43 0.017231261
478 261 11 16 0.017228259
485 375 24 37 0.01721784
733 219 17 21 0.017183125
615 227 12 20 0.017181829
875 217 41 54 0.017162958
703 265 13 18 0.017158799
889 279 13 18 0.017145893
469 372 17 23 0.017131299
264 202 69 81 0.017096356
477 312 15 20 0.017089693
109 0 99 74 0.017085906
643 512 52 61 0.017061487
840 345 18 26 0.017060336
557 217 26 44 0.017044261
1014 379 10 26 0.017037723
490 273 11 15 0.017029753
185 68 14 17 0.017004535
716 246 13 19 0.016984973
699 256 10 16 0.01697924
0 0 21 30 0.016940026
991 393 15 19 0.016929924
555 244 15 20 0.016910782
245 297 40 55 0.01690929
906 298 21 28 0.016907131
708 264 12 18 0.01690684
749 414 8 11 0.016895665
782 221 22 37 0.016873268
677 235 27 39 0.016859462
189 353 21 27 0.016851846
676 541 29 33 0.016841583
801 240 72 94 0.016799213
696 225 30 43 0.01679524
268 132 50 57 0.016786078
367 261 43 54 0.01675297
839 306 17 31 0.016726622
524 507 76 68 0.016691323
602 234 46 68 0.016638903
873 0 85 60 0.016633155
657 239 14 16 0.016617142
605 0 243 187 0.016594158
557 428 77 106 0.016574338
841 239 75 94 0.01655716
909 0 50 42 0.016552083
441 2 120 125 0.01654564
895 304 23 32 0.016513443
908 0 88 66 0.016500099
281 311 40 48 0.01647343
487 355 8 12 0.016457718
690 245 10 12 0.01643567
184 0 108 79 0.016425652
793 238 109 141 0.016393295
904 280 49 66 0.016390678
669 342 15 19 0.016374888
652 343 9 11 0.016372284
738 90 113 154 0.016361058
412 531 52 44 0.01636019
265 0 107 80 0.016334234
654 349 7 12 0.0163098
555 294 25 40 0.016307632
744 412 8 11 0.016291115
994 389 21 23 0.01628352
893 280 40 53 0.016236689
240 350 37 36 0.016229758
839 236 15 18 0.016213002
828 225 15 21 0.016171526
255 12 117 149 0.016163493
299 167 42 56 0.016126268
690 233 19 31 0.016114138
689 343 8 9 0.016093338
226 518 49 57 0.016056025
916 266 24 30 0.016055219
582 515 55 60 0.016054275
829 295 45 62 0.016047949
840 325 22 36 0.016034804
937 423 87 152 0.016021278
907 290 8 12 0.016013168
613 254 16 25 0.01599176
487 362 8 13 0.01598261
256 341 30 27 0.015970869
501 363 19 25 0.015940377
482 214 14 19 0.015857182
810 183 214 310 0.01583004
345 503 71 72 0.015794406
643 51 137 185 0.01578107
496 458 40 51 0.015777094
354 399 249 176 0.015766004
307 124 15 14 0.015762886
19 482 107 93 0.015734753
836 247 13 17 0.015731426
842 300 17 20 0.015727883
240 351 26 22 0.015715433
111 0 258 184 0.015713492
1006 0 18 28 0.015709698
877 258 23 29 0.015687073
888 238 14 19 0.015686825
271 202 94 119 0.01567083
22 0 112 82 0.015666937
590 350 39 49 0.015660755
295 0 130 97 0.015654948
0 505 40 70 0.015650015
887 237 10 14 0.015633864
562 455 110 120 0.015585861
899 232 28 38 0.015574337
0 150 109 191 0.015563557
839 263 15 22 0.015552252
902 266 14 23 0.015552093
240 393 267 182 0.015540996
741 268 13 17 0.015532194
886 86 124 159 0.015529687
562 0 67 51 0.015513105
344 6 135 147 0.015503507
809 0 125 92 0.015489794
495 391 18 21 0.015484708
489 251 13 20 0.0154780615
667 315 6 9 0.015475192
493 196 18 22 0.015471781
450 97 12 15 0.015456899
856 233 22 29 0.01545577
524 314 86 108 0.015455402
703 254 7 10 0.0154543165
481 206 20 27 0.0154372975
746 0 68 63 0.015432292
460 350 31 40 0.0154297305
0 30 74 180 0.015368564
652 481 24 29 0.015362614
745 266 7 10 0.015326554
473 404 20 24 0.01531196
0 224 80 186 0.01530977
902 245 11 13 0.015304099
608 220 20 34 0.015301418
700 259 14 17 0.0153004
555 290 16 20 0.015293857
828 254 123 170 0.01529136
619 284 11 13 0.015276323
749 270 15 21 0.015271049
540 388 39 52 0.0152425105
175 216 11 14 0.0152371265
476 195 34 47 0.015235587
0 113 75 179 0.015220243
915 257 20 24 0.015192743
266 496 98 79 0.0151905045
710 245 12 14 0.015096968
900 253 10 17 0.015088318
351 242 17 21 0.015087168
927 314 97 185 0.015066625
1020 557 4 18 0.015060703
557 312 19 29 0.015046475
873 0 25 20 0.015034303
657 247 8 10 0.015010251
602 0 68 49 0.01500577
676 497 13 18 0.014999865
777 231 20 34 0.014997475
516 367 92 118 0.014977732
747 435 11 12 0.014975092
214 333 25 27 0.014970735
44 196 140 177 0.0149658965
139 85 122 154 0.014922929
895 232 23 28 0.014903266
323 253 76 98 0.014878921
467 364 31 46 0.014874665
836 284 17 26 0.014874255
300 245 45 53 0.014873608
515 525 47 50 0.014866634
976 149 48 102 0.0148661025
479 317 25 34 0.014863198
462 245 39 56 0.014857136
4 317 76 120 0.014855576
155 0 18 36 0.014850978
918 452 24 31 0.014843581
254 145 41 62 0.014836939
917 22 107 180 0.014809701
680 248 17 22 0.01480823
907 311 13 18 0.014801053
829 0 56 47 0.014796707
560 525 52 50 0.014773474
468 379 20 26 0.0147607615
657 255 11 15 0.014760229
816 471 130 104 0.014757811
286 0 253 186 0.01470653
833 276 12 15 0.014704465
649 253 6 9 0.014701418
780 217 14 23 0.014698737
442 495 79 80 0.014693604
316 171 23 34 0.014692688
802 135 13 12 0.014682755
696 273 16 23 0.01466378
884 231 9 11 0.014652894
617 275 14 21 0.014621181
751 412 8 9 0.014597055
475 384 9 12 0.014595821
503 0 60 70 0.01459486
865 183 66 85 0.0145914145
470 195 22 35 0.014578178
493 360 24 35 0.014566396
836 233 9 12 0.0145450365
897 408 20 26 0.014531995
663 244 8 10 0.014526177
1017 552 7 23 0.014525356
506 372 11 15 0.014506899
489 360 8 12 0.014504198
609 520 16 22 0.014504063
683 181 62 87 0.014487331
791 202 74 95 0.014484238
525 552 20 22 0.01448326
694 0 122 99 0.014477194
849 241 25 28 0.014472253
771 135 111 147 0.014471597
40 380 289 195 0.014469811
468 284 15 17 0.014459271
679 319 9 10 0.014441741
838 183 64 86 0.014436793
926 115 98 165 0.014373818
857 0 123 114 0.014370254
915 289 20 22 0.014345327
603 394 62 79 0.014344382
483 301 14 20 0.014343434
492 184 36 49 0.014332633
492 252 27 33 0.014319441
787 137 23 29 0.014316945
504 551 29 24 0.014309772
757 413 7 9 0.014305933
351 229 72 96 0.014300306
581 313 85 108 0.014283012
170 520 62 55 0.014280546
679 330 10 14 0.0142591195
0 252 122 214 0.014256942
650 348 13 18 0.014247143
918 268 16 20 0.014235084
876 273 22 25 0.014220688
974 445 50 116 0.014214484
595 399 36 48 0.014208965
938 0 17 13 0.014196431
975 14 49 108 0.014195753
218 369 14 21 0.014191272
550 192 28 35 0.014189489
772 413 7 10 0.014185606
558 257 11 13 0.014182334
207 311 37 46 0.014165174
673 494 17 30 0.014153598
521 426 82 106 0.014152541
550 199 43 57 0.014150617
468 322 18 25 0.014147688
914 267 41 48 0.014110827
462 295 35 52 0.014100321
469 239 15 18 0.014082549
551 206 17 20 0.01407639
920 232 104 182 0.014070948
471 329 25 35 0.014060182
776 206 17 28 0.014056707
483 328 15 22 0.014054749
17 0 256 191 0.014033408
298 170 113 139 0.014021352
694 228 21 29 0.014010854
700 346 13 18 0.014008143
0 229 39 98 0.014001504
1002 375 22 19 0.013996542
843 328 16 21 0.013990203
0 347 82 186 0.013987753
616 205 13 16 0.013981537
976 405 48 105 0.0139671685
905 285 8 10 0.013959509
748 244 11 14 0.013934808
801 134 10 10 0.013932886
17 273 83 124 0.013927684
839 275 11 13 0.013915242
783 0 35 29 0.0139131695
926 26 11 12 0.013911762
976 270 48 106 0.013910038
0 73 38 94 0.013909132
494 530 49 45 0.013889874
0 261 58 113 0.013886874
1018 377 6 23 0.013884448
0 359 58 112 0.013871215
555 197 15 22 0.013866876
265 0 66 49 0.013864418
886 283 14 19 0.013864102
687 361 10 13 0.013848821
1012 0 12 18 0.013848289
489 197 77 96 0.013847006
841 251 13 16 0.013841141
899 220 26 34 0.013837543
663 344 18 21 0.013826035
904 29 41 62 0.013820154
913 0 19 22 0.013784754
764 158 71 96 0.013769178
838 385 21 31 0.01375053
610 512 61 63 0.0137480125
563 240 24 29 0.013742744
759 408 13 15 0.013741502
578 60 134 183 0.013741243
288 267 10 14 0.013738105
887 231 11 12 0.013734907
359 264 66 86 0.013732895
873 227 14 17 0.013725861
157 147 82 97 0.013721703
743 411 15 19 0.013700331
1006 385 9 10 0.013684868
872 278 26 32 0.013683583
474 411 22 30 0.013682134
314 226 26 33 0.013673517
793 38 35 47 0.0136580365
562 229 19 23 0.013644706
110 0 61 53 0.013610158
533 395 57 74 0.013600896
688 340 21 24 0.013597208
804 120 23 24 0.013594688
240 434 28 28 0.013583909
908 243 15 17 0.013581652
567 256 8 10 0.013580944
551 252 22 26 0.013580684
376 0 136 98 0.013557032
915 262 12 14 0.013548003
236 22 84 109 0.013546115
913 307 24 30 0.013545862
612 0 138 99 0.013540062
494 379 12 19 0.013535146
911 292 8 12 0.013529013
487 456 151 119 0.013520169
927 0 27 24 0.013520122
780 235 26 44 0.013508794
696 262 13 15 0.013504551
783 133 58 77 0.013492133
533 0 127 86 0.013480616
718 246 19 26 0.013473389
837 394 28 37 0.0134725645
324 0 67 50 0.013467897
653 4 135 142 0.01346752
790 14 40 59 0.01345525
46 445 89 109 0.013443685
689 264 13 19 0.013441945
641 0 69 50 0.013436436
839 256 12 16 0.013426264
907 250 66 87 0.0134210605
1001 387 23 25 0.013415586
701 278 16 24 0.013403991
913 335 8 11 0.013368791
783 96 57 72 0.013366925
0 15 40 92 0.01335581
313 187 45 58 0.013330734
916 12 50 65 0.013319818
243 506 69 69 0.013314912
798 118 62 78 0.013309796
353 272 44 59 0.013305974
0 112 39 97 0.013297271
890 330 19 27 0.013296685
861 0 27 20 0.013283948
0 450 39 97 0.013283285
791 32 23 31 0.013247506
673 329 42 50 0.01324381
816 227 33 45 0.013240435
367 248 17 21 0.013224592
888 318 15 20 0.013217902
255 170 49 58 0.013215337
787 86 11 16 0.013210184
856 250 21 28 0.013208517
785 216 32 50 0.013208475
676 406 42 53 0.013199831
371 528 53 47 0.013191386
486 337 12 14 0.013189339
719 434 10 12 0.013187777
467 275 21 26 0.013185661
525 0 62 50 0.013181992
290 138 43 54 0.013180542
688 445 37 44 0.013168572
197 355 16 20 0.013168107
494 276 8 10 0.013162509
253 182 156 193 0.013159895
790 31 16 20 0.013152837
613 474 113 101 0.013148974
0 329 39 98 0.013148886
460 382 22 25 0.013139103
1008 388 10 9 0.013134209
533 207 45 61 0.013127867
9 66 127 182 0.013127551
721 256 29 38 0.013123186
679 481 15 25 0.013121814
112 223 85 106 0.0131186275
562 334 13 16 0.013115043
682 391 65 83 0.013113677
884 221 22 27 0.013107647
493 258 12 17 0.013086098
609 260 32 53 0.013086008
134 156 128 162 0.013080587
598 367 36 43 0.013077921
792 0 87 63 0.013067542
343 449 73 99 0.013056077
730 474 126 101 0.013046361
828 249 15 21 0.013045418
338 225 20 32 0.01304536
699 283 11 14 0.013043145
692 278 17 23 0.013036942
682 264 26 37 0.013034736
662 236 36 47 0.013030948
327 359 23 39 0.013016078
255 360 17 18 0.01301534
753 409 14 16 0.01301131
491 366 8 15 0.013003813
885 156 72 95 0.012993537
693 247 10 13 0.012991084
296 42 128 158 0.012981878
735 272 19 25 0.01298162
844 248 12 14 0.012975911
484 263 8 12 0.012975708
812 38 130 165 0.012971774
919 455 16 19 0.012964129
732 252 19 23 0.01295982
687 345 10 14 0.012955182
873 267 125 184 0.012946893
452 281 52 80 0.012941146
744 240 18 28 0.012939163
900 253 7 11 0.012938299
0 0 14 18 0.012926859
239 215 83 103 0.012913831
660 269 15 25 0.012913648
717 252 10 19 0.012908723
741 274 11 14 0.012907008
682 478 10 17 0.012902339
571 396 119 151 0.012901642
906 303 52 70 0.012888498
563 268 69 104 0.012874414
1019 0 5 13 0.012867388
886 260 14 21 0.012858829
586 0 58 40 0.01285121
878 290 38 54 0.012849627
857 0 39 32 0.012849329
629 200 39 48 0.012845212
135 0 39 77 0.012839919
494 260 7 11 0.012836579
687 258 13 18 0.012835934
847 266 44 49 0.0128346905
625 210 100 151 0.012820994
697 241 14 19 0.012818353
798 137 8 10 0.012817759
860 242 14 19 0.012814493
660 281 11 15 0.012812529
683 335 67 89 0.012786726
670 320 7 10 0.012786517
845 249 21 23 0.0127811
720 498 78 77 0.012753161
659 475 20 23 0.012745634
544 246 104 154 0.012742786
894 283 12 18 0.012732162
184 148 121 158 0.012727139
694 249 13 17 0.012711691
561 237 15 21 0.012708357
0 139 47 121 0.0126979835
868 501 86 74 0.012690878
842 352 19 27 0.012685499
564 257 9 11 0.012685432
470 301 16 21 0.012680033
657 346 8 11 0.012675736
563 358 40 49 0.012674897
497 386 14 18 0.012668224
748 406 7 10 0.01266222
482 274 15 22 0.012643868
908 267 11 13 0.012643501
432 175 58 78 0.0126405405
491 309 8 13 0.01262598
637 545 20 29 0.012623799
924 352 18 23 0.012609258
340 411 72 93 0.012605551
786 525 7 12 0.012593516
175 7 120 150 0.012578298
333 435 131 140 0.012577663
466 357 14 18 0.012575957
627 0 57 40 0.012567368
253 280 46 57 0.012566833
915 287 9 11 0.012561467
565 377 31 37 0.012544453
744 253 7 11 0.01254348
385 0 65 49 0.012541188
906 304 14 19 0.012534961
448 64 127 176 0.012534594
899 243 9 15 0.012529525
238 345 24 21 0.01252032
0 190 39 98 0.012508526
673 252 29 42 0.012503138
652 225 55 73 0.012499844
717 412 8 11 0.012499016
822 157 67 93 0.012487429
225 0 67 50 0.012487176
897 279 12 16 0.012484643
366 235 24 32 0.012482193
504 254 22 29 0.012478939
5 197 78 120 0.012474258
862 227 100 132 0.012472445
556 275 15 19 0.012464767
702 407 14 16 0.012455523
561 204 11 13 0.01245531
837 242 11 16 0.012452806
640 484 42 47 0.012450058
912 249 18 24 0.01244331
559 242 11 15 0.01244076
320 381 21 38 0.012435279
0 68 219 323 0.0124258045
872 144 140 182 0.01242
782 229 14 22 0.012417254
1019 342 5 33 0.012413758
744 283 15 20 0.012399711
480 382 12 16 0.012397215
234 362 41 47 0.012396803
884 239 10 14 0.012393752
731 410 12 15 0.012392424
752 248 10 13 0.012391658
830 269 14 19 0.0123658655
438 0 42 39 0.012363628
837 239 7 10 0.012351069
273 195 28 31 0.01235092
418 375 38 48 0.012350602
288 192 47 56 0.012339843
661 316 13 17 0.012336854
580 6 145 159 0.012331534
657 497 59 76 0.012328621
684 419 40 55 0.012328199
18 416 89 121 0.012320179
561 209 20 24 0.01232015
72 190 92 111 0.01231
462 0 75 73 0.012308291
820 503 81 72 0.012306567
492 374 7 14 0.0122979805
761 210 105 145 0.012288128
896 256 12 18 0.012287998
556 184 41 51 0.012277996
661 245 22 29 0.012277938
907 281 8 11 0.012272769
904 484 107 91 0.0122594
672 349 19 23 0.012254024
675 201 34 41 0.012235368
778 1 121 141 0.012233269
488 262 34 46 0.01222819
766 62 13 15 0.012224679
612 210 33 49 0.012222315
849 276 16 19 0.012219576
873 196 44 56 0.012214818
662 498 18 22 0.012213063
17 353 85 121 0.012206892
103 6 117 153 0.012206317
499 212 21 27 0.012197794
870 0 17 13 0.012196884
647 3 257 286 0.012195858
886 284 20 28 0.012195452
747 281 8 11 0.01219326
93 253 84 116 0.012190815
471 414 30 41 0.012179166
596 224 37 52 0.012171208
579 136 115 158 0.012165178
703 279 11 15 0.012164048
665 358 65 84 0.012160904
496 373 19 27 0.012159783
899 189 7 9 0.012156872
498 253 7 9 0.01214602
487 263 8 10 0.012142019
485 365 8 11 0.012135686
844 317 27 28 0.012131424
554 139 7 10 0.01212184
835 214 59 74 0.012117382
879 0 17 12 0.0121168075
703 272 12 16 0.01211022
238 184 48 60 0.012108145
612 385 42 55 0.012104021
822 229 18 21 0.01209463
979 209 45 107 0.012094103
336 246 15 24 0.012092776
868 267 23 28 0.012080693
471 205 15 22 0.012066758
896 311 31 39 0.012064991
914 313 15 19 0.012064519
0 482 26 68 0.012063392
808 0 41 32 0.012062533
487 369 10 13 0.012060559
900 32 82 124 0.012059382
693 477 25 28 0.012057884
334 521 49 54 0.012054719
844 382 20 27 0.01204477
50 36 126 170 0.012037917
534 189 209 286 0.012034903
786 241 31 52 0.012032636
363 244 18 20 0.012031439
836 328 17 27 0.012029976
713 403 48 59 0.012028083
746 416 9 11 0.0120273605
481 237 23 33 0.012019185
647 343 13 17 0.012010484
1003 58 21 64 0.012010428
652 365 14 20 0.012010034
603 268 57 83 0.012003966
459 258 29 33 0.012003536
161 0 23 23 0.012003445
304 226 19 26 0.012001406
608 247 19 27 0.012001365
410 376 58 73 0.012000268
458 183 25 30 0.011996949
572 197 42 50 0.011984498
143 490 85 84 0.0119766155
794 37 11 13 0.011972893
818 301 66 87 0.011969893
550 0 55 40 0.011963286
913 267 12 14 0.011958032
841 237 10 12 0.011954061
896 265 14 21 0.011953109
471 469 71 84 0.01194318
601 209 24 31 0.011943093
561 289 11 13 0.011936247
831 200 45 58 0.011926861
498 345 9 16 0.011924384
723 410 8 11 0.0119233485
499 248 33 43 0.011918749
552 255 39 63 0.011913898
770 408 8 9 0.011908539
744 29 44 53 0.01190733
479 25 133 168 0.011906992
681 304 61 77 0.011906721
926 278 21 28 0.011900221
704 227 54 72 0.0118982
279 260 80 102 0.011895717
916 282 11 13 0.011890174
562 229 11 14 0.011883223
835 448 14 19 0.011882249
473 334 10 13 0.0118818125
343 0 70 66 0.011873315
474 344 30 47 0.011871474
706 357 39 50 0.011868044
792 44 24 31 0.011866181
426 43 39 55 0.011866008
775 294 139 194 0.011865236
727 393 46 58 0.011860916
866 249 24 30 0.011857638
100 140 23 32 0.01185478
560 262 15 16 0.011849437
477 310 11 14 0.011840099
984 338 40 63 0.011833572
911 307 71 94 0.011830584
665 248 11 14 0.011813865
556 268 14 18 0.011811596
917 285 13 16 0.011806605
452 185 19 29 0.011805602
1022 0 2 9 0.011781688
462 0 19 14 0.011778521
797 0 30 30 0.011776199
843 280 23 30 0.011770046
865 286 23 29 0.011763015
369 0 24 24 0.011753583
485 360 8 11 0.011746206
794 125 13 18 0.011745017
86 119 39 62 0.01174103
24 0 71 55 0.011740658
728 217 26 35 0.0117391385
26 233 46 67 0.011733018
717 408 8 9 0.01172631
1021 381 3 20 0.011724153
968 2 49 69 0.011715516
592 473 21 28 0.011711334
968 527 42 48 0.011708978
687 256 6 11 0.011708367
925 17 15 21 0.011708265
876 68 81 108 0.011707549
681 0 69 50 0.011703791
673 317 9 11 0.011701756
1021 339 3 24 0.011691464
753 0 48 35 0.011688383
782 250 19 31 0.011686031
273 521 52 54 0.011684633
669 350 14 20 0.011683943
616 244 38 47 0.011680884
503 234 111 159 0.011678667
664 263 8 11 0.011669795
22 138 98 128 0.011668295
687 273 33 44 0.01166413
706 274 17 24 0.011658109
217 356 19 28 0.0116481325
905 289 8 11 0.011647926
885 0 51 34 0.011641013
416 440 129 135 0.011640432
10 0 58 45 0.011639774
574 242 11 14 0.011632132
560 106 71 97 0.011630723
166 0 67 49 0.011630336
657 473 121 102 0.011626704
381 274 67 87 0.011620012
289 0 56 40 0.011618732
457 316 31 40 0.01161577
501 438 11 14 0.011611247
730 265 29 38 0.011608585
483 104 71 99 0.011607006
844 305 44 48 0.011596238
484 0 120 113 0.011595919
554 423 45 54 0.011594421
472 243 16 26 0.011592966
65 0 68 52 0.011590356
473 364 10 13 0.011584427
876 250 15 20 0.01158256
902 112 82 100 0.011581272
708 237 13 17 0.011575344
898 250 7 12 0.011570422
692 196 43 58 0.011568394
483 351 11 13 0.011566698
665 177 102 151 0.011562388
684 242 14 18 0.01156085
848 382 14 16 0.011558686
952 303 72 127 0.011557674
897 340 77 108 0.011551002
484 375 13 18 0.011550019
866 241 14 20 0.011547671
586 0 17 13 0.011547567
486 267 8 12 0.011546647
466 371 51 74 0.011539
720 407 13 16 0.011538001
461 382 36 52 0.011523418
165 98 200 245 0.011520598
0 408 39 98 0.011519931
922 286 18 22 0.011510853
882 234 9 11 0.011510181
789 39 8 11 0.011501455
0 0 9 11 0.011497952
778 431 133 144 0.01148618
649 344 29 41 0.011478183
499 200 31 43 0.011474525
686 536 35 39 0.011473349
464 211 25 27 0.0114712175
751 258 12 17 0.011467558
913 395 38 51 0.011467505
837 385 17 19 0.01146451
225 372 44 54 0.011461788
595 13 78 92 0.011460061
157 0 41 53 0.011456472
853 274 25 31 0.011455693
658 495 18 20 0.011454357
882 317 29 38 0.011451435
53 0 35 27 0.011444959
537 28 24 36 0.011439783
123 181 70 81 0.011433286
786 559 20 16 0.0114327
158 69 82 107 0.01143143
172 68 11 14 0.011429091
752 264 12 17 0.011427739
894 248 13 19 0.011427261
918 277 16 20 0.011425764
639 491 20 31 0.011416578
499 350 21 28 0.011415598
686 250 9 14 0.011411323
447 193 55 81 0.011403227
275 297 60 73 0.011402522
749 260 8 11 0.011400062
698 119 118 163 0.0113996705
1023 563 1 12 0.011393867
704 450 42 47 0.01139176
466 238 12 16 0.011381077
671 191 52 70 0.011380964
49 116 135 172 0.011378227
940 128 45 63 0.011377827
251 0 56 39 0.011367041
692 409 38 45 0.011363269
833 372 29 37 0.011362993
110 283 83 108 0.011359085
489 354 10 14 0.011352873
655 244 8 10 0.011341573
482 278 22 32 0.011340617
1021 375 3 18 0.011337066
985 53 39 90 0.011327643
691 260 8 12 0.011317112
580 130 69 94 0.011315447
536 30 136 171 0.011314147
872 245 15 21 0.01131
856 363 76 104 0.01130457
918 292 23 26 0.011300056
518 404 228 171 0.011292884
466 288 21 29 0.011291536
156 125 44 64 0.0112901
0 86 23 64 0.011289592
663 251 10 13 0.011288582
486 311 8 11 0.011286628
477 217 12 14 0.011284843
489 354 7 9 0.011280779
735 15 70 78 0.011276797
683 344 16 21 0.011270851
753 245 21 27 0.011265188
913 8 13 17 0.011263028
607 189 60 80 0.011262869
0 244 24 66 0.011260025
743 405 9 12 0.011257852
843 273 14 15 0.011245785
745 434 16 20 0.011245386
617 1 75 80 0.011244112
702 417 44 55 0.011241905
912 259 11 13 0.011241095
748 63 84 113 0.011240849
289 234 42 47 0.011239828
977 350 47 96 0.011237758
769 521 50 54 0.01123746
166 295 66 82 0.01123736
369 60 131 176 0.011236849
915 271 12 15 0.011223123
303 229 28 36 0.01121725
707 319 9 13 0.011216544
610 379 24 33 0.011215969
70 498 85 77 0.01121308
624 549 17 26 0.011211622
627 164 7 10 0.011210328
660 267 8 10 0.011209562
838 129 71 98 0.011206626
17 215 45 65 0.0112011535
280 110 227 264 0.011197101
747 268 7 9 0.011194244
179 349 26 27 0.011191683
474 358 11 15 0.011187785
986 125 38 78 0.011186075
1023 562 1 13 0.01118221
831 426 16 21 0.011179326
444 0 68 53 0.011169761
667 189 34 47 0.011166207
791 140 16 19 0.011165669
567 248 27 34 0.0111644175
818 123 126 162 0.011157122
142 18 8 9 0.011151551
491 264 9 17 0.01115076
493 370 8 14 0.011150183
860 267 22 27 0.011144184
362 373 72 84 0.011138845
705 346 14 18 0.0111380145
639 471 37 43 0.011137488
732 407 10 11 0.011132418
598 253 32 41 0.011127362
613 208 23 29 0.011123947
784 13 31 42 0.011122674
507 358 61 76 0.011119466
385 0 23 22 0.011119068
310 0 56 40 0.011117644
733 236 24 34 0.01111586
0 276 31 82 0.0111097945
595 200 40 54 0.011107436
559 11 74 93 0.011104285
720 224 22 26 0.01108123
913 329 38 50 0.011078389
222 370 25 29 0.01107518
891 235 8 10 0.011074173
478 218 27 38 0.011073703
517 560 15 15 0.011072764
876 289 24 29 0.011064866
766 407 13 15 0.01104791
1004 363 20 42 0.011042315
177 365 12 18 0.011040324
836 72 74 99 0.011033991
590 309 49 70 0.011029276
667 245 7 11 0.011029137
668 255 57 78 0.011028395
469 186 51 69 0.011026441
903 54 44 66 0.011023912
668 340 54 67 0.011020501
702 249 8 13 0.011013345
700 405 71 95 0.011012776
848 243 17 19 0.011009635
309 386 26 33 0.011008146
327 238 15 21 0.011004511
183 359 16 22 0.011003949
367 338 67 80 0.010994968
1018 0 6 27 0.010986378
853 272 17 19 0.010984735
490 355 20 24 0.010984186
711 258 7 11 0.010983425
521 105 71 97 0.010982115
777 259 18 28 0.010980986
218 327 40 37 0.010980694
300 354 122 162 0.010978877
131 75 70 92 0.010977192
664 332 20 27 0.010973542
871 96 44 62 0.010973141
685 254 11 20 0.010969918
695 0 41 35 0.010967667
125 24 70 102 0.01096679
811 362 80 110 0.010964389
711 279 18 24 0.0109595
557 340 12 15 0.010954135
701 354 67 93 0.010949045
395 531 46 44 0.010945765
602 381 24 38 0.010943249
655 337 17 21 0.010943148
670 497 10 13 0.010936935
446 450 70 85 0.010933208
673 355 13 15 0.010931036
596 86 79 100 0.010929378
699 264 8 10 0.01092842
893 275 13 15 0.010926852
777 114 18 21 0.010924466
681 500 35 48 0.010923035
436 540 35 35 0.010921753
300 34 40 57 0.010920679
791 134 16 15 0.010918338
1019 359 5 28 0.010916515
620 163 65 87 0.010914229
652 342 21 28 0.010906593
819 215 24 29 0.010906356
246 261 46 51 0.010905773
0 554 21 21 0.010903591
465 263 17 18 0.01090352
854 88 79 101 0.010901532
209 301 66 73 0.010901154
1022 348 2 23 0.010900157
209 140 56 71 0.010899427
242 477 43 52 0.010892445
785 196 40 56 0.010885808
600 285 39 53 0.010885211
787 253 11 17 0.010883493
807 136 27 36 0.010877987
154 183 86 104 0.010875232
988 195 36 77 0.010874439
533 5 248 302 0.010871821
364 216 35 36 0.010870665
870 220 30 35 0.010863479
183 429 76 100 0.010863478
889 276 9 11 0.010858731
0 363 24 66 0.010853432
886 279 11 14 0.010852261
1016 386 8 28 0.0108504975
653 247 11 14 0.010848555
575 391 44 52 0.010847513
906 244 12 13 0.010840086
282 127 45 48 0.010833709
666 411 63 83 0.010829931
832 246 12 16 0.010825523
337 179 108 144 0.010817987
547 137 65 89 0.01081564
909 234 22 27 0.0108105065
96 4 58 67 0.010807713
462 89 74 96 0.010805412
921 45 45 65 0.010802871
721 256 17 24 0.010799307
94 0 54 40 0.010798832
667 0 57 40 0.010793711
203 408 73 90 0.010793562
327 377 20 38 0.010791521
1002 388 9 9 0.010789272
698 266 7 10 0.010788891
435 387 41 51 0.010787738
548 529 40 46 0.01078734
403 27 18 23 0.010784918
308 520 55 55 0.010780898
921 0 17 20 0.010775865
548 302 29 44 0.01077558
889 270 10 14 0.010771089
484 334 20 27 0.0107705835
691 260 46 61 0.0107660005
555 378 27 37 0.010762893
25 263 46 66 0.010760855
206 377 69 84 0.01075927
405 0 67 65 0.010755398
492 297 33 42 0.0107541075
487 240 12 17 0.010754046
563 206 56 74 0.010746592
60 0 40 38 0.010745847
6 9 42 59 0.010739489
562 268 14 14 0.010738916
699 317 70 91 0.010736365
654 248 25 35 0.010730815
466 327 114 147 0.010726786
693 455 39 50 0.010725594
847 252 7 9 0.010725374
56 323 46 66 0.010723808
608 518 35 49 0.010719536
881 324 21 24 0.010709647
429 397 61 78 0.010708984
996 386 28 67 0.010707926
206 380 15 17 0.010705111
783 35 61 79 0.010700481
618 304 21 30 0.010699825
1001 2 23 62 0.010698781
459 402 121 153 0.010697475
151 222 89 108 0.010694869
913 335 14 18 0.01069374
347 342 61 75 0.010688874
1018 332 6 32 0.010686434
930 0 13 12 0.010683941
162 17 76 100 0.010681532
681 268 14 17 0.010675237
171 312 131 169 0.010671022
923 262 24 29 0.010670162
391 77 30 36 0.010668585
6 69 42 59 0.010666317
745 268 124 171 0.010664729
783 123 22 23 0.010663785
902 297 14 18 0.010662212
238 350 12 16 0.010661037
837 248 8 11 0.010660251
477 365 8 11 0.010659452
880 0 23 31 0.010659181
730 37 46 50 0.010659141
689 351 8 10 0.010656015
920 254 14 18 0.0106496615
709 265 31 41 0.010641495
479 361 8 11 0.010640442
615 519 15 20 0.010639183
76 292 46 67 0.010639086
828 222 9 11 0.010638102
617 239 13 23 0.010634764
0 539 30 36 0.010632905
914 296 16 18 0.010631203
640 240 32 41 0.010630237
228 278 47 58 0.0106299175
694 272 12 16 0.010629612
454 288 35 44 0.010628465
224 486 45 71 0.01062394
379 393 125 163 0.0106231
210 0 56 40 0.010617128
891 79 45 63 0.010616414
591 210 26 31 0.010615362
828 225 10 12 0.010607418
564 236 52 68 0.010604174
821 50 70 96 0.010603607
299 350 39 54 0.010601789
900 328 19 25 0.010600039
490 305 7 13 0.010593243
500 225 14 18 0.010591021
359 8 78 99 0.0105885565
642 180 65 85 0.010587176
107 255 49 62 0.010584934
740 214 10 14 0.010584408
802 77 68 88 0.010581739
705 432 10 14 0.010581377
740 279 11 14 0.010580664
925 476 13 18 0.010576111
341 358 22 38 0.0105741685
562 285 37 46 0.010573705
461 258 52 82 0.010571202
278 286 44 59 0.0105691375
746 323 13 16 0.010568227
655 478 15 18 0.010567355
919 248 22 29 0.01056312
738 339 17 23 0.010560453
384 315 65 85 0.010558927
714 0 41 37 0.010556568
457 0 38 29 0.010543568
847 242 11 14 0.010543156
109 501 73 74 0.010542853
484 14 65 74 0.010539418
7 107 44 65 0.010538151
376 79 78 106 0.010537278
0 126 23 65 0.010535667
641 263 18 25 0.010535651
100 121 129 159 0.010533928
464 33 19 25 0.010525135
880 281 13 19 0.010518897
46 242 46 67 0.010517908
391 360 62 75 0.01051628
353 250 17 21 0.010514133
35 313 47 65 0.01051322
826 190 35 47 0.010513169
476 401 13 15 0.010512113
345 280 65 91 0.010506123
560 208 11 14 0.010501628
890 218 26 30 0.010500762
647 308 58 74 0.010499983
76 323 46 67 0.010499647
282 81 68 95 0.0104992725
61 178 75 92 0.010497751
746 276 8 10 0.010497485
565 169 59 75 0.010495473
708 261 8 11 0.010493556
841 399 34 46 0.010493348
429 362 57 71 0.01048892
565 251 11 14 0.010485506
418 186 54 76 0.010483246
0 246 232 329 0.010483027
901 278 11 15 0.010481116
711 235 16 22 0.010478991
484 419 19 29 0.010476838
452 267 37 49 0.010473913
858 184 48 53 0.010472181
725 247 19 26 0.010471449
378 0 36 33 0.010468244
418 0 264 186 0.0104669435
879 306 26 32 0.0104651125
135 0 43 33 0.010464585
465 168 33 43 0.010462445
474 237 12 17 0.010460923
459 246 26 33 0.010460377
628 521 18 25 0.01045604
7 234 45 66 0.0104545
56 383 46 66 0.0104536805
655 214 19 25 0.010452546
471 0 20 14 0.010451282
484 68 71 94 0.010449863
829 0 19 19 0.010449499
662 258 6 9 0.010447888
692 253 8 11 0.010441453
443 150 62 85 0.01044041
385 398 45 52 0.010439234
1021 352 3 27 0.010439155
162 541 36 34 0.01043523
500 328 9 11 0.010432448
161 229 23 34 0.010431728
346 9 240 276 0.010426113
939 232 66 100 0.010419216
452 0 20 13 0.01041748
928 31 10 13 0.010417086
225 351 14 15 0.010417062
678 407 13 15 0.010407699
429 0 36 27 0.010407232
178 305 43 51 0.010405903
491 341 30 43 0.010400268
615 219 62 81 0.010400038
821 230 51 73 0.010398669
564 288 14 17 0.010393472
318 21 87 101 0.0103902165
236 264 83 105 0.010389817
617 248 13 23 0.01038543
477 350 13 14 0.010381999
695 279 10 15 0.010376719
785 86 17 26 0.0103749335
731 0 56 54 0.010372274
65 99 65 86 0.010369739
7 195 44 65 0.010367445
654 375 8 12 0.010363007
353 547 28 28 0.010361306
45 411 46 66 0.010360563
369 42 40 56 0.0103597
414 217 56 77 0.010357653
468 187 16 21 0.010350643
430 232 64 85 0.010346183
528 177 60 77 0.010343465
86 237 75 91 0.010342873
465 307 21 24 0.010341566
886 229 8 10 0.0103391465
728 364 36 44 0.0103385905
184 276 68 84 0.010336763
543 88 71 96 0.010335806
514 0 44 35 0.010334384
601 348 18 20 0.010333437
53 397 87 120 0.010327972
858 224 24 30 0.010327616
175 125 44 64 0.010325971
17 84 83 111 0.010323763
886 253 14 20 0.010322775
610 0 20 14 0.010320388
488 0 57 45 0.010318616
448 110 222 309 0.010316069
926 524 55 51 0.01031574
760 31 62 80 0.010313875
397 0 19 13 0.010313138
56 293 47 66 0.010313133
697 441 122 134 0.010312028
788 523 48 52 0.010311906
494 274 12 15 0.010309025
591 380 249 195 0.010308298
646 248 17 22 0.010302871
421 362 117 151 0.010300981
220 347 34 36 0.010298653
13 520 58 55 0.010298533
492 211 34 49 0.010295605
914 455 35 50 0.010291142
0 27 24 65 0.010290079
488 432 56 73 0.010288907
684 509 69 66 0.010287398
842 86 43 57 0.010285155
1012 394 12 30 0.010281239
486 359 54 75 0.010281175
869 295 24 28 0.010280074
536 464 22 38 0.01027392
684 226 21 29 0.010271433
453 226 37 52 0.010266931
751 286 9 11 0.010264685
662 154 70 98 0.010262904
384 392 68 84 0.010259491
76 363 46 66 0.0102593945
686 273 18 23 0.010259015
851 489 18 22 0.010256115
497 387 9 9 0.010255526
838 324 41 54 0.010253243
791 59 13 16 0.010252822
915 299 21 24 0.010252317
479 303 13 17 0.010249946
786 34 14 17 0.010248644
843 256 16 20 0.010246272
28 78 42 60 0.010240633
591 346 28 34 0.010240364
910 270 12 17 0.010238471
308 221 25 31 0.010236318
171 361 16 25 0.010235418
655 543 42 32 0.010224412
226 346 21 21 0.0102233505
242 0 73 80 0.010220852
292 324 45 54 0.0102206245
781 524 9 16 0.010219657
66 342 46 67 0.010216522
378 449 76 91 0.010212931
683 430 67 89 0.010212416
678 257 18 27 0.010210702
206 356 133 176 0.01021006
576 0 38 26 0.010207173
504 361 12 17 0.010206539
767 382 18 27 0.010204574
743 242 14 18 0.010203643
504 302 24 32 0.010203265
911 281 8 11 0.010203224
441 106 72 101 0.010202044
266 429 24 30 0.010200142
3 88 23 32 0.010199557
830 328 31 49 0.01019933
837 219 17 19 0.010199291
723 448 39 49 0.0101989275
648 461 35 45 0.010197983
499 254 12 17 0.010196739
892 314 57 79 0.010194437
215 293 45 57 0.010194199
1002 407 22 65 0.010193263
712 459 26 30 0.010192385
477 411 13 16 0.010192094
479 384 79 99 0.010188122
380 233 68 85 0.010186632
85 424 151 151 0.010179623
902 357 21 28 0.010179443
1014 338 10 34 0.01017548
76 261 149 189 0.010174581
25 294 46 65 0.010173426
834 215 30 38 0.01017183
259 538 38 37 0.0101717375
827 404 37 55 0.01017165
678 317 7 10 0.010166528
0 158 31 81 0.010166133
67 274 45 66 0.01016611
831 161 7 10 0.010162629
742 250 7 10 0.010162269
291 71 37 48 0.010161257
750 387 12 17 0.010160113
575 26 78 102 0.01015743
186 363 22 26 0.010156362
912 478 41 56 0.010151425
326 541 43 34 0.010150112
433 33 23 30 0.010146811
699 202 30 37 0.010144489
913 312 33 44 0.0101422155
292 0 32 24 0.010138112
299 536 41 39 0.010134774
735 350 18 23 0.010128835
292 357 15 15 0.010127974
688 218 18 21 0.010124905
931 287 20 27 0.010124665
215 165 45 59 0.010119274
834 280 13 20 0.01011833
217 455 75 98 0.010117462
510 297 31 41 0.010113545
498 459 59 76 0.010111455
0 205 23 65 0.010107978
34 203 89 116 0.010106606
626 181 40 52 0.010103954
142 268 74 93 0.010101859
713 524 53 51 0.010096354
266 272 43 50 0.010095695
499 223 35 49 0.01009431
502 457 23 35 0.010094123
84 164 68 81 0.010089813
83 79 65 89 0.01008893
744 50 43 53 0.010083869
913 349 38 50 0.0100818025
835 418 38 57 0.010079476
480 318 72 88 0.010076874
486 381 14 24 0.010076605
164 410 73 92 0.010073276
784 40 17 23 0.010067894
588 418 37 41 0.010067118
799 129 10 14 0.010066945
856 252 15 19 0.010066384
715 259 9 16 0.010064978
828 213 13 20 0.010061742
270 0 34 26 0.010061187
903 522 58 53 0.010060894
358 252 19 21 0.010057428
1005 330 19 54 0.010056134
46 274 46 65 0.010052915
86 343 46 66 0.010050337
915 257 12 13 0.010050268
167 313 43 52 0.010044316
432 42 26 34 0.010032351
554 136 11 17 0.010030319
527 85 23 29 0.01002763
629 493 41 51 0.010026773
32 0 34 26 0.010026333
754 352 20 24 0.010025919
691 551 25 24 0.010023782
614 407 41 53 0.010021621
171 372 35 46 0.0100206705
652 360 117 155 0.010018215
356 332 45 58 0.010015368
830 219 8 11 0.010014569