2_Demonstration_Demonstration_Or_Protest_2_30
3320
771 75 46 69 0.6999488
597 80 18 23 0.68916464
436 63 19 21 0.50050426
184 557 15 18 0.23160236
118 586 19 21 0.1886111
163 412 64 55 0.1507853
188 559 16 18 0.14627491
182 556 11 15 0.1437611
359 490 22 34 0.14219084
691 112 26 35 0.13380212
49 67 9 11 0.12153424
681 399 18 21 0.109312996
385 175 23 42 0.087081544
433 65 15 17 0.08405851
4 0 10 9 0.083489425
719 481 17 23 0.07803909
75 7 18 31 0.07422521
60 133 20 25 0.07409739
120 587 12 13 0.073515706
445 559 11 11 0.07170581
217 416 16 21 0.07115925
124 0 10 9 0.07096045
186 551 15 20 0.07085385
139 241 13 17 0.06822902
433 69 20 25 0.06782101
374 163 40 57 0.066887856
267 400 25 32 0.06678009
400 385 10 11 0.06664731
337 165 62 68 0.065749206
184 553 24 27 0.06550395
198 288 14 15 0.064233206
191 580 10 13 0.061704617
188 348 13 17 0.061085444
838 631 13 13 0.059015956
188 573 14 19 0.05884422
193 411 40 42 0.05860023
702 111 22 34 0.058497105
665 435 47 67 0.058196478
306 165 65 72 0.05793677
439 54 19 25 0.057858456
384 382 18 37 0.057847872
224 575 13 14 0.057623096
85 48 11 17 0.05727103
346 478 35 52 0.056451008
44 6 10 13 0.05639799
707 394 18 25 0.056106105
672 455 51 57 0.055933915
156 611 9 12 0.05548962
125 587 13 15 0.0554167
250 195 49 58 0.05517316
393 59 18 23 0.055097632
252 401 19 29 0.055041797
440 71 16 20 0.0549468
702 77 16 21 0.054825235
591 73 28 38 0.054058377
150 406 51 65 0.053848132
819 630 24 21 0.05357627
218 406 16 22 0.052103598
22 121 13 15 0.052102122
375 61 23 29 0.051251683
122 592 18 20 0.05086336
186 558 9 11 0.05022318
385 61 23 27 0.04944828
274 397 30 37 0.04908024
219 170 45 55 0.049046002
828 630 22 15 0.048990328
684 118 25 35 0.048601944
440 69 13 13 0.04827979
255 543 17 21 0.0471763
194 561 11 13 0.04714634
216 445 70 98 0.047022507
288 397 26 38 0.04668206
79 221 19 23 0.04590936
378 186 24 38 0.045786873
179 560 16 22 0.045745105
209 565 10 12 0.045565266
884 377 49 60 0.045548473
206 116 46 54 0.045547575
387 543 9 9 0.045186315
443 64 14 16 0.04480789
868 31 23 29 0.044660807
55 147 11 15 0.04399346
144 572 19 25 0.043854132
229 543 19 26 0.043421302
26 0 11 11 0.043320216
353 334 99 117 0.04326124
211 621 9 9 0.042605083
134 233 20 23 0.04260501
219 617 26 18 0.04256862
414 175 22 25 0.042512015
139 0 14 12 0.04244383
119 587 9 9 0.042428434
318 440 12 17 0.042262807
685 276 26 29 0.042234555
427 57 23 30 0.042025268
241 570 12 16 0.04175489
151 576 7 9 0.041648258
447 210 31 38 0.041593708
601 84 20 25 0.041524667
709 480 25 30 0.04121268
398 160 33 51 0.041145913
176 553 17 23 0.041138485
665 92 19 25 0.0409742
49 65 7 10 0.0408988
774 78 28 37 0.040811475
111 0 11 10 0.040591184
388 393 18 23 0.040575694
239 621 12 12 0.040479843
689 111 18 27 0.040456105
124 593 11 13 0.040187247
335 187 35 44 0.040005967
354 129 13 16 0.03994509
235 41 22 31 0.03991613
439 558 17 17 0.0397028
499 41 21 26 0.039449405
256 604 7 10 0.039370313
188 124 19 30 0.03933116
773 58 38 61 0.03913711
139 0 25 21 0.039017737
207 404 28 35 0.038904365
151 400 104 108 0.0386778
259 402 19 26 0.038676236
684 468 52 53 0.03855257
221 412 11 15 0.038484737
223 576 9 11 0.038275592
1009 241 9 14 0.03823352
196 436 26 26 0.038057897
699 117 15 22 0.037834346
114 581 19 19 0.037760872
61 1 32 42 0.037595943
183 613 11 13 0.037449326
680 473 13 17 0.03731097
592 90 21 26 0.03724263
704 491 13 20 0.036958054
645 275 18 15 0.03695504
193 284 20 24 0.0365736
351 463 28 47 0.036435015
73 214 21 27 0.036166478
689 115 11 17 0.03603548
376 175 24 36 0.036006756
591 544 15 13 0.03595157
222 570 12 16 0.035790697
400 66 12 16 0.03570535
659 337 27 33 0.035637073
691 481 32 34 0.035564244
531 214 12 14 0.035184
215 422 14 18 0.035165858
392 182 23 39 0.0351648
190 118 43 52 0.03512283
49 71 7 10 0.035096657
372 196 23 34 0.035066936
233 619 15 13 0.034975737
144 237 19 22 0.034825843
640 562 21 23 0.03475042
437 59 12 19 0.034686103
577 44 13 15 0.034676388
212 610 38 37 0.034561396
357 148 47 66 0.03414755
390 383 17 24 0.034070067
277 421 14 22 0.03379947
51 0 9 9 0.033522353
365 486 22 32 0.033337586
387 580 19 18 0.033303022
202 559 17 19 0.033255175
81 44 14 17 0.033185985
65 128 17 16 0.032992866
341 457 31 40 0.03295649
192 561 18 20 0.032852743
56 144 17 21 0.032838747
714 473 18 26 0.032689914
309 129 70 88 0.032684065
767 90 63 85 0.032579154
39 0 12 15 0.032521658
125 0 14 13 0.03229169
235 567 19 23 0.032289576
192 551 25 26 0.032194745
720 489 11 17 0.032126874
128 595 11 12 0.032068983
203 177 49 57 0.032002237
674 129 22 30 0.031974334
361 181 37 53 0.03193734
684 395 24 28 0.031860966
0 156 27 41 0.031714857
822 627 16 15 0.031705134
1 0 12 14 0.03154128
145 575 12 15 0.031431824
275 552 20 26 0.031361416
223 551 18 28 0.03135818
326 281 36 66 0.031345136
306 444 9 12 0.0313403
600 88 13 18 0.031313017
52 66 7 9 0.031290993
169 589 15 29 0.031148573
586 89 34 46 0.031108143
230 447 10 13 0.031091904
140 382 85 93 0.031065445
185 578 15 19 0.031039912
180 615 11 12 0.030951878
110 588 23 23 0.030902006
178 426 40 39 0.030891992
392 66 20 26 0.030622818
216 125 15 20 0.030568575
47 62 13 15 0.030533807
340 116 42 49 0.03037959
350 541 19 27 0.030330325
705 423 20 23 0.030318135
118 591 12 12 0.030312918
22 0 11 9 0.030153008
8 0 10 10 0.030145576
381 164 23 35 0.030108469
380 303 103 145 0.030081227
641 275 27 25 0.030055609
639 157 27 33 0.029892461
235 528 20 34 0.02942785
700 77 26 32 0.029379502
958 371 9 9 0.029377794
153 235 16 21 0.029366069
222 172 75 83 0.029352983
30 0 11 9 0.029244801
690 441 47 61 0.029229274
652 274 11 12 0.029193155
227 136 29 40 0.029083742
716 475 9 11 0.0290559
599 76 13 19 0.029010018
662 171 29 36 0.029005608
21 125 15 18 0.02899597
651 333 25 30 0.028978026
604 81 16 19 0.028810946
224 189 29 41 0.028732365
220 425 11 12 0.028701806
417 510 49 61 0.028658155
363 487 15 26 0.028657246
1010 240 7 9 0.028652333
355 453 21 29 0.028558267
230 518 32 48 0.02855617
468 230 11 14 0.028520392
281 422 20 21 0.028408602
144 397 33 60 0.028369976
287 414 23 27 0.028368816
868 25 34 46 0.028360942
185 352 14 18 0.028314073
221 561 15 22 0.028301107
169 601 10 16 0.028278561
246 393 36 44 0.028215298
331 464 34 43 0.028157247
358 293 86 112 0.028130073
287 97 15 16 0.028059743
48 4 9 14 0.028051667
688 104 44 59 0.028000843
350 449 12 13 0.0279549
265 408 31 37 0.027931973
812 624 25 22 0.027899228
62 138 24 30 0.02783892
780 55 58 76 0.027713163
389 2 24 28 0.027686935
19 118 13 14 0.027612783
752 80 51 70 0.027437797
158 384 51 65 0.02741769
381 69 23 28 0.027394623
658 273 22 24 0.027360998
244 577 11 17 0.027344098
333 301 41 66 0.027297903
178 576 12 16 0.027238192
184 338 18 26 0.027147323
704 122 14 19 0.027145287
187 401 75 77 0.027117563
371 121 19 25 0.027111677
425 542 43 33 0.027103836
177 561 12 17 0.027022235
173 371 34 37 0.026976591
433 48 19 27 0.026951978
72 595 19 23 0.0267974
172 377 22 26 0.026759973
693 117 13 16 0.026733566
652 161 14 21 0.0265865
440 199 31 38 0.026565276
696 122 26 34 0.026506603
309 103 55 62 0.026476786
799 372 225 317 0.026460927
47 67 12 17 0.026444053
159 0 12 12 0.02628162
702 121 9 15 0.026260683
800 633 19 21 0.026151638
242 573 19 22 0.026134659
169 624 12 15 0.026132822
156 578 18 23 0.026105052
150 0 20 17 0.026100213
12 0 12 10 0.026045775
352 132 17 21 0.025979199
62 128 13 15 0.025965897
251 163 51 68 0.025916278
149 610 9 9 0.025912862
321 461 58 74 0.02589696
127 589 9 9 0.02585401
701 113 11 16 0.02584258
335 188 53 66 0.025833692
430 57 15 20 0.025816932
128 239 17 18 0.025799159
38 0 9 9 0.025796102
583 111 38 48 0.025784846
760 39 58 91 0.025684422
835 632 19 20 0.025682233
315 435 19 26 0.025633905
193 184 35 44 0.025579894
218 586 13 14 0.025566181
219 429 12 16 0.025499843
253 587 10 11 0.025480077
152 573 8 11 0.025456585
228 618 26 18 0.025444457
288 431 8 10 0.025436686
702 400 21 27 0.02540728
355 123 11 11 0.02537903
295 506 25 31 0.025349772
664 474 47 49 0.025266428
225 495 43 61 0.025230464
232 552 13 21 0.025084633
124 242 11 12 0.025061747
141 576 12 17 0.025035013
166 362 61 81 0.025030037
658 0 46 47 0.025020668
658 5 23 32 0.025019363
182 534 36 43 0.024963787
389 75 19 21 0.02492253
329 271 25 39 0.02488184
259 150 73 87 0.02483154
207 120 26 31 0.02481308
245 403 19 26 0.024786536
52 68 9 13 0.024775349
690 108 13 19 0.024727808
213 617 10 12 0.024705034
668 96 23 29 0.024658853
723 478 21 27 0.024653275
343 602 15 14 0.02461538
237 547 13 20 0.024606027
364 310 25 38 0.024554605
176 569 10 14 0.024547828
700 118 9 13 0.024517704
770 97 31 48 0.024498068
339 136 49 65 0.024485031
354 198 31 40 0.02447711
412 255 21 23 0.024475975
100 582 34 38 0.024464635
208 415 19 22 0.024438528
161 585 20 28 0.024322916
583 545 10 11 0.024317175
580 55 47 64 0.024275584
378 330 49 58 0.02417301
126 582 13 15 0.024131017
210 393 22 31 0.024104657
431 553 31 21 0.024093365
47 9 8 11 0.024078514
586 76 23 27 0.024072742
716 485 23 33 0.024020104
202 290 10 11 0.02394624
140 245 15 19 0.023938512
123 592 9 10 0.023919113
205 367 21 27 0.023911038
794 619 15 15 0.023875091
440 62 25 30 0.023852082
367 309 42 46 0.023842294
282 556 14 17 0.023818836
223 580 13 15 0.023816824
1 0 19 20 0.023791175
79 48 18 24 0.02378118
718 477 10 11 0.023766726
449 66 10 13 0.023757827
663 16 46 62 0.023686424
1008 241 13 22 0.023656769
367 395 69 69 0.02361376
244 567 16 19 0.023585062
772 153 17 20 0.023580432
227 578 16 18 0.023557764
424 52 35 46 0.023538215
181 611 16 22 0.023527877
163 569 10 13 0.023515476
286 182 76 85 0.023489008
150 573 6 9 0.023458373
479 641 13 14 0.023315685
213 564 11 14 0.023279779
231 575 19 21 0.023235226
195 374 21 28 0.023221867
117 588 8 10 0.023132488
210 124 16 21 0.023121208
134 0 18 21 0.023110518
829 0 195 186 0.023109334
959 559 16 21 0.023107119
223 463 16 22 0.02310083
193 282 15 18 0.02306947
77 0 17 23 0.023059588
480 294 8 11 0.023043696
214 447 107 141 0.023027426
675 397 25 33 0.0229985
19 0 16 15 0.02294358
267 404 17 21 0.022935495
201 412 16 22 0.022924019
129 590 9 11 0.022871498
816 627 16 14 0.022834748
594 58 28 40 0.022747383
136 242 12 13 0.022728058
712 460 17 24 0.022711756
24 0 26 23 0.022701906
283 429 13 16 0.02267973
248 580 11 15 0.0226408
695 74 19 24 0.022634216
265 555 28 29 0.022614252
333 458 19 20 0.022603054
64 125 23 28 0.022487799
195 554 14 18 0.022473307
186 563 7 11 0.0224116
697 102 24 34 0.022360833
430 73 15 19 0.02232517
411 275 18 15 0.022306856
17 122 12 13 0.022306787
809 631 27 24 0.022277266
0 0 7 10 0.022269288
173 582 19 31 0.022227468
700 426 23 31 0.022212515
224 462 12 14 0.022198133
182 554 7 13 0.022188105
321 436 20 23 0.022181235
194 566 10 13 0.02217304
118 588 28 36 0.022162104
134 244 16 20 0.022159666
316 278 31 54 0.022143586
303 442 14 18 0.022104679
325 371 96 99 0.022081617
321 283 95 120 0.02195121
177 607 16 20 0.021873383
212 558 17 21 0.02184417
201 282 14 17 0.021824613
840 630 8 9 0.021823999
672 336 23 31 0.021811722
784 617 25 20 0.02180265
682 370 21 26 0.02177622
159 610 12 13 0.02173489
252 542 26 33 0.02173161
118 138 22 25 0.021719333
235 622 19 20 0.021706097
603 96 12 14 0.021683486
569 60 33 45 0.021663066
644 271 42 33 0.021651354
256 622 8 9 0.021566486
477 311 321 378 0.02154965
935 192 16 22 0.021501468
373 186 19 28 0.021498945
440 368 9 11 0.021490537
299 379 39 48 0.021461371
718 472 11 12 0.021454511
343 604 10 10 0.021414245
426 65 16 19 0.021413509
372 550 12 14 0.02141041
110 278 47 66 0.021389337
122 0 21 21 0.021324212
410 151 40 53 0.021307293
222 22 40 58 0.02129626
212 189 55 64 0.021295883
227 562 13 17 0.021249898
235 29 17 26 0.021244098
185 351 19 28 0.021207733
494 32 22 29 0.021190112
138 225 23 28 0.021115553
140 573 11 14 0.021100303
628 163 27 31 0.021062536
205 288 12 14 0.021053545
454 223 26 33 0.0210524
879 19 43 52 0.02103089
239 540 18 25 0.021015894
356 177 70 83 0.021013992
51 172 45 51 0.021001251
296 437 11 12 0.020995872
154 225 19 28 0.02095126
192 569 10 14 0.020947063
152 385 36 51 0.02093572
720 478 13 18 0.020930443
354 449 9 9 0.02092753
7 0 26 22 0.020892125
565 94 36 47 0.020887282
279 409 35 44 0.020877987
155 424 60 68 0.020861972
680 419 7 10 0.020854153
83 2 23 34 0.02081897
108 590 30 41 0.020817287
437 80 16 19 0.02081708
359 308 20 31 0.02080946
147 578 25 33 0.020771287
683 471 20 23 0.020754056
251 547 15 20 0.020753266
769 46 98 132 0.020719819
228 573 14 16 0.020716239
301 282 72 103 0.020705352
446 71 11 14 0.020696312
424 71 33 42 0.020695247
756 477 44 54 0.020665307
294 419 10 14 0.020663437
83 0 12 13 0.020658543
682 383 22 33 0.020644067
64 121 13 18 0.020633483
546 670 13 9 0.020627787
342 174 39 49 0.020586582
272 390 22 29 0.020586407
115 0 11 9 0.020557124
145 609 10 12 0.020539992
422 331 23 30 0.020515628
137 137 15 20 0.020504659
394 381 16 17 0.02050419
592 62 21 28 0.020501733
664 270 20 19 0.020487875
703 97 20 27 0.02047616
161 421 122 153 0.020411199
427 497 8 10 0.020407612
650 342 30 36 0.020394668
82 127 22 26 0.020390322
175 580 11 17 0.020387659
200 291 15 19 0.020370923
185 130 31 42 0.02036221
355 175 11 11 0.020361772
603 95 34 44 0.020356113
654 158 32 44 0.020317804
158 333 48 65 0.020299198
315 446 13 19 0.020292187
198 539 24 29 0.020288428
232 129 26 33 0.020279048
219 401 31 37 0.020272158
346 463 20 25 0.020232994
417 557 10 9 0.020230468
176 386 65 74 0.020183293
125 228 21 26 0.020132001
706 81 16 22 0.020117719
188 612 9 12 0.020112062
705 455 49 61 0.020051463
655 278 7 10 0.020045295
246 248 9 11 0.02001384
803 298 25 36 0.019973036
598 101 25 33 0.019959804
121 576 15 19 0.01995895
446 561 14 14 0.019956406
676 448 28 44 0.019954272
175 616 14 15 0.01994841
817 616 28 27 0.019932076
560 49 51 71 0.019899005
478 48 17 22 0.019895948
158 615 11 14 0.019890703
383 174 14 20 0.019882932
413 180 13 15 0.019866602
594 79 13 16 0.019854097
169 630 9 10 0.01985064
229 444 19 25 0.019850545
336 464 23 26 0.019843485
212 614 24 20 0.01983931
161 414 15 20 0.019820154
694 162 9 13 0.019801315
342 452 23 27 0.019797666
808 636 14 16 0.019797644
418 261 20 20 0.019795757
202 374 26 36 0.019783419
168 328 59 84 0.019779481
208 394 55 59 0.019777706
177 340 41 53 0.019773223
222 418 9 13 0.019720359
77 201 21 29 0.019719804
222 136 61 82 0.01969221
27 1 13 17 0.019681258
162 573 9 11 0.019673042
680 407 15 18 0.01966546
298 401 20 28 0.019654421
939 220 17 22 0.019649727
647 274 12 10 0.019646809
298 583 10 13 0.019645428
909 400 23 32 0.019640768
385 168 59 72 0.019636553
862 249 9 13 0.019633025
0 0 147 191 0.01963067
68 117 13 14 0.019605614
423 49 24 30 0.019603157
18 117 10 12 0.019592881
221 610 19 20 0.019587804
155 584 12 14 0.019572204
171 622 8 9 0.019562045
441 194 22 27 0.01955503
158 570 15 20 0.019554999
562 112 38 49 0.019539636
387 540 13 15 0.01953447
341 492 13 15 0.019533262
173 602 14 22 0.019531067
590 105 21 27 0.019524598
664 451 15 20 0.019511757
680 99 27 37 0.019508706
349 208 25 33 0.019479485
223 567 10 13 0.019466149
433 214 11 15 0.01943695
379 383 17 29 0.01942805
286 95 21 25 0.01937445
388 67 16 15 0.019345218
408 58 30 40 0.019328639
94 159 26 35 0.01931256
703 470 11 14 0.019274903
157 374 36 45 0.019270523
142 243 8 10 0.019264301
674 93 22 24 0.019261362
189 356 21 30 0.019246558
142 237 13 18 0.019241592
544 0 118 91 0.01922406
670 432 27 46 0.019196142
220 436 11 15 0.019178383
234 585 13 16 0.01917598
229 619 13 12 0.01916776
326 312 53 103 0.019157106
437 551 16 18 0.019139145
370 486 11 14 0.019134156
403 70 12 15 0.019131014
178 544 18 26 0.019101422
192 393 37 45 0.01910001
221 523 25 35 0.019097216
428 208 43 48 0.019069206
244 527 43 56 0.019067386
631 0 114 90 0.01905887
78 162 20 24 0.019038549
600 93 18 22 0.019031184
244 215 47 60 0.019030571
79 20 13 20 0.019023895
679 439 16 27 0.019000003
272 407 15 21 0.018972041
920 78 13 17 0.018969089
442 558 10 9 0.018967032
659 448 32 52 0.018947424
18 0 10 9 0.018939981
234 402 22 26 0.01890471
654 92 19 23 0.01882683
400 177 23 31 0.018790351
296 591 12 16 0.018772908
636 260 70 48 0.018768435
706 74 16 20 0.018759485
697 436 19 28 0.018751387
388 182 14 28 0.018739916
447 60 10 15 0.018736385
604 111 8 11 0.018734755
390 541 9 9 0.018714726
197 559 9 11 0.018690618
202 375 14 17 0.01868252
251 567 12 16 0.018673617
121 595 11 13 0.01865576
655 165 10 13 0.018651104
200 537 35 41 0.018646609
375 192 12 18 0.018634714
26 3 8 10 0.018630141
200 419 20 30 0.018628778
284 392 22 31 0.01860975
41 81 9 10 0.018602096
834 629 14 12 0.018582577
0 441 148 248 0.018573204
86 225 13 17 0.018561425
287 427 17 19 0.018541088
220 617 15 14 0.018532287
1019 672 5 17 0.018532207
369 120 14 19 0.018531995
431 252 19 23 0.018521002
712 429 14 19 0.018511776
0 110 9 14 0.018503504
196 409 17 20 0.018491684
778 434 14 20 0.018487861
65 116 11 13 0.018482145
65 149 33 44 0.01847362
703 496 16 23 0.018453334
171 616 11 14 0.018448776
165 607 10 14 0.01844312
332 273 16 22 0.018434312
191 352 14 18 0.018421967
689 387 27 31 0.018421685
257 389 50 60 0.018412855
76 583 21 27 0.018382479
194 362 22 28 0.018356113
661 473 17 27 0.018343229
300 125 51 65 0.018332774
239 625 9 9 0.018328713
196 569 16 21 0.018319616
601 84 11 14 0.018314326
583 544 15 15 0.018298797
208 555 12 18 0.018297924
69 120 8 9 0.01829067
685 480 24 29 0.01828817
663 16 15 20 0.018266695
370 67 22 30 0.018263513
374 361 99 111 0.018228374
460 215 24 31 0.018211206
387 83 17 13 0.018197777
556 31 96 135 0.01819201
108 138 31 38 0.018186241
27 120 17 19 0.018180313
88 48 15 22 0.018148495
250 576 15 20 0.018135611
54 130 18 26 0.018125925
192 288 26 34 0.01812491
702 390 18 23 0.018122854
207 433 21 25 0.018122528
401 72 17 22 0.018100524
340 338 24 40 0.018063705
799 622 44 41 0.0180415
361 175 24 34 0.01803727
705 93 16 21 0.018030701
241 557 18 25 0.018014515
468 231 15 23 0.01799441
378 575 25 23 0.017986821
684 273 20 21 0.0179711
602 111 37 47 0.017939746
396 396 22 23 0.017935423
441 62 11 15 0.017912881
412 169 52 65 0.017908748
892 393 48 60 0.017899692
5 543 34 46 0.017895369
153 417 33 45 0.017882066
229 488 63 84 0.01787863
207 176 32 40 0.017877974
502 73 11 16 0.0178738
706 379 31 41 0.017867792
209 616 16 16 0.017866213
462 0 120 93 0.017831478
218 422 20 27 0.017825656
396 67 12 13 0.017814761
598 101 16 20 0.017802373
531 218 14 16 0.017771257
187 136 16 23 0.01777101
320 297 19 35 0.017758086
672 268 51 39 0.017747497
503 46 23 27 0.017743345
222 385 40 47 0.01773934
801 623 8 9 0.017735373
353 487 21 26 0.017730381
812 626 13 13 0.017721923
317 302 34 58 0.017706513
197 563 11 13 0.017693065
348 446 25 28 0.017671406
505 0 107 131 0.017651869
689 122 13 19 0.017639693
40 1 43 52 0.017639678
85 38 15 21 0.01763418
158 212 22 28 0.017628197
870 338 62 91 0.017623585
0 310 23 34 0.017622048
798 59 66 81 0.017620848
373 305 21 35 0.017613687
25 117 14 16 0.017604258
324 442 20 25 0.01758795
218 403 71 83 0.017579634
317 435 46 56 0.017557612
574 2 57 79 0.017537246
749 134 17 23 0.01753304
785 83 27 37 0.017521314
585 542 24 19 0.017493842
130 583 15 17 0.01747837
666 274 28 28 0.017474651
416 99 57 83 0.017453663
366 207 26 32 0.017453657
348 463 13 16 0.017448831
198 401 20 26 0.017448384
338 100 13 14 0.017432477
189 543 19 25 0.017398506
364 500 19 33 0.017394586
707 498 11 14 0.017387334
183 377 32 37 0.017386017
187 616 11 14 0.017374285
141 246 8 11 0.017373279
759 66 39 61 0.017363999
500 23 31 42 0.01735911
239 620 9 9 0.01734941
188 352 9 10 0.017348334
238 390 30 40 0.017346742
180 598 10 15 0.01734267
145 0 16 12 0.017341778
148 606 9 10 0.01733204
769 75 22 31 0.017306492
730 448 63 80 0.01729655
222 563 10 11 0.017269216
444 81 11 13 0.017253071
410 171 31 40 0.017241726
296 409 17 24 0.017230721
0 165 37 65 0.017213149
660 86 19 27 0.017210992
584 85 22 26 0.017205885
261 389 22 32 0.017199745
691 79 11 18 0.017198175
177 128 24 29 0.01718973
445 551 16 19 0.01718848
406 529 51 48 0.017182563
244 621 9 10 0.017181465
706 124 16 24 0.017169276
234 619 8 9 0.017167088
667 136 30 44 0.01716127
133 576 16 20 0.017159682
385 343 33 36 0.017156282
656 244 84 65 0.017134255
180 558 8 11 0.017120749
662 71 19 23 0.017104346
44 0 10 9 0.017096978
678 489 30 33 0.01709277
709 504 12 15 0.017088076
232 207 11 14 0.017082263
699 471 18 26 0.017072747
348 453 12 15 0.017069923
4 2 7 10 0.017058475
334 446 23 27 0.017057285
100 595 24 29 0.017051619
662 371 257 318 0.01704475
376 53 36 47 0.017042214
360 130 11 13 0.017020164
742 0 123 97 0.017020127
707 458 27 36 0.017017912
236 623 9 10 0.017001078
199 292 9 10 0.017000679
957 409 10 10 0.016994126
347 409 320 280 0.016986927
621 106 19 26 0.016967904
193 382 29 37 0.016957717
133 594 7 9 0.016942434
694 159 15 19 0.016934508
84 211 22 28 0.016933093
187 617 7 9 0.016930595
340 481 17 24 0.016929027
89 123 20 25 0.01691077
338 281 38 57 0.016896414
144 574 10 11 0.016894668
374 423 51 48 0.01689031
206 633 9 9 0.016882274
136 0 33 39 0.016876616
704 107 14 21 0.016874097
148 565 21 27 0.01686904
438 49 14 17 0.016860591
231 544 12 16 0.016859503
449 52 11 16 0.016833492
575 523 42 44 0.01682998
380 52 23 31 0.0167993
209 630 8 10 0.016779667
188 576 19 25 0.016776789
599 547 11 12 0.016773514
418 554 8 9 0.016770707
177 598 22 34 0.01677011
163 583 13 16 0.016748754
223 606 13 13 0.016742824
77 48 12 19 0.016740065
94 142 33 46 0.016737923
576 78 54 75 0.016734613
363 291 16 20 0.016726624
71 128 32 37 0.016725263
170 629 13 16 0.016723221
960 368 9 10 0.016717523
234 561 12 17 0.016713835
169 590 23 38 0.01670112
88 50 7 11 0.01669585
482 111 15 18 0.016691372
130 593 14 16 0.016688935
747 135 11 17 0.016673628
408 76 15 19 0.01667192
448 556 9 11 0.016639298
177 576 23 32 0.016636569
662 79 19 25 0.016628139
663 69 12 15 0.01661239
669 158 34 43 0.016607905
176 153 58 77 0.016603384
660 281 14 17 0.016602222
44 68 11 12 0.016596155
196 139 28 35 0.016588943
437 77 25 32 0.016578756
210 424 13 17 0.01656951
191 141 40 53 0.016558086
666 345 26 33 0.016543241
245 556 28 36 0.016535997
603 106 9 11 0.016526878
215 103 62 78 0.016526446
72 127 14 15 0.016520198
441 69 31 36 0.016519243
127 600 13 17 0.016507614
41 8 11 14 0.016506001
188 600 19 30 0.016478242
907 80 13 20 0.016471587
70 592 28 36 0.016466057
74 160 31 38 0.016463304
640 332 47 58 0.016453743
123 604 16 22 0.016451335
370 131 11 17 0.016438698
875 442 19 25 0.016434617
511 70 21 25 0.016419584
701 400 15 18 0.016408715
28 128 22 25 0.016407043
358 131 9 10 0.016404377
175 575 62 77 0.01640419
169 583 12 20 0.016390096
743 535 11 14 0.016385032
256 453 103 125 0.016367666
110 593 14 15 0.016364627
129 615 9 12 0.016344612
194 125 16 22 0.016332194
345 501 31 44 0.016312772
255 392 20 31 0.016306216
199 383 15 22 0.01630528
28 0 35 38 0.016302358
324 286 18 32 0.016302014
54 72 9 11 0.016300185
413 184 20 33 0.01629695
330 169 37 45 0.01629561
446 54 20 25 0.01627966
192 556 11 14 0.016275063
240 51 20 23 0.016268315
303 409 41 49 0.016250324
151 577 10 14 0.016246982
663 265 17 13 0.016245874
707 86 23 27 0.016235745
51 0 14 14 0.016220937
394 389 18 22 0.016216617
718 491 9 14 0.01621353
659 178 20 26 0.016212622
220 467 14 13 0.016207863
200 200 46 54 0.016206132
932 0 92 101 0.016202338
122 1 9 9 0.016196884
648 448 60 80 0.016179958
47 141 33 45 0.01617799
658 454 19 35 0.016177492
93 172 20 26 0.016169218
580 130 40 52 0.016161025
243 575 8 12 0.01615494
218 429 8 10 0.016149351
170 607 11 16 0.016148718
861 361 10 15 0.01614724
256 207 65 77 0.01613456
653 326 26 25 0.016132971
356 102 38 45 0.016128149
123 584 8 11 0.016123941
386 545 10 13 0.016121628
124 235 14 18 0.01611051
896 368 63 76 0.016108405
508 57 21 26 0.016097499
203 134 36 41 0.01609433
0 3 11 19 0.016071945
350 467 8 9 0.016068287
680 432 33 45 0.0160577
238 555 12 19 0.0160547
205 522 26 34 0.01604788
223 422 13 14 0.016038602
81 222 27 29 0.01603264
661 98 14 19 0.01601852
89 0 12 13 0.016015444
146 404 23 36 0.016010694
179 617 13 18 0.016006818
59 181 27 31 0.015995866
941 67 33 43 0.015994156
209 625 9 11 0.015991965
352 516 10 12 0.015979446
36 132 33 39 0.015978264
680 477 20 26 0.015970096
495 47 19 25 0.015968252
342 131 18 22 0.01596516
601 113 9 12 0.015963666
584 68 21 26 0.015951917
41 551 31 41 0.015950529
930 340 22 28 0.015944753
456 198 23 35 0.015939359
309 249 187 219 0.015931627
216 425 9 11 0.015927235
119 597 14 19 0.015926126
48 55 13 18 0.015920443
56 127 15 18 0.0159032
93 264 77 99 0.015899042
26 6 9 11 0.015888715
350 170 25 30 0.015870577
293 429 15 20 0.015869921
295 330 101 127 0.015869657
432 558 22 24 0.01586476
403 382 7 10 0.01585913
707 491 9 13 0.015847662
133 77 16 20 0.015840549
159 609 6 9 0.01583422
329 480 28 36 0.015825419
168 591 11 19 0.015821313
552 2 56 76 0.01581654
276 451 26 31 0.015806895
665 79 27 34 0.015793754
267 423 20 23 0.015776064
393 542 11 11 0.015762258
714 465 11 16 0.015755894
129 136 20 24 0.01575209
378 110 22 28 0.015747054
191 563 9 10 0.01574428
1000 647 24 42 0.015740981
1014 665 10 24 0.015736582
77 592 40 45 0.015733462
428 78 19 23 0.015732443
148 348 10 14 0.01573187
154 610 8 9 0.015724285
297 396 35 44 0.015723405
189 432 61 74 0.015716732
876 34 10 12 0.015699752
186 144 19 27 0.015699426
234 438 22 26 0.01568864
382 373 29 36 0.015686508
192 156 12 13 0.015674265
643 566 15 11 0.015671493
0 0 93 120 0.015657624
252 585 8 9 0.015650412
300 0 116 95 0.015646368
412 316 13 19 0.015630353
193 123 12 17 0.015622879
0 224 172 368 0.015619716
669 462 29 39 0.0156174535
386 170 15 20 0.015601171
361 298 17 26 0.015600847
0 518 96 171 0.015598382
357 75 22 27 0.01559453
212 429 51 61 0.015593295
79 14 13 18 0.015586045
102 581 23 25 0.015585258
254 602 12 16 0.015575583
469 239 11 18 0.015572459
157 242 13 18 0.015569306
828 612 22 24 0.01556744
257 44 14 19 0.015564685
396 77 17 20 0.015562829
698 422 18 22 0.015562026
308 281 21 32 0.015548627
318 275 21 31 0.015530199
627 559 33 35 0.015510786
791 622 20 24 0.0155078145
443 46 19 28 0.015503286
378 58 15 23 0.0154984025
94 0 13 13 0.015481423
42 81 12 13 0.015467387
647 61 13 15 0.0154581815
149 188 14 18 0.015448171
680 433 12 17 0.015434203
458 127 18 38 0.01543131
205 293 8 11 0.015430503
172 291 61 88 0.01542046
129 236 28 31 0.015410572
702 115 8 10 0.015403898
363 573 40 40 0.01539953
163 201 20 24 0.015393131
700 163 18 21 0.015390106
73 118 10 11 0.015370044
290 422 11 16 0.015359091
466 207 21 30 0.015358513
322 280 13 20 0.01535797
278 402 18 25 0.015342699
17 150 35 48 0.015342195
218 576 12 13 0.015336091
406 75 34 43 0.015325337
47 73 10 13 0.015324839
48 0 30 33 0.015321194
104 397 8 9 0.01531129
131 586 9 12 0.015297085
356 475 20 28 0.015295289
323 432 66 81 0.015294243
238 55 15 20 0.015291937
677 429 11 16 0.015280755
577 45 9 10 0.0152761685
192 583 13 20 0.01526686
275 416 13 21 0.015265189
494 565 11 11 0.015262752
344 459 15 17 0.015245845
175 0 14 14 0.015234206
194 291 14 15 0.015225971
0 0 27 33 0.015224722
207 372 13 18 0.015220626
380 0 119 87 0.015206709
604 103 11 12 0.015196055
328 0 56 66 0.015194652
27 137 23 29 0.015189734
261 152 24 27 0.015179823
660 273 15 15 0.015173629
358 93 16 19 0.015167646
441 91 9 10 0.015160184
218 566 11 13 0.015159363
222 158 34 48 0.015148717
447 557 21 19 0.015144009
276 100 65 80 0.015138613
701 85 16 23 0.015133735
181 347 14 16 0.0151272705
302 363 23 29 0.015124096
523 51 19 25 0.015113023
239 574 10 14 0.015107804
347 305 31 44 0.015100858
323 158 89 111 0.015100562
608 1 59 78 0.015095803
722 476 9 9 0.015095013
712 434 17 25 0.015088269
405 62 19 22 0.015062484
352 409 69 71 0.015059716
580 93 25 31 0.01505965
126 206 31 41 0.015058428
187 554 9 12 0.015053794
56 152 8 11 0.015050781
149 228 16 23 0.015041633
59 120 11 14 0.015031517
151 610 12 14 0.015030335
686 359 24 29 0.015023395
679 116 21 31 0.015011966
185 406 31 39 0.01500537
196 274 16 21 0.015003347
280 387 18 24 0.015002646
166 443 66 91 0.014999313
258 454 292 235 0.014998649
207 470 13 18 0.014997947
347 489 54 87 0.014996233
664 486 14 15 0.014992409
189 343 19 24 0.014991445
181 613 8 10 0.014989088
605 90 13 16 0.0149876
148 295 61 85 0.014976974
170 579 10 15 0.014975224
106 0 13 12 0.014959207
409 178 20 26 0.014952712
250 133 56 77 0.014951472
119 140 31 37 0.014937309
239 514 33 40 0.014934527
688 117 8 11 0.014927493
240 626 11 13 0.014917139
184 605 16 20 0.0149075845
199 579 10 13 0.014906663
52 50 16 22 0.014906474
64 0 21 24 0.014896088
410 0 60 66 0.014888466
702 88 31 41 0.014884908
403 93 39 52 0.014881254
227 575 9 10 0.014879769
351 523 27 43 0.01487433
85 45 9 10 0.014865824
413 68 16 21 0.014862449
221 457 33 48 0.014860591
692 493 23 26 0.014854219
243 550 12 17 0.014850926
379 405 20 22 0.014843063
784 616 74 71 0.014842707
897 0 49 48 0.014842549
188 588 19 30 0.014841165
153 565 29 40 0.014816573
135 238 11 13 0.014815762
795 274 50 61 0.014815366
447 75 14 17 0.014806939
78 190 21 25 0.014806886
771 86 22 37 0.014806818
768 439 65 84 0.014806127
688 415 33 40 0.014803061
208 620 9 9 0.014801327
40 75 11 15 0.014785177
890 11 49 57 0.014782216
316 173 22 24 0.014772981
676 412 32 47 0.014770204
59 116 10 12 0.014768809
181 620 7 10 0.014767451
595 5 48 65 0.014766663
232 37 49 70 0.014763358
370 139 11 15 0.014761462
379 351 30 39 0.0147596765
357 181 19 26 0.014757417
500 43 14 17 0.014757416
390 203 10 13 0.014748411
903 74 23 32 0.014747648
0 557 34 52 0.014742454
439 175 23 22 0.014736581
372 121 9 10 0.014724748
127 198 12 13 0.014721271
667 455 15 21 0.014719952
629 105 16 18 0.014712577
112 130 24 29 0.014711829
188 565 11 13 0.0147035625
760 0 80 61 0.014697985
203 125 18 23 0.014690261
347 128 26 32 0.0146841165
16 115 8 11 0.014680001
319 489 54 69 0.014679701
226 581 7 10 0.014673507
643 12 57 79 0.0146689275
704 130 12 18 0.014668707
352 324 58 83 0.014664546
702 487 33 43 0.014654987
361 64 19 26 0.014639241
245 624 8 10 0.014635126
581 39 13 18 0.014631209
229 440 16 20 0.014630468
191 466 13 15 0.014624364
761 276 31 46 0.014618459
684 436 12 16 0.01461373
164 190 11 14 0.01460732
194 372 16 20 0.014605412
224 454 24 31 0.014600336
40 60 15 20 0.014597751
128 599 8 10 0.014596855
620 566 14 16 0.014587556
360 206 18 29 0.014576119
92 125 32 38 0.014567723
339 302 27 42 0.014566677
378 212 21 29 0.014550919
414 272 24 20 0.01454807
855 27 31 41 0.014545104
175 550 13 17 0.014541168
144 583 13 18 0.014540464
218 126 23 31 0.014539369
217 536 24 30 0.014538236
1004 242 13 16 0.014537208
63 132 13 18 0.014531123
18 127 24 28 0.014526833
422 248 24 28 0.014519614
611 96 20 25 0.014519299
416 185 14 16 0.014512175
379 151 21 26 0.014510379
665 101 15 20 0.014506977
418 64 16 20 0.014504659
184 552 7 12 0.014504506
1021 0 3 19 0.014500806
164 394 29 34 0.014497363
672 272 15 15 0.014489447
253 132 122 134 0.01448195
370 480 32 44 0.014481074
605 115 9 11 0.0144772865
209 121 12 17 0.014465098
254 173 16 21 0.014454355
354 175 15 19 0.014437486
652 168 20 30 0.014433532
202 434 14 20 0.014425612
207 548 23 26 0.014420505
377 326 29 36 0.014418091
199 601 13 16 0.014415831
453 182 32 41 0.0144125195
426 71 12 16 0.014406612
224 417 9 9 0.014406356
192 354 9 10 0.014399537
428 338 21 25 0.0143952975
119 595 8 10 0.014395055
699 126 11 17 0.0143931415
271 125 58 76 0.014384194
641 560 13 13 0.014383917
427 228 36 42 0.014383695
671 208 85 94 0.014381961
348 471 13 17 0.0143804075
430 240 23 27 0.014376835
648 277 10 9 0.014374643
707 53 32 45 0.0143728545
743 0 33 33 0.014372214
0 614 41 61 0.014368444
433 83 17 22 0.014365087
206 499 39 55 0.014361952
182 624 11 15 0.014360341
374 198 15 22 0.014360203
683 372 30 37 0.01435947
56 75 8 11 0.014358111
383 149 34 49 0.014352628
671 413 78 94 0.014349464
793 568 184 121 0.014342744
385 399 14 21 0.014333148
164 614 11 14 0.01432958
431 185 51 61 0.014328383
438 369 13 17 0.01432128
380 179 14 19 0.014320645
602 71 20 25 0.014315972
113 555 31 40 0.014311243
242 412 34 42 0.014310006
206 407 21 22 0.014304391
49 148 18 25 0.014295681
876 29 23 28 0.014290468
310 305 19 29 0.014288142
0 134 31 46 0.014284889
196 568 69 86 0.014279974
65 21 20 25 0.014279794
688 111 10 15 0.014270835
33 2 15 17 0.014252619
774 0 25 19 0.0142496275
320 433 30 37 0.014247847
708 102 20 31 0.014247693
677 146 14 17 0.014247166
611 106 21 26 0.014246315
109 0 21 21 0.014239831
697 422 11 16 0.0142394295
666 34 29 39 0.01423513
447 298 21 20 0.014233342
262 537 31 38 0.014228224
181 150 21 31 0.014226718
502 70 18 21 0.014222324
214 120 13 18 0.014214395
306 289 29 44 0.014214076
4 162 67 83 0.014208656
691 404 15 17 0.014206064
277 0 27 25 0.014201836
72 121 13 14 0.0141936755
200 560 12 13 0.014191844
6 2 10 14 0.014176569
149 578 8 10 0.014170665
41 74 18 24 0.014165936
508 51 14 18 0.014165374
815 633 32 33 0.014163676
391 401 11 19 0.014162195
63 0 15 15 0.014159568
193 576 11 14 0.0141578335
445 69 9 11 0.014153266
222 588 20 27 0.014152532
439 44 31 42 0.0141493
829 632 13 11 0.014146084
18 11 8 9 0.014146064
1016 0 8 26 0.014144294
327 206 66 86 0.014143126
230 386 59 68 0.014142811
294 417 28 37 0.01414113
441 543 18 23 0.014140585
159 236 15 18 0.014138289
371 483 14 21 0.014137678
443 563 11 13 0.014134168
184 375 23 23 0.0141235655
19 0 279 198 0.014117834
631 552 27 28 0.0141153475
665 95 11 16 0.014114231
437 68 9 10 0.014114125
608 110 10 12 0.014108183
547 482 19 23 0.014103959
442 52 14 17 0.014097728
265 432 12 15 0.014096051
143 571 8 11 0.014088593
355 119 9 9 0.014082132
433 202 25 30 0.014081952
348 603 9 9 0.014080338
951 622 73 67 0.014072509
219 602 19 23 0.014072049
177 615 9 10 0.014069046
74 22 14 20 0.014060696
213 375 34 45 0.014053116
162 551 20 24 0.014044654
114 590 10 11 0.014044369
717 440 41 58 0.014044221
602 79 29 36 0.014035401
20 426 270 263 0.014034246
372 156 22 28 0.014033166
609 112 16 22 0.014021875
152 571 6 9 0.0140208835
422 99 39 53 0.014018092
591 65 50 68 0.014011011
305 437 20 26 0.014010196
768 151 27 30 0.014007357
233 539 13 19 0.01400136
758 111 52 72 0.013997883
7 129 21 25 0.013995351
521 60 19 25 0.013988454
154 413 21 32 0.013987575
215 585 32 41 0.013986721
175 594 15 25 0.013974698
231 568 13 17 0.013972216
18 4 14 17 0.013946436
217 3 44 54 0.0139443055
313 492 8 10 0.013940362
345 354 18 26 0.013936698
279 431 14 19 0.013936467
590 26 57 79 0.0139219975
282 594 10 12 0.013921516
416 488 79 90 0.013920505
46 12 7 10 0.013920264
704 458 21 27 0.013915291
666 467 21 29 0.013905722
689 291 24 30 0.0139053175
78 552 24 27 0.013902648
699 101 16 23 0.01389295
392 188 15 26 0.01388149
76 150 23 29 0.013877373
472 563 15 16 0.013877364
577 47 16 21 0.01387116
135 344 60 91 0.013869942
603 115 18 26 0.013868237
672 141 21 26 0.013865406
53 59 10 14 0.0138623165
406 77 11 15 0.013858727
221 401 20 24 0.013858492
370 410 19 18 0.013858355
124 565 10 12 0.013855144
288 89 19 22 0.013854409
5 159 37 46 0.013846693
362 297 11 14 0.013843944
410 173 14 20 0.013843192
276 382 50 62 0.013839232
317 128 21 28 0.013838921
683 89 16 23 0.01383377
178 548 37 46 0.013828367
711 113 22 28 0.013825778
315 257 16 19 0.013825404
193 413 13 13 0.013802477
190 190 25 32 0.013801322
543 251 10 12 0.0137973875
238 421 71 86 0.013793717
95 223 29 30 0.013791658
131 614 12 14 0.013786956
686 85 34 45 0.013785135
711 398 20 25 0.013784252
687 134 31 43 0.013780324
193 163 35 49 0.013777674
440 0 41 47 0.013774732
21 464 74 104 0.013773477
202 4 72 84 0.013767976
190 280 12 17 0.0137670105
543 544 21 22 0.013760926
655 158 15 21 0.013756403
178 242 13 14 0.013742785
670 88 17 22 0.013741486
445 118 31 52 0.013733842
475 293 12 13 0.013732438
49 139 56 70 0.013729418
167 415 36 40 0.013728337
381 0 40 44 0.013726886
706 443 19 28 0.013725196
663 0 27 31 0.013722386
138 569 11 15 0.01372151
681 278 21 23 0.013715462
393 0 51 54 0.013705685
93 38 15 21 0.013701971
554 361 10 11 0.01370128
680 108 18 22 0.013700324
333 471 20 25 0.01369502
642 500 23 24 0.013693675
396 36 52 66 0.013692522
479 108 23 30 0.013687871
924 75 11 14 0.013687525
371 134 8 9 0.013687235
177 144 12 19 0.0136870425
916 395 24 36 0.013684378
0 371 117 202 0.013684196
438 74 11 14 0.013682468
769 155 13 14 0.013680592
136 0 12 9 0.013680131
956 370 13 15 0.013678868
681 417 21 29 0.013671605
69 144 25 28 0.013668582
665 48 37 50 0.013665641
746 425 66 88 0.013664618
762 91 27 40 0.013663727
207 599 37 38 0.013663103
308 445 13 16 0.013652387
35 178 57 66 0.013640955
351 474 15 19 0.013639783
400 111 56 82 0.013638991
215 439 17 22 0.013629468
155 161 65 81 0.013625567
382 395 34 41 0.013614091
709 424 13 15 0.013613084
435 221 24 22 0.013612711
222 429 9 10 0.013609559
556 0 34 37 0.013597143
433 556 14 13 0.013583214
142 606 9 12 0.013582292
167 620 10 13 0.013581508
220 600 12 14 0.013579496
422 543 29 26 0.01357557
377 215 15 13 0.013573347
130 0 12 9 0.01357181
238 57 20 28 0.013568843
283 563 12 14 0.013566669
455 292 12 15 0.013565485
695 54 31 43 0.013564645
319 444 8 11 0.01355825
177 360 26 33 0.013556238
119 568 15 20 0.013553641
840 625 16 18 0.013550249
172 632 9 10 0.013549371
369 0 241 175 0.013547869
528 263 25 30 0.013537111
80 165 13 14 0.013536104
560 132 40 53 0.0135316895
713 491 16 23 0.013529132
276 430 11 14 0.013524394
0 128 19 28 0.013523496
169 556 16 22 0.01351643
306 474 51 60 0.013515758
651 417 49 74 0.01351529
436 45 13 13 0.013512744
222 571 8 10 0.0135125825
440 231 26 29 0.013511953
393 46 21 31 0.013499192
171 341 19 26 0.013499087
709 469 17 21 0.01349849
530 219 9 10 0.013497251
370 166 26 37 0.013495302
207 561 9 12 0.013490115
383 64 16 17 0.0134879425
215 614 8 10 0.013486354
67 47 23 27 0.013482663
710 497 16 23 0.013479368
261 413 20 31 0.013469216
205 379 16 22 0.013466244
347 449 10 11 0.013464333
360 215 13 16 0.013456011
159 261 15 18 0.013454398
388 108 20 26 0.013448232
120 406 64 86 0.01344457
4 628 70 61 0.0134365205
694 124 13 18 0.013436313
457 46 13 15 0.0134362755
631 107 19 23 0.013435709
451 63 8 12 0.013427288
863 430 75 91 0.013426354
339 191 22 28 0.013425855
344 490 23 24 0.013404462
290 381 83 98 0.013403346
81 213 15 23 0.013402659
144 245 9 10 0.013400965
556 45 21 26 0.013398788
580 106 21 26 0.013392628
151 239 11 14 0.0133883925
972 372 13 10 0.013387662
669 436 8 10 0.0133823035
602 128 18 26 0.013379006
207 369 12 14 0.013371679
225 427 8 10 0.013371353
314 331 10 14 0.013362591
91 51 10 13 0.013361096
603 74 13 15 0.013357463
603 107 16 20 0.0133572975
453 135 20 39 0.013353451
318 286 16 24 0.013348331
572 45 14 17 0.013343372
238 537 13 20 0.013336659
335 462 11 14 0.013335639
141 136 19 23 0.013333998
881 451 79 105 0.01333376
362 498 30 48 0.013332992
198 267 11 14 0.0133310715
176 184 39 48 0.013329064
404 63 10 15 0.013328386
149 390 23 36 0.013328343
688 286 18 22 0.013325768
154 566 11 14 0.013319479
704 126 8 11 0.013316315
114 584 10 13 0.013313302
184 202 45 53 0.013309588
787 0 105 78 0.0133093
212 421 11 14 0.013306677
714 347 19 20 0.0132928835
394 167 23 34 0.0132882185
86 598 24 29 0.013284088
159 594 17 23 0.013280724
950 118 18 29 0.013278967
601 0 25 27 0.013267459
374 71 31 41 0.013257311
299 348 58 80 0.013254731
51 70 13 18 0.013253465
248 521 33 40 0.013253347
443 561 20 22 0.013240942
704 80 11 14 0.013237031
534 212 15 19 0.013232448
163 617 8 9 0.013226859
277 410 14 20 0.013226765
338 131 15 21 0.013219585
214 575 10 12 0.013216933
402 323 41 49 0.013216768
346 3 57 76 0.013214845
137 582 16 21 0.013206743
351 122 11 10 0.013206694
396 195 25 35 0.013200256
138 231 13 18 0.013195924
691 120 8 11 0.013192721
430 32 52 70 0.01319074
695 82 13 18 0.013187624
132 598 8 9 0.013181219
168 565 14 19 0.0131736025
55 0 11 9 0.013171851
334 99 19 23 0.013170929
515 12 30 39 0.013166639
292 0 69 71 0.013160183
714 456 13 18 0.013158713
90 186 19 24 0.013155783
99 0 21 23 0.013155712
672 429 11 15 0.013146488
63 120 10 11 0.013142041
675 431 18 27 0.013138305
175 147 36 55 0.013136186
197 0 251 191 0.013134198
330 453 16 21 0.013132465
249 501 48 47 0.013131146
161 260 9 11 0.013124066
368 107 61 87 0.01312152
672 421 21 29 0.013113301
668 443 21 29 0.01311147
129 140 13 16 0.013099172
46 4 7 10 0.013098041
685 317 10 12 0.013096198
616 109 29 39 0.013094873
42 8 8 9 0.013086705
433 550 14 15 0.013086202
223 427 31 36 0.013082286
215 300 64 85 0.013080687
75 0 13 12 0.013075619
234 544 28 38 0.013065681
392 190 70 79 0.01305969
330 277 11 17 0.013058723
134 280 12 15 0.013057648
325 427 18 22 0.013052967
138 429 54 73 0.013021956
676 398 17 19 0.013021664
316 453 19 28 0.0130194975
150 589 27 38 0.013017041
72 166 22 27 0.013013679
381 196 36 47 0.013011613
182 566 31 42 0.013009876
381 101 21 27 0.013007467
742 97 51 69 0.013007026
904 344 72 86 0.012997598
392 360 32 35 0.0129965795
314 325 13 15 0.012996341
687 96 17 25 0.01299039
738 537 23 31 0.0129876705
255 531 18 26 0.012984176
485 47 19 23 0.012981596
345 93 57 71 0.012975328
676 0 79 62 0.0129738385
295 436 17 25 0.012973579
959 60 42 57 0.0129699
791 96 78 99 0.012964747
914 77 17 22 0.0129595455
410 73 11 15 0.012949738
695 41 21 29 0.012949402
56 117 10 14 0.012948418
225 414 23 28 0.012946654
223 436 15 21 0.0129460115
618 103 15 19 0.012937567
905 0 35 29 0.012937032
172 566 18 28 0.012936668
358 313 13 20 0.012927495
420 298 19 22 0.0129249655
0 598 21 34 0.012923563
105 206 13 13 0.012917436
493 562 16 18 0.012917005
98 183 21 27 0.012915425
15 135 29 35 0.0129072685
0 559 21 33 0.01290584
228 587 20 24 0.012903148
395 332 29 38 0.012902068
128 156 19 26 0.012896612
225 514 51 72 0.012895487
223 411 16 17 0.012883917
682 77 20 25 0.012883892
281 410 18 25 0.012865884
213 623 8 11 0.012865884
45 7 14 17 0.012863479
363 479 16 22 0.012860585
154 575 9 10 0.012859484
408 98 14 22 0.012854204
221 568 22 25 0.012853872
452 293 21 21 0.012853037
225 562 11 13 0.012851648
123 1 10 15 0.012849417
387 182 12 14 0.0128486985
41 571 34 48 0.012845578
70 116 9 9 0.0128454445
238 71 21 27 0.012842341
916 0 41 35 0.0128386635
873 38 34 46 0.012837407
248 558 14 20 0.012835219
373 493 17 23 0.012835203
451 0 60 65 0.012834627
197 602 18 25 0.012831418
215 467 19 23 0.012828648
202 568 15 19 0.012824402
209 217 21 28 0.012811682
677 458 17 28 0.01281156
229 576 9 11 0.0128014935
584 81 14 18 0.012801083
24 114 11 13 0.012800188
171 627 8 10 0.01279438
255 554 12 17 0.012789709
181 582 30 47 0.012781877
39 120 19 24 0.012781857
12 1 37 43 0.012777317
396 203 17 24 0.012770195
225 543 16 20 0.012767768
194 581 8 10 0.012764415
102 234 17 20 0.012762912
56 123 11 15 0.012759107
442 87 11 12 0.012758875
686 404 12 14 0.012756841
347 583 11 11 0.012751166
191 148 24 29 0.012749815
905 58 119 194 0.012748835
263 411 14 21 0.0127471015
216 618 12 12 0.012745502
358 121 10 9 0.01274484
666 279 16 19 0.012744545
936 196 20 33 0.012742258
410 58 20 24 0.012740949
235 147 19 26 0.01273763
627 257 47 49 0.012735974
220 146 30 37 0.012732233
138 212 23 29 0.012728202
140 214 40 47 0.012726378
505 72 33 40 0.012725161
483 1 42 48 0.012720882
169 605 7 10 0.012720631
1023 0 1 24 0.012714327
198 515 52 65 0.012713922
935 175 31 40 0.012712874
237 39 15 22 0.0127106905
827 552 18 24 0.012709716
42 53 16 21 0.012708703
436 90 11 12 0.012704824
105 0 271 255 0.012704509
1023 0 1 20 0.012699003
397 382 10 11 0.012697088
414 183 8 11 0.012696979
652 96 14 17 0.012691934
1013 597 8 11 0.012679777
275 394 13 15 0.012676311
472 563 24 23 0.01267368
449 82 10 12 0.012670737
342 474 14 19 0.012668976
804 623 24 24 0.012667603
712 0 101 77 0.012660395
324 274 14 22 0.012659727
166 631 12 16 0.01265752
78 44 13 12 0.01265498
35 505 36 44 0.01265467
320 447 17 21 0.012652861
702 97 12 15 0.012652305
128 310 62 92 0.012650357
642 275 14 13 0.012648652
668 70 21 26 0.012648639
769 103 13 21 0.0126459
876 444 33 41 0.012645793
919 79 19 26 0.012642784
292 213 19 24 0.012641108
169 539 28 38 0.012638362
346 468 12 15 0.012637007
27 147 23 31 0.012634303
401 556 12 14 0.012625733
570 106 22 26 0.012624052
468 193 22 31 0.012621877
440 513 49 60 0.012615378
142 567 17 20 0.012615127
367 62 21 24 0.012610891
235 180 48 58 0.01261047
1012 239 9 13 0.0126093235
124 569 30 34 0.012608786
607 137 18 22 0.0126080895
250 583 7 11 0.012606149
597 121 19 29 0.012598092
662 91 11 17 0.012588141
427 58 12 16 0.012583937
205 359 19 25 0.012580251
800 620 12 11 0.012579724
200 517 24 29 0.012578885
603 64 30 38 0.012576484
400 0 36 34 0.012575316
220 180 111 131 0.012563376
680 416 13 17 0.012558198
389 401 21 26 0.012558061
691 468 18 21 0.012556737
86 147 29 37 0.012556432
644 86 20 26 0.012553341
91 30 69 86 0.0125524225
400 382 16 17 0.012549706
798 422 68 86 0.012538375
652 79 20 25 0.012530534
72 0 40 50 0.012526353
369 553 14 17 0.012517431
603 362 13 15 0.012515729
246 261 23 26 0.0125152655
62 590 24 29 0.012513755
0 9 230 321 0.012511846
129 198 22 27 0.012511269
36 126 26 31 0.012504034
460 184 21 28 0.012500223
561 668 24 21 0.012499495
700 0 235 182 0.0124915885
873 35 12 18 0.012482296
172 613 21 29 0.012473709
45 388 148 186 0.012472393
150 171 46 57 0.012467236
80 574 35 41 0.012467019
220 553 14 19 0.012461866
715 472 8 10 0.0124617545
327 293 21 36 0.0124554075
414 63 53 70 0.012452889
389 322 62 78 0.012448717
224 626 22 24 0.012445747
300 595 8 10 0.012444469
372 384 18 24 0.012444092
228 614 14 13 0.012439489
113 574 16 19 0.012429661
631 151 26 34 0.012427122
691 130 13 19 0.012426526
856 394 67 80 0.012423335
13 614 49 55 0.012420342
287 380 29 43 0.012419722
24 11 37 51 0.012414485
280 430 10 12 0.012412796
553 98 59 80 0.012411466
715 65 48 62 0.012404592
337 461 7 9 0.012403401
383 577 28 29 0.012403027
268 261 25 29 0.01240179
413 304 7 9 0.012392278
594 143 12 15 0.012390016
715 439 12 17 0.012388613
355 1 41 47 0.012385812
190 556 8 11 0.01238366
60 484 40 57 0.012382576
172 180 77 97 0.012379187
317 21 46 60 0.012376531
98 608 11 12 0.01237014
564 38 36 52 0.012369962
371 356 61 84 0.01236692
135 161 11 11 0.012365061
78 616 41 50 0.012364959
637 542 25 31 0.012364709
391 536 13 15 0.012361555
70 133 20 24 0.012358215
391 573 22 24 0.01235636
237 126 19 24 0.012356209
944 80 32 47 0.012351494
0 112 11 20 0.012346438
356 128 9 10 0.012344477
630 227 15 26 0.012344154
179 224 21 27 0.012343324
724 638 78 51 0.012342743
428 330 16 21 0.012338611
660 268 17 15 0.012335415
723 491 13 18 0.012333565
409 348 12 12 0.012332321
955 4 22 33 0.012331474
406 225 13 14 0.012331149
413 0 36 36 0.0123298215
201 459 56 76 0.012326731
155 586 7 10 0.012324521
170 487 61 83 0.012320927
5 421 77 114 0.0123152165
382 250 17 23 0.012307184
0 170 82 129 0.012302259
796 635 13 16 0.012296331
185 145 14 16 0.0122888535
141 239 8 11 0.012283125
3 314 71 107 0.0122820735
662 331 27 25 0.012281583
435 78 14 15 0.012280442
270 426 12 16 0.01228013
683 95 12 14 0.012277647
389 292 23 30 0.012276659
225 619 9 9 0.012276371
711 74 23 31 0.012274522
166 627 10 11 0.012272286
310 316 27 45 0.012269939
371 401 20 21 0.012269483
779 441 9 13 0.012267031
309 271 22 31 0.01226272
319 313 21 34 0.012261809
207 568 9 11 0.012259976
622 204 33 57 0.012256108
358 450 30 41 0.012253011
389 109 12 16 0.0122456355
543 57 36 46 0.012241261
330 271 12 15 0.01224051
134 512 14 18 0.012238891
708 481 15 22 0.012235015
224 613 10 10 0.012234782
707 411 64 84 0.012234482
158 563 13 16 0.012234029
610 79 18 23 0.012230599
510 598 168 91 0.012224275
912 45 18 26 0.012219003
3 317 27 36 0.012218597
615 114 11 17 0.012217974
923 78 8 10 0.012215964
370 211 36 42 0.012213956
116 595 9 12 0.012209318
707 493 183 196 0.01220112
343 83 10 13 0.012195943
797 247 79 95 0.012193006
365 176 13 17 0.012191628
236 0 30 39 0.012190975
589 115 22 27 0.012187409
648 271 25 17 0.012186696
209 191 15 20 0.012185233
156 127 62 80 0.012185169
314 323 16 27 0.012184342
327 468 21 24 0.012181502
164 119 45 53 0.012179822
197 550 39 44 0.012178631
308 245 29 36 0.012178091
351 585 10 11 0.012176548
979 388 45 109 0.012170245
239 192 22 32 0.012165278
527 211 13 14 0.0121646775
214 579 15 18 0.012163989
308 418 25 34 0.012159224
348 494 25 29 0.0121539
191 560 29 30 0.012153748
102 250 101 143 0.012151935
209 145 19 27 0.012145261
0 321 95 170 0.012144185
398 555 17 21 0.01214326
361 318 20 37 0.01214276
679 170 11 13 0.012135768
932 190 13 19 0.012131626
778 619 25 25 0.0121215405
354 311 18 32 0.0121215405
709 81 11 14 0.012120969
190 356 8 10 0.012116881
467 210 10 15 0.012109894
661 83 12 16 0.012108717
411 91 17 22 0.012108557
122 143 14 17 0.012101301
242 380 20 22 0.012100143
683 36 66 84 0.012095224
174 456 14 13 0.012094527
224 76 13 15 0.012093944
789 36 57 70 0.012091928
461 560 22 21 0.012088299
665 581 9 9 0.012088168
438 94 10 12 0.01208631
0 132 48 81 0.012082788
415 66 12 15 0.012078579
182 564 7 11 0.012078062
690 409 19 24 0.012075869
732 359 146 246 0.012070822
965 69 21 31 0.012066282
413 271 16 13 0.012064626
987 630 37 59 0.012063513
0 451 57 100 0.012061677
900 0 76 85 0.01206163
876 30 52 70 0.012058281
407 259 29 32 0.012058171
386 587 18 17 0.012056648
659 17 29 43 0.012056025
198 619 10 11 0.0120547265
514 0 253 172 0.012054195
84 10 16 21 0.012052253
186 612 21 28 0.0120495325
369 480 12 15 0.012048956
189 577 9 13 0.012048185
897 71 35 49 0.012048058
941 404 39 58 0.012047565
105 221 24 27 0.012045614
659 131 28 40 0.012044157
443 73 9 11 0.012043957
582 542 9 10 0.012042025
236 514 21 33 0.012039718
469 178 25 32 0.012036617
94 600 10 13 0.012036124
350 135 13 15 0.012032239
336 282 12 18 0.012027934
434 0 32 36 0.0120276045
571 117 59 79 0.012025854
432 53 13 16 0.012025613
446 81 17 20 0.012023162
851 435 57 74 0.0120206
722 485 32 40 0.012020431
178 385 20 23 0.012019854
68 512 174 177 0.012019028
113 141 19 23 0.012015886
135 28 58 78 0.012012871
428 260 12 19 0.01200767
175 135 13 16 0.012007592
78 599 16 17 0.012006738
268 188 20 24 0.012006543
362 192 12 15 0.0119991135
613 111 10 15 0.011997652
256 429 47 57 0.011995846
592 53 13 14 0.011993391
693 144 13 18 0.011986905
129 238 11 14 0.011985719
319 448 8 11 0.011981511
386 511 197 178 0.011978804
393 539 8 9 0.011978084
146 234 13 19 0.011977423
664 38 20 27 0.011977258
109 272 19 28 0.011974639
78 376 10 10 0.01197431
227 50 33 48 0.011973563
364 465 25 40 0.011973157
823 638 16 20 0.01197265
651 320 45 54 0.011971926
806 637 23 26 0.011969863
469 567 16 16 0.011962197
281 507 83 94 0.011958101
196 433 41 45 0.011952897
363 279 19 28 0.011951049
859 40 30 41 0.011949974
486 363 79 115 0.011946916
21 115 7 10 0.011941492
319 262 52 67 0.011940319
610 47 57 76 0.011939725
237 37 12 15 0.011938113
558 288 13 10 0.011937869
316 191 42 49 0.011937168
186 281 20 25 0.011934275
305 511 23 27 0.011932139
671 393 58 78 0.011931705
359 86 15 19 0.011930267
651 279 11 13 0.011929968
437 248 21 25 0.011929626
136 250 17 24 0.011928561
208 568 15 19 0.01192751
593 74 12 15 0.01192719
58 164 62 72 0.011922779
604 549 7 10 0.011922023
0 106 7 13 0.011921205
225 469 16 22 0.011920123
320 327 24 38 0.01191853
417 269 16 13 0.011917992
445 227 32 43 0.011909632
583 0 113 130 0.0119051365
364 610 10 9 0.01189916
713 127 23 31 0.011898362
329 424 14 17 0.0118964305
184 359 13 18 0.011895131
420 300 12 15 0.011893913
791 96 49 55 0.011892956
50 137 17 24 0.011891974
777 152 22 21 0.011891823
405 554 9 9 0.011891148
870 0 24 24 0.011889825
46 61 9 12 0.011881836
257 588 8 9 0.011880551
382 169 14 16 0.0118798865
754 284 32 53 0.011874964
989 0 35 53 0.011874487
366 459 66 91 0.011874046
162 620 9 11 0.011872526
186 624 8 12 0.011872185
31 617 50 51 0.011871841
714 476 8 9 0.011868584
700 183 76 91 0.011865873
367 5 59 76 0.011863164
630 210 16 29 0.011862374
233 523 17 28 0.011862079
331 260 32 38 0.011858168
650 337 18 19 0.011845342
133 130 29 37 0.011845204
343 604 19 23 0.011843461
59 460 40 61 0.011842399
660 165 19 28 0.011842023
254 582 10 12 0.011837532
700 125 8 12 0.011834784
175 392 29 33 0.011827072
424 498 8 12 0.011826453
960 360 11 14 0.011823622
711 80 61 78 0.011820362
319 436 12 14 0.011817709
666 450 10 14 0.0118139135
237 565 12 17 0.011813301
195 592 11 16 0.011811823
798 87 25 35 0.01181064
416 556 16 17 0.0118102655
15 181 27 32 0.011807225
175 438 34 34 0.01180695
359 463 19 27 0.011805886
1008 243 16 56 0.0118052615
842 634 8 10 0.011805121
367 127 13 17 0.011803776
146 605 15 17 0.011803768
533 27 56 76 0.011803734
16 552 38 47 0.01180262
395 30 93 134 0.011801943
116 194 55 63 0.011801628
51 3 16 20 0.011801192
639 299 46 49 0.011801046
689 189 19 27 0.011800399
982 358 17 15 0.011799561
130 607 15 19 0.011799265
629 169 17 22 0.011797315
819 629 9 9 0.01179362
205 617 69 72 0.011789876
312 668 11 11 0.011786936
134 619 11 14 0.011783069
703 441 13 19 0.011782971
180 198 21 27 0.011781941
438 560 13 11 0.011779399
463 292 21 18 0.011777287
275 423 42 51 0.011775242
269 411 14 22 0.011773639
267 567 23 26 0.011770008
370 237 39 42 0.011764929
78 119 10 13 0.011764576
104 594 12 14 0.0117639275
534 220 8 11 0.011762681
691 145 21 28 0.011756718
270 32 19 26 0.011755942
247 620 17 19 0.011749599
504 437 82 114 0.011744964
81 25 17 27 0.011744374
126 269 17 24 0.011744119
993 370 10 11 0.011744007
502 51 14 18 0.01174289
197 291 8 9 0.011742774
74 589 15 19 0.011741818
928 0 46 45 0.011740275
453 80 11 13 0.011738265
389 384 32 31 0.0117380135
80 175 21 25 0.011736355
927 318 97 170 0.011734855
216 289 9 11 0.011734779
710 368 24 36 0.011734318
702 498 12 14 0.011732958
126 247 20 25 0.011732659
508 0 26 25 0.01173104
692 85 19 25 0.0117267305
879 0 14 15 0.011722865
156 188 18 21 0.01172176
523 68 20 28 0.011715988
426 0 114 134 0.011711574
397 0 23 24 0.011708928
465 199 15 22 0.011708268
627 318 45 53 0.011707977
106 268 36 56 0.011703691
74 227 16 20 0.011700661
150 567 11 14 0.011692586
281 0 36 33 0.01169147
164 563 12 16 0.011690521
383 544 10 9 0.0116902655
287 248 21 25 0.011689461
423 20 37 52 0.011686831
942 2 43 55 0.011682441
99 425 135 170 0.011680712
50 8 10 13 0.011679308
656 14 18 21 0.011676055
138 169 12 15 0.011674194
703 128 7 11 0.011673994
675 476 16 21 0.011673585
335 431 23 28 0.011668397
599 14 31 45 0.011668333
521 376 40 52 0.011667047
18 3 9 11 0.011666972
169 522 70 95 0.011666636
370 386 136 155 0.01166482
267 69 18 24 0.0116641605
660 474 30 41 0.011663356
73 41 19 26 0.011661208
378 582 20 23 0.011659113
460 194 12 16 0.0116586415
179 528 21 30 0.0116575295
526 0 31 30 0.011655608
10 77 13 16 0.011654065
441 178 34 39 0.011648534
257 240 45 57 0.011648006
419 74 17 20 0.0116474405
717 83 23 28 0.011643482
128 187 22 26 0.011643317
171 0 13 12 0.011638544
70 185 31 37 0.011633302
214 437 13 17 0.011625198
425 504 33 47 0.011624952
290 74 91 107 0.011623342
286 93 43 53 0.011616685
405 315 17 23 0.011615133
886 301 62 88 0.011613842
164 214 24 30 0.01161208
359 479 13 15 0.011611955
607 102 17 21 0.011606598
144 579 7 11 0.0116063105
531 139 61 80 0.011604373
426 530 29 35 0.011603623
184 575 12 15 0.011602417
769 57 29 42 0.011598593
181 625 7 11 0.011594928
70 189 54 63 0.011594543
121 244 12 15 0.0115940925
207 545 14 21 0.01159247
415 559 10 10 0.011591216
355 452 9 12 0.0115900235
87 588 23 28 0.011589755
0 104 14 19 0.011588836
0 646 44 43 0.0115838535
217 587 10 10 0.011581723
177 559 9 13 0.011580591
587 0 18 12 0.011579517
671 484 63 77 0.011573643
387 87 18 23 0.011571508
0 579 34 55 0.011570142
47 81 12 15 0.011568521
216 220 45 57 0.011564026
211 248 18 20 0.011560477
189 529 24 30 0.01156028
201 209 26 29 0.011558512
190 127 14 19 0.011556097
778 244 61 81 0.011556096
203 607 10 12 0.011554466
1021 33 3 34 0.011549087
675 275 9 10 0.011547412
289 98 9 11 0.011545052
203 344 32 46 0.011542463
416 198 13 15 0.011539718
190 592 35 44 0.011531872
599 109 10 11 0.011531513
649 282 22 21 0.011530015
637 390 115 152 0.011529977
935 250 13 23 0.011524896
0 189 52 88 0.011524594
30 148 34 46 0.011523541
204 151 19 26 0.0115203615
148 0 31 27 0.011515742
321 170 33 35 0.011512829
707 384 17 25 0.011512122
622 562 25 24 0.0115111675
307 573 33 41 0.011510867
78 208 14 19 0.011510811
953 110 20 30 0.011508341
230 203 21 22 0.011506967
128 584 8 11 0.0115009695
337 270 20 25 0.011497794
29 516 18 26 0.011494548
445 556 7 9 0.011492611
676 137 13 19 0.011492325
251 408 13 17 0.0114915855
1014 0 10 48 0.011491264
143 229 13 19 0.011486787
693 117 8 10 0.0114858495
948 374 46 56 0.011485403
85 185 68 76 0.01148479
253 267 13 16 0.011483952
598 135 17 23 0.011481643
399 218 9 10 0.011480258
250 587 8 10 0.011480104
391 234 89 121 0.011480052
701 483 14 22 0.0114784865
350 460 10 13 0.011476426
479 218 10 15 0.011472476
288 592 15 15 0.01147229
376 563 9 10 0.011469388
46 614 10 12 0.011468836
628 96 25 31 0.011468752
316 458 38 43 0.011468523
539 48 19 26 0.011467532
108 312 18 23 0.011467119
406 195 10 13 0.011466451
639 548 30 37 0.0114645995
461 137 12 18 0.011463529
98 40 12 16 0.011463472
230 549 11 18 0.011457158
360 545 21 23 0.011456573
79 0 12 9 0.011456502
228 17 28 40 0.011455493
950 89 39 55 0.011451971
176 140 21 25 0.0114496285
894 335 47 67 0.011448956
482 292 7 10 0.011447188
302 92 37 42 0.011446464
277 415 9 12 0.011445579
309 385 47 60 0.011441634
855 576 12 15 0.011436853
564 60 12 13 0.01143615
572 0 35 36 0.011435791
478 35 29 37 0.011434415
297 367 30 45 0.011433885
134 604 11 13 0.011431411
329 493 26 34 0.011425436
259 393 13 21 0.01142293
118 204 28 36 0.011422838
69 448 40 59 0.011420276
675 374 23 29 0.011418344
130 606 8 10 0.011415007
831 637 20 21 0.011412553
198 349 21 26 0.011412221
452 50 11 15 0.011411553
159 621 10 14 0.01140489
522 286 14 12 0.011404785
51 15 55 74 0.011404065
387 311 35 43 0.011403682
696 369 32 44 0.011401655
690 350 23 29 0.011400859
730 406 62 87 0.011397516
260 34 19 26 0.0113970665
396 374 18 21 0.011396435
909 32 22 32 0.011396229
755 0 46 44 0.01139581
0 124 14 23 0.0113954805
362 224 38 42 0.011393037
207 610 15 18 0.011392705
526 219 13 15 0.011392017
157 400 23 34 0.011389216
402 337 148 179 0.011386439
680 486 10 12 0.01138411
759 482 17 15 0.011382622
283 17 92 106 0.011381656
709 416 10 11 0.011380247
304 527 189 162 0.011378155
188 571 11 14 0.011376074
183 531 112 141 0.011375971
402 380 7 9 0.011372717
680 423 12 19 0.0113718575
4 4 53 74 0.01136818
949 372 8 9 0.011365846
453 29 17 21 0.0113651
978 116 20 29 0.011364937
697 122 8 10 0.011363995
654 415 132 187 0.011362202
864 4 34 46 0.011361341
353 116 15 18 0.011360691
774 15 15 21 0.011358067
361 155 24 31 0.011356164
1022 1 2 33 0.011355115
337 14 108 137 0.011353891
692 159 24 31 0.011350471
956 554 25 33 0.011350247
212 498 223 191 0.011345894
326 129 22 26 0.011345594
980 15 44 109 0.011344399
241 581 18 21 0.011341526
248 15 63 85 0.011340859
970 373 18 19 0.011340692
976 59 22 32 0.0113373
580 546 9 10 0.011336398
287 0 20 18 0.01133351
312 586 21 23 0.011332007
179 336 16 23 0.011331563
965 664 49 25 0.011329745
269 506 36 39 0.011328215
262 451 12 14 0.011326405
658 324 17 14 0.011325507
422 52 12 16 0.0113236
691 521 16 16 0.011320789
938 77 13 16 0.0113207195
700 66 41 53 0.011320414
601 130 39 50 0.0113195805
202 565 11 14 0.0113190375
971 78 20 30 0.011317449
408 87 15 20 0.011310547
160 208 16 16 0.011307371
254 565 17 24 0.011305654
0 205 100 247 0.011305459
941 155 41 56 0.011305426
289 432 11 12 0.011305112
434 71 11 14 0.011303367
72 560 33 42 0.01130331
348 392 107 117 0.011302162
538 286 9 9 0.011297991
454 288 31 38 0.011292329
538 6 49 64 0.011292101
706 468 11 14 0.011291939
188 467 20 24 0.011291925
2 112 86 123 0.011289437
662 66 10 13 0.011287198
683 449 13 22 0.011286662
25 292 77 103 0.011283587
910 10 40 54 0.011280237
930 0 21 31 0.011278364
278 617 44 52 0.0112749655
220 432 8 10 0.011274602
450 85 20 26 0.011274459
216 589 13 17 0.011273711
656 146 26 37 0.011272467
425 174 11 14 0.011272355
223 589 11 14 0.011272068
165 192 17 23 0.011269996
306 218 127 169 0.011266992
450 73 17 22 0.011265995
387 538 9 12 0.011264835
248 413 17 24 0.011264801
11 117 10 12 0.01126392
264 0 37 34 0.011261362
393 100 12 13 0.011259421
124 268 13 16 0.011258936
48 75 19 25 0.011258172
186 365 19 23 0.011257567
202 578 9 11 0.011256988
24 38 21 29 0.011251305
938 365 71 84 0.0112506915
749 455 18 26 0.011250241
216 114 18 23 0.011250178
824 631 10 10 0.011247223
406 333 64 87 0.011247202
393 317 18 24 0.01124695
659 344 18 20 0.0112455385
666 14 22 25 0.011241799
126 290 55 78 0.011240359
510 0 61 63 0.011240011
244 12 14 18 0.011237568
466 225 11 16 0.011236747
210 376 13 19 0.01123663
180 340 9 15 0.011234824
247 584 7 10 0.011233131
352 68 21 29 0.011231693
100 0 13 11 0.011231631
771 142 20 25 0.011229341
232 624 10 11 0.011229074
625 105 12 16 0.011229035
211 348 66 81 0.0112279905
679 502 20 23 0.0112272
298 0 26 26 0.011224997
446 100 11 16 0.011223037
780 47 41 45 0.011220847
318 118 16 19 0.011218897
6 122 17 21 0.011218611
727 0 21 21 0.011217028
237 16 35 49 0.0112162335
826 0 121 99 0.01121548
187 394 27 33 0.011215084
567 66 10 13 0.011212512
306 263 36 49 0.011212048
436 57 10 14 0.011210776
243 307 58 75 0.011209796
118 260 23 27 0.01120895
820 604 25 25 0.011208689
350 141 21 27 0.011204344
355 302 18 28 0.0112043135
411 554 10 10 0.011202681
1000 0 24 35 0.01120184
632 233 9 15 0.011197802
682 428 13 17 0.01119631
149 177 21 26 0.011191337
875 589 149 100 0.011190154
480 597 106 92 0.011188342
363 139 18 25 0.011187451
240 250 20 25 0.011186645
210 369 14 16 0.011185016
821 629 10 10 0.011184657
430 216 17 21 0.011182636
0 651 22 38 0.011180431
540 372 41 55 0.011179877
374 77 13 19 0.0111784935
141 3 8 10 0.011178397
28 9 11 11 0.0111776395
221 391 17 23 0.011176068
145 247 17 19 0.011171773
184 333 14 20 0.011169586
195 202 24 33 0.011168534
161 607 9 11 0.011168296
369 505 12 19 0.011168099
401 495 45 60 0.011166995
83 229 12 14 0.011165562
188 313 68 94 0.011165505
9 310 25 29 0.011165074
126 574 15 19 0.011162749
276 452 15 22 0.011161534
589 103 16 20 0.0111604985
26 183 22 29 0.0111600775
505 221 12 12 0.011159045
668 97 13 16 0.011158723
238 79 23 31 0.011157434
502 30 20 25 0.011156656
63 117 8 10 0.011153212
424 177 35 40 0.011153019
370 477 11 12 0.011148881
576 109 30 40 0.01114855
401 164 22 29 0.011147979
48 498 40 50 0.011147973
607 101 11 11 0.011146333
693 105 13 16 0.011146265
424 300 62 96 0.011142295
211 57 59 83 0.011137763
364 301 11 16 0.011136924
196 185 11 13 0.011135183
118 583 9 10 0.011134729
547 450 78 109 0.011132015
128 324 16 20 0.01113171
199 190 21 27 0.011131444
194 584 17 24 0.0111312345
49 52 64 85 0.011128952
373 117 8 10 0.011128856
420 72 11 14 0.011126474
285 70 20 31 0.011126126
380 92 39 49 0.011124556
606 2 28 36 0.011123782
627 570 39 50 0.0111236535
611 140 12 14 0.011122899
68 223 32 39 0.0111185275
202 414 10 14 0.0111140525
162 599 24 39 0.011113466
655 309 27 27 0.011112563
663 397 19 26 0.011110334
782 433 46 58 0.011106285
38 6 8 10 0.011103766
13 60 50 69 0.011100056
588 538 16 16 0.01109578
390 530 45 47 0.011095173
207 151 27 33 0.01109353
574 10 21 28 0.011092442
63 14 19 25 0.011092369
141 613 11 14 0.011091916
196 611 17 22 0.01108906
745 54 42 60 0.011088919
886 440 45 50 0.011088441
485 202 73 92 0.011088429
23 116 8 10 0.011084496
434 444 85 114 0.0110844085
124 157 29 39 0.011084304
410 66 12 15 0.011084007
183 601 10 13 0.011083714
442 46 13 15 0.011082522
692 181 18 27 0.011080603
431 327 14 15 0.011079307
224 469 11 15 0.0110780755
533 668 12 13 0.01107405
686 139 19 25 0.011072937
128 542 11 15 0.011070165
461 225 30 41 0.011069922
765 579 22 29 0.011065435
450 195 22 29 0.011063379
66 0 186 128 0.011063304
0 677 12 12 0.01106198
446 552 10 13 0.011057887
0 2 6 14 0.011056992
204 631 14 16 0.011054867
219 612 13 15 0.011051901
959 3 42 55 0.011051571
475 53 19 26 0.011050416
328 243 22 27 0.011048395
538 290 12 13 0.011047984
956 569 19 28 0.011047358
587 544 9 9 0.011044894
807 600 34 37 0.011044042
303 150 11 13 0.011042811
403 188 35 44 0.011042394
347 517 14 16 0.011040669
48 77 11 13 0.011040186
242 36 25 32 0.01103874
227 388 25 31 0.011038246
694 2 24 32 0.011037143
563 74 13 16 0.011036267
154 194 35 45 0.011034663
446 76 8 10 0.0110333795
57 123 43 51 0.011030825
608 120 17 26 0.011030296
54 664 13 10 0.011030114
154 249 11 12 0.01102968
676 418 12 16 0.011029199
770 85 13 19 0.011025008
630 210 11 17 0.011024927
155 0 12 9 0.011024619
469 561 14 14 0.011024407
324 245 35 43 0.011023459
294 402 16 23 0.011022015
261 0 15 16 0.011020875
772 400 68 88 0.01101976
220 585 9 10 0.01101908
931 67 26 33 0.01101859
185 619 14 18 0.011012511
701 160 12 16 0.011011061
687 165 31 40 0.011007576
150 380 21 29 0.011006158
391 585 19 17 0.011004916
77 125 12 16 0.011004759
173 408 19 21 0.011002825
1001 233 17 23 0.011002228
670 97 42 55 0.011001169
711 492 7 10 0.010998497
319 463 19 23 0.010996679
487 4 57 71 0.0109965345
416 551 9 10 0.010992274
699 419 10 12 0.010990314
756 261 28 32 0.010990137
97 152 42 50 0.010985734
63 462 79 109 0.010982754
147 588 16 20 0.010979383
87 196 22 28 0.010977846
517 3 27 32 0.010977142
343 583 9 10 0.010972896
342 499 11 15 0.01097281
306 406 23 29 0.010967619
216 214 21 24 0.010966069
162 158 14 14 0.01096581
673 144 13 17 0.01096284
117 155 22 27 0.010962241
746 620 84 69 0.010959992
281 59 21 28 0.010959683
918 425 45 60 0.010956594
49 3 7 10 0.010956346
662 56 21 29 0.010955201
472 220 15 21 0.010952737
251 55 33 47 0.010951066
652 146 18 27 0.010943855
166 6 94 114 0.010943361
92 600 32 39 0.010941077
662 128 21 27 0.010931082
287 395 14 20 0.01093083
138 123 41 49 0.010930711
749 406 21 27 0.010927431
327 488 9 11 0.010927045
533 0 38 43 0.010926155
88 0 9 9 0.0109244315
23 8 10 11 0.010923085
214 136 20 31 0.010922629
870 433 28 40 0.010921898
17 501 51 67 0.010921169
149 584 14 16 0.010920346
641 362 9 10 0.01091977
246 206 11 16 0.010919028
362 411 36 35 0.010918563
386 11 22 30 0.01091748
259 115 44 55 0.010917452
243 376 34 42 0.010914845
705 473 12 18 0.010913183
376 78 20 24 0.010912975
762 221 23 24 0.010911533
96 140 18 26 0.010911358
217 432 8 10 0.0109072905
39 147 21 26 0.010905732
179 448 38 42 0.010905649
709 408 14 18 0.010901157
416 291 20 24 0.0108991945
188 265 58 87 0.010898729
229 462 12 17 0.010895181
207 629 7 9 0.010893565
714 504 11 13 0.010892487
478 63 13 17 0.010891518
226 622 13 11 0.010886444
359 96 25 24 0.010885662
400 366 18 26 0.010885253
371 114 16 21 0.01088261
339 127 11 13 0.010881518
561 502 60 72 0.010880909
417 551 13 14 0.010879041
163 606 17 26 0.010876831
210 636 17 18 0.010875645
212 250 10 12 0.010874135
368 173 11 13 0.010873406
698 471 70 72 0.010871568
6 543 24 29 0.010871175
144 617 10 12 0.010870825
839 332 35 47 0.010866446
678 42 46 59 0.010864626
410 97 10 14 0.010862445
841 266 19 26 0.010860972
20 264 20 25 0.010858562
193 73 61 82 0.010857387
376 293 40 53 0.010856679
148 136 20 25 0.010854156
412 79 17 20 0.010852944
715 478 8 10 0.010847418
491 199 9 13 0.010846306
410 0 22 18 0.010846258
385 321 23 27 0.010846082
617 118 11 17 0.010844044
394 84 14 13 0.010843725
842 0 34 32 0.0108434595
218 0 124 93 0.010843101
773 0 35 31 0.010842484
299 197 35 45 0.010841602
668 90 12 17 0.010840526
170 619 8 9 0.010839102
677 271 21 18 0.010838531
710 343 28 31 0.010834272
385 85 14 15 0.010828869
192 613 13 17 0.010825554
99 195 22 28 0.010822431
455 291 10 10 0.010820519
56 654 47 35 0.010820368
519 76 22 31 0.0108194165
523 333 76 105 0.010818199
753 132 23 28 0.0108181685
733 88 81 114 0.010810729
62 0 12 9 0.0108103845
320 392 22 32 0.010810004
455 77 9 11 0.010809788
788 629 21 25 0.01080869
385 382 13 21 0.010806309
66 605 42 50 0.010805892
480 204 19 27 0.010803677
134 592 9 11 0.010801941
142 356 41 58 0.010801308
136 178 65 77 0.0108010825
365 124 30 37 0.010798043
222 621 9 9 0.0107964985
342 505 10 13 0.010793611
163 139 20 26 0.010793061
279 417 11 17 0.010792423
0 263 22 39 0.010792321
175 620 8 10 0.010791567
951 628 11 11 0.010791351
942 387 37 52 0.010790014
501 38 35 45 0.010789951
382 556 33 38 0.010789767
504 90 24 28 0.010788389
32 28 8 9 0.010787431
388 97 17 23 0.01078631
190 614 10 12 0.010785181
78 604 12 14 0.010784483
529 46 20 26 0.010781446
667 320 24 29 0.010779265
0 93 125 300 0.0107789375
154 567 107 122 0.0107768355
64 217 22 26 0.0107758045
91 169 10 14 0.010775746
770 433 17 22 0.010774903
571 443 42 57 0.010774228
674 0 36 34 0.0107741365
356 316 10 13 0.010773395
358 124 26 30 0.010772942
696 113 10 13 0.010772032
869 483 76 104 0.010770781
841 240 15 17 0.010770551
164 345 19 23 0.010770397
347 493 13 15 0.010768286
962 373 8 9 0.010766288
127 231 14 17 0.010765561
192 584 9 12 0.010761383
71 176 22 29 0.0107592065
821 188 203 404 0.010758914
200 626 9 11 0.010757325
326 321 32 52 0.010756149
392 7 15 18 0.010755017
922 368 102 206 0.010754446
438 98 11 14 0.010753126
640 286 40 41 0.010749927
685 177 12 17 0.010748487
420 553 30 26 0.010748471
249 536 20 26 0.010747474
3 38 19 29 0.010746024
242 396 19 26 0.010744124
668 268 14 13 0.010743339
693 167 8 11 0.010742878
66 146 14 18 0.010741402
38 588 25 31 0.01074125
1011 231 11 18 0.010738803
133 150 34 42 0.010738725
36 650 48 39 0.010738323
261 216 27 29 0.010733194
198 364 14 19 0.010731991
844 632 10 10 0.010731208
949 43 41 59 0.01073099
113 116 34 42 0.010730361
251 621 11 11 0.010730286
490 16 27 38 0.010729492
378 115 42 57 0.010728648
100 201 34 42 0.010727368
502 1 37 43 0.0107258465
182 608 39 46 0.010725594
855 0 28 26 0.01072545
0 240 39 56 0.010725083
706 504 18 23 0.010724892
680 493 21 22 0.010724776
861 595 89 94 0.010723259
394 243 128 180 0.01072279
178 415 14 14 0.010722155
191 376 13 15 0.01072213
16 6 9 11 0.010719736
54 615 46 52 0.01071918
0 335 40 94 0.01071533
212 470 15 16 0.010714321
235 573 11 13 0.010713006
515 261 11 12 0.010709676
666 582 13 12 0.010709461
202 631 10 11 0.010704634
159 577 10 12 0.010704183
618 333 67 89 0.010703387
0 42 106 231 0.010701421
143 234 30 32 0.010701397
649 153 16 24 0.010700822
410 307 15 22 0.010700554
604 118 8 13 0.010699963
396 343 40 49 0.0106999045
590 0 25 25 0.0106994
138 248 10 13 0.010694019
238 152 12 16 0.010693503
77 34 24 35 0.01069022
0 78 9 19 0.010686979
384 191 15 23 0.010686259
246 244 12 17 0.010685606
140 608 8 9 0.010683862
909 70 38 53 0.010683145
8 466 33 42 0.010682364
687 407 15 19 0.0106811
982 428 42 115 0.0106785055
76 222 13 17 0.010678149
152 608 8 9 0.010677416
405 172 14 19 0.010677321
59 149 18 22 0.010675356
234 93 45 54 0.010674849
688 427 9 10 0.010674543
683 36 30 41 0.010674411
705 109 37 44 0.010672854
226 524 16 24 0.010672373
461 0 12 11 0.0106718
282 100 20 30 0.010671397
575 242 9 9 0.010670932
440 324 75 114 0.010669077
594 99 57 75 0.010667279
475 213 10 14 0.01066427
404 83 15 19 0.010663358
818 608 93 81 0.010662988
116 180 32 39 0.010661624
248 190 20 33 0.010661472
766 497 25 33 0.010660376
595 109 13 17 0.010660147
377 314 11 18 0.010658686
192 125 8 9 0.010658059
1023 596 1 32 0.010657175
219 504 30 39 0.010656875
112 206 10 11 0.01065571
171 0 22 23 0.01065472
544 0 35 27 0.010653966
740 135 18 25 0.010652372
381 207 15 21 0.010651988
170 571 13 18 0.010649009
683 374 42 54 0.010646098
178 154 11 15 0.0106459875
77 39 53 69 0.010645246
180 355 14 17 0.010645094
500 174 10 14 0.010644611
803 622 13 12 0.010642963
898 395 24 34 0.01063643
605 140 14 15 0.010635238
400 212 10 14 0.010630989
651 536 10 9 0.010630744
40 438 81 115 0.010628377
352 453 13 17 0.010626298
387 150 23 30 0.010625797
338 29 39 54 0.010622245
1009 230 15 47 0.010619659
195 351 15 17 0.010619536
896 0 22 20 0.010618465
201 294 9 12 0.010618032
961 60 20 31 0.010617165
957 144 19 26 0.010616097
366 216 73 84 0.010613532
334 410 51 57 0.01061303
866 32 16 22 0.010610958
458 51 14 16 0.01060958
426 260 21 25 0.010606931
725 480 10 14 0.010606707
175 368 19 23 0.010606477
235 616 9 9 0.010606089
583 548 8 10 0.010605101
319 176 14 16 0.010604841
199 377 11 13 0.010603801
381 251 41 40 0.010602898
193 597 17 23 0.010602123
209 365 13 13 0.010601662
575 49 8 10 0.010601433
983 515 15 17 0.010597814
236 13 24 34 0.010595968
624 123 11 17 0.010593633
890 0 37 35 0.010593275
412 570 19 21 0.010593163
210 292 9 11 0.010592374
167 632 7 9 0.010592036
1021 48 3 35 0.010590889
588 548 14 13 0.010590428
615 16 19 27 0.010587612
1011 434 13 58 0.010585699
843 361 68 84 0.0105853155
356 215 26 32 0.010582634
981 50 21 31 0.010578188
0 195 22 41 0.010577959
187 349 8 10 0.010577471
670 504 24 26 0.010576827
689 264 26 34 0.010576137
678 133 13 17 0.010575962
253 229 11 13 0.010574407
622 570 15 18 0.010572546
640 225 43 52 0.010571559
228 376 31 36 0.010565945
372 128 13 15 0.010565743
612 0 17 14 0.010565243
958 114 12 17 0.010565179
579 79 12 15 0.010564164
193 361 14 19 0.01056414
363 457 12 18 0.01056411
521 397 83 122 0.010563541
218 620 39 49 0.010560934
157 553 29 37 0.010560219
521 35 22 30 0.010558827
187 536 17 25 0.010556399
165 566 8 11 0.010556266
324 120 11 13 0.010556242
1013 260 11 55 0.010554307
198 569 8 10 0.010554239
387 72 13 18 0.010554066
254 591 7 10 0.010553633
391 378 14 13 0.010552689
205 535 13 18 0.010552125
643 605 86 84 0.0105520105
708 167 13 15 0.0105497725
113 124 18 23 0.010549573
99 35 19 23 0.01054851
190 336 11 15 0.010545445
439 173 16 16 0.010543818
576 648 15 18 0.010543468
427 332 10 12 0.010541625
400 249 27 27 0.010539717
563 307 35 45 0.010539686
645 560 16 15 0.010535923
681 576 157 113 0.010535422
380 223 23 25 0.010533928
900 429 80 106 0.0105328495
684 368 15 18 0.010530282
651 272 9 9 0.010527946
56 113 10 12 0.0105271125
452 54 7 11 0.010526178
943 104 34 48 0.01052471
5 275 73 96 0.010523982
103 592 18 20 0.01052372
125 562 7 11 0.010523052
684 498 13 14 0.010519874
54 148 9 11 0.010519744
465 0 208 239 0.010518499
993 52 23 32 0.010517108
411 102 17 23 0.010516002
514 624 95 65 0.010514016
419 562 11 14 0.010513289
349 456 8 10 0.010513269
692 164 8 11 0.01051253
357 44 16 21 0.010503919
643 137 30 42 0.010502637
352 126 12 14 0.010502295
0 669 28 20 0.010499204
299 444 14 22 0.010498936
597 23 19 24 0.010496303
402 72 7 11 0.01049528
719 469 17 22 0.010494751
136 591 30 40 0.010492206
694 391 41 51 0.010492136
568 566 14 18 0.010490038
41 5 7 10 0.010489943
680 627 84 62 0.010489601
569 320 66 89 0.010489486
662 264 29 20 0.010489389
710 97 18 22 0.010488888
313 513 13 13 0.010486552
854 293 13 18 0.010485713
232 578 9 10 0.010485651
274 255 23 26 0.010482946
569 672 26 17 0.010479548
262 16 13 17 0.010477567
605 563 74 91 0.010477565
611 88 17 22 0.010476939
937 663 55 26 0.010476561
363 186 12 15 0.010476253
352 294 50 68 0.010475637
85 18 9 13 0.010474754
234 611 19 18 0.010474628
914 230 38 50 0.010474349
330 197 23 30 0.010472777
670 575 22 23 0.010469699
649 66 12 15 0.010469198
249 508 78 87 0.01046862
671 167 20 27 0.010467517
862 0 124 126 0.010467019
901 29 21 32 0.010466995
694 443 16 22 0.010466068
632 106 11 12 0.010465685
566 668 15 14 0.010465609
273 0 62 63 0.010464717
462 213 15 23 0.01046445
907 268 20 25 0.01046137
460 423 81 111 0.010460237
416 544 20 21 0.010460075
595 38 30 45 0.010458404
367 119 11 15 0.0104573695
1016 251 8 39 0.010456848
108 234 19 21 0.010455438
215 608 9 12 0.010450708
433 330 26 33 0.010450634
115 246 31 39 0.010448766
490 246 44 49 0.010448191
209 240 18 22 0.010446645
277 450 9 11 0.01044588
611 108 10 12 0.010441829
396 387 11 12 0.010441114
206 125 11 17 0.010440307
340 489 12 13 0.010436767
28 113 10 11 0.01043661
642 557 10 11 0.010434926
423 60 12 15 0.010433749
925 68 40 53 0.010431355
687 121 10 13 0.010431105
775 439 16 27 0.010430493
175 209 29 37 0.010428547
778 80 17 20 0.01042587
156 250 17 22 0.010425371
250 175 20 30 0.010424777
234 111 30 39 0.010423953
235 222 63 84 0.010423744
218 463 13 13 0.010422783
267 298 64 88 0.010421509
51 62 7 10 0.010421253
559 47 17 15 0.010417653
170 597 6 11 0.010417548
476 0 19 14 0.010416457
296 252 13 19 0.010416119
702 166 11 14 0.010415992
84 49 8 11 0.010415956
705 167 18 23 0.01041525
687 78 12 15 0.010414023
738 536 16 21 0.010412552
290 408 13 20 0.01041166
634 106 15 15 0.010411046
135 491 209 198 0.01040968
220 610 146 79 0.010409443
313 447 32 39 0.010408814
419 171 24 25 0.010404882
689 53 23 31 0.010403913
92 136 17 24 0.010402823
435 66 8 10 0.010401439
326 136 13 17 0.010399977
79 161 13 12 0.010394715
366 246 22 25 0.010394695
88 44 9 12 0.010392763
0 8 6 13 0.010391169
676 45 21 29 0.010389541
94 346 12 14 0.010389353
725 422 11 16 0.010389295
201 599 23 24 0.010388503
145 622 8 9 0.01038802
175 345 11 16 0.010382971
92 124 57 74 0.010382914
543 75 37 47 0.010381341
664 180 75 95 0.010379259
125 606 9 11 0.010378992
619 46 14 18 0.010378696
551 671 11 10 0.0103696305
114 122 59 75 0.010369117
709 63 21 30 0.010368864
138 172 34 42 0.010368828
421 557 11 10 0.010368563
420 525 71 71 0.010366978
114 599 13 18 0.010366175
626 527 34 45 0.010365372
105 153 26 33 0.010364961
0 124 6 18 0.010360273
318 420 25 34 0.010359708
257 361 42 55 0.010359682
39 198 35 40 0.01035848
221 539 44 62 0.010357777
30 112 21 24 0.010356772
690 247 38 53 0.010355525
491 0 19 14 0.010354353
21 13 8 9 0.010353515
134 238 8 10 0.010352707
201 574 15 19 0.01035166
602 97 8 10 0.0103513235
303 0 35 34 0.0103512695
1 64 77 111 0.010350645
49 183 31 37 0.010345061
733 0 58 58 0.010340891
53 600 38 43 0.010340376
358 1 26 29 0.0103388615
381 241 18 22 0.010338301
487 0 30 29 0.010338227
0 518 52 86 0.0103343995
462 0 36 35 0.010333259
356 237 91 125 0.010332429
257 164 20 27 0.010331879
186 510 36 44 0.010329792
483 147 76 94 0.010329719
906 76 11 18 0.010329222
575 43 8 10 0.010328399
342 96 12 15 0.010327437
147 613 9 12 0.010326255
138 304 107 142 0.010323991
423 81 17 22 0.010323914
32 126 14 16 0.010323891
24 271 14 16 0.010323019
365 76 28 36 0.010322096
904 437 49 57 0.010320582
683 478 12 16 0.010315126
915 300 74 89 0.010314645
349 132 77 96 0.010314447
764 289 31 54 0.010313647
952 143 41 57 0.010313626
175 611 30 41 0.010313437
806 629 14 18 0.010313289
809 624 12 13 0.0103130825
781 521 86 126 0.010312704
226 556 12 16 0.010311897
703 44 15 20 0.010311409
269 557 15 18 0.010309485
181 571 11 16 0.010305986
287 216 67 82 0.0103036165
239 581 11 12 0.010302944
411 331 21 28 0.01030245
797 336 38 47 0.010302107
371 195 13 17 0.0102998605
245 142 219 297 0.0102998065
379 307 27 32 0.010298862
198 591 19 23 0.01029759
235 586 10 10 0.010296837
544 677 28 12 0.010296144
588 126 20 28 0.010294827
154 570 6 9 0.010294739
380 176 11 15 0.01029473
184 632 10 13 0.010293387
180 148 12 18 0.010292616
722 146 78 102 0.010291656
73 6 53 69 0.0102915345
424 15 20 30 0.010291375
662 284 9 10 0.010290753
189 148 13 18 0.010290224
737 373 21 35 0.010290125
430 89 11 12 0.010288954
900 484 41 53 0.010288826
242 569 7 12 0.010286651
403 389 8 9 0.010285483
469 296 19 24 0.010282531
713 403 13 16 0.010281274
702 74 12 15 0.010281251
975 146 21 29 0.0102800885
938 144 86 191 0.010279038
166 419 9 14 0.010278868
371 0 18 14 0.010278771
596 94 13 14 0.010278015
559 56 19 27 0.010272883
403 264 23 23 0.010271824
157 659 44 30 0.010270903
717 480 9 12 0.0102702025
1020 22 4 35 0.0102676395
164 414 7 9 0.010264496
114 136 16 20 0.010264007
896 312 42 55 0.010263415
21 126 9 11 0.010262072
213 364 30 37 0.01026068
74 47 27 35 0.010258335
693 123 9 11 0.010258295
666 22 10 14 0.010257934
704 434 15 20 0.010257625
469 218 12 16 0.010257413
228 526 12 15 0.010255716
878 0 25 25 0.010255332
215 324 133 165 0.010254668
364 449 23 24 0.010252262
825 619 19 16 0.010249026
218 214 14 16 0.010248395
337 209 31 41 0.010247581
599 116 10 12 0.010245061
951 504 36 51 0.010244376
133 542 19 22 0.010240953
241 246 12 13 0.010239686
155 137 22 26 0.010238217
234 575 31 38 0.010237423
203 424 13 18 0.010236606
590 140 12 16 0.010235974
404 629 8 9 0.010234714
689 640 14 15 0.010234022
379 549 11 13 0.0102335615
478 193 22 29 0.010233192
398 347 11 14 0.010233087
72 34 18 22 0.010233053
725 0 45 45 0.010232548
214 554 12 18 0.010229766
181 331 31 43 0.010229031
435 544 17 19 0.010228404
120 139 95 117 0.010227368
519 0 23 17 0.010226527
706 124 9 12 0.010225764
719 46 26 37 0.01022518
366 77 15 20 0.010223767
256 481 73 74 0.010222492
661 491 11 14 0.010220946
326 0 19 15 0.010220349
79 9 10 15 0.010218177
74 138 47 57 0.010217266
404 385 9 10 0.010215838
528 55 12 16 0.010214583
317 245 22 25 0.010212324
50 288 41 59 0.0102079585
406 549 41 39 0.010207778
904 396 67 83 0.010207467
259 576 11 17 0.010205878
194 406 14 17 0.010205194
160 542 21 26 0.0102045275
448 79 8 11 0.010204219
790 0 66 49 0.010201066
440 57 10 14 0.010196508
695 440 29 39 0.010193875
584 0 14 10 0.010193461
710 440 13 17 0.010187952
406 224 18 22 0.010184398
340 441 21 26 0.010183257
83 487 39 54 0.01018212
129 220 21 27 0.010181421
98 207 24 30 0.010180867
332 187 22 28 0.010179885
353 658 18 13 0.010179715
270 383 20 26 0.010179686
684 310 12 15 0.01017942
62 264 125 170 0.0101780025
120 195 23 29 0.010175097
864 46 37 57 0.0101727955
455 89 11 14 0.010172453
239 623 19 27 0.010170906
0 356 57 116 0.010169986
226 127 19 22 0.0101695135
334 101 12 13 0.010169242
230 51 19 23 0.010165738
614 120 10 15 0.010163978
22 463 17 21 0.010163444
154 609 17 23 0.010161646
110 607 7 9 0.010161601
441 101 11 14 0.010160992
769 182 66 84 0.0101591
936 143 12 18 0.010157906
214 580 8 10 0.010156384
175 518 18 26 0.0101544205
919 38 22 30 0.010151655
673 281 14 18 0.010149006
17 187 41 45 0.010147346
940 195 13 16 0.010146174
707 129 8 11 0.010145681
705 119 10 14 0.010145057
211 600 21 23 0.01014483
910 418 26 34 0.010144529
411 317 21 30 0.010142502
398 555 11 12 0.010142354
1023 587 1 31 0.0101418635
986 59 22 32 0.010141555
202 211 83 102 0.010141373
17 13 7 9 0.01014
408 242 26 28 0.010138131
317 593 14 14 0.010137596
688 273 14 12 0.010137309
956 411 12 15 0.0101367375
18 606 131 83 0.010136235
416 97 18 23 0.010135376
774 28 13 18 0.010134811
338 465 12 13 0.010133963
224 634 81 55 0.01013214
775 164 23 24 0.010132111
196 303 45 66 0.010131662
237 427 37 42 0.010129032
88 118 9 12 0.010128095
610 134 11 16 0.010125689
8 110 13 17 0.010120334
670 107 14 19 0.010120282
510 58 12 17 0.010119585
339 511 23 33 0.010119006
685 101 13 19 0.010118575
57 48 15 19 0.010116726
445 91 11 12 0.010115057
453 58 8 14 0.010110671
443 94 11 13 0.010110178
79 28 12 17 0.010107053
77 386 22 30 0.01010525
161 366 28 34 0.010104424
463 18 113 148 0.0101027
768 133 65 82 0.010102698
874 285 56 87 0.010102254
376 229 21 26 0.010101238
493 482 17 21 0.010099981
528 56 20 27 0.010098408
165 414 9 14 0.0100968685
460 139 24 35 0.010096842
203 635 39 51 0.010096107
254 602 8 10 0.010095882
76 167 15 17 0.010095273
241 51 31 41 0.010093491
664 185 21 25 0.01009209
172 200 21 26 0.010090542
667 508 11 13 0.010089609
771 357 70 84 0.010088362
685 410 11 12 0.010087288
1010 154 14 59 0.010086166
361 172 13 13 0.010085465
661 10 106 141 0.010083698
444 79 31 40 0.0100831445
560 452 42 57 0.010083032
487 70 32 37 0.010081027
415 203 41 46 0.0100771515
751 461 22 29 0.010076885
105 298 64 100 0.010076466
98 29 45 58 0.010075262
710 418 11 16 0.01007503
52 538 36 45 0.010074486
212 565 8 9 0.010074458
257 154 40 46 0.010073948
269 36 14 18 0.010071378
27 195 24 29 0.010070554
217 470 33 55 0.010069626
885 0 15 12 0.010068112
344 419 11 13 0.010066499
146 544 32 40 0.010065532
935 185 13 19 0.010064642
216 606 12 11 0.010063616
680 144 18 23 0.010062744
661 328 17 15 0.010061311
134 192 34 44 0.010060936
758 254 40 57 0.010060858
92 1 29 36 0.010059925
866 449 33 48 0.0100598475
181 579 12 14 0.0100581525
95 47 10 14 0.010057751
776 67 31 34 0.010057695
692 137 13 16 0.010056572
339 493 19 25 0.010054246
669 26 22 29 0.010053685
212 445 14 17 0.010048225
216 568 7 10 0.010046256
0 515 16 27 0.010045213
281 40 40 55 0.010043048
452 85 11 13 0.010042659
427 87 11 12 0.010041296
394 299 21 32 0.01004097
23 82 269 358 0.010040864
672 459 15 20 0.010040217
89 53 7 13 0.010039033
448 308 16 16 0.010038787
420 274 15 15 0.010038071
936 79 22 30 0.010035592
698 79 14 16 0.010033811
668 516 23 28 0.010032103
186 610 7 10 0.010031691
1007 93 17 58 0.010030406
307 114 33 40 0.010030364
420 574 11 10 0.0100295935
907 367 21 28 0.010028623
198 290 32 43 0.01002862
642 348 27 34 0.010027119
338 89 19 25 0.010025092
523 557 25 31 0.01002484
293 393 126 145 0.010024284
671 438 7 10 0.010023825
247 11 22 26 0.010023267
845 330 97 136 0.010023148
92 565 35 39 0.010022249
145 593 12 15 0.010022085
224 246 121 161 0.010021788
303 294 22 30 0.0100181345
342 477 10 11 0.010017544
638 87 28 38 0.0100169
933 64 11 15 0.010016713
726 479 14 19 0.010015882
167 610 6 9 0.010015737
111 46 63 83 0.0100147715
315 255 31 39 0.010014281
179 140 12 16 0.0100140385
47 568 21 25 0.01001347
443 90 17 22 0.010012205
1012 465 12 56 0.010011903
189 358 52 65 0.010010607
596 666 11 14 0.010010366
594 541 24 22 0.010007966
373 123 10 11 0.01000779
498 4 27 32 0.010004668
965 142 21 29 0.010001789
768 300 13 17 0.010001061
1023 611 1 33 0.010000377