2_Demonstration_Protesters_2_16
973
287 498 85 114 0.85067797
628 587 82 104 0.83481455
780 806 61 109 0.08925676
156 0 53 40 0.048767153
32 113 14 16 0.04561
29 44 17 24 0.044007722
5 70 54 74 0.04145042
482 510 35 53 0.040013716
312 496 101 128 0.03926788
586 0 62 40 0.03823204
0 1240 256 293 0.03802689
20 124 18 25 0.03649305
122 94 14 15 0.03417594
59 6 70 88 0.03298892
611 619 96 124 0.030840505
84 100 11 13 0.030195137
293 441 99 153 0.02955899
178 634 13 16 0.028189361
121 74 11 17 0.027493322
297 560 109 141 0.027161049
195 612 14 17 0.027123643
643 550 93 129 0.026799854
465 502 61 72 0.026749313
761 467 39 55 0.026314814
304 541 62 77 0.026257379
98 80 18 22 0.02623942
209 616 17 20 0.025519688
55 1468 104 65 0.02547155
2 592 88 163 0.025434077
0 1 39 52 0.024742503
247 561 112 146 0.024619842
18 102 32 52 0.02424838
0 909 23 52 0.024168061
703 488 30 39 0.024143122
96 1253 253 280 0.024063183
749 0 275 268 0.023988307
107 912 27 35 0.023760455
802 838 44 77 0.023720447
13 73 27 37 0.023394095
245 581 13 16 0.022906195
246 498 95 125 0.022519033
90 41 18 30 0.022228802
246 243 13 14 0.022065764
25 113 23 30 0.021997724
305 477 62 96 0.02173715
24 50 19 24 0.02172531
717 438 28 34 0.021620033
178 629 12 14 0.021558989
437 732 17 23 0.021488568
23 7 110 134 0.021454867
167 0 72 51 0.021360064
925 0 99 138 0.021314004
748 1178 276 355 0.021225434
86 164 15 21 0.021205172
609 486 102 148 0.021092664
1 504 76 102 0.021086222
208 586 24 27 0.020987013
121 418 38 44 0.020964859
162 633 11 11 0.02082116
604 871 10 12 0.020781739
716 464 42 51 0.020738818
23 41 18 23 0.02070313
139 3 73 73 0.020665668
18 126 13 19 0.020319307
141 778 15 18 0.019877635
662 482 105 142 0.019839747
23 130 22 27 0.019712009
734 481 21 28 0.019620683
964 0 60 74 0.019603163
163 725 39 42 0.019413488
5 1421 131 112 0.019366348
32 1 72 84 0.019197023
503 93 61 81 0.019176925
130 1197 389 336 0.019120967
603 0 79 51 0.019026611
266 456 157 194 0.019003067
884 277 31 42 0.018996704
341 887 9 11 0.018968219
648 606 99 118 0.018871779
31 56 12 16 0.018823197
97 35 32 49 0.018776275
0 530 45 49 0.018749911
973 1290 37 43 0.018710058
50 905 29 40 0.018671067
565 0 71 58 0.018665442
0 914 15 31 0.018548407
426 669 20 14 0.018536177
150 569 67 92 0.01836643
926 263 32 40 0.018317558
714 435 42 54 0.018258573
1 1455 89 78 0.018249258
597 627 80 89 0.018204173
51 1429 78 77 0.018191054
0 507 126 232 0.01816184
10 46 77 103 0.018085925
98 1472 104 61 0.018075753
0 0 67 94 0.017740786
314 704 92 103 0.017708866
724 0 100 68 0.017638551
797 516 18 23 0.017633572
0 1033 358 500 0.017624304
714 7 310 515 0.017560448
8 25 352 483 0.017558731
629 557 64 89 0.017426768
0 0 211 284 0.017416399
792 776 63 112 0.017379066
968 1472 56 61 0.017362539
130 38 20 30 0.017358145
496 466 51 57 0.017333062
948 1416 76 117 0.017315967
789 543 20 22 0.017266896
0 441 117 182 0.017243588
40 98 10 13 0.01719008
113 7 75 88 0.017055143
87 7 50 71 0.01702805
914 290 46 57 0.01690149
768 510 120 135 0.016850041
350 466 114 140 0.01683349
328 501 62 86 0.016732331
34 116 15 20 0.016597278
478 545 11 14 0.01659307
551 517 31 41 0.01656345
561 578 113 135 0.01655463
245 529 19 21 0.016504329
277 13 389 494 0.0164712
445 0 189 132 0.016338037
512 511 12 17 0.016318068
807 696 13 15 0.016258951
0 789 166 318 0.016211465
246 256 21 23 0.016196417
265 527 165 210 0.016136073
119 83 15 22 0.01606862
37 110 11 15 0.016062541
140 689 21 19 0.0160624
387 660 47 47 0.016051218
815 858 27 42 0.016028522
320 560 60 71 0.016024502
166 632 11 13 0.016002653
180 982 43 63 0.01597411
565 0 186 122 0.015968688
667 0 101 71 0.01595863
78 567 53 80 0.015901867
728 454 42 53 0.015881687
88 193 17 24 0.015877845
808 803 89 130 0.015828466
67 0 48 62 0.015769897
0 519 73 175 0.01576315
42 10 37 44 0.015726797
17 27 27 38 0.015722591
986 399 24 34 0.015708242
0 853 28 37 0.015701544
781 833 93 150 0.015697908
719 495 109 138 0.015664242
17 57 27 41 0.015633047
22 124 12 17 0.015622615
784 0 100 68 0.0156197185
1 77 86 120 0.015578417
931 266 19 26 0.015468008
490 536 21 26 0.015445289
631 459 160 213 0.015429157
208 616 12 14 0.015419556
1 148 31 48 0.015416985
11 89 22 22 0.015403001
1009 1498 15 35 0.015402139
31 42 12 17 0.015364012
820 345 68 88 0.015326998
626 108 125 180 0.015280535
762 482 24 34 0.015072551
823 867 15 21 0.015032271
134 66 10 12 0.015010431
648 656 69 87 0.014984928
148 474 18 19 0.014978417
112 897 25 30 0.014955365
405 491 12 15 0.014857561
130 0 54 46 0.014851682
285 596 83 97 0.014848391
21 139 18 24 0.014808921
6 743 365 614 0.01480327
438 737 18 28 0.014778338
651 635 56 66 0.014758395
688 0 115 103 0.014744961
736 471 24 33 0.014727506
746 766 89 136 0.014698352
157 608 8 9 0.014694587
844 0 101 70 0.0146931065
26 52 26 33 0.014692241
107 272 176 236 0.014689795
347 1266 237 267 0.014664493
267 569 71 87 0.014664225
664 431 17 20 0.014661099
912 279 20 25 0.01462911
762 0 83 56 0.014628888
473 503 14 18 0.014609034
31 127 19 26 0.014594445
45 919 31 44 0.014586155
262 1 77 81 0.014563177
747 432 58 72 0.014552022
162 0 32 29 0.014547039
128 607 27 35 0.014537421
236 0 126 127 0.01453395
607 674 97 119 0.014530355
296 630 119 145 0.014516763
787 314 100 136 0.014504313
621 450 56 70 0.014470154
0 175 90 140 0.014463533
509 964 12 16 0.014461327
700 485 22 36 0.014457234
338 534 85 104 0.01443481
120 996 62 74 0.014427879
208 592 15 18 0.014422283
0 428 72 122 0.014408957
137 647 21 20 0.014406209
122 440 21 24 0.014401515
148 723 62 65 0.014382272
747 0 111 107 0.014326252
28 30 25 36 0.014266964
179 0 114 113 0.014256578
745 473 34 40 0.0142362425
211 623 18 21 0.014206541
301 354 114 167 0.01419911
575 0 100 89 0.014198269
286 461 67 95 0.0141838435
367 731 48 75 0.01418266
999 0 25 85 0.014138404
830 510 118 141 0.014120142
79 0 50 41 0.0141133815
0 230 87 138 0.01411234
541 716 52 54 0.0140719665
526 0 95 87 0.014062976
244 0 67 69 0.014050016
122 575 107 138 0.014042732
76 299 311 392 0.014020153
482 515 23 35 0.014006696
5 855 20 19 0.013992344
979 607 45 110 0.0139764
58 16 21 28 0.013961944
806 486 107 130 0.0139596965
29 117 12 14 0.013953126
17 1 47 53 0.013947084
144 1480 107 53 0.013935445
43 548 84 118 0.013916351
808 537 100 121 0.013915569
391 769 26 39 0.013908783
859 1381 165 152 0.013888902
0 886 33 65 0.013884612
0 121 137 232 0.013872177
402 0 92 71 0.013840571
339 495 145 175 0.01381836
776 28 123 154 0.013808361
616 25 203 239 0.013778529
95 0 141 134 0.013775478
643 314 379 425 0.013765347
808 0 116 122 0.013760177
38 523 79 95 0.013754662
194 222 21 23 0.013745435
199 0 66 54 0.013740085
326 1489 84 44 0.013738426
123 107 18 25 0.013726524
27 104 23 28 0.013713492
1 61 128 199 0.01370652
0 922 31 72 0.013704205
160 381 190 229 0.013692408
774 81 125 184 0.013680675
715 298 120 160 0.0136190085
2 1283 153 214 0.013618268
645 0 78 63 0.013578892
136 352 118 150 0.013575024
634 476 59 70 0.013561428
47 104 16 19 0.0135493465
25 478 17 23 0.013547697
967 523 57 188 0.0135364765
35 51 14 15 0.013517846
67 110 12 17 0.013510513
193 461 112 143 0.013506609
708 0 74 49 0.013492255
0 1475 40 58 0.013488155
738 475 64 72 0.013485134
291 383 349 420 0.013481082
766 448 57 67 0.013464323
189 607 19 25 0.0134617165
662 646 100 118 0.013443764
960 349 64 143 0.013442493
574 518 10 12 0.013429929
102 414 53 65 0.013411034
749 274 117 161 0.013405877
123 748 103 124 0.0134056825
288 293 19 24 0.013392499
892 1243 71 83 0.013352281
822 0 86 57 0.013349093
197 357 19 23 0.013345802
120 94 20 30 0.013336659
677 0 206 192 0.013328418
253 1282 205 251 0.013310227
698 469 167 206 0.0132865915
935 540 89 262 0.013216783
104 155 14 22 0.013214095
0 36 49 83 0.013211368
115 976 46 69 0.01320965
676 449 28 41 0.013183502
15 639 55 78 0.0131684635
705 444 65 82 0.013159884
236 632 122 150 0.013148846
174 0 45 30 0.013135056
39 105 28 36 0.013121693
29 1052 120 159 0.013119886
924 249 48 65 0.013119146
616 0 46 34 0.013113704
0 288 79 132 0.013107987
430 734 19 23 0.013061832
6 57 13 17 0.013046717
506 953 17 22 0.013028191
596 406 132 184 0.012984648
322 369 179 227 0.012974522
145 640 18 23 0.012971952
316 14 198 230 0.01297025
867 527 122 152 0.012966294
108 55 15 21 0.012945935
680 1002 76 93 0.012938217
963 475 61 147 0.01293797
625 645 174 216 0.0129320305
613 107 215 265 0.012916516
357 404 114 149 0.012908928
827 866 11 12 0.012905785
782 566 96 115 0.012892588
142 722 91 100 0.012890338
962 278 62 118 0.012889502
817 491 66 85 0.012886136
604 600 73 81 0.0128818685
561 0 46 43 0.012857841
754 756 125 188 0.012854812
750 490 90 101 0.0128325485
167 635 12 15 0.012830829
833 92 126 172 0.012830266
78 415 88 108 0.012830176
28 85 40 62 0.012820188
0 166 16 31 0.01281542
68 107 10 13 0.01281457
614 831 23 24 0.012779913
975 296 35 50 0.012772668
252 377 16 24 0.012770856
873 0 110 92 0.012766241
714 521 70 95 0.012753031
697 439 27 37 0.01275012
10 581 148 227 0.012739548
23 134 12 16 0.012711498
662 455 20 28 0.012699865
753 367 106 135 0.012698062
340 0 98 74 0.01267445
48 606 35 45 0.012668857
390 1177 373 356 0.012658455
716 493 57 75 0.012654633
9 473 89 106 0.012651231
30 419 108 132 0.012648144
672 137 135 186 0.01262098
287 35 145 169 0.012611367
761 474 68 77 0.01259892
0 226 189 493 0.012577809
422 1459 118 74 0.012576192
724 229 205 243 0.012569273
176 147 113 144 0.0125671625
967 396 57 177 0.012560836
680 268 123 168 0.012553642
109 123 33 55 0.012547696
236 603 31 37 0.012545096
232 410 31 46 0.012536499
0 0 21 30 0.0125268875
935 438 89 261 0.012517365
34 139 98 135 0.012514346
769 471 24 36 0.012512399
25 198 102 139 0.012505669
350 1469 128 64 0.012496238
814 409 95 120 0.012491433
777 478 40 48 0.01244453
93 412 177 231 0.012442587
929 292 95 252 0.012431081
422 716 45 63 0.01242622
115 947 48 72 0.012426195
3 90 35 56 0.012409173
505 563 37 49 0.01238613
0 88 46 103 0.012380608
189 0 48 34 0.012360126
547 1237 52 71 0.012357414
797 379 85 110 0.012354883
457 205 106 147 0.012338216
278 917 43 48 0.01232565
1002 0 22 42 0.012315894
188 517 112 140 0.012309566
596 504 153 199 0.012296901
0 1263 81 156 0.01228369
303 281 122 171 0.012275172
487 0 101 91 0.012265137
606 61 118 167 0.012251665
75 1327 63 85 0.012244342
14 41 24 29 0.012238936
262 0 44 38 0.012237654
0 335 57 97 0.012233867
472 88 95 125 0.01223226
0 117 60 103 0.012220566
655 560 52 70 0.012214006
978 283 39 48 0.012209954
418 1061 120 176 0.012185399
104 422 17 16 0.012176888
531 1165 391 368 0.012173218
723 109 226 274 0.012171413
131 776 26 29 0.012153979
632 268 116 165 0.012153915
137 631 32 43 0.012137169
248 1245 111 219 0.012130684
0 863 29 49 0.012124639
389 674 52 66 0.012123138
330 194 117 155 0.012121052
292 909 41 47 0.012118692
279 732 103 122 0.012111125
780 522 62 83 0.012111106
125 88 14 19 0.012109234
15 132 20 25 0.012097692
19 43 14 19 0.012081042
885 1088 70 90 0.012076624
168 989 62 85 0.012073977
96 81 13 17 0.01206946
485 311 115 159 0.012065673
185 48 114 140 0.012064864
149 0 186 169 0.012064643
657 167 231 269 0.012057412
30 1138 117 153 0.012044022
132 26 36 58 0.012028229
223 0 59 44 0.012020441
402 503 100 123 0.012017265
826 519 69 87 0.01201693
394 669 19 21 0.012014494
963 74 39 44 0.012009396
724 470 54 59 0.0120015945
215 6 179 202 0.011994648
947 36 77 163 0.011990947
29 255 97 130 0.011981789
661 581 56 84 0.011980917
435 1065 73 102 0.011977457
168 1117 86 110 0.011975363
955 50 60 77 0.011968005
0 1132 181 318 0.011964633
15 90 29 41 0.011960002
525 510 10 13 0.011953328
625 538 12 15 0.011947955
154 15 107 122 0.011924625
6 674 276 416 0.011923987
170 900 27 35 0.011923388
0 21 33 50 0.011922076
461 512 13 17 0.011914763
699 496 19 35 0.01190635
833 26 118 149 0.011883692
333 456 90 116 0.011880064
931 52 93 263 0.011858043
0 1114 88 151 0.01185151
358 670 61 89 0.011851368
712 445 26 34 0.011841822
19 84 17 23 0.011832567
94 46 12 20 0.011824792
319 457 70 93 0.011820536
598 1429 123 104 0.011818533
857 490 167 259 0.011811397
388 0 196 189 0.011810629
113 110 13 17 0.011804436
0 223 145 255 0.01180401
72 934 30 39 0.011803056
4 1016 112 167 0.011790428
873 478 113 143 0.011787199
914 263 32 38 0.0117852315
203 786 8 10 0.011781299
696 468 50 67 0.011777824
900 550 63 85 0.011775284
105 28 50 78 0.011773811
577 1350 129 165 0.011771768
209 80 68 83 0.011762157
300 919 44 47 0.01175705
702 431 41 47 0.011755897
661 428 27 30 0.011755197
285 0 81 62 0.011754858
172 631 21 25 0.011746098
55 0 41 46 0.011743785
770 1436 125 97 0.011742074
211 411 17 20 0.011734575
96 501 163 217 0.011726584
522 0 423 282 0.011722019
128 0 18 17 0.01171768
967 615 57 195 0.01171697
181 1454 110 79 0.011714011
57 58 66 86 0.011697979
226 772 100 124 0.0116978185
681 1364 195 169 0.011696317
915 640 109 299 0.011691602
197 163 354 470 0.01169066
23 645 15 21 0.011685091
501 481 58 73 0.011660868
364 657 59 65 0.011660826
0 541 29 55 0.0116593
977 24 47 100 0.011655993
602 5 31 35 0.01165488
808 152 115 172 0.011649298
798 650 61 77 0.011646714
587 659 85 100 0.01163564
488 772 21 25 0.011631008
816 740 98 140 0.011630056
141 673 62 74 0.011625428
706 790 115 144 0.011622962
150 736 41 42 0.011622634
840 1436 133 97 0.011616794
0 623 58 114 0.011615926
500 505 11 12 0.01161064
101 1339 66 87 0.011610578
162 80 113 143 0.011610548
253 709 104 124 0.011607391
286 176 103 134 0.011587621
115 74 35 55 0.011578344
139 24 64 84 0.01157121
645 757 65 77 0.011569597
808 248 110 148 0.011560701
216 384 11 14 0.011559491
955 1149 69 156 0.011558738
873 408 108 133 0.011552574
633 0 165 158 0.011547379
721 385 101 127 0.011546167
378 0 83 60 0.011546131
115 35 31 46 0.011544133
183 951 68 94 0.011544131
603 236 115 168 0.011542021
0 465 38 93 0.011539179
391 732 52 71 0.011538722
361 300 74 106 0.011538671
0 978 32 67 0.011536957
807 580 106 137 0.011531386
727 506 50 39 0.011527283
24 206 223 314 0.01151933
58 33 42 74 0.011517746
684 337 109 147 0.011515688
422 523 116 146 0.011499646
19 50 16 20 0.011496347
0 403 60 100 0.011495072
851 474 20 25 0.011494795
467 503 16 20 0.01148179
153 758 15 17 0.011478137
119 768 72 86 0.011470136
437 0 77 56 0.011466887
82 493 69 82 0.011463308
179 971 17 27 0.011458585
34 1483 91 50 0.011458471
701 678 155 213 0.011457318
774 482 26 36 0.011456419
452 256 115 169 0.011456069
197 979 73 80 0.011425261
70 157 49 77 0.011421014
337 242 179 247 0.011417209
806 430 68 82 0.01140401
27 36 14 20 0.0113982605
331 1326 120 162 0.011388616
309 146 108 141 0.0113864355
707 92 136 176 0.0113819
76 98 16 17 0.011381897
747 420 100 120 0.0113631515
498 723 14 17 0.011348169
795 612 69 84 0.011347018
925 848 99 170 0.011345447
981 463 43 103 0.0113431215
171 589 41 55 0.011341302
1010 0 14 28 0.011335863
81 97 11 13 0.01133062
161 675 15 17 0.011329614
840 439 106 132 0.011326482
404 0 158 105 0.011318079
0 971 83 155 0.01130719
10 148 17 27 0.011304125
541 124 408 515 0.011303681
9 399 90 120 0.011302181
950 911 74 160 0.011294859
538 313 98 134 0.011294549
114 108 28 39 0.0112889595
219 895 115 149 0.0112835895
89 730 175 232 0.011277756
388 173 112 146 0.011277568
96 86 15 21 0.011273372
48 1139 239 326 0.011263303
294 699 78 84 0.0112611335
404 510 7 9 0.011256432
414 1340 221 193 0.011252776
81 113 58 79 0.011251537
0 216 21 45 0.011250764
632 66 72 86 0.011250603
36 626 88 149 0.011248059
108 921 43 60 0.0112264035
532 507 161 212 0.011215485
745 172 124 183 0.011213013
317 0 81 58 0.011208305
575 149 120 174 0.011202981
102 397 81 101 0.011201897
724 476 300 480 0.011200013
974 406 14 17 0.011198852
0 1181 86 149 0.011197991
18 121 11 15 0.011195227
635 322 68 92 0.011188929
701 468 29 49 0.011185747
235 314 54 67 0.011184735
32 56 18 21 0.011183083
29 110 13 15 0.011178719
1005 395 19 81 0.011168156
543 962 102 135 0.011162851
3 860 115 195 0.0111625735
0 95 6 18 0.011159422
187 775 21 23 0.0111592235
864 263 51 64 0.011159105
826 461 71 85 0.011152581
816 1056 208 304 0.011150282
0 975 171 290 0.011147994
326 303 19 24 0.011143704
198 609 14 17 0.01114286
995 352 22 34 0.011140279
611 1347 193 186 0.011138908
36 24 31 41 0.011138173
0 41 24 42 0.011135378
275 104 183 242 0.011131235
578 1116 69 88 0.011130404
339 0 159 104 0.01112726
361 584 114 137 0.011126881
86 170 195 269 0.01112555
322 748 72 84 0.011124964
580 177 195 249 0.011117758
23 114 17 21 0.01111657
874 111 67 98 0.011109365
69 76 21 25 0.011101098
43 106 13 15 0.011100186
788 108 68 104 0.011098554
741 303 67 100 0.01108767
106 2 53 65 0.011083196
979 1171 45 107 0.011076976
796 522 12 16 0.011072225
153 680 23 28 0.011063434
158 758 17 19 0.011057222
482 226 113 162 0.011046396
785 713 92 155 0.011046387
527 442 24 20 0.011046359
139 608 19 21 0.011043866
65 69 17 18 0.011041373
263 792 70 81 0.011030365
1 157 66 108 0.011029793
936 901 44 57 0.011029791
506 1130 33 47 0.011026016
494 6 190 223 0.011025137
712 208 124 179 0.011019779
331 544 180 219 0.011010592
756 351 66 96 0.011007826
956 134 68 154 0.01100755
860 285 57 74 0.010997109
161 9 31 41 0.010992567
926 187 98 246 0.010991969
159 4 13 19 0.010973531
52 101 9 11 0.010959559
456 1200 68 75 0.010945246
496 1307 205 226 0.0109363245
292 332 97 131 0.010933435
732 827 103 148 0.010932863
58 130 69 90 0.010931173
300 730 74 77 0.010914032
798 547 11 16 0.010910496
400 130 372 515 0.010910083
508 92 86 113 0.010902381
798 206 226 339 0.0109017575
238 0 23 18 0.010901604
460 0 96 70 0.010901595
80 61 194 249 0.010897952
248 540 18 22 0.010894612
930 271 35 49 0.010888021
379 997 193 259 0.010886277
158 610 8 10 0.010885827
865 849 114 156 0.010885587
180 739 106 125 0.010882602
456 119 108 153 0.010871188
358 143 114 147 0.01086964
18 903 197 282 0.010867374
51 926 47 63 0.010855424
750 485 22 26 0.010852573
61 1356 62 81 0.010846009
108 1245 20 26 0.010843382
317 894 197 284 0.0108398665
159 1099 24 25 0.010839852
692 398 92 118 0.010839852
87 100 12 13 0.010835665
207 400 289 367 0.010831024
1012 390 12 63 0.01082849
973 261 33 48 0.010827962
670 0 66 47 0.0108170165
399 105 109 142 0.01081312
0 1325 70 130 0.010811673
576 280 106 144 0.01081026
949 1087 75 163 0.010808958
1022 0 2 21 0.010803519
819 871 18 28 0.010802847
613 57 63 79 0.010798761
180 460 188 225 0.010783478
133 227 106 130 0.010777638
906 375 108 137 0.010772507
649 468 41 56 0.010764881
799 468 71 82 0.01076174
285 194 58 90 0.010759226
78 530 63 88 0.01075336
943 616 34 29 0.010753018
848 816 100 137 0.010750948
25 222 16 15 0.010745328
361 639 117 142 0.010744367
904 1171 66 81 0.0107394215
0 872 6 18 0.010732846
137 590 11 14 0.010728387
869 60 69 91 0.010727991
65 451 99 118 0.010722387
81 192 25 37 0.0107212085
119 640 117 148 0.010719788
0 450 14 33 0.010719639
1020 1520 4 13 0.01071743
83 101 16 22 0.010714296
663 431 36 43 0.010712041
728 446 35 39 0.010707708
340 636 97 106 0.010706979
689 1235 100 131 0.010696092
51 892 16 19 0.010695211
248 796 100 127 0.010691622
160 607 43 55 0.010690866
752 489 31 38 0.010686983
111 490 63 81 0.010679763
807 693 10 11 0.010675818
86 773 101 123 0.010673818
34 1198 106 146 0.010672612
730 488 21 27 0.010671231
208 293 72 85 0.010669433
486 163 107 155 0.010668917
794 520 23 31 0.010662642
322 610 69 77 0.01065646
792 535 76 89 0.01065425
118 95 16 20 0.010653957
50 114 16 22 0.010640615
196 62 60 72 0.010639158
0 332 133 205 0.010637823
0 928 17 40 0.010636774
372 41 204 262 0.010636492
441 96 86 111 0.010618168
652 1435 123 98 0.010614547
121 823 204 259 0.010603574
511 1444 111 89 0.010603049
945 792 79 166 0.0105983615
115 775 40 46 0.010598242
810 696 18 19 0.010597687
747 830 277 507 0.010597138
198 614 18 21 0.010592953
360 225 113 156 0.010590587
435 490 184 225 0.010586903
1022 1523 2 10 0.010585975
202 105 112 146 0.010582288
666 306 68 101 0.010577521
27 61 13 15 0.010577269
911 1451 87 82 0.010569657
751 676 42 43 0.010567526
163 198 105 119 0.010565477
0 311 36 93 0.010564557
24 93 17 18 0.010561886
527 665 47 51 0.0105573265
34 40 16 21 0.010555688
147 610 15 21 0.010546095
96 0 43 31 0.010541001
953 1209 71 155 0.010540752
285 268 96 131 0.010538902
691 482 35 50 0.010538722
101 76 21 22 0.010537219
277 1171 69 89 0.010536224
814 297 72 95 0.010536171
510 588 177 228 0.010532385
24 768 30 37 0.010531258
0 521 23 51 0.010530639
142 282 66 79 0.010528672
252 146 103 135 0.010526345
174 637 13 16 0.010511529
838 1085 115 158 0.010511277
588 584 151 191 0.010497627
923 252 29 39 0.010489685
133 844 34 38 0.010480894
305 1291 105 171 0.010477012
149 1081 63 87 0.010476051
837 363 66 91 0.010472407
207 519 65 87 0.010471249
511 192 113 163 0.010466124
635 0 61 42 0.010465792
0 938 41 100 0.010460777
434 1326 127 155 0.0104589
712 304 68 101 0.010458824
662 438 22 31 0.010457331
718 1432 127 101 0.010454309
181 625 13 15 0.010452864
34 585 78 131 0.010450947
24 58 12 15 0.010438188
392 1397 162 136 0.010436117
973 396 40 50 0.010425046
501 507 14 17 0.0104212705
927 1235 19 23 0.010419839
215 621 16 16 0.010418709
1001 1479 23 54 0.010413905
8 1116 66 90 0.010413291
517 82 35 45 0.010412288
650 275 68 102 0.010408005
545 1246 33 45 0.010404755
81 1386 180 147 0.010398634
0 1253 60 86 0.010395687
993 280 31 80 0.010394736
62 1303 112 141 0.010392542
896 1056 123 165 0.010390725
726 277 68 97 0.010387492
394 735 18 27 0.01038741
872 353 108 133 0.010384714
784 1490 95 43 0.010383891
6 782 16 23 0.010380683
179 577 117 146 0.010379021
74 148 34 42 0.010378143
271 897 72 83 0.010377091
846 108 178 268 0.010376054
875 1197 94 120 0.010375436
565 987 111 146 0.010373892
94 947 74 114 0.010371453
358 338 69 103 0.010369533
916 1190 15 20 0.010368345
0 865 19 30 0.010364451
128 113 13 16 0.010356291
539 516 16 22 0.010351302
903 439 110 148 0.010347537
165 268 103 121 0.010344634
838 380 102 129 0.010343761
975 984 49 112 0.010343411
727 335 66 97 0.010340184
819 753 62 85 0.0103394985
905 128 67 98 0.010338596
617 1300 118 152 0.010338555
866 785 158 272 0.0103358785
39 115 12 15 0.01032534
769 489 23 35 0.010323189
896 121 116 164 0.010321156
75 147 16 22 0.01031971
5 395 18 21 0.01031546
142 645 13 15 0.0103098955
456 350 113 156 0.010309333
239 544 67 87 0.010299262
715 411 51 63 0.0102981515
727 494 34 33 0.010287266
139 1001 69 75 0.0102868015
756 108 68 103 0.010286568
123 585 51 68 0.010284961
816 108 66 103 0.010271419
209 651 58 73 0.010270879
918 1089 68 86 0.010268307
212 683 63 77 0.010266785
290 98 22 26 0.010266021
365 418 79 87 0.01026571
437 204 183 246 0.010264743
383 291 185 242 0.010261952
0 374 319 473 0.010259693
0 842 44 57 0.010253434
714 439 20 25 0.010250084
0 96 11 26 0.010247353
89 1296 61 88 0.010244513
907 514 100 130 0.010240914
149 1024 116 158 0.010235933
755 451 36 51 0.01023474
437 716 16 24 0.010233301
273 0 159 110 0.010230085
113 0 40 36 0.010229438
167 0 398 286 0.010217829
404 663 41 38 0.010217764
209 604 22 31 0.010217039
839 227 94 130 0.01021267
42 136 16 19 0.010212138
617 1373 78 88 0.010210665
891 155 66 102 0.010210056
595 1177 52 69 0.01020988
85 172 12 15 0.010204186
105 1279 59 85 0.010204178
953 992 71 162 0.0102039045
652 53 72 81 0.010201324
332 111 107 142 0.010201276
119 91 11 14 0.010199207
376 702 45 86 0.010196837
70 1422 73 60 0.010196697
427 304 113 159 0.010196181
738 1326 206 207 0.010196176
506 67 53 73 0.010193313
91 164 12 15 0.010189078
305 964 70 96 0.0101885805
661 591 43 45 0.010186881
811 695 11 11 0.010184852
56 1237 65 90 0.01018453
133 607 54 70 0.010175327
0 273 46 111 0.010174381
681 275 68 101 0.010173741
426 232 110 157 0.010173568
98 43 14 21 0.010173525
0 0 13 17 0.010172815
1000 306 24 79 0.010172786
215 0 42 36 0.01017262
358 335 120 158 0.01017165
284 634 85 99 0.010170769
330 864 17 26 0.01016937
574 24 110 137 0.010169147
635 1234 106 147 0.010167918
192 37 57 73 0.010158354
771 831 53 67 0.01015702
257 349 24 26 0.0101551665
914 311 33 39 0.010154523
464 527 61 84 0.010152169
196 767 10 10 0.010151446
224 599 88 111 0.010150201
439 714 14 16 0.010147538
120 35 53 85 0.010145085
546 0 38 39 0.010144579
5 78 30 45 0.010138913
771 318 67 100 0.010135861
992 412 32 90 0.010134694
915 288 18 23 0.010133639
910 279 31 39 0.010132455
817 836 29 53 0.010128323
59 107 18 24 0.0101217795
916 285 13 16 0.010117538
177 626 11 12 0.010114448
101 148 27 39 0.010113819
145 497 57 67 0.010112108
101 77 12 15 0.010110605
488 552 55 76 0.01010776
961 1298 39 43 0.010106014
33 895 53 71 0.0101032825
390 826 55 69 0.010100296
475 640 11 16 0.010097035
365 457 56 68 0.010096349
727 436 26 29 0.010093588
196 1490 76 43 0.010091651
490 314 67 91 0.010090819
19 96 14 14 0.010088828
186 228 102 130 0.010088697
680 1171 197 252 0.010086833
610 338 62 86 0.010086424
955 710 69 151 0.010083719
538 690 59 65 0.010082858
12 533 39 33 0.010081182
189 613 13 15 0.0100799315
653 420 114 148 0.010076468
0 895 19 45 0.010074981
117 69 18 26 0.010068629
808 667 43 48 0.010067124
289 398 85 124 0.010065394
670 1212 92 125 0.010063884
0 621 100 260 0.010059246
192 864 106 145 0.010058855
999 209 25 87 0.010057841
803 1111 115 161 0.010050247
91 424 28 38 0.010049103
123 459 115 148 0.010048159
126 74 10 15 0.010044281
844 477 19 21 0.010043307
801 82 68 99 0.010037153
134 115 109 136 0.010032705
749 1340 114 143 0.010031288
246 371 19 27 0.010028281
473 197 68 90 0.010027884
783 676 55 71 0.010021847
0 69 14 25 0.01002141
42 111 10 13 0.010016348
292 65 21 23 0.010009692
170 604 12 16 0.010004232
284 50 56 67 0.010002838
214 631 15 18 0.010002596
122 809 59 75 0.01000254
433 141 93 121 0.010001944
92 1434 75 76 0.010001929
161 635 13 15 0.010000631