2_Demonstration_Demonstration_Or_Protest_2_314
596
147 321 187 280 0.8855471
557 271 148 211 0.8839595
843 554 31 37 0.15660177
870 555 27 36 0.041152425
372 229 204 263 0.040867243
217 334 197 268 0.039057206
0 459 27 46 0.03905256
855 562 23 29 0.038559113
782 0 242 268 0.033524524
229 234 215 288 0.033431184
0 0 105 138 0.03222699
914 0 110 145 0.032016568
0 0 193 270 0.03185293
854 550 26 32 0.03132654
766 1053 258 341 0.030243834
797 554 25 29 0.029584266
341 287 267 333 0.029528467
70 259 220 304 0.029430073
0 1047 191 347 0.029404474
385 1003 373 391 0.028947897
590 361 105 125 0.028449321
742 535 76 79 0.028092766
963 1288 61 106 0.028080998
0 583 28 52 0.027742729
0 1234 111 160 0.027498584
126 1085 15 18 0.027161792
496 289 166 210 0.02714632
137 453 201 265 0.027141398
0 0 66 91 0.026321642
765 550 78 91 0.026304167
832 559 32 40 0.026145782
250 121 210 278 0.025729034
0 324 128 312 0.025500674
129 135 213 323 0.024413662
50 376 205 255 0.024313258
814 572 33 55 0.024212144
588 308 194 250 0.02386903
329 98 257 330 0.023853594
872 564 17 25 0.023837151
0 514 68 157 0.023570817
206 1035 380 359 0.023346396
537 0 363 286 0.02325838
0 127 181 470 0.02322092
711 0 55 40 0.023137948
258 0 206 151 0.023135936
893 697 131 298 0.023093626
835 540 50 63 0.023016773
880 446 20 26 0.02298729
906 296 118 274 0.022943314
192 0 337 370 0.022825478
897 578 127 293 0.022657234
0 341 187 480 0.022396216
77 0 209 156 0.02222084
797 556 33 42 0.022010671
0 208 122 306 0.02189268
0 441 81 192 0.021815054
793 564 65 83 0.02167956
561 0 191 143 0.021525118
777 738 247 500 0.021463796
53 1037 386 357 0.021445919
289 0 365 282 0.021426966
376 0 204 145 0.02141881
358 1115 266 279 0.0214061
736 368 186 250 0.02109867
129 290 144 199 0.020976953
52 0 373 282 0.020959945
960 0 64 77 0.02092852
919 421 105 263 0.020828396
900 815 124 289 0.020727785
856 570 29 36 0.02060739
329 349 176 236 0.02037703
901 32 123 287 0.020370051
902 168 122 294 0.020355053
951 392 73 195 0.020299135
0 526 99 244 0.020218736
730 474 122 146 0.020176267
735 1254 194 140 0.020127373
493 1223 219 171 0.020111954
802 0 188 153 0.020102846
718 523 117 130 0.020085083
504 372 188 250 0.020066783
703 0 45 28 0.020045662
818 283 154 200 0.019886972
0 520 146 401 0.019841751
625 446 212 267 0.019808043
804 551 31 33 0.019689504
154 0 173 125 0.019603245
384 1239 196 155 0.019578224
864 558 15 27 0.01957312
0 1055 106 280 0.019568723
0 48 140 384 0.019561516
31 0 171 131 0.019442102
513 0 168 120 0.019307695
796 492 228 474 0.01928806
198 1225 215 169 0.019048568
608 1233 214 161 0.018999407
575 185 136 215 0.018971764
682 0 191 145 0.018941326
799 537 66 75 0.01891085
939 555 85 199 0.018886715
935 680 89 210 0.01885833
867 1256 157 138 0.01884469
75 1238 212 156 0.018834157
632 0 157 114 0.018789971
591 133 193 284 0.018656962
520 1082 322 312 0.018572344
448 0 290 222 0.018554704
766 422 140 149 0.018496176
679 138 310 422 0.018490892
916 1008 108 274 0.018455865
0 813 109 280 0.018441
759 0 156 122 0.018426623
781 548 41 50 0.018401083
0 392 64 168 0.01836483
941 275 83 202 0.018215694
471 374 142 172 0.01819853
358 431 228 286 0.018188644
940 800 84 205 0.018168705
824 569 30 47 0.01814991
938 1198 86 196 0.018131567
201 433 141 179 0.018101074
844 569 26 34 0.018087806
488 878 320 446 0.01804674
941 445 8 12 0.018014776
553 47 189 274 0.017974244
739 217 192 270 0.017924597
346 0 140 99 0.017783381
0 316 83 204 0.017780114
202 291 143 208 0.017738594
469 0 138 97 0.017732546
226 0 143 100 0.017693631
689 0 81 61 0.017686259
106 0 144 101 0.017648766
0 930 103 286 0.017622571
702 1292 147 102 0.017579073
192 0 219 199 0.017568298
983 1325 41 69 0.0175328
947 69 77 205 0.017393928
769 472 70 45 0.01735037
0 25 74 179 0.01733912
0 691 191 516 0.017230567
828 511 64 81 0.017187672
746 0 40 38 0.017124003
0 702 109 276 0.017109277
799 486 106 121 0.017018817
33 1282 148 112 0.016972743
809 552 96 116 0.016951775
687 0 37 25 0.016920494
959 1099 65 194 0.016829142
0 1152 74 195 0.0168249
674 390 292 381 0.016821323
841 557 20 28 0.01672174
90 464 30 51 0.016710833
709 0 13 9 0.016667845
818 394 128 155 0.016536525
610 9 194 229 0.016450718
466 1282 146 112 0.01641847
243 298 35 25 0.016369069
764 28 127 164 0.016352339
692 55 174 238 0.016279513
809 275 215 429 0.016273078
0 624 63 179 0.01626114
949 921 75 196 0.016241554
799 564 40 55 0.016226355
0 129 84 215 0.016155325
1023 1375 1 19 0.016101537
580 1274 157 120 0.016084902
721 501 186 227 0.016081193
0 478 296 450 0.016016165
704 0 20 15 0.015999442
592 417 114 129 0.015999129
816 557 29 39 0.015831465
349 1278 148 116 0.015813245
296 502 124 164 0.015738185
0 1038 70 190 0.015709642
60 615 352 486 0.015690198
3 496 69 86 0.015678426
728 541 49 35 0.015660219
618 593 197 255 0.015637835
852 564 17 21 0.01563584
874 542 32 44 0.015628623
201 379 270 338 0.015602738
167 1289 147 105 0.015595001
0 1300 66 94 0.01555734
283 1277 152 117 0.015541969
123 1086 20 28 0.01550001
1020 1371 4 23 0.015444537
323 522 66 85 0.015435028
0 455 43 71 0.015397491
0 909 69 195 0.015363635
483 226 139 180 0.01524254
1007 1354 17 40 0.01518467
847 553 21 26 0.01516738
0 38 296 454 0.015149544
78 501 204 251 0.015125635
826 1297 128 97 0.015100618
325 367 12 15 0.015082788
531 724 302 439 0.0150740985
877 566 18 30 0.015056627
0 433 7 18 0.015056132
550 523 310 419 0.014950531
778 333 154 186 0.014922849
524 980 227 274 0.014840656
716 577 206 264 0.014753992
653 160 124 166 0.014669966
175 728 374 506 0.014646955
0 796 72 199 0.014628684
833 566 20 26 0.014623607
0 1324 40 70 0.014586015
397 368 155 191 0.014465709
855 531 55 70 0.014410558
296 360 351 444 0.0144057665
737 541 58 53 0.014393108
437 403 192 238 0.0143873915
558 477 202 249 0.0143132955
815 564 21 26 0.0142963305
0 585 16 37 0.014295407
670 5 15 19 0.014292978
784 471 84 79 0.014229107
0 206 66 176 0.014208495
449 150 66 42 0.014187538
278 67 188 220 0.014118062
657 97 129 163 0.014104581
367 934 226 278 0.014034405
824 298 94 127 0.014030506
855 933 169 295 0.014010088
92 410 78 122 0.013971952
355 445 123 164 0.013951044
0 273 65 177 0.013937896
61 330 155 198 0.013871681
0 437 4 12 0.013800293
802 96 206 289 0.013733468
436 409 56 85 0.013726527
1022 0 2 21 0.013724238
0 0 42 60 0.013707089
839 561 103 127 0.013704126
199 832 207 280 0.013695581
678 180 183 251 0.013685803
594 699 210 285 0.013679232
286 436 131 177 0.0136314435
693 0 41 44 0.013630222
642 335 112 148 0.01360986
437 977 230 286 0.013599318
29 457 194 240 0.01359323
409 277 133 166 0.013567607
269 529 186 238 0.01355743
247 934 216 293 0.013556667
492 537 202 252 0.013547667
427 1274 114 120 0.01351013
772 534 41 52 0.013457162
744 879 195 283 0.013425554
354 282 138 177 0.013408893
838 574 24 34 0.01340574
996 1024 14 21 0.013399092
291 278 135 179 0.013382525
853 571 21 24 0.01332475
835 565 50 65 0.013287964
367 829 210 266 0.013286086
484 462 21 41 0.013283583
325 20 187 207 0.013270862
66 0 107 80 0.013267019
213 57 184 221 0.013224451
320 912 12 16 0.013213094
775 568 98 129 0.013201359
675 755 184 262 0.013192011
371 369 115 135 0.013174952
498 185 242 340 0.01306508
429 54 201 251 0.013062734
663 458 135 157 0.013051896
77 1059 195 271 0.013047843
0 806 317 523 0.013047298
1003 0 21 43 0.013032098
737 991 195 270 0.013009759
942 1276 16 19 0.01298822
795 1199 180 195 0.012978868
713 153 119 162 0.012974554
787 71 75 110 0.012972417
0 580 60 141 0.012968623
739 105 188 264 0.012898035
449 781 55 62 0.012875991
305 0 107 80 0.012875448
760 502 84 91 0.01287453
318 1183 206 211 0.012864478
139 584 198 246 0.012853704
830 582 18 31 0.0128435735
155 488 141 141 0.0128395865
302 879 221 283 0.012823822
409 685 49 73 0.012799808
790 541 39 37 0.012797616
405 441 135 163 0.012775795
689 618 142 183 0.0127713615
84 823 197 275 0.012742947
817 465 83 100 0.012740801
733 764 197 280 0.012723485
190 478 356 444 0.012694883
659 0 25 20 0.012693565
0 549 38 91 0.012675342
724 0 72 53 0.012674669
24 668 131 171 0.012668989
347 1324 78 70 0.012643192
0 492 38 84 0.0126406
830 547 30 35 0.012637783
552 1150 192 230 0.012623298
215 531 159 203 0.012611745
659 619 322 470 0.012610605
414 718 39 40 0.012601069
0 471 57 83 0.012587431
707 0 29 19 0.012575908
872 567 112 137 0.012572715
349 510 126 161 0.012538469
78 44 184 230 0.012532849
633 0 102 77 0.012488189
818 555 20 25 0.012485418
592 628 148 183 0.012456725
30 949 172 268 0.012456246
355 556 241 303 0.012436702
100 435 127 155 0.012434637
242 1286 121 108 0.012413775
413 1198 127 154 0.012396209
308 607 357 477 0.01238177
779 469 195 231 0.012376246
317 595 186 238 0.012375936
670 1141 205 253 0.012364754
870 576 20 29 0.012341248
789 1322 86 72 0.012340652
184 0 110 83 0.012328605
133 459 90 78 0.012313342
300 1055 211 276 0.012291275
465 398 277 360 0.012277374
860 554 14 26 0.012257397
452 556 164 204 0.01224895
686 946 183 255 0.012201941
842 494 80 101 0.012200866
703 158 27 35 0.012200832
130 1084 11 12 0.012182791
669 524 128 140 0.012131432
482 657 280 366 0.01212538
221 226 139 198 0.012113113
417 383 94 114 0.012108531
152 933 205 285 0.012067346
871 549 20 26 0.012057752
137 1116 219 278 0.012050965
26 96 133 174 0.012037269
869 563 10 18 0.012033616
394 33 151 169 0.012019878
508 1068 195 246 0.012017559
140 778 200 268 0.011996229
378 721 190 241 0.0119888345
844 616 111 145 0.011987926
464 365 23 40 0.011976365
787 557 25 27 0.011970289
707 724 118 164 0.011947392
0 764 14 31 0.011917814
635 264 119 152 0.011909059
380 1326 75 68 0.011882729
256 768 206 269 0.011877206
382 88 165 192 0.011873318
615 1322 80 72 0.0118505405
401 926 149 187 0.011836701
662 0 15 10 0.0118087055
260 478 109 143 0.0117786955
248 1109 217 281 0.011771728
641 419 74 91 0.011760692
583 405 91 98 0.011760637
891 549 43 49 0.011750984
711 0 20 12 0.011742953
740 702 113 149 0.011737093
466 22 144 164 0.011721243
604 1247 30 37 0.011701969
876 543 21 25 0.011686811
72 649 201 262 0.011684702
0 422 7 21 0.011683004
445 1123 115 161 0.0116426805
409 569 138 169 0.01164217
703 459 124 113 0.011639048
421 1021 121 154 0.011617023
24 600 131 169 0.011610295
370 750 51 66 0.011609611
880 561 29 32 0.011607791
287 1319 84 75 0.011586899
530 85 136 174 0.011553663
652 188 16 19 0.011551257
199 707 204 265 0.011535827
522 513 140 168 0.011529449
0 360 64 114 0.0115225585
58 1056 116 170 0.011512477
415 1323 74 71 0.011492067
99 430 53 80 0.0114787975
0 438 23 50 0.011477114
0 701 63 148 0.011477061
121 1284 119 110 0.011471143
1011 0 13 28 0.011448316
696 0 15 10 0.011426452
959 498 65 142 0.011425309
947 1026 77 172 0.01141617
23 866 127 183 0.011413172
734 1324 86 70 0.011386376
715 0 108 85 0.01137881
720 547 72 81 0.0113702975
177 869 132 180 0.0113653345
802 559 13 18 0.01135669
808 527 48 57 0.011351895
268 652 189 244 0.011343575
406 505 137 168 0.011341722
391 843 101 132 0.011322326
508 917 194 235 0.011313541
0 424 11 27 0.011293687
344 412 101 128 0.011280793
296 628 132 166 0.011263097
670 0 14 10 0.01121241
56 642 131 160 0.011210306
85 700 128 155 0.011207914
358 219 116 143 0.011194628
462 1314 86 80 0.011191188
0 998 59 151 0.011177881
754 0 102 71 0.0111499205
0 568 23 48 0.011142124
0 53 15 31 0.011127104
160 281 110 127 0.011125187
883 434 26 36 0.01110331
947 195 77 168 0.011098478
745 471 78 63 0.011080038
0 0 25 39 0.011063799
749 962 114 161 0.011055413
426 0 106 79 0.011053609
74 120 123 158 0.011040558
176 789 132 170 0.011030387
79 1312 81 82 0.011028213
238 1061 26 43 0.011024213
841 523 40 51 0.011014301
648 92 20 23 0.011011194
0 947 48 122 0.011005945
628 677 132 177 0.011000515
770 195 66 82 0.010996519
570 464 110 126 0.010988596
9 505 114 118 0.010979084
630 469 107 122 0.01097091
909 1300 96 94 0.010970742
538 1290 121 104 0.010965252
595 885 213 277 0.010960013
527 268 117 152 0.010958752
468 1209 127 162 0.010954919
897 540 31 35 0.010952424
223 1068 179 242 0.0109445155
737 1203 131 159 0.010941851
663 1296 113 98 0.010924746
713 1042 125 165 0.010922957
164 73 147 181 0.010901101
816 647 109 140 0.010898215
822 592 31 49 0.010890017
367 638 102 126 0.010874734
526 629 143 175 0.010868135
829 586 31 42 0.01086621
696 1087 161 211 0.0108659975
0 0 13 17 0.010861884
90 477 18 36 0.010860103
41 1313 89 81 0.010846469
227 1322 83 72 0.010828033
0 604 36 94 0.010827937
852 544 21 26 0.010804081
743 188 65 86 0.010799671
534 1166 67 86 0.01079722
421 876 112 147 0.010755429
809 838 182 248 0.010739048
814 725 182 239 0.010737305
0 33 38 103 0.010734541
719 0 33 20 0.0107193645
389 1058 122 154 0.0107054105
694 799 115 137 0.010693965
742 766 102 146 0.010692838
449 915 112 141 0.010684317
851 1323 78 71 0.010660385
475 527 127 154 0.010652628
813 0 98 77 0.010649057
0 1116 61 157 0.0106462715
464 96 131 163 0.010645568
816 607 176 225 0.010638368
812 241 108 148 0.010632175
995 5 29 102 0.010614887
335 119 173 206 0.010610174
219 0 15 10 0.010591278
538 334 113 139 0.010583345
114 230 145 185 0.01058167
0 454 16 38 0.010561646
257 1023 59 89 0.010550907
228 872 129 177 0.010544727
918 1137 90 175 0.01054451
27 749 126 172 0.010527442
792 0 46 29 0.010524215
288 1194 132 170 0.010516695
848 579 31 37 0.010515739
147 760 129 163 0.010514029
842 0 29 19 0.01050473
862 580 19 25 0.0104926145
13 539 126 149 0.010491832
686 0 14 9 0.010488547
974 95 50 119 0.010484441
321 366 18 26 0.01048263
411 762 127 158 0.010480407
632 347 72 122 0.0104781715
755 622 139 174 0.010470793
859 542 24 30 0.010468851
746 845 97 141 0.010466692
335 737 155 196 0.0104662
540 0 109 78 0.010461177
850 458 76 104 0.010460074
909 538 99 128 0.010456902
0 764 58 142 0.010444049
812 54 80 114 0.010432003
471 942 119 149 0.010425471
0 247 36 96 0.010421485
0 104 61 156 0.010416123
345 695 128 162 0.010412066
378 340 91 118 0.01040688
197 1072 15 21 0.010404019
903 618 107 143 0.0104034245
430 819 21 26 0.010402665
297 0 15 11 0.010401529
617 557 133 157 0.010393804
0 1074 48 118 0.0103899995
230 979 151 200 0.010386845
118 728 124 157 0.01038628
0 927 19 56 0.010381841
210 536 114 128 0.010375789
296 215 135 168 0.0103667
970 575 54 113 0.010354638
338 705 39 52 0.010351464
446 651 191 248 0.010349137
680 304 187 239 0.010343011
814 704 110 150 0.010341091
343 862 146 184 0.0103351
729 8 31 42 0.010325973
438 768 196 252 0.010314108
280 866 152 190 0.010266195
764 1106 135 178 0.010262275
876 385 15 17 0.010258219
494 1318 83 76 0.010251098
189 0 15 11 0.010241258
835 312 31 43 0.010236979
795 0 17 9 0.010230898
470 162 125 163 0.0102307275
871 0 30 19 0.01022975
694 0 21 17 0.010229614
114 816 131 174 0.010228745
0 52 24 51 0.01022782
433 487 72 78 0.010225836
494 340 107 135 0.010220951
105 0 88 64 0.010220755
500 253 44 45 0.010220641
678 0 14 9 0.010210286
870 449 27 31 0.01020883
975 1165 49 116 0.0102032125
253 1101 28 41 0.010193419
96 973 157 217 0.010191962
0 415 7 19 0.010186846
794 0 84 59 0.010182694
0 897 26 56 0.010177107
91 1148 118 162 0.010175351
320 683 73 90 0.010169776
1020 1 4 52 0.010167878
43 0 91 66 0.010160898
337 197 172 216 0.010156726
180 736 123 149 0.010149095
972 391 52 117 0.010135327
955 649 69 143 0.01013384
816 574 24 34 0.010129855
0 397 36 96 0.010122493
551 223 104 134 0.01011967
572 738 59 84 0.010111525
918 479 85 116 0.010109227
396 1119 117 145 0.010105112
875 517 44 61 0.010102393
755 1093 99 126 0.010091936
862 572 18 24 0.01008533
765 339 20 26 0.010084216
206 281 115 130 0.010078782
294 745 137 170 0.010073839
0 1098 28 70 0.0100730695
726 572 105 127 0.010069137
971 25 53 125 0.010066305
115 1096 62 76 0.010059542
629 285 76 115 0.010049712
831 200 23 35 0.010042412
376 413 16 23 0.0100415675
174 9 68 91 0.010034878
534 695 134 168 0.010033324
748 897 115 166 0.010026098
715 496 82 90 0.010023527
790 576 38 53 0.010019893
810 543 26 27 0.010016634
353 243 77 93 0.01001603
737 835 75 85 0.010015625
333 1036 154 195 0.010011562
971 455 53 116 0.010011368
167 1319 84 75 0.010011099
471 0 17 10 0.010002417