2_Demonstration_Demonstrators_2_595
1002
271 144 192 207 0.8210052
662 94 82 82 0.716806
1 468 89 125 0.14037547
678 4 11 13 0.11685137
1 485 63 66 0.08593397
111 97 46 62 0.08312468
614 108 13 17 0.077397905
670 2 20 23 0.075279884
0 413 33 59 0.06227643
461 386 224 276 0.05997949
694 0 69 53 0.059967678
673 5 12 14 0.05934528
647 103 13 17 0.05671761
659 18 93 110 0.055464085
665 5 18 20 0.054360855
407 0 132 115 0.052442193
0 496 40 47 0.052405484
43 489 70 94 0.05208887
17 544 36 43 0.051497906
610 112 19 26 0.05053268
22 542 59 60 0.050190743
612 105 13 15 0.046843126
596 17 12 16 0.046822496
386 95 40 36 0.046352472
859 546 46 65 0.045236394
669 8 12 14 0.0452173
15 508 32 37 0.045135837
4 504 43 67 0.044653013
681 1 13 15 0.04351578
21 503 83 113 0.0431607
92 99 47 68 0.042947743
286 38 178 220 0.042837437
639 53 89 108 0.042518783
680 7 11 14 0.042463597
75 517 40 53 0.042277027
23 477 63 70 0.042153783
650 113 84 98 0.04182034
448 691 19 19 0.041729495
719 0 41 35 0.041339256
619 111 10 12 0.040608086
0 436 56 100 0.040215366
617 114 10 16 0.040125806
355 3 184 231 0.03925152
0 503 22 48 0.039099563
644 97 13 18 0.038489506
8 417 29 36 0.037006285
730 0 25 25 0.03672557
543 350 17 15 0.036673214
7 408 125 164 0.036158096
665 0 33 34 0.035490807
963 231 30 35 0.03504779
863 495 13 16 0.034470674
5 368 92 145 0.03430836
0 419 25 35 0.034010954
681 68 72 88 0.033695046
938 521 16 17 0.033680502
74 528 28 35 0.033312473
365 97 48 37 0.033251986
675 1 9 13 0.032747727
65 113 42 57 0.032393266
253 207 183 212 0.03235728
644 94 10 12 0.031790838
457 126 24 39 0.03153623
424 411 165 247 0.03134312
0 404 51 95 0.031091848
483 341 169 211 0.030478029
664 38 125 151 0.030353144
617 104 13 15 0.03032665
982 349 19 23 0.030147936
232 603 17 18 0.029882208
801 549 223 259 0.029767588
0 369 41 84 0.029730204
668 0 79 68 0.029363852
0 0 157 203 0.028952135
862 512 44 62 0.028831638
913 720 111 88 0.028774556
0 0 62 73 0.028394634
25 498 39 47 0.028234467
646 94 20 25 0.028219808
266 158 107 170 0.027760988
642 106 66 69 0.027280338
588 1 70 60 0.027209066
893 270 16 19 0.027167656
64 535 43 59 0.027162535
61 470 56 77 0.02712584
0 522 61 94 0.0270435
0 360 33 60 0.02669921
409 476 35 38 0.02660505
676 7 17 23 0.026471352
982 300 27 37 0.026371649
315 7 117 111 0.026230803
893 187 54 73 0.026190925
226 603 24 28 0.026187932
331 98 182 223 0.026061201
790 0 234 208 0.025902737
670 11 15 18 0.025734337
989 101 35 92 0.02571542
294 716 35 37 0.025677335
666 9 11 11 0.025668459
861 649 163 159 0.025660193
367 96 22 25 0.02560907
0 434 28 67 0.02544651
618 121 8 11 0.025429346
398 83 36 44 0.025349274
795 672 51 50 0.025199074
55 514 68 100 0.025153458
674 0 48 43 0.024646409
604 111 30 40 0.024591507
0 432 13 30 0.024317982
0 519 8 22 0.023954773
375 193 107 149 0.02391735
350 666 78 58 0.02383682
610 104 10 12 0.023747455
365 13 132 139 0.023736386
463 0 117 116 0.023695722
360 139 109 157 0.023689207
660 0 21 18 0.023464104
2 483 134 179 0.02345845
549 352 10 10 0.023448927
323 652 23 28 0.023239315
385 0 100 82 0.023046318
944 519 16 17 0.022924513
21 551 23 26 0.022886954
0 335 54 92 0.022768948
646 0 29 26 0.02273359
370 99 15 15 0.022624645
24 511 21 25 0.022613563
972 306 52 93 0.022470262
613 115 10 13 0.022403425
0 532 157 276 0.022339525
723 0 63 60 0.02233362
478 468 331 340 0.022267744
620 5 97 115 0.022217937
606 102 21 25 0.022198414
678 2 21 24 0.021740578
40 458 56 74 0.021642871
610 109 10 12 0.021524174
860 486 21 25 0.021332258
269 223 50 103 0.021255024
276 2 111 102 0.021227652
672 0 145 114 0.02117812
179 141 167 201 0.021157313
640 102 19 28 0.021111561
630 98 11 14 0.021080397
26 151 34 39 0.02104767
704 749 16 22 0.021041773
421 0 282 191 0.021003544
323 701 31 30 0.020978944
38 369 106 133 0.020840677
38 558 36 45 0.020797001
430 0 83 73 0.020760782
210 514 178 220 0.020741107
646 0 13 9 0.020715447
907 0 117 124 0.020693965
0 436 7 20 0.020669904
658 7 20 22 0.020654617
662 138 84 107 0.02065097
645 106 11 12 0.020634763
877 168 21 26 0.020632746
112 100 73 92 0.020610496
10 430 15 22 0.020575508
339 118 22 23 0.0205578
142 535 280 273 0.020541783
0 5 95 149 0.020432848
689 106 91 96 0.0204325
192 418 26 22 0.020209247
0 389 27 56 0.020176975
80 594 134 168 0.02014995
0 517 30 52 0.020130951
445 455 98 187 0.020105917
18 521 28 40 0.020097267
0 469 37 59 0.020093637
612 118 13 16 0.019977245
502 330 127 134 0.019952955
589 0 12 14 0.01993345
35 474 40 52 0.019878557
650 108 9 13 0.019854227
933 508 25 30 0.019832097
369 102 28 27 0.019793162
680 0 8 10 0.019779742
103 160 184 230 0.019761713
59 104 39 49 0.01968125
393 0 64 56 0.01953462
942 523 10 11 0.019469377
131 143 22 34 0.019409621
112 121 36 56 0.019376947
368 81 59 64 0.019133434
71 20 133 146 0.01909625
593 518 325 290 0.019090692
80 537 30 39 0.019052487
269 65 14 19 0.019041955
465 131 16 26 0.019027896
368 0 62 58 0.018986791
78 541 19 25 0.018982138
787 308 95 126 0.018956203
223 96 14 20 0.018951051
0 517 14 41 0.018941497
0 578 101 164 0.018927662
57 545 14 16 0.01886925
623 109 8 11 0.018855145
663 89 149 165 0.018847154
944 652 80 118 0.018810116
967 73 57 115 0.01878263
970 762 54 46 0.018739806
856 496 42 61 0.018584084
26 554 36 37 0.018579347
399 121 113 153 0.018546402
74 497 28 38 0.01850558
350 607 16 18 0.01848134
74 485 58 82 0.018402435
321 232 131 134 0.018395793
220 602 35 47 0.018318497
674 116 49 48 0.018309737
613 0 290 196 0.018288199
689 0 35 28 0.01823423
64 381 118 148 0.018221159
814 1 110 112 0.018164381
355 75 52 55 0.018107243
629 100 22 26 0.018102797
947 564 56 60 0.018083325
652 0 41 49 0.018001305
617 104 22 29 0.017913267
110 0 158 120 0.017890634
102 129 30 47 0.01787743
0 508 12 32 0.017788855
356 103 58 60 0.017720051
672 83 53 64 0.017684974
49 550 36 46 0.017626964
600 16 11 13 0.017578635
985 543 12 13 0.01756105
234 237 130 145 0.017543416
609 0 85 73 0.017523423
409 66 109 145 0.017520627
40 0 294 205 0.017494593
1003 137 21 57 0.017463977
285 688 67 52 0.017449688
325 109 111 145 0.017438687
428 0 39 29 0.017373998
41 418 146 187 0.01737347
959 348 19 23 0.017370822
371 465 146 212 0.017354142
947 249 77 160 0.017331641
673 12 9 13 0.01731884
319 521 310 287 0.017214017
446 133 32 40 0.017184822
169 723 125 85 0.01714031
668 14 11 14 0.017053312
233 597 15 16 0.01705173
118 55 75 93 0.01704165
644 98 26 37 0.017034695
487 482 154 185 0.017014002
8 386 54 69 0.01699621
346 115 18 18 0.016988603
68 90 55 70 0.016936276
0 433 21 39 0.016936235
617 116 16 21 0.016912244
863 494 9 12 0.016894965
379 88 30 36 0.016797863
330 0 83 76 0.016732017
867 498 12 15 0.016720943
413 0 75 50 0.016653126
622 104 10 12 0.016647166
74 541 16 18 0.016599847
669 0 14 11 0.01657125
1 543 37 55 0.016569259
668 132 58 59 0.01651159
66 298 145 189 0.016385144
12 431 21 31 0.016370153
683 4 13 15 0.01633792
92 598 216 210 0.016334701
109 108 22 33 0.016269024
244 266 289 363 0.016265612
147 0 290 245 0.016259402
612 97 134 155 0.016257852
842 463 182 254 0.016249385
663 0 14 10 0.016239718
640 95 11 15 0.016182628
1013 559 11 34 0.016161446
455 203 49 87 0.016132692
891 509 51 62 0.016122045
216 579 12 11 0.016106036
23 327 50 78 0.01610539
649 100 10 14 0.016088834
31 162 21 25 0.016072083
614 102 10 12 0.016021442
280 602 187 206 0.015997887
273 280 124 144 0.015964232
652 104 13 15 0.01589325
497 85 14 18 0.015884526
77 533 55 65 0.015864342
461 139 17 28 0.015760148
55 124 39 57 0.015717536
604 97 32 38 0.015708623
755 0 60 55 0.01570055
0 582 9 19 0.015688492
868 530 85 104 0.01568609
89 54 229 282 0.015682133
590 19 13 15 0.015664386
0 10 236 346 0.015661322
710 0 24 28 0.015589516
711 84 60 73 0.01557095
151 99 76 92 0.015558012
734 6 15 17 0.015532776
82 118 80 110 0.015509341
270 73 12 15 0.015486144
603 107 13 16 0.015456654
96 175 94 126 0.015456575
430 61 72 67 0.015451429
574 1 91 106 0.015431773
596 104 28 32 0.015419334
11 389 15 19 0.015374321
332 663 110 100 0.015369161
945 525 10 11 0.015364788
790 320 234 364 0.015350203
190 648 181 160 0.015345873
47 488 38 50 0.015329675
639 100 13 18 0.015321611
647 0 19 14 0.0153143555
43 81 67 92 0.015306974
65 489 32 39 0.015306799
223 618 25 34 0.015304724
329 706 22 15 0.01527186
249 590 11 13 0.015239603
621 114 10 15 0.015210711
78 0 87 86 0.015191014
0 561 53 77 0.015131477
476 66 170 227 0.015109581
338 124 15 17 0.0150710875
94 365 58 70 0.015067067
867 6 114 137 0.015060949
2 153 50 75 0.015055408
0 690 86 118 0.0150544
971 178 16 21 0.015029051
0 522 5 14 0.014973746
427 39 154 199 0.014969499
591 0 25 26 0.014958835
896 188 77 107 0.0149574615
6 274 88 136 0.014846223
622 107 13 16 0.014845226
214 127 36 50 0.014836987
785 351 59 77 0.0148287
17 148 49 64 0.014809251
609 111 46 57 0.01480816
290 689 40 30 0.014799708
640 103 40 51 0.014775564
950 520 9 11 0.014771407
0 398 210 345 0.014741709
695 10 62 81 0.014729535
313 45 64 82 0.014685635
659 8 26 34 0.01466674
864 492 25 31 0.014666344
328 678 185 130 0.014661337
692 139 61 73 0.014644553
55 528 41 49 0.014621037
423 204 86 129 0.014601978
0 24 58 104 0.014587438
861 391 43 47 0.014585493
306 563 96 103 0.014581005
166 0 136 97 0.014569845
864 505 29 36 0.014567518
380 691 26 26 0.014567255
559 320 302 353 0.0145110665
558 0 215 157 0.014508162
355 208 181 201 0.014506525
933 574 14 16 0.014504393
181 107 70 87 0.014487659
891 316 16 20 0.014486788
224 60 183 237 0.014480897
809 665 64 70 0.014427444
48 191 279 358 0.014425159
616 123 9 13 0.014398105
227 584 63 61 0.01439441
0 85 139 404 0.014392778
1009 56 15 20 0.014369808
997 0 27 58 0.01433349
17 422 49 54 0.014327295
369 86 87 102 0.014321048
0 569 21 33 0.01430471
411 252 108 134 0.014288371
429 130 149 198 0.014259156
611 161 103 125 0.014233463
27 559 21 25 0.014229431
29 442 52 71 0.0142215835
0 727 55 81 0.01419493
634 109 28 39 0.0141923
700 21 81 103 0.014179995
303 722 23 25 0.014174804
33 138 46 57 0.014172257
729 0 20 15 0.014157676
285 116 102 143 0.0141440965
33 496 26 34 0.014131325
401 442 48 61 0.014120776
183 209 108 140 0.014118744
531 322 204 237 0.014111637
61 119 23 30 0.014107124
785 291 59 65 0.014104701
684 0 27 21 0.014101094
69 536 24 27 0.014087077
274 470 182 229 0.014080851
0 61 54 149 0.014074595
892 205 33 48 0.014070187
725 0 150 115 0.01406086
323 636 36 45 0.014060715
219 0 129 90 0.014047653
569 713 56 66 0.014010134
335 525 176 225 0.013982442
0 424 10 25 0.0139637
144 276 101 134 0.013949322
940 525 17 20 0.013947242
402 439 90 149 0.013924223
231 573 95 92 0.013902903
456 570 223 238 0.013898907
768 677 189 131 0.0138983345
203 428 176 232 0.013881666
408 0 44 30 0.013874921
841 717 137 91 0.013863324
1012 0 12 45 0.013858797
140 290 289 361 0.013850733
333 21 59 90 0.01383619
961 338 33 41 0.013825813
457 129 18 24 0.013821902
444 0 37 23 0.013810764
904 166 60 77 0.013806318
648 94 11 15 0.013801679
236 605 10 11 0.013786199
788 84 236 392 0.013777927
656 0 17 12 0.013757806
946 520 10 11 0.013756817
88 263 109 147 0.013732854
396 310 191 259 0.013727787
12 476 43 47 0.013712359
474 445 124 167 0.013703686
243 312 169 218 0.013697164
807 676 33 29 0.013668699
60 447 48 71 0.013651892
18 557 58 74 0.013648613
778 0 63 58 0.013643259
917 164 107 227 0.013641681
627 96 11 14 0.013635928
570 76 90 117 0.01361317
418 110 286 395 0.013611781
625 100 17 22 0.013571048
572 0 14 12 0.013562895
450 41 75 85 0.013558079
595 10 20 25 0.01355344
18 558 24 32 0.013522132
41 561 54 72 0.013517821
14 0 88 87 0.013478353
735 115 125 149 0.013478077
634 0 26 23 0.013463139
43 6 94 109 0.013457228
66 133 160 217 0.013450577
0 99 96 163 0.013443663
965 177 30 37 0.013441498
647 93 8 10 0.013435087
380 106 53 68 0.013423302
662 9 48 65 0.013419539
337 579 11 12 0.013404734
679 17 13 20 0.013404245
0 431 6 14 0.01339661
10 675 179 133 0.013361076
8 431 38 46 0.013346757
692 439 100 138 0.0133430315
119 663 77 94 0.013326464
785 680 30 42 0.013324574
901 756 95 52 0.013320127
415 84 63 51 0.013314187
622 380 165 209 0.01329154
760 277 102 137 0.013289713
313 714 131 94 0.013281288
129 95 50 57 0.013271904
679 12 10 13 0.013267863
824 571 15 20 0.013259988
231 129 18 19 0.013248898
394 0 39 32 0.013244498
69 565 15 20 0.013235305
17 550 17 20 0.01322086
432 685 179 123 0.01321219
651 79 51 66 0.013203693
771 361 48 71 0.013198513
193 483 103 133 0.013191831
856 480 67 93 0.013181156
677 690 166 118 0.0131659405
863 567 50 61 0.013158301
79 505 30 44 0.013142862
394 88 25 33 0.013133676
17 67 158 220 0.013131
1003 786 21 22 0.013111216
262 88 29 35 0.013100681
159 230 160 190 0.013089634
581 0 13 14 0.013086308
903 14 121 223 0.01308589
229 99 9 13 0.013074551
55 126 76 99 0.01306067
691 394 299 357 0.013049601
748 674 65 70 0.013022326
604 99 72 85 0.0130115105
427 132 50 58 0.013011265
333 100 63 54 0.012997942
598 14 8 12 0.012997775
33 571 32 41 0.012987387
73 474 36 54 0.01298528
405 169 76 119 0.0129767
665 12 11 13 0.012976436
625 130 80 103 0.012965285
562 1 59 60 0.012948441
76 220 96 120 0.012942838
834 603 135 159 0.012931815
53 549 16 20 0.012904489
10 283 162 240 0.012899062
632 95 12 15 0.012880552
335 185 109 132 0.012873658
911 508 47 61 0.012863756
228 502 117 147 0.01285523
113 115 16 20 0.012841655
685 0 12 13 0.012835412
15 516 21 23 0.012798717
666 19 21 28 0.012790425
720 14 37 48 0.012764336
32 346 58 71 0.012744627
1012 568 12 50 0.012741257
843 59 181 249 0.012738286
397 102 37 37 0.01271436
372 84 27 34 0.0127078295
0 530 6 16 0.01267584
736 0 41 39 0.012671921
81 487 88 110 0.012671037
173 61 75 103 0.0126664825
19 185 157 217 0.012654891
0 0 40 48 0.012654175
882 177 17 20 0.012652185
733 10 21 26 0.012640664
801 0 88 63 0.012635882
31 379 28 36 0.012628056
972 289 42 52 0.012592953
694 0 23 16 0.01259206
888 269 23 32 0.012586035
125 346 108 134 0.012584089
952 664 62 64 0.012571972
237 417 277 344 0.012571624
537 367 111 131 0.012543339
934 514 16 19 0.012537245
861 570 34 40 0.012527704
805 639 123 131 0.012523117
1018 0 6 18 0.01252267
613 0 19 15 0.01251459
104 90 31 48 0.012510253
566 126 96 125 0.012504006
901 549 95 124 0.012500741
286 623 33 33 0.012485483
379 67 77 76 0.012471503
952 668 15 18 0.012458439
80 458 61 81 0.012442167
321 387 100 116 0.012437565
211 543 95 99 0.012424662
897 61 93 128 0.012410794
715 3 14 21 0.012405392
117 217 103 131 0.012402356
548 349 10 10 0.012377769
218 586 41 44 0.012374705
764 460 170 208 0.012364492
635 60 56 75 0.012363689
472 161 186 249 0.012356013
929 226 31 39 0.01235421
365 666 50 37 0.012308943
612 96 19 23 0.012294403
663 15 15 19 0.012287024
368 724 17 15 0.012282547
92 524 53 55 0.012279243
101 354 155 194 0.012279236
308 87 101 117 0.012266435
864 491 9 11 0.012260436
0 609 45 76 0.012237087
500 725 123 83 0.012208913
338 55 83 91 0.012207668
264 589 12 12 0.012177874
43 588 116 150 0.012160712
159 170 16 19 0.012160604
325 660 14 16 0.012135724
679 10 22 31 0.012128507
632 460 164 215 0.012113855
241 402 17 15 0.0121122785
874 320 41 56 0.012104491
333 116 33 36 0.012102105
763 7 62 78 0.012101207
630 0 18 16 0.0120956395
997 62 27 43 0.01209151
49 196 99 125 0.012068656
0 542 10 24 0.012059515
232 588 120 148 0.01205194
913 296 111 227 0.012045948
0 596 30 50 0.012031063
878 207 14 18 0.012000351
78 94 129 174 0.011994741
0 293 56 91 0.011970243
794 7 58 76 0.011964103
0 546 6 17 0.011944487
860 497 10 11 0.01194182
592 0 10 9 0.011935368
601 104 12 16 0.011935147
1009 56 15 42 0.011933905
380 69 40 53 0.011933593
634 138 9 15 0.011921926
523 689 170 119 0.011916642
624 112 13 17 0.011914895
161 331 102 127 0.011911641
237 598 11 10 0.011907651
16 427 20 25 0.011897927
0 169 69 127 0.01188699
1017 568 7 28 0.011879679
933 521 14 16 0.011875448
0 338 31 56 0.011869912
873 580 95 132 0.011864167
966 323 42 60 0.01186154
466 79 47 54 0.011858318
390 431 53 49 0.01185812
727 702 59 74 0.011849266
407 721 131 87 0.011847073
881 174 13 17 0.011844674
685 10 8 11 0.011840663
49 554 15 19 0.011836498
114 435 29 28 0.011831645
352 610 10 12 0.0118276905
353 22 61 78 0.011806725
768 673 73 78 0.0117984135
475 0 72 69 0.011789521
41 538 33 40 0.011787958
519 275 61 76 0.011786602
7 413 18 29 0.011776725
0 586 5 13 0.011775229
0 681 58 87 0.011772402
410 78 37 46 0.011767188
69 548 27 34 0.011765149
584 358 14 13 0.011751759
623 0 46 37 0.011745619
584 0 37 38 0.011745163
252 594 11 13 0.011745094
693 247 88 112 0.011730369
704 131 87 100 0.011727317
114 354 60 71 0.011724186
464 48 96 108 0.011723698
917 550 60 73 0.0117134545
402 103 24 24 0.011710608
417 77 15 21 0.011705433
212 568 50 49 0.011687872
583 109 46 54 0.011687757
548 99 144 188 0.011685867
727 441 147 192 0.011685569
697 155 107 129 0.011676327
558 514 105 105 0.011671136
362 103 23 25 0.011663991
946 242 45 58 0.011663392
67 555 31 49 0.011630732
105 674 114 125 0.011628305
304 80 59 64 0.011626578
202 255 175 206 0.011624201
759 342 95 128 0.011623931
183 0 200 151 0.011610461
36 272 106 142 0.011596204
317 608 52 70 0.011591683
697 116 46 47 0.011586472
61 337 233 294 0.01158482
273 680 126 128 0.011565762
457 0 24 14 0.011562783
859 498 14 17 0.01156166
39 489 27 32 0.011552307
257 596 8 10 0.011549266
639 84 21 32 0.0115463985
5 377 24 33 0.011541553
0 574 67 113 0.011539791
1014 292 10 40 0.011527335
190 136 47 60 0.011524934
853 98 66 80 0.011520797
42 510 31 45 0.011517742
62 544 12 14 0.011515451
618 0 10 9 0.011515426
596 0 15 14 0.011513568
990 669 34 75 0.0114889005
947 768 53 40 0.011487179
856 476 33 39 0.011479161
158 139 74 102 0.01147868
287 613 20 26 0.011463
875 492 76 98 0.011451267
156 71 63 82 0.011450493
232 595 13 12 0.011448272
954 224 31 37 0.011442243
929 518 24 28 0.011438735
119 125 86 117 0.01143325
972 0 52 81 0.011432247
50 46 82 108 0.011422513
866 442 30 37 0.0114217745
444 165 85 119 0.011420869
18 338 84 110 0.011417781
849 38 88 116 0.011380471
40 556 23 27 0.011374621
389 105 25 22 0.0113602765
202 573 74 80 0.011358091
231 609 12 14 0.011348423
20 216 97 131 0.011344367
721 62 53 72 0.01134234
604 44 74 102 0.011336664
52 110 28 35 0.011326796
277 486 96 118 0.01132668
122 0 91 91 0.011318571
707 36 282 332 0.01131787
28 373 47 60 0.011308923
620 124 9 12 0.01130739
687 1 14 16 0.011299347
66 139 50 67 0.0112989945
709 0 18 17 0.011293742
962 118 62 110 0.011290051
28 518 20 25 0.011286125
47 479 36 35 0.011276302
607 105 9 12 0.011262103
328 621 99 100 0.011261254
274 64 15 18 0.011252585
852 0 86 76 0.011248676
789 727 123 81 0.01123883
298 590 58 72 0.011225433
349 106 27 27 0.011218382
67 0 66 59 0.011215439
27 389 22 24 0.01120263
829 570 14 20 0.011188495
542 353 11 9 0.011188106
492 19 120 148 0.011180377
262 85 43 54 0.01117522
45 110 40 59 0.011170937
612 95 12 14 0.011166884
222 101 10 13 0.011165279
361 363 157 252 0.011164273
727 0 14 10 0.011161407
489 194 97 121 0.011156547
0 590 6 15 0.0111534605
625 118 12 17 0.011151501
430 143 35 37 0.0111463545
572 0 29 31 0.011144438
598 0 31 24 0.011144101
521 1 77 94 0.01114208
86 561 106 142 0.011139465
151 22 80 106 0.011137744
940 517 14 14 0.0111315865
827 643 71 86 0.011129259
738 0 28 21 0.011123876
873 81 84 103 0.011117603
315 102 51 56 0.011116459
891 282 58 76 0.011115856
42 135 60 79 0.01111215
91 523 90 107 0.0111080725
0 599 6 18 0.011105147
471 135 14 21 0.011104043
115 100 32 40 0.011099309
632 102 15 18 0.011094561
571 26 226 313 0.011092956
121 171 15 17 0.011079746
189 145 17 21 0.011074884
645 80 30 41 0.011070142
552 350 9 9 0.011066932
188 781 66 27 0.011061914
858 372 163 222 0.011050268
227 627 17 22 0.011032441
36 360 35 48 0.0110270865
0 444 13 32 0.01102382
239 757 31 38 0.011016494
110 18 63 81 0.011011588
1021 0 3 12 0.011008326
686 32 11 16 0.011005846
664 523 105 150 0.01100437
246 138 86 139 0.01099512
256 592 10 11 0.010989915
668 4 9 12 0.010985928
638 0 17 11 0.010974167
628 120 38 55 0.010968876
587 0 10 10 0.010966758
169 152 49 68 0.01095547
461 128 13 14 0.010953623
719 0 25 18 0.010952856
0 445 8 22 0.010945438
689 0 18 12 0.010937376
950 671 41 47 0.010928325
676 16 10 13 0.01091604
350 89 35 36 0.010915778
0 573 30 50 0.0109143015
526 0 59 51 0.010910771
583 0 21 23 0.010909741
623 282 161 208 0.010908781
468 546 103 143 0.010899204
462 0 16 9 0.01089618
276 64 86 100 0.010888685
83 548 19 25 0.0108877085
853 489 23 28 0.010881602
378 120 84 114 0.010876066
55 145 33 49 0.010873044
49 359 64 72 0.010870464
419 403 115 179 0.0108661
934 112 90 171 0.010865571
0 578 6 16 0.010861709
866 55 53 76 0.010848238
740 726 117 82 0.010844945
398 481 47 56 0.010843018
345 124 68 82 0.010839974
940 526 11 13 0.010839285
867 149 34 45 0.010835014
892 123 102 146 0.010830184
148 315 159 198 0.010823502
283 220 114 129 0.010823379
989 344 35 67 0.010821645
636 139 12 21 0.010821047
865 502 9 13 0.010818255
869 491 14 19 0.010817792
0 643 53 86 0.0108141275
46 496 24 34 0.010814099
690 205 89 112 0.010801464
935 547 80 96 0.0107963905
205 129 55 71 0.010794353
126 112 41 61 0.010787683
0 595 12 30 0.010785818
638 727 15 19 0.010784782
700 751 21 35 0.010782363
347 0 58 41 0.010780366
0 582 15 32 0.010779155
362 292 113 139 0.010774237
195 757 80 51 0.010772762
86 538 21 24 0.010772275
173 124 14 17 0.010770021
958 198 39 54 0.010768582
0 764 29 44 0.01076493
0 567 12 29 0.010762151
185 140 28 34 0.0107606305
696 15 41 49 0.010753004
752 0 44 35 0.010750869
464 134 26 36 0.01074772
703 125 58 62 0.010734351
409 169 50 66 0.010733148
84 178 59 72 0.010720198
988 309 16 22 0.010718281
370 726 102 82 0.010715377
818 18 56 77 0.010713613
301 0 59 45 0.010706498
0 528 4 12 0.010704928
289 159 15 19 0.010693458
623 100 11 14 0.010686465
28 398 14 16 0.010662137
650 360 111 143 0.010661688
235 607 16 19 0.010651918
413 699 11 13 0.010637712
757 132 150 189 0.01063436
556 0 43 48 0.010627375
698 372 102 138 0.01062393
886 617 11 14 0.0106162885
375 665 74 44 0.010611076
474 328 108 102 0.010603101
0 220 70 130 0.010602228
863 310 65 83 0.010598104
119 324 88 113 0.0105945105
171 506 92 124 0.010593237
0 160 24 36 0.010591709
917 288 16 18 0.010591116
884 270 35 46 0.010588408
898 213 38 49 0.010582468
24 0 56 49 0.010574633
22 633 99 134 0.010569332
898 465 84 107 0.010568338
586 128 48 60 0.010566587
874 489 124 157 0.010560781
912 212 42 54 0.010554804
854 165 100 131 0.010552475
636 245 228 294 0.010536003
135 165 104 142 0.0105322255
898 234 15 22 0.01053076
267 529 51 64 0.0105302185
515 531 161 202 0.010529908
668 18 14 15 0.010528868
1019 504 5 42 0.010522721
663 11 10 11 0.010520327
24 730 102 78 0.010520059
82 537 17 19 0.010516121
146 311 57 77 0.010515109
167 387 93 111 0.010514974
108 466 161 208 0.0105078975
231 84 26 30 0.010506685
657 57 54 71 0.010505579
9 0 49 36 0.0104806125
999 157 25 73 0.0104787
692 141 32 36 0.010478684
652 212 104 136 0.01047365
664 30 18 22 0.010467631
588 108 29 35 0.010460579
949 525 10 11 0.010455117
112 135 56 78 0.010454759
439 245 161 190 0.010453808
391 108 27 32 0.010445096
578 0 11 18 0.010444642
903 673 51 70 0.01044077
912 654 36 42 0.010439155
665 462 100 147 0.010435387
12 402 37 44 0.010433819
388 78 24 29 0.010431743
16 388 34 39 0.010425186
631 174 154 208 0.010422359
903 789 48 19 0.010412867
326 114 53 59 0.010412384
938 521 11 11 0.010410115
647 139 49 62 0.010405848
0 513 6 17 0.01040542
1014 36 10 38 0.01039516
704 4 25 34 0.010392411
539 342 88 82 0.010392331
445 84 54 52 0.0103910165
1017 53 7 22 0.010389939
1005 54 15 18 0.010389422
1014 495 10 48 0.010377496
14 538 29 34 0.010374847
728 253 91 111 0.010374695
13 434 9 14 0.010371017
365 677 44 46 0.010361324
69 367 63 75 0.010357965
912 527 52 68 0.010348504
395 71 31 42 0.010345626
1016 14 8 45 0.010338691
728 110 44 56 0.0103385905
633 149 53 70 0.010337102
654 740 53 68 0.010333167
0 413 14 27 0.010319757
134 337 55 70 0.010319636
406 431 69 94 0.01031691
914 372 50 68 0.010315362
518 395 97 125 0.010314373
37 383 18 23 0.010310928
424 475 85 146 0.010309698
636 304 56 69 0.010306856
55 244 91 117 0.010300805
536 748 37 45 0.010295008
13 550 13 19 0.010293142
29 569 84 117 0.010291499
342 65 46 57 0.010287817
952 517 9 12 0.010282982
471 158 99 130 0.010281506
391 97 20 22 0.010281372
603 112 13 19 0.010278608
461 122 17 25 0.010271744
1018 302 6 28 0.010264957
58 536 15 20 0.010260119
25 113 50 68 0.010254289
843 767 61 41 0.010252622
115 61 131 166 0.01024539
197 420 16 15 0.010242787
240 600 10 11 0.010239545
909 798 35 10 0.010235097
747 84 101 126 0.010233856
0 572 5 13 0.010231177
650 729 116 79 0.010230943
946 513 14 17 0.010225631
1019 555 5 28 0.0102190375
304 431 101 128 0.010218363
0 351 11 22 0.010217509
220 101 14 21 0.010215403
630 104 10 14 0.010215254
163 249 15 16 0.010214924
1017 577 7 37 0.0102088265
923 88 90 119 0.010206873
835 389 62 66 0.010184387
187 123 97 140 0.0101806875
986 352 11 13 0.010170559
885 124 61 78 0.010165689
652 265 107 137 0.010165256
648 111 8 12 0.010157746
235 594 24 25 0.010151541
105 176 60 71 0.010146814
439 684 33 37 0.010146167
638 5 41 47 0.010142757
887 770 68 38 0.010130526
0 440 4 12 0.010116144
675 22 14 20 0.010112356
586 1 12 19 0.010111819
10 164 20 23 0.0101095205
445 111 32 35 0.010109295
601 729 117 79 0.010107861
987 354 18 23 0.010094098
785 128 103 126 0.010085068
871 433 25 25 0.010083819
376 104 9 11 0.010080864
588 95 25 35 0.010079974
0 489 16 37 0.010072538
0 0 11 13 0.010068326
270 584 67 62 0.010067122
307 726 8 9 0.010062649
0 608 7 16 0.010061382
574 736 31 38 0.01006088
171 417 51 48 0.01004628
903 108 73 100 0.010042518
354 110 17 18 0.010038215
595 23 9 13 0.010034258
1011 738 13 28 0.010029096
109 350 42 53 0.010028841
273 0 76 69 0.01002842
873 656 89 122 0.010018203
43 565 19 26 0.01001323
406 521 79 139 0.010008139
696 201 276 363 0.0100063905
140 741 110 67 0.010004662
1019 8 5 37 0.0100044515
604 120 20 23 0.010000933