44_Aerobics_Aerobics_44_120
629
480 113 90 115 0.85602146
67 243 21 27 0.07203427
930 261 28 30 0.05535223
52 227 84 164 0.051970124
121 604 18 21 0.0328042
0 0 133 185 0.032613598
841 0 183 187 0.032240905
5 217 140 257 0.030396262
798 113 49 72 0.029704614
1 656 49 38 0.029402703
719 199 288 366 0.029054265
903 254 72 128 0.028844368
943 0 81 95 0.028761579
971 638 53 56 0.028382897
911 325 113 237 0.028363096
484 168 81 95 0.028242283
0 0 68 87 0.028231863
839 454 185 240 0.02806719
0 623 73 71 0.026014935
0 474 135 220 0.025965637
0 489 32 62 0.02554609
986 162 26 29 0.024155416
929 271 26 32 0.023992402
452 47 118 168 0.02395445
920 262 49 80 0.023690952
0 0 43 58 0.02295561
58 237 47 76 0.02256372
953 156 28 28 0.022516955
50 0 140 98 0.022358414
534 628 124 66 0.021664945
72 248 14 18 0.021257054
30 0 261 187 0.021089787
984 535 40 84 0.020966953
826 0 134 95 0.020906491
134 0 136 91 0.020684266
201 633 101 61 0.020626927
1007 164 17 40 0.02042456
220 0 129 90 0.020421367
623 0 132 104 0.02033129
5 590 125 104 0.020284463
870 189 154 312 0.02027203
498 0 128 97 0.020265914
672 474 275 220 0.02024584
76 242 19 22 0.020087102
216 607 135 87 0.020075032
992 176 32 69 0.019968828
197 0 251 184 0.019874502
764 631 99 63 0.019799585
554 598 155 96 0.01966272
744 0 130 90 0.019632842
777 596 136 98 0.019569496
764 0 260 342 0.019366827
935 274 17 21 0.01934435
271 443 261 251 0.019324081
515 473 275 221 0.019299967
22 0 112 79 0.019206414
974 0 50 53 0.019185688
481 116 52 70 0.01901909
106 0 113 76 0.019011868
490 148 119 142 0.018844264
267 632 102 62 0.018748486
972 550 26 36 0.018722009
0 34 71 175 0.018687725
56 241 33 38 0.018531714
678 639 97 55 0.01841106
106 466 274 228 0.018387217
923 267 24 26 0.018386059
73 305 80 125 0.018343331
796 0 109 73 0.018341165
718 638 98 56 0.01833965
469 598 157 96 0.018152416
438 0 249 182 0.017975865
617 603 144 91 0.017974718
90 275 30 21 0.017944077
188 0 112 72 0.017826758
905 605 119 89 0.017770234
0 299 84 187 0.017769746
71 0 97 62 0.017658854
283 592 145 102 0.017617118
954 369 70 148 0.01760409
670 0 274 209 0.017493026
671 0 113 83 0.01745433
939 265 26 30 0.017412478
0 486 74 166 0.017371949
949 155 75 104 0.017306907
593 0 108 80 0.017253265
553 0 105 74 0.017243214
712 0 112 77 0.017236361
148 597 137 97 0.017223239
0 449 38 85 0.017220171
500 162 57 69 0.017169569
0 0 28 39 0.017115163
473 0 106 78 0.017042626
845 150 82 91 0.017040864
501 191 126 157 0.016813021
518 0 89 60 0.016699262
877 292 84 106 0.016602349
837 630 99 64 0.016485954
929 419 95 201 0.016472723
974 178 16 18 0.01643708
636 397 54 60 0.016365567
447 171 92 112 0.016283428
926 254 41 53 0.016283233
957 494 67 145 0.016270759
973 281 51 92 0.016260248
375 597 143 97 0.016242059
0 0 17 24 0.016183194
266 0 112 74 0.016136544
881 0 96 64 0.016079355
342 0 125 101 0.016040156
138 0 218 147 0.016004901
491 105 60 66 0.015992776
0 298 138 341 0.01597373
968 161 42 46 0.015944974
74 236 18 21 0.015694387
0 157 106 228 0.015668308
49 594 142 100 0.01564879
938 282 42 76 0.0156078
0 398 68 170 0.015562874
719 242 91 122 0.015523859
937 225 87 221 0.015475502
440 631 107 63 0.015466689
395 632 99 62 0.015456921
967 131 57 88 0.015439328
620 635 87 59 0.015323445
796 543 182 151 0.015290534
0 60 44 120 0.015261376
425 0 125 102 0.01519138
796 97 35 68 0.015094845
879 633 94 61 0.015082958
831 344 142 177 0.015003574
977 169 26 26 0.014983091
925 265 10 17 0.014947638
1009 148 15 41 0.014937422
355 631 100 63 0.014762472
949 160 21 23 0.01473057
968 541 42 61 0.014717076
0 0 9 11 0.014679516
89 267 51 99 0.014657233
390 0 103 78 0.014643244
309 0 113 78 0.014528112
994 156 30 42 0.014487642
282 248 12 11 0.014436435
650 0 73 55 0.014421962
73 0 36 28 0.014412963
379 494 214 200 0.014407688
0 0 199 281 0.014327632
627 536 197 158 0.014313422
60 236 25 28 0.014252964
0 544 50 123 0.01425073
25 281 103 135 0.014208657
929 270 14 17 0.014180264
44 329 88 115 0.014177676
982 413 42 102 0.01412241
553 310 15 14 0.014118705
854 0 69 52 0.014114592
0 516 38 93 0.014112654
480 533 185 161 0.014077169
126 0 72 54 0.014052632
0 470 46 114 0.0140418345
118 631 98 63 0.014009748
774 361 238 296 0.01400228
585 367 308 327 0.013962038
43 504 223 190 0.013955185
443 95 146 192 0.01394937
473 202 105 130 0.013948202
600 659 90 35 0.013945457
36 216 223 327 0.01391047
56 656 53 38 0.013878468
217 140 85 113 0.013876643
49 331 134 199 0.01385087
117 655 55 39 0.013822209
972 349 52 98 0.013793712
0 111 70 189 0.013752674
10 485 38 49 0.013733298
886 60 138 246 0.013713915
0 340 47 122 0.013661035
0 65 108 199 0.013614122
16 357 76 100 0.0136122145
653 7 134 159 0.013607097
964 40 60 111 0.013606831
513 148 71 85 0.013579846
550 652 88 42 0.013524192
791 0 71 52 0.013479739
1015 0 9 14 0.013471878
71 630 99 64 0.013465848
15 468 38 48 0.0134643
0 673 22 21 0.013458402
614 24 61 82 0.013428229
579 417 44 54 0.013411835
792 385 141 178 0.013370914
120 0 261 284 0.013365042
229 524 188 170 0.013356292
811 395 77 99 0.013331484
267 0 69 52 0.0132904025
874 351 83 91 0.013282089
1002 0 22 27 0.013280135
499 35 101 143 0.013253641
593 0 67 54 0.01323163
71 245 59 105 0.013225788
52 0 37 28 0.013196946
891 401 91 122 0.013130042
798 110 23 41 0.013125814
522 189 76 94 0.013083134
281 0 233 240 0.013076352
793 318 133 170 0.013074315
395 0 192 150 0.0130712055
46 0 67 50 0.013067084
841 102 87 113 0.013051148
869 60 84 112 0.013044832
690 0 74 54 0.013041162
515 116 55 70 0.013024787
170 78 138 175 0.013021352
604 418 26 38 0.013013683
849 365 90 107 0.012985501
1005 679 19 15 0.012928559
66 514 81 100 0.012914116
78 356 81 112 0.012870018
101 282 280 348 0.0128607955
626 404 81 100 0.012846799
398 114 121 156 0.012844911
824 56 134 167 0.012833282
699 65 257 354 0.012832059
662 333 31 29 0.012827155
1014 177 10 28 0.012811387
0 14 35 91 0.012800675
794 125 78 108 0.012793992
1014 158 10 36 0.012784718
585 427 27 34 0.012779053
929 0 20 12 0.012778329
976 182 48 123 0.012767412
840 406 89 116 0.012756153
0 681 14 13 0.012728693
986 338 38 66 0.012719249
517 205 51 61 0.012680586
642 665 61 29 0.012675861
828 170 85 111 0.012584522
538 83 115 155 0.012572547
549 0 124 141 0.012571126
553 226 14 17 0.01257007
716 657 56 37 0.012559893
162 154 145 188 0.012558565
697 326 27 33 0.0125546465
139 462 17 20 0.012546035
1019 155 5 23 0.012534246
174 154 92 111 0.012481279
370 0 74 52 0.012478641
0 239 39 94 0.012473059
445 203 13 15 0.012464821
254 36 90 124 0.012450045
165 0 72 54 0.012353086
597 412 41 58 0.012349571
300 9 91 113 0.012344322
910 8 89 106 0.01233199
859 0 36 27 0.012276113
1018 0 6 9 0.012261327
793 13 131 158 0.0122540435
36 534 84 102 0.012251105
796 327 65 88 0.012243413
113 0 58 43 0.012242292
690 443 132 167 0.012239728
623 328 78 100 0.012238301
191 359 273 333 0.012229764
308 0 71 51 0.01221941
935 282 27 27 0.012218744
1002 535 22 68 0.012217991
865 588 85 103 0.012214132
878 0 59 42 0.012208886
79 23 86 111 0.012203722
918 0 21 12 0.0121981455
809 624 79 70 0.0121792825
790 353 20 25 0.012143502
130 34 149 184 0.012130895
807 80 91 112 0.012126558
56 159 165 252 0.0121196145
17 26 84 110 0.01210691
800 116 130 159 0.012106062
579 666 72 28 0.0120966695
752 0 73 54 0.012093536
806 392 52 69 0.012085935
638 427 91 116 0.012072511
934 0 71 55 0.012070422
515 507 90 110 0.012042275
0 113 41 95 0.012040173
630 236 78 110 0.012013009
23 491 29 35 0.012006363
931 259 18 22 0.011992082
611 299 82 96 0.011991479
812 299 23 29 0.011990869
17 521 77 97 0.011990786
982 119 42 63 0.01199001
648 187 82 114 0.011973732
808 352 75 102 0.011947068
52 431 147 177 0.011946442
538 184 48 60 0.011945069
254 242 87 116 0.011943692
700 576 141 118 0.011904851
0 9 22 60 0.011903243
736 396 140 176 0.011897308
449 9 38 64 0.011887586
0 394 37 94 0.011881295
536 0 39 27 0.011880663
613 35 39 58 0.011876821
97 508 86 109 0.01187487
943 653 60 41 0.011856278
441 218 90 110 0.011851154
841 0 57 42 0.011848839
281 379 161 211 0.011838911
230 0 69 50 0.011835888
93 654 58 40 0.011835689
158 220 153 200 0.011822052
978 469 46 116 0.011812004
71 0 57 41 0.011797691
441 0 87 62 0.011781557
0 492 18 46 0.011771973
317 625 85 69 0.01176941
121 295 11 11 0.011763185
688 35 137 170 0.011735923
628 42 79 112 0.011725102
93 294 139 196 0.011717475
258 137 91 120 0.011717261
702 276 133 168 0.011712694
864 428 91 115 0.011712336
31 655 57 39 0.01169258
987 273 37 68 0.0116828345
920 300 51 62 0.011676536
0 563 30 78 0.011667861
908 0 21 12 0.011666869
868 318 12 15 0.0116649335
868 0 21 15 0.011654642
881 334 62 68 0.011639928
807 0 21 14 0.011633254
14 550 83 115 0.011622076
92 0 37 27 0.011621667
536 462 155 190 0.011618662
922 655 57 39 0.0116051575
1018 372 6 20 0.0115985945
135 114 138 182 0.011597606
974 563 50 96 0.0115971435
939 271 15 18 0.011597109
414 352 91 123 0.0115835825
324 547 150 147 0.011567898
438 114 74 99 0.011560158
733 203 95 127 0.011556791
298 81 88 120 0.011556004
122 490 80 101 0.011555982
19 0 39 28 0.011548696
0 240 68 167 0.011547624
1010 37 14 45 0.011533217
849 22 87 112 0.011532817
529 0 241 243 0.011518264
755 55 123 159 0.011505665
882 27 89 113 0.011492246
573 402 148 180 0.011478888
49 31 241 336 0.011469762
9 0 57 43 0.011465409
153 0 37 27 0.0114588365
0 531 24 64 0.011440712
504 0 38 27 0.011434877
544 137 68 89 0.011432969
203 118 80 108 0.011421898
828 505 86 112 0.011414525
504 436 139 178 0.011393311
75 0 21 14 0.011388428
241 103 87 119 0.011381697
949 263 19 26 0.011381496
791 534 78 103 0.011373697
727 297 66 85 0.01134751
909 0 38 28 0.011346264
547 85 25 34 0.0113317985
494 0 20 13 0.011326868
219 176 87 127 0.011323739
96 0 19 16 0.011315965
982 90 42 68 0.011314783
557 0 37 27 0.01129189
115 438 145 177 0.011274292
897 378 72 87 0.011265926
677 653 59 41 0.01126262
1020 182 4 18 0.0112475995
923 272 14 17 0.011223678
0 366 31 77 0.01120626
882 653 56 41 0.011202987
745 529 140 165 0.011199879
93 279 80 120 0.011197976
788 339 26 33 0.011196898
612 310 142 177 0.011188346
53 35 130 162 0.011188136
156 109 98 120 0.011172743
654 156 76 96 0.011171859
140 492 44 56 0.011169288
163 250 82 111 0.011145741
58 127 49 60 0.011145372
702 186 97 120 0.0111425575
995 560 29 78 0.011142496
81 418 75 103 0.011132803
248 648 66 46 0.011127666
646 286 74 90 0.011126696
780 479 140 180 0.011113586
963 153 37 37 0.01110306
682 0 19 14 0.011100353
415 652 56 42 0.011096492
224 233 84 110 0.011095255
1014 21 10 50 0.011093942
213 307 152 200 0.011079846
241 301 86 126 0.011078374
890 0 38 27 0.011064811
723 428 87 116 0.011050698
931 179 81 114 0.011041721
751 281 135 169 0.011038695
429 583 137 111 0.011034966
611 435 153 181 0.011030736
557 0 57 41 0.011017258
951 297 23 34 0.011014188
79 359 56 71 0.011012475
897 0 21 13 0.0110002635
0 249 24 67 0.0109968865
421 467 127 180 0.0109850075
649 257 240 265 0.0109834615
760 254 87 109 0.010979741
908 170 116 210 0.010963102
845 463 85 115 0.010961759
813 205 87 110 0.010960976
883 155 82 88 0.010947112
25 358 104 141 0.010945152
131 0 38 27 0.010943608
86 0 20 13 0.010943086
926 395 82 108 0.010942865
579 498 94 126 0.010939787
338 0 20 13 0.010932832
493 0 62 47 0.010927143
80 448 52 67 0.010922858
374 461 89 121 0.010922166
116 0 20 14 0.010920605
515 184 50 53 0.010915288
788 359 24 33 0.01090579
918 527 106 147 0.010901495
117 18 89 120 0.01089678
438 650 60 44 0.010880373
1011 122 13 45 0.010879792
0 295 39 97 0.010859395
694 350 141 183 0.010858292
0 154 37 92 0.010846475
676 0 61 44 0.010846294
1021 161 3 22 0.010843914
540 665 70 29 0.010843655
42 99 74 91 0.010817086
559 311 8 11 0.010809438
1020 374 4 22 0.010806373
490 161 26 34 0.010804202
951 245 71 101 0.010798448
864 528 85 116 0.010789307
897 323 85 115 0.010767158
118 342 77 93 0.010766905
632 176 76 96 0.010765424
921 0 58 42 0.010753177
687 226 91 119 0.010752991
92 69 145 195 0.010751438
166 527 151 167 0.010747539
694 112 144 182 0.01074203
154 491 85 107 0.010735908
44 631 72 63 0.010718167
557 204 29 34 0.010714676
157 0 19 13 0.010712073
680 432 91 115 0.010709624
539 487 95 116 0.010706106
528 160 297 330 0.010705641
109 103 255 336 0.010685291
577 449 94 120 0.010678643
96 265 24 26 0.01067594
1021 169 3 21 0.010668076
124 609 18 22 0.010665809
0 476 26 47 0.010664944
647 75 79 108 0.010664104
858 182 79 103 0.010661754
194 62 101 122 0.010657971
245 382 85 120 0.0106472885
59 247 17 21 0.01064331
546 563 102 125 0.010638178
376 419 127 192 0.010634206
64 457 43 57 0.010630895
669 235 138 174 0.010627279
166 0 20 14 0.010627058
221 380 151 199 0.010619776
537 347 140 181 0.010603838
420 381 122 192 0.010596136
105 82 79 112 0.01058349
805 366 45 64 0.010582404
125 218 39 48 0.010578626
293 0 58 42 0.010574381
849 226 27 27 0.010573809
461 238 128 182 0.010569424
394 43 120 166 0.010567908
817 0 21 14 0.010565531
64 551 82 104 0.010559859
993 380 31 67 0.010556132
926 294 75 118 0.010553658
95 384 85 115 0.010543425
224 21 92 115 0.010542853
1006 180 18 51 0.010542031
910 244 51 74 0.010534663
119 340 153 198 0.010532906
398 0 51 37 0.010527987
160 210 83 111 0.010524878
176 193 54 62 0.010521247
823 348 16 19 0.010505102
493 650 67 44 0.010502839
348 0 20 13 0.010497336
907 441 86 120 0.0104916915
82 106 79 102 0.010482045
943 16 48 61 0.010477883
0 91 25 62 0.010476629
200 623 40 53 0.010475148
291 650 64 44 0.010471412
113 0 37 28 0.010467708
979 173 17 19 0.010461841
867 323 15 16 0.010461741
1022 378 2 20 0.010457107
551 0 19 14 0.010453612
278 544 92 123 0.0104459915
1013 354 11 38 0.010444379
461 360 83 125 0.010443178
953 0 34 29 0.010441449
990 172 18 22 0.010440566
65 0 21 14 0.0104352785
868 425 134 172 0.010433454
709 385 80 101 0.010427939
711 19 99 116 0.010421732
200 190 149 188 0.010421026
44 500 77 94 0.0104187075
243 166 75 101 0.010418382
678 164 92 114 0.010417713
320 37 88 125 0.010417135
1009 368 15 37 0.010415179
788 179 90 114 0.010414702
519 541 96 128 0.010410803
0 682 34 12 0.010404412
601 424 95 118 0.010400113
513 640 87 54 0.010399857
738 653 56 41 0.010397992
125 0 21 14 0.010397974
412 0 59 45 0.010390095
82 198 72 129 0.010387214
81 239 14 17 0.010385259
170 626 81 68 0.010378028
779 650 56 44 0.010377308
68 216 57 90 0.010365209
721 0 21 14 0.010356015
939 0 20 13 0.010355417
0 53 12 32 0.0103535745
294 482 95 124 0.010353525
797 0 20 13 0.010349654
0 593 22 64 0.010346439
490 523 82 100 0.010340354
920 103 104 143 0.01033964
985 151 24 30 0.010330709
135 0 21 15 0.010328686
535 0 19 13 0.010327076
280 364 96 126 0.010323132
465 139 66 79 0.010313813
179 281 83 119 0.010307956
0 0 5 9 0.010303324
958 14 19 22 0.010301177
677 492 101 125 0.010299831
796 72 66 98 0.010293318
1019 171 5 24 0.010290699
0 612 33 78 0.010279077
679 317 45 55 0.010277326
586 0 18 14 0.010274532
19 452 124 148 0.010262847
205 106 146 180 0.010258058
222 341 85 125 0.010256207
146 0 20 14 0.010252238
639 323 56 65 0.010245698
636 0 40 28 0.0102422545
996 414 28 68 0.010241124
278 178 87 120 0.010231407
550 97 24 37 0.010215398
9 0 21 13 0.010213759
382 407 90 120 0.010211993
896 361 13 14 0.010205025
938 280 17 20 0.010200283
943 275 17 21 0.01019774
165 429 153 188 0.010195759
484 0 40 28 0.010193708
14 67 83 109 0.010184389
0 38 53 92 0.010180686
904 66 84 104 0.010173081
181 404 24 30 0.010171145
963 168 24 25 0.0101513015
499 200 52 63 0.010150164
262 503 88 118 0.010143049
35 655 22 38 0.010140684
0 53 6 14 0.010136911
21 127 115 194 0.010136117
141 456 78 101 0.010132685
638 504 93 119 0.010130213
74 243 14 17 0.010130204
153 654 57 40 0.010130013
702 145 91 110 0.010121953
211 175 60 76 0.010117451
124 120 78 109 0.010111868
484 0 20 13 0.010109822
954 550 42 58 0.010108421
57 284 62 97 0.010106425
446 31 88 127 0.010103518
1022 184 2 15 0.010102097
717 0 60 44 0.010098941
173 0 37 27 0.01007541
871 133 60 73 0.010075075
587 0 37 28 0.010074973
742 0 20 13 0.010067824
999 142 10 13 0.010056408
679 168 52 64 0.010055286
59 66 81 105 0.010051538
1022 266 2 18 0.010043557
773 516 76 101 0.010041036
354 0 61 43 0.010040125
10 675 35 19 0.010038375
791 347 48 61 0.010034722
930 0 35 26 0.010030932
732 0 20 13 0.0100281155
1018 381 6 18 0.01002647
832 229 136 208 0.010018821
399 178 100 130 0.010018122
105 0 21 13 0.010016291
0 591 5 12 0.010013982
157 16 91 119 0.010011252
0 3 5 12 0.010010284
198 259 89 119 0.01000656