44_Aerobics_Aerobics_44_809
3165
491 209 36 45 0.78326356
174 249 36 45 0.77692014
834 195 31 38 0.55826455
63 690 10 14 0.27912906
28 235 28 31 0.22050664
240 327 33 35 0.20583744
26 332 31 34 0.18214214
140 694 8 10 0.14801942
827 161 16 17 0.14260417
491 270 28 38 0.1373416
801 213 28 33 0.12921493
860 216 54 47 0.12562987
846 227 22 26 0.12078511
161 692 11 13 0.11114691
0 186 33 56 0.10396074
839 196 44 47 0.09175052
808 191 121 99 0.088491835
137 696 8 9 0.08818369
870 203 37 44 0.08698727
60 686 16 20 0.086576045
516 685 8 10 0.08518947
22 336 40 50 0.083393775
28 436 33 33 0.0833092
168 350 28 30 0.07669021
854 229 15 20 0.07513291
839 211 27 33 0.074563175
859 259 13 16 0.07294137
819 205 44 47 0.07289608
575 705 16 16 0.072604835
672 599 19 25 0.07123558
142 693 8 10 0.070376374
465 714 12 11 0.07020867
489 204 70 88 0.06845521
488 683 7 10 0.06812363
522 682 8 9 0.06680296
135 692 12 14 0.06607854
460 219 17 21 0.06585681
220 324 20 23 0.065651774
14 213 36 49 0.06553578
20 225 42 54 0.06428941
940 618 9 11 0.06304959
90 714 9 11 0.06288725
856 187 74 76 0.062624305
789 519 8 10 0.06250572
378 319 27 38 0.062474027
67 692 9 11 0.061143156
536 227 25 37 0.06070483
569 704 7 9 0.059882227
869 297 30 63 0.05962781
195 320 29 32 0.057546057
174 722 12 14 0.057068247
852 221 29 34 0.056972984
829 165 9 10 0.056384273
809 193 38 46 0.0556743
519 681 9 11 0.055587668
830 228 30 29 0.054846004
573 227 13 16 0.054746214
842 192 17 14 0.054463863
791 518 10 11 0.05442179
537 319 27 31 0.05438883
511 684 11 12 0.054321963
61 692 9 11 0.05407672
849 215 23 32 0.052908495
66 687 9 13 0.051678155
231 322 32 34 0.05052295
872 234 38 30 0.049828064
859 219 71 76 0.04963146
165 694 11 12 0.049152166
824 257 20 26 0.048869222
461 216 14 15 0.048826348
862 198 28 40 0.048270293
155 691 11 13 0.04820143
169 693 10 12 0.04818365
859 215 33 33 0.04805052
176 266 40 52 0.047854293
145 693 9 10 0.047530003
513 682 14 16 0.047179084
819 225 26 32 0.047106612
478 715 12 13 0.047092296
841 190 23 26 0.046998214
62 695 8 11 0.046829887
176 342 30 32 0.04677011
974 349 12 14 0.046739098
159 695 9 12 0.046728726
66 695 8 11 0.046344522
849 185 53 56 0.04626894
811 215 28 33 0.04611015
203 713 8 9 0.046107545
533 251 30 39 0.045965385
838 218 37 45 0.0459633
542 225 18 21 0.045560554
590 699 9 10 0.045220714
486 229 40 55 0.045104373
884 226 34 34 0.04502791
577 709 10 11 0.044850823
11 326 38 42 0.044674158
861 262 16 18 0.04429221
219 328 13 17 0.04425804
135 697 8 11 0.04392799
965 333 21 27 0.043844506
510 251 50 56 0.04382778
71 712 7 9 0.04376194
166 721 16 18 0.043489862
133 696 15 20 0.043479703
801 204 43 51 0.04340313
11 346 48 62 0.043218143
9 233 43 64 0.04303424
431 692 10 12 0.043027386
862 259 9 10 0.04299797
853 257 20 24 0.0429254
550 194 14 12 0.042861763
490 683 8 10 0.0427629
146 315 24 35 0.042634882
172 364 17 16 0.042623725
796 220 24 35 0.042517807
883 216 54 49 0.042409543
841 231 19 20 0.042377613
846 221 50 50 0.04229352
672 588 43 50 0.042260747
484 186 134 159 0.04195305
777 168 175 158 0.04188842
61 686 10 14 0.041884467
519 230 45 61 0.04111679
231 701 9 11 0.04109285
149 691 10 12 0.04099759
825 185 31 39 0.040972404
570 705 10 12 0.04067377
483 281 30 37 0.040660456
833 163 9 11 0.040620457
826 195 73 70 0.040311895
30 237 40 55 0.039890982
846 245 23 33 0.03967112
634 218 10 11 0.039602708
830 322 39 45 0.03949323
948 474 16 18 0.03942035
849 235 17 24 0.03896359
442 710 12 12 0.038925838
570 223 21 25 0.038887825
699 330 32 41 0.03887496
140 697 9 12 0.038760554
153 693 8 9 0.038749587
820 161 20 21 0.038688045
838 206 21 23 0.038579285
815 342 42 44 0.038459346
1001 636 8 10 0.038330704
823 238 25 32 0.038274102
870 521 13 14 0.038212664
344 326 24 31 0.038165066
215 330 23 31 0.0380275
219 321 31 33 0.037928615
826 163 9 11 0.037820973
558 683 7 9 0.03776074
137 693 7 9 0.03753487
565 194 8 10 0.037423685
500 276 18 27 0.03734198
246 331 39 44 0.03716998
870 196 28 34 0.037153695
502 269 32 33 0.03685117
846 204 23 28 0.036777537
252 319 34 39 0.03676112
2 209 32 47 0.036513593
26 356 28 36 0.036431864
547 194 9 10 0.03639884
138 690 10 12 0.036331173
465 712 18 16 0.036310036
0 333 22 34 0.03630854
830 156 17 19 0.036123183
863 268 16 18 0.036114812
471 214 65 90 0.036030322
588 701 8 9 0.03595604
571 702 7 10 0.035937995
166 229 53 68 0.035921264
148 734 18 19 0.035622224
177 228 80 115 0.03561737
1007 630 10 12 0.03532566
201 715 10 12 0.035303224
579 196 8 10 0.034943394
478 248 51 64 0.03491034
471 211 45 54 0.03474261
878 216 27 27 0.034738652
603 699 10 12 0.034710784
585 199 11 11 0.034520462
814 220 49 55 0.034340665
0 722 8 21 0.034306142
866 224 32 36 0.034205247
217 345 18 20 0.03411229
231 336 35 38 0.03409317
459 215 25 32 0.034091007
575 435 20 26 0.033804897
828 165 51 69 0.033750553
0 195 19 38 0.033744715
967 346 16 15 0.033591893
93 713 8 9 0.033587813
511 686 15 18 0.03347428
37 340 25 27 0.03347394
520 729 11 19 0.03341736
18 419 39 46 0.03319822
929 465 13 17 0.033138774
679 154 55 61 0.03283654
53 549 13 18 0.032689095
180 323 37 44 0.032635152
229 703 10 13 0.032620348
229 326 15 18 0.03250067
279 304 20 24 0.03234893
1002 633 10 11 0.03233684
433 687 11 14 0.032238442
169 715 16 19 0.032220293
191 296 88 84 0.032200508
858 222 16 24 0.032099422
546 221 14 17 0.032013003
860 231 12 20 0.03186212
829 164 18 21 0.03185358
222 385 14 24 0.03177483
26 339 20 23 0.03166021
510 688 9 11 0.031639595
582 703 11 14 0.031595107
172 359 32 27 0.031467117
5 680 8 10 0.03142114
372 324 24 31 0.031359028
159 329 35 45 0.031351727
466 258 45 54 0.031346858
849 258 18 18 0.031244662
492 277 20 26 0.03111874
363 154 55 63 0.031065688
529 219 27 32 0.031023128
582 706 15 15 0.030992743
36 328 38 45 0.030946873
0 159 37 64 0.030836489
852 235 12 15 0.030735174
569 204 27 33 0.03068381
158 694 15 19 0.030507134
862 314 26 47 0.030444616
852 239 39 45 0.03044196
823 164 10 12 0.030377407
977 182 47 97 0.030320896
189 238 44 54 0.030230401
428 694 11 12 0.030155316
161 361 29 23 0.03005454
156 701 11 13 0.030046012
247 333 20 25 0.029970877
962 346 12 15 0.029767483
11 197 23 35 0.029704882
572 708 11 12 0.029667364
525 683 7 9 0.029637486
408 692 8 9 0.029576436
17 444 42 50 0.02947118
936 619 17 22 0.02944191
855 262 24 30 0.029425342
1 334 33 48 0.029240252
883 234 43 49 0.02920722
27 244 27 38 0.029192917
205 321 28 27 0.02885287
828 161 9 10 0.028840648
600 209 41 43 0.028674277
879 194 35 42 0.028598128
588 473 13 16 0.028591635
820 166 34 48 0.028578745
817 163 11 13 0.028533177
165 182 126 172 0.028498495
827 235 17 20 0.028483517
525 213 22 28 0.028462036
844 220 17 21 0.028433653
556 684 7 9 0.028420825
189 254 27 33 0.028299054
490 173 65 82 0.028177716
890 645 9 9 0.028103089
804 212 18 24 0.028099911
100 711 10 11 0.02795991
607 698 10 12 0.027828
177 719 12 15 0.027820816
67 710 10 13 0.027784877
795 520 8 10 0.027751751
948 657 16 16 0.027650537
132 702 12 17 0.02759951
32 221 32 40 0.027553601
225 329 13 15 0.027442122
0 265 40 62 0.027428022
830 360 29 25 0.027318005
506 220 31 36 0.027290933
197 717 12 15 0.027281556
192 312 28 29 0.02725697
59 694 16 20 0.027156666
873 285 46 68 0.027009945
0 134 11 24 0.026974732
793 197 33 47 0.026943687
958 385 25 35 0.026934093
68 543 12 15 0.026924115
129 695 15 18 0.026837952
835 334 27 28 0.02683062
164 689 10 13 0.026817048
411 680 8 9 0.0267877
257 329 20 29 0.026780043
57 691 14 18 0.026764994
264 328 12 18 0.026718656
510 277 29 35 0.026607111
171 723 17 23 0.026580803
845 255 16 19 0.02656468
587 196 11 11 0.026529381
11 230 32 38 0.026504718
955 658 14 15 0.026487539
94 713 11 13 0.026386712
166 365 16 17 0.026273055
0 669 12 25 0.026255699
177 350 44 41 0.026239742
458 228 25 36 0.026205506
516 682 7 9 0.026076214
867 259 45 79 0.02605704
576 712 8 10 0.026045343
498 278 32 39 0.026000245
92 426 25 30 0.025986915
836 150 78 93 0.025962865
73 712 8 10 0.025959231
5 424 38 41 0.025948865
546 319 31 33 0.025925165
826 166 10 13 0.025871282
156 697 8 10 0.025854124
816 253 30 40 0.025851687
566 701 9 9 0.02583436
543 230 26 42 0.025796993
344 329 17 21 0.025772303
818 187 22 26 0.025760503
145 696 10 13 0.025738828
851 621 11 11 0.025732413
835 180 23 26 0.025724338
129 701 11 14 0.025675984
1012 630 9 10 0.025673911
626 3 97 99 0.025616007
246 703 31 40 0.02555958
20 246 42 66 0.02551736
158 370 15 14 0.025510622
0 122 17 34 0.025494402
347 308 15 20 0.02546518
469 712 10 10 0.025415348
223 720 8 11 0.025391512
943 616 9 10 0.025363373
549 192 33 32 0.025277095
831 167 9 12 0.025260404
0 291 18 40 0.025212722
624 562 11 14 0.025199529
156 275 42 53 0.025198162
971 221 53 100 0.025116805
521 734 8 13 0.025115393
786 516 15 16 0.02502911
900 426 28 34 0.024973998
535 724 16 23 0.024961617
578 702 10 12 0.02495173
224 706 13 13 0.024935624
581 196 11 11 0.02491794
24 305 38 54 0.024895567
461 712 13 10 0.024827007
804 226 18 24 0.024812724
859 246 46 51 0.024729865
43 471 40 59 0.024645943
232 329 16 20 0.024642203
586 703 12 11 0.024637608
787 514 10 12 0.024575146
943 419 23 31 0.024562776
506 680 18 19 0.024512434
230 697 8 10 0.024486631
186 244 26 30 0.024485737
858 208 22 30 0.024485141
1 334 64 112 0.024484769
858 265 12 15 0.024474742
858 193 27 30 0.024405135
173 695 8 11 0.024369746
201 330 29 33 0.024356846
562 210 31 40 0.024355121
873 196 100 98 0.024347227
684 573 47 61 0.024324905
870 232 82 94 0.024317097
567 197 7 9 0.024276782
801 186 29 42 0.024238069
874 219 20 22 0.024230238
156 706 9 9 0.024217542
888 215 28 31 0.02419975
381 310 23 29 0.024153888
586 700 7 9 0.024121555
555 195 13 12 0.024104832
205 715 9 11 0.024089659
864 254 24 27 0.024021674
508 685 9 11 0.023990918
410 685 8 13 0.023987938
66 188 27 41 0.023984177
938 619 8 9 0.023956561
66 692 14 16 0.023947673
345 423 12 14 0.023936193
481 714 10 9 0.023838747
0 427 23 34 0.023766112
847 188 16 16 0.023727274
48 548 8 10 0.02368654
1 202 59 114 0.023670241
592 703 7 9 0.023649534
1003 630 10 10 0.023638781
859 622 9 9 0.023579987
178 715 9 11 0.02354495
544 232 17 24 0.023518836
4 730 15 19 0.02347112
767 133 257 302 0.023464853
11 598 9 11 0.023461673
936 356 12 15 0.023453787
442 714 11 12 0.023408458
182 265 25 30 0.02335099
821 213 27 33 0.023342753
136 699 17 21 0.023309013
34 351 23 30 0.02327858
0 344 18 36 0.02326917
188 304 25 31 0.023211986
844 235 10 15 0.0231777
64 698 8 11 0.023164095
511 684 8 9 0.023155902
458 707 19 16 0.023131758
577 198 8 10 0.023102188
813 228 22 28 0.023068914
812 337 14 18 0.023054192
528 240 31 38 0.023052672
200 322 43 49 0.023043329
820 166 22 30 0.023030957
15 485 11 15 0.022984102
829 172 24 28 0.022981882
566 705 8 10 0.022969335
188 373 16 16 0.022959497
837 306 43 56 0.022900252
3 453 43 55 0.022893611
161 689 8 11 0.022884894
28 321 24 34 0.022848886
486 685 10 14 0.022808028
227 698 11 13 0.0228015
501 230 26 30 0.02277728
507 688 14 20 0.022771508
104 711 9 10 0.022736197
498 284 17 27 0.022727953
506 204 30 38 0.022665927
545 221 10 11 0.022657396
462 210 20 24 0.022651825
866 215 19 24 0.022633506
945 621 10 13 0.022611331
0 101 22 43 0.022599753
34 245 18 18 0.022596948
152 716 12 15 0.022585314
1016 629 8 9 0.022579938
142 698 11 14 0.022575403
816 193 20 30 0.022569817
155 250 39 48 0.022566773
88 545 24 30 0.02255893
823 155 16 18 0.02254445
152 688 9 10 0.022510068
859 236 8 13 0.022463761
525 261 32 39 0.022459382
412 682 8 11 0.022453854
0 724 14 26 0.022440553
470 269 30 35 0.022431323
554 226 33 45 0.022397734
478 720 10 9 0.02237137
233 703 8 12 0.02235575
31 425 24 32 0.022351846
834 254 24 28 0.022336934
411 712 15 15 0.022263372
154 705 12 16 0.022258757
867 258 13 11 0.022243619
519 270 36 49 0.022152914
843 327 22 25 0.022144035
56 483 28 35 0.022092301
129 705 10 15 0.02205619
673 50 49 60 0.02196958
7 680 8 9 0.021967154
54 677 25 34 0.021957615
36 320 29 36 0.021940537
237 326 19 25 0.021909596
430 689 9 12 0.021906666
590 696 8 9 0.021892432
482 687 12 16 0.021805251
155 733 14 17 0.021738905
1014 137 10 37 0.021724336
240 348 30 37 0.021682337
524 734 10 12 0.021654423
0 226 35 62 0.021653632
19 380 14 16 0.02163515
227 331 16 22 0.021629497
522 684 9 11 0.021607626
564 196 7 11 0.021605657
341 335 18 22 0.021604821
376 334 24 32 0.021598106
181 210 69 85 0.021589391
959 452 9 11 0.021582615
960 322 23 30 0.021557428
352 178 23 42 0.021547217
1015 120 9 42 0.021544535
856 616 10 11 0.021530362
620 682 7 10 0.021528758
869 522 9 11 0.021525113
519 687 9 11 0.021508835
436 684 10 13 0.021449767
515 690 8 11 0.0214401
923 329 23 31 0.02143077
484 714 14 12 0.021419585
856 623 9 9 0.021337196
610 695 11 13 0.021313587
1000 631 8 9 0.02129395
0 181 15 37 0.021269264
88 711 8 10 0.021266155
4 167 50 72 0.021251261
815 516 209 240 0.02124351
441 201 22 29 0.021235537
602 214 25 30 0.021219857
0 0 150 188 0.021183433
862 233 27 32 0.021128764
349 280 12 15 0.021107133
857 260 9 12 0.021103984
944 540 20 23 0.021072706
359 183 54 67 0.02102742
240 292 42 54 0.020992402
816 247 24 32 0.020929158
485 682 8 11 0.020893376
839 366 29 21 0.020880405
549 227 15 17 0.020851754
505 694 12 19 0.020816656
18 186 22 36 0.020815296
807 203 22 31 0.020812795
656 592 42 49 0.020796794
827 243 16 19 0.020774934
40 719 45 37 0.020748865
587 475 18 28 0.02073291
259 327 13 18 0.020720419
670 593 15 21 0.020701846
883 174 62 70 0.020701464
64 684 9 11 0.020694353
173 256 26 30 0.020686371
869 316 40 62 0.020685397
8 528 12 14 0.020684032
573 196 10 11 0.02067198
825 0 199 213 0.020671578
89 303 11 13 0.020671548
866 245 28 27 0.020658012
0 357 34 55 0.020657234
5 308 57 81 0.020648068
467 218 32 39 0.020607596
797 522 8 11 0.020605698
827 219 78 86 0.020583294
192 357 28 28 0.02056709
69 687 10 13 0.020562636
88 716 8 10 0.020547718
832 213 24 27 0.020547476
838 242 24 31 0.02054298
528 683 8 9 0.020540766
442 709 18 19 0.020522583
335 243 32 43 0.020522123
146 689 15 18 0.020515844
433 128 231 251 0.020493636
826 263 13 16 0.020493254
866 266 13 13 0.020445764
811 182 21 26 0.020443281
825 246 36 43 0.020439532
55 681 17 21 0.020437464
804 230 26 33 0.020435933
216 332 11 14 0.020425554
199 711 10 11 0.020412417
173 711 16 17 0.02040137
510 687 22 25 0.02039309
854 253 16 20 0.020382311
483 197 36 45 0.020362575
131 695 10 12 0.020359317
268 334 10 14 0.02033996
833 338 42 45 0.020327058
166 714 12 15 0.020303113
928 335 23 33 0.020297697
519 737 9 12 0.020278703
490 292 28 36 0.02021964
88 713 13 16 0.020189257
999 638 9 11 0.02016869
419 679 23 22 0.020167626
148 721 20 25 0.020152364
202 310 19 16 0.020145899
168 310 37 51 0.020143278
480 210 13 20 0.020131903
544 195 8 10 0.020099511
0 287 12 32 0.02009409
65 699 11 15 0.020083148
677 604 12 15 0.02007226
23 367 37 54 0.020047704
797 176 57 73 0.020045828
225 320 60 66 0.020042965
783 210 34 46 0.020002572
566 227 28 36 0.01999017
462 227 16 22 0.019959781
871 211 17 24 0.019952472
930 536 15 19 0.019950025
429 713 8 10 0.019942641
754 228 115 124 0.019940006
535 301 37 45 0.019918926
576 705 8 10 0.019903844
33 347 19 23 0.019883389
673 606 20 26 0.019864148
880 242 22 19 0.019815572
98 711 9 9 0.019803897
222 701 13 13 0.019802405
154 708 17 21 0.019785222
194 359 40 42 0.019779965
569 698 9 10 0.019764712
161 343 44 52 0.019745668
206 712 7 9 0.019740839
199 372 18 15 0.019717133
586 486 17 24 0.01969476
193 339 29 30 0.019656053
41 232 33 39 0.019639667
898 305 56 71 0.019635677
983 170 41 56 0.019634584
886 209 24 27 0.01961535
784 519 10 10 0.019610154
835 160 9 12 0.019571312
808 351 29 37 0.019541536
0 241 24 39 0.019537013
951 446 9 11 0.019516062
589 226 11 13 0.019494178
515 730 12 18 0.019492019
0 306 28 52 0.019457657
563 317 25 33 0.019453797
830 144 134 129 0.019444123
528 192 15 13 0.019419663
1004 635 11 13 0.019402351
135 690 31 29 0.019391073
537 222 19 19 0.019374633
383 309 35 43 0.019361932
944 232 70 101 0.019361425
212 335 39 41 0.019355185
815 157 19 21 0.01934695
406 694 8 9 0.019315792
512 682 8 9 0.019288782
0 377 24 42 0.019276286
143 737 16 17 0.019267673
262 310 37 48 0.019265907
875 198 19 21 0.019249542
269 275 22 29 0.019239826
1003 639 8 11 0.019198459
369 332 13 18 0.01919755
850 224 16 18 0.019176932
530 714 9 10 0.019155158
910 284 38 59 0.019154439
852 262 34 48 0.01911873
563 194 31 34 0.019118367
826 254 14 20 0.0191155
875 519 12 15 0.019111093
546 256 23 33 0.01907653
692 139 54 62 0.019071624
934 463 12 16 0.01906389
50 554 14 18 0.01905692
700 713 11 14 0.019042877
883 301 51 67 0.019033998
10 437 39 41 0.01900969
501 242 28 37 0.01898683
956 376 37 55 0.018965807
798 222 41 54 0.018949969
346 304 23 32 0.018940337
930 350 17 23 0.018939447
561 712 9 13 0.018921275
834 199 20 23 0.018902069
213 713 9 10 0.018894287
185 288 26 31 0.018892244
20 721 46 35 0.018871548
788 522 8 11 0.01882935
163 698 8 11 0.01881626
170 712 11 12 0.018812265
213 349 23 25 0.018792918
592 697 9 10 0.018790053
509 694 14 18 0.018764561
870 512 17 20 0.01874312
850 365 30 25 0.018737324
908 235 82 101 0.01871189
848 183 30 37 0.018701583
570 700 14 14 0.018674383
790 521 12 13 0.01865472
68 463 13 20 0.018647956
155 678 20 23 0.018646685
963 329 12 18 0.018638555
250 307 26 36 0.018636217
156 716 19 22 0.018627748
510 227 37 42 0.018619074
965 1 59 120 0.01860665
961 349 9 11 0.018606517
838 187 16 16 0.01859279
1013 0 11 33 0.01859057
847 193 10 11 0.018572204
570 216 9 9 0.01856853
234 350 25 23 0.01856608
597 696 13 13 0.018564345
145 702 20 24 0.018554294
937 418 35 49 0.018546013
268 677 11 12 0.01854379
38 177 29 35 0.018533818
949 678 75 78 0.018510778
840 618 6 9 0.018505992
221 719 12 16 0.01850037
895 199 42 48 0.018490897
467 280 39 47 0.01848484
945 504 24 29 0.018476998
699 337 40 57 0.01847564
462 715 12 14 0.018468391
168 692 8 9 0.018468225
67 411 13 15 0.018413436
193 374 16 13 0.018407939
543 219 9 10 0.018404547
54 551 8 11 0.018401874
221 344 24 25 0.018398851
200 717 14 18 0.018393347
70 186 45 61 0.018310547
962 612 8 9 0.018304968
567 193 9 11 0.018285219
931 445 12 15 0.018282134
1019 131 5 38 0.018246857
62 707 12 14 0.01823929
852 190 16 18 0.018207949
810 339 21 28 0.018194832
932 232 26 31 0.018187532
179 712 8 10 0.01817863
940 355 13 15 0.018172316
1013 150 11 36 0.018171301
31 351 47 64 0.018170957
173 281 31 39 0.01816055
560 684 8 10 0.01814776
244 335 15 19 0.018126432
884 235 22 21 0.018119013
501 718 12 12 0.018109106
153 310 36 47 0.01810119
815 220 125 162 0.018088382
856 278 36 65 0.018059744
864 257 11 11 0.018024234
463 189 9 11 0.018010708
569 197 8 9 0.017998556
30 361 19 23 0.017971717
589 194 11 10 0.017965468
820 207 20 26 0.017957045
517 678 15 16 0.017955085
345 334 11 13 0.017951734
0 709 13 32 0.017949533
798 237 24 34 0.017931439
169 367 23 29 0.017905345
161 699 7 11 0.01790184
1011 633 6 10 0.017897803
917 320 33 51 0.01788566
188 284 37 44 0.017882738
869 516 10 13 0.017870825
203 316 19 20 0.017845577
767 123 24 34 0.017830934
875 227 19 23 0.017830102
169 293 36 47 0.01782447
880 211 19 23 0.017820016
1007 634 7 10 0.017813327
538 193 29 29 0.017812211
153 696 8 10 0.017771516
194 275 26 34 0.017759489
576 439 13 17 0.01775927
621 558 12 14 0.017758004
193 296 25 27 0.017742967
603 694 19 21 0.017737199
0 209 15 32 0.01773227
65 681 16 21 0.01772946
575 699 12 12 0.017716812
963 335 13 20 0.01771619
575 215 24 29 0.017712276
50 549 10 12 0.017699355
1014 100 10 46 0.017698282
960 661 9 11 0.01765397
31 248 19 22 0.017648598
984 637 9 9 0.017637016
877 247 30 31 0.017631244
184 366 27 27 0.017627543
1006 734 18 22 0.01762369
496 200 27 32 0.017616834
478 141 114 140 0.01758937
159 719 12 15 0.017586272
196 715 10 11 0.017571632
528 735 8 11 0.017563114
175 348 20 22 0.017545847
646 50 66 71 0.017538419
972 352 9 12 0.0175331
677 608 33 39 0.017526843
522 677 10 11 0.017511215
239 310 28 35 0.017508747
494 683 9 11 0.017500842
865 203 18 24 0.017500257
608 694 10 11 0.017486751
146 701 9 12 0.017486729
233 697 8 10 0.017480524
14 460 57 75 0.01745349
7 415 61 73 0.017421762
216 342 16 16 0.017402764
163 706 17 21 0.017398447
686 598 38 44 0.017395914
76 714 10 11 0.01736371
489 680 8 9 0.017341547
674 601 12 16 0.017339863
204 330 17 24 0.017337818
192 265 25 32 0.017329615
0 339 12 27 0.017324457
69 686 7 9 0.017320959
55 520 14 17 0.017319448
856 233 9 12 0.017317738
618 591 32 42 0.017315036
892 195 33 37 0.017304687
146 689 10 12 0.0173002
99 714 11 14 0.01728955
960 340 12 18 0.01728548
481 212 18 25 0.017277123
111 195 42 60 0.017273946
830 261 15 17 0.01727165
904 267 70 95 0.017265707
159 133 119 158 0.017244805
965 612 10 12 0.017242603
185 290 15 16 0.017230663
181 717 8 9 0.017229438
566 683 9 12 0.017228747
547 192 21 20 0.017221976
239 324 14 17 0.01721194
83 714 11 12 0.017209293
662 704 18 23 0.017196458
948 473 11 13 0.01719411
0 168 21 40 0.017182967
0 251 30 50 0.017182134
1016 641 8 11 0.017178299
460 216 9 11 0.01717632
935 616 15 17 0.01717219
464 709 11 10 0.017169628
406 711 13 13 0.017164601
24 0 84 108 0.017159965
551 463 11 16 0.017151153
944 357 13 15 0.017148932
275 290 21 31 0.017132614
896 644 12 12 0.01713172
945 612 8 10 0.017110541
848 329 38 52 0.017065886
589 0 60 62 0.017063212
466 220 13 14 0.017052405
567 229 16 19 0.017049095
230 264 41 51 0.017024452
482 246 29 34 0.017016754
801 246 174 266 0.017007941
998 630 16 18 0.017004436
686 122 59 45 0.017002737
998 635 8 10 0.017002633
912 0 112 140 0.016978638
469 709 9 9 0.016961101
268 328 13 17 0.016955018
896 160 11 14 0.016951922
18 341 26 35 0.016943645
232 359 25 24 0.016918166
1014 83 10 43 0.016915113
518 688 14 16 0.016910292
493 686 7 10 0.01690343
961 396 27 33 0.016903024
960 399 13 20 0.016884375
480 691 10 14 0.016881494
11 470 25 34 0.016872775
890 219 19 21 0.0168701
87 90 49 73 0.016862951
444 708 11 10 0.01685511
445 215 43 55 0.016850138
144 735 10 14 0.016850078
192 713 11 13 0.016848074
195 218 44 57 0.01684633
240 333 13 22 0.01684284
84 246 24 32 0.016809082
205 373 30 35 0.0168059
406 689 8 11 0.016804408
363 321 39 47 0.016797196
945 472 23 29 0.016792513
585 697 17 18 0.01676179
952 616 8 10 0.016755963
686 37 49 66 0.016752927
192 377 14 15 0.01674799
468 204 32 39 0.016742364
532 231 18 21 0.016737474
558 225 10 15 0.01673005
961 342 22 28 0.016726939
54 559 12 16 0.016726213
357 137 51 60 0.016722413
458 710 11 10 0.016719753
375 126 48 47 0.01671564
450 202 27 35 0.016708437
470 233 22 32 0.016705984
64 713 9 11 0.016684512
18 0 286 218 0.016677177
833 191 18 14 0.016676586
601 702 9 10 0.016673826
552 683 10 12 0.016668847
927 328 15 18 0.016664263
38 332 18 25 0.016647013
406 699 13 20 0.016636081
38 259 28 46 0.01662706
168 696 9 13 0.016622098
526 746 12 10 0.016577167
149 695 8 12 0.016572721
524 201 41 55 0.016569765
700 60 42 54 0.016556187
35 243 27 31 0.016520873
948 355 13 14 0.016509917
149 329 25 37 0.016501583
580 194 9 9 0.016493637
820 222 17 23 0.016492669
989 229 35 64 0.016476113
1022 137 2 28 0.016468668
164 722 10 12 0.016468644
413 715 10 10 0.016468208
263 320 19 31 0.016462035
38 419 37 45 0.01646127
853 616 9 12 0.016453391
550 244 23 39 0.016452363
819 261 17 22 0.016441848
869 261 15 19 0.016441783
0 662 19 38 0.01642857
386 134 53 57 0.016423099
584 3 101 99 0.01641825
514 679 10 11 0.0164166
149 288 85 103 0.016414944
564 703 8 10 0.016407574
66 713 12 15 0.0164004
856 234 19 28 0.016398069
93 522 13 16 0.016394228
144 690 7 10 0.016390258
710 335 18 26 0.016377278
850 622 8 10 0.01636334
428 692 8 10 0.01635206
944 422 14 18 0.016336242
382 152 40 47 0.016336119
579 712 10 11 0.01633464
858 225 10 17 0.016332487
806 252 12 19 0.016324477
896 210 25 30 0.016315473
880 310 33 46 0.016299628
819 337 31 30 0.016296627
823 352 23 31 0.01629471
55 493 14 18 0.016278375
220 347 13 12 0.016269837
0 433 32 53 0.016251436
21 239 24 24 0.016249042
69 697 8 10 0.016245846
367 331 20 26 0.016245173
409 677 9 10 0.016224612
129 708 6 10 0.016217716
886 244 26 25 0.016195467
890 157 89 99 0.016191147
988 628 9 9 0.016188094
49 326 26 32 0.016182441
225 353 22 20 0.016176002
544 192 16 16 0.016174145
533 328 25 31 0.016165184
384 314 15 18 0.01615564
0 466 29 42 0.01615169
572 219 13 18 0.016147455
46 171 26 33 0.016139751
848 330 27 29 0.016123636
440 685 8 12 0.016118042
567 703 16 18 0.016114827
546 215 22 28 0.016110072
80 401 23 31 0.016100425
545 227 12 15 0.01609466
407 695 9 13 0.01608978
577 708 20 21 0.016080381
49 686 21 27 0.016066613
911 418 11 14 0.016064072
175 371 16 16 0.016061138
972 347 9 11 0.016050413
455 170 111 147 0.016050136
169 711 9 10 0.016042603
896 651 9 10 0.016042445
7 682 9 12 0.01603805
131 699 7 10 0.016029872
41 553 19 23 0.016027084
174 712 10 11 0.016024554
53 278 17 24 0.016020263
998 723 26 33 0.016013317
0 17 21 39 0.016006948
526 222 15 21 0.016003584
510 282 40 48 0.016000718
863 265 9 11 0.015995597
25 404 34 46 0.015984515
454 597 25 30 0.01597896
506 281 17 25 0.015975233
899 642 11 12 0.015947437
208 714 9 11 0.015946629
555 219 24 26 0.015943931
196 713 8 9 0.01593824
200 710 15 18 0.015932927
556 684 9 14 0.01593217
134 700 7 10 0.015930131
597 566 21 29 0.0159196
673 429 21 28 0.015918247
516 243 32 40 0.015914876
815 211 16 23 0.015908271
350 331 14 16 0.015906569
3 681 10 15 0.015899206
951 477 10 12 0.015897367
481 299 27 33 0.015892586
661 609 27 32 0.015889375
824 161 7 10 0.015882865
225 720 7 9 0.015880635
56 397 12 16 0.015877282
583 711 9 10 0.015861077
529 275 46 62 0.015854646
861 231 8 13 0.015851771
571 710 7 10 0.015851025
1018 145 6 35 0.015834434
657 619 27 33 0.015816687
565 432 29 37 0.015809122
219 312 22 29 0.01580664
904 224 32 35 0.015789244
205 344 24 22 0.015773734
895 241 29 30 0.01577
50 548 21 27 0.015767818
833 109 191 210 0.015767075
634 0 60 60 0.01576651
418 714 9 10 0.015759178
988 79 36 78 0.015742643
955 4 30 37 0.015736235
163 515 19 29 0.01572372
2 399 38 51 0.015721252
975 707 49 49 0.015716102
872 257 10 10 0.015692951
131 649 16 14 0.015677184
155 366 22 28 0.015676908
861 619 12 12 0.015673736
550 198 10 11 0.015671702
70 715 8 10 0.015671361
88 531 26 35 0.015668621
466 220 9 9 0.015666438
591 707 9 10 0.015654566
477 746 34 10 0.015637273
59 704 17 23 0.015627436
844 258 27 32 0.015619271
706 348 25 34 0.015619052
522 220 14 20 0.015613615
174 302 25 30 0.015603916
483 718 10 12 0.015599549
484 383 48 46 0.015598255
839 239 18 22 0.015594307
868 190 23 27 0.015593559
155 737 9 13 0.015593031
219 376 21 30 0.015579144
53 183 24 38 0.015576404
533 261 39 52 0.015568301
869 270 12 12 0.015558181
763 184 23 26 0.015548829
248 343 18 22 0.015540015
462 220 9 11 0.015534159
893 648 12 11 0.015528143
266 336 8 11 0.015524034
565 710 12 14 0.015521244
939 622 8 9 0.015521008
526 305 24 24 0.015512849
818 204 14 21 0.0155089
225 309 34 38 0.01550756
597 709 10 10 0.015505135
200 283 41 51 0.015498433
526 194 30 32 0.015498413
965 380 24 32 0.0154955685
333 151 14 13 0.0154892225
3 675 10 13 0.015480563
0 579 103 177 0.015469348
106 713 8 10 0.015452673
232 707 7 10 0.015448081
555 230 9 12 0.015432043
523 733 15 20 0.015427105
882 199 22 23 0.01542685
0 142 12 26 0.015411865
265 302 24 34 0.0154115055
732 141 22 39 0.0153909745
575 231 13 18 0.015389262
600 706 10 11 0.01538354
509 162 78 89 0.015380013
740 623 13 18 0.015370305
183 717 10 11 0.015360914
13 594 12 14 0.015360729
220 284 45 54 0.015359775
559 198 10 11 0.015353295
803 247 35 47 0.015351713
607 600 42 51 0.015348846
686 0 74 83 0.015347602
948 625 8 11 0.015342238
146 666 25 28 0.015315198
842 258 14 18 0.015285966
1020 119 4 37 0.015281664
0 86 23 39 0.015263987
609 702 7 9 0.015259708
67 0 92 123 0.015257373
946 3 45 61 0.015256907
903 640 10 12 0.015240965
184 376 21 27 0.01522977
921 339 21 29 0.015216466
586 709 8 9 0.015213555
861 615 14 12 0.015200856
536 208 25 34 0.015190195
33 341 17 20 0.015168584
999 636 12 17 0.01516744
0 21 39 66 0.015165863
826 188 24 22 0.015165648
18 382 9 12 0.0151645355
188 351 26 25 0.015159112
88 305 7 10 0.015151683
748 465 22 31 0.015148349
1011 166 13 39 0.015144763
866 333 26 42 0.015143244
807 189 17 19 0.015141179
639 492 26 39 0.015137149
57 692 9 11 0.015134919
65 416 13 17 0.015134643
72 693 7 9 0.015116008
915 213 39 47 0.015113677
25 348 18 23 0.015099999
822 148 26 32 0.015092908
464 216 9 11 0.0150892055
19 363 26 34 0.015072158
831 158 9 11 0.015071483
887 200 13 15 0.015070263
949 616 8 10 0.0150583405
0 57 22 34 0.015055776
62 712 8 10 0.015048705
30 178 23 32 0.015047478
1018 8 6 40 0.015026624
848 232 14 14 0.015023728
252 341 11 13 0.015020726
530 684 8 10 0.015018541
951 659 10 11 0.01501323
114 86 51 67 0.01500784
943 418 8 9 0.015005846
874 553 14 17 0.01499337
897 437 13 18 0.014992036
770 184 15 17 0.014971211
845 196 10 11 0.014960941
0 400 21 37 0.01494664
192 718 16 19 0.014946253
517 203 23 30 0.01494545
975 355 8 11 0.014945103
949 466 19 24 0.014942323
814 309 43 56 0.014939745
208 0 128 123 0.014926387
579 230 9 11 0.014922851
569 682 8 9 0.014917884
493 144 76 88 0.014910343
875 542 14 16 0.014908765
899 239 39 43 0.014903849
875 183 13 14 0.014903825
226 319 22 24 0.014897855
803 327 40 53 0.014894741
474 713 12 12 0.014889328
538 266 22 29 0.014884112
897 2 80 93 0.01484591
187 2 72 86 0.01483271
439 712 10 9 0.014822834
854 142 26 27 0.014817001
781 228 33 42 0.014815429
924 330 11 14 0.014809268
222 695 12 15 0.014799618
412 381 25 42 0.014774318
0 612 19 34 0.014754084
505 688 11 15 0.01475342
933 331 13 16 0.014752057
679 605 18 19 0.014750416
531 717 18 24 0.014750412
336 484 22 32 0.014721479
512 692 8 9 0.014705432
938 468 18 21 0.014695074
0 0 21 23 0.014694473
835 168 9 12 0.014688272
153 711 12 15 0.014686982
397 10 282 301 0.014686318
141 727 29 29 0.014682021
20 521 13 18 0.01468013
194 308 20 17 0.014677651
434 696 8 10 0.014665738
458 198 26 32 0.014658276
358 172 30 39 0.014650342
51 173 17 17 0.014631491
234 360 15 13 0.014630284
554 198 10 11 0.014624685
965 343 8 13 0.01462448
548 200 16 22 0.014622572
448 258 47 56 0.01461728
425 697 11 10 0.014613044
890 230 20 22 0.014610949
296 248 32 43 0.014609697
0 466 53 87 0.01460645
667 613 31 37 0.014605494
6 0 74 80 0.0146019645
405 712 9 10 0.014599381
416 709 14 16 0.0145953605
400 709 13 14 0.014593347
222 325 11 16 0.014592128
666 19 50 78 0.014591895
546 204 12 14 0.014588302
868 513 8 9 0.014587553
547 224 9 11 0.014583996
549 192 10 10 0.014583795
879 512 9 10 0.014579103
796 211 21 26 0.014577971
0 70 23 36 0.014577349
0 224 22 34 0.014573541
409 306 25 34 0.014571058
27 205 31 45 0.014570504
995 637 11 14 0.014569972
46 208 36 49 0.014569204
346 319 19 28 0.014548819
159 371 9 10 0.014537797
524 685 11 13 0.014536487
897 226 14 15 0.0145319095
0 115 12 26 0.014530007
0 35 22 38 0.014521097
25 226 22 29 0.014519894
42 241 19 22 0.014516397
509 430 14 18 0.014515207
139 685 12 15 0.014510633
432 714 7 10 0.014505974
920 43 48 66 0.014501598
822 271 23 28 0.01449833
964 148 60 93 0.014488614
801 167 35 49 0.014468377
807 216 13 14 0.014465028
858 611 12 13 0.014459885
407 678 12 16 0.014454846
838 234 14 17 0.014452588
140 701 9 14 0.014444372
218 244 71 89 0.014433569
623 556 12 11 0.014432526
919 341 31 43 0.014430822
83 536 38 49 0.014426513
153 731 11 16 0.014425506
735 1 74 93 0.014425454
1 536 18 31 0.014423848
821 211 12 16 0.014422355
1006 95 18 65 0.01441174
525 226 20 26 0.014411002
618 560 14 18 0.014394459
840 336 18 17 0.014393467
202 709 8 10 0.01439073
498 684 10 13 0.014388346
615 680 10 12 0.014382427
959 654 13 17 0.01438088
33 556 17 21 0.0143800555
426 713 7 9 0.014370858
918 235 24 31 0.014369274
86 200 53 66 0.0143644195
816 240 21 25 0.014353129
210 709 10 12 0.014349302
231 331 9 11 0.014346346
410 713 10 9 0.014345157
1014 13 10 41 0.014344988
21 336 17 23 0.014343724
937 469 10 14 0.014335458
977 640 9 13 0.014333743
647 265 9 10 0.014332856
459 220 8 9 0.0143312905
861 199 17 21 0.0143309375
674 608 12 15 0.014328497
571 228 10 11 0.014326955
176 727 11 14 0.01431151
611 699 8 11 0.014308194
219 252 44 54 0.014298158
949 410 23 33 0.014297512
215 349 14 12 0.014297504
54 513 21 29 0.0142923
182 318 28 31 0.014285053
865 228 17 23 0.0142768305
995 332 25 34 0.014274462
69 230 45 62 0.014264519
447 711 12 11 0.014262554
471 0 297 208 0.014260984
382 324 33 43 0.014260757
407 678 22 23 0.014260387
177 258 15 17 0.014251003
45 334 22 27 0.014244612
75 307 15 17 0.014243017
6 101 26 37 0.014238552
220 710 15 23 0.014234557
813 193 16 19 0.014233937
537 221 11 15 0.014233565
751 166 32 42 0.014231482
267 240 24 35 0.014228749
955 448 10 13 0.0142277125
32 520 295 236 0.014225473
426 710 12 15 0.014209504
49 0 83 85 0.014208576
0 482 23 33 0.014204316
256 350 29 37 0.014201305
254 336 13 16 0.014195382
887 545 8 10 0.014192619
485 202 24 31 0.014190504
763 211 34 45 0.01417998
165 239 37 46 0.014171577
222 708 10 10 0.014161681
45 560 10 13 0.014147658
432 682 10 13 0.01414241
420 103 43 53 0.01414098
948 424 26 33 0.014140798
450 203 8 10 0.014125544
475 219 10 14 0.01412188
415 129 44 54 0.014119209
334 466 9 10 0.014118242
939 613 12 14 0.014118084
976 345 14 16 0.014108247
95 415 10 12 0.014106547
0 141 29 57 0.014106141
601 565 15 17 0.014099652
218 703 21 25 0.014099358
133 679 19 24 0.014092036
864 515 17 21 0.014087343
93 430 14 18 0.014082817
201 256 19 28 0.014076485
204 384 13 13 0.014073252
1015 746 9 10 0.0140698645
996 191 28 60 0.014064926
351 312 16 19 0.014061442
159 728 20 24 0.014061017
950 383 14 17 0.014060124
135 0 82 95 0.01406008
883 473 18 27 0.014054897
263 333 8 12 0.014045118
1019 0 5 28 0.014036024
571 0 52 54 0.014034258
69 705 9 12 0.014032515
951 613 9 9 0.014024753
3 717 43 39 0.01401743
804 174 21 28 0.014015283
652 263 12 12 0.014014216
169 736 9 12 0.014011703
950 648 21 24 0.01400154
87 404 25 34 0.013996653
677 593 16 21 0.013987959
462 270 22 33 0.013985812
213 385 21 27 0.013982073
930 453 17 24 0.013982003
591 681 12 14 0.013974422
652 576 39 51 0.013969538
990 298 10 13 0.0139587475
596 691 21 21 0.013957791
32 437 43 58 0.013952122
848 250 14 18 0.013950389
717 0 60 67 0.013943633
915 282 24 35 0.013932101
64 718 46 38 0.013925143
537 716 19 28 0.013924806
74 709 9 10 0.013922583
638 221 8 10 0.013919293
187 329 25 29 0.013912355
19 173 23 36 0.013895598
56 548 7 11 0.013891767
383 0 43 39 0.013890159
175 199 45 62 0.013880299
179 359 20 19 0.013879818
7 735 17 18 0.013879339
589 317 28 36 0.013875311
34 460 36 51 0.013873896
674 0 57 63 0.013870899
190 712 17 19 0.013870203
40 397 12 16 0.013866795
702 465 32 41 0.013862356
961 449 10 12 0.013861645
334 317 29 39 0.013861506
378 315 17 21 0.013860703
675 70 33 44 0.013859628
846 228 12 15 0.0138545185
533 680 11 13 0.013853073
804 198 20 27 0.013850397
9 277 27 38 0.013840209
945 627 11 16 0.013838476
883 221 17 18 0.013827666
238 683 45 58 0.01382377
578 199 10 12 0.0138216475
227 389 13 20 0.013813146
405 471 11 14 0.013810089
1018 581 6 41 0.013803343
498 234 19 21 0.013799735
507 240 17 19 0.013799091
518 202 7 9 0.013791877
868 521 18 25 0.0137891285
6 160 27 35 0.01378371
877 248 43 53 0.0137781575
661 129 66 77 0.013770973
510 204 20 26 0.013769833
151 722 9 10 0.013768501
845 333 15 16 0.013767553
416 78 41 52 0.013763222
941 471 7 10 0.013761951
0 273 21 42 0.013755015
374 333 13 18 0.013749203
1 285 27 38 0.013748295
197 260 38 46 0.013746487
117 16 10 12 0.013742529
90 306 14 15 0.013738311
522 738 9 14 0.013735201
534 308 27 29 0.013728293
0 0 45 63 0.013726948
906 418 19 25 0.013723456
404 705 10 14 0.013720526
952 653 14 16 0.013717563
414 679 8 10 0.01371526
66 258 41 57 0.013714924
130 691 9 10 0.013713737
863 270 10 12 0.013705875
447 61 157 187 0.013702171
521 326 25 27 0.013700637
156 740 14 16 0.013693561
933 441 14 17 0.013692509
383 326 16 19 0.013691819
0 670 8 18 0.013688087
548 292 38 51 0.013686931
481 201 18 26 0.013678205
387 342 14 18 0.013675162
60 686 7 10 0.013669828
0 72 38 59 0.013665036
1018 75 6 39 0.013661875
846 2 73 88 0.013659584
291 362 9 11 0.013646732
736 156 21 42 0.013644466
58 330 34 45 0.013643109
517 297 25 32 0.013638118
0 654 13 33 0.013626225
702 370 10 13 0.013621573
0 680 9 16 0.0136168
924 238 28 33 0.01361418
592 27 47 69 0.013613595
65 86 48 68 0.01361061
545 208 19 26 0.013610197
663 89 72 84 0.013602473
964 261 28 43 0.013601441
154 351 28 32 0.013589757
891 204 13 16 0.0135884695
828 204 19 21 0.013584868
446 236 46 59 0.01358388
914 366 14 18 0.013581874
302 236 51 66 0.0135809
150 189 75 114 0.013580002
65 694 41 53 0.013574175
250 276 32 45 0.013574034
416 716 11 14 0.01357148
700 425 34 44 0.01356681
531 224 17 20 0.013562798
129 702 7 11 0.013559976
461 708 10 9 0.013558572
609 680 12 14 0.013555279
858 115 81 101 0.0135522215
0 457 96 183 0.013549671
938 621 22 29 0.013545282
617 683 10 13 0.013538579
281 717 32 39 0.013537734
858 255 10 13 0.013535761
841 618 8 12 0.013531056
0 0 14 15 0.013530047
725 0 44 39 0.0135294115
377 289 36 53 0.01352802
130 649 19 26 0.0135190245
183 331 65 74 0.01351787
169 716 8 10 0.0135150645
0 412 15 31 0.013512499
494 254 28 38 0.01351041
869 151 59 74 0.013506707
799 520 7 9 0.013506185
228 0 79 90 0.013502796
24 417 24 28 0.013501372
581 200 9 9 0.013499826
590 466 13 19 0.013497352
442 709 9 9 0.013496933
1003 0 21 53 0.013496249
817 174 18 25 0.013482286
898 232 23 26 0.013479122
827 213 15 20 0.013471207
919 125 52 62 0.013468249
116 148 203 287 0.013463544
555 507 305 249 0.013461796
38 549 31 38 0.013457193
469 215 12 15 0.013455979
61 216 36 52 0.013454455
1020 105 4 35 0.01345213
436 103 47 55 0.013451928
138 706 9 13 0.013447932
1014 63 10 44 0.013436169
342 0 72 74 0.013431364
537 733 13 19 0.013429592
0 142 7 14 0.01342804
10 233 20 26 0.013420022
960 613 6 9 0.01341135
45 547 16 20 0.0134085305
682 0 38 35 0.013408496
183 376 15 14 0.013407874
941 28 50 71 0.013404341
541 252 18 25 0.013401688
219 358 24 28 0.013397134
83 0 57 56 0.01338612
475 241 13 20 0.01337495
464 742 40 14 0.013372016
360 112 69 79 0.013370606
431 685 8 11 0.013364805
38 361 15 19 0.013360367
839 173 22 23 0.013359289
609 212 47 59 0.013357809
847 273 26 33 0.013357214
0 342 87 179 0.013351433
508 702 10 14 0.013351268
0 730 6 15 0.013350754
267 278 16 21 0.013346042
546 678 11 13 0.013339121
844 215 16 17 0.013335726
915 0 36 37 0.0133320885
667 164 49 59 0.013328146
35 228 16 25 0.013326985
811 236 58 74 0.013323826
437 207 31 45 0.013323325
553 190 11 12 0.013321993
665 600 17 19 0.013319917
940 630 9 12 0.013315806
56 687 11 13 0.013312404
575 319 21 30 0.013308091
969 349 9 10 0.013304528
259 335 10 13 0.013296943
437 689 8 11 0.013296508
488 712 14 12 0.013296304
953 386 19 28 0.013266423
630 0 42 39 0.013266346
136 256 41 53 0.013256304
638 720 12 12 0.01325298
930 0 75 85 0.013247776
487 283 19 24 0.013245837
473 218 20 26 0.013244205
26 440 20 23 0.013234679
244 330 11 16 0.013232314
1003 298 8 9 0.013231896
825 267 11 15 0.013230271
414 682 10 13 0.013229891
834 154 41 53 0.013226311
546 346 31 27 0.013225596
822 216 14 18 0.013225469
556 225 9 12 0.013223453
211 331 13 16 0.013217925
34 560 10 14 0.013217344
545 482 9 12 0.013212488
238 329 11 15 0.013204961
873 188 15 16 0.013204294
831 358 46 53 0.013202728
879 516 9 13 0.013201826
791 514 10 10 0.0132002365
541 192 9 10 0.0131967
228 694 8 10 0.0131923
1021 150 3 26 0.013183321
66 333 21 30 0.013176244
12 336 21 29 0.013174887
441 174 45 56 0.0131727215
555 193 20 20 0.013171804
549 711 11 14 0.013170579
545 198 10 14 0.013170023
0 674 14 35 0.013168478
1012 586 12 41 0.013168062
180 240 24 29 0.01316277
152 361 21 22 0.013162278
675 441 13 18 0.013159683
584 301 11 14 0.013152947
591 691 10 13 0.013145636
483 150 48 61 0.013145114
350 179 38 63 0.013139589
483 301 42 52 0.01313872
977 352 11 14 0.013138472
716 148 46 57 0.013131112
758 0 74 77 0.013131085
632 220 9 11 0.013130797
842 193 11 10 0.013127712
837 355 18 23 0.013126996
159 668 19 23 0.013125581
572 435 31 43 0.013125092
275 0 42 40 0.013120203
7 676 7 10 0.013119464
7 596 17 19 0.01311794
894 429 22 27 0.013108353
809 240 14 16 0.013104204
689 322 68 91 0.013097984
948 414 12 14 0.013097164
46 160 24 28 0.01309614
502 685 12 14 0.013095641
0 93 36 68 0.013092129
3 521 22 31 0.013085191
201 369 22 27 0.01308091
1014 46 10 41 0.013077535
593 575 27 35 0.013073084
38 0 55 56 0.013069956
320 218 75 99 0.013061025
20 560 13 16 0.013057132
806 209 15 17 0.013054994
812 166 20 27 0.013048505
686 597 25 31 0.01304563
187 717 8 10 0.013042651
591 696 15 15 0.013039546
764 85 160 181 0.013037287
777 190 37 48 0.01303697
849 194 12 13 0.013035439
857 325 23 30 0.01303298
195 315 19 18 0.013027905
168 363 39 42 0.013022966
832 186 13 17 0.013022767
33 744 28 12 0.013022445
136 701 38 46 0.013018329
85 307 12 15 0.013015965
0 480 13 28 0.013011093
824 252 12 16 0.013010214
553 172 102 121 0.013009777
17 211 19 30 0.013008096
1018 163 6 33 0.0129998345
340 423 29 41 0.012999585
161 737 13 16 0.012994919
175 718 8 11 0.012994391
169 515 10 10 0.012993226
232 238 43 54 0.012989239
471 716 11 10 0.01297703
21 134 23 28 0.012974959
187 715 11 16 0.012965633
88 0 144 129 0.012960423
1006 627 10 11 0.012959868
948 541 12 15 0.012959212
889 658 135 98 0.012947474
413 686 7 10 0.012942139
977 0 47 57 0.012939995
345 199 76 108 0.012937379
546 0 52 52 0.0129319215
335 173 71 96 0.012927294
591 225 40 44 0.01292432
929 231 14 18 0.012924253
546 246 17 26 0.012922105
34 261 50 66 0.012916607
271 325 24 31 0.012898637
0 553 200 203 0.012892233
359 477 14 19 0.012891434
17 149 46 58 0.012891238
881 543 12 13 0.012890474
504 153 49 57 0.012888866
10 509 24 33 0.012880587
43 344 27 33 0.012879215
807 344 62 69 0.01287834
542 333 28 32 0.012878177
158 721 33 35 0.01287017
274 311 23 33 0.01286747
836 162 13 15 0.012866085
988 630 12 13 0.012865457
367 495 32 40 0.012861538
135 644 34 43 0.012861011
69 541 17 21 0.012859579
410 703 17 21 0.012853345
0 203 89 183 0.012852603
136 286 39 53 0.012851979
210 0 290 214 0.01284988
823 278 61 80 0.012848831
831 257 11 15 0.012847186
97 654 14 17 0.012845986
834 239 15 15 0.012830116
867 15 75 95 0.012829222
784 546 19 26 0.0128262965
924 227 24 27 0.012826181
0 157 18 35 0.012825447
1008 128 16 38 0.01282162
412 687 9 13 0.012820478
469 715 19 21 0.012820244
147 745 11 11 0.012816473
167 712 7 9 0.01281284
318 331 21 25 0.012808378
892 641 10 13 0.012808007
541 219 7 9 0.012806455
871 234 17 22 0.012799511
139 355 32 42 0.012795939
955 640 9 10 0.01278613
967 460 26 34 0.0127837015
161 305 25 31 0.0127814
474 685 21 27 0.012777921
967 352 12 16 0.0127732465
613 29 48 69 0.012771857
928 702 57 54 0.012765162
964 351 9 13 0.012761864
689 167 57 71 0.012759451
136 306 42 56 0.012756182
324 0 60 63 0.01275393
571 690 20 24 0.012749354
183 717 18 21 0.012746019
229 710 8 10 0.012742534
890 148 46 54 0.012740766
181 368 19 20 0.012740078
523 691 10 11 0.012736936
65 196 17 31 0.012733308
710 508 30 37 0.012730153
189 380 14 16 0.012729691
0 543 13 33 0.01272891
932 470 11 15 0.012720994
201 722 8 11 0.012707536
925 289 28 40 0.012707452
609 7 56 65 0.012702148
818 220 11 16 0.012701063
930 430 18 26 0.012698811
79 57 82 113 0.012697614
863 261 29 36 0.012694595
209 312 18 15 0.012693951
256 340 9 10 0.01269002
526 435 15 21 0.012684276
856 264 9 12 0.012684035
867 273 13 17 0.012683746
830 344 23 30 0.0126828095
952 379 9 11 0.012680884
812 349 14 17 0.012678556
344 343 13 18 0.012676324
269 337 12 17 0.012674715
9 429 22 31 0.012672704
234 699 9 11 0.012671266
1019 87 5 34 0.0126708625
903 334 42 56 0.012667838
935 240 26 34 0.012662708
276 265 24 35 0.012659774
352 185 13 29 0.0126589425
413 0 62 69 0.012656821
202 709 21 25 0.012656519
323 714 12 16 0.012647693
901 61 47 67 0.0126448395
1 746 25 10 0.012641493
699 567 45 59 0.012639337
482 205 10 18 0.0126348715
408 714 8 9 0.012634657
571 212 15 18 0.012624991
46 550 8 10 0.012624398
907 358 20 26 0.012620683
523 722 18 25 0.012620443
200 337 17 22 0.012619098
61 0 57 55 0.012615074
7 733 9 12 0.012613457
528 197 13 14 0.012613414
505 271 19 22 0.012609559
534 282 27 39 0.012609533
863 234 9 13 0.012604863
94 710 9 10 0.012602383
710 40 67 89 0.01260099
430 698 8 11 0.01259641
875 510 14 17 0.012595158
944 415 12 14 0.01259469
888 545 10 14 0.012594497
980 637 8 11 0.012593715
1021 112 3 30 0.012591091
217 334 7 10 0.012588256
372 321 15 23 0.012587041
908 434 19 23 0.0125845615
530 712 14 15 0.012583472
335 333 34 47 0.012583381
73 413 10 12 0.012583226
31 28 89 133 0.012580577
170 0 63 64 0.012576521
919 46 31 42 0.012568128
257 0 64 64 0.012568081
449 707 12 10 0.012565286
899 203 22 24 0.012563405
217 709 11 11 0.012563296
383 427 24 33 0.012562578
677 59 69 80 0.012560121
40 250 15 16 0.012560005
12 483 21 32 0.012559696
39 415 14 17 0.012551114
149 683 25 26 0.0125365965
832 171 14 18 0.01253469
169 372 16 17 0.012526982
544 233 13 14 0.012523477
212 335 17 21 0.012520844
726 128 43 53 0.012520321
344 486 13 15 0.012519637
539 745 10 11 0.012519625
205 375 14 16 0.012513979
519 689 20 25 0.012511127
578 224 16 18 0.012509357
248 339 8 12 0.01250247
613 691 14 15 0.01249951
95 65 50 79 0.012496267
1017 174 7 37 0.0124948295
700 322 24 34 0.012494807
783 165 41 52 0.012494131
441 13 149 153 0.012494078
62 677 15 20 0.0124940565
799 1 74 89 0.012493424
0 174 11 27 0.012491247
811 441 29 38 0.01248688
153 194 29 37 0.012486476
531 739 7 9 0.012481536
74 303 31 36 0.012479402
522 746 11 10 0.012478146
513 315 41 45 0.012474943
328 488 32 41 0.012474415
874 515 11 13 0.012466411
830 291 113 172 0.012460677
143 368 21 29 0.012457352
549 573 25 28 0.012456032
617 581 29 35 0.012448662
990 142 34 52 0.012448038
628 565 9 10 0.012441932
53 413 11 14 0.012439722
10 321 24 35 0.012435489
603 695 9 10 0.012431725
1018 37 6 38 0.01243112
887 642 10 11 0.012430639
429 118 23 28 0.012428793
79 543 26 28 0.012428662
833 334 10 11 0.012428376
39 352 16 17 0.0124248555
904 31 52 67 0.0124246655
35 449 29 38 0.012424432
849 178 23 25 0.012423307
825 159 10 11 0.012421275
101 31 87 118 0.012417859
957 350 12 16 0.012412026
697 288 40 58 0.0124118095
528 713 8 9 0.012408318
953 480 13 13 0.012402714
136 701 8 12 0.012399844
295 0 72 76 0.0123863695
856 240 8 11 0.012383855
196 723 9 10 0.012376437
151 726 11 14 0.012372259
208 212 61 77 0.012370036
549 243 37 51 0.012367575
1022 595 2 27 0.012366066
911 423 9 11 0.012365372
421 714 8 10 0.012361205
77 716 11 12 0.012358781
482 736 41 20 0.012358132
30 446 21 23 0.012354212
55 279 12 16 0.012350941
378 507 299 249 0.012344288
765 110 23 35 0.012341752
572 427 19 27 0.012341162
865 616 15 14 0.012340739
845 373 28 29 0.012338204
343 423 18 24 0.012336324
605 703 8 12 0.012335849
852 199 17 23 0.012335062
0 234 15 36 0.012334363
94 101 33 48 0.012333381
315 485 16 20 0.012329961
540 574 27 33 0.012321077
0 353 11 23 0.012316985
14 194 18 24 0.01231602
67 388 24 32 0.012315783
208 349 40 45 0.012313915
234 325 12 15 0.012312899
136 74 52 68 0.012310326
805 347 22 31 0.012309959
121 0 297 304 0.012309206
200 378 15 15 0.012304084
698 372 37 50 0.012300549
518 727 9 14 0.0123005435
131 656 22 31 0.012300525
546 472 18 25 0.012299532
142 703 11 14 0.012298017
473 718 12 12 0.012293784
224 350 13 13 0.012290899
338 138 12 14 0.012286045
0 358 19 36 0.012285313
524 679 13 16 0.012282969
1018 57 6 41 0.012276905
809 231 12 16 0.012276405
936 613 29 28 0.012275924
918 2 48 53 0.012275345
198 382 25 27 0.012273995
937 445 12 14 0.012273128
221 336 13 19 0.012271397
198 367 15 15 0.012268692
968 349 20 25 0.012268488
534 192 11 10 0.012267146
285 247 49 66 0.01226545
934 356 18 22 0.012260278
1022 588 2 29 0.012260268
653 591 23 28 0.012259945
549 276 13 17 0.012258893
931 470 8 12 0.0122562
940 467 8 12 0.012252035
67 111 49 62 0.012249718
29 145 8 10 0.012248968
24 602 26 32 0.012247465
581 201 12 12 0.012246942
209 711 22 26 0.0122421775
214 365 23 34 0.012237478
455 709 9 10 0.012237053
248 251 34 50 0.012235501
211 0 66 65 0.012233194
521 211 15 20 0.012231142
940 343 19 25 0.012227295
127 694 9 12 0.01222693
887 469 23 32 0.0122246165
951 370 57 84 0.012224083
642 434 23 33 0.012221801
37 351 12 14 0.012221553
251 340 9 10 0.012219781
48 316 23 31 0.01221495
644 0 294 209 0.012213491
833 225 18 22 0.012203986
36 436 21 24 0.012201682
159 738 9 12 0.01220115
948 359 14 17 0.012201052
98 0 70 69 0.012199758
546 323 21 22 0.012197263
412 367 48 59 0.012196826
295 700 22 27 0.012188229
843 354 24 27 0.012187864
682 161 26 35 0.012186217
535 350 13 14 0.012184344
468 705 10 10 0.01218061
824 454 46 59 0.012179506
51 265 24 41 0.0121781975
546 214 11 14 0.012176072
790 228 22 26 0.012174622
334 476 9 10 0.012174194
33 536 12 18 0.012171304
344 336 7 10 0.012171156
710 329 14 17 0.012170412
127 708 6 9 0.012167151
111 107 37 48 0.012165156
191 192 57 71 0.012164855
886 460 9 12 0.012163658
290 447 12 16 0.012162252
948 446 9 11 0.012158157
739 35 68 93 0.012152661
812 266 29 42 0.012152589
921 71 49 67 0.012145258
206 514 304 242 0.012144453
247 330 14 18 0.012141292
24 558 19 21 0.012139901
992 634 11 13 0.012131847
765 131 18 23 0.012130463
943 471 11 14 0.012126988
1016 634 8 14 0.012126524
437 183 63 83 0.012122579
192 347 19 21 0.012121431
34 358 15 18 0.0121202385
225 708 47 48 0.012117969
276 331 12 15 0.012116036
795 525 8 10 0.012115558
965 136 12 13 0.012112125
269 330 8 13 0.012107454
394 153 44 57 0.012107003
137 337 86 103 0.012103385
744 331 31 39 0.012102077
577 692 11 15 0.012099509
515 692 11 14 0.012097382
210 724 8 10 0.012096188
940 361 10 14 0.012091266
269 257 23 38 0.012090968
191 717 8 9 0.0120863225
491 686 10 15 0.012077688
847 37 68 93 0.01207599
619 688 11 14 0.012069937
857 356 26 27 0.012062354
668 582 30 42 0.01206135
125 737 25 19 0.012061044
861 238 8 13 0.012061002
66 307 23 29 0.0120584285
67 236 25 34 0.012054025
525 0 53 53 0.012053042
53 415 22 29 0.012052166
917 324 22 28 0.012051953
910 350 22 29 0.012046998
0 715 23 41 0.012033827
14 528 23 33 0.012025579
844 181 15 19 0.012025228
937 615 9 11 0.012025088
461 292 23 32 0.012020427
407 702 9 12 0.012019073
203 302 25 24 0.012015483
1023 603 1 25 0.012010109
543 318 18 21 0.012007154
498 15 157 158 0.012006288
815 421 14 17 0.012003934
789 0 45 40 0.011999481
455 166 63 85 0.011996125
801 207 15 20 0.011995182
860 189 20 23 0.01199143
57 176 15 16 0.011983021
511 223 17 24 0.011980585
40 741 32 15 0.011980303
989 190 28 38 0.011979879
197 202 29 34 0.0119771985
895 654 9 11 0.0119770905
167 246 23 31 0.011975136
35 555 10 14 0.011974243
831 243 13 11 0.011971923
270 3 76 97 0.011971159
406 683 22 32 0.011967512
567 680 23 24 0.011962426
150 0 55 55 0.011957414
671 237 81 113 0.011951806
834 369 24 23 0.0119506465
8 89 24 33 0.011945086
431 0 43 43 0.011943593
445 3 71 84 0.011939245
260 246 22 33 0.011936171
375 210 25 33 0.011935139
400 76 42 50 0.011925448
754 133 115 115 0.011925102
334 468 11 14 0.011924155
490 688 7 11 0.011924079
825 121 70 97 0.01192369
618 679 8 10 0.011920166
954 707 51 49 0.0119200405
895 240 20 21 0.01191743
1008 633 11 16 0.011903332
845 191 10 10 0.0119017325
548 465 23 38 0.011901505
19 562 10 11 0.011899671
150 678 16 19 0.011899583
563 700 14 17 0.011898559
1021 0 3 10 0.011894545
0 743 13 13 0.011893063
394 124 42 46 0.011891485
8 540 13 17 0.011888676
48 520 14 17 0.011888648
855 152 25 28 0.011888481
221 363 44 53 0.011885416
0 103 12 25 0.011884656
637 21 49 72 0.011883431
530 318 25 23 0.011882888
200 346 16 19 0.011882396
1014 626 9 10 0.011880387
903 263 40 55 0.011879908
963 16 26 37 0.011877371
969 406 22 27 0.011875472
31 686 65 70 0.011874593
206 721 11 15 0.011869755
560 707 15 19 0.011868603
70 182 122 172 0.0118665155
159 709 8 10 0.011863307
238 0 56 55 0.011860785
573 234 9 12 0.01186016
342 526 24 30 0.011857307
148 705 8 10 0.011856509
382 336 15 22 0.011854909
557 252 12 23 0.0118518565
263 256 45 60 0.011848406
461 715 10 9 0.011846159
668 469 23 31 0.011843168
577 192 8 11 0.01183999
953 42 54 73 0.011836952
927 329 8 10 0.011835232
274 299 16 20 0.011831568
176 322 25 33 0.011831194
1020 16 4 34 0.011829894
474 222 7 10 0.011829014
257 332 9 14 0.011827331
363 209 47 71 0.011824049
596 307 11 14 0.011823335
519 681 19 21 0.011822806
0 676 6 14 0.011822558
583 437 16 19 0.0118224975
826 171 15 19 0.011817132
881 514 9 11 0.011816117
989 469 11 18 0.0118146585
187 711 13 14 0.011813839
172 727 9 11 0.011811468
877 136 45 49 0.011811182
72 392 42 52 0.011810265
48 168 16 18 0.011809737
810 252 18 22 0.011803854
741 149 23 37 0.011802969
470 218 8 9 0.011802948
403 696 12 19 0.011801372
25 138 15 19 0.011796903
823 263 11 14 0.011796069
872 268 8 10 0.01178831
1014 637 10 32 0.011784735
923 341 13 16 0.01178467
804 658 175 98 0.011783629
830 178 14 18 0.011781033
852 258 10 12 0.011779332
261 281 44 58 0.011777213
936 218 23 32 0.011775888
948 460 16 22 0.011775147
477 704 10 9 0.011774189
422 713 13 16 0.011773457
369 346 40 61 0.0117708845
539 717 8 10 0.011768911
7 571 65 90 0.011767015
910 188 13 15 0.01176516
52 97 45 64 0.011764835
952 390 13 19 0.011764608
553 609 19 22 0.011758452
904 413 18 21 0.011752351
578 304 21 29 0.011751577
100 718 8 11 0.011751567
992 0 26 29 0.011751274
131 708 10 13 0.011749843
967 613 10 16 0.011746183
171 337 21 28 0.011744814
82 206 31 33 0.011743559
541 198 42 49 0.011742465
900 103 50 61 0.01173813
566 217 16 18 0.0117377555
884 531 23 32 0.0117354775
533 218 12 14 0.011724258
505 700 7 12 0.011721582
865 613 12 10 0.011719115
0 117 43 77 0.011717803
460 0 45 42 0.0117085595
470 302 25 31 0.011708257
162 9 77 99 0.011703527
890 196 22 22 0.011703362
23 191 26 35 0.011700656
728 234 160 196 0.011700564
514 391 140 218 0.011700412
964 72 56 71 0.011692179
342 211 42 65 0.0116908755
582 320 23 30 0.01168739
302 673 14 16 0.0116782505
136 666 24 28 0.011678247
1001 66 23 72 0.011677909
462 679 29 32 0.011674216
181 342 19 23 0.011673773
598 703 9 10 0.01166962
10 601 9 11 0.011669593
967 318 30 40 0.011668344
547 702 17 23 0.011667626
938 612 10 10 0.011666201
676 5 119 121 0.011664675
959 121 26 32 0.011663411
18 376 23 27 0.011660301
552 265 15 23 0.011659022
938 425 20 26 0.011655169
89 308 9 11 0.011649344
570 697 24 25 0.011647146
355 330 19 22 0.011646759
542 293 29 33 0.011645033
54 692 24 33 0.01164211
1020 597 4 36 0.011640222
200 289 22 27 0.011637202
589 633 43 55 0.011637145
995 629 15 13 0.011635257
745 0 52 55 0.01163069
171 690 15 19 0.01163033
268 328 7 12 0.011628181
209 0 43 37 0.011627722
229 341 65 78 0.011626966
534 727 11 15 0.011625564
340 322 18 24 0.01162472
566 686 10 15 0.011623991
127 0 57 56 0.011623784
234 333 8 12 0.011620278
725 0 137 125 0.011616458
963 482 9 10 0.011614276
917 93 63 74 0.011608094
759 184 39 49 0.011607654
472 708 11 10 0.011607619
80 414 36 47 0.011602825
479 715 18 21 0.011598949
265 87 45 61 0.011596692
1011 629 12 16 0.0115965195
543 196 17 21 0.011595462
480 680 13 15 0.01159495
503 0 53 54 0.011589243
877 522 8 10 0.011585542
129 272 59 81 0.011582973
847 339 18 19 0.01157986
392 41 23 30 0.011579763
554 709 13 15 0.011578324
866 687 113 69 0.011577474
388 0 63 65 0.011573987
565 708 8 10 0.011570156
681 574 209 182 0.011568629
663 119 46 51 0.01156498
904 255 26 31 0.01155861
0 86 121 364 0.011553756
55 201 24 36 0.011553201
0 527 15 25 0.011549105
771 682 108 74 0.011548456
378 329 15 19 0.011548454
443 685 10 13 0.01154689
204 718 8 11 0.011545186
537 246 18 23 0.011543008
118 451 24 27 0.011542571
416 379 9 12 0.011542133
997 341 27 61 0.011541583
848 238 12 15 0.011538677
934 619 9 9 0.011535381
0 313 15 40 0.011534889
860 335 10 12 0.011533964
32 237 16 21 0.011533767
383 462 21 27 0.011531507
42 214 26 33 0.0115304105
913 166 57 69 0.011528678
657 582 63 77 0.011524526
141 325 26 34 0.011521227
657 0 51 52 0.0115139345
154 701 8 12 0.011511245
892 226 11 14 0.011510061
7 80 72 99 0.011503559
845 315 26 34 0.011498892
206 14 74 96 0.011495292
757 86 45 66 0.011495135
810 223 15 21 0.011494984
854 135 45 45 0.011494827
807 160 20 23 0.011493686
691 168 30 38 0.011489726
502 294 29 35 0.011479239
43 525 13 19 0.011478955
971 328 19 25 0.011476676
242 335 9 13 0.011474808
771 223 253 416 0.011469524
925 310 28 46 0.011468521
835 169 19 21 0.011466661
852 191 9 11 0.011464704
739 169 23 36 0.011462674
165 745 30 11 0.0114612
21 527 14 18 0.011458274
554 0 304 289 0.01145826
171 276 24 28 0.0114573715
0 235 53 130 0.01145546
917 274 20 28 0.011454656
508 257 30 32 0.011454449
156 405 40 56 0.011452437
1006 642 8 11 0.011452265
941 420 11 17 0.011449824
515 738 11 15 0.011449369
363 184 31 39 0.0114492215
65 738 13 16 0.011444827
330 672 18 23 0.011440906
8 122 23 30 0.011440161
175 367 11 11 0.011433553
1021 102 3 28 0.011432735
833 170 9 12 0.011431467
943 182 69 87 0.01142576
138 728 19 22 0.011424512
158 689 8 10 0.011423248
542 307 48 56 0.011422519
134 55 159 178 0.011422419
649 0 40 36 0.011421793
225 394 10 17 0.011417852
467 239 37 49 0.011414144
1021 84 3 28 0.011412029
413 710 9 10 0.011404371
286 311 14 20 0.011402925
164 726 8 10 0.011401253
4 726 13 16 0.011397832
440 186 24 32 0.011389912
994 293 28 33 0.011387335
935 134 73 93 0.011385793
470 222 8 9 0.011382576
462 608 16 18 0.01138244
584 478 13 20 0.011381815
475 0 62 62 0.011381568
576 196 21 22 0.011381147
54 681 13 14 0.011379722
885 255 28 30 0.01137782
148 700 12 16 0.011376796
389 319 18 24 0.011376663
558 229 18 22 0.0113754785
1001 626 10 10 0.0113750575
12 689 13 15 0.011374103
10 134 23 27 0.011370798
934 336 13 16 0.01136799
591 471 18 23 0.011365664
528 95 331 345 0.011365442
775 185 10 10 0.011363616
14 414 26 30 0.011362535
24 219 19 26 0.011359643
2 132 22 29 0.011359425
40 344 16 19 0.011357169
203 388 14 17 0.011353812
125 685 20 22 0.01135222
74 515 56 75 0.011347606
225 701 16 20 0.011342014
34 254 18 23 0.011338982
818 250 16 20 0.011338423
837 158 23 23 0.01133445
889 52 47 63 0.0113337245
795 513 11 13 0.011333193
92 213 24 32 0.011332404
876 365 22 28 0.011332017
527 690 9 11 0.011328409
417 683 12 14 0.011327512
89 514 25 30 0.011326458
79 311 14 17 0.011317199
800 222 16 20 0.01131713
88 674 20 27 0.011316905
188 280 16 20 0.0113168
194 245 16 18 0.011309983
49 415 13 18 0.011309408
341 252 34 51 0.011309282
513 680 44 45 0.011302744
529 699 18 22 0.011301789
666 629 27 31 0.011300324
1011 185 13 39 0.011298871
623 505 16 22 0.011298447
267 246 16 22 0.0112962
251 345 9 11 0.0112953605
209 196 58 51 0.011294639
672 607 10 12 0.011290011
367 0 42 40 0.011287287
879 651 10 10 0.011286722
563 652 10 12 0.011283371
963 334 8 12 0.011280575
0 406 12 24 0.011279748
129 699 6 10 0.011278714
435 683 8 9 0.011269316
884 362 14 17 0.011265579
945 214 55 77 0.011263966
269 318 18 26 0.011262632
912 245 23 32 0.011262315
692 607 21 30 0.011260916
417 686 25 28 0.011260765
948 654 12 14 0.011260546
44 417 14 16 0.01125953
994 390 15 19 0.011259421
1020 49 4 33 0.011256942
655 148 42 52 0.011255919
382 602 10 11 0.011254786
272 325 12 16 0.011248296
873 507 13 14 0.011248215
978 638 7 10 0.011243639
543 225 11 13 0.011243216
570 711 18 20 0.011237891
906 236 24 28 0.011237012
251 327 14 17 0.011236259
163 580 210 176 0.011234307
336 730 51 26 0.011232727
224 343 15 15 0.011232069
100 707 9 10 0.011231357
67 400 23 31 0.011231169
411 66 34 45 0.0112297265
31 413 23 27 0.01122772
866 301 21 40 0.011225111
1021 163 3 24 0.011223856
491 158 29 32 0.011222908
972 262 20 25 0.011219963
221 353 10 11 0.011219547
224 333 11 15 0.011219448
629 558 10 10 0.011218295
956 506 16 20 0.011214392
168 720 8 11 0.011213906
974 616 10 15 0.011212893
585 502 38 51 0.011212821
9 32 46 64 0.0112092225
0 0 8 11 0.011208125
591 560 22 23 0.011205265
237 331 8 11 0.011201597
949 436 16 22 0.011200642
0 597 16 26 0.011197676
800 192 21 26 0.011196268
245 326 12 16 0.011195516
24 190 15 22 0.011193933
871 514 8 10 0.011191366
441 718 10 11 0.01119052
0 525 8 15 0.011189142
871 616 14 14 0.011188618
9 593 10 14 0.011185928
525 727 34 29 0.011184728
140 712 21 25 0.011179163
7 27 79 121 0.011176887
167 262 23 31 0.011176562
767 131 13 16 0.0111763505
412 692 20 26 0.011176194
403 141 54 66 0.011174165
513 701 10 14 0.01117347
219 128 46 52 0.01117163
528 204 66 81 0.011166206
754 294 51 68 0.011164605
528 177 48 48 0.011163679
396 0 39 29 0.011162873
67 707 15 18 0.011160305
879 196 18 17 0.01115754
481 239 12 22 0.011157516
551 599 31 40 0.01115731
0 43 30 60 0.011156583
813 434 44 57 0.011156575
714 32 47 64 0.011155605
156 323 21 28 0.011154575
14 746 31 10 0.011150281
333 570 209 186 0.011142874
860 357 164 265 0.011140992
119 710 11 14 0.011140535
598 725 9 9 0.011135273
595 684 8 9 0.011133109
360 80 30 37 0.011132781
817 359 26 38 0.011131706
608 504 38 50 0.011129854
343 423 9 12 0.0111256605
817 340 14 16 0.011125624
69 331 38 49 0.011125572
747 91 24 33 0.011121275
761 116 41 55 0.011121144
560 443 27 34 0.011120642
51 20 44 66 0.011118853
956 257 68 125 0.011118814
516 736 8 10 0.011118499
596 505 20 25 0.01111731
568 31 49 66 0.011117179
345 281 18 20 0.01111276
291 0 49 51 0.011110556
245 357 34 39 0.011110191
621 684 9 12 0.011108686
265 280 28 40 0.011108433
493 580 29 32 0.011107517
716 101 62 75 0.011106311
257 713 23 32 0.011096438
626 43 49 64 0.011095938
588 688 35 40 0.011093733
235 693 10 11 0.011091693
342 182 23 40 0.011091476
739 137 23 31 0.011090155
494 242 25 29 0.0110883145
320 696 17 24 0.011088212
607 179 51 65 0.011087053
812 0 44 39 0.011086418
316 426 26 32 0.011084368
677 611 12 15 0.011083632
162 723 8 10 0.011083539
960 622 13 18 0.011082323
181 670 24 31 0.011080937
281 664 19 23 0.011080312
868 66 72 91 0.011080117
800 145 37 44 0.011074149
87 328 13 15 0.011071476
864 503 29 38 0.011071418
61 324 20 28 0.011071256
932 275 67 107 0.011070816
161 702 9 12 0.011066732
43 360 15 17 0.011065446
93 418 13 16 0.01106283
899 223 20 24 0.0110603925
844 620 10 12 0.011059891
0 388 14 26 0.011059783
207 261 11 21 0.011058178
481 354 50 58 0.011056941
902 225 13 16 0.011055506
319 671 11 16 0.01105511
411 717 9 10 0.011054892
238 356 16 15 0.0110547105
554 335 28 30 0.011054257
248 523 75 100 0.011053528
954 662 9 10 0.011046177
1 3 27 40 0.01104124
54 294 13 18 0.011039481
106 715 7 10 0.011036972
87 346 24 30 0.011034177
5 0 27 27 0.011033331
87 311 14 17 0.011022898
835 152 17 20 0.011017988
910 353 13 16 0.011014576
172 732 12 15 0.01101349
370 171 24 33 0.01101349
82 230 30 40 0.011012506
909 54 33 43 0.01101136
290 478 17 19 0.0110108955
149 736 9 12 0.01100692
232 0 43 39 0.011006586
91 418 19 27 0.0110031245
216 321 14 19 0.010999301
589 704 16 18 0.010999088
542 681 11 14 0.01099841
239 289 27 33 0.010996739
879 473 15 23 0.01099587
416 20 49 72 0.010991501
463 29 26 33 0.010990061
692 74 43 54 0.010988144
515 698 8 10 0.01098575
28 470 30 39 0.010982613
635 319 30 42 0.01098018
161 74 49 65 0.0109798005
23 374 15 20 0.010979643
108 0 45 43 0.010978826
407 674 9 10 0.010978549
834 155 11 13 0.010977079
117 315 11 14 0.010976
272 272 16 22 0.01097571
349 335 10 11 0.010974911
26 240 13 19 0.010974064
954 0 26 23 0.010971177
987 631 17 20 0.01097017
668 173 74 102 0.010969092
166 700 17 20 0.010967135
958 406 20 27 0.010966851
849 256 9 12 0.010966511
945 476 12 15 0.010965985
666 57 36 45 0.010963196
250 242 69 91 0.01096313
60 135 22 31 0.010961333
699 512 38 48 0.010953554
286 697 23 28 0.010950758
957 381 19 25 0.01095009
1021 580 3 30 0.010948558
816 278 40 56 0.010946742
409 148 33 47 0.01094195
395 311 41 51 0.010939845
430 100 27 39 0.010935274
28 424 13 13 0.010933449
454 272 65 85 0.010931808
263 335 35 45 0.010931721
159 681 12 16 0.01093161
197 722 15 19 0.010930476
1005 157 19 34 0.01092479
85 110 33 47 0.010924075
574 746 30 10 0.0109205665
93 718 9 12 0.0109197395
121 698 17 23 0.0109180035
311 481 14 17 0.010917259
86 297 20 25 0.010916178
195 128 48 52 0.010915674
900 638 15 18 0.010915582
488 719 8 10 0.0109139085
840 249 16 20 0.01091296
842 160 27 33 0.010912255
446 688 75 68 0.010911469
10 464 16 19 0.010910841
834 299 8 10 0.010905638
343 311 12 16 0.010902294
990 443 12 18 0.010902268
56 173 25 31 0.010900811
59 698 9 11 0.010900738
107 215 32 46 0.010894779
17 487 13 21 0.010894246
901 350 21 29 0.0108932555
862 144 51 54 0.0108924
227 390 7 15 0.010892298
397 745 31 11 0.010890932
580 234 9 12 0.01089007
507 293 11 12 0.010889666
7 684 13 16 0.010889124
336 473 12 13 0.010882396
824 289 22 25 0.010881551
247 242 24 32 0.010880906
533 195 13 13 0.010880491
569 217 8 10 0.010879577
20 104 24 33 0.010879438
595 0 230 161 0.0108792195
919 62 32 45 0.010878311
916 353 38 55 0.010876173
0 666 27 53 0.010875898
30 138 24 29 0.010874469
891 116 64 77 0.010873202
555 680 73 76 0.010872523
874 520 8 10 0.010872094
422 686 12 14 0.010871643
162 462 141 197 0.010871158
910 381 10 13 0.010870147
513 695 8 10 0.010869438
197 376 10 10 0.010867831
672 602 9 12 0.010867823
440 694 9 11 0.010863687
64 153 12 14 0.010862945
791 280 34 61 0.010861197
17 483 9 12 0.010858299
845 614 23 22 0.010856814
50 546 8 11 0.010855434
278 729 24 27 0.01085496
459 713 18 21 0.010853954
0 657 68 99 0.010851992
572 697 8 10 0.010849378
42 169 19 27 0.010846867
809 256 11 17 0.01084677
926 225 14 18 0.010846157
945 353 11 14 0.010845237
239 87 49 65 0.010844393
254 338 8 10 0.010843984
167 726 10 12 0.010843809
824 15 72 95 0.010843377
1022 615 2 22 0.010841582
587 426 34 47 0.010841048
727 712 63 44 0.010840598
944 524 24 33 0.010838697
8 561 12 15 0.010838502
805 185 13 17 0.010837036
892 205 17 20 0.010832286
56 709 11 15 0.010831151
425 65 69 85 0.010830211
612 79 53 60 0.010828876
48 660 36 50 0.010828225
601 695 7 9 0.010826244
921 232 17 20 0.01082398
4 736 37 20 0.010823431
792 243 21 31 0.010822856
968 344 9 11 0.010821629
98 117 40 54 0.010820767
541 731 10 15 0.010820282
231 341 13 17 0.010817484
464 699 23 22 0.0108154565
53 735 13 16 0.010812384
153 372 16 17 0.010812322
577 374 11 15 0.010812093
175 373 22 26 0.010812047
522 193 20 21 0.010810681
435 711 15 16 0.0108081205
1022 600 2 30 0.010807661
405 683 10 13 0.010803902
1005 645 6 9 0.0108026285
100 166 42 44 0.010802253
942 64 51 68 0.010801372
148 0 238 165 0.010799258
857 54 46 61 0.010797756
288 256 27 36 0.010797466
789 328 22 35 0.010796794
281 98 30 42 0.010793998
593 427 24 30 0.010792941
848 614 10 14 0.010791855
526 713 18 23 0.01079062
270 693 79 63 0.010788303
443 624 34 43 0.010788108
77 280 12 15 0.010787589
257 585 12 14 0.010787145
459 720 51 36 0.010786649
143 348 23 32 0.010777371
554 746 32 10 0.010776335
566 190 7 9 0.01077617
502 290 16 26 0.010775942
655 65 35 41 0.01077414
942 631 10 13 0.010772441
729 411 76 101 0.010772162
621 679 8 10 0.010772145
271 336 9 11 0.010769974
828 260 9 12 0.010768012
413 0 139 103 0.0107621085
557 242 24 35 0.010757612
121 181 36 49 0.010757517
885 325 23 35 0.010754839
866 277 26 39 0.01075433
791 311 23 38 0.010754132
261 321 11 14 0.010754098
708 472 21 28 0.010750141
632 217 9 9 0.010749179
402 689 12 18 0.010748711
321 634 40 53 0.010746761
162 709 9 11 0.0107398415
32 460 24 32 0.010739039
516 307 32 37 0.01073799
116 744 27 12 0.010730983
324 225 37 57 0.010728485
540 196 9 11 0.010728096
671 477 16 20 0.010727314
843 145 46 53 0.0107267955
465 242 21 26 0.010723292
0 305 12 28 0.010722068
16 685 13 16 0.010715236
887 396 39 55 0.010714979
561 229 8 12 0.010712851
584 465 12 17 0.010710875
726 129 25 30 0.010710408
799 446 40 56 0.010709346
647 601 33 44 0.010704253
964 112 27 35 0.010703967
949 392 69 102 0.0107036205
788 143 64 87 0.010702802
47 481 27 35 0.0107020475
852 337 10 11 0.010701917
722 74 51 65 0.010701793
438 149 46 58 0.010700767
801 172 18 22 0.01069847
724 361 81 111 0.010694786
574 469 22 30 0.010694294
896 427 14 20 0.010692006
907 640 8 10 0.010689004
127 125 47 54 0.010686818
172 720 8 11 0.010686054
950 619 22 26 0.01068341
874 640 13 10 0.010678911
344 449 14 18 0.010678315
0 491 12 24 0.010678129
65 208 25 38 0.010676901
447 86 76 90 0.01067666
408 634 39 55 0.010674586
917 326 49 65 0.010673431
911 247 15 19 0.010673291
958 455 10 14 0.010672327
1020 34 4 33 0.010669745
625 558 15 18 0.0106689995
407 715 13 16 0.010667761
940 629 37 45 0.010667503
804 251 18 27 0.010664075
200 250 15 20 0.010663415
529 730 11 16 0.010661803
694 180 173 184 0.010661564
39 179 62 82 0.010659303
631 505 155 204 0.01065777
267 231 23 29 0.010651455
615 699 10 14 0.010651052
859 331 10 12 0.010651038
22 21 47 66 0.010650383
767 43 56 77 0.0106499735
254 342 15 17 0.01064818
843 615 11 13 0.01064805
150 683 10 12 0.010647811
24 320 20 25 0.010643373
175 744 33 12 0.010642923
49 371 36 47 0.010642446
349 234 46 58 0.010640816
150 146 47 54 0.010633283
578 298 19 23 0.010630637
9 678 11 12 0.010630549
520 692 8 9 0.010629619
814 340 10 11 0.010629575
91 300 13 14 0.010628654
709 0 44 38 0.010622794
559 668 12 12 0.010619808
407 139 27 37 0.010619748
885 224 9 12 0.010619077
459 319 14 22 0.0106181055
8 28 25 33 0.010617155
14 241 13 17 0.010616929
0 641 22 47 0.010615943
1022 13 2 29 0.010614916
168 256 157 224 0.010614776
127 711 10 14 0.010614205
21 413 14 15 0.010608809
810 217 16 18 0.010608615
142 314 21 27 0.010606146
388 121 37 34 0.010600275
227 489 74 103 0.010599802
53 92 147 176 0.01059806
403 429 27 38 0.010596149
149 314 14 17 0.010595942
71 147 71 83 0.010595469
619 531 21 27 0.010594116
707 320 44 51 0.010593501
814 129 44 61 0.010592852
303 667 16 19 0.010592701
470 476 28 49 0.010591851
569 685 8 11 0.010590857
61 310 32 42 0.01059048
566 413 32 45 0.010589919
577 417 165 212 0.010585898
846 373 19 18 0.010585754
161 364 15 17 0.010584096
256 705 22 28 0.010582646
891 390 14 17 0.010578537
362 502 44 64 0.0105782915
852 182 14 18 0.010577401
561 196 19 21 0.010575607
361 474 20 25 0.010573205
963 329 8 12 0.01057273
48 0 37 35 0.010567126
924 334 10 15 0.0105659105
43 679 31 41 0.010565667
227 75 48 66 0.010565444
873 257 26 26 0.010562688
70 325 19 26 0.010561266
502 695 10 18 0.010558719
977 105 47 96 0.010558404
502 159 29 33 0.010556609
253 243 12 15 0.010554858
975 344 8 12 0.010551505
54 544 11 16 0.010550161
273 291 15 22 0.010549476
201 705 15 16 0.01054905
262 337 10 13 0.010549033
77 711 8 9 0.010547524
496 221 10 13 0.010547351
826 221 15 20 0.01054697
199 354 17 19 0.010546379
260 297 14 18 0.010545922
175 378 17 15 0.010545469
363 179 75 98 0.010542492
604 677 14 15 0.010539273
16 498 15 17 0.010538751
484 214 10 17 0.010537536
419 30 71 93 0.010537358
381 342 23 34 0.010534966
710 77 28 38 0.010530704
946 483 21 36 0.010529398
778 211 13 15 0.010529174
182 700 10 11 0.010527184
787 515 21 25 0.010523053
916 296 25 34 0.010520778
807 697 57 59 0.010520252
481 270 90 118 0.0105193155
575 225 9 11 0.010519
284 654 29 33 0.010518531
688 616 20 27 0.010517024
237 658 42 57 0.010514874
38 157 38 49 0.010513033
916 240 15 21 0.010511232
725 58 42 57 0.010508968
91 172 68 82 0.010505273
922 389 13 16 0.010504528
122 453 13 18 0.010504051
1009 327 15 34 0.01050339
555 323 19 22 0.010502866
406 0 42 39 0.010501296
332 152 10 10 0.010500673
8 198 19 23 0.010500001
959 479 10 11 0.010498246
991 120 33 56 0.010497405
573 689 37 39 0.010497073
947 416 15 20 0.010494822
336 331 17 21 0.0104936315
131 639 24 26 0.010492438
963 323 11 15 0.01049188
928 240 13 17 0.010490552
475 0 39 30 0.010490199
930 245 94 211 0.010489769
0 719 6 16 0.010488212
963 338 8 12 0.010488199
14 589 12 15 0.010487965
403 673 33 35 0.010486809
869 389 66 87 0.010486364
18 551 18 23 0.010484213
961 0 28 29 0.010483403
368 308 55 71 0.010482053
927 202 38 51 0.010477925
102 429 19 21 0.01047619
859 160 25 26 0.01047308
283 89 44 59 0.0104689365
226 365 25 27 0.010467179
866 272 10 12 0.010467005
654 707 45 49 0.010465113
0 701 18 31 0.010464438
468 0 20 15 0.010463247
133 231 50 65 0.010460518
828 299 24 25 0.010460515
862 225 10 17 0.0104605
0 25 224 302 0.010460428
832 264 27 32 0.010459302
444 587 42 53 0.010457547
934 145 40 49 0.010454831
365 41 70 91 0.0104523385
151 742 11 13 0.010451699
735 34 45 64 0.01045103
826 267 42 49 0.01044858
358 733 46 23 0.010447401
749 54 44 61 0.010446509
866 242 16 19 0.0104461685
58 498 12 18 0.0104431575
130 197 42 57 0.010442428
0 690 8 19 0.01044078
551 446 37 53 0.010440762
783 424 69 91 0.010440372
890 709 68 47 0.010440185
577 444 20 30 0.010435772
60 596 19 21 0.010435513
526 741 26 15 0.01043299
847 259 9 13 0.010432387
122 708 11 14 0.010432153
877 64 47 65 0.010431181
887 541 7 10 0.010430388
926 461 13 17 0.010429787
443 635 23 28 0.0104289325
27 343 11 17 0.010428222
931 325 19 27 0.010424433
912 428 22 27 0.010422708
0 526 29 47 0.0104225185
53 340 23 30 0.010420828
456 190 23 28 0.010419464
40 307 26 33 0.010416598
341 0 43 40 0.010415996
423 709 11 14 0.010415208
529 741 11 13 0.010413674
413 718 10 11 0.0104135685
104 90 33 47 0.010410588
469 368 49 56 0.010410112
252 66 48 65 0.010409985
649 53 111 130 0.010409187
163 680 13 17 0.010408514
545 710 18 25 0.010407029
79 713 9 10 0.010405133
595 515 40 49 0.010404927
871 271 12 16 0.010404906
438 681 8 9 0.010403608
26 173 38 51 0.01040299
55 556 9 13 0.010402361
844 94 74 94 0.0103996685
437 121 27 32 0.010397208
104 470 144 198 0.010397041
16 480 16 22 0.010396387
818 197 13 17 0.0103945155
133 98 36 45 0.0103941625
967 608 8 10 0.010393487
529 679 18 21 0.010391927
871 0 65 64 0.010391408
626 567 10 12 0.010391368
58 26 26 35 0.010389964
476 2 94 91 0.010387901
112 324 14 19 0.01038208
457 707 10 10 0.010381614
42 532 13 20 0.010377119
0 194 11 29 0.010376462
805 354 13 15 0.010374086
58 646 59 83 0.010371927
586 202 11 13 0.010371459
623 604 41 52 0.010369356
437 9 50 67 0.010367975
123 702 11 15 0.010367009
414 53 48 64 0.010366571
1 142 10 13 0.010361021
839 275 40 57 0.010357069
478 699 12 15 0.010356174
1022 75 2 28 0.010355006
242 341 14 20 0.010353383
942 446 11 13 0.010350489
406 266 29 36 0.01034952
70 682 9 13 0.010348864
269 680 12 13 0.010348355
220 392 12 17 0.010347705
527 339 22 28 0.010347029
932 622 11 17 0.010346838
951 664 9 11 0.010346591
276 285 17 23 0.010346184
971 79 25 31 0.010344148
896 414 20 25 0.010341977
483 152 26 29 0.010339503
828 0 63 63 0.01033926
245 342 9 11 0.010338431
517 675 11 12 0.010337797
458 713 10 10 0.010337231
876 555 9 11 0.010335655
524 1 94 94 0.01033557
713 361 15 19 0.01033465
88 586 14 15 0.010330178
1021 180 3 24 0.010330157
702 447 24 32 0.010329067
502 690 12 16 0.0103282295
541 430 20 29 0.010323961
58 706 12 15 0.010320957
631 564 9 10 0.010319564
118 717 10 12 0.01031794
932 419 18 25 0.010317704
191 725 13 16 0.010312512
580 454 25 38 0.010312147
518 726 8 9 0.0103109265
923 352 14 19 0.010310158
141 728 8 10 0.010309979
812 515 11 12 0.010308944
762 171 25 28 0.01030893
157 510 27 46 0.010307947
752 216 34 44 0.010307394
450 741 38 15 0.010306789
509 697 9 13 0.010303962
238 272 24 29 0.0103036845
121 114 117 151 0.010303514
866 185 19 24 0.010303143
19 539 21 30 0.010302478
608 41 81 88 0.0102985045
207 323 15 20 0.010298471
0 660 9 21 0.010297137
281 331 14 15 0.010295933
513 572 214 184 0.010294117
189 35 71 95 0.010293251
321 481 26 33 0.010289493
26 275 34 48 0.010287332
870 251 16 16 0.010286185
36 732 14 16 0.010283275
542 743 34 13 0.010283236
61 702 9 12 0.010279964
770 20 46 68 0.010279882
419 119 24 28 0.010278401
753 108 25 32 0.010278273
243 353 16 17 0.010277481
107 709 8 10 0.010274876
164 367 62 82 0.010273632
531 240 18 21 0.010272043
753 153 13 14 0.010271798
544 480 15 20 0.010269719
172 367 10 11 0.0102683455
72 99 31 41 0.01026794
795 305 42 57 0.010266811
885 465 37 49 0.0102638565
182 707 33 37 0.01026205
12 500 20 30 0.010261268
35 564 10 13 0.010260006
294 516 81 112 0.010259369
0 497 24 35 0.010258573
744 453 34 49 0.0102575505
959 103 28 34 0.010256161
785 244 36 51 0.010255717
43 416 21 25 0.010251339
248 333 8 12 0.010248991
973 262 13 18 0.010247222
896 410 47 56 0.0102456445
0 631 19 37 0.010244732
622 662 89 94 0.010243929
530 210 23 24 0.010242899
970 146 45 44 0.010241747
39 185 18 23 0.010241278
1012 569 12 39 0.010239947
108 710 10 12 0.010238323
771 139 17 22 0.01023514
0 230 12 23 0.010234912
740 707 11 17 0.0102321245
190 376 23 23 0.010231143
165 471 24 30 0.010229912
591 307 22 28 0.010227254
49 171 44 57 0.010225665
366 660 152 96 0.010225276
1001 138 13 15 0.010223667
114 291 13 19 0.010222286
913 308 30 46 0.010221273
35 547 20 25 0.010221069
28 357 14 18 0.010220486
918 0 25 24 0.010220415
947 197 44 60 0.010220031
117 52 50 75 0.010219657
663 645 13 12 0.010217272
876 248 19 18 0.010215156
32 350 12 15 0.010213788
678 589 24 30 0.01021307
364 65 38 50 0.010212785
934 629 11 13 0.010212137
282 738 29 18 0.010210895
650 118 104 125 0.010208445
54 464 135 188 0.010205074
527 436 23 31 0.01020498
581 693 13 13 0.010203379
916 337 19 25 0.01020221
225 724 9 11 0.010200839
435 715 9 9 0.010200536
669 597 10 14 0.010200449
934 59 42 57 0.010195186
932 463 9 11 0.010195184
790 185 27 35 0.010194615
96 203 27 32 0.010192359
950 93 48 63 0.010190194
812 328 27 34 0.010188836
166 711 31 37 0.010187199
956 649 8 10 0.01018479
140 706 17 21 0.0101841595
518 326 18 21 0.010183703
527 716 8 10 0.010182165
12 0 42 41 0.010182151
179 272 19 22 0.010178521
686 352 80 121 0.010178114
864 699 63 57 0.010177146
1007 326 11 16 0.010176446
607 702 11 14 0.010176054
148 746 21 10 0.010175913
968 330 15 18 0.010174006
613 694 9 9 0.010171111
657 80 25 34 0.010170755
45 697 22 29 0.01016896
548 732 47 24 0.0101680085
389 313 15 18 0.010167649
728 620 20 23 0.0101676425
361 329 12 16 0.010167587
461 191 9 10 0.010167583
23 677 41 55 0.010165659
901 163 46 54 0.010164569
554 710 17 24 0.01016436
889 199 9 10 0.0101609435
945 386 19 26 0.010160766
166 739 12 14 0.010160027
876 102 53 62 0.01015949
702 329 84 115 0.010158747
944 320 44 63 0.010158578
133 744 20 12 0.010157791
188 693 11 12 0.0101573635
494 728 40 28 0.010157281
713 577 43 55 0.010151811
517 695 7 9 0.010151146
880 521 7 11 0.01015095
530 717 10 11 0.010150315
1022 47 2 27 0.010148939
579 722 58 34 0.010146109
484 677 14 18 0.010145845
60 337 52 68 0.010144369
469 196 26 32 0.010144261
243 129 47 55 0.010144231
112 222 20 28 0.0101431245
855 356 38 47 0.010142781
64 474 39 48 0.010141926
674 599 10 12 0.010141732
445 718 9 11 0.010137627
1014 643 7 10 0.010136545
206 354 17 17 0.010133219
190 0 43 40 0.010132653
869 508 11 12 0.010132042
992 361 32 67 0.010131701
987 298 17 22 0.010131667
683 664 97 92 0.010130563
92 737 42 19 0.01012998
0 32 10 18 0.010129816
318 693 13 17 0.010129538
815 344 23 28 0.010129143
545 158 53 58 0.010128365
576 233 27 32 0.010126533
566 198 10 14 0.010126398
285 0 115 125 0.0101260105
200 268 15 21 0.010124117
911 262 24 31 0.010123109
923 30 40 54 0.010120316
858 609 41 45 0.010119891
987 10 37 79 0.010118659
189 376 40 46 0.010117426
400 130 30 26 0.01011532
54 589 39 50 0.010114841
85 409 15 17 0.010114244
957 23 41 56 0.010113214
364 318 22 31 0.010112182
32 438 16 18 0.010112166
445 35 77 97 0.010112064
593 475 9 12 0.010112047
0 534 9 18 0.0101119345
207 366 23 25 0.010109597
608 698 18 26 0.01010888
550 202 21 28 0.010103049
134 650 11 9 0.010102987
589 495 20 27 0.010101096
520 336 39 45 0.010099949
773 0 44 41 0.01009933
189 386 14 16 0.010097213
479 722 11 13 0.010093643
556 235 19 31 0.010090079
135 278 8 10 0.010088931
954 354 13 16 0.010087338
834 341 17 18 0.010086511
54 522 8 12 0.010086306
272 324 40 49 0.010086156
246 358 10 10 0.010084932
999 445 25 57 0.010084668
57 387 23 32 0.010084222
952 440 11 15 0.010083657
432 579 27 37 0.010082932
587 460 13 19 0.01008274
959 0 48 51 0.010082051
854 0 53 55 0.010080458
636 125 48 59 0.010078824
35 32 46 67 0.010076744
421 697 11 12 0.0100716455
960 400 9 13 0.010070529
343 499 24 31 0.010069681
46 194 28 35 0.010063932
974 412 13 15 0.010063723
745 730 55 26 0.010063683
611 103 52 61 0.010061938
37 140 11 13 0.010058455
996 332 8 10 0.010057313
353 109 49 57 0.010054859
367 719 54 37 0.010052718
757 152 40 50 0.010052126
941 358 20 26 0.010052081
57 551 9 11 0.010051464
791 76 43 58 0.0100513175
271 496 77 106 0.010050356
46 373 14 17 0.010049498
846 142 21 23 0.01004314
186 29 48 69 0.010042065
702 385 24 32 0.010037857
804 263 24 36 0.010037228
308 0 44 40 0.010036971
569 195 16 15 0.0100368485
536 720 11 15 0.010035868
629 598 173 158 0.010035443
770 278 46 72 0.010033376
567 679 9 10 0.010032591
460 15 41 55 0.010032045
83 711 10 10 0.0100307185
0 556 10 23 0.010030624
1022 25 2 27 0.010030229
940 419 50 70 0.010029325
1000 540 13 19 0.010029054
523 278 25 31 0.010028589
924 48 21 26 0.010026197
169 733 7 10 0.010025715
436 720 55 36 0.010023412
659 143 28 35 0.010021136
397 673 22 29 0.010018282
716 265 77 102 0.010018173
597 681 11 12 0.010016558
964 374 20 27 0.010016206
230 696 16 20 0.010015263
852 288 21 29 0.010014252
585 746 31 10 0.010012501
274 70 43 62 0.010012167
532 437 12 16 0.01001137
104 687 11 15 0.010009321
888 649 9 11 0.01000902
919 357 18 22 0.010006607
796 472 25 38 0.010005259
525 18 49 70 0.010003463
696 615 29 32 0.010003055
802 357 26 42 0.01000303
318 376 160 212 0.01000238
782 139 42 50 0.010002067
151 380 14 17 0.010001138
948 397 12 16 0.010000956