58_Hockey_icehockey_puck_58_592
2096
966 394 30 34 0.81378675
181 329 16 20 0.75012535
540 350 28 28 0.7230203
715 332 13 15 0.6737959
865 341 14 17 0.5685722
691 356 16 20 0.5614129
690 364 13 16 0.09684211
972 487 14 9 0.09668004
563 433 8 11 0.09618584
980 317 10 17 0.08525587
693 362 10 12 0.080381215
882 360 8 9 0.07715139
870 342 15 17 0.072903134
686 369 14 14 0.070512034
685 350 24 30 0.0701966
990 316 15 20 0.065249324
535 343 40 45 0.064829715
894 395 13 24 0.06470031
717 428 11 16 0.05623959
685 358 17 15 0.05536228
865 345 18 21 0.05497937
983 317 15 19 0.0532955
713 327 18 25 0.05194697
709 410 9 11 0.05054661
861 345 16 17 0.048937384
507 550 12 17 0.048832238
177 321 23 34 0.048590224
887 375 10 13 0.04817553
869 347 11 12 0.047694393
532 456 16 13 0.047367398
874 442 9 12 0.04630576
879 356 10 12 0.046243437
183 333 18 24 0.04605574
697 355 15 17 0.04553461
972 484 12 9 0.045456033
177 367 18 24 0.044106964
546 358 18 17 0.044065546
718 337 9 12 0.041902892
833 450 8 9 0.041902706
7 0 403 208 0.040479977
811 387 13 21 0.038860623
471 577 18 10 0.03855166
696 360 11 12 0.038110767
1003 303 17 23 0.038090214
874 348 13 15 0.037950993
863 417 18 22 0.03784894
936 459 17 16 0.03730474
884 361 9 12 0.037033573
181 319 16 23 0.036488947
692 363 18 23 0.036361374
722 355 7 9 0.036301132
861 334 16 22 0.036162622
925 464 23 20 0.03563766
695 366 9 11 0.03549438
693 346 16 22 0.034302913
174 324 18 24 0.033219967
1015 332 9 15 0.033211406
688 351 14 19 0.03305834
634 386 11 9 0.032867856
957 486 13 12 0.032756165
556 435 17 21 0.03212385
973 490 12 11 0.031171463
845 440 9 11 0.031133201
827 376 6 9 0.031094542
719 335 12 13 0.030767918
875 424 16 22 0.030757407
490 208 25 33 0.030582543
701 382 12 19 0.03044975
693 370 8 10 0.030095872
905 458 12 14 0.029989136
871 334 16 19 0.029970776
711 335 13 16 0.029764628
720 351 8 11 0.029702941
161 385 14 16 0.029626526
536 454 12 11 0.029360028
181 381 14 13 0.029325431
498 535 9 14 0.029038936
875 358 11 14 0.028929554
867 349 9 12 0.0287441
718 327 12 15 0.028712537
884 356 9 12 0.028656652
845 444 9 12 0.028430874
701 350 12 16 0.028420292
735 369 6 9 0.028308893
188 328 17 23 0.028085768
681 376 22 26 0.02807745
508 542 15 24 0.028025702
861 416 11 10 0.02789148
977 315 10 16 0.027837569
835 447 11 12 0.027719336
692 374 21 27 0.027682472
879 361 9 11 0.027479576
865 450 17 22 0.027438074
868 338 13 15 0.027267454
691 374 11 12 0.02715011
878 345 10 14 0.02685896
970 409 24 26 0.026770765
948 400 8 11 0.026768045
712 318 17 25 0.026761692
81 233 20 21 0.026669662
887 379 11 16 0.026612712
744 181 31 37 0.026571142
684 338 20 27 0.026567396
714 330 9 12 0.026350437
73 232 41 48 0.026309187
670 379 21 26 0.026261002
537 343 14 19 0.026141629
532 462 16 12 0.025999812
718 432 7 11 0.02599589
952 383 36 44 0.025964187
648 378 7 10 0.025959957
985 321 19 22 0.025864666
873 346 9 11 0.025801474
538 347 16 23 0.025699256
969 488 12 11 0.025541557
649 389 19 23 0.025472654
717 426 9 11 0.02495107
863 335 26 33 0.024895035
493 396 12 13 0.024785347
884 368 11 15 0.024571149
991 488 10 11 0.024506759
975 379 43 49 0.024498519
479 380 20 22 0.024494888
703 344 20 26 0.024484582
867 354 18 23 0.024457224
165 22 319 179 0.024300449
186 326 13 18 0.024288662
976 484 12 10 0.024266727
720 428 13 18 0.024254302
682 355 13 17 0.024205247
877 399 13 18 0.024121802
715 340 20 26 0.024008209
709 412 11 15 0.023894757
195 395 10 13 0.023755653
178 338 15 19 0.023740752
499 220 23 33 0.023709698
997 320 13 18 0.023688592
182 342 15 21 0.023648154
1003 307 13 15 0.023599751
705 388 10 15 0.023330742
539 358 34 43 0.023281982
686 375 12 15 0.022996763
479 388 21 23 0.022870643
867 453 10 14 0.022843586
682 360 18 23 0.022825187
870 355 12 13 0.02279333
822 373 9 13 0.022761341
883 366 9 13 0.02275395
545 349 16 21 0.022752864
892 377 6 10 0.022671461
689 370 17 23 0.022669826
680 387 22 26 0.02263297
974 478 11 12 0.022594102
882 354 6 9 0.022555921
855 340 17 22 0.022532528
879 341 8 13 0.022488104
906 465 13 10 0.022415116
539 323 33 42 0.022374528
0 0 194 190 0.022240292
684 371 12 15 0.022194738
702 345 12 15 0.022180019
530 351 22 24 0.022096582
862 341 11 13 0.022071065
960 155 23 27 0.022054786
875 340 17 23 0.021965045
980 312 13 17 0.021962708
736 367 10 15 0.02181485
978 319 15 22 0.021813562
1019 362 5 20 0.021805132
997 306 18 24 0.021765254
717 343 10 12 0.02174554
880 428 11 15 0.021653742
665 302 57 81 0.021639738
650 292 9 12 0.021636918
724 352 8 11 0.021573061
875 432 18 22 0.021567974
509 237 22 28 0.02154856
880 426 18 23 0.021528019
480 385 15 14 0.021507038
878 350 16 19 0.021370439
128 64 228 146 0.021362212
814 394 12 17 0.02134361
876 357 8 10 0.02130964
692 387 22 27 0.021295993
107 384 7 9 0.021284433
1019 370 5 21 0.0212658
188 394 10 14 0.021246977
839 347 8 9 0.021052433
650 380 10 10 0.02101322
643 301 57 83 0.020970684
297 226 15 12 0.020937923
933 466 13 12 0.020908622
807 0 217 229 0.020853575
888 379 17 27 0.02082642
988 322 12 15 0.020755107
507 225 23 32 0.020726498
844 436 10 11 0.020692637
701 357 8 12 0.020577036
889 375 12 18 0.02047777
875 437 12 15 0.020385392
177 317 15 20 0.020379253
721 348 9 12 0.02030103
189 333 12 14 0.020297728
402 509 18 13 0.020285508
474 487 26 24 0.020258613
720 333 17 21 0.02019959
875 351 7 10 0.020193871
462 220 25 32 0.020185513
647 376 7 9 0.020045893
872 445 10 13 0.019990692
867 410 21 29 0.019948775
734 371 8 14 0.019772194
185 342 19 24 0.019677682
871 449 11 13 0.019664409
180 350 18 26 0.01961188
704 393 9 11 0.019609554
885 409 17 28 0.01959981
699 365 11 14 0.019528115
992 319 9 14 0.019463517
979 322 8 14 0.019411083
983 324 9 12 0.01939997
482 213 21 29 0.01939268
1016 323 8 19 0.019387163
891 400 14 26 0.019338513
1018 376 6 21 0.019297007
868 446 10 12 0.019241195
827 374 10 12 0.01922051
691 358 10 12 0.01916218
832 446 8 11 0.01916106
940 451 18 25 0.019133361
837 350 10 11 0.019087179
847 443 11 14 0.019083934
832 363 10 11 0.019060023
956 403 36 43 0.019045176
523 0 422 309 0.019023253
659 388 21 26 0.018947417
958 471 14 10 0.018915595
713 416 11 15 0.01889499
567 435 6 9 0.018882342
985 327 13 14 0.018865472
1020 355 4 18 0.018855844
160 385 9 13 0.018758645
696 372 8 11 0.018733678
671 388 11 14 0.018691028
882 365 7 9 0.018687451
519 227 25 29 0.018618472
449 507 9 9 0.018603912
699 354 22 27 0.018589947
650 375 33 48 0.01851361
908 468 14 13 0.018493354
859 344 11 14 0.018390711
974 494 10 10 0.01832672
971 482 9 9 0.018308304
550 351 18 19 0.01830288
919 339 9 12 0.018298505
1005 295 18 25 0.018280387
691 340 13 14 0.018264275
718 320 18 23 0.018224197
685 282 60 82 0.01821588
709 344 11 15 0.01820239
471 389 20 23 0.01819277
559 436 11 14 0.018162617
714 425 7 10 0.01813028
898 401 12 19 0.018084683
0 0 81 98 0.0180774
892 574 132 194 0.018071039
702 324 17 22 0.018058073
964 369 35 54 0.01804884
681 376 13 15 0.01801576
540 355 17 19 0.018008664
1020 390 4 19 0.018007798
978 488 10 10 0.017999621
240 394 8 10 0.017922286
169 339 23 30 0.017856747
963 484 17 13 0.01784384
1020 120 4 18 0.01784089
866 458 11 15 0.017840533
570 110 293 368 0.017806832
716 350 8 11 0.017805945
736 371 11 18 0.01779677
841 446 10 11 0.017782561
694 323 20 26 0.017765354
908 442 9 13 0.01770949
987 307 17 23 0.017689897
1009 316 15 25 0.017665451
522 318 38 47 0.017630262
534 341 13 16 0.017567217
886 230 12 10 0.017567175
523 353 37 41 0.017538033
832 453 8 9 0.017533675
871 364 20 27 0.017510828
703 332 12 15 0.017502958
701 378 10 17 0.017493857
998 301 26 36 0.017475314
865 422 12 14 0.017466536
883 380 11 16 0.01745233
475 218 21 28 0.017371856
921 693 103 75 0.017333133
696 388 14 14 0.017296687
930 452 21 22 0.017292816
173 333 17 21 0.017212318
929 554 16 16 0.01720825
819 365 15 19 0.017192269
56 481 21 19 0.017180892
1002 316 14 19 0.01711431
183 385 13 14 0.017067911
490 223 23 33 0.017051548
696 341 13 14 0.017042536
825 539 14 13 0.017026523
838 442 11 13 0.016986405
685 347 13 18 0.01696284
711 423 16 25 0.016946489
892 382 11 16 0.016931232
176 353 15 20 0.016921615
999 302 14 15 0.01691634
673 344 24 28 0.016915089
691 335 11 12 0.016909651
551 360 19 20 0.016890047
441 516 13 11 0.016881015
887 396 13 20 0.016820926
430 600 25 37 0.016814185
1018 281 6 18 0.016796002
874 441 13 17 0.016793532
881 373 9 13 0.01678916
536 353 12 20 0.016769733
564 426 9 14 0.016765699
1004 751 20 17 0.016753558
951 382 15 19 0.01673501
897 404 8 14 0.016727934
840 449 9 11 0.016726874
539 445 15 16 0.016719041
489 387 22 25 0.016711812
886 364 11 14 0.01669426
879 397 16 25 0.016675198
1002 373 22 43 0.016670514
168 176 31 20 0.016663082
650 375 9 11 0.016642744
184 339 13 14 0.016636835
701 362 8 11 0.016635288
184 353 11 14 0.01662821
970 382 24 35 0.016619164
185 391 11 15 0.016559904
710 323 13 17 0.016535971
169 355 28 37 0.016488194
1021 361 3 14 0.016483169
722 333 9 11 0.01647742
1020 129 4 19 0.016436845
112 325 16 21 0.016410982
512 219 26 31 0.016390476
1020 398 4 19 0.01638874
886 359 10 12 0.016385863
848 444 7 9 0.016380217
704 378 12 18 0.016379397
523 219 26 24 0.01637129
698 371 9 13 0.01634204
560 426 10 14 0.016335014
696 332 33 46 0.016294742
919 548 19 25 0.016288769
1020 424 4 18 0.016274627
239 386 8 11 0.016259845
885 375 7 11 0.016257964
0 582 120 186 0.01624922
1016 313 8 19 0.016232667
693 351 37 47 0.016213961
718 433 11 18 0.016196564
254 168 27 26 0.01616731
27 125 14 19 0.016145729
506 423 12 16 0.016120452
643 374 9 11 0.016086359
448 511 12 10 0.016061265
184 370 14 18 0.016045608
647 356 59 88 0.016035287
717 435 7 11 0.015969431
870 419 16 15 0.01593248
836 559 13 9 0.015927404
909 0 115 99 0.015909977
674 385 12 15 0.015899528
632 385 16 16 0.01588869
866 336 10 14 0.015887117
715 427 8 12 0.01588328
1020 379 4 17 0.015882393
641 378 11 12 0.01585155
719 318 12 17 0.015847098
732 364 10 14 0.015843216
527 413 17 18 0.015835494
696 0 328 383 0.01581005
865 352 12 15 0.01579437
924 455 22 22 0.01574706
1020 433 4 19 0.01573664
531 417 12 13 0.01572808
804 331 19 24 0.015728047
959 358 55 82 0.015727172
0 0 53 67 0.015712073
830 450 9 10 0.015707146
708 404 11 15 0.015676582
693 382 11 16 0.015670847
892 389 13 22 0.01564046
704 401 10 13 0.015631199
545 441 13 18 0.015611155
456 489 14 13 0.015606332
160 389 11 17 0.015604825
972 316 16 22 0.015547263
860 363 22 28 0.015542852
890 404 21 31 0.015529861
473 384 18 19 0.015520724
193 327 12 16 0.015491292
671 366 23 27 0.015489143
542 337 23 34 0.015467733
1021 367 3 15 0.015439619
647 381 8 10 0.015438119
249 217 12 24 0.015437932
951 399 17 24 0.015431237
975 726 49 42 0.015411848
847 435 11 11 0.015390565
978 85 10 10 0.015383711
1020 416 4 18 0.015365487
699 376 8 13 0.0153642045
1001 497 7 9 0.015357853
166 310 37 52 0.015355126
654 381 10 10 0.015353513
1020 408 4 17 0.015350463
553 248 25 29 0.015337691
981 308 26 33 0.015335784
949 389 13 19 0.015329704
2 504 368 264 0.015327132
192 339 17 22 0.015326352
822 338 7 9 0.0153256245
1021 373 3 15 0.015322789
864 465 11 22 0.0153195765
843 534 14 14 0.01530831
498 212 22 26 0.015268151
855 339 12 15 0.015267618
999 294 16 19 0.01525454
809 395 13 16 0.015233343
717 417 15 20 0.015218604
795 331 18 23 0.015210917
829 337 11 14 0.015198713
832 344 11 11 0.015183213
491 576 12 12 0.015174736
696 356 9 12 0.015172149
513 540 17 30 0.01514877
848 448 7 9 0.015144893
712 349 9 10 0.015131816
703 339 11 14 0.015119683
211 175 28 22 0.01510747
935 464 22 22 0.015107122
912 469 18 18 0.015100987
863 436 18 23 0.015098742
186 317 15 21 0.015082893
843 449 11 13 0.015072732
539 362 20 24 0.015070939
697 377 6 9 0.015062141
993 324 12 15 0.015060956
1018 350 6 17 0.015027957
731 368 9 13 0.015013323
464 169 20 32 0.015002167
178 385 13 15 0.015000827
240 389 8 12 0.01498801
199 398 10 14 0.01496504
153 362 7 10 0.014962597
1021 42 3 17 0.014953454
1019 115 5 18 0.014950778
814 378 20 26 0.014943259
184 325 11 14 0.014933246
854 349 13 15 0.014922388
850 354 22 26 0.014909783
863 473 11 20 0.014893358
848 419 10 13 0.01488051
701 335 17 22 0.014879775
954 270 68 109 0.014876178
499 377 22 26 0.01486414
94 390 9 11 0.014839273
1022 126 2 14 0.014831276
844 439 7 10 0.014829714
505 213 25 28 0.014829437
128 382 7 9 0.014822314
952 139 33 41 0.014820304
257 388 8 11 0.014762117
444 511 11 10 0.014755885
550 335 42 49 0.014753151
687 367 31 43 0.014751786
1012 307 12 20 0.01475112
839 343 8 10 0.014739353
873 341 10 12 0.014739151
495 567 14 12 0.014727828
755 184 35 41 0.0146824885
930 374 8 10 0.014674653
646 409 15 22 0.014643767
637 379 20 25 0.014633641
1018 292 6 18 0.014629126
1012 363 12 36 0.01462751
544 316 25 25 0.014619825
686 381 12 15 0.014601223
486 199 24 28 0.014581894
1019 0 5 10 0.014571365
669 387 17 22 0.014563253
836 362 10 12 0.014541265
875 378 12 15 0.014535167
826 362 11 13 0.014511045
835 354 9 10 0.014508196
710 351 8 10 0.014485518
873 402 12 17 0.0144809075
839 435 18 22 0.014466486
872 354 8 10 0.0144544905
844 431 11 11 0.014444829
448 600 37 49 0.014433776
996 314 10 15 0.014429559
652 356 34 50 0.0144120855
992 329 14 17 0.014400113
191 399 19 25 0.0143875135
537 465 10 10 0.014387409
889 359 10 13 0.014362859
916 340 9 13 0.014353658
552 439 11 15 0.014352642
905 455 23 25 0.014350756
640 384 12 13 0.014341563
177 348 13 15 0.014339025
648 382 11 14 0.014336347
835 338 32 42 0.014331531
796 275 30 49 0.014328448
599 0 19 14 0.014319574
820 332 11 15 0.014318269
639 388 20 26 0.014311031
839 436 11 13 0.014307443
882 348 9 14 0.014306338
805 645 198 123 0.014302444
509 370 12 18 0.014302136
852 329 18 24 0.014294537
1016 274 8 14 0.014293841
240 400 7 9 0.014289001
202 389 7 9 0.014281595
826 335 9 14 0.0142807355
878 339 8 11 0.014274973
981 314 8 12 0.014269905
559 455 18 31 0.0142660225
830 346 10 12 0.014265347
817 368 20 26 0.014253322
1018 65 6 20 0.014236466
709 313 28 38 0.014233033
626 228 14 19 0.014222965
198 393 10 11 0.014208305
153 123 91 75 0.014201943
519 335 54 73 0.014193391
104 480 16 15 0.014192114
271 416 8 9 0.014191652
825 367 13 16 0.014182618
968 0 56 53 0.014175164
927 389 8 10 0.014173676
868 363 15 19 0.014169076
870 417 26 33 0.014167665
720 357 8 11 0.0141591085
0 87 10 19 0.014143358
529 346 11 19 0.014136612
998 0 26 26 0.014135867
536 660 47 62 0.014128874
886 370 7 9 0.0141285425
1001 309 10 11 0.01411478
649 398 19 26 0.014096046
167 328 17 23 0.014088514
655 334 35 50 0.014084845
173 368 8 14 0.014080887
183 313 12 15 0.014072925
69 29 379 388 0.014066056
649 411 19 26 0.014061442
253 377 10 13 0.014049908
838 346 21 23 0.01404799
998 326 11 17 0.014036011
875 364 13 16 0.014031408
974 82 18 22 0.014023047
882 354 16 20 0.01400808
864 413 11 11 0.014004466
768 194 18 25 0.014004399
914 448 26 26 0.013999729
1021 392 3 14 0.013994344
672 371 39 51 0.013952992
255 381 9 13 0.013948795
824 380 9 11 0.013941349
193 404 13 15 0.013939052
655 264 118 149 0.013931619
919 561 11 24 0.013918864
0 697 51 71 0.013909602
653 429 9 13 0.013903206
789 0 19 14 0.01388429
917 470 20 19 0.013884174
473 580 14 11 0.013881594
273 398 8 10 0.013880827
32 388 8 9 0.013870976
550 460 23 24 0.013866572
705 397 9 10 0.013848307
542 368 20 26 0.013845445
475 401 12 11 0.013845364
872 0 20 14 0.013828784
766 0 19 14 0.013826127
1018 646 6 23 0.013824273
887 234 13 13 0.01382323
258 392 7 9 0.013822518
455 213 26 32 0.013821918
853 226 11 15 0.013816021
861 0 19 14 0.013814798
538 344 10 11 0.013808112
0 76 270 370 0.01380172
906 0 19 13 0.0137991635
865 265 20 23 0.013789781
805 382 16 23 0.01378615
885 228 10 9 0.013776877
551 358 27 31 0.013772881
178 313 12 14 0.013762729
584 608 45 40 0.013753111
833 443 11 14 0.013753107
813 390 18 25 0.013746333
224 0 19 14 0.0137446765
30 256 153 206 0.013743088
871 394 16 22 0.013737827
800 0 19 14 0.013736328
502 525 21 36 0.013730803
610 0 19 14 0.013730334
707 335 10 14 0.013720759
785 331 18 23 0.013714033
942 456 12 16 0.013706411
850 0 19 14 0.013699438
479 398 21 27 0.013693753
986 314 32 47 0.013693412
470 372 22 24 0.013687914
814 332 20 24 0.013668516
989 482 11 13 0.013665642
1018 20 6 17 0.013659345
979 492 9 9 0.013647973
671 343 44 59 0.013647715
883 366 18 27 0.013643514
841 452 9 12 0.013642271
755 0 19 14 0.013641445
236 0 19 14 0.013635499
163 0 20 14 0.013602817
876 330 17 23 0.013602692
627 0 19 14 0.013602468
758 336 8 10 0.013590678
895 0 19 14 0.013579265
674 391 12 15 0.01357454
173 321 15 20 0.013559115
727 350 8 12 0.013551691
470 384 11 11 0.013551181
503 417 11 15 0.013547279
688 0 19 14 0.013546092
175 415 27 22 0.013544466
484 224 14 22 0.01353859
837 453 10 10 0.013538037
496 235 24 31 0.013500923
1001 391 23 43 0.013488428
1018 13 6 17 0.0134869395
913 458 33 32 0.013469925
986 322 9 12 0.013469198
658 411 21 26 0.013467202
477 382 15 12 0.013463277
705 0 19 14 0.013452087
833 351 10 10 0.013450148
924 547 22 27 0.01344493
286 0 19 14 0.013444561
946 395 9 13 0.013438894
539 458 11 10 0.013429892
873 441 8 9 0.013427182
902 461 18 20 0.013425457
884 0 19 14 0.01341708
884 389 18 32 0.013411685
1021 407 3 13 0.013410363
848 448 10 14 0.01340733
744 0 19 14 0.0134053305
113 0 19 14 0.013399545
898 394 13 19 0.0133967325
1021 398 3 13 0.013395361
417 207 25 33 0.013382803
847 424 12 14 0.013380202
718 353 14 18 0.013380045
830 365 13 16 0.013374815
214 0 18 14 0.013366914
24 9 108 109 0.013365239
181 364 14 17 0.013364396
173 361 13 16 0.013363266
991 327 9 11 0.013362904
716 325 10 14 0.013352259
247 0 19 14 0.013344072
189 325 10 12 0.013343388
766 337 11 14 0.0133416
1021 386 3 14 0.013340487
778 0 19 14 0.013336015
723 411 9 11 0.013335381
82 243 46 59 0.013330265
536 322 25 30 0.013328846
828 370 7 11 0.013327804
839 0 19 14 0.01331658
878 332 7 10 0.013313781
248 393 7 9 0.013296272
902 444 12 15 0.013294284
864 358 13 16 0.013292087
1000 321 17 23 0.013291311
1013 0 11 13 0.013291204
638 0 19 14 0.013291028
258 395 8 10 0.0132870395
734 367 6 9 0.013286884
666 394 19 24 0.013284538
280 407 7 10 0.013282641
814 379 12 21 0.01328264
893 377 8 12 0.013272911
258 0 19 14 0.013264447
681 382 12 16 0.0132559715
865 378 17 20 0.013242594
179 370 13 15 0.013238582
532 348 13 21 0.0132368095
181 318 11 12 0.013231623
879 433 11 15 0.013230982
996 295 11 14 0.01322779
173 237 14 17 0.013224567
588 0 19 14 0.013221309
1020 71 4 18 0.013219929
1021 423 3 14 0.01320544
838 367 7 11 0.01320452
702 350 7 11 0.01319526
499 533 6 10 0.01319321
554 8 94 113 0.013191662
191 0 19 14 0.0131908655
180 0 19 14 0.013190606
948 401 10 18 0.013188678
850 437 16 21 0.013176034
269 0 19 14 0.013164829
130 0 19 14 0.013161676
862 414 14 17 0.013157506
1019 640 5 21 0.013151664
90 371 11 14 0.013147344
0 232 112 247 0.013145031
4 329 78 102 0.013136867
846 340 18 23 0.013118212
817 324 16 23 0.013117904
933 471 12 13 0.013115338
677 512 16 17 0.013115289
490 400 13 14 0.01311126
178 302 22 31 0.013105355
192 330 9 12 0.01310158
245 392 8 10 0.013099474
978 184 22 30 0.013099093
938 463 10 11 0.013097876
436 626 45 66 0.013096782
721 0 20 14 0.013086354
502 539 16 24 0.013085782
202 0 19 14 0.013081935
470 398 21 25 0.013069168
657 516 18 14 0.013063095
544 449 14 15 0.013060628
939 435 22 35 0.013053459
713 346 15 21 0.013051654
520 431 14 13 0.013039587
516 373 40 52 0.013036812
705 347 7 9 0.013034345
677 0 19 14 0.013025762
33 383 12 15 0.013019416
711 422 11 16 0.013012332
57 0 19 14 0.013011929
364 0 19 14 0.013005449
398 0 19 14 0.013002768
160 377 14 16 0.013000605
537 460 13 12 0.012985091
715 354 22 28 0.012982224
74 0 19 14 0.012981131
713 437 11 15 0.012979107
978 494 11 10 0.01297824
733 0 19 14 0.012977313
721 342 8 10 0.012977232
917 0 19 14 0.0129736485
992 313 11 14 0.012957279
239 383 7 9 0.012956359
921 437 24 25 0.012956137
1016 339 8 17 0.01295354
1016 284 8 22 0.012948744
711 333 8 10 0.012943013
881 336 6 9 0.0129400715
0 0 9 12 0.012932777
548 468 17 14 0.012928412
494 545 18 31 0.012927871
177 326 33 44 0.01292531
879 365 8 10 0.012917758
876 380 31 43 0.012915972
1021 415 3 13 0.012915301
91 0 19 14 0.012915221
333 187 16 16 0.01290342
77 215 20 27 0.012902672
705 300 59 82 0.012898391
658 399 21 26 0.012897036
666 373 31 39 0.012883542
507 246 22 32 0.0128824115
871 374 20 30 0.012881507
816 0 19 14 0.012877777
0 160 160 390 0.012863555
499 366 24 27 0.012857782
1008 278 16 29 0.012857602
904 462 9 10 0.012856829
707 412 18 28 0.012841823
1013 352 11 30 0.012821601
494 530 10 17 0.012809421
152 0 19 14 0.012809165
312 108 95 100 0.012798162
618 299 60 83 0.012787123
330 0 19 14 0.012780327
835 341 10 12 0.012777351
736 375 6 12 0.012775065
994 306 14 19 0.012773187
868 423 16 20 0.01276259
853 332 40 52 0.012757722
1021 432 3 13 0.012754021
297 0 19 14 0.012750398
102 0 19 14 0.012729249
828 0 19 13 0.012729205
0 734 37 34 0.012720952
375 0 19 14 0.012719604
104 383 7 9 0.012715721
854 358 11 12 0.012714726
55 481 14 13 0.0127006285
516 72 12 10 0.012699453
756 338 8 10 0.012692136
823 309 57 74 0.0126896
652 422 10 15 0.012688823
475 395 13 12 0.012678562
1021 118 3 14 0.012678181
153 170 52 30 0.01267765
849 432 13 10 0.012675153
832 358 10 12 0.012673391
721 312 10 13 0.012656727
703 206 13 11 0.012655457
680 370 12 14 0.01265274
347 0 19 14 0.012642219
1000 313 11 14 0.012640852
798 297 32 49 0.0126403645
685 319 59 81 0.012639585
83 484 17 19 0.012638287
0 680 13 19 0.012632019
108 377 10 13 0.012629961
972 406 37 43 0.012628322
0 404 4 12 0.012626636
409 0 19 14 0.012623515
1020 26 4 17 0.0126216505
820 571 12 18 0.012621006
542 345 19 16 0.012620544
828 335 20 23 0.012616869
319 0 20 14 0.012615857
168 225 22 29 0.012612201
696 402 10 12 0.012610627
950 403 28 32 0.012601229
701 390 14 20 0.012586021
526 333 25 30 0.0125842495
843 460 10 12 0.012584068
1018 76 6 19 0.01257895
0 410 4 12 0.012568155
650 0 18 14 0.01256661
870 360 12 14 0.012562496
565 249 24 27 0.01255324
537 435 20 23 0.012551986
41 0 18 14 0.012541272
577 0 18 14 0.012539718
726 409 8 11 0.0125324
874 225 7 9 0.012532192
606 0 15 11 0.012530547
309 0 19 14 0.012528423
991 312 24 31 0.012523853
1018 37 6 18 0.012523196
386 0 19 14 0.012520881
721 340 11 13 0.012517495
564 329 13 18 0.012517086
895 398 8 15 0.012514798
505 227 15 22 0.012512006
493 523 20 34 0.012510322
725 435 11 16 0.012509075
800 320 29 36 0.012508544
917 434 21 22 0.012500461
421 227 24 30 0.012499625
820 339 8 10 0.012499007
64 389 9 12 0.012498032
984 399 35 44 0.012490993
200 406 8 10 0.012481343
307 180 41 30 0.0124770915
957 380 16 16 0.01247526
878 375 10 14 0.012471136
648 367 22 28 0.01247052
944 360 40 52 0.012465812
681 417 10 17 0.0124649685
274 390 8 11 0.012460065
830 543 12 10 0.012459901
1020 3 4 17 0.012459371
523 426 14 15 0.0124555575
724 336 10 13 0.012448446
692 402 10 12 0.012445012
801 379 8 9 0.012442626
1020 108 4 18 0.012440732
921 444 33 35 0.012440677
503 199 40 39 0.012434639
874 328 14 18 0.012431751
58 489 19 14 0.012430726
584 198 21 26 0.012422551
1018 656 6 22 0.012422396
76 217 14 16 0.012416277
694 378 8 11 0.012414434
141 0 19 14 0.012401895
928 338 7 9 0.012399888
957 382 64 91 0.012395216
649 422 19 26 0.012393718
848 364 23 28 0.0123936115
87 237 36 37 0.012389064
179 384 21 30 0.012381731
505 416 14 20 0.012375413
831 377 13 16 0.0123753
535 345 8 10 0.012374991
261 173 19 31 0.012374723
1021 752 3 16 0.012374661
974 318 50 80 0.012374435
515 132 153 167 0.012368136
978 420 20 24 0.012359141
559 258 26 29 0.012356005
595 0 15 11 0.012351218
81 236 28 28 0.01235058
659 254 19 26 0.0123369675
964 419 36 45 0.012334723
496 202 20 26 0.012329172
723 323 21 25 0.012319885
443 165 38 43 0.01231243
490 400 23 27 0.012312353
53 471 31 33 0.012307492
655 553 16 10 0.012305599
848 439 8 10 0.012300714
1021 354 3 14 0.012299961
663 253 62 90 0.012298193
1020 58 4 20 0.0122967
949 374 6 9 0.012293434
1010 334 14 24 0.012290751
826 351 12 13 0.012283944
692 398 21 28 0.012281854
895 381 10 13 0.012279826
281 410 8 11 0.012277851
702 370 7 10 0.012274342
704 399 20 29 0.012273316
734 165 34 46 0.0122724725
645 397 16 22 0.012267966
531 450 13 15 0.01226475
448 0 19 14 0.01225938
952 397 13 17 0.012256124
479 215 15 22 0.0122542735
703 388 21 27 0.012252868
980 413 14 17 0.012245362
533 345 6 11 0.012242606
124 88 91 102 0.012242538
648 417 10 16 0.012242525
962 473 14 10 0.012237422
288 397 7 10 0.012233002
568 662 52 72 0.012231271
467 205 22 34 0.012226652
814 352 12 14 0.012222497
457 486 27 21 0.012217941
763 365 9 11 0.012214587
636 368 21 26 0.01220859
521 415 21 23 0.012206923
731 373 9 15 0.01219642
0 752 13 16 0.012192445
527 111 9 17 0.012189281
928 0 19 13 0.012185893
709 407 7 9 0.012185455
637 375 32 50 0.012184195
702 380 7 10 0.0121786995
853 409 26 31 0.012178056
28 732 30 36 0.012177952
802 525 14 18 0.012166006
512 354 24 26 0.012160187
93 386 9 13 0.012159769
1020 150 4 16 0.012157605
725 360 11 14 0.012152975
439 272 19 24 0.012148052
60 209 63 78 0.012144269
492 570 15 14 0.012139484
201 391 10 12 0.012135656
847 460 12 13 0.012135045
855 389 34 44 0.012127961
698 393 11 14 0.012122243
1 343 44 69 0.012114069
273 374 12 14 0.012113331
1020 139 4 18 0.012093824
298 228 21 26 0.012093799
445 217 26 32 0.012092864
426 0 18 14 0.012087567
628 298 106 155 0.012080042
904 446 22 26 0.012079898
939 301 85 151 0.012076566
704 352 7 12 0.01207193
81 0 198 133 0.01206916
836 446 7 10 0.012067917
896 457 19 21 0.012063499
167 285 58 80 0.012051363
94 367 10 15 0.012047578
105 383 12 14 0.012047127
169 327 11 15 0.012041115
501 388 22 25 0.012038164
186 356 11 15 0.012029384
812 168 9 9 0.012023335
6 420 10 12 0.012018372
707 385 10 13 0.012017694
477 396 17 17 0.012011836
413 446 10 13 0.0120106805
831 369 6 10 0.012010229
512 364 24 28 0.012000774
181 356 12 15 0.011997344
1012 384 12 36 0.011981156
334 0 367 211 0.011973892
0 398 4 13 0.011973482
222 178 15 22 0.011972041
818 393 13 15 0.011966206
892 380 6 11 0.011958779
672 402 16 23 0.01195754
546 234 43 47 0.011956692
660 0 19 14 0.011953727
828 345 20 24 0.011947577
895 400 24 29 0.011944367
763 0 15 11 0.0119429575
931 203 93 174 0.011941653
796 0 15 11 0.011939118
189 348 12 15 0.011938708
474 375 31 34 0.011936784
152 365 9 12 0.011931619
944 400 10 12 0.011930383
684 0 16 11 0.011912473
887 406 14 18 0.01191138
602 0 13 9 0.01191076
488 393 13 14 0.011910297
879 384 18 28 0.011906472
538 453 17 14 0.011906399
194 337 12 16 0.011904945
749 185 18 27 0.011904786
647 394 11 15 0.011899335
549 249 19 24 0.011892511
432 229 24 30 0.011891111
1022 223 2 12 0.011889633
774 332 9 11 0.011886134
0 406 7 14 0.011885998
751 0 16 11 0.011885218
293 0 16 11 0.01188502
865 396 17 24 0.011882878
860 415 164 353 0.011880187
902 0 16 11 0.011871868
1019 83 5 17 0.01186957
992 396 23 31 0.011864783
452 226 25 31 0.011863758
0 117 4 10 0.0118588675
946 447 14 24 0.011856532
561 351 19 25 0.011852623
913 0 16 11 0.011849333
816 371 11 16 0.011849001
940 0 18 13 0.011846823
870 330 12 16 0.011844026
0 0 19 27 0.011843718
257 318 27 29 0.011843561
682 323 21 28 0.011841215
680 126 157 181 0.0118399495
968 476 14 11 0.011833382
851 348 11 13 0.011828199
173 105 111 96 0.011828069
401 237 25 31 0.01182777
708 394 10 15 0.011826928
1021 135 3 14 0.011826741
932 373 10 12 0.011825345
801 376 17 24 0.011820501
278 374 13 14 0.01181275
0 412 7 14 0.011806431
828 452 10 13 0.011806345
703 376 22 28 0.0117983995
702 399 9 10 0.011795872
1018 169 6 21 0.011792568
1020 48 4 20 0.011792515
895 444 22 27 0.011790519
860 351 13 15 0.011783497
818 342 17 21 0.011781058
857 0 16 11 0.011769087
1020 219 4 16 0.011762077
831 372 10 12 0.011759345
825 342 16 21 0.011759265
703 366 10 13 0.011750081
1001 332 19 22 0.011748764
0 43 123 251 0.011747055
253 395 7 9 0.011745749
1021 439 3 15 0.01174528
703 327 8 11 0.011744713
919 339 15 20 0.0117398035
951 0 19 13 0.011739117
677 355 11 16 0.011738392
529 233 19 27 0.011734232
865 427 13 14 0.011733346
171 272 14 18 0.011728162
555 348 17 18 0.011726143
37 383 13 16 0.011725335
184 347 32 43 0.011722433
1022 756 2 12 0.011717053
73 239 24 27 0.011715144
173 331 10 13 0.01171186
75 391 8 11 0.011710517
285 172 24 28 0.01170934
422 198 24 35 0.011690932
131 493 388 275 0.011688913
722 340 17 21 0.011688528
551 334 26 33 0.011687314
895 448 12 14 0.011684627
880 0 15 11 0.011683968
502 355 23 25 0.011681002
282 0 16 11 0.011678631
269 374 11 14 0.011677179
623 0 15 11 0.011676625
706 408 9 12 0.011673719
0 373 9 24 0.011673519
820 352 12 13 0.011673202
895 376 10 13 0.011670435
653 227 9 10 0.0116668865
740 0 16 11 0.011662524
721 265 35 46 0.011655055
697 333 12 14 0.011653425
714 339 9 11 0.011652919
521 146 11 19 0.011652197
656 419 16 21 0.01164904
441 249 21 27 0.011647753
888 420 20 23 0.011646607
221 0 15 11 0.01164466
535 412 10 12 0.011640396
894 374 17 24 0.011639294
696 378 10 16 0.011629446
316 188 14 17 0.011629196
891 0 16 11 0.011628809
511 223 15 21 0.011623299
432 600 40 52 0.011623099
1020 349 4 14 0.011622926
604 1 91 101 0.011620176
645 380 16 20 0.011612546
65 385 13 15 0.011612023
346 101 98 103 0.011609865
774 0 15 11 0.011608797
104 378 10 13 0.011605991
883 222 21 18 0.011605155
852 444 11 15 0.011604675
591 225 30 21 0.011604233
277 389 9 13 0.0116040325
497 396 10 10 0.011600444
1020 616 4 19 0.0115996
822 561 10 10 0.0115992855
484 399 14 13 0.0115970755
228 458 10 13 0.01159614
553 429 11 13 0.011594641
824 367 20 24 0.011592419
566 433 11 15 0.011591217
723 344 10 12 0.011588335
184 356 18 24 0.011587769
648 406 10 14 0.011587711
712 0 16 11 0.011586501
701 0 15 11 0.011583426
554 203 9 11 0.011582289
794 525 16 17 0.011580863
807 392 18 25 0.01158072
499 551 12 15 0.011578231
20 117 32 39 0.0115757175
699 367 17 24 0.011573313
254 0 16 11 0.011570708
128 279 60 79 0.011566463
301 166 12 10 0.011565193
17 136 11 14 0.011563815
548 668 51 67 0.011562975
893 359 9 12 0.011560589
868 0 16 11 0.011554139
837 357 11 12 0.011552652
336 482 10 10 0.011551049
712 410 11 13 0.011550947
654 172 276 384 0.011550701
361 0 15 11 0.011547816
647 389 11 15 0.011547755
800 108 12 15 0.011542729
65 1 92 92 0.011539707
536 243 13 22 0.011531228
993 232 31 49 0.011530851
436 0 19 14 0.011526874
210 0 15 11 0.011526138
849 344 12 11 0.011526019
827 256 37 44 0.011522672
1001 211 9 11 0.011522573
523 110 9 15 0.011522219
636 389 10 10 0.011520782
243 395 8 11 0.011512284
531 332 12 17 0.011512061
62 256 41 53 0.011511705
243 0 15 11 0.011511251
64 0 16 11 0.01151105
677 585 34 43 0.011506157
995 486 13 12 0.011503348
634 0 16 11 0.011494026
516 231 18 21 0.011493353
431 156 32 22 0.011492019
1019 343 5 17 0.011490934
951 375 7 10 0.011490451
181 308 31 44 0.011490178
678 249 15 18 0.011490073
94 373 7 10 0.01148901
172 353 13 17 0.01148558
814 375 9 10 0.011484089
540 663 25 25 0.011483432
1020 19 4 15 0.01147996
426 211 24 34 0.011478498
21 487 18 18 0.011476536
504 375 14 20 0.011469562
880 395 12 16 0.011465153
489 425 13 19 0.011457088
695 0 16 11 0.011453665
813 19 49 70 0.0114529
881 457 19 19 0.011452849
503 537 23 39 0.011450649
985 312 10 12 0.011438109
785 0 16 11 0.011434368
843 433 7 11 0.011433559
192 350 17 22 0.011430791
831 353 9 10 0.01142101
821 381 9 11 0.01142028
699 400 8 9 0.011418443
371 0 16 11 0.011414856
828 535 23 19 0.011408735
942 490 13 12 0.011403771
915 391 12 11 0.011402933
846 0 16 11 0.011398667
620 674 105 94 0.011398436
188 352 14 19 0.011398411
864 0 13 9 0.011395655
835 0 16 11 0.01139328
166 387 14 16 0.01138974
651 410 13 18 0.011388706
459 0 19 14 0.011383663
181 398 19 21 0.011377975
369 78 102 109 0.011370539
425 641 45 63 0.011367724
993 335 13 15 0.011354775
869 386 11 15 0.011348858
658 368 23 27 0.011347321
628 296 13 17 0.011346218
691 0 13 9 0.011345776
589 134 155 173 0.011345263
753 341 9 11 0.011342757
584 0 15 11 0.011339347
676 0 250 163 0.011336955
70 128 41 48 0.011336343
186 377 12 15 0.011335991
703 371 10 14 0.011334312
407 217 22 32 0.01133193
0 87 18 24 0.011330233
1020 166 4 19 0.011330134
405 0 15 11 0.0113271335
715 432 7 10 0.011326614
758 0 13 9 0.0113229705
394 0 15 11 0.011317336
160 0 15 11 0.011317002
729 0 15 11 0.011315372
354 0 16 11 0.011314245
109 0 15 11 0.01131338
197 389 14 19 0.011308766
475 391 10 11 0.011307191
591 0 12 9 0.011307045
1001 349 23 49 0.011304611
906 474 17 20 0.011304531
723 424 12 16 0.011301561
0 0 31 45 0.01129898
289 0 13 9 0.011298447
265 0 16 11 0.011292127
845 458 7 10 0.011292054
232 0 16 11 0.011290897
958 482 15 13 0.011290009
487 407 11 14 0.011288864
956 478 14 14 0.0112851905
892 365 10 12 0.011285044
813 0 15 11 0.01128431
53 0 16 11 0.011279127
795 0 40 30 0.011278703
551 443 14 17 0.0112779895
120 0 16 11 0.011275866
660 418 11 14 0.011272389
798 378 12 15 0.01127091
945 459 11 16 0.011268619
176 0 16 11 0.011259786
297 385 19 25 0.011252226
652 388 12 15 0.011252079
446 506 9 9 0.011246783
410 236 24 30 0.011246767
904 451 12 17 0.011244207
845 412 17 21 0.0112428935
691 345 14 15 0.011241065
837 323 22 25 0.011238643
66 275 28 35 0.01123831
675 378 12 16 0.011237902
523 375 25 30 0.01123659
970 307 17 24 0.011235455
836 375 11 16 0.011235068
981 413 21 25 0.011231712
928 381 10 14 0.011230917
630 316 19 23 0.011229856
828 459 21 22 0.011229656
825 336 7 9 0.0112290075
506 235 16 22 0.011228926
172 168 51 31 0.011226902
405 198 25 33 0.0112256175
709 335 31 41 0.01122403
1021 15 3 13 0.011223025
909 0 13 9 0.01122113
1020 494 4 17 0.011218053
741 182 9 11 0.011216841
889 388 24 36 0.011214432
685 365 12 13 0.011213179
159 31 87 125 0.011211621
553 426 26 34 0.011209242
355 64 49 69 0.011197735
558 225 44 36 0.011190713
692 410 21 28 0.011188906
680 351 11 17 0.011188028
747 0 13 9 0.011184322
178 320 8 11 0.011183321
338 0 15 11 0.011180825
159 365 23 29 0.011179772
495 537 8 9 0.011178974
672 217 43 30 0.011178571
870 258 20 26 0.011176949
889 368 10 14 0.011176153
879 328 7 10 0.011173508
70 0 39 29 0.011173161
187 0 16 11 0.011172987
34 379 19 25 0.011172252
491 267 22 30 0.011171142
315 0 201 166 0.011169101
255 398 8 9 0.011168486
722 359 9 12 0.011166954
359 375 41 54 0.011165914
327 0 15 11 0.011164558
1019 336 5 12 0.011158044
731 350 7 11 0.011157083
951 377 9 14 0.011157069
87 366 12 15 0.011155975
30 0 18 13 0.011154569
613 0 13 9 0.011152504
681 398 22 27 0.011152123
859 431 28 36 0.011147426
198 0 16 11 0.0111468965
482 380 11 11 0.011143353
1019 305 5 16 0.011140399
898 0 13 9 0.0111395875
966 489 13 13 0.011138151
1016 359 8 18 0.011137784
664 419 10 12 0.01113754
98 0 15 11 0.011134992
867 371 15 19 0.011134966
707 255 60 87 0.011125854
736 0 13 9 0.011125431
416 0 15 11 0.011114764
769 0 13 9 0.011111608
502 412 11 13 0.011108347
950 377 23 32 0.011106505
367 0 13 9 0.011106154
472 381 15 12 0.011106105
792 361 13 16 0.011104216
1021 279 3 14 0.011103768
529 136 9 9 0.011099918
1018 144 6 18 0.0110998135
790 32 49 69 0.011093261
554 424 12 12 0.01109112
488 198 18 16 0.011090768
824 0 15 10 0.011090579
1019 94 5 17 0.011083293
936 219 14 11 0.011080513
97 384 11 13 0.011079692
109 381 11 13 0.011079124
868 273 15 16 0.01107681
680 0 13 9 0.011075273
981 322 26 34 0.011073858
688 315 31 42 0.011072904
465 233 24 33 0.011070354
758 269 13 16 0.011070095
950 396 8 11 0.011067096
974 230 50 86 0.011064277
188 344 11 12 0.011063753
497 525 11 17 0.011062278
539 339 14 15 0.0110602835
896 385 22 29 0.011057646
916 217 39 32 0.011053808
887 386 12 20 0.011053676
647 400 11 15 0.0110533135
492 512 21 32 0.011052134
154 363 11 13 0.011051883
826 371 6 9 0.011044174
445 262 21 27 0.011044043
623 42 49 69 0.011040253
0 362 9 25 0.011039264
626 387 21 26 0.011035613
187 387 12 14 0.011032834
555 244 43 51 0.011032618
877 447 8 11 0.01103226
570 470 8 12 0.011030371
93 267 23 24 0.011026706
538 655 35 44 0.011024853
87 482 12 13 0.0110244015
1013 335 8 10 0.01102433
1006 264 18 33 0.011023998
511 534 25 46 0.011022444
316 0 15 11 0.011021802
1020 9 4 15 0.011018151
305 0 15 11 0.011016059
181 199 34 38 0.011010983
42 225 73 86 0.011010553
445 0 15 11 0.011010023
658 422 21 27 0.011009964
172 342 13 16 0.011008457
903 469 16 18 0.011008193
290 399 9 12 0.01100402
172 295 32 49 0.011003261
712 407 8 9 0.011002275
273 419 7 9 0.011000396
349 386 39 51 0.01100022
881 677 43 58 0.01099953
565 38 201 206 0.010998395
888 499 19 14 0.010994448
820 274 61 83 0.010988989
705 338 7 9 0.010986943
828 459 10 14 0.010983819
633 391 35 54 0.010983479
850 353 10 10 0.010982354
249 395 8 10 0.0109807085
692 421 21 27 0.010980653
56 149 8 13 0.010980381
669 392 42 55 0.010978531
0 384 9 25 0.010978468
708 0 13 9 0.010975091
220 371 12 14 0.010972995
273 412 8 11 0.010972526
653 237 23 28 0.010970856
87 0 15 11 0.01096934
58 485 13 12 0.010968606
276 397 9 11 0.010963469
156 172 34 19 0.010963256
931 490 11 13 0.010962151
832 0 80 77 0.010960811
81 0 16 11 0.010960732
305 245 22 29 0.010960675
832 321 35 46 0.010959715
860 313 22 30 0.010959685
300 394 13 16 0.010957763
875 0 13 9 0.0109542655
834 262 41 53 0.010954158
693 371 40 52 0.010953369
382 0 16 11 0.010952878
818 357 17 18 0.010950789
0 393 4 12 0.0109503465
111 376 10 13 0.010946599
558 442 18 30 0.010943776
690 224 31 32 0.01094146
863 404 18 26 0.010938814
962 0 19 14 0.010937618
868 443 8 10 0.010934664
716 355 10 11 0.010933174
622 666 56 71 0.01093106
941 0 38 29 0.010930661
676 314 33 50 0.010930395
925 0 15 11 0.010928187
724 427 17 23 0.010928147
838 445 20 23 0.010926507
1019 631 5 19 0.010926239
645 0 16 11 0.010926063
0 418 4 12 0.010925406
566 0 18 14 0.010925174
768 329 14 22 0.010921508
454 254 46 56 0.010919192
401 0 13 9 0.010917579
986 289 38 60 0.01091743
0 378 15 27 0.010916378
337 0 90 100 0.010913909
839 352 10 12 0.010911653
792 0 12 9 0.01091061
871 403 9 13 0.010910229
1020 441 4 18 0.0109101385
90 385 9 12 0.010909111
280 391 9 12 0.010908543
227 0 13 9 0.010906773
641 414 16 22 0.010905159
707 374 12 16 0.010902083
725 0 12 9 0.010897281
71 0 13 9 0.010893469
92 381 10 14 0.010889944
356 399 13 17 0.0108868275
644 416 29 40 0.010886335
456 640 48 64 0.010885361
166 0 13 9 0.010884997
926 488 13 15 0.010882104
883 414 12 19 0.010881008
874 0 39 29 0.01088017
1021 69 3 15 0.010879899
951 386 9 14 0.010875138
803 0 13 9 0.01087496
918 393 11 12 0.010872616
829 0 39 30 0.010868506
900 457 12 14 0.010867987
517 128 11 10 0.010867945
271 400 8 10 0.010865118
525 204 220 327 0.010863843
676 359 14 19 0.010859392
65 550 43 57 0.010857658
381 379 19 27 0.010855132
853 0 13 9 0.010853582
186 321 10 11 0.010852886
535 226 12 13 0.010851817
728 280 62 82 0.010851676
253 400 8 10 0.010849426
495 552 12 18 0.0108455885
727 365 20 27 0.010842821
156 436 11 13 0.010841942
434 239 23 30 0.010841393
447 217 14 20 0.010841076
378 0 13 9 0.010840468
639 252 62 89 0.010839223
0 89 6 10 0.010836122
715 1 91 101 0.010834027
880 446 19 23 0.010828364
159 1 89 99 0.0108283255
936 445 18 25 0.010826165
334 0 13 9 0.010825874
344 238 24 34 0.010824312
667 409 17 21 0.010824148
850 360 11 12 0.010823438
60 0 13 9 0.010823064
818 0 157 111 0.010822213
484 375 22 22 0.0108207865
667 376 18 21 0.010819749
94 0 12 9 0.010811364
830 432 18 22 0.010811036
114 0 40 30 0.010810803
180 176 25 17 0.010810321
864 430 16 20 0.010809136
401 290 44 53 0.010807273
943 364 8 10 0.010804003
761 363 9 11 0.010803528
891 355 10 12 0.01080329
719 0 13 9 0.010803027
620 394 11 15 0.010802295
217 0 12 9 0.010798192
706 0 40 30 0.010797095
804 342 20 25 0.010795528
630 0 12 9 0.010795401
768 44 49 67 0.010794048
172 373 14 18 0.010790886
292 380 19 26 0.010783035
649 1 91 101 0.010782868
618 0 13 9 0.010782771
371 0 39 30 0.010780545
835 20 49 67 0.010779891
866 419 9 12 0.010778216
215 0 40 31 0.01077597
322 64 49 71 0.010772992
838 335 20 23 0.010771037
306 389 36 46 0.010770789
870 337 32 43 0.0107629
985 318 9 12 0.010762535
187 529 181 224 0.010760908
989 331 9 9 0.010758105
884 383 7 10 0.010757722
551 235 25 30 0.0107571725
928 467 13 12 0.010748586
641 389 12 14 0.0107467035
3 678 22 21 0.01074577
377 53 49 71 0.0107436385
808 391 12 15 0.010742181
77 0 13 9 0.010740487
48 0 38 29 0.010740217
707 348 9 12 0.010738838
111 115 11 10 0.010738354
519 240 20 22 0.010737672
849 418 19 22 0.010737243
37 0 15 11 0.010737191
221 479 9 10 0.01073414
451 0 13 9 0.010728147
781 0 12 9 0.010727736
557 322 19 23 0.010726904
194 0 13 9 0.010726464
977 281 20 26 0.0107252505
826 356 20 24 0.010725071
300 0 13 9 0.010725014
628 0 40 30 0.01072434
873 335 10 13 0.010722407
385 186 22 32 0.010721656
0 401 9 25 0.010721082
278 0 13 9 0.010717778
731 0 153 105 0.010716996
436 258 43 52 0.010716573
647 220 34 27 0.01071653
270 390 8 11 0.010715116
564 237 126 175 0.010714862
60 31 92 111 0.010714567
1018 101 6 19 0.010712156
842 0 13 9 0.010710067
92 0 39 30 0.010707031
724 355 12 14 0.010706762
788 0 81 79 0.010706002
148 0 16 11 0.010703112
723 315 14 20 0.010702971
925 348 10 13 0.010701954
270 0 40 30 0.010697677
261 0 13 9 0.010696215
473 569 16 15 0.010695335
94 370 6 9 0.0106944395
1021 26 3 12 0.0106942775
288 393 8 11 0.010693273
892 407 11 14 0.010691904
645 42 50 70 0.010691244
1019 319 5 18 0.010690438
159 0 40 30 0.010688636
983 399 22 28 0.01068322
828 692 142 76 0.0106819365
1022 47 2 15 0.010681481
673 0 16 11 0.010680639
887 0 12 9 0.010680458
380 375 41 54 0.010680174
833 362 15 20 0.010679502
803 103 12 17 0.0106783705
977 325 6 11 0.010678242
194 335 7 9 0.01067572
886 385 7 9 0.010674747
505 657 189 111 0.010674064
482 361 13 16 0.010673246
251 92 183 124 0.010672396
761 0 40 30 0.010671797
501 425 17 20 0.010668604
75 557 47 64 0.010668209
804 0 44 42 0.010667579
541 378 32 45 0.010665349
76 381 10 14 0.010665297
0 543 7 17 0.010664947
877 452 18 20 0.010660217
579 185 31 36 0.010658434
500 259 24 30 0.010656542
655 385 18 23 0.010654749
552 320 20 18 0.010654491
95 373 10 15 0.010654012
868 4 49 62 0.010653293
724 316 9 9 0.010653119
973 475 12 9 0.010651224
791 408 8 10 0.0106502315
322 0 13 9 0.01064643
183 0 13 9 0.010646218
564 438 8 12 0.010646205
982 356 42 54 0.010645902
11 84 45 32 0.010643153
348 0 40 30 0.010643116
494 537 10 16 0.010640789
28 323 67 81 0.010637222
876 383 10 14 0.010636526
221 382 11 13 0.01063646
711 451 14 10 0.010630616
791 365 10 11 0.010627479
728 0 40 30 0.010624937
451 490 23 23 0.010618662
91 364 17 22 0.010617739
517 409 20 21 0.010617209
1020 158 4 18 0.0106168045
875 359 31 43 0.010615349
899 408 8 12 0.010614996
479 364 12 16 0.010614821
237 0 40 30 0.010614446
899 374 10 12 0.010613372
516 194 41 41 0.01061299
272 0 13 9 0.01061096
449 207 26 30 0.010607825
268 394 12 16 0.010606619
492 190 36 39 0.010605289
821 341 9 12 0.010604979
86 381 10 13 0.010604456
424 262 20 26 0.010604086
250 0 13 9 0.010602709
165 339 12 13 0.010602541
989 265 35 55 0.01060075
672 410 11 12 0.010599838
650 0 40 29 0.010599246
1021 647 3 17 0.010597721
270 366 18 22 0.010595994
779 275 55 76 0.010594289
515 47 167 190 0.010593119
116 0 13 9 0.010593044
896 0 39 29 0.010590908
789 110 12 16 0.0105894245
448 485 42 49 0.010586903
1015 383 9 19 0.010586711
652 0 13 9 0.010584559
1015 294 9 22 0.010583563
1003 299 15 15 0.0105816005
319 162 76 88 0.0105809895
6 87 26 23 0.0105801
412 0 13 9 0.010578075
253 390 8 10 0.0105758915
653 404 31 41 0.010573522
300 64 49 71 0.0105727725
737 369 7 10 0.010572521
432 0 16 12 0.010570969
309 401 19 25 0.010565279
851 0 40 29 0.010564552
455 0 16 11 0.010564447
137 0 39 30 0.010563349
347 265 21 28 0.010559406
512 553 11 14 0.010558841
192 0 40 30 0.010557432
926 472 14 14 0.010555337
26 0 78 60 0.01055484
439 204 24 31 0.0105534615
908 558 20 28 0.010552718
999 336 12 14 0.010552518
313 185 22 23 0.010551528
174 316 11 16 0.010550469
412 226 24 30 0.010549138
490 557 14 28 0.010548516
239 0 13 9 0.01054194
0 387 4 13 0.0105418535
548 255 23 29 0.010541598
918 0 39 29 0.010540686
952 114 37 54 0.010540682
22 728 24 38 0.010540599
353 399 19 27 0.010539187
883 0 42 40 0.010537214
205 0 13 9 0.010536469
234 458 8 10 0.010535557
657 0 13 9 0.010534216
601 42 49 69 0.01053394
203 0 90 100 0.010531829
917 417 23 25 0.010531302
877 0 80 76 0.010529818
428 213 14 19 0.010528582
728 366 9 12 0.010526759
594 0 40 30 0.010525636
641 0 13 9 0.010524127
130 538 49 65 0.010520796
105 0 12 9 0.010519023
541 451 9 10 0.010517677
81 378 10 14 0.010517391
1021 166 3 14 0.010517206
508 101 29 59 0.010515963
672 0 40 29 0.010513288
8 385 7 10 0.010511804
4 325 23 30 0.010510875
451 503 11 12 0.010509669
114 536 93 134 0.010507404
463 355 20 28 0.010507175
870 411 13 17 0.010505746
809 525 14 18 0.010505724
238 397 8 10 0.010505163
0 82 35 40 0.010504566
580 0 12 9 0.01050387
186 350 11 12 0.010503599
1018 178 6 18 0.010500586
148 173 21 17 0.01049743
271 389 14 18 0.010493848
284 396 9 11 0.010493477
715 438 6 9 0.010492158
514 201 12 15 0.010491876
573 589 47 47 0.010490402
254 372 12 16 0.010486498
21 0 45 54 0.010485273
510 420 16 21 0.0104850205
652 394 12 16 0.010484012
276 247 26 36 0.010483034
497 375 14 18 0.010482477
865 356 30 42 0.010481485
559 358 12 17 0.010480413
852 434 13 13 0.0104798665
517 339 12 14 0.010478425
920 0 13 9 0.010472228
548 446 8 11 0.010471404
761 190 19 24 0.010468779
919 424 105 229 0.010466311
730 352 15 21 0.010463858
745 32 50 71 0.0104635265
57 388 20 27 0.010462162
393 0 40 30 0.0104607735
725 313 6 9 0.010459966
760 334 9 11 0.010456751
390 0 12 9 0.010455712
505 553 9 11 0.010453408
484 315 12 20 0.010452017
304 0 39 30 0.010449705
292 0 90 100 0.010449069
847 383 12 14 0.010448815
0 377 5 16 0.010448233
157 342 23 29 0.010446436
498 531 14 21 0.010444879
871 319 34 46 0.010444228
996 736 28 32 0.010440665
973 0 19 14 0.010440291
903 0 46 51 0.01043783
306 143 70 72 0.010436748
28 669 13 15 0.010435129
137 0 16 11 0.010434264
954 438 10 23 0.0104321465
423 0 13 9 0.010431683
974 303 17 24 0.010428541
1021 34 3 15 0.010428115
452 607 48 66 0.010428077
311 0 13 9 0.010427058
106 487 14 13 0.010425943
633 388 8 10 0.010425186
861 383 13 16 0.010423771
834 371 7 9 0.010419344
282 405 8 10 0.010418465
848 364 9 10 0.010417823
80 383 10 14 0.010416288
265 398 9 10 0.010413541
0 357 15 27 0.010411775
967 420 19 24 0.010411101
80 390 10 13 0.010407787
957 471 16 17 0.010407476
506 265 24 29 0.010407085
483 394 14 13 0.01040651
1021 113 3 13 0.010405006
845 354 17 20 0.010404114
414 636 18 18 0.010403656
266 105 93 101 0.0104012545
497 421 17 21 0.010399226
262 184 17 28 0.010398751
967 328 38 53 0.01039597
467 492 26 25 0.01039548
157 354 23 29 0.010395048
737 379 10 13 0.01039487
542 328 10 14 0.010393901
936 0 15 10 0.010392313
853 170 13 15 0.010392224
926 317 12 15 0.010391765
172 0 13 9 0.010389914
995 299 13 16 0.010388444
502 400 22 26 0.01038601
96 387 7 9 0.010383374
863 480 7 13 0.01038155
835 382 12 15 0.010381266
296 380 35 47 0.010381019
533 320 20 23 0.010379886
1004 313 11 15 0.010379348
656 358 11 13 0.010378656
156 103 46 60 0.010377334
19 0 17 13 0.010372146
824 375 20 26 0.010370633
1009 344 15 29 0.010370587
217 452 10 12 0.010370586
480 371 20 20 0.010370124
1018 329 6 15 0.010369279
573 0 15 11 0.010368722
527 445 9 12 0.0103675295
0 263 6 14 0.010366948
491 242 23 29 0.010364896
508 540 13 15 0.010364708
491 283 23 28 0.0103605455
127 0 13 9 0.010359688
681 344 13 18 0.010359379
942 391 10 15 0.010356987
983 407 13 19 0.010352726
525 152 8 11 0.010352064
618 223 20 21 0.010349789
795 108 12 15 0.010346786
35 395 20 28 0.010345247
248 0 90 100 0.010344529
89 378 10 14 0.010340544
495 442 15 13 0.010339246
838 0 44 41 0.0103383185
459 377 23 26 0.010337815
452 371 35 40 0.010334077
415 0 40 30 0.010331139
47 59 206 184 0.010331087
442 271 46 60 0.010327359
925 423 25 29 0.010326924
483 420 17 23 0.010326412
106 488 22 24 0.010324567
861 0 43 40 0.010323411
1017 87 7 19 0.010321971
435 659 46 67 0.010320937
823 4 50 63 0.010319654
666 271 18 26 0.010313655
3 415 10 15 0.0103105465
666 252 16 22 0.010308576
920 570 13 19 0.010306395
518 135 14 27 0.010305846
568 274 23 29 0.010302947
619 389 12 14 0.010302477
345 0 13 9 0.010301428
704 357 7 10 0.010298429
8 419 12 14 0.010297874
4 382 14 18 0.010297653
664 173 32 37 0.010297447
926 563 16 11 0.010295032
649 291 13 17 0.010292024
326 0 40 30 0.010291482
49 0 12 9 0.010288832
798 301 59 78 0.010288231
137 375 9 10 0.010287481
827 343 10 12 0.010285501
977 309 11 16 0.010284239
683 412 10 17 0.010282908
261 177 14 13 0.010281299
680 392 11 15 0.010281008
495 399 12 14 0.010280682
891 187 24 27 0.010280509
753 224 44 33 0.010277692
713 356 16 20 0.010276958
807 280 13 16 0.010276704
672 250 15 19 0.010276404
513 662 47 62 0.010276063
338 376 40 52 0.010275136
244 221 14 24 0.010275015
965 220 10 12 0.010274834
197 324 18 23 0.010273945
512 377 24 28 0.010272703
0 305 56 89 0.010271735
525 351 12 17 0.010270662
838 427 16 19 0.01027057
471 0 19 14 0.010268802
0 395 7 14 0.010268608
689 327 17 20 0.01026654
561 0 80 60 0.010265555
494 357 40 50 0.0102641545
880 702 24 34 0.010261428
939 467 15 13 0.0102595985
429 172 40 45 0.010258235
876 404 15 21 0.010257952
0 96 16 26 0.010257057
527 457 18 18 0.010256044
284 228 21 27 0.010254761
669 0 13 9 0.010254666
0 286 5 13 0.01025027
928 0 42 39 0.0102477
292 390 19 24 0.010242034
889 384 7 10 0.01024155
512 213 15 18 0.010240535
449 618 89 109 0.0102380095
1014 121 10 16 0.01023678
86 387 10 13 0.010235857
667 31 51 72 0.010235311
173 383 14 15 0.010234928
894 155 76 88 0.010234781
421 238 25 32 0.010233947
882 387 11 13 0.010232558
524 435 13 12 0.010232001
79 0 43 41 0.010231715
1 346 101 156 0.010231036
513 110 9 15 0.01023098
709 389 12 13 0.010228798
728 233 65 89 0.010227576
860 341 7 11 0.010226443
386 641 42 58 0.0102225
578 31 49 69 0.010220085
896 339 11 14 0.010219734
0 305 22 40 0.01021912
652 406 11 14 0.0102157965
312 404 13 17 0.010212079
914 557 12 18 0.01021084
920 477 13 14 0.010210642
794 341 21 26 0.010210293
637 375 11 12 0.010210091
1000 300 10 12 0.010209807
658 388 12 15 0.010209742
618 386 16 21 0.010205983
723 328 9 10 0.010205502
706 369 10 13 0.010204505
674 349 65 91 0.010203359
912 337 10 14 0.010202236
551 360 11 11 0.010199599
713 419 23 36 0.010197117
868 408 12 14 0.010196924
429 254 22 29 0.010194521
666 406 27 35 0.010192657
689 391 12 13 0.010192611
310 88 48 66 0.010190909
210 64 49 70 0.010188831
625 388 12 13 0.010183277
262 222 13 17 0.010182977
814 345 12 15 0.010177028
651 374 13 14 0.010174546
727 345 9 11 0.0101738805
721 306 10 14 0.010172927
700 381 7 11 0.010170911
16 348 47 59 0.010170849
1017 496 7 19 0.010170054
83 392 10 15 0.010169153
537 291 40 55 0.010169142
239 504 13 16 0.0101690125
294 396 10 12 0.010168887
749 162 37 52 0.010167483
543 2 76 84 0.0101651745
990 316 9 11 0.010163614
731 181 24 31 0.010160243
115 390 8 10 0.010158509
823 328 15 23 0.0101579735
815 338 12 14 0.010155988
114 1 89 95 0.010155351
975 103 15 19 0.010155213
520 443 11 14 0.010152762
807 110 9 11 0.010152163
873 692 38 49 0.010151424
133 609 184 159 0.010151212
828 335 6 9 0.010148
84 395 20 27 0.010146289
71 385 13 15 0.010145808
361 141 80 90 0.010145456
570 466 7 10 0.010143997
564 470 12 16 0.010141765
858 20 47 66 0.0101404395
856 228 7 10 0.010140126
156 425 11 13 0.010136256
157 331 22 28 0.010136114
101 375 10 15 0.010134532
266 164 40 33 0.010132433
228 373 8 11 0.010130529
812 164 9 10 0.010129299
20 403 17 24 0.01012922
543 405 10 11 0.0101290345
101 386 10 13 0.010126805
572 242 24 30 0.010125204
555 0 18 14 0.010121431
839 463 12 14 0.010120108
522 217 39 37 0.010120037
433 158 43 38 0.01011372
1009 654 15 38 0.010110626
31 14 46 61 0.010110054
709 354 11 15 0.010108102
353 378 20 28 0.010105752
0 424 4 12 0.010104684
572 0 40 30 0.010104266
1020 652 4 19 0.010102497
871 436 11 11 0.010101713
282 417 8 10 0.010100568
451 348 34 43 0.010100343
0 389 7 14 0.0100999605
229 453 10 13 0.010099374
886 353 11 13 0.010098953
133 0 12 9 0.010097008
115 219 15 20 0.010096276
499 567 17 13 0.010094944
450 286 24 29 0.010090518
48 91 76 90 0.010090517
96 391 11 12 0.010090023
535 221 18 16 0.010086519
689 31 51 72 0.010086372
25 0 39 29 0.010084248
155 0 13 9 0.010083225
875 365 8 10 0.010081113
260 397 8 10 0.010080736
74 95 45 38 0.010078261
885 461 21 22 0.010077047
895 357 7 10 0.010073869
659 307 9 12 0.0100729605
836 438 11 12 0.010072669
878 370 9 13 0.010070858
861 427 12 13 0.010070779
503 109 18 27 0.010070077
831 301 32 43 0.01006997
649 432 19 27 0.010068101
381 409 18 25 0.010064265
678 416 9 15 0.010062647
478 650 46 65 0.010060456
183 334 10 12 0.0100604175
866 399 12 16 0.010060259
734 363 7 10 0.010058255
724 332 21 25 0.0100570815
175 477 44 35 0.010055054
287 386 18 23 0.010049743
270 380 9 12 0.010049002
947 0 15 10 0.010047449
280 369 17 23 0.0100474125
447 161 30 22 0.010043549
1 389 19 28 0.010040447
626 370 21 25 0.010038234
488 508 32 50 0.010036833
934 540 29 43 0.010034899
567 432 7 9 0.010034078
497 416 13 15 0.01002963
472 272 14 17 0.010029471
1004 430 20 31 0.01002912
539 331 10 14 0.010025016
532 440 19 24 0.010023964
795 256 57 77 0.010022962
128 392 8 10 0.010022827
633 20 51 72 0.010022696
640 402 17 25 0.0100226225
89 561 93 128 0.010020947
36 0 41 40 0.010019524
157 262 38 54 0.010016394
414 645 169 123 0.010014868
759 361 7 9 0.010014497
278 242 39 50 0.010011212
906 242 36 46 0.010009245
663 0 13 9 0.010009158
586 657 92 100 0.0100083435
630 295 10 12 0.010007967
815 400 13 15 0.010006863
1015 400 9 26 0.010006098
402 225 23 32 0.01000572
444 293 24 29 0.010004426
881 338 9 13 0.010003767
440 0 13 9 0.010003036
358 181 16 17 0.010001568
316 25 86 121 0.0100007765
756 335 8 9 0.010000239