58_Hockey_icehockey_puck_58_184
657
563 395 53 63 0.7649356
318 93 76 87 0.1295858
538 405 80 100 0.08014666
590 432 23 21 0.06301716
151 243 210 238 0.06207444
203 807 53 77 0.060073085
574 408 35 42 0.05928816
352 636 48 45 0.055846438
421 0 603 564 0.05581275
384 81 42 91 0.05577905
786 606 16 11 0.04409935
535 395 68 71 0.041631073
202 925 46 49 0.040368482
309 62 67 86 0.039246336
213 802 32 37 0.038791243
355 96 62 76 0.038607005
315 98 46 46 0.037393
537 448 65 79 0.036840294
330 63 79 96 0.035143737
584 426 22 25 0.0345317
594 436 14 14 0.032056086
563 372 75 99 0.031415388
145 196 326 366 0.03025811
80 632 55 68 0.030106692
564 434 50 68 0.028838884
328 419 128 179 0.028610704
594 415 19 28 0.028416203
148 552 15 15 0.02807864
320 33 78 94 0.027929977
158 388 119 188 0.027860332
371 39 56 104 0.027568383
337 115 74 88 0.02752631
448 0 388 317 0.027522042
61 222 57 65 0.02684837
524 369 67 78 0.026125852
147 242 52 76 0.025786584
713 0 311 390 0.025262369
509 350 65 77 0.024884477
200 397 206 230 0.024748007
564 75 46 50 0.02364111
327 9 64 66 0.023442335
597 419 12 18 0.023368089
599 433 12 16 0.02289613
321 128 65 71 0.022883456
515 396 46 70 0.022777744
276 98 113 125 0.022740109
573 370 42 68 0.022489274
561 417 46 59 0.022299208
304 29 61 77 0.022258915
513 838 31 30 0.021978596
211 315 56 62 0.02158007
518 424 34 48 0.02156184
520 659 504 365 0.021361351
507 417 84 101 0.021267233
596 425 14 22 0.020694237
353 10 63 66 0.020659411
214 797 23 26 0.020614812
546 331 84 120 0.020411206
484 5 63 84 0.020346196
731 748 293 276 0.01986075
53 208 238 296 0.01965541
323 115 49 49 0.019654721
733 640 24 15 0.019385265
229 248 177 168 0.01916426
802 0 222 213 0.019089997
597 426 20 29 0.018892938
398 87 50 90 0.018861491
530 9 52 69 0.018843204
222 321 216 241 0.018706508
582 412 35 54 0.018658515
401 102 27 72 0.01864458
43 223 113 149 0.018584276
963 0 61 79 0.018573392
117 591 50 47 0.018542025
223 405 133 157 0.01848628
377 112 35 57 0.01846733
593 418 13 16 0.018389888
338 640 57 61 0.018347053
302 29 121 141 0.01828234
485 148 343 372 0.01828006
274 256 100 107 0.018146828
995 986 29 38 0.01812162
462 2 227 169 0.018049095
365 0 28 20 0.017791685
57 0 379 394 0.01774061
319 82 49 48 0.017507756
40 410 30 39 0.017441748
396 66 34 76 0.017385561
0 0 101 137 0.017380878
602 421 10 18 0.017365774
115 556 61 78 0.01734705
520 835 23 19 0.017332003
161 428 62 98 0.017323807
938 922 86 102 0.017122712
358 125 47 59 0.017084798
292 454 140 187 0.016776081
370 82 41 64 0.016763348
272 279 66 73 0.016664999
146 545 16 18 0.016632168
291 145 82 100 0.016532883
781 532 40 51 0.016529905
294 197 61 71 0.016419636
1002 0 22 41 0.01639478
336 128 42 48 0.016347567
973 959 51 65 0.016308654
0 0 51 70 0.016286034
0 195 52 91 0.01625707
0 0 207 268 0.01617578
500 849 58 77 0.016174747
209 939 27 32 0.016079685
528 412 53 60 0.016009407
284 150 123 138 0.015974341
589 432 13 14 0.015949763
321 90 111 136 0.01594277
20 113 250 287 0.015812928
358 237 32 36 0.015773697
429 422 22 34 0.0157359
41 222 58 75 0.015716737
133 316 270 386 0.015642691
0 0 26 37 0.015625304
919 0 105 134 0.015621744
243 10 116 121 0.015609925
535 333 65 82 0.01558863
361 616 65 65 0.015510063
284 0 94 71 0.015469926
63 218 81 96 0.015466003
202 935 59 71 0.01541679
319 269 78 86 0.015312045
502 416 51 71 0.015297901
210 177 61 78 0.0152919255
56 627 60 73 0.0152259255
588 406 39 44 0.015203886
607 1 67 83 0.015187857
594 428 10 15 0.015085657
242 467 104 143 0.015078901
292 100 67 72 0.015075074
0 233 54 99 0.0149984555
98 0 99 78 0.014987248
362 30 54 74 0.014914214
576 449 60 68 0.014901919
190 359 139 169 0.014891787
315 85 8 10 0.014854087
249 464 65 92 0.014798755
151 641 56 56 0.014793187
375 480 106 139 0.014761835
126 615 27 22 0.014689416
333 68 46 59 0.014668772
134 133 66 81 0.014640771
499 348 133 182 0.014620567
209 338 63 70 0.0146036735
117 614 41 40 0.0145846605
178 449 143 196 0.01455768
209 804 24 27 0.014522661
690 78 55 70 0.014512138
548 381 52 60 0.014453173
568 464 42 47 0.014452462
366 640 49 49 0.014431496
855 1 74 73 0.014425967
356 532 78 93 0.014369992
329 16 44 37 0.014323387
370 111 57 95 0.014299137
303 697 53 39 0.014276413
284 387 125 158 0.014222601
153 234 42 49 0.014193784
183 810 78 118 0.014182497
711 176 313 333 0.014164318
321 100 28 29 0.014134586
829 1 71 73 0.014121637
580 74 44 45 0.014065348
608 192 416 695 0.0140418075
204 290 105 115 0.013981315
335 95 47 45 0.013959732
330 501 77 102 0.013953331
237 321 45 41 0.013935734
211 798 90 124 0.013916408
34 267 155 242 0.013883898
330 54 39 48 0.013877901
171 403 70 101 0.013870101
199 809 41 53 0.013853582
587 416 19 25 0.013837478
1010 0 14 27 0.013813082
556 0 180 126 0.013812984
1 201 345 468 0.013806407
566 404 92 113 0.013784549
502 292 247 313 0.013760459
424 1 67 75 0.013752159
903 0 68 85 0.013739341
576 424 20 24 0.013707086
553 219 349 401 0.0136914095
720 354 105 128 0.01367655
699 84 35 44 0.013540707
597 437 17 24 0.013527571
137 264 141 183 0.013502261
538 93 244 310 0.013499427
492 432 109 140 0.013494055
992 13 32 94 0.013475779
148 264 58 85 0.013453967
309 488 67 98 0.013450024
288 179 50 49 0.01343843
510 0 98 97 0.013432347
313 652 63 68 0.013415149
344 0 52 37 0.013370781
249 502 68 95 0.013317737
318 538 33 53 0.013310334
542 18 57 75 0.013294604
531 489 65 80 0.013242446
206 133 62 80 0.013235248
387 437 138 165 0.013229008
254 292 92 99 0.013213287
548 85 60 71 0.013189694
416 407 34 45 0.013154843
1 913 134 111 0.013131476
503 838 45 53 0.013080522
227 805 22 28 0.013068008
180 318 112 149 0.013058387
343 603 58 65 0.0130277295
6 245 111 198 0.013016119
907 150 117 316 0.013006013
545 456 97 125 0.013001653
562 240 70 83 0.012996916
694 0 69 77 0.012975139
386 32 45 73 0.01292648
220 813 21 29 0.012919998
512 308 24 37 0.012919812
265 327 120 149 0.012913853
159 0 100 77 0.012886396
95 621 46 56 0.012868535
613 78 32 41 0.012826052
302 283 103 123 0.012813161
478 837 64 85 0.012808844
127 0 104 101 0.012801583
482 406 58 73 0.012782245
213 11 262 272 0.012747943
921 572 68 80 0.012700086
836 259 188 312 0.012697899
528 437 37 45 0.01269575
587 5 59 78 0.012687221
540 642 114 144 0.012671115
380 0 292 262 0.012647335
378 551 72 91 0.012639175
42 0 95 77 0.012617499
326 241 66 78 0.012602418
184 134 59 76 0.012601376
242 309 65 58 0.012566139
0 270 73 151 0.012558449
0 970 37 54 0.01254978
522 599 106 130 0.012537036
116 23 65 97 0.012529963
117 619 61 59 0.012524136
172 2 128 118 0.012511564
71 0 95 99 0.012508852
781 600 26 20 0.012493743
76 562 64 74 0.012492263
996 61 28 86 0.012481599
581 436 20 22 0.012472308
0 688 214 336 0.012448666
132 491 59 76 0.012440091
604 417 11 19 0.012439078
236 174 142 144 0.012425974
755 328 101 123 0.012422833
641 2 134 120 0.012416016
298 729 244 295 0.012386026
551 159 63 83 0.012385599
489 620 249 334 0.01237473
467 12 58 87 0.0123472465
201 499 197 223 0.012341389
663 851 244 173 0.012329849
589 408 55 65 0.012306908
213 795 50 63 0.012305774
306 84 35 51 0.012304313
801 0 71 74 0.0123042045
757 387 104 124 0.012296465
122 635 70 67 0.012284212
198 894 63 82 0.012264834
286 679 475 345 0.01225641
0 0 13 17 0.012241955
786 359 105 128 0.012239367
837 860 187 164 0.012227667
630 85 49 61 0.012224984
506 459 67 81 0.012211334
609 414 17 32 0.012211137
605 427 10 16 0.012198953
65 600 60 76 0.012197085
572 750 108 153 0.012190261
357 0 15 11 0.012185759
820 117 94 105 0.012173141
440 477 38 54 0.01216955
546 429 46 55 0.012155072
629 25 58 87 0.012149373
219 0 98 73 0.012143212
580 354 111 138 0.012139239
549 942 92 82 0.012127007
906 66 60 84 0.012119319
310 65 44 57 0.012100765
32 405 47 63 0.012095732
85 26 66 95 0.012088661
539 0 51 49 0.012072418
677 103 64 74 0.012069541
182 446 70 89 0.012068797
350 14 103 123 0.0120675685
302 574 121 137 0.0120574655
562 666 123 161 0.012031689
0 701 58 90 0.012025727
0 144 56 96 0.012007678
274 460 70 92 0.012007199
222 446 66 88 0.012001776
259 0 81 57 0.011998627
419 0 55 46 0.011998473
587 428 39 50 0.011998171
434 464 58 81 0.011997859
1010 159 14 50 0.011993159
390 103 27 55 0.011989948
7 731 107 156 0.011969735
289 235 68 80 0.011965776
418 256 58 91 0.011960886
376 0 89 69 0.011949933
818 296 104 127 0.011949424
401 453 79 107 0.0119284
262 435 67 88 0.011922856
621 536 62 66 0.011888305
326 184 37 33 0.011875847
266 377 63 76 0.011851091
342 229 125 148 0.011847411
585 353 60 83 0.011844517
186 602 385 422 0.011834941
275 47 63 83 0.011829813
287 0 143 112 0.011822043
892 22 63 104 0.011790501
781 176 105 130 0.011781706
249 542 74 89 0.011763352
316 233 31 31 0.011728752
905 550 69 81 0.011708842
81 109 98 119 0.011694604
589 438 13 14 0.011688926
565 29 58 77 0.011688611
702 55 34 55 0.01166742
686 43 56 82 0.011666109
83 0 194 143 0.011644391
783 652 81 89 0.011643796
931 0 68 74 0.011642875
350 68 38 47 0.011642106
216 0 13 10 0.011634924
571 417 20 28 0.011626681
173 629 55 64 0.011625755
169 186 144 159 0.011622317
143 0 70 51 0.011616797
190 108 71 78 0.011592574
688 325 106 131 0.011585962
480 960 83 64 0.011584363
908 594 64 75 0.011574016
418 494 92 127 0.011568583
202 431 69 88 0.011564853
409 395 38 43 0.011562916
150 228 37 36 0.011550481
392 0 209 143 0.011539486
593 693 125 168 0.011538961
3 568 113 174 0.011528051
544 406 47 45 0.011519109
195 331 43 46 0.011513562
322 202 65 79 0.011509827
612 81 48 57 0.011504147
380 130 19 27 0.011501846
362 0 22 14 0.011478845
640 0 86 86 0.011472847
518 981 64 43 0.011465376
443 432 59 75 0.011460004
645 197 55 50 0.011455613
417 291 58 88 0.011435393
393 585 67 86 0.01142952
343 0 31 20 0.011420351
359 493 76 92 0.011405591
783 236 105 126 0.011404487
663 191 51 51 0.011402303
146 23 64 97 0.0113896215
259 503 46 63 0.011386082
295 298 69 77 0.0113617005
218 353 65 76 0.011360707
429 415 499 580 0.01136027
421 446 55 69 0.011348709
959 901 39 45 0.011345573
722 294 102 126 0.011343372
640 106 260 332 0.01133951
64 651 61 70 0.011335122
509 414 30 50 0.011322319
861 22 64 98 0.011315495
748 203 107 129 0.011312712
811 135 80 60 0.011306014
205 225 65 76 0.011300801
391 59 17 20 0.011300039
631 111 50 60 0.011295137
422 415 42 52 0.011280112
608 419 11 19 0.011253309
442 107 196 274 0.011248626
1021 0 3 20 0.011222323
0 466 317 537 0.011220959
243 365 110 139 0.011215285
177 496 63 83 0.01120869
552 459 41 49 0.01119652
563 924 64 74 0.01117025
370 981 67 43 0.011167331
602 415 10 17 0.011160282
4 680 99 145 0.011158808
354 236 48 58 0.01115444
589 407 20 27 0.011148462
837 353 108 132 0.011142288
294 447 67 90 0.011136267
992 716 32 91 0.01113576
541 770 253 254 0.011131978
270 255 59 71 0.011129005
459 981 71 43 0.011128088
280 422 65 84 0.011123768
988 164 36 87 0.011122045
596 39 52 73 0.011120497
281 244 201 232 0.0111167235
164 253 70 82 0.011116384
717 0 61 62 0.011108237
27 701 68 94 0.011098963
197 0 83 61 0.0110913
531 958 74 66 0.011042207
702 108 41 56 0.011041232
0 152 162 403 0.011035417
574 439 96 116 0.011033536
630 650 118 163 0.011033402
377 0 49 36 0.011032867
375 337 173 212 0.011031882
525 438 23 25 0.011027811
637 110 35 40 0.011015788
84 663 40 47 0.01101509
317 163 52 55 0.011014999
546 656 68 89 0.011014651
654 28 65 90 0.011004204
579 259 70 84 0.010997651
784 610 13 10 0.010984278
351 293 38 49 0.01097752
707 642 75 89 0.010968658
185 168 61 78 0.0109684635
332 549 71 86 0.0109605305
50 334 169 254 0.0109493695
658 138 60 72 0.010942671
341 982 66 42 0.010939529
670 114 87 110 0.010929641
200 937 27 30 0.010922527
342 116 50 47 0.010920911
155 105 69 84 0.010917851
626 744 121 173 0.0109163765
58 862 207 162 0.010914276
0 958 77 66 0.010914196
300 765 124 163 0.010909793
929 310 95 154 0.0109039275
375 0 16 12 0.010903129
39 77 96 128 0.010900856
644 145 91 114 0.0108940145
516 305 16 22 0.010892667
752 264 103 125 0.010892121
790 532 64 60 0.010891962
549 728 103 142 0.010891591
365 711 69 80 0.01088879
332 366 99 124 0.010886616
559 100 63 78 0.010882265
0 1003 18 21 0.010865377
88 0 64 59 0.010860704
263 314 59 65 0.010851817
116 615 24 24 0.010850526
90 136 66 80 0.010849128
275 316 39 44 0.010843786
805 61 60 83 0.010841918
75 252 71 93 0.010833094
326 0 31 21 0.010825889
752 919 167 105 0.010807049
1011 88 13 58 0.010792545
482 26 37 52 0.010791933
996 431 28 84 0.0107875075
369 406 94 126 0.010785269
800 982 72 42 0.010784472
187 673 22 15 0.010766855
992 760 32 91 0.010761608
713 16 65 92 0.010755221
197 638 62 72 0.010754935
213 433 34 43 0.010754242
256 0 15 10 0.010749951
328 105 32 27 0.010744888
843 266 109 132 0.010740937
795 0 52 43 0.010739292
580 1 216 207 0.010736913
191 114 122 141 0.010726933
408 550 69 86 0.0107215615
517 20 47 62 0.010715357
316 0 54 38 0.010715111
222 491 73 88 0.010700118
272 0 14 10 0.0106889075
296 367 67 77 0.010688542
995 670 29 90 0.010680282
493 177 200 275 0.010675262
692 259 102 128 0.010672449
324 44 37 45 0.0106681725
562 484 64 82 0.010666932
697 0 13 10 0.010661535
718 229 106 130 0.0106542
388 121 56 95 0.010651171
0 441 48 65 0.010650186
400 981 67 43 0.010649387
0 82 133 316 0.010646814
314 197 40 34 0.010644252
594 411 11 15 0.010643331
238 388 63 81 0.010640545
0 323 82 154 0.010631093
772 982 72 42 0.010627581
422 666 69 71 0.010626199
907 982 68 42 0.010625291
551 476 57 67 0.010618527
203 352 24 31 0.010602997
394 371 55 67 0.010600328
389 0 27 21 0.010594801
553 788 99 134 0.0105923675
744 0 37 49 0.010592085
1004 139 20 66 0.010587462
603 77 27 38 0.010586317
430 981 70 43 0.010579142
360 75 38 48 0.010576224
311 983 65 41 0.010571854
506 376 44 68 0.010566847
410 427 37 36 0.010562266
670 174 101 126 0.010556852
214 858 219 166 0.01055118
995 807 29 87 0.010548548
810 388 106 129 0.010545499
822 960 82 64 0.010540141
965 174 59 140 0.010535497
2 451 34 41 0.010532882
620 203 58 60 0.010524022
96 54 104 138 0.01051924
1005 166 19 72 0.010497519
231 109 66 80 0.010487506
147 557 16 16 0.010481837
394 784 238 240 0.010479364
646 130 50 60 0.010469002
379 779 71 102 0.010463517
777 0 63 76 0.010462366
474 0 64 56 0.010460941
891 569 66 80 0.010452725
230 188 58 73 0.010449954
736 642 75 86 0.010440859
813 210 107 129 0.010436321
683 381 107 124 0.010429208
327 537 147 178 0.010425696
48 710 69 102 0.010422287
264 0 15 10 0.010408316
72 123 65 81 0.010407571
717 626 58 54 0.010406839
17 0 81 64 0.010406061
657 689 126 178 0.010405116
275 79 70 83 0.010404576
881 67 61 83 0.010402289
216 326 37 39 0.010391324
547 922 28 31 0.010386831
587 367 39 56 0.010374777
347 149 69 89 0.010374494
226 184 37 48 0.010372643
112 254 80 117 0.010369993
181 203 65 80 0.010369601
19 236 78 116 0.010365558
600 0 53 44 0.010351098
77 0 55 42 0.010349279
608 146 93 120 0.010348821
333 433 33 45 0.010345003
897 255 122 153 0.010306121
317 110 22 20 0.010305782
529 850 60 79 0.010303836
161 984 62 40 0.0103026405
279 982 67 42 0.010297933
320 523 42 56 0.010297694
886 0 72 51 0.010293093
957 233 67 146 0.010292138
657 82 69 81 0.010288737
866 286 119 141 0.01028675
844 174 105 132 0.010282876
206 926 26 33 0.010279559
550 126 61 82 0.01027938
404 410 84 108 0.010269284
350 0 15 10 0.010259738
506 54 160 184 0.010253479
199 900 20 22 0.010251355
341 233 41 39 0.01024844
383 133 32 49 0.010240896
679 646 72 89 0.010239798
106 48 54 76 0.01023106
377 728 75 95 0.010227878
1017 0 7 37 0.010227441
569 484 35 34 0.010223988
318 698 69 51 0.01021545
539 860 32 43 0.010212471
532 26 103 114 0.010212398
904 80 42 57 0.010202828
23 319 68 95 0.010200132
995 254 29 93 0.010200064
702 0 54 43 0.010193103
846 0 45 41 0.010187865
127 531 62 70 0.01018777
208 0 15 10 0.010185832
94 933 114 91 0.010182715
175 23 64 97 0.010179709
250 979 69 45 0.010177479
0 314 46 88 0.010176122
641 48 57 81 0.010163192
559 83 33 38 0.010151621
767 592 38 32 0.010148437
121 192 122 139 0.010147767
423 935 115 89 0.010142403
621 574 57 47 0.010135758
293 186 29 36 0.010134733
716 926 120 98 0.010132053
48 679 407 345 0.010120651
365 643 28 33 0.010119647
936 984 68 40 0.010119446
792 25 62 96 0.010118815
0 500 82 151 0.010115447
380 68 34 57 0.010114707
8 402 56 75 0.010112344
979 309 45 105 0.010111413
0 463 61 89 0.010106954
318 424 34 47 0.010104754
490 448 62 73 0.0101033915
416 0 140 92 0.010100182
620 0 69 54 0.010099542
9 117 86 121 0.0100989295
0 789 84 151 0.010097975
626 138 60 71 0.0100920955
959 887 35 41 0.010086627
246 356 68 73 0.010085163
529 523 68 82 0.010084691
135 613 26 22 0.010081982
526 67 64 73 0.01007947
74 629 85 100 0.01007916
496 309 104 142 0.010075115
144 543 14 12 0.010074659
440 519 61 85 0.010072934
270 491 45 60 0.0100712245
694 199 105 130 0.010067555
863 416 161 254 0.010067367
827 22 67 99 0.010064263
534 618 58 58 0.010061419
981 365 43 104 0.010050836
408 960 81 64 0.010050233
324 627 58 58 0.010049021
566 600 110 127 0.010047788
13 428 61 79 0.01004754
545 925 52 61 0.010046191
358 929 123 95 0.010045613
721 0 88 90 0.010026875
137 8 192 204 0.010026372
296 401 65 90 0.010025467
800 871 68 97 0.010021372
770 832 126 175 0.010020802
74 202 61 71 0.010008581
235 417 66 88 0.010008009
311 215 40 42 0.01000258
159 56 66 97 0.010000255