47_Matador_Bullfighter_Matador_Bullfighter_47_195
1471
896 233 68 100 0.86134845
759 97 61 75 0.8317023
568 115 57 82 0.82313055
701 99 56 87 0.8109596
287 5 52 59 0.79594654
708 369 16 21 0.14651734
664 364 11 18 0.10087316
664 342 13 16 0.08006796
578 461 32 19 0.07477919
724 101 68 87 0.05975578
713 344 14 18 0.05793867
753 329 14 15 0.054829918
850 427 17 14 0.048574723
662 359 19 27 0.045451038
849 428 10 12 0.044771012
631 368 27 35 0.044465207
711 371 10 13 0.04236777
889 263 14 22 0.041503917
759 109 76 101 0.040410426
713 104 32 45 0.039330486
566 686 10 11 0.036021154
736 381 35 30 0.03431907
535 117 74 89 0.03424574
711 371 23 29 0.033683553
848 429 30 37 0.033455923
727 380 28 34 0.03305529
581 97 54 82 0.032893326
224 49 41 48 0.03268718
553 677 7 10 0.032434158
658 362 14 19 0.031875603
631 257 47 58 0.031810265
582 435 30 42 0.0316846
750 46 73 105 0.03160905
815 413 27 34 0.03159596
568 392 49 67 0.03149821
715 344 9 10 0.03138028
722 315 12 10 0.030919466
949 227 75 111 0.030636776
563 143 63 88 0.030429233
1 259 135 253 0.030349154
672 114 66 82 0.03027034
308 0 50 56 0.029403636
787 92 72 92 0.029394163
713 374 10 14 0.029323427
599 116 69 93 0.029164178
712 358 20 30 0.029161524
630 88 83 100 0.028840024
649 357 34 41 0.028478872
294 29 48 54 0.028450236
569 449 44 35 0.028448604
921 0 103 120 0.02834508
585 464 30 26 0.028276792
713 369 14 15 0.027833864
725 383 19 21 0.02779296
656 340 24 35 0.02747036
730 367 27 37 0.027454056
0 0 42 56 0.027040297
563 687 12 17 0.02685613
457 252 24 37 0.026833344
789 379 52 72 0.026795115
636 364 46 59 0.026727129
683 92 60 74 0.026717415
803 0 221 206 0.026645284
737 421 46 63 0.026327098
984 0 40 63 0.026247721
847 446 17 20 0.025752662
751 381 36 30 0.025685458
724 387 58 71 0.025404006
719 124 42 63 0.025198553
639 377 18 17 0.025197309
1000 772 24 46 0.024993073
709 112 98 117 0.024911102
676 363 24 28 0.024820933
637 358 29 35 0.024773514
955 186 69 114 0.024475474
703 372 17 22 0.024407739
428 307 29 37 0.024093866
0 0 82 113 0.024046134
627 185 87 109 0.024040055
41 183 65 79 0.023960898
703 391 12 17 0.0238863
683 642 21 27 0.02381216
902 285 52 57 0.02378476
842 437 27 33 0.023783412
664 183 88 109 0.023652889
712 343 20 29 0.023492211
821 425 25 27 0.023488414
589 138 40 61 0.023461007
925 239 70 91 0.023410078
315 0 71 83 0.02336426
751 326 12 15 0.023258997
768 332 12 13 0.02313727
561 684 23 26 0.023125827
707 371 11 13 0.02302973
691 343 10 13 0.022945944
586 465 19 13 0.02288334
783 0 153 119 0.022870453
559 673 14 17 0.022633368
525 143 60 76 0.02248464
622 372 47 63 0.022415172
614 107 49 69 0.022400936
840 446 16 16 0.022379275
103 0 80 63 0.02236237
887 283 79 105 0.022262057
709 256 43 55 0.022151696
414 0 79 59 0.022100378
986 752 38 66 0.022061858
561 679 14 15 0.021758752
716 162 89 114 0.021674475
740 374 26 26 0.02164809
221 47 63 73 0.021619916
665 490 13 21 0.021607645
886 233 54 78 0.021559775
0 0 26 37 0.021534719
530 159 87 115 0.021499924
717 362 17 18 0.021414086
664 355 14 22 0.021327985
668 341 10 12 0.02128981
744 332 44 54 0.021207325
565 694 9 14 0.021132724
643 484 15 22 0.02106643
687 0 148 112 0.021028535
30 145 98 113 0.02102196
707 346 18 23 0.020991186
1008 378 16 74 0.020989388
668 366 10 15 0.020970426
791 532 233 286 0.020854332
279 0 46 43 0.020799635
921 48 103 198 0.020738704
460 0 81 62 0.02067483
881 284 58 72 0.020673167
818 0 80 62 0.020632068
770 139 48 55 0.020577254
739 356 44 52 0.020550245
590 443 31 36 0.020500867
0 0 166 221 0.02048722
822 223 90 119 0.02042753
542 68 76 108 0.020416388
708 340 32 45 0.020361671
703 142 47 59 0.020253975
584 421 30 42 0.020239038
772 0 78 59 0.02022038
0 561 182 257 0.020143231
648 344 25 36 0.020090237
851 430 21 21 0.020030513
713 377 15 20 0.020008525
736 356 26 42 0.019976694
55 0 82 63 0.019938864
667 370 8 14 0.019935632
624 347 45 58 0.01985029
723 0 78 60 0.019750845
662 227 84 104 0.019714128
507 0 81 62 0.019694295
864 0 83 64 0.019638624
151 0 78 63 0.019596796
954 271 70 115 0.019506257
764 328 14 15 0.019493615
260 33 56 62 0.019480892
719 377 44 54 0.019471416
1020 796 4 22 0.019446451
593 0 148 111 0.019443367
667 347 9 13 0.019426733
664 361 9 15 0.019406341
653 361 14 17 0.019373994
557 669 13 15 0.019366428
235 24 47 55 0.019363029
758 328 13 12 0.019352043
755 326 10 12 0.019349469
742 388 34 35 0.019345297
732 381 18 19 0.019335406
685 329 47 57 0.019332908
787 381 33 43 0.0193285
541 174 57 66 0.01927977
396 0 64 47 0.01924746
879 197 117 167 0.019153943
0 756 42 62 0.019134557
675 0 79 60 0.019071477
496 0 148 117 0.01904166
661 334 20 25 0.019026147
817 415 13 18 0.019008307
755 426 28 46 0.01890791
664 367 27 33 0.018902939
639 336 40 53 0.018865092
159 469 443 349 0.018858405
556 0 79 61 0.01885809
713 342 8 10 0.018768273
806 130 50 64 0.01876329
623 129 87 105 0.01872354
728 104 25 39 0.018719826
668 354 36 44 0.018705035
295 39 73 91 0.018671073
747 0 123 95 0.018661898
85 0 69 52 0.018640107
809 158 48 60 0.01862486
710 340 14 17 0.018595332
894 214 55 75 0.018485144
800 0 68 50 0.018442748
628 0 79 61 0.018306715
629 382 59 72 0.018304098
773 80 43 57 0.018282633
638 480 26 35 0.018258711
4 601 87 127 0.018252617
780 110 53 61 0.018222824
704 336 24 31 0.018198274
753 0 66 48 0.018143075
705 0 66 49 0.018082982
524 183 45 59 0.018055411
915 276 59 77 0.018021004
875 321 54 63 0.018016346
676 32 76 104 0.018001152
717 348 36 51 0.017995723
586 162 58 80 0.017989174
669 71 104 140 0.017982142
789 360 41 57 0.017961057
1015 0 9 32 0.017960113
424 307 44 54 0.017909791
581 121 34 45 0.0178868
325 0 62 42 0.017858502
580 467 22 20 0.017825417
931 686 93 132 0.017810956
366 0 77 57 0.017809289
448 0 57 41 0.01778669
781 151 52 66 0.017719807
684 377 13 15 0.017675534
558 670 24 28 0.017646996
659 386 12 13 0.017630717
537 0 68 51 0.017616875
670 326 45 58 0.017550845
729 335 42 54 0.017503465
1015 786 9 32 0.017491324
591 457 22 20 0.017488206
664 153 52 64 0.017472202
593 66 48 68 0.017463597
492 130 90 108 0.017453086
686 240 58 65 0.017439246
657 0 67 50 0.017425112
822 435 15 17 0.017404772
656 364 20 30 0.017367013
910 0 85 68 0.017353656
648 372 51 62 0.017318724
436 223 25 33 0.017300174
759 339 44 56 0.017281864
299 0 39 40 0.017241048
985 211 39 105 0.017189618
702 380 18 28 0.017185453
911 297 79 102 0.017152967
118 0 149 102 0.017131232
847 430 8 12 0.017120851
28 0 86 87 0.017117325
710 367 9 12 0.017100051
646 489 16 23 0.01707311
680 413 13 16 0.017028479
718 315 14 14 0.017018646
905 179 76 122 0.017001107
670 356 22 27 0.016990041
0 18 46 110 0.016985834
1014 397 10 58 0.016920585
806 398 41 53 0.016874803
16 541 433 277 0.016869424
535 654 68 122 0.016862435
225 0 75 50 0.016851122
853 253 73 97 0.016845569
586 0 67 50 0.016825236
1011 351 13 78 0.016728329
825 432 25 29 0.016706401
0 635 61 101 0.016699756
400 0 151 112 0.01666769
522 0 295 196 0.01665132
721 367 14 19 0.016637338
736 446 43 56 0.016635237
336 171 78 97 0.016635189
737 95 119 156 0.016613567
799 392 15 20 0.01657239
36 0 303 227 0.01654705
12 0 68 53 0.016508333
1011 411 13 73 0.016487002
744 371 16 23 0.016422234
663 252 52 60 0.016421033
741 378 49 57 0.016412789
494 0 58 42 0.016377473
717 371 15 19 0.016362809
716 381 29 38 0.01633823
137 0 57 42 0.016309323
739 71 55 77 0.016303437
947 271 52 69 0.016290797
755 369 34 32 0.016268611
724 380 15 18 0.01624102
709 378 10 13 0.016195484
851 0 58 41 0.01618667
562 193 63 79 0.016116288
717 342 9 10 0.016104568
653 0 120 89 0.016083397
854 432 13 12 0.016082948
724 359 44 55 0.016080823
690 364 23 28 0.01606978
1021 0 3 23 0.016068088
988 263 36 98 0.016065909
806 86 90 108 0.016041752
687 343 16 20 0.016030496
556 678 15 15 0.016006123
558 0 122 92 0.015996149
790 54 138 177 0.01594701
303 18 32 42 0.01594047
554 671 10 13 0.015937846
842 0 129 102 0.015918598
604 432 13 24 0.015893903
325 0 35 27 0.01588213
539 106 52 65 0.015860362
752 329 22 24 0.015848715
579 19 77 101 0.015848117
724 37 75 99 0.01584776
614 0 57 41 0.01584528
682 643 16 17 0.01580818
811 132 89 115 0.015796363
636 381 20 27 0.015791476
826 438 10 11 0.015783165
698 149 73 100 0.015779607
0 557 71 129 0.015766544
678 346 25 34 0.015730372
732 147 53 68 0.015722677
304 0 151 104 0.015717264
345 204 77 94 0.015714023
329 0 297 201 0.015625004
661 369 12 20 0.015622754
770 163 73 95 0.015614806
181 0 65 48 0.015590208
708 39 60 84 0.015588357
579 691 13 20 0.015560255
820 410 16 20 0.0155404555
754 78 26 45 0.015509698
0 232 45 107 0.015483888
562 668 14 15 0.015459093
716 339 14 17 0.015456958
673 359 13 16 0.015436901
738 252 47 62 0.015427259
0 64 45 107 0.015424133
692 340 10 12 0.015374901
503 131 13 13 0.015374498
550 678 9 12 0.015354192
251 22 86 106 0.015352808
836 418 48 58 0.015345813
730 269 41 55 0.015345584
978 136 46 124 0.015335266
754 322 20 20 0.015335137
550 674 9 11 0.0153263975
674 319 17 17 0.015325898
9 136 141 189 0.015325386
678 751 77 67 0.015310209
39 241 177 235 0.015282066
75 0 90 96 0.015260537
731 84 24 35 0.015223163
529 124 41 66 0.015211785
813 394 25 43 0.015209076
769 424 15 25 0.015202134
646 381 12 14 0.015200792
714 792 36 26 0.015194216
659 364 10 12 0.0151820155
625 231 46 69 0.015173551
555 420 56 61 0.015172435
899 0 57 42 0.015167728
792 353 28 46 0.01515942
568 32 55 69 0.015156067
838 58 138 190 0.015150277
730 688 16 17 0.015127831
879 28 96 136 0.01512213
799 193 132 181 0.015110617
688 270 53 55 0.015101315
194 31 95 112 0.015077852
312 33 33 39 0.015003939
625 355 29 39 0.014995296
885 330 78 97 0.014938082
551 679 66 125 0.01488986
720 368 22 27 0.014887822
326 31 59 72 0.014870503
888 87 79 103 0.014864394
642 187 49 60 0.0148632
450 216 24 28 0.014854782
746 382 24 20 0.014851887
561 684 10 10 0.01483428
848 444 12 16 0.014826155
609 54 71 97 0.014816165
704 364 16 19 0.014805072
640 106 49 66 0.014784899
283 55 53 63 0.014772157
1003 276 21 68 0.014769725
603 758 79 60 0.014769544
459 0 123 93 0.014767291
851 432 10 11 0.014762433
658 338 13 15 0.0147491805
673 299 70 82 0.0147414375
1011 728 13 71 0.014731269
574 0 43 33 0.014727097
50 699 181 119 0.014719912
748 272 47 58 0.014716803
350 0 62 45 0.014702902
834 425 15 19 0.014695968
709 384 15 17 0.014685115
555 674 13 13 0.014672507
636 378 14 14 0.014672058
0 234 92 163 0.014651327
206 0 63 42 0.014646699
846 423 12 16 0.014637771
0 713 89 105 0.014626657
719 351 19 26 0.014598747
380 534 287 284 0.014596149
717 94 29 38 0.014581253
258 60 53 61 0.014581011
176 0 124 82 0.014579336
732 220 69 91 0.01456395
996 716 28 91 0.014554904
728 403 30 43 0.014543489
601 426 21 40 0.014485393
0 10 29 72 0.014484248
541 199 54 64 0.014468807
584 186 70 94 0.014463422
42 0 57 41 0.01444455
829 415 29 32 0.014444335
0 369 137 270 0.014444315
934 756 85 62 0.014438422
774 36 62 88 0.014409509
725 109 36 55 0.014406288
841 448 20 24 0.014398434
197 499 57 67 0.014394087
260 622 100 129 0.01438902
339 127 78 101 0.014385994
685 215 56 68 0.014379784
569 67 52 74 0.014378806
951 296 51 65 0.014369999
936 284 88 183 0.014368774
615 345 94 110 0.014350331
827 429 18 16 0.014314141
982 519 42 120 0.014311963
208 24 65 72 0.014310689
890 268 10 14 0.014301336
856 427 10 10 0.0142976
766 236 55 68 0.014281898
841 428 13 18 0.0142765
0 111 45 109 0.0142365
635 233 65 79 0.014226204
837 418 14 21 0.014225333
171 349 96 129 0.014225074
974 88 50 125 0.014223187
662 701 16 20 0.01421475
708 315 26 27 0.014210404
941 0 70 54 0.014194945
0 491 47 111 0.014190907
661 345 13 17 0.014188211
618 154 47 65 0.014182012
809 418 42 47 0.014177551
60 131 102 115 0.014176892
435 747 85 71 0.014176361
849 419 15 19 0.014175829
680 169 64 79 0.014161947
256 7 45 54 0.014160535
1017 374 7 53 0.014154037
0 685 43 108 0.014148119
842 388 72 85 0.014134463
689 350 13 18 0.01412921
719 377 15 19 0.014122025
655 179 62 72 0.014117417
211 621 98 129 0.014095108
674 385 29 39 0.014092112
652 362 9 12 0.014080643
868 66 75 103 0.014080273
847 312 70 87 0.014076993
41 601 98 126 0.014073166
873 235 42 63 0.01404926
747 113 50 55 0.014041963
790 142 31 38 0.014038716
665 718 58 67 0.014031932
1013 292 11 65 0.014024554
0 541 46 111 0.014020674
734 681 16 20 0.014012784
667 395 43 58 0.014010857
922 0 58 42 0.014008251
221 504 50 61 0.014004184
177 46 36 40 0.0140015
0 444 47 111 0.013996976
136 9 62 69 0.013995913
742 308 46 60 0.013982169
707 213 51 66 0.013977858
27 746 91 72 0.0139654
650 316 35 48 0.0139427865
0 301 62 117 0.01392719
882 755 90 63 0.013887605
721 83 47 73 0.013887022
857 299 50 63 0.013878042
516 190 65 84 0.013854696
19 550 97 137 0.013848004
887 255 23 32 0.013842332
797 336 41 59 0.013839388
602 164 27 42 0.013836573
544 665 46 75 0.013824865
643 134 47 64 0.013815591
672 552 39 71 0.013813468
184 765 66 53 0.013812794
716 10 21 25 0.013806133
220 751 89 67 0.013800717
98 747 91 71 0.013793631
700 376 90 113 0.013784748
760 331 21 24 0.013779075
537 0 43 33 0.013768234
868 140 85 127 0.013761271
700 361 13 17 0.01376081
550 680 23 31 0.0137573
908 98 90 121 0.013743615
710 346 10 13 0.013741261
752 144 46 55 0.013737364
1000 226 24 76 0.013733609
568 692 8 12 0.013721035
678 373 20 26 0.013718257
37 340 188 251 0.013714235
93 599 98 129 0.013713791
321 28 43 50 0.013695244
750 196 72 97 0.0136946235
621 207 48 62 0.013681994
730 264 27 44 0.013680598
772 334 11 11 0.0136786215
735 141 28 48 0.013672772
597 456 32 33 0.013671766
717 375 9 13 0.013659214
972 12 52 130 0.013656103
984 468 40 124 0.013646748
0 162 46 104 0.013640747
591 467 18 18 0.01363346
718 388 14 17 0.013615255
567 686 15 18 0.013612288
925 319 53 67 0.013608715
669 365 15 19 0.01360419
848 418 29 25 0.013593633
635 280 36 40 0.013591149
688 343 24 33 0.013587991
804 173 58 73 0.013573122
334 165 59 69 0.013565946
585 449 20 25 0.0135639785
67 624 98 126 0.013554077
12 267 312 392 0.013551618
53 786 57 32 0.013543826
448 235 36 50 0.013538486
277 769 68 49 0.01350853
719 343 10 11 0.013494333
859 216 73 103 0.013493981
883 0 44 34 0.01349117
650 385 7 9 0.013487303
768 364 41 50 0.013463769
923 779 61 39 0.013445135
1013 325 11 69 0.0134332795
801 365 45 67 0.013433046
146 764 65 54 0.013422568
67 179 97 112 0.013422163
818 184 88 114 0.013419751
995 177 29 85 0.013408219
640 639 44 54 0.013399289
4 503 87 135 0.013392749
793 370 24 39 0.013390804
641 209 50 62 0.013380841
395 150 72 93 0.013372622
602 60 133 161 0.013369158
1023 0 1 32 0.013364497
569 690 21 24 0.013351495
196 252 85 110 0.013348767
656 365 9 11 0.013336578
408 0 42 32 0.013326955
640 278 11 14 0.013322455
716 322 13 16 0.013310781
582 469 26 32 0.013295729
288 749 90 69 0.013291252
672 92 45 62 0.013285737
698 360 11 14 0.013284939
737 374 15 21 0.013280828
460 267 18 25 0.01327921
619 270 42 46 0.013278845
36 209 58 72 0.01327769
234 379 54 72 0.0132479835
758 258 50 64 0.0132478895
0 136 80 116 0.013242126
804 319 47 65 0.013241238
643 331 27 37 0.013239581
0 347 63 121 0.013234869
988 376 36 109 0.013224849
148 702 180 116 0.01322404
859 356 78 95 0.013216269
664 772 56 46 0.013207084
173 303 87 112 0.013202773
840 449 10 11 0.013197279
58 171 60 74 0.013171963
172 21 53 63 0.013169059
319 45 74 92 0.0131685035
0 58 28 75 0.013167827
0 651 28 74 0.013161238
1017 285 7 55 0.013155773
612 6 61 72 0.013140114
554 736 79 82 0.013133734
791 83 45 61 0.013131111
361 90 80 101 0.013130309
1010 527 14 72 0.013118922
754 172 62 79 0.013105769
173 407 94 129 0.013102906
768 379 17 21 0.013100936
910 209 52 61 0.013095511
742 518 15 18 0.013093553
658 57 75 104 0.013092756
318 230 87 110 0.013091204
865 392 56 57 0.013088716
812 324 91 116 0.013087032
687 512 76 107 0.013079267
619 380 33 44 0.013069081
819 16 82 111 0.013060421
726 313 11 11 0.013060105
936 462 88 211 0.013057723
555 496 59 73 0.013048591
41 258 54 73 0.013044604
170 232 90 114 0.013042868
876 277 46 58 0.013042119
842 87 182 305 0.013030454
0 396 46 113 0.013026216
240 70 95 119 0.0130116595
634 606 38 49 0.013007853
1021 288 3 46 0.013000173
0 596 36 95 0.012993283
766 329 9 10 0.012991012
705 303 31 30 0.012981872
773 421 15 20 0.012981611
1013 262 11 62 0.01297494
796 194 73 95 0.012973853
983 671 41 112 0.012972704
306 783 57 35 0.012971076
659 369 10 13 0.0129688205
191 75 97 121 0.012967464
986 427 38 111 0.012967353
834 435 17 20 0.012964328
873 776 62 42 0.012958162
43 201 90 106 0.012952377
986 306 38 107 0.012951166
798 348 13 18 0.0129503105
628 24 76 103 0.01294633
141 620 96 130 0.012942044
605 157 133 165 0.012940515
738 205 51 68 0.012933027
740 0 42 33 0.012929629
708 775 55 43 0.012928576
1018 425 6 51 0.012917221
845 429 17 18 0.01290999
98 115 84 103 0.012888047
16 772 63 46 0.012884606
96 157 90 113 0.012883145
661 114 40 54 0.012873144
532 145 22 45 0.012862095
1016 742 8 63 0.012856153
874 345 56 67 0.012847064
458 243 39 50 0.01283125
4 392 86 130 0.0128286835
730 392 21 29 0.0128281005
23 647 94 127 0.0128275305
0 0 17 23 0.012826657
828 435 17 18 0.012822866
548 364 55 73 0.0128223505
743 749 89 69 0.012822089
840 754 88 64 0.012818927
722 344 25 37 0.01281484
91 785 58 33 0.012812702
0 285 48 75 0.012806471
846 447 9 12 0.012797252
710 327 21 28 0.01279233
844 35 85 122 0.012788797
550 79 102 143 0.0127773285
151 327 87 115 0.012774922
26 251 90 111 0.012767137
682 484 116 160 0.012754135
261 0 32 27 0.012751106
442 2 73 82 0.012745034
716 289 31 34 0.012744811
1020 359 4 50 0.012734438
725 279 29 40 0.01271784
903 308 48 55 0.01271757
682 385 13 18 0.012708929
690 30 139 168 0.012703083
896 777 62 41 0.01269842
224 69 72 90 0.012695337
822 385 14 18 0.012658387
432 210 40 46 0.012642344
366 0 125 89 0.012641386
749 330 10 11 0.012633732
0 104 27 73 0.012628694
993 104 31 87 0.0126273
839 250 12 18 0.012624121
936 464 18 16 0.0126226405
0 225 27 75 0.012619464
475 749 90 69 0.012612091
423 227 38 51 0.0126052
835 0 44 34 0.012563991
748 289 12 15 0.012560407
718 304 23 23 0.012545891
719 342 16 18 0.012541622
656 32 66 85 0.012539155
580 368 48 76 0.012535162
808 367 89 114 0.012523576
787 0 45 33 0.012522606
673 339 12 17 0.0125194015
294 257 88 112 0.0125171505
781 706 156 112 0.01251566
885 261 13 21 0.012506008
811 370 25 34 0.012503089
253 276 161 196 0.012499578
111 774 64 44 0.01249286
669 492 13 22 0.012492058
607 507 306 311 0.012482497
22 88 92 125 0.012481949
186 37 51 52 0.012479436
788 750 90 68 0.012473866
740 488 18 15 0.012472607
471 71 134 167 0.012466967
100 15 87 97 0.012465502
797 347 20 34 0.01244515
778 207 55 71 0.012443596
434 313 16 24 0.012440209
103 210 85 111 0.012438379
997 556 27 83 0.012434619
702 361 9 9 0.012431475
705 327 54 68 0.012417591
54 357 86 111 0.012417211
226 9 132 157 0.012415736
165 783 56 35 0.012415566
586 166 38 50 0.012413148
94 282 182 228 0.012412975
211 783 59 35 0.012402073
234 647 98 128 0.012399857
371 23 29 38 0.012397619
53 619 57 71 0.012392868
352 109 55 65 0.012391002
272 18 46 49 0.012387177
63 768 65 50 0.012386703
621 182 46 61 0.012381127
366 783 57 35 0.012380276
122 187 87 112 0.01237298
0 580 27 76 0.012367698
621 394 19 18 0.012366724
553 679 11 15 0.012365456
811 373 11 15 0.012329451
455 258 43 59 0.012324951
687 703 149 115 0.012324345
721 366 10 11 0.012321109
389 747 92 71 0.012315595
588 104 33 47 0.012305187
337 752 90 66 0.012304936
778 407 52 61 0.0123039
660 211 54 66 0.012298506
739 145 135 182 0.01229712
1012 0 12 56 0.012282375
0 725 27 73 0.012280854
0 792 24 26 0.012265788
725 437 68 91 0.012251218
593 467 31 35 0.01225032
307 623 96 131 0.012249204
724 363 12 14 0.012247908
724 240 44 60 0.012244181
872 31 65 89 0.012231466
615 34 55 73 0.012228103
33 572 49 68 0.012227729
598 232 51 73 0.012226695
284 581 93 125 0.012223616
669 636 42 55 0.012214346
423 315 25 33 0.012211667
677 330 29 37 0.012207175
712 382 9 12 0.012197421
663 497 29 38 0.012194613
635 776 58 42 0.01218641
639 488 13 22 0.01217428
339 785 60 33 0.012170841
70 396 91 120 0.012166751
644 158 47 63 0.0121594025
701 395 10 11 0.0121495295
459 246 19 29 0.012147231
563 673 9 11 0.0121456785
22 477 94 133 0.012139432
7 202 87 111 0.01213455
509 133 131 171 0.012126434
641 287 45 58 0.012123306
579 155 37 49 0.012118075
700 372 39 51 0.012114079
729 372 17 24 0.012112548
261 706 95 112 0.012108583
83 24 49 70 0.012099585
849 375 58 63 0.012098457
603 136 45 60 0.012089809
46 680 97 122 0.012087358
436 301 40 45 0.0120778065
381 0 45 32 0.01207664
816 417 8 12 0.012074488
201 209 83 110 0.0120701725
717 366 10 11 0.012070043
735 44 49 66 0.012067544
174 182 88 114 0.012058083
125 95 56 63 0.012050218
250 0 99 83 0.012040658
3 55 83 122 0.012033527
55 52 153 186 0.012030288
173 369 58 72 0.012029002
431 0 43 32 0.01202369
293 207 84 108 0.012023518
773 11 47 63 0.012020961
568 699 7 10 0.012018612
146 211 89 114 0.012015336
346 698 173 120 0.011999593
1019 737 5 51 0.011995441
760 160 47 52 0.011990729
771 494 79 102 0.011963898
0 461 29 76 0.011960285
983 620 41 113 0.011955291
214 675 94 123 0.011951733
319 496 52 64 0.01194547
183 224 57 76 0.011945207
285 383 97 132 0.011935949
866 102 80 112 0.011918279
67 0 150 137 0.011916225
314 602 51 68 0.011909348
308 54 142 170 0.011907062
921 308 33 37 0.011900939
29 359 59 73 0.01189805
825 438 15 19 0.011894696
646 357 16 22 0.011888833
181 137 82 105 0.011886975
362 154 71 83 0.011859985
246 399 51 70 0.011841294
67 551 98 131 0.011839839
36 714 50 69 0.011838288
687 557 48 72 0.01183711
221 235 78 103 0.011836928
1021 310 3 48 0.011832868
85 0 43 33 0.011829061
1020 771 4 47 0.011818917
699 386 14 20 0.011818609
596 123 33 51 0.011816801
651 667 128 151 0.011807366
255 773 63 45 0.011800349
647 630 26 35 0.011785841
20 262 55 72 0.0117814215
1015 433 9 60 0.011777888
509 660 118 158 0.011773674
795 232 74 96 0.011756041
424 769 66 49 0.01174911
405 368 51 68 0.01174056
836 444 48 55 0.011729324
139 784 55 34 0.011727854
28 371 92 123 0.011725754
210 349 94 124 0.011725457
914 514 79 111 0.011724947
681 355 36 44 0.011721566
197 436 14 17 0.011720265
1017 318 7 57 0.011718476
491 4 67 74 0.0117162615
1010 491 14 72 0.011716191
0 801 15 17 0.01171585
573 490 87 109 0.0117130475
0 509 28 75 0.011712432
24 167 59 76 0.011707581
561 599 85 94 0.011704962
121 0 45 35 0.011703677
645 368 14 21 0.011703195
846 84 79 108 0.011702481
651 365 14 20 0.011699383
534 21 73 87 0.011697362
93 652 95 124 0.011696781
1010 210 14 64 0.011696628
564 102 45 57 0.011695552
737 392 15 19 0.011686296
1004 0 20 34 0.011683365
146 256 87 109 0.011682048
600 373 50 61 0.011681686
651 272 25 41 0.011681314
203 156 83 109 0.011675629
674 326 7 10 0.011675376
366 186 60 72 0.011675171
658 337 9 10 0.011674261
243 467 174 211 0.011672122
40 46 51 72 0.01167024
885 671 96 127 0.011669261
221 276 84 109 0.011660538
373 132 58 70 0.011657137
267 533 86 117 0.011657135
0 268 29 77 0.011653637
45 12 93 112 0.011651931
305 47 30 37 0.011645628
22 416 96 131 0.011640105
32 284 54 71 0.011636129
995 658 29 82 0.011636019
216 146 55 66 0.011632395
732 666 156 152 0.011630726
263 43 135 169 0.011629776
416 176 66 86 0.01161246
0 178 26 71 0.011611954
477 0 45 33 0.0116104735
32 329 88 114 0.0116049275
593 774 58 44 0.011601213
345 49 50 59 0.0115967365
293 273 55 72 0.011595049
126 703 53 69 0.011594115
792 49 78 105 0.01159394
306 300 89 111 0.011593798
319 0 27 20 0.011592092
752 402 44 62 0.011591645
837 429 9 13 0.011590837
812 373 15 20 0.0115905525
671 343 10 13 0.01158867
539 508 79 98 0.0115881935
416 128 73 97 0.011587111
2 639 43 64 0.011586926
399 312 69 91 0.01158675
521 0 50 45 0.011585032
741 82 26 35 0.0115836775
699 288 48 56 0.011578845
614 563 56 78 0.011573082
169 0 43 32 0.011571331
139 271 392 449 0.011567901
802 351 25 40 0.011566016
919 224 49 70 0.011564951
168 728 95 90 0.011560078
675 312 37 47 0.011555035
678 290 50 59 0.011552324
147 433 99 128 0.011546326
627 481 43 53 0.011546036
145 0 281 197 0.011545414
589 409 42 60 0.011541351
614 386 44 63 0.011539488
710 340 8 11 0.0115390485
1022 0 2 42 0.011535276
270 231 83 109 0.011534017
1008 697 16 71 0.011532873
275 76 63 80 0.011529227
779 350 30 42 0.011520056
854 423 10 12 0.011501095
842 428 71 80 0.011500147
162 497 57 70 0.011493953
931 449 30 33 0.011488316
755 392 31 33 0.011486528
301 148 80 98 0.011486222
670 343 23 27 0.011479259
558 668 8 11 0.011474114
860 404 75 88 0.011463132
53 305 88 110 0.011453216
77 233 89 109 0.01145184
341 649 53 70 0.011450828
999 510 25 87 0.0114501035
590 442 18 24 0.01144835
159 231 167 213 0.011446851
937 384 87 202 0.011444324
696 287 71 90 0.011439922
933 247 43 65 0.011433967
665 337 9 14 0.011422099
310 52 47 54 0.011421652
63 112 55 74 0.011420094
196 503 185 235 0.011419872
761 326 40 47 0.011419135
116 733 52 75 0.011414982
320 769 67 49 0.011394736
41 593 54 70 0.011391506
121 136 84 107 0.011388459
859 438 22 24 0.011386771
689 373 26 31 0.011383849
300 346 94 121 0.011379746
117 192 153 199 0.011378253
601 332 37 49 0.011377045
1012 586 12 64 0.011375804
578 608 52 65 0.011373963
415 291 68 89 0.011373623
820 288 71 94 0.011371329
407 185 52 65 0.011369175
200 8 55 64 0.011369001
556 212 75 96 0.01136525
56 412 54 78 0.01135598
42 525 98 134 0.011349719
365 230 48 61 0.01134801
260 96 52 63 0.011346452
26 0 45 34 0.011339494
603 102 29 40 0.011338831
805 415 26 29 0.011335833
456 203 23 38 0.011331558
774 32 27 39 0.01132455
518 772 62 46 0.011324441
660 389 13 18 0.011323231
539 478 59 74 0.011321632
435 409 73 94 0.0113215
364 227 72 90 0.011317777
401 137 54 67 0.011316448
59 138 155 197 0.011311031
500 128 59 76 0.01130462
210 379 58 73 0.011291643
393 200 71 86 0.011290174
344 41 279 320 0.0112875225
542 461 59 52 0.011285315
710 401 55 69 0.01128494
444 220 22 28 0.011282692
732 162 27 36 0.011281657
1011 455 13 72 0.011279933
649 372 22 25 0.011275194
666 416 51 69 0.011273899
53 285 57 70 0.011264727
996 606 28 78 0.011258749
49 450 181 241 0.011254476
812 436 36 41 0.011252489
619 788 53 30 0.011249304
56 635 273 183 0.011240333
694 468 9 10 0.011237034
707 393 9 11 0.011231358
0 413 29 77 0.011230792
1015 520 9 61 0.011224995
449 782 51 36 0.01122226
889 141 48 64 0.0112171415
344 5 70 84 0.011216391
645 0 43 34 0.011210953
642 377 29 31 0.011190083
841 451 13 16 0.011184171
655 15 28 38 0.011183783
595 448 19 24 0.011181093
859 219 165 242 0.01117785
740 384 17 18 0.011168816
287 70 90 114 0.011164627
728 570 153 205 0.01116301
149 161 86 110 0.0111629525
565 462 33 30 0.011159033
568 683 12 12 0.011156162
338 492 89 119 0.011155657
621 286 94 118 0.011155489
715 350 8 14 0.011155155
338 0 33 23 0.0111521995
624 520 51 76 0.01115044
830 158 48 63 0.011150195
239 577 98 129 0.011145764
1021 268 3 45 0.011143134
68 568 50 67 0.011139886
18 118 54 70 0.011137094
576 214 93 119 0.011132159
825 776 62 42 0.011129358
643 479 17 17 0.011129102
749 331 15 20 0.011126353
949 205 53 73 0.011125096
850 404 50 51 0.011124487
724 481 72 97 0.011121212
801 351 14 19 0.011117375
209 294 57 75 0.011115977
1020 334 4 48 0.011101821
115 677 96 122 0.011098975
66 357 58 74 0.011096937
961 328 63 109 0.011095388
165 646 95 126 0.011094834
721 386 12 12 0.011090644
619 323 43 58 0.011089245
323 2 27 40 0.011088755
176 343 53 69 0.0110883955
830 432 10 10 0.0110752005
665 723 33 48 0.011062788
848 295 111 146 0.011054768
534 159 26 44 0.011053542
676 354 14 20 0.011051647
557 684 9 10 0.011046887
736 177 52 65 0.011036849
604 442 23 35 0.011036335
70 477 96 130 0.0110345995
129 24 45 61 0.011023211
640 342 22 31 0.011021419
716 327 13 19 0.011018178
994 26 30 92 0.011018173
312 560 94 121 0.011016341
208 106 64 80 0.011015702
805 406 58 77 0.011014825
511 355 83 104 0.011013636
429 9 259 279 0.011009532
639 196 129 165 0.011009501
682 13 40 55 0.01100617
222 357 57 75 0.011003229
671 273 28 42 0.011002076
541 789 53 29 0.01100121
12 667 66 88 0.011000217
413 785 57 33 0.010999521
73 711 89 103 0.010991121
55 714 54 71 0.010985671
130 354 85 111 0.010984625
102 70 81 102 0.010981771
752 9 48 66 0.010979253
111 463 58 74 0.010972938
822 432 41 48 0.010969196
0 368 41 74 0.010967405
435 688 85 112 0.010967067
642 524 59 95 0.010965545
608 351 30 36 0.0109650465
422 182 92 113 0.010962859
282 487 53 68 0.010961735
106 714 52 70 0.010959258
677 428 85 93 0.010953943
426 142 92 109 0.010952025
537 570 83 104 0.010948287
881 64 44 59 0.010948239
772 383 33 41 0.010940406
0 36 257 388 0.010939677
347 0 16 9 0.010930277
698 353 19 22 0.010929517
125 236 86 110 0.010928759
208 62 49 52 0.0109265465
222 180 82 109 0.010924675
281 346 57 71 0.01092147
916 76 69 89 0.010913617
222 399 55 75 0.010913074
71 327 90 113 0.010911192
222 120 79 99 0.010909209
684 617 70 86 0.010907529
1011 24 13 69 0.010904895
791 80 31 39 0.010904123
882 517 142 222 0.010900231
304 245 57 76 0.010898236
679 16 30 38 0.010897567
287 220 53 76 0.010897042
524 229 52 67 0.010895384
825 409 17 20 0.010894177
323 62 50 58 0.010892421
303 460 58 75 0.0108907055
0 318 30 78 0.010883606
560 659 64 91 0.010882953
669 639 26 33 0.010876197
749 151 12 22 0.01087418
858 430 11 9 0.010870216
32 21 50 75 0.010859687
257 197 163 197 0.010856128
152 116 80 101 0.010854863
641 388 39 48 0.010854654
220 536 88 114 0.010851995
705 67 43 58 0.010847086
769 389 42 55 0.010842589
830 251 51 68 0.010834246
679 324 11 13 0.010830766
349 282 161 202 0.010830353
305 701 96 117 0.010829933
1010 183 14 66 0.010827591
344 25 26 37 0.010827323
186 269 57 76 0.010826818
629 640 65 87 0.01082299
456 292 49 62 0.01081839
827 125 59 79 0.010812879
882 615 142 203 0.0108070215
737 398 34 36 0.010802666
892 6 70 82 0.010801925
1009 137 15 66 0.0108010555
914 141 50 67 0.010788592
315 514 89 115 0.010785144
363 0 39 32 0.010782546
694 133 138 173 0.010782208
885 382 79 95 0.010781719
256 380 56 71 0.010779809
360 510 92 124 0.010778487
543 697 9 12 0.01077194
389 430 52 70 0.010770944
124 94 79 99 0.01077026
327 448 55 75 0.010769218
763 322 15 15 0.010766917
244 639 55 74 0.010762293
735 342 26 40 0.010758916
669 360 12 15 0.010757953
675 627 24 34 0.010756739
1020 537 4 49 0.010756285
660 644 66 91 0.010753474
964 400 60 113 0.010751592
94 526 95 132 0.010751264
942 543 67 94 0.010749462
144 90 47 54 0.010748205
505 184 45 61 0.010748028
65 598 54 70 0.010743233
50 236 55 71 0.010740742
647 260 25 41 0.010740467
597 438 17 20 0.010739986
846 139 74 101 0.010739581
665 374 8 13 0.010738838
166 406 53 71 0.010735334
763 384 17 18 0.010732003
691 312 42 52 0.010731415
741 268 28 37 0.0107292235
665 647 26 42 0.0107254
665 373 12 19 0.0107228225
189 584 96 124 0.01072075
513 488 88 106 0.010720182
725 363 15 21 0.010719209
403 116 140 170 0.01071666
424 164 51 65 0.010714454
325 563 17 14 0.01070875
654 340 18 22 0.010707705
801 373 26 34 0.010705908
951 320 52 66 0.01070402
545 64 54 67 0.010698073
891 490 80 112 0.010693438
454 27 47 67 0.0106918635
434 294 27 40 0.0106913
432 239 44 57 0.010690959
597 320 30 42 0.010689608
311 465 86 116 0.0106887035
0 0 10 13 0.010684592
726 385 10 12 0.010682448
776 772 67 46 0.010679033
856 433 44 46 0.010672797
428 272 43 58 0.010671515
751 333 10 13 0.010668301
221 331 56 72 0.010668173
142 353 44 57 0.01066688
269 321 57 69 0.010666603
664 315 25 33 0.010664363
550 682 11 16 0.010664256
332 225 56 71 0.010664157
281 296 57 70 0.010656113
804 398 10 13 0.010647483
214 81 51 62 0.010646736
552 0 37 26 0.010644622
328 279 59 71 0.0106420545
6 106 51 71 0.010642016
638 412 52 70 0.010639251
343 71 78 98 0.010638225
747 430 54 76 0.0106375655
249 377 163 205 0.010633815
384 71 78 99 0.01063151
156 598 50 70 0.010627748
894 417 73 84 0.010624927
656 408 44 55 0.010621268
154 70 74 92 0.010615688
942 100 70 89 0.010615263
829 378 53 66 0.010613362
619 653 51 58 0.010610807
44 108 54 70 0.01061071
451 261 23 30 0.010603656
346 73 47 59 0.010603028
100 85 56 67 0.010602404
475 783 53 35 0.010599305
246 258 83 105 0.0105984425
114 508 55 75 0.010594313
476 161 112 138 0.010594217
681 622 40 51 0.010593816
326 616 56 72 0.010591911
813 378 48 63 0.01059176
325 382 60 71 0.010589389
658 501 71 114 0.010587488
708 433 65 66 0.010583826
784 251 50 61 0.010583376
848 544 50 67 0.010581497
20 30 88 122 0.010581065
602 479 78 105 0.010580431
503 566 84 112 0.010579957
100 502 190 235 0.010578471
840 406 25 32 0.010576777
276 0 31 32 0.010574661
833 701 16 21 0.010567476
751 475 76 99 0.010564591
1013 614 11 62 0.010564483
683 393 9 13 0.0105612995
737 284 25 35 0.01055584
412 336 77 100 0.010555633
316 650 54 69 0.010551635
1021 594 3 47 0.010545765
797 423 74 93 0.010542889
857 695 97 123 0.010537255
50 200 42 52 0.010537143
766 509 48 61 0.01053538
785 342 26 35 0.010529075
65 141 54 76 0.010522312
282 438 55 74 0.010514445
841 547 80 106 0.010509559
148 322 178 225 0.010504587
706 391 17 17 0.010500416
807 63 50 70 0.010499524
403 16 48 64 0.010489975
212 40 44 46 0.010486151
851 449 10 15 0.01048451
656 485 21 26 0.010483502
182 46 72 84 0.010483496
546 665 34 47 0.0104755685
364 22 79 96 0.010475043
82 557 48 65 0.010467693
436 316 27 32 0.010462773
853 348 56 65 0.010461356
878 184 53 70 0.010451566
236 365 102 127 0.010451299
397 106 55 69 0.010450661
826 178 57 74 0.0104490025
570 467 47 55 0.010447531
0 677 39 66 0.010443967
227 137 323 416 0.010436659
432 217 24 31 0.010432069
403 231 50 61 0.010429896
538 219 64 83 0.010427513
965 561 59 113 0.010422595
287 503 193 238 0.010421659
15 378 59 78 0.01042163
334 556 18 11 0.010421197
766 375 86 113 0.010418452
759 348 15 16 0.010418154
196 247 58 76 0.010412221
451 214 37 52 0.01041172
175 246 56 76 0.010411567
741 482 15 16 0.010411464
760 332 11 12 0.010411256
321 90 80 102 0.010409183
503 157 46 63 0.01040913
564 152 29 41 0.010405706
525 39 45 61 0.010403977
954 0 44 33 0.010401767
268 501 51 65 0.010400608
123 395 96 119 0.010398835
333 601 96 131 0.010396091
269 277 89 113 0.010396034
95 403 185 236 0.010395017
728 468 42 47 0.010393678
293 370 58 72 0.010393672
767 652 94 124 0.010393212
638 309 54 70 0.010390775
599 697 141 121 0.010388967
295 0 30 27 0.010388125
557 178 136 185 0.010387608
784 399 16 18 0.01038343
737 474 137 179 0.010382102
66 637 53 71 0.010380966
758 88 38 49 0.010380709
118 554 95 129 0.010378645
684 642 33 41 0.010377063
79 703 54 70 0.010376777
324 27 25 34 0.0103731025
738 477 27 25 0.010372729
183 391 59 76 0.010371726
160 223 59 77 0.010370831
79 274 57 73 0.0103694685
720 397 31 39 0.010368459
766 335 11 15 0.0103622265
622 289 46 50 0.010360418
1015 556 9 60 0.010359585
613 220 41 59 0.010357387
294 658 79 106 0.010356589
511 429 134 179 0.010356141
53 24 53 71 0.010355869
920 187 54 76 0.010355569
855 787 54 31 0.010348833
397 609 50 67 0.0103453295
1015 637 9 64 0.010341174
279 109 56 68 0.010338903
1017 16 7 60 0.010335434
764 531 8 11 0.010332561
118 482 94 126 0.010328401
705 0 42 34 0.010325549
771 330 9 10 0.010323961
659 391 10 11 0.010323773
114 112 54 68 0.010322067
755 567 10 13 0.010322006
8 77 41 55 0.01032035
636 63 58 79 0.010320205
928 129 49 68 0.010320097
203 726 50 70 0.0103193
795 403 29 35 0.010318222
272 703 51 69 0.010317017
172 203 57 72 0.010306097
514 625 75 117 0.010304304
244 54 48 54 0.01030095
46 65 91 113 0.010298165
816 191 36 47 0.0102979485
1006 303 18 66 0.010296211
241 655 190 163 0.010294179
70 45 50 70 0.010291196
37 571 22 28 0.010286809
869 471 76 98 0.010286523
595 341 28 39 0.010286154
810 417 15 19 0.010282171
198 202 56 70 0.010280464
66 438 56 77 0.010273377
44 379 57 75 0.010272784
353 37 14 18 0.010271706
771 358 28 39 0.01026977
243 440 89 119 0.010264173
698 570 76 100 0.010257457
79 94 56 70 0.010257414
384 484 94 125 0.010253647
249 499 51 70 0.010252388
8 147 53 75 0.010252211
849 6 65 78 0.01025175
191 455 87 120 0.010247551
140 737 54 71 0.010247346
652 457 82 106 0.010243623
561 690 10 12 0.010239231
234 518 51 53 0.010234844
0 624 24 41 0.010234403
75 278 90 108 0.010232898
246 206 83 109 0.010229746
708 340 7 10 0.010228745
790 154 36 42 0.010228107
269 118 77 95 0.010227863
1016 226 8 53 0.010227778
637 23 34 44 0.010225462
855 127 55 70 0.010222098
544 573 55 70 0.010216924
826 204 32 50 0.010216446
830 436 9 10 0.010214998
377 555 94 127 0.010212872
665 501 17 20 0.010212488
1017 252 7 54 0.010212113
693 613 50 60 0.010208766
629 172 53 60 0.010208352
896 51 53 69 0.010202515
511 256 78 105 0.01019797
1020 1 4 44 0.010194731
660 141 41 46 0.010193175
233 110 56 67 0.010189902
668 0 44 34 0.010176697
272 461 53 71 0.010175813
44 520 50 74 0.010172515
735 405 15 22 0.010172189
321 22 115 131 0.010159421
248 496 86 111 0.010159087
842 424 12 15 0.010157126
732 774 62 44 0.01015662
1010 103 14 64 0.010154994
909 350 83 104 0.01015253
154 704 51 69 0.010152316
676 357 77 94 0.010150346
1019 451 5 50 0.010149632
751 509 14 21 0.010146634
746 367 26 28 0.01014339
31 137 54 73 0.010142378
849 443 29 38 0.010142281
114 45 152 187 0.010141022
583 622 81 84 0.010140074
244 358 57 75 0.010139474
717 383 9 12 0.010136153
288 492 86 112 0.010133638
767 325 15 15 0.010133168
887 225 40 59 0.010133083
766 386 28 31 0.010129314
335 10 42 53 0.010121999
213 538 51 64 0.010121656
677 416 20 26 0.010121347
339 492 53 65 0.010119507
629 242 32 44 0.010119295
84 576 24 36 0.010111694
921 0 37 28 0.010110479
880 14 49 68 0.010108154
829 442 25 31 0.010095866
938 300 47 53 0.010095668
291 771 13 14 0.010094084
894 267 11 13 0.0100931935
850 435 15 23 0.010091855
415 288 41 54 0.010091236
192 789 48 29 0.010090207
440 223 62 86 0.010077553
944 120 35 48 0.010075971
642 380 11 11 0.010075091
38 790 48 28 0.010074865
626 728 82 90 0.0100731095
361 387 54 67 0.010068779
714 390 13 14 0.0100631965
244 299 89 114 0.010059353
557 657 26 31 0.010058593
315 424 56 74 0.010057259
302 201 55 75 0.010056708
245 320 58 71 0.010053093
740 363 17 26 0.010049795
1012 660 12 68 0.010046268
305 81 53 65 0.010043815
707 388 12 15 0.010042687
242 138 80 102 0.010035615
712 324 13 17 0.010031609
753 392 23 23 0.010028673
280 317 173 214 0.010028157
162 269 55 75 0.010027985
548 612 53 66 0.010020872
327 416 95 122 0.010020205
465 107 11 14 0.010016576
859 244 42 62 0.010016279
1016 202 8 53 0.010015684
269 322 97 125 0.010012693
603 596 57 65 0.010011296
883 404 54 55 0.010002451
894 368 59 66 0.010001934