20_Family_Group_Family_Group_20_326
2641
860 201 29 35 0.84252316
703 225 34 40 0.8419608
149 216 33 38 0.8391345
630 196 38 45 0.83270127
346 236 24 33 0.8276194
394 247 26 33 0.8272063
450 279 26 29 0.82476175
804 288 25 31 0.8127375
816 226 26 32 0.80226594
423 378 20 24 0.7919342
871 337 21 25 0.78895885
217 221 32 37 0.78389686
514 251 22 27 0.7725331
437 235 27 34 0.7484729
422 353 18 24 0.14944284
954 385 11 15 0.10737594
421 365 20 30 0.08633277
718 223 24 31 0.084293224
196 258 17 21 0.07720662
197 252 10 13 0.0712877
878 144 8 10 0.051018033
428 351 13 16 0.048428677
198 256 12 16 0.047289547
0 185 11 19 0.046760783
161 226 24 29 0.045403864
930 359 10 14 0.0451091
0 585 10 14 0.04457964
634 213 36 43 0.04414098
681 215 37 46 0.04271639
942 92 8 10 0.041493673
200 262 12 13 0.040609498
413 256 12 17 0.040253855
14 19 8 10 0.039935656
731 231 13 20 0.039587215
180 213 35 46 0.03944162
725 231 19 28 0.039028335
894 101 8 9 0.038378596
453 253 23 29 0.03792899
413 396 9 10 0.03686436
869 198 32 40 0.03681883
802 535 14 15 0.036489896
154 225 37 44 0.036484785
448 242 24 28 0.036295354
800 295 30 40 0.03623674
425 385 21 26 0.036154933
811 286 30 38 0.03603184
342 245 30 40 0.036001638
930 137 18 28 0.03599992
0 1 4 13 0.035748843
393 480 19 46 0.03558848
358 237 29 38 0.035402972
212 226 24 28 0.034732778
393 260 27 34 0.034702156
212 238 12 21 0.03400639
952 387 9 11 0.033043932
0 532 8 13 0.032929942
354 256 14 17 0.03264569
864 336 19 24 0.032491934
417 260 9 13 0.032068152
795 299 24 28 0.032042924
1007 183 9 12 0.03196336
508 257 23 27 0.031697445
408 247 30 38 0.031470235
1013 629 11 23 0.031419165
809 231 25 29 0.031378184
771 136 10 12 0.03127419
879 341 18 21 0.031056937
722 219 31 41 0.031053586
643 193 41 48 0.03103946
518 255 26 30 0.03090867
426 357 12 14 0.030875057
207 233 34 37 0.030602833
624 198 19 30 0.030547917
700 237 26 32 0.03027434
874 327 25 32 0.030126745
415 244 20 28 0.030099463
174 273 16 19 0.03005252
695 215 33 41 0.029973594
871 143 7 10 0.029697206
698 229 21 29 0.029605115
400 238 24 34 0.029554505
657 233 38 46 0.029535364
201 252 26 30 0.029394476
517 239 26 36 0.029129157
873 209 21 26 0.028885867
600 193 42 49 0.028721588
417 298 18 23 0.028581822
411 352 23 26 0.02856744
221 238 32 39 0.028503366
230 229 24 27 0.028494515
615 203 37 43 0.028285583
31 519 10 12 0.028240472
516 251 12 19 0.028217908
353 257 26 32 0.028162736
652 210 40 48 0.028098179
402 433 8 13 0.028046815
836 212 35 43 0.028013516
957 383 9 13 0.027919583
0 190 23 51 0.027908681
854 102 13 17 0.027846182
844 199 34 43 0.027632507
214 241 21 24 0.027407212
411 395 12 16 0.027368298
850 350 11 20 0.027304811
0 73 12 29 0.02726325
1 497 11 13 0.027177146
866 344 21 24 0.027113507
441 280 27 31 0.02707955
207 401 14 18 0.027032938
822 212 32 41 0.026936714
430 374 17 23 0.026812311
949 84 8 10 0.026746433
624 73 11 15 0.026716264
708 204 38 52 0.026696114
486 375 13 19 0.026450222
195 252 8 10 0.026411392
366 252 20 27 0.026382461
426 244 30 37 0.026202407
491 363 21 27 0.026117805
858 219 32 39 0.026058134
433 380 18 22 0.025990188
430 242 21 24 0.025950752
204 261 8 10 0.025899319
992 77 12 15 0.02589891
126 213 41 47 0.025699826
398 269 35 46 0.025668912
388 238 26 35 0.0256168
438 333 21 25 0.025614249
180 232 36 46 0.02558115
691 252 9 14 0.025553845
192 250 19 25 0.02555356
444 284 33 41 0.025535297
168 216 32 41 0.025447713
732 239 12 21 0.025368217
693 251 13 17 0.025359042
936 200 12 18 0.025135502
641 229 25 28 0.025127662
834 232 37 44 0.025079546
825 231 25 29 0.024924466
340 228 24 35 0.024908757
140 224 33 36 0.024825016
618 401 18 20 0.024801204
425 296 11 21 0.024746675
698 223 16 25 0.024722267
510 259 30 38 0.024544226
799 292 20 23 0.024492085
359 259 17 21 0.024486596
747 426 11 20 0.024377387
510 243 20 30 0.024317395
725 220 16 24 0.024261737
479 454 11 10 0.024244405
420 386 18 21 0.02418757
873 350 19 22 0.024117354
144 196 35 50 0.02402298
222 235 23 26 0.02395185
715 214 22 27 0.023810932
402 265 16 18 0.023761647
644 195 26 34 0.023685014
173 232 11 19 0.023675952
336 262 23 26 0.023652565
439 248 19 22 0.023625089
965 165 9 13 0.023623848
367 266 14 17 0.023585577
433 253 31 40 0.023568172
0 204 18 27 0.02354234
796 311 12 16 0.023520088
630 232 33 35 0.023450812
429 351 8 10 0.023449365
200 141 12 15 0.023351915
380 409 9 12 0.02319125
800 261 30 45 0.023119606
199 249 11 14 0.023107912
805 241 23 28 0.022807568
826 224 19 25 0.02269069
696 242 21 29 0.022646688
411 262 12 18 0.022614514
411 374 29 38 0.02258411
0 581 7 14 0.022529846
214 214 22 29 0.022514168
844 213 21 27 0.022460641
697 241 38 48 0.022450017
329 232 33 44 0.02241892
0 493 17 23 0.022414183
377 240 29 38 0.02239773
0 482 9 12 0.022396913
975 202 12 14 0.022314852
625 205 12 20 0.022302166
808 0 216 192 0.022288457
429 225 29 39 0.022271829
443 221 33 44 0.022245094
818 149 9 11 0.022207946
447 405 13 14 0.02218987
0 576 12 20 0.022161135
456 220 35 43 0.022071535
954 383 8 11 0.02206202
999 136 25 45 0.022014756
387 256 18 22 0.021974243
803 224 37 50 0.021952825
822 239 18 20 0.021891208
715 236 28 32 0.021825371
0 0 33 45 0.021790493
927 201 9 13 0.021778353
861 543 11 11 0.02174234
360 245 18 25 0.021710603
649 218 24 31 0.021633103
858 532 166 120 0.021563068
380 267 35 47 0.021551011
421 347 16 20 0.02154935
834 547 10 13 0.021533495
950 384 19 24 0.021466522
429 337 20 25 0.021447025
253 546 9 11 0.021427574
156 209 24 31 0.021405453
412 229 31 41 0.021356918
1006 115 9 11 0.021313105
1016 184 8 29 0.021182328
931 364 11 14 0.021179443
616 228 41 50 0.021112507
454 265 30 39 0.02110227
230 241 22 24 0.021094123
853 184 43 56 0.020989303
623 186 36 44 0.020944674
799 292 11 17 0.020887855
461 289 24 27 0.020860037
897 102 8 10 0.020844622
913 373 9 13 0.020754328
699 253 20 27 0.02075314
198 262 8 10 0.020740664
793 311 21 27 0.020703837
820 144 8 12 0.02067837
29 542 8 9 0.020667765
0 0 17 23 0.020662254
980 0 44 45 0.020646373
853 210 31 38 0.020543613
992 611 32 41 0.020525515
195 229 30 36 0.020486353
867 188 25 35 0.020485077
678 197 35 47 0.020427853
529 255 18 25 0.0204071
425 353 11 13 0.020397143
801 144 8 9 0.020380566
997 181 16 20 0.02038026
596 247 17 23 0.020360284
413 239 12 18 0.020358238
193 260 27 35 0.020321306
420 388 31 43 0.02030777
398 290 38 50 0.020300345
905 97 9 11 0.020258013
480 257 33 42 0.02024356
158 247 39 46 0.02024001
813 250 22 28 0.020194195
177 274 21 23 0.020140719
882 208 11 18 0.020093601
945 102 8 10 0.02002065
964 348 15 18 0.020017257
405 272 22 27 0.020006383
393 228 27 39 0.019926386
416 249 10 20 0.01991196
949 588 75 64 0.01988058
428 371 14 19 0.019870734
816 240 31 41 0.019836403
12 580 8 9 0.01982149
430 358 13 15 0.019820997
812 309 22 28 0.019806556
355 233 18 27 0.019713994
880 351 14 16 0.019676328
953 546 12 16 0.01967167
370 389 10 15 0.019565301
853 365 19 25 0.019555721
141 223 18 24 0.019470563
525 254 16 20 0.019460844
426 364 14 16 0.019439738
216 249 24 28 0.019434191
877 95 8 12 0.019424
727 236 30 38 0.019423775
213 247 11 16 0.019401664
217 179 38 54 0.01938425
195 256 8 11 0.019363662
944 95 9 13 0.01930303
1011 397 13 38 0.01919833
1007 0 17 23 0.019180879
952 389 11 16 0.019178564
223 394 10 9 0.019146502
901 352 12 19 0.019141695
998 103 11 14 0.01913804
201 255 11 13 0.019102639
170 241 12 16 0.019093143
946 87 9 11 0.019074442
140 246 40 48 0.019033179
342 244 20 24 0.019012874
0 581 16 28 0.019002793
506 252 18 23 0.019000445
423 244 6 9 0.018963115
155 233 25 27 0.018942362
731 223 17 24 0.01893124
0 417 8 13 0.018890394
482 381 14 15 0.01888895
512 249 11 16 0.018836934
808 304 20 23 0.018815182
421 366 14 18 0.018812977
413 391 15 18 0.018754596
416 262 21 27 0.018731115
454 288 35 43 0.018708361
0 75 9 17 0.018696195
781 277 35 43 0.01868407
421 271 37 44 0.01867745
818 297 26 33 0.01866803
365 258 14 19 0.018652832
656 250 40 50 0.01864354
0 188 16 35 0.018620554
364 260 24 31 0.01861666
839 317 33 43 0.018611684
877 353 11 13 0.018547025
521 245 16 23 0.018543746
816 148 8 10 0.018406441
868 206 44 53 0.018395662
694 234 17 27 0.018378146
444 252 20 22 0.01836066
855 343 21 25 0.018331135
189 250 16 19 0.018302986
365 246 11 18 0.01829767
795 276 30 40 0.018264862
976 161 17 24 0.018260185
116 9 9 11 0.018246615
919 115 8 11 0.018229919
802 284 20 26 0.018209035
881 212 21 28 0.018208528
436 200 35 52 0.018204888
694 250 9 12 0.018171737
805 214 32 41 0.01817151
407 284 22 27 0.018160464
144 546 9 12 0.018157976
506 227 31 46 0.018121833
863 143 12 15 0.018102981
16 19 10 11 0.018101113
1021 640 3 12 0.01808215
734 547 10 14 0.018056042
458 254 16 19 0.018034646
393 405 8 10 0.018033676
615 211 24 30 0.018019205
437 291 22 27 0.018007038
796 308 36 46 0.018003095
843 150 7 9 0.017989758
207 205 33 44 0.01796911
422 289 17 27 0.017967321
786 305 19 25 0.017966455
624 208 56 70 0.017962096
869 217 24 30 0.017896248
344 217 26 40 0.017834296
733 233 20 28 0.017827244
338 267 38 48 0.01782545
170 200 56 70 0.017812753
8 258 78 87 0.017766155
188 268 9 9 0.01775636
349 219 40 52 0.017746
595 208 46 58 0.017745709
883 333 16 22 0.017716562
819 217 20 28 0.017708752
0 0 143 191 0.01766709
810 262 26 36 0.017651817
831 240 22 28 0.017638877
89 549 8 10 0.017599521
386 272 23 27 0.0175931
409 382 21 25 0.017583922
724 136 14 16 0.01757083
0 0 8 12 0.017569732
831 633 30 19 0.01755132
417 378 17 21 0.017542485
999 632 25 20 0.01753804
409 383 7 9 0.017528893
0 461 164 191 0.01752538
427 345 12 15 0.017514555
440 226 21 30 0.017503127
440 265 13 16 0.017493997
390 409 11 13 0.017484764
875 330 15 23 0.017480016
168 265 19 25 0.017478969
979 253 45 89 0.017472913
868 354 30 39 0.01747102
319 271 37 46 0.01744887
703 246 13 20 0.017406235
320 251 37 46 0.017395219
735 245 13 17 0.017345255
294 312 13 13 0.017310156
14 538 8 10 0.017300114
167 236 19 24 0.01729595
855 352 11 18 0.017294858
690 253 6 11 0.017271372
958 387 13 16 0.017257156
217 236 17 20 0.017240068
170 277 15 19 0.017169084
427 362 29 38 0.017166121
482 235 33 44 0.017121824
1012 425 11 16 0.017121805
497 253 22 26 0.017118754
710 73 27 33 0.01711465
208 221 16 26 0.017062725
3 587 9 9 0.017030174
444 271 21 26 0.017006407
860 0 67 50 0.01700526
181 272 14 15 0.016986424
897 98 9 10 0.01697934
199 249 39 47 0.01697359
359 268 37 47 0.016954398
417 256 15 21 0.016953843
428 360 19 25 0.016937656
960 386 8 11 0.016936526
1011 180 13 37 0.016935226
1017 86 7 27 0.016920147
653 204 20 32 0.016918309
949 382 11 15 0.016909754
417 274 20 26 0.016905384
422 244 15 21 0.016879959
945 94 8 9 0.016870055
657 0 287 193 0.016852837
408 348 14 19 0.016830426
650 185 24 35 0.016819466
174 279 17 23 0.016817713
0 631 12 21 0.016817465
0 7 4 12 0.016813474
409 404 16 21 0.016788213
700 253 14 17 0.016786763
800 0 69 52 0.016771927
1019 121 5 17 0.016768055
261 263 7 9 0.016757226
874 359 18 21 0.016747545
334 247 18 23 0.016743846
517 257 14 18 0.01674154
155 246 27 32 0.016713642
875 344 14 19 0.016682997
778 216 36 45 0.016680045
488 368 12 22 0.01667528
971 94 9 13 0.016672699
854 354 20 26 0.016671192
915 329 11 20 0.016623693
815 312 36 45 0.016610866
434 392 13 15 0.016587188
209 243 11 15 0.016577628
699 213 21 30 0.016563209
695 177 39 53 0.016527789
519 264 14 18 0.016526116
875 143 8 10 0.016513081
707 253 15 17 0.01650858
1000 180 21 26 0.016473189
474 449 13 12 0.01646804
0 250 13 30 0.01645038
457 246 10 13 0.016447604
776 233 36 46 0.016417723
931 357 8 11 0.01639806
444 336 15 15 0.016383478
674 250 40 49 0.016375272
555 66 63 76 0.016370716
720 167 10 13 0.01636349
0 594 36 58 0.016329145
399 490 19 36 0.016322136
902 0 67 49 0.016321076
330 251 15 21 0.016318763
722 249 23 29 0.01629722
454 298 23 28 0.016291115
442 240 17 22 0.016288357
28 364 13 14 0.016286587
895 328 9 12 0.016284082
416 401 10 12 0.016281819
1008 616 16 36 0.01626468
814 295 20 23 0.016264156
735 215 35 46 0.01623717
856 158 36 52 0.016223894
163 255 14 16 0.016219107
723 207 22 29 0.016218837
886 340 11 17 0.016215658
637 572 12 13 0.01620955
445 300 23 28 0.016209394
0 208 10 20 0.016205257
1002 179 11 14 0.016203357
367 273 20 25 0.016194366
582 343 15 25 0.016171541
0 3 50 74 0.016160093
867 329 17 24 0.01614095
625 232 24 27 0.016116321
939 144 11 15 0.016108619
699 269 12 15 0.016104328
179 250 38 47 0.016099518
886 0 35 27 0.016097192
414 359 22 28 0.016088154
484 387 13 14 0.016084949
932 102 10 12 0.01607444
683 237 31 37 0.016070623
901 345 13 17 0.016048806
857 209 22 25 0.016043633
0 589 20 33 0.01604197
858 235 31 36 0.016040597
24 0 70 64 0.016029762
946 0 33 25 0.016024493
0 565 18 33 0.016001558
125 546 10 14 0.015998445
356 272 21 26 0.015997075
156 180 38 51 0.01599421
122 228 42 49 0.015992738
807 534 8 11 0.015988022
527 248 30 37 0.015980842
943 98 6 9 0.0159733
6 208 12 16 0.015928922
596 236 36 46 0.015928803
785 294 20 27 0.015923562
195 209 32 41 0.015921287
207 408 12 16 0.015899237
455 290 19 22 0.015898192
406 390 24 31 0.01588716
319 0 33 26 0.015883412
419 249 13 19 0.015866764
178 231 10 15 0.015865343
627 71 9 13 0.015863879
852 202 18 26 0.015858712
592 167 58 72 0.015844941
448 0 34 26 0.015835516
941 95 7 9 0.01580709
65 0 67 64 0.015806815
880 195 22 29 0.015805928
444 267 14 16 0.01580273
853 346 11 20 0.015791675
712 247 40 47 0.015790194
685 224 21 29 0.015787847
333 214 9 14 0.015773227
843 223 20 27 0.015765477
1009 181 8 11 0.015760606
413 267 16 20 0.015748153
371 263 10 14 0.015737312
935 18 9 11 0.015726034
137 624 44 28 0.01572239
1006 71 10 13 0.015717456
437 256 20 23 0.015707416
934 108 8 11 0.015700994
416 264 11 15 0.015674049
180 0 285 192 0.015663803
586 350 15 18 0.01566109
0 536 12 16 0.015651459
710 255 28 33 0.015646787
1018 636 6 16 0.015639324
862 316 29 40 0.015638987
905 0 35 26 0.015637174
549 127 21 26 0.015636152
0 182 38 70 0.015621891
934 218 17 22 0.015608324
522 213 8 10 0.015583953
0 131 24 33 0.015583865
218 370 10 10 0.015577834
802 139 10 13 0.015570636
748 420 20 27 0.015556642
806 200 47 62 0.015549758
519 265 31 37 0.015546886
671 219 28 38 0.015530764
393 280 26 31 0.015521733
950 388 8 11 0.015514708
727 593 13 13 0.015501616
189 236 19 25 0.015498846
1012 416 12 34 0.015497155
905 101 7 9 0.015496859
862 362 21 26 0.015482979
363 253 12 20 0.015480653
238 217 32 41 0.0154791875
833 170 52 70 0.015478732
924 143 24 33 0.015448668
391 253 11 20 0.0154441595
448 280 12 17 0.015439107
488 351 14 17 0.015417344
138 202 50 64 0.015412625
411 402 11 13 0.015410694
417 248 43 53 0.015379765
876 199 18 26 0.015371046
322 210 48 69 0.015367425
623 210 10 13 0.0153582115
761 0 68 51 0.015356557
471 282 11 18 0.015356281
141 231 11 15 0.01534703
803 252 22 28 0.015328881
476 274 34 44 0.015322114
431 383 13 18 0.01530655
845 372 19 26 0.015304019
826 302 12 15 0.015291608
504 269 26 31 0.01528364
425 400 21 26 0.015271348
5 14 9 9 0.01526856
1019 0 5 15 0.015260369
893 364 12 15 0.015248214
648 221 56 70 0.015246914
697 230 11 20 0.015244051
871 231 22 26 0.0152437175
26 578 11 15 0.015233452
825 247 15 16 0.015223682
866 0 35 27 0.015214952
422 356 11 13 0.015201564
632 159 40 56 0.0151975155
941 382 16 19 0.015181952
846 0 35 27 0.015178393
788 129 13 13 0.0151779745
0 534 19 27 0.015177939
829 233 15 20 0.0151690245
10 578 13 17 0.015165109
807 227 17 25 0.015143784
544 81 10 12 0.015137528
584 274 18 23 0.015107037
682 633 26 19 0.015100026
204 260 13 16 0.015073455
231 254 14 18 0.0150692165
141 0 36 29 0.015058849
529 287 12 18 0.01505724
832 154 10 13 0.015040828
496 269 12 15 0.015036307
416 340 26 35 0.015030138
372 267 15 18 0.015027492
927 84 8 10 0.015026216
829 201 53 65 0.01500632
931 0 93 87 0.0149918
346 273 22 26 0.014990191
210 248 18 23 0.014980117
46 540 11 12 0.014975474
416 402 21 25 0.014966499
940 0 68 49 0.0149601335
411 365 44 59 0.014958786
359 0 37 28 0.014952832
377 263 20 26 0.014951397
935 100 7 9 0.014941523
169 247 12 15 0.014941063
721 0 67 51 0.014940256
812 223 19 25 0.0149390185
232 245 31 38 0.014933923
868 339 11 17 0.014919688
229 0 37 28 0.01491386
1012 163 12 30 0.014831086
459 274 19 26 0.014830941
1015 116 9 28 0.014823871
602 0 25 27 0.0148214325
676 177 36 50 0.014805495
407 257 15 20 0.014803024
826 0 35 27 0.014792166
767 137 12 15 0.014785856
910 382 11 18 0.01478491
301 0 35 27 0.014781889
474 286 11 17 0.014780828
432 393 18 21 0.014778205
180 161 10 13 0.014774116
580 239 33 44 0.01476415
86 451 8 10 0.014762953
926 0 35 25 0.014757475
888 102 9 11 0.014740588
30 241 10 13 0.014739522
162 243 20 23 0.0147378985
164 257 18 25 0.014729531
727 589 33 24 0.014725617
869 234 15 16 0.014724966
413 400 16 20 0.014722798
386 249 14 20 0.014721668
465 255 20 26 0.014717639
393 392 7 10 0.014712935
235 633 30 19 0.014701509
882 351 21 26 0.014700837
815 150 16 22 0.014697332
974 623 43 29 0.014695534
0 62 22 41 0.014672572
730 246 13 18 0.014667239
816 333 35 44 0.014664553
362 242 12 17 0.014663113
430 397 12 15 0.014661726
917 376 11 12 0.014657425
437 237 13 19 0.014640259
235 260 13 16 0.014638108
941 197 17 22 0.014633279
418 393 18 21 0.014631197
912 379 11 15 0.014628388
129 0 66 67 0.014621162
171 225 13 20 0.014613207
956 391 8 11 0.014605002
844 353 14 17 0.014598795
0 0 92 119 0.014590949
139 206 25 32 0.014575982
1015 611 9 33 0.014571343
436 382 11 15 0.014567769
878 0 71 67 0.014554347
874 230 38 45 0.014544767
498 0 267 194 0.014543899
894 354 19 24 0.014543844
272 632 31 20 0.014538951
716 75 20 20 0.014535761
801 529 21 24 0.014526796
0 365 7 11 0.014522332
380 257 16 21 0.0145051
512 278 28 37 0.014501029
0 596 13 31 0.014500635
1016 409 8 24 0.014499972
851 221 45 59 0.014496679
420 262 9 13 0.014487251
859 367 10 14 0.014486448
187 267 23 29 0.014479579
783 309 26 34 0.0144706825
469 269 29 38 0.01445785
816 242 19 20 0.014455091
624 79 11 18 0.014448779
826 200 32 41 0.014447553
29 575 8 10 0.014438836
883 361 21 26 0.014438436
435 371 12 15 0.014419626
528 262 12 16 0.014419231
86 329 8 11 0.014395081
0 531 5 9 0.014391413
878 220 18 22 0.014390532
496 376 32 39 0.014381479
335 235 18 27 0.0143725
837 153 7 9 0.014368903
789 19 235 336 0.014346296
950 203 10 13 0.014335019
454 275 17 23 0.014325522
855 380 11 18 0.014311863
0 623 33 29 0.014307084
1005 154 19 44 0.014298806
946 98 11 13 0.014293449
695 258 16 22 0.014290614
585 339 24 30 0.014286177
0 259 107 155 0.014265162
4 594 26 32 0.014258243
822 147 9 12 0.014253651
877 357 12 15 0.014239633
992 493 24 30 0.01423922
436 317 21 27 0.014235531
839 0 71 66 0.014235385
867 178 42 54 0.01423247
831 243 12 15 0.01423229
1017 379 7 22 0.014227203
377 283 20 25 0.01419497
185 269 12 14 0.014192516
885 349 11 14 0.014185367
888 150 10 13 0.014184576
936 91 9 12 0.014184446
931 134 11 13 0.014184295
937 176 13 13 0.014175496
912 366 11 15 0.0141744595
739 0 71 67 0.014172049
421 245 10 13 0.014158698
343 221 8 9 0.014139586
452 248 15 18 0.014134137
923 356 10 14 0.014130249
850 367 26 37 0.014129715
521 268 19 21 0.014123792
883 360 11 13 0.014113771
954 219 13 16 0.0141128255
817 52 117 167 0.014105181
9 0 39 35 0.01410464
807 0 34 27 0.014104412
805 138 10 11 0.014095455
715 206 19 23 0.014095278
659 191 28 37 0.014094235
493 368 13 18 0.01409349
389 260 22 24 0.014093372
861 622 45 30 0.014091778
823 312 21 26 0.014086181
787 0 34 27 0.014084399
937 193 16 22 0.0140809445
522 203 13 11 0.014079093
0 536 6 12 0.014075627
337 0 277 207 0.014068024
8 48 68 94 0.014061603
987 240 37 60 0.014050925
193 264 14 16 0.0140370075
642 242 21 20 0.014030335
502 94 104 134 0.0140297
478 403 14 15 0.01402076
339 0 36 28 0.0140080005
363 631 30 21 0.014005127
378 77 125 161 0.013997867
799 313 12 17 0.013992103
56 623 45 29 0.013987895
284 292 11 16 0.013986358
537 0 35 27 0.013981386
1018 427 6 16 0.013978622
958 0 28 20 0.013960895
199 266 13 16 0.013960031
168 622 44 30 0.013957726
423 633 30 19 0.013957392
1013 75 11 35 0.013953816
270 0 36 29 0.013947662
440 276 17 24 0.013946441
713 179 37 49 0.013933023
444 402 13 13 0.01393213
1014 92 10 34 0.013927362
702 263 21 23 0.013924708
411 269 12 16 0.0139226075
498 0 34 27 0.013920304
1003 185 11 12 0.0139202
594 250 8 14 0.013917512
812 549 9 11 0.013916437
917 348 9 10 0.013912576
10 0 288 205 0.013908762
11 16 9 11 0.013902087
377 289 39 51 0.013886786
951 403 14 19 0.013882635
436 304 21 27 0.013866018
803 277 51 65 0.01386341
854 382 18 26 0.013856866
853 358 10 16 0.013852851
201 245 11 14 0.013845828
213 631 30 21 0.013845767
879 115 9 12 0.013845103
221 218 22 28 0.013844755
1022 0 2 9 0.013843074
170 264 12 15 0.013842085
296 375 14 16 0.013835414
723 217 15 19 0.01382702
179 0 37 30 0.013811013
331 260 14 17 0.013810526
825 0 57 41 0.013809294
355 244 44 54 0.013805481
403 436 10 15 0.013788047
130 224 21 28 0.013782083
961 341 25 32 0.013780026
907 355 13 17 0.013763655
938 384 11 14 0.013759732
429 346 30 38 0.013757355
600 239 24 28 0.013755345
479 219 35 45 0.013755019
950 391 21 27 0.013748048
0 558 75 94 0.013748001
815 269 31 42 0.013744055
482 362 21 28 0.013742988
980 241 12 18 0.013730894
153 536 13 16 0.013711047
378 0 36 29 0.013709873
234 251 19 20 0.013702077
894 94 9 12 0.013699231
863 343 13 17 0.0136933
210 0 35 28 0.013669104
954 148 11 16 0.013664781
803 321 22 27 0.013664013
431 245 12 17 0.013656768
682 0 67 51 0.0136542665
959 632 29 20 0.013644233
598 252 12 13 0.013641716
23 0 35 25 0.013637027
90 400 9 10 0.013631149
423 375 13 16 0.013630973
0 15 29 49 0.0136307385
429 0 35 26 0.013630491
249 0 36 28 0.0136228325
696 243 12 17 0.0136225475
79 408 9 11 0.013614458
418 242 9 12 0.013612841
926 0 56 39 0.01360613
858 353 13 15 0.013596247
443 0 67 51 0.013591112
417 312 38 50 0.013583136
489 351 20 26 0.01357907
79 318 8 10 0.013575469
694 206 22 29 0.01357364
882 223 21 26 0.013570547
793 153 99 121 0.0135687
0 34 34 85 0.013563827
25 63 70 97 0.013556653
913 379 7 9 0.013555505
242 218 11 18 0.013555219
758 632 31 20 0.013553449
96 0 38 41 0.01355233
1019 193 5 27 0.013543322
368 393 11 17 0.013526868
532 243 12 15 0.013510722
767 0 35 27 0.0135076195
911 359 11 16 0.0134960655
197 224 22 28 0.01347833
203 251 8 10 0.013473482
188 225 20 28 0.013464824
0 102 49 77 0.013464588
611 396 20 24 0.013461116
14 577 8 9 0.013442361
599 0 9 11 0.013436853
138 236 27 34 0.013432958
429 326 21 27 0.013430544
421 300 11 15 0.013423707
186 0 67 53 0.0134222545
837 177 13 15 0.013421565
1021 193 3 23 0.013415227
948 88 9 13 0.0134125855
382 406 9 12 0.013401929
107 0 66 49 0.013395981
425 397 13 14 0.013394657
425 363 11 13 0.013394052
853 321 28 37 0.013392595
353 228 16 20 0.013391032
965 0 35 24 0.013387346
488 379 8 11 0.013385337
275 217 8 10 0.013361176
192 260 9 11 0.013360236
839 0 29 22 0.013359274
0 543 25 47 0.013358243
440 383 11 16 0.013358162
278 622 41 30 0.013352126
908 632 28 20 0.013352109
184 631 30 21 0.013349454
591 253 10 14 0.013340652
1001 377 23 54 0.013330744
2 188 8 11 0.013327428
389 279 56 79 0.01330609
418 292 38 49 0.013302933
1004 18 13 14 0.013302596
695 219 15 23 0.013295341
1001 255 23 51 0.0132892355
418 407 36 48 0.013279547
398 245 17 24 0.01327493
0 128 34 51 0.013271091
445 259 22 24 0.013269519
549 178 8 11 0.013266144
945 623 39 29 0.0132658705
856 594 71 58 0.013261614
871 343 13 17 0.013256726
421 239 10 14 0.01325357
363 223 25 34 0.013251516
376 246 10 16 0.013250738
518 0 36 28 0.013246526
820 37 11 14 0.013244973
727 0 35 27 0.013242049
0 63 145 362 0.013241922
652 232 22 26 0.013239982
0 177 16 29 0.013239866
15 22 8 10 0.013236656
782 0 184 120 0.013235143
437 264 11 15 0.013234429
476 265 20 27 0.013228358
189 623 42 29 0.013219861
888 337 16 22 0.013217231
786 0 57 41 0.0132132415
848 357 12 18 0.013212786
974 172 18 23 0.013211518
604 54 9 9 0.013207941
932 359 14 17 0.013201576
831 221 13 17 0.013199253
856 321 45 61 0.01319782
401 228 10 11 0.013197149
425 217 43 59 0.01319507
963 31 12 16 0.013193848
6 538 8 12 0.013189685
828 168 93 127 0.013187789
454 259 14 16 0.013179654
941 0 24 17 0.013177417
1006 180 8 10 0.013176043
385 283 22 26 0.013174992
462 259 14 18 0.013174393
431 359 9 10 0.013174392
567 390 11 14 0.013169981
172 267 12 16 0.013163777
46 633 31 19 0.013151985
718 215 14 19 0.013143969
624 236 59 74 0.013119871
446 274 13 18 0.013114875
183 200 31 43 0.013114589
176 235 18 23 0.01310978
964 88 16 22 0.013106203
861 632 29 20 0.013099358
224 633 30 19 0.013098672
553 623 43 29 0.013098575
367 283 20 25 0.013097009
410 407 8 11 0.013088151
788 135 10 13 0.013085449
446 264 45 60 0.013079107
863 334 12 17 0.013073649
377 411 9 10 0.013072909
642 0 66 51 0.013070825
468 288 14 18 0.013069543
1008 124 16 39 0.013067755
0 315 6 16 0.0130629465
215 244 13 17 0.01306234
0 620 9 18 0.013060546
881 215 12 17 0.013059333
147 250 24 27 0.013054864
859 0 29 22 0.013049854
703 257 12 17 0.013046283
425 623 43 29 0.01304467
694 268 41 50 0.01303433
535 233 34 44 0.013029789
715 75 14 13 0.0130201215
517 275 18 22 0.013019767
883 204 11 16 0.013017974
373 261 13 16 0.0130135715
0 500 12 27 0.013003722
723 135 21 25 0.013002374
14 631 27 21 0.013000637
502 632 30 20 0.012999981
465 258 10 13 0.012999601
986 109 38 78 0.012999367
403 0 67 51 0.012997141
158 269 20 24 0.012993591
40 573 8 9 0.012988996
383 411 9 11 0.01298802
40 23 12 13 0.012986333
637 242 34 39 0.012984711
597 249 9 11 0.012978534
10 116 64 85 0.012975269
975 27 49 89 0.012974878
205 242 10 12 0.012972344
1008 76 8 11 0.012965389
176 282 11 13 0.012961199
948 93 9 13 0.012956846
901 0 24 17 0.012955788
403 393 33 44 0.012955269
213 219 13 19 0.012954953
659 209 12 20 0.012951428
0 435 19 43 0.01294416
493 256 30 38 0.012939773
348 622 43 30 0.012939269
791 89 15 17 0.012937549
458 251 11 16 0.012936455
174 296 7 10 0.012935616
223 247 22 23 0.012933062
894 333 19 26 0.012928126
775 0 18 14 0.012926543
789 315 29 36 0.012923244
756 255 36 45 0.012922696
862 372 21 27 0.012920353
356 283 21 26 0.012920022
834 219 17 24 0.012915586
963 334 11 13 0.012906965
941 123 11 13 0.012905054
388 404 11 13 0.0128954025
905 375 16 23 0.012892506
776 258 36 45 0.012890441
922 361 15 20 0.012887944
579 257 9 10 0.012883871
1010 266 14 39 0.012883318
990 76 18 23 0.01288307
979 168 18 22 0.012881416
328 256 10 15 0.0128802555
881 143 7 9 0.012872794
888 360 10 12 0.012870008
366 622 42 30 0.012868128
895 381 11 19 0.012866604
456 239 16 22 0.0128664225
849 0 19 14 0.012862484
240 234 13 17 0.012857059
472 290 16 23 0.0128545
803 164 57 79 0.012853852
892 305 11 14 0.012853173
446 402 20 25 0.012852199
410 245 12 18 0.012851645
765 0 18 14 0.012850205
569 0 34 25 0.012849369
717 77 8 9 0.012839574
511 262 15 17 0.01283112
264 0 67 52 0.0128288055
918 0 29 20 0.012819405
819 191 30 42 0.012817906
966 219 57 70 0.012815964
365 0 66 51 0.012811396
800 0 18 14 0.012810627
876 466 9 10 0.012810239
986 0 34 25 0.01280475
785 0 18 14 0.012801823
854 188 24 32 0.012801687
255 219 13 15 0.012792879
940 629 29 23 0.012784379
0 642 6 10 0.012783543
416 258 8 11 0.01277696
98 323 10 13 0.012776507
193 253 8 10 0.0127688795
119 251 41 50 0.012768039
214 260 27 32 0.012766989
319 620 39 32 0.012760294
505 0 40 38 0.012753983
603 211 26 34 0.0127530685
808 149 9 9 0.012748716
763 41 38 53 0.012739672
942 89 7 10 0.012736205
410 283 10 14 0.012736144
228 201 33 44 0.012733563
0 416 19 44 0.012718141
810 0 18 14 0.01271141
44 27 74 102 0.012707364
936 152 13 18 0.012703774
757 272 37 47 0.012701618
747 0 34 27 0.012695013
811 278 21 30 0.012693884
969 89 11 14 0.012692899
522 259 14 16 0.012691515
973 156 15 23 0.012690703
225 0 66 54 0.012689115
0 384 17 44 0.012683718
33 523 7 10 0.0126831625
436 320 14 12 0.012681411
76 0 17 12 0.012678989
326 264 22 26 0.012678596
669 189 32 44 0.012678387
946 389 31 42 0.012673813
778 197 36 45 0.012665214
900 144 10 12 0.01266512
244 263 17 21 0.012664443
15 0 49 48 0.012653011
808 238 15 19 0.012645308
476 284 19 26 0.012645233
755 0 18 14 0.012644153
304 0 66 50 0.012640671
913 381 15 20 0.012635219
379 247 17 24 0.012625841
864 353 19 22 0.012623268
928 364 10 12 0.01261691
671 187 54 69 0.012615624
660 217 11 18 0.012614807
415 351 15 17 0.012607875
533 244 21 28 0.012607186
423 301 19 26 0.012599504
707 0 35 27 0.012598396
4 0 29 22 0.012592742
931 94 10 13 0.012590901
0 365 18 44 0.012588925
426 264 20 26 0.012588642
966 498 10 12 0.012579502
690 249 7 9 0.012574227
730 0 19 14 0.012574206
2 210 25 37 0.01257268
881 0 25 17 0.012565924
166 251 13 15 0.012565614
143 9 73 96 0.012564806
940 89 12 16 0.012561816
866 221 16 18 0.012558949
797 171 9 11 0.012557049
661 0 69 68 0.012551103
740 0 19 14 0.012544764
232 225 47 56 0.012544385
824 254 18 21 0.012541492
892 360 23 30 0.012539633
16 195 9 11 0.012537947
166 209 19 26 0.012532723
720 0 19 14 0.012528985
336 272 23 27 0.012526884
863 115 62 87 0.012525892
212 211 17 24 0.012521253
345 632 28 20 0.012520541
912 208 11 14 0.012516287
859 0 19 14 0.012516007
29 138 62 84 0.012515345
847 144 54 82 0.012513714
313 209 15 19 0.012513152
849 226 30 38 0.012510022
324 384 10 16 0.012505061
820 0 18 14 0.0125027625
710 0 19 14 0.0124972
0 76 33 84 0.012496855
386 227 22 27 0.012495067
875 146 10 13 0.012494202
416 398 8 9 0.012493993
0 112 10 19 0.0124897435
427 361 55 70 0.01247943
888 330 12 17 0.012476717
125 605 51 47 0.012468886
692 258 7 12 0.012466444
382 423 6 9 0.01246609
209 238 11 14 0.0124652
700 0 19 14 0.0124649005
803 313 20 22 0.012463142
512 267 18 23 0.012446087
0 441 12 30 0.012445705
893 623 41 29 0.012440305
409 0 36 29 0.012420797
534 46 99 124 0.012420075
730 225 46 58 0.01241182
954 238 61 88 0.012409507
0 122 98 231 0.012405896
450 234 18 24 0.012404824
719 630 31 22 0.012402627
439 308 38 50 0.012396976
76 621 45 31 0.012393723
690 0 19 14 0.01239353
615 223 21 27 0.012392175
429 253 18 23 0.012388561
472 447 11 12 0.012381966
434 402 10 10 0.012379222
373 269 28 36 0.012379172
139 220 13 22 0.012373532
840 147 9 11 0.012370863
872 358 13 14 0.012364467
177 214 22 30 0.012363908
403 431 6 9 0.01236084
400 410 34 46 0.012358176
445 0 23 18 0.01235543
0 28 23 60 0.0123486975
100 622 41 30 0.0123476125
696 235 10 19 0.012347554
943 188 19 22 0.0123469
291 77 130 165 0.012346347
468 0 35 26 0.012344745
160 0 37 28 0.012342857
1012 352 12 34 0.012340647
177 7 42 51 0.012339985
213 230 13 18 0.012338733
542 130 29 37 0.01232841
0 382 11 30 0.012322885
494 359 29 36 0.012314494
0 279 6 17 0.012310728
53 308 13 16 0.012310616
707 252 23 25 0.01230961
871 146 6 10 0.012309
209 415 8 10 0.012303415
840 0 18 14 0.012303291
681 0 18 14 0.012301586
982 288 42 94 0.012296717
30 191 37 49 0.01229576
241 260 15 17 0.01229511
465 302 21 26 0.012294501
174 262 17 23 0.0122917555
335 256 13 17 0.012291552
408 625 42 27 0.012286817
728 130 10 11 0.0122801345
0 345 17 45 0.012272473
431 349 11 12 0.012270331
915 363 15 21 0.012266295
855 369 37 47 0.012261416
495 0 23 16 0.012257871
222 388 14 15 0.012256569
412 389 10 15 0.012255951
0 42 6 15 0.012244841
92 535 9 11 0.012244644
436 401 21 26 0.012242212
687 0 35 27 0.012230701
841 350 12 18 0.012228785
837 354 34 45 0.012227369
0 467 18 42 0.012222948
472 249 30 40 0.012219838
671 0 18 14 0.012218221
979 0 29 20 0.012217733
786 390 23 26 0.0122145
831 456 16 19 0.012213599
403 236 16 20 0.012211449
772 237 12 17 0.012210855
788 295 11 15 0.012210668
869 0 18 14 0.01220131
224 80 119 156 0.012199947
452 309 12 15 0.012199799
362 596 69 56 0.012199792
799 0 29 22 0.012194162
204 411 12 15 0.012189176
963 225 30 37 0.012183413
0 192 10 20 0.012181551
929 137 13 17 0.0121790925
100 278 8 10 0.012178096
428 303 10 18 0.012167499
210 202 50 65 0.012165053
689 186 55 80 0.012158173
0 86 17 45 0.012157072
823 144 8 10 0.012156901
427 291 11 18 0.012155735
629 213 28 32 0.012155125
15 163 58 76 0.012153876
401 336 36 50 0.012150388
817 153 11 12 0.01214759
854 72 10 13 0.012145459
894 0 18 14 0.012144946
296 620 42 32 0.012142298
610 244 49 58 0.012142144
601 221 30 39 0.012135186
491 379 8 12 0.012133198
439 402 10 11 0.012126189
391 287 31 39 0.012125068
735 253 20 25 0.0121239945
166 0 70 85 0.012122752
817 263 11 15 0.012120936
872 141 19 22 0.012118492
543 632 30 20 0.01211732
963 339 8 9 0.012117109
798 285 15 20 0.01211645
794 334 37 47 0.012116274
857 149 7 10 0.012112499
943 236 17 22 0.012111527
707 0 56 41 0.012111036
661 0 18 14 0.012107578
713 269 42 48 0.012106812
0 203 8 14 0.012106111
285 0 68 68 0.012101223
0 137 31 85 0.012100267
1012 373 12 35 0.012100212
745 430 19 22 0.012099833
441 406 13 14 0.01209784
0 599 20 46 0.0120928
387 260 11 15 0.012083028
964 230 19 24 0.012080284
403 595 70 57 0.0120796515
859 382 11 16 0.012078386
126 523 41 46 0.012077654
892 100 12 16 0.012077493
675 269 39 50 0.012072493
344 52 250 299 0.012071525
246 624 45 28 0.01206828
173 138 55 75 0.012067412
590 255 17 23 0.012064826
623 1 66 78 0.012063757
830 0 18 14 0.012062626
346 256 15 17 0.012056616
1010 597 14 40 0.012052982
887 108 10 13 0.012050532
0 189 162 379 0.0120454775
0 253 19 47 0.012039579
835 293 35 47 0.012037663
676 60 255 276 0.012036036
3 578 8 10 0.012033811
104 12 74 97 0.0120305
854 395 13 17 0.012029046
325 0 40 36 0.012029024
0 498 7 11 0.012027355
206 259 10 12 0.0120254
1013 104 11 34 0.012022241
438 394 34 44 0.012020926
586 270 11 17 0.012014065
996 220 28 46 0.012011077
660 595 67 57 0.012010845
471 229 32 42 0.012010427
45 22 13 12 0.0120059345
878 171 31 42 0.012003384
413 406 11 13 0.01200238
544 0 63 49 0.012002312
883 345 10 14 0.012001896
393 248 13 19 0.012001187
225 190 56 71 0.012000239
1018 0 6 28 0.0120001305
459 238 30 41 0.011991883
41 0 35 25 0.011989291
619 169 35 48 0.011988926
421 398 12 15 0.011988005
245 0 68 69 0.01198433
797 532 34 44 0.011982293
708 264 32 40 0.011980393
794 313 9 12 0.011975183
163 631 32 21 0.011968885
885 44 36 50 0.0119678825
676 390 21 30 0.011966226
805 538 8 10 0.011965621
728 203 30 40 0.011965503
642 188 25 27 0.01196477
767 218 55 75 0.011960271
840 181 35 45 0.011956701
735 198 8 10 0.011953002
605 623 43 29 0.011950171
387 623 41 29 0.01194579
738 252 12 15 0.011945535
954 345 28 37 0.011944951
373 221 28 39 0.011944879
373 272 17 20 0.011940455
803 145 9 10 0.011938186
790 395 14 18 0.011933584
709 223 21 29 0.011930164
186 226 8 11 0.011924704
62 44 75 106 0.011921517
434 239 11 18 0.011920222
758 385 13 17 0.0119173415
958 0 18 14 0.011914713
722 135 11 12 0.011913283
977 236 33 42 0.011913108
925 617 40 35 0.011912072
183 267 10 11 0.01191159
939 202 8 11 0.011907203
888 354 10 13 0.011904203
1014 65 10 31 0.011902245
516 158 35 44 0.011902017
445 620 42 32 0.011899596
998 108 11 15 0.011898132
897 372 11 15 0.011895727
754 546 9 13 0.011891696
858 339 13 19 0.011888492
180 170 39 51 0.011887417
444 220 56 72 0.011886324
0 481 14 20 0.0118860025
1014 200 10 31 0.011881203
802 317 12 16 0.011877146
805 314 12 15 0.011877047
519 225 30 42 0.011876087
958 404 29 37 0.011874715
0 590 6 11 0.011870299
723 623 43 29 0.011869143
784 535 11 15 0.01186692
455 307 39 49 0.0118590435
423 255 12 15 0.011853617
940 82 8 11 0.011852735
738 229 10 17 0.01185242
179 247 18 21 0.011852252
606 0 61 64 0.011849746
393 209 30 42 0.011848172
799 142 7 10 0.011848057
401 426 9 13 0.011846876
698 464 12 16 0.011846813
186 259 16 20 0.01184641
685 252 23 30 0.011841444
605 0 224 147 0.0118379695
152 605 51 47 0.011837707
754 391 31 40 0.011837706
464 307 13 15 0.011824863
54 8 14 14 0.01182293
0 188 7 12 0.0118226595
200 177 38 51 0.011821544
0 3 8 20 0.011820272
442 344 20 27 0.011814424
878 632 31 20 0.01181113
436 248 12 18 0.0118090445
794 294 14 20 0.011808964
647 234 32 38 0.011808601
0 540 12 29 0.011808207
799 480 11 13 0.01180194
639 11 73 96 0.011801825
1023 0 1 16 0.011801127
591 344 27 27 0.011794714
0 325 18 44 0.011791204
244 0 26 18 0.011784007
814 237 16 19 0.011777335
384 631 29 21 0.011768187
204 248 13 14 0.01176767
844 354 19 26 0.011767044
243 224 11 22 0.011763346
200 374 13 12 0.011762878
422 197 35 50 0.011761415
409 274 12 15 0.011754066
651 0 18 14 0.011747523
0 34 19 29 0.011746395
890 320 28 38 0.011744961
436 257 13 17 0.0117366165
73 630 32 22 0.0117347725
567 301 17 27 0.011730973
694 232 10 15 0.011730471
966 67 9 10 0.011726618
527 274 18 22 0.011725888
934 17 14 16 0.01172514
892 230 38 48 0.011723406
493 233 8 10 0.011721584
659 92 108 155 0.011715955
979 516 45 89 0.011715156
931 0 24 16 0.011712108
505 621 44 31 0.011707305
236 218 19 28 0.0117065925
0 51 14 39 0.011704048
598 1 33 42 0.011700843
356 263 12 15 0.011695184
866 217 56 71 0.011691752
726 558 40 49 0.011691369
222 256 32 37 0.011690968
412 399 7 10 0.011690648
628 0 34 27 0.011686826
205 407 10 13 0.011686552
0 4 12 30 0.011685268
85 180 10 12 0.011683888
851 361 16 23 0.01168144
245 74 70 96 0.011669089
802 308 14 16 0.0116660325
918 342 10 14 0.011663693
0 258 8 16 0.011663298
435 374 34 42 0.011652015
786 181 8 11 0.011651601
0 362 11 30 0.011650821
1007 58 17 47 0.0116507765
466 244 19 27 0.01164859
813 54 39 53 0.011648147
867 145 11 14 0.01164778
941 546 11 15 0.011645879
970 0 24 16 0.01164519
49 0 10 9 0.011643322
926 199 17 22 0.011642565
947 145 17 21 0.01164221
0 489 11 16 0.011642052
413 408 16 21 0.0116412
822 596 73 56 0.011640935
951 82 9 11 0.011635905
12 531 38 49 0.011634371
109 0 35 26 0.011628542
868 192 18 21 0.011626283
229 114 63 89 0.011618777
928 75 8 11 0.0116187325
424 181 101 140 0.011615908
338 253 20 22 0.011615778
0 556 33 81 0.011611465
240 188 21 24 0.011610712
212 248 7 11 0.011609626
1011 331 13 35 0.011608043
10 39 42 59 0.011605921
842 621 45 31 0.01160483
488 622 43 30 0.011604377
428 388 14 16 0.011603889
411 158 56 83 0.01160249
384 279 12 17 0.011599315
246 598 68 54 0.01159693
903 95 8 10 0.01159677
720 0 29 22 0.011594166
394 409 7 10 0.011591428
1010 254 14 36 0.011591283
839 355 12 17 0.0115873385
761 622 42 30 0.011585155
0 528 9 11 0.0115842335
214 244 7 12 0.01158044
678 271 12 18 0.011579698
497 271 16 19 0.011579217
854 94 112 152 0.011578991
18 550 10 12 0.011573191
1004 75 10 14 0.011572233
243 239 29 38 0.01157108
663 220 24 33 0.011570988
535 263 12 17 0.011570214
354 509 14 15 0.011563801
627 75 11 15 0.011563548
249 262 22 26 0.011562893
610 229 31 37 0.011559336
0 520 4 10 0.011555581
667 0 35 27 0.011551983
577 0 37 35 0.011549279
419 404 10 12 0.011548421
398 311 39 54 0.011547371
1007 209 17 45 0.011545811
844 145 10 13 0.011545203
821 141 7 9 0.011544279
814 623 45 29 0.011542692
892 359 12 15 0.011541497
629 0 15 12 0.011540075
473 336 15 15 0.011538353
615 389 21 28 0.011535031
9 617 38 35 0.011534405
346 1 69 85 0.011531268
868 446 49 74 0.011528285
493 276 17 21 0.011526389
875 223 14 16 0.011525716
2 536 27 36 0.011525711
569 276 13 15 0.011524478
624 177 76 90 0.011520602
470 287 29 38 0.011520143
761 124 20 27 0.011518493
481 198 11 14 0.011517804
927 88 10 13 0.011516871
896 367 12 15 0.01151648
476 224 7 10 0.011513211
887 362 14 17 0.011511562
674 233 20 27 0.011511079
587 265 17 24 0.011507571
0 249 9 18 0.011506458
369 272 12 17 0.011503692
393 400 8 11 0.0115034785
738 55 37 50 0.011501881
625 625 43 27 0.011500526
258 263 20 25 0.011499495
900 379 9 15 0.011497753
263 0 30 23 0.011495728
928 217 17 23 0.011494818
832 23 35 44 0.0114937
989 0 18 14 0.011493416
463 297 14 16 0.011491318
423 236 15 21 0.011490955
930 368 16 22 0.011489626
363 235 14 20 0.011489452
822 186 11 12 0.011487766
927 357 10 13 0.011486674
333 630 30 22 0.01148654
168 249 17 23 0.011483563
1013 5 11 31 0.011483065
484 402 13 15 0.01148292
44 594 70 58 0.011482877
701 241 13 18 0.011481387
0 369 5 13 0.011479591
1014 24 10 33 0.011479567
691 254 29 38 0.011478689
950 120 32 43 0.011476955
940 134 22 32 0.011470883
390 297 13 16 0.011470466
443 331 15 14 0.011469849
284 22 73 108 0.011469776
0 422 12 30 0.011466326
968 368 13 16 0.0114653865
335 491 9 12 0.011463842
535 247 11 16 0.011463324
1021 116 3 18 0.011462173
81 26 76 106 0.011461695
623 67 10 14 0.011461159
688 259 8 13 0.01146039
425 0 69 87 0.011457874
30 529 223 123 0.011455686
968 166 18 23 0.011454295
0 260 11 32 0.01145387
441 279 11 16 0.01145284
583 279 22 30 0.011450572
791 249 28 38 0.011449053
931 220 93 154 0.0114468215
836 371 35 46 0.011443495
0 51 5 11 0.0114424275
1007 9 17 46 0.011432195
1013 54 11 31 0.011432124
749 406 30 38 0.011430439
737 31 74 103 0.01143028
381 238 44 58 0.011428544
915 132 31 37 0.011422329
835 229 14 20 0.011418358
869 370 27 33 0.011417044
977 170 11 14 0.01141202
663 109 60 88 0.011406303
837 350 11 17 0.011404288
589 83 56 76 0.011400106
837 340 11 16 0.011399833
0 145 18 44 0.011399489
93 370 106 156 0.011398865
957 381 7 10 0.01139552
0 302 11 30 0.011395174
700 263 12 16 0.011393165
815 352 37 46 0.0113917235
313 262 27 35 0.011390452
325 0 68 69 0.011387874
854 133 39 54 0.011386817
474 452 17 17 0.011386655
681 52 67 92 0.0113854725
125 631 32 21 0.0113819
536 94 23 32 0.011381381
263 47 73 105 0.011379953
173 245 16 21 0.011379414
430 386 30 36 0.011378681
489 358 14 16 0.011377378
206 545 11 14 0.011375633
730 217 12 17 0.0113743385
614 73 21 29 0.011373501
605 72 22 31 0.011372975
20 605 43 47 0.011371264
1 603 10 12 0.011368884
974 188 18 24 0.011367377
394 445 7 9 0.011365011
975 507 9 12 0.01136443
212 138 56 82 0.011362362
403 632 30 20 0.011361487
524 286 12 19 0.011360811
444 597 68 55 0.011356958
1004 334 20 52 0.011356955
914 0 18 14 0.011355344
868 239 14 18 0.0113545805
221 152 37 52 0.011352499
465 0 67 69 0.011351129
429 228 19 26 0.0113475565
898 589 71 63 0.01134531
756 292 37 48 0.011345122
510 205 8 10 0.011344676
937 193 25 33 0.011341995
568 182 58 77 0.011341491
707 0 181 116 0.011338577
0 472 31 84 0.011333889
647 0 35 27 0.011332804
736 253 38 46 0.011326254
881 361 15 18 0.011326195
367 250 11 19 0.011324517
326 0 20 17 0.011322188
336 232 10 16 0.011321744
513 309 18 24 0.011321271
760 0 29 22 0.011320764
705 208 21 26 0.011316736
995 142 9 15 0.011314339
416 374 13 17 0.011313156
566 129 21 28 0.011313049
38 429 10 14 0.011311398
540 254 11 18 0.011311175
9 0 19 14 0.0113095995
489 503 9 15 0.011306974
821 297 11 16 0.011303913
422 273 10 11 0.011303528
876 18 73 94 0.0113022085
470 221 55 71 0.011301419
229 621 42 31 0.011298753
204 3 72 98 0.011298374
826 218 14 16 0.011298235
1002 184 8 10 0.011295524
698 0 74 85 0.011294253
1023 121 1 16 0.011292848
1011 30 13 39 0.011286662
175 240 10 15 0.0112864375
364 275 13 17 0.011285646
461 247 6 9 0.0112851905
347 265 19 21 0.01128153
738 228 17 22 0.01127739
755 378 22 24 0.01127723
959 96 9 12 0.011274379
444 315 22 27 0.011272438
693 43 120 164 0.011271293
0 297 4 11 0.011270233
475 280 13 16 0.011269111
586 621 44 31 0.011268836
1006 417 18 49 0.011268555
238 241 12 18 0.011266639
759 250 11 15 0.011266421
125 0 235 149 0.011266207
203 266 27 33 0.0112660695
961 116 63 96 0.01126602
937 17 8 9 0.01126543
191 266 10 12 0.011265219
32 573 8 10 0.011262923
750 60 10 12 0.011261156
989 81 12 17 0.011258576
578 0 17 16 0.011258558
506 284 21 26 0.011258185
777 0 76 86 0.011254837
391 428 6 9 0.011253952
0 278 30 47 0.0112537425
889 157 32 43 0.011253578
0 70 7 15 0.011252903
467 293 11 16 0.011252532
660 631 32 21 0.011248531
828 180 30 41 0.011244453
30 578 9 11 0.011240977
1022 125 2 19 0.011240529
897 48 122 167 0.011237718
8 12 10 12 0.01123767
364 0 26 17 0.011235777
354 0 25 18 0.011234647
526 166 33 42 0.0112313675
924 0 18 14 0.011228645
550 0 30 21 0.011228318
0 96 26 48 0.0112279635
609 246 30 37 0.011225896
998 0 19 15 0.011225847
4 584 23 30 0.011225503
477 387 19 23 0.011222309
122 395 24 31 0.011220663
0 583 4 10 0.011220147
437 390 16 20 0.011219291
440 345 32 41 0.011215467
418 283 18 27 0.011213068
224 51 69 98 0.011212419
496 365 13 16 0.011210585
936 140 12 17 0.011208886
535 263 20 26 0.011207929
96 631 31 21 0.011204618
1018 620 6 30 0.011203821
56 0 24 17 0.011203804
205 619 44 33 0.011203584
386 407 11 13 0.0112024
145 217 21 27 0.011199771
688 269 9 15 0.011199107
918 335 12 16 0.011198864
649 244 19 20 0.011196885
643 114 23 31 0.011195258
839 151 9 12 0.011192697
793 232 24 32 0.011187223
989 73 11 18 0.01118385
182 478 11 14 0.0111824665
918 360 10 15 0.011176976
827 158 8 10 0.011176453
699 74 37 52 0.0111749815
409 298 56 79 0.011174544
1005 354 19 52 0.011172807
849 383 13 19 0.01117097
973 132 14 18 0.01116898
196 247 9 12 0.011166161
889 350 17 21 0.011164641
492 285 19 24 0.011159001
493 230 30 42 0.0111554535
384 0 69 84 0.011152858
835 106 33 46 0.0111527415
872 139 14 16 0.011152545
263 92 70 98 0.011151487
972 182 7 10 0.011149855
0 304 18 44 0.011149359
658 104 23 31 0.011147925
243 243 16 22 0.011147859
1012 539 12 34 0.011147734
131 137 57 83 0.011145706
153 272 20 27 0.01114535
194 151 38 52 0.011144393
0 603 5 11 0.011142931
685 262 8 11 0.011140315
374 0 26 18 0.011140214
414 236 10 14 0.011140062
623 592 71 60 0.011139124
268 339 16 19 0.011137462
462 10 9 13 0.01113441
653 114 23 31 0.011133176
895 373 20 25 0.011128852
3 495 7 10 0.011128236
372 247 17 24 0.011127386
449 293 19 21 0.0111265015
687 254 9 12 0.011125931
868 92 8 9 0.011124209
22 322 15 20 0.011122534
403 225 25 35 0.011120726
994 500 16 18 0.0111207105
433 355 12 15 0.011119044
1020 383 4 18 0.011117034
22 539 37 51 0.011116113
999 177 11 15 0.011115488
346 199 9 11 0.011114979
433 276 18 24 0.0111138625
314 629 30 23 0.011111606
325 594 71 58 0.011110356
965 381 16 21 0.011109436
953 365 21 27 0.01110914
865 143 21 25 0.011105639
399 423 9 10 0.011102281
154 204 20 24 0.011100441
0 243 34 47 0.011100245
378 178 37 53 0.011089511
216 223 13 18 0.011088675
869 373 13 15 0.011088447
1015 155 9 27 0.011086616
799 144 10 14 0.011086039
814 0 76 87 0.011084983
624 120 22 30 0.011083335
979 558 45 86 0.0110830115
588 269 7 10 0.011082571
955 335 24 32 0.011081298
544 598 67 54 0.011079518
291 205 55 74 0.011076618
750 428 11 15 0.011070421
486 275 20 26 0.011068699
326 24 150 186 0.011068057
488 384 12 15 0.0110650025
0 10 16 39 0.011061043
337 512 13 16 0.011061041
935 207 17 24 0.011060674
429 286 19 26 0.01106063
89 314 9 11 0.011057238
648 104 23 31 0.01105705
590 255 28 35 0.01105607
352 215 26 37 0.011052071
914 324 13 17 0.01105206
816 151 8 11 0.011051382
742 381 37 45 0.011050257
17 0 24 17 0.011049971
700 276 9 10 0.011048883
633 120 23 30 0.011044521
667 29 24 31 0.011043713
215 448 10 14 0.0110433865
778 91 37 53 0.011042044
360 231 13 17 0.011042001
558 267 23 25 0.011041657
716 192 13 15 0.011037423
3 485 24 28 0.011036172
860 144 10 13 0.011035858
240 252 36 46 0.01103376
446 306 11 14 0.011030166
518 246 14 16 0.011029573
811 167 7 9 0.011029119
429 362 9 11 0.011028269
964 106 9 12 0.011027244
585 29 24 34 0.011025967
371 192 32 49 0.011022601
888 209 43 55 0.011022575
904 94 15 20 0.011021211
663 119 23 31 0.011017466
658 222 11 18 0.011016648
556 77 37 48 0.0110128615
262 6 74 100 0.011012596
468 274 14 21 0.011009914
429 337 13 18 0.0110094845
901 381 18 24 0.0110057015
997 79 8 10 0.011004879
754 58 41 56 0.011000862
39 308 10 12 0.010999786
497 198 10 14 0.010997885
1023 2 1 17 0.010997009
663 94 23 31 0.010993851
293 0 30 22 0.010993264
737 238 12 20 0.010990471
852 213 15 20 0.010987868
620 631 33 21 0.010986889
729 255 31 36 0.010986486
503 598 70 54 0.010986227
917 371 16 19 0.01098512
12 197 34 43 0.010983548
516 164 24 27 0.010982745
3 540 10 14 0.010982312
463 314 14 17 0.010982112
843 243 20 26 0.010978132
831 420 18 26 0.010977873
845 341 16 26 0.010977622
1019 374 5 20 0.010976765
1020 185 4 25 0.010973137
234 265 13 18 0.010971886
909 140 11 13 0.010970144
1010 290 14 36 0.010969653
208 233 54 70 0.010968608
450 409 15 16 0.010966588
621 188 19 32 0.0109623205
0 342 11 30 0.010961653
960 153 64 96 0.010960201
0 273 60 91 0.010960167
589 258 9 12 0.010959888
336 135 119 148 0.010959806
950 86 10 13 0.010959775
17 16 8 10 0.010959039
51 0 58 41 0.010958433
827 257 13 14 0.010956295
100 90 110 155 0.010955055
326 221 30 41 0.010953052
853 0 42 45 0.010952758
1009 193 15 45 0.010952681
799 513 31 39 0.010951836
447 294 56 76 0.010949837
943 83 9 10 0.010949464
854 44 36 51 0.010949171
524 180 25 32 0.010948055
599 435 64 86 0.010946538
116 589 46 58 0.010946066
385 265 17 21 0.010943721
416 225 20 28 0.010942582
784 322 20 26 0.010938806
864 142 8 10 0.010937941
1002 93 10 12 0.010937283
854 93 17 23 0.010937058
690 269 6 10 0.010936325
7 16 9 11 0.010934422
903 34 37 52 0.010931237
434 224 20 26 0.0109292
175 250 29 35 0.010928041
97 9 42 56 0.010927756
345 0 24 17 0.010927654
669 135 21 30 0.010927623
883 186 20 28 0.01092581
756 119 20 25 0.010925667
619 135 21 30 0.010925024
794 307 11 16 0.010922254
990 228 12 15 0.010922179
756 235 35 46 0.010921229
5 133 8 9 0.010916634
310 491 62 82 0.010916526
865 149 7 10 0.010915666
491 157 56 80 0.010915536
934 281 11 15 0.010915363
895 347 16 21 0.0109151155
592 0 28 21 0.0109146
0 461 5 11 0.010913936
836 43 8 10 0.010913452
467 348 17 13 0.010910718
735 165 11 14 0.010909157
345 204 21 27 0.010908197
478 287 12 14 0.010907063
921 154 11 12 0.0109050935
955 80 19 25 0.010899922
401 7 73 101 0.0108974455
830 299 11 17 0.0108971335
583 0 24 17 0.010896587
927 102 11 14 0.010895366
996 172 28 51 0.010893784
178 236 7 12 0.010893066
987 379 37 80 0.0108905975
509 252 11 16 0.010889106
1023 119 1 16 0.010888708
534 0 25 18 0.010884585
643 239 16 15 0.010884382
32 365 8 10 0.01088356
418 246 10 16 0.010882716
885 215 8 11 0.010880915
712 77 39 51 0.010880107
563 296 16 26 0.010879782
636 0 18 13 0.010878076
412 277 12 15 0.010877739
638 105 23 30 0.010877602
796 304 15 19 0.010875681
474 405 19 23 0.010872317
807 544 14 16 0.010872283
396 215 22 27 0.010871615
9 277 39 50 0.010869654
590 356 14 14 0.010865687
473 439 16 19 0.010865157
444 187 15 21 0.010864518
496 357 14 15 0.010861016
823 45 38 51 0.010858564
362 89 70 99 0.010857896
653 94 23 31 0.010854572
727 572 28 31 0.010853947
668 84 23 31 0.010853411
355 564 42 58 0.010853106
67 491 312 161 0.010852943
886 114 60 83 0.010850982
655 197 17 26 0.010850006
618 0 38 41 0.010848364
0 401 11 30 0.01084741
25 0 13 12 0.010843966
684 393 11 21 0.010843199
38 88 44 58 0.010843157
823 574 42 61 0.010843001
856 370 10 15 0.010842932
368 384 11 16 0.010841684
771 52 40 55 0.010841042
809 631 33 21 0.010840884
481 456 10 11 0.0108398255
766 142 11 14 0.0108393775
587 10 35 46 0.010838907
530 239 12 14 0.010836778
402 194 32 44 0.010835904
849 171 31 44 0.010835777
823 42 9 11 0.010833899
527 623 42 29 0.010830729
203 146 8 11 0.010830632
721 527 56 78 0.010830393
675 269 19 29 0.010827986
411 301 18 20 0.010826372
974 155 12 14 0.010826365
358 252 13 18 0.010825968
434 526 8 10 0.010824976
646 0 13 12 0.010824163
341 197 30 43 0.01082382
406 400 15 19 0.010820887
860 360 12 15 0.010817581
14 581 9 12 0.010817409
729 596 17 12 0.010815702
343 238 13 19 0.010815651
515 317 18 23 0.01081457
877 147 32 42 0.010811909
461 0 29 21 0.0108082695
500 427 10 13 0.010802923
629 135 21 30 0.010801367
644 135 21 29 0.010798537
668 104 23 31 0.010798194
923 359 6 10 0.01079749
19 21 44 56 0.010796292
1001 313 23 53 0.010794311
839 344 11 18 0.010793395
984 60 40 79 0.01079168
638 136 35 48 0.010791482
625 110 61 86 0.010791394
0 433 34 86 0.010790878
1004 526 20 47 0.010790404
663 39 23 31 0.010789839
701 630 29 22 0.010785904
659 135 21 30 0.010784919
858 373 10 17 0.010783373
905 343 16 24 0.010779599
623 104 23 30 0.0107787745
454 194 29 41 0.01077816
845 195 21 28 0.010776678
899 327 26 36 0.010771872
853 374 11 18 0.01077096
487 385 9 11 0.010770848
809 231 11 15 0.010769468
247 429 18 24 0.010769092
303 43 73 106 0.010768148
373 430 8 12 0.01076624
812 321 22 26 0.010765407
410 380 10 12 0.010764526
678 29 23 31 0.010764512
795 147 12 15 0.0107642915
878 100 8 12 0.010762868
176 271 11 15 0.0107617695
68 38 42 60 0.010761556
628 0 55 41 0.01076073
430 0 54 40 0.010760651
767 8 134 165 0.010759141
242 21 73 107 0.010759134
673 39 23 31 0.0107589
803 137 8 10 0.010758011
875 33 38 53 0.010755996
932 113 9 11 0.010754961
673 128 41 56 0.01075399
3 574 23 28 0.010750776
459 270 14 20 0.010750326
387 243 11 17 0.010748932
782 338 10 18 0.010748034
377 235 20 27 0.010746111
609 18 21 32 0.010744721
848 57 34 47 0.010743357
605 204 22 28 0.010743015
1002 281 22 54 0.010742366
9 19 9 10 0.010741856
173 335 36 45 0.010741219
835 326 42 53 0.010740583
867 140 29 36 0.0107402
445 471 53 78 0.010738608
795 10 78 103 0.010736524
269 398 11 20 0.010734858
6 134 17 20 0.010734667
680 0 29 22 0.010734201
745 35 40 54 0.010733815
426 530 40 51 0.010731625
930 384 18 21 0.010731416
858 105 16 18 0.010729433
453 501 22 28 0.01072941
727 128 36 47 0.0107293185
690 238 13 20 0.010726275
305 123 208 281 0.010725858
943 149 7 9 0.010725554
0 589 10 21 0.0107227955
947 62 32 44 0.0107198255
382 576 72 76 0.010718622
165 597 68 55 0.010718418
841 231 24 31 0.010718149
812 532 43 54 0.01071727
931 376 17 21 0.010716955
447 156 59 82 0.0107167335
35 3 29 31 0.010716434
815 147 13 16 0.010715485
508 130 58 73 0.010715103
253 434 21 28 0.010714994
11 17 13 15 0.010714893
32 575 20 26 0.010712744
61 0 34 26 0.010711962
625 242 22 27 0.01070635
656 268 39 52 0.010702922
191 369 31 38 0.010699958
16 595 17 25 0.0106988065
964 159 15 19 0.0106972
987 343 37 85 0.010694398
903 103 8 11 0.010693616
827 245 32 40 0.010693609
0 11 6 14 0.010693061
244 252 15 19 0.010692714
735 271 41 48 0.010691986
769 247 54 70 0.010690089
0 322 11 30 0.010687208
832 157 192 321 0.010685577
891 0 41 44 0.010684721
833 252 21 27 0.010683773
436 232 12 17 0.010682693
581 326 21 32 0.010681252
382 256 11 15 0.010680971
520 211 12 16 0.010680947
427 228 8 10 0.0106796995
0 259 38 84 0.010678662
795 174 43 62 0.010678375
424 402 15 16 0.010678365
641 48 74 103 0.010677734
839 89 69 97 0.010677361
76 0 48 35 0.010676776
951 10 38 44 0.010673485
1006 13 13 16 0.010672619
332 187 51 77 0.01066988
141 395 109 160 0.0106692165
383 442 8 11 0.010668411
898 96 33 42 0.010667702
0 522 11 28 0.010665411
37 60 42 58 0.010663255
614 125 22 30 0.010663127
719 13 75 98 0.010661902
658 29 23 31 0.010657304
16 535 9 11 0.010657176
423 507 69 93 0.010655522
322 197 36 51 0.010653318
0 94 11 30 0.01065204
736 164 8 9 0.010650979
333 0 26 17 0.010648791
319 277 17 19 0.010646566
916 406 35 48 0.010644477
837 352 21 25 0.01064293
910 396 12 16 0.010642923
121 0 39 35 0.010642274
673 145 22 29 0.01064147
679 347 17 27 0.010639937
822 264 21 27 0.010638856
102 214 38 47 0.010638812
193 453 54 81 0.010636658
501 0 10 11 0.010635346
593 248 7 11 0.010635208
758 62 7 11 0.010634003
600 280 22 27 0.010632452
867 142 8 10 0.010632074
609 135 21 31 0.010630437
429 403 11 13 0.010629057
1018 507 6 17 0.010625912
558 0 38 35 0.010621682
486 566 40 57 0.010618536
37 606 47 46 0.010615808
601 474 64 84 0.010615653
953 0 15 12 0.010615113
979 157 14 19 0.010613976
952 135 22 28 0.010613676
146 546 12 14 0.01061119
943 0 15 12 0.010609354
673 93 23 32 0.010609052
753 12 79 102 0.010607892
588 241 53 66 0.010607775
668 49 23 31 0.010607762
967 403 12 14 0.010605041
282 595 69 57 0.010603959
696 216 10 14 0.010603874
145 466 39 55 0.010603829
606 284 21 27 0.01060311
7 372 10 13 0.010602314
824 292 16 23 0.010599726
658 84 23 31 0.010598195
711 197 20 25 0.010598067
505 0 64 65 0.010596858
432 368 13 14 0.010593078
701 270 8 10 0.010593059
430 298 10 18 0.010592671
601 92 63 86 0.010590237
674 215 21 29 0.010586917
1002 223 10 12 0.010586316
464 261 57 73 0.01058437
26 46 43 61 0.010583017
836 255 35 47 0.01058278
0 461 11 31 0.01058226
705 257 8 11 0.010581346
228 163 11 15 0.010579775
137 271 41 51 0.010579127
8 578 9 10 0.01057811
797 44 36 50 0.010574673
1005 493 19 45 0.010571568
928 362 8 10 0.010569916
202 140 7 11 0.010569577
224 0 26 19 0.010568976
794 225 20 26 0.010567234
423 575 69 77 0.010563424
546 93 85 107 0.010562427
736 235 9 15 0.010562217
521 208 10 12 0.010559351
529 183 32 43 0.010559222
677 13 74 99 0.010556202
155 145 50 67 0.010553072
1021 619 3 22 0.010552872
341 24 73 107 0.010549476
883 146 14 17 0.010548326
462 200 17 24 0.01054832
500 177 99 138 0.010546686
475 291 37 47 0.010545063
0 315 10 22 0.010542291
645 87 67 95 0.010541949
219 254 15 14 0.010541706
923 195 26 34 0.010541589
643 95 23 30 0.0105409995
221 229 18 22 0.010538926
383 67 72 102 0.010538387
932 155 14 18 0.0105356015
420 498 37 43 0.010535263
961 231 38 51 0.010535213
742 142 112 139 0.010533616
875 368 37 47 0.010531006
744 454 12 16 0.010529366
623 72 18 25 0.010528963
853 253 38 50 0.010528281
887 338 29 37 0.010527942
235 98 43 59 0.01052773
924 362 10 13 0.010525791
483 630 29 22 0.010524728
515 244 12 17 0.010524333
1019 403 5 23 0.01052367
414 334 42 60 0.010522795
795 621 44 31 0.010522782
659 212 17 29 0.010521013
441 373 8 9 0.010520245
1013 215 11 30 0.010518304
1019 493 5 16 0.010516328
381 22 74 109 0.010515035
785 542 8 10 0.010514936
788 327 14 14 0.010512543
439 287 15 21 0.010510178
519 237 14 14 0.010508195
668 69 23 31 0.0105056
206 235 11 15 0.010504097
29 537 9 13 0.010503552
959 217 28 33 0.010501536
566 434 63 86 0.01050145
713 152 40 54 0.010500706
814 259 10 14 0.01049963
962 358 23 32 0.010499238
725 73 40 49 0.010499145
499 281 17 22 0.01049416
415 306 21 27 0.010493812
0 392 26 50 0.010489347
524 145 37 47 0.010487609
927 93 11 14 0.010487357
726 251 12 17 0.010484802
1014 141 10 27 0.010483625
663 250 25 31 0.010482577
768 42 23 27 0.010479746
475 244 23 28 0.010479741
664 145 21 29 0.010479638
668 626 38 26 0.01047872
994 98 18 23 0.0104775755
1020 91 4 18 0.010477214
987 70 27 37 0.010475749
673 19 23 31 0.010474657
874 298 35 49 0.010473535
801 200 31 45 0.01047317
878 103 33 46 0.01047201
529 0 55 41 0.0104716895
673 118 23 32 0.010470558
609 131 214 261 0.010470275
624 500 63 79 0.010470219
116 12 17 22 0.01046978
185 172 21 27 0.010469153
914 58 13 17 0.0104686795
895 105 6 9 0.010467892
610 43 122 160 0.010466485
205 597 71 55 0.010466402
648 125 22 30 0.010464898
339 198 106 121 0.010464216
819 260 18 21 0.010462198
404 403 7 11 0.010456585
663 19 23 31 0.010455305
703 111 64 92 0.010453917
0 578 5 11 0.010450918
0 43 9 22 0.010449803
1022 206 2 20 0.010447819
931 370 11 14 0.010447539
983 10 41 72 0.010446206
243 193 12 13 0.0104455855
633 95 23 30 0.010445422
814 155 11 12 0.01044391
471 340 15 18 0.010441322
455 307 13 14 0.010440524
555 171 20 27 0.010440367
44 86 71 100 0.010438532
0 56 4 12 0.010437359
898 148 32 42 0.010436099
185 277 21 25 0.010434774
325 384 18 24 0.010432363
526 429 64 94 0.010432033
586 596 68 56 0.010431113
454 241 12 16 0.010429686
866 331 11 16 0.010428234
973 101 9 12 0.010427955
197 268 41 50 0.010427577
594 74 35 45 0.010427133
10 191 58 78 0.010424453
494 3 44 55 0.010424161
209 242 7 9 0.010420121
210 245 7 11 0.010419054
211 0 56 44 0.010418262
403 46 73 105 0.010416622
445 11 70 97 0.01041655
793 548 42 55 0.0104133375
771 278 54 70 0.010410996
555 285 19 24 0.01041077
568 134 34 48 0.010409679
918 113 7 10 0.010409644
781 594 71 58 0.010408698
515 294 20 25 0.010407443
569 137 21 32 0.010406764
525 221 54 70 0.010406292
448 0 214 162 0.01040503
417 278 13 15 0.010404434
441 519 37 39 0.010403577
650 607 52 45 0.010401741
876 466 28 49 0.01039944
83 0 12 9 0.010399112
591 224 29 40 0.0103976
25 540 10 10 0.010394287
202 263 18 21 0.010393481
285 491 66 88 0.010392306
243 34 150 179 0.0103876805
928 353 14 19 0.010385785
253 549 12 15 0.010385457
207 391 13 15 0.010384975
434 362 8 9 0.01038438
491 348 14 15 0.010383557
282 298 11 16 0.010382517
901 492 67 89 0.010381832
0 24 12 32 0.010380683
627 25 38 51 0.010379761
15 587 10 13 0.010376938
522 429 30 52 0.010376185
404 418 8 12 0.010374877
116 4 12 14 0.0103742
1009 232 15 40 0.010372795
853 159 12 15 0.010372018
778 135 11 15 0.01037117
0 550 11 31 0.010370182
832 195 22 27 0.010369732
836 138 17 23 0.010363391
1011 581 13 32 0.0103618335
614 109 22 30 0.010360563
574 275 12 15 0.010357659
894 83 11 16 0.010355079
478 0 38 36 0.0103547005
86 0 17 13 0.010354677
454 471 35 51 0.010354663
1011 439 13 35 0.010354394
259 255 35 46 0.010353897
296 576 42 60 0.010347488
359 271 12 17 0.010347088
490 366 48 60 0.010346904
889 42 8 10 0.010346688
838 169 17 22 0.010344838
609 47 21 21 0.010343279
880 369 18 21 0.010343204
693 261 9 14 0.010342738
702 168 55 76 0.01033861
765 78 41 57 0.010336374
36 173 44 54 0.010335897
136 83 122 161 0.01033368
548 143 10 10 0.010330301
535 173 20 27 0.010329695
909 327 18 27 0.010329563
803 297 58 73 0.010329201
629 146 34 44 0.0103290705
686 274 10 16 0.010327644
500 236 46 60 0.010327451
345 106 68 100 0.010326488
248 125 64 92 0.010325161
755 109 31 42 0.010324958
206 468 60 84 0.01032451
603 57 24 30 0.010324254
737 247 8 12 0.010324213
400 231 12 14 0.010324137
916 16 75 94 0.010323101
614 145 21 30 0.010322802
747 595 65 57 0.010319555
379 414 8 11 0.010319249
467 620 42 32 0.010318539
173 154 37 48 0.010317606
865 113 11 13 0.0103170965
970 146 25 35 0.010316316
431 354 8 9 0.01031076
727 239 13 18 0.010310447
0 632 6 14 0.01030774
188 200 11 14 0.010305725
806 150 8 9 0.010304065
638 532 35 44 0.010301908
663 59 23 31 0.010300984
516 58 223 261 0.01030055
489 403 12 16 0.010299253
887 359 8 10 0.010297995
625 0 13 11 0.010296715
113 180 90 119 0.010293938
622 0 28 20 0.010291968
784 136 10 13 0.010290661
229 467 11 13 0.0102904895
732 221 11 17 0.010288786
25 405 74 104 0.010288193
678 84 23 31 0.010286784
642 208 23 28 0.010286216
34 521 11 12 0.010285119
586 353 21 22 0.010284655
624 144 21 30 0.010283167
436 170 39 57 0.010283039
0 504 17 41 0.01028253
837 154 9 12 0.010279502
702 592 64 60 0.010279409
181 226 12 15 0.010279097
523 157 56 79 0.010278958
373 390 10 17 0.01027839
183 275 8 10 0.010278339
377 408 8 10 0.010278018
688 29 23 31 0.010273365
767 376 12 13 0.010273258
1021 162 3 21 0.010272296
599 140 22 30 0.010272125
888 337 9 14 0.010271506
634 144 21 29 0.010270894
152 548 7 11 0.010269737
436 270 12 15 0.010265398
820 109 9 12 0.01026488
648 145 34 45 0.010263458
206 531 43 47 0.010263159
182 22 73 102 0.010262034
586 269 30 37 0.010258266
623 72 71 95 0.010257768
843 252 21 26 0.010257719
255 0 25 17 0.010257127
388 265 10 15 0.010254603
930 532 41 54 0.010254485
828 298 28 38 0.0102540655
837 361 11 15 0.010252797
890 139 31 40 0.010251933
12 134 11 13 0.010251264
280 67 75 105 0.010250886
0 395 34 87 0.010249591
70 172 40 53 0.010247616
154 498 11 14 0.010247404
678 108 23 31 0.01024588
35 0 18 14 0.010245703
363 268 12 15 0.010242762
673 59 23 31 0.010242279
517 193 36 54 0.010240653
531 279 17 23 0.010239518
739 257 14 16 0.010239312
484 173 36 48 0.0102348365
506 180 55 79 0.010233291
987 212 33 40 0.010232193
388 472 21 40 0.010230405
232 145 14 13 0.010230143
647 522 36 44 0.010229577
873 369 10 12 0.010229317
1002 72 10 12 0.010228632
491 416 10 15 0.010228278
773 134 7 9 0.010223927
557 304 19 27 0.01022297
654 145 21 28 0.010222052
660 0 30 22 0.010220631
1013 499 11 33 0.010219935
683 19 23 31 0.010218216
314 238 29 40 0.0102145905
403 443 8 12 0.010213591
858 210 11 19 0.010213543
234 162 32 46 0.01021307
475 393 22 27 0.010212271
843 561 68 82 0.010211857
841 573 43 62 0.010211565
881 452 55 81 0.010211187
382 105 70 102 0.010211121
894 154 22 29 0.010210322
0 143 12 29 0.010206005
648 84 23 31 0.010204711
953 100 11 13 0.010204396
920 374 10 12 0.0102037
164 46 69 96 0.010203023
835 124 20 28 0.010202983
942 99 13 16 0.010202981
953 154 12 15 0.010202141
993 547 31 62 0.010201531
818 143 8 9 0.010200507
0 626 7 17 0.010198127
756 0 38 43 0.010197931
830 532 46 56 0.010195563
741 630 31 22 0.010193654
542 81 15 22 0.010192302
31 572 31 41 0.010192083
423 352 10 11 0.010191867
392 0 28 21 0.010191288
857 202 10 19 0.010189229
18 512 9 11 0.010189041
779 434 35 49 0.010183638
380 238 8 10 0.010180031
953 409 39 54 0.010179791
449 286 11 18 0.010174647
721 192 11 12 0.010172307
593 252 6 10 0.010168543
829 151 9 12 0.010168436
418 397 10 12 0.010168218
659 0 12 10 0.0101676
566 275 11 13 0.010167454
1022 13 2 17 0.010167013
921 148 16 19 0.010162806
0 291 9 24 0.010157963
695 153 39 53 0.010154911
186 36 131 169 0.010154421
321 285 13 16 0.010153026
3 435 17 21 0.010152024
392 387 10 12 0.010149123
1018 162 6 28 0.01014597
275 0 25 18 0.010145742
901 145 22 27 0.010145368
364 297 11 14 0.010144843
823 280 58 75 0.01014447
378 240 10 15 0.010143498
3 505 14 19 0.010142713
545 314 12 17 0.010142515
14 45 243 306 0.010142058
528 245 14 18 0.010141381
630 345 43 42 0.010140807
921 68 18 25 0.010138164
575 121 10 12 0.010136593
361 43 73 108 0.010136431
907 348 10 16 0.010134549
866 76 11 15 0.010133388
883 238 56 77 0.010133272
950 289 13 17 0.010132956
432 236 10 14 0.01013206
446 409 13 15 0.010129994
0 334 27 48 0.01012969
941 226 19 23 0.010127986
1019 299 5 18 0.010125479
869 174 26 37 0.0101254415
337 566 43 57 0.010121588
506 415 61 89 0.010115167
783 66 38 51 0.010113415
357 287 39 51 0.010113343
504 265 16 21 0.0101131145
0 85 10 15 0.010112611
160 252 14 14 0.010111911
583 109 22 29 0.010111842
177 284 18 26 0.010111009
604 125 22 30 0.0101102125
232 244 13 15 0.010109331
398 273 19 22 0.0101070525
707 183 19 24 0.010105946
722 84 14 17 0.010105007
938 178 17 20 0.0101042725
891 372 17 22 0.010101746
696 272 19 22 0.010101355
308 155 59 86 0.01009948
904 360 12 16 0.010097969
658 69 23 31 0.010097776
573 49 111 147 0.010097558
972 184 10 13 0.0100970315
689 266 6 9 0.010096319
678 134 22 31 0.010095036
182 277 13 16 0.010093558
852 0 135 93 0.010093095
313 281 8 10 0.010088146
208 424 22 28 0.0100869145
914 45 33 49 0.010082526
121 435 40 53 0.010081848
1001 95 11 16 0.010078326
639 84 22 31 0.010078131
658 49 23 31 0.010076597
1023 10 1 17 0.010076359
615 407 21 24 0.010075125
814 316 15 15 0.0100747915
78 188 8 10 0.010071343
240 263 10 11 0.010069373
934 212 27 34 0.010069162
802 249 54 71 0.010069122
619 93 22 32 0.010068945
197 392 25 29 0.010067378
570 400 13 18 0.010066198
185 0 25 19 0.010065285
495 266 11 12 0.010063525
895 330 13 16 0.010061452
418 265 7 10 0.010057171
663 484 285 168 0.01005574
815 142 9 12 0.010054213
450 406 8 9 0.010053697
333 236 49 66 0.010053538
441 321 14 14 0.010053142
379 253 9 14 0.010052281
940 19 19 20 0.010052109
29 559 68 84 0.010050886
9 250 41 56 0.010050105
669 0 12 10 0.010049321
0 519 23 39 0.010047633
461 630 30 22 0.010046823
370 256 11 16 0.010046688
789 154 9 12 0.010046385
499 202 9 13 0.010045678
523 630 30 22 0.010045254
546 135 113 136 0.010045212
653 39 23 31 0.010044713
629 153 21 29 0.0100433165
547 275 19 25 0.010041651
730 326 13 17 0.010041129
497 369 7 10 0.010040993
0 292 37 89 0.0100406725
512 170 34 46 0.010038432
0 160 13 17 0.0100367665
713 48 36 50 0.010035226
213 93 63 90 0.010035153
913 372 6 9 0.010035143
683 118 22 31 0.010034701
532 105 56 70 0.0100335
136 579 43 57 0.010033324
25 432 11 13 0.010032489
659 223 19 26 0.010032313
841 360 13 15 0.010031612
746 468 14 17 0.010031032
655 279 23 29 0.010026818
541 103 32 43 0.010026532
1020 19 4 29 0.010026453
976 292 14 18 0.01002308
724 597 14 15 0.010021848
476 134 100 138 0.0100203855
1003 477 21 45 0.010020189
460 304 14 13 0.010019243
148 0 21 19 0.010017715
288 573 20 28 0.010017558
0 235 20 36 0.010015576
46 43 8 9 0.010014629
825 449 23 31 0.010014125
484 589 45 59 0.010012245
1 544 8 10 0.010010381
902 132 112 151 0.010010023
871 346 42 54 0.010006004
445 577 41 57 0.010005169
669 153 21 29 0.010004116
881 70 66 93 0.010003009
1002 402 22 43 0.010002995
693 19 23 31 0.0100012375
259 222 7 9 0.01000004