20_Family_Group_Family_Group_20_544
1158
254 41 76 101 0.86639667
559 79 67 100 0.8624883
383 117 67 96 0.85478204
703 46 72 105 0.848346
145 103 66 96 0.84613395
848 102 69 97 0.8327156
639 316 56 77 0.8215832
692 248 71 90 0.81327915
668 267 73 93 0.091752
583 83 91 114 0.047049034
636 273 70 106 0.04543277
166 97 78 103 0.044469077
747 84 91 118 0.038268134
279 766 58 60 0.037380066
737 41 89 112 0.03720323
528 59 84 112 0.03646046
752 137 89 116 0.03560337
37 191 106 115 0.03485107
399 54 85 118 0.034453217
674 220 105 140 0.034211025
367 62 81 119 0.033489507
450 89 88 113 0.03339897
325 63 15 22 0.032917354
247 0 96 85 0.03287752
697 139 87 126 0.032528546
354 104 76 102 0.031439923
203 80 93 111 0.031382598
662 79 87 119 0.03086765
277 715 73 116 0.030484715
717 16 79 112 0.030294297
758 628 124 126 0.03015763
713 231 74 95 0.030030638
554 110 82 112 0.029609099
652 141 89 124 0.02959866
132 76 100 142 0.02951079
699 191 77 117 0.028980346
983 802 41 51 0.028971711
877 88 96 116 0.028894974
551 15 85 123 0.02879823
0 0 42 58 0.028287007
851 43 79 120 0.02814336
920 0 104 111 0.0280698
819 123 84 107 0.028031746
68 233 23 38 0.027949983
952 195 27 49 0.027722644
977 0 47 64 0.027077582
429 123 73 96 0.026948363
298 47 79 100 0.026703618
743 197 92 114 0.026594916
826 91 64 84 0.026317697
597 133 92 118 0.026101666
55 89 95 117 0.026094733
227 12 89 116 0.025839817
696 0 95 79 0.025593655
635 308 91 116 0.0252453
376 84 102 145 0.02493508
667 7 85 119 0.024852397
44 229 45 56 0.024817644
602 303 69 92 0.024628729
0 0 27 39 0.024542278
0 0 84 110 0.024520988
717 72 80 105 0.024359688
445 132 92 114 0.024204822
833 0 191 220 0.024156407
406 94 60 85 0.023979058
706 28 58 79 0.023753861
408 142 54 71 0.023517774
244 45 57 76 0.023321856
149 83 52 75 0.023195338
262 0 68 49 0.023094427
731 0 78 56 0.023093814
1011 829 13 24 0.023042226
525 103 61 78 0.022945972
431 0 82 63 0.022828862
135 34 81 121 0.022789037
574 119 55 70 0.022680111
498 387 51 57 0.022589553
923 184 52 65 0.022556057
915 100 44 65 0.022510372
636 349 52 61 0.02246078
676 243 61 79 0.022438534
6 213 106 142 0.022195503
193 89 56 73 0.022183282
711 0 66 44 0.022045013
550 632 56 71 0.022033852
383 0 81 62 0.022011211
582 0 80 59 0.021832755
691 57 53 75 0.02174838
814 53 92 130 0.021744674
135 142 79 109 0.021705242
420 0 152 107 0.021643482
920 748 104 105 0.02163372
735 282 58 70 0.021624535
632 0 78 60 0.021617059
311 0 78 59 0.021574672
161 153 42 50 0.02144277
112 0 60 58 0.021435639
365 146 78 104 0.021082139
0 738 83 115 0.021001823
603 196 92 116 0.020933522
225 81 57 75 0.020929024
859 143 54 61 0.020854656
532 0 79 61 0.020849934
598 0 95 117 0.02084125
308 129 92 114 0.020814471
882 117 119 144 0.020762403
278 782 80 71 0.020754995
212 0 77 58 0.020733569
442 39 113 136 0.020686675
562 0 67 48 0.020683356
884 68 60 79 0.020622894
682 0 78 57 0.020578515
302 89 94 115 0.020549376
830 0 79 61 0.020494621
583 166 140 178 0.020492295
29 62 142 178 0.02048507
503 397 34 37 0.020449178
45 240 28 33 0.02040364
623 271 54 77 0.020372655
21 173 179 186 0.020348819
194 132 54 73 0.020330878
0 807 32 46 0.020306733
763 0 63 46 0.020228647
947 36 77 127 0.020203754
696 83 65 85 0.02019652
57 175 78 83 0.020175746
843 0 94 124 0.020110995
614 0 67 49 0.0201004
184 52 81 105 0.020046504
92 182 102 123 0.020045176
695 528 60 99 0.020022372
289 2 96 118 0.019986192
125 0 151 112 0.019950401
615 329 47 58 0.01993495
654 333 55 64 0.019829996
819 68 56 76 0.019742154
0 23 49 111 0.01973586
418 0 60 43 0.01973416
641 227 75 107 0.019716023
635 74 74 99 0.01966679
878 0 82 61 0.019615535
605 51 77 104 0.019603943
786 101 77 96 0.019558845
267 85 57 63 0.019523196
725 53 136 177 0.019466871
245 0 54 37 0.019444821
282 55 55 76 0.019443586
889 49 98 122 0.019399181
775 832 31 21 0.019389572
648 303 41 63 0.019340208
50 202 54 63 0.019320874
23 0 151 106 0.019291643
664 0 65 46 0.01924371
79 0 85 78 0.019241111
955 783 69 70 0.01922994
761 809 65 44 0.019192142
859 0 68 50 0.019129153
783 0 77 59 0.019115226
709 106 68 94 0.019104453
1010 0 14 38 0.019103436
279 19 65 90 0.01900551
827 559 197 294 0.018995907
364 0 68 50 0.018952211
622 115 14 20 0.018946778
97 95 76 105 0.018907616
446 115 49 69 0.018894948
522 0 151 108 0.01888619
480 0 82 61 0.01885856
503 128 95 122 0.01884567
5 161 102 121 0.018841883
160 0 79 61 0.018765816
191 0 65 50 0.018724296
258 108 80 99 0.018597484
916 60 108 194 0.01858473
94 0 61 44 0.018562408
194 130 97 115 0.01855905
323 115 51 66 0.018531619
0 65 50 111 0.018526487
0 538 183 315 0.018488044
159 135 61 83 0.018483339
942 138 82 129 0.018403495
842 46 55 75 0.018373152
723 93 52 65 0.018371688
513 0 68 50 0.018363582
701 289 45 50 0.018347634
963 614 61 129 0.018321358
26 16 98 124 0.01828553
254 619 116 209 0.018253503
324 0 151 114 0.018209036
497 147 11 14 0.018197756
288 0 66 45 0.018164339
321 0 54 37 0.018150467
0 10 30 76 0.018133864
347 154 57 72 0.018127954
737 238 92 110 0.01811457
0 143 43 110 0.018104175
34 0 85 67 0.018083092
739 215 55 76 0.018080993
311 472 329 381 0.017987233
977 119 47 119 0.017985988
465 0 60 43 0.017959096
295 679 92 138 0.017938118
243 79 73 92 0.017932195
971 312 53 131 0.017916914
852 152 81 105 0.017916396
898 386 126 243 0.017881393
693 0 54 35 0.017828437
704 281 70 87 0.01774497
990 110 34 85 0.017682608
139 0 69 49 0.017548544
417 704 24 33 0.017482009
0 160 28 75 0.017446319
918 157 106 188 0.017442096
399 0 94 111 0.01742133
167 35 64 89 0.017419452
772 780 98 73 0.017418716
0 795 66 58 0.01732592
482 0 127 93 0.017285801
829 85 26 42 0.017257558
0 515 49 115 0.01725294
398 165 43 51 0.017249366
486 97 77 102 0.017246017
197 66 53 69 0.017240576
758 7 73 98 0.017234083
344 0 57 41 0.017219773
818 0 57 42 0.017214697
288 417 135 164 0.017205052
295 756 92 97 0.01719668
688 121 67 86 0.01718213
124 151 62 74 0.017136218
872 785 90 68 0.01710167
935 0 71 54 0.017101534
274 81 82 101 0.017088456
64 0 74 55 0.017085707
973 71 51 121 0.016933894
618 86 52 73 0.01692851
733 59 49 73 0.016919415
396 165 92 120 0.016911794
733 785 90 68 0.016858868
967 262 57 134 0.016845427
146 113 43 62 0.016838051
687 526 96 140 0.016827209
287 119 78 94 0.016801871
976 168 48 122 0.016781539
308 437 99 96 0.016742967
821 782 95 71 0.016715351
972 417 52 126 0.016682684
870 134 83 100 0.01656302
550 789 89 64 0.01654463
335 0 77 83 0.016526824
970 214 54 130 0.016506929
587 47 58 78 0.01649547
900 186 96 119 0.016480038
0 564 49 116 0.016469285
853 323 82 100 0.016436702
659 303 58 72 0.016426647
764 748 157 105 0.016404478
783 0 125 90 0.016390244
886 113 58 70 0.016369408
572 23 129 168 0.016363962
718 0 155 105 0.016362755
900 127 78 98 0.016360901
964 710 60 130 0.016341267
123 393 92 127 0.016315237
991 159 33 89 0.01627377
304 478 105 142 0.016260272
6 41 81 117 0.016231542
1016 0 8 28 0.016230252
81 164 78 87 0.016206125
569 61 52 66 0.016176654
222 111 52 69 0.016175563
452 787 88 66 0.016146574
14 0 70 54 0.016143393
540 82 52 72 0.016092608
893 474 131 248 0.016074708
667 111 57 69 0.01605965
723 275 49 59 0.016055379
542 158 58 70 0.01598551
857 90 48 75 0.015961457
771 116 49 65 0.015960276
420 99 148 181 0.015950184
552 127 11 15 0.015939906
28 783 92 70 0.015939297
605 783 89 70 0.015915092
9 222 157 209 0.015914125
384 94 53 68 0.015895674
498 185 98 121 0.015889725
0 714 49 111 0.015879987
813 807 68 46 0.015878122
1 79 90 124 0.015870538
323 14 52 70 0.015868386
284 555 137 224 0.015857765
450 148 39 55 0.015848242
19 740 153 113 0.015840933
77 391 46 76 0.01583744
270 808 56 45 0.015809566
145 516 62 76 0.015806152
404 787 92 66 0.015796022
320 38 53 74 0.015756767
356 788 87 65 0.015737975
978 19 46 113 0.015737344
0 532 30 79 0.015720371
916 811 59 42 0.015711958
71 189 57 51 0.015679779
842 122 51 69 0.015676515
915 0 59 42 0.015658915
917 255 107 207 0.01564697
982 367 42 112 0.015646512
335 57 74 98 0.015613475
391 807 64 46 0.015579548
0 439 46 116 0.015567255
1021 842 3 11 0.015521724
318 500 137 191 0.015474348
648 155 43 26 0.015474183
541 812 63 41 0.015441325
943 811 62 42 0.01543577
507 792 84 61 0.015406448
192 33 63 82 0.015405391
935 420 36 38 0.015404355
591 813 60 40 0.015381965
61 239 12 12 0.015372184
484 156 71 84 0.015370488
127 779 94 74 0.01536382
685 526 159 201 0.015358003
38 466 329 387 0.015336488
176 125 51 68 0.015324072
0 612 50 115 0.015299447
46 240 57 75 0.015298296
0 838 18 15 0.01529178
383 21 79 107 0.015277571
783 30 74 101 0.015248836
909 596 115 213 0.015239169
0 108 30 79 0.015215792
678 314 80 98 0.015204913
1001 814 23 39 0.015174619
1 261 102 155 0.015154205
583 73 52 76 0.015118184
860 808 67 45 0.015110427
553 169 82 103 0.015108248
494 88 56 71 0.015090694
990 407 34 93 0.015073918
650 372 91 121 0.015068806
732 114 77 104 0.015048985
0 194 44 114 0.015004466
633 28 76 103 0.014978255
720 206 142 175 0.014974335
791 139 52 66 0.014962156
0 263 51 122 0.014952297
0 606 30 79 0.014946072
692 163 54 67 0.014935797
320 535 95 107 0.014932911
679 783 90 70 0.014927188
599 291 52 72 0.014921871
768 62 52 72 0.014915246
633 135 71 88 0.0149031915
519 136 56 69 0.014893024
469 141 57 75 0.0148892645
510 801 28 26 0.014858991
0 730 31 77 0.014856311
147 178 97 127 0.014833158
0 665 49 115 0.014796505
439 810 67 43 0.014787823
966 478 58 136 0.014751773
1000 362 24 72 0.014751357
29 652 94 131 0.014750706
530 147 12 17 0.014737838
796 181 95 120 0.014725959
448 162 49 65 0.014706194
693 809 61 44 0.01470141
607 247 115 156 0.014694698
607 348 30 41 0.014681789
0 431 28 78 0.014676746
169 493 292 360 0.014668979
888 171 76 96 0.014668834
841 180 58 70 0.014647647
258 18 56 66 0.0146439755
202 795 87 58 0.014631888
91 241 63 74 0.014622199
95 229 107 132 0.01453446
346 811 59 42 0.014529658
770 161 53 67 0.014493764
905 287 92 122 0.014485235
346 157 108 145 0.014479905
392 688 56 74 0.014476567
966 529 58 140 0.01445325
0 836 38 17 0.014446176
0 312 126 199 0.0144416345
633 357 76 100 0.014427284
635 567 308 286 0.014409441
986 474 38 97 0.014407361
486 389 74 90 0.014404217
785 680 107 126 0.014400969
853 278 81 103 0.014382057
947 0 44 33 0.014376274
668 752 154 101 0.014339257
492 808 58 45 0.014331551
621 43 54 71 0.014331025
616 810 62 43 0.014313454
513 148 15 17 0.014284672
983 608 41 93 0.0142716775
64 211 58 62 0.014268915
0 482 29 78 0.014244795
666 187 55 74 0.01423225
99 135 54 70 0.014221092
920 282 61 77 0.014164045
507 372 56 62 0.014161006
646 371 48 56 0.014155525
118 803 66 50 0.014147982
302 307 99 121 0.014142901
0 209 27 76 0.0141280405
828 96 37 60 0.014113718
0 404 75 126 0.014109333
663 355 55 69 0.014094172
493 146 52 65 0.014074281
360 4 80 93 0.014070754
194 13 54 68 0.014050923
5 529 92 135 0.014049277
897 206 53 68 0.014035208
981 671 43 96 0.014034625
133 464 87 120 0.014007759
927 240 92 125 0.014005812
643 63 53 72 0.0139853535
28 485 95 127 0.013943444
776 591 173 193 0.013908296
868 341 91 113 0.013906451
640 112 60 77 0.013905108
5 678 89 128 0.013894565
731 177 77 104 0.013891747
716 534 65 87 0.013876048
81 785 89 68 0.013865387
448 182 97 119 0.013864891
525 749 149 104 0.013852271
150 499 87 110 0.0138483
423 752 149 101 0.013829561
549 63 56 73 0.013819662
623 140 50 66 0.013805605
650 0 291 212 0.013778662
31 112 85 111 0.0137771405
743 309 54 67 0.013764269
77 266 94 117 0.013699213
0 304 69 135 0.01368592
0 460 70 130 0.013680235
851 682 95 125 0.013645625
915 407 60 79 0.013644666
332 472 67 69 0.013636762
464 162 31 39 0.013621267
589 254 72 105 0.013612798
126 657 91 127 0.013612519
0 281 31 84 0.013612157
107 4 92 117 0.0135936225
660 136 64 77 0.013588824
522 622 81 102 0.013578412
64 804 68 49 0.013572784
345 553 96 118 0.013550418
911 74 45 68 0.013538073
848 241 176 399 0.013537892
168 287 92 106 0.013524209
845 317 62 72 0.013509738
136 532 86 117 0.013502996
326 698 95 127 0.013482275
27 428 95 131 0.013444639
817 640 62 87 0.013443575
240 814 60 39 0.013441589
871 100 53 70 0.013426101
317 384 148 170 0.013420737
876 248 85 107 0.013416842
305 376 97 121 0.0134079475
126 210 140 178 0.013401836
42 239 19 27 0.013390229
338 407 102 108 0.013377288
736 33 52 74 0.013362223
717 226 47 64 0.013361595
874 311 148 204 0.013346574
168 805 68 48 0.013341412
22 829 43 24 0.013339182
55 240 15 14 0.013335101
210 379 81 104 0.013329264
581 149 50 55 0.013326604
897 407 91 123 0.013315432
321 158 53 68 0.013299363
406 702 36 51 0.013295223
879 207 143 186 0.013290066
889 43 56 74 0.013286197
349 91 51 72 0.013280671
674 109 128 194 0.013269045
5 602 92 138 0.013268869
786 158 63 77 0.013266123
816 705 104 130 0.013257159
0 682 30 78 0.013257054
313 804 72 49 0.013239144
639 804 64 49 0.013235844
330 586 95 126 0.013219927
330 63 8 13 0.013209385
237 742 131 111 0.01320821
500 0 11 9 0.013194153
273 333 98 123 0.013189861
453 2 77 86 0.013181299
635 170 73 101 0.013178306
683 473 89 127 0.013174738
995 0 29 42 0.013173446
186 557 144 218 0.013165319
716 164 55 68 0.013163961
408 177 43 49 0.013158031
240 19 52 74 0.01315574
306 76 46 64 0.013152725
108 558 93 127 0.013151955
28 702 92 126 0.013132386
0 400 39 94 0.013131014
876 661 87 121 0.013129636
669 15 56 75 0.013123544
693 338 53 65 0.013109057
419 570 294 283 0.013094053
551 839 37 14 0.0130924
89 380 95 120 0.013091417
363 570 64 76 0.013091339
170 182 55 70 0.013086393
629 558 164 193 0.013081874
355 539 74 83 0.013076791
1002 288 22 73 0.01306936
664 804 66 49 0.01305967
338 453 102 116 0.013024364
116 188 59 65 0.013022948
301 183 97 122 0.013011644
325 333 98 124 0.013010562
513 162 63 75 0.012957096
883 288 62 72 0.012929307
168 77 51 66 0.012926116
943 183 35 43 0.0129179945
927 217 60 80 0.012914853
401 0 26 17 0.012905425
35 799 20 15 0.012883631
266 670 73 131 0.012866962
517 190 54 64 0.012862944
18 507 152 206 0.012840858
423 168 40 51 0.012838269
725 619 61 76 0.0128321955
81 388 142 188 0.012831155
1001 661 23 71 0.012816062
760 562 113 153 0.012815831
0 0 262 222 0.012812809
890 656 60 80 0.012812207
347 308 102 121 0.0128122
336 0 327 204 0.012808057
916 451 38 45 0.012805459
3 228 59 100 0.012789195
968 188 14 26 0.012778734
149 424 92 129 0.012770789
160 11 53 72 0.012758364
703 309 37 40 0.012754203
77 700 144 153 0.012749705
1011 372 13 53 0.012745011
566 12 58 72 0.012737267
577 144 38 44 0.01273682
1002 137 22 69 0.012732882
7 346 86 127 0.01271583
596 362 51 64 0.012710306
400 0 14 9 0.012701684
509 30 82 109 0.0126992185
595 160 53 67 0.01268859
701 623 111 126 0.01267276
128 534 60 75 0.012660583
685 501 59 84 0.0126595
237 22 133 160 0.012657808
379 760 94 93 0.012651319
374 700 146 153 0.012648093
825 0 13 9 0.012627612
854 225 79 102 0.012614531
15 386 148 194 0.012613406
230 347 80 106 0.012603687
556 497 76 101 0.012603057
591 103 43 63 0.012601864
865 269 57 68 0.012594981
548 0 46 35 0.012593233
77 657 95 126 0.012587101
334 166 79 103 0.012575874
247 615 89 130 0.012560766
815 106 41 64 0.012552848
915 599 56 85 0.012552438
873 385 93 120 0.012543106
129 8 59 73 0.012541122
322 592 147 211 0.012516705
28 199 52 71 0.0125008635
216 129 62 82 0.012475872
132 99 44 61 0.012471509
170 98 145 179 0.012471229
472 547 146 198 0.012465656
538 585 75 101 0.0124485735
23 246 61 92 0.012440866
437 19 75 97 0.012438179
770 185 59 75 0.012419061
445 707 95 126 0.012413353
33 68 82 107 0.012411535
388 198 68 81 0.012407093
74 508 151 199 0.012401373
470 359 74 89 0.012387212
401 312 93 116 0.012380833
105 608 95 133 0.012375915
243 451 144 186 0.012362522
827 264 131 173 0.012349953
0 331 30 81 0.012348683
495 189 51 62 0.012337612
935 170 55 67 0.012334664
645 744 98 109 0.012328656
309 640 92 133 0.0123223765
0 200 233 327 0.012321827
689 31 50 76 0.0123186605
607 367 77 97 0.012310944
290 96 51 58 0.012306602
132 0 46 40 0.012306246
350 131 45 66 0.012306222
744 161 55 69 0.012305402
90 185 58 52 0.012297648
877 456 91 127 0.012290426
249 569 86 112 0.012282762
372 643 88 122 0.0122815315
932 91 83 110 0.012281518
669 385 54 67 0.012280059
373 191 151 194 0.012279509
534 182 68 81 0.012255978
177 753 148 100 0.012240987
667 343 148 189 0.012240013
895 607 94 130 0.012222685
0 287 170 394 0.012220442
40 823 65 30 0.012210133
793 482 30 34 0.0121938605
75 538 93 122 0.012193419
762 516 64 81 0.012179063
552 336 99 114 0.012174003
64 129 66 84 0.012159133
50 235 87 110 0.012152502
555 291 95 113 0.012152374
449 457 97 129 0.012142098
239 112 114 147 0.012134589
737 597 66 77 0.01213125
75 583 96 131 0.012129049
447 189 50 63 0.012128192
444 655 95 129 0.012126986
824 133 51 65 0.012126601
906 772 78 81 0.012125251
62 234 56 65 0.01212021
616 176 63 81 0.012110869
770 714 102 121 0.012108315
802 0 12 9 0.01209571
971 0 13 9 0.012094963
944 0 11 9 0.012090508
1022 0 2 28 0.012090128
123 68 69 99 0.012084685
621 11 57 69 0.0120830815
923 388 89 124 0.012075844
645 0 46 35 0.012066076
818 7 63 78 0.012061159
706 602 57 83 0.012060272
473 188 50 62 0.012054126
25 375 91 118 0.012042261
887 225 68 88 0.012026727
893 700 95 133 0.012020868
0 0 18 25 0.012015632
250 318 93 117 0.012014119
905 351 78 102 0.0120119285
75 487 93 120 0.012011403
149 683 89 123 0.012010825
531 645 85 128 0.012004795
0 384 29 78 0.012003879
29 567 85 112 0.0120020695
715 14 58 59 0.011987181
69 597 149 205 0.0119778225
0 435 128 217 0.011961158
477 413 86 113 0.0119584305
726 291 83 99 0.01195694
124 549 152 209 0.011951222
956 0 12 9 0.011948976
754 79 28 43 0.011940522
608 104 41 63 0.0119371535
469 714 148 139 0.011931634
4 119 51 74 0.01193012
49 460 94 123 0.0119232265
87 210 58 64 0.011921783
183 168 82 106 0.01192172
126 448 149 196 0.011907814
372 826 49 27 0.011902151
409 589 158 219 0.0118935
416 30 59 74 0.0118820565
45 612 96 133 0.01188114
1005 268 19 60 0.011879147
69 303 62 81 0.011871406
124 0 12 9 0.011869183
558 442 77 102 0.011860927
468 510 91 120 0.0118512865
1002 442 22 68 0.011828641
914 333 64 81 0.011821554
633 325 42 55 0.011811992
263 609 62 78 0.011811652
502 24 36 48 0.0118004065
238 125 68 82 0.011800054
685 639 166 170 0.011799433
929 248 58 80 0.0117984
478 26 84 109 0.011794374
762 602 62 79 0.011792336
798 668 77 86 0.0117874555
377 166 54 61 0.011778555
533 514 78 104 0.011776849
418 183 55 69 0.01176212
695 568 55 93 0.011757058
373 334 98 119 0.011751934
782 0 12 9 0.011746903
930 316 82 112 0.011745958
430 267 86 111 0.011741142
794 90 50 67 0.011733749
195 128 29 42 0.011732855
55 400 95 128 0.011721684
679 590 95 140 0.011715792
816 186 56 69 0.011709907
729 653 57 76 0.011705443
711 325 66 81 0.011705365
985 552 39 93 0.011700737
578 706 142 147 0.011700359
148 740 99 113 0.011692979
196 185 55 69 0.011689788
406 10 53 72 0.01168949
826 464 89 125 0.011680648
1001 323 23 78 0.01167923
524 153 139 184 0.011679096
584 375 73 95 0.011676375
848 737 88 112 0.011669171
1011 297 13 52 0.011669159
590 177 65 83 0.011667626
856 434 91 121 0.01166742
81 319 96 127 0.011659561
40 246 39 61 0.011658971
172 0 46 39 0.011646031
49 241 17 16 0.011641663
148 630 93 131 0.011637571
581 518 80 104 0.01163631
203 647 135 195 0.011631551
594 13 55 67 0.011630256
567 332 61 79 0.011619812
358 440 159 202 0.01161745
727 720 97 113 0.011611192
1000 614 24 70 0.011611185
1015 840 9 13 0.011609539
593 637 234 216 0.011603071
488 335 74 92 0.011597065
366 578 97 133 0.011590383
469 117 52 70 0.011582145
201 536 96 124 0.011581504
885 429 68 85 0.011567912
326 268 97 118 0.011553906
900 480 96 134 0.011547588
960 204 16 37 0.01153689
140 443 65 92 0.011533731
745 268 44 60 0.011529343
429 603 91 133 0.011529105
719 302 149 189 0.011522774
148 576 96 136 0.0115193715
133 312 134 172 0.011503345
288 458 91 101 0.011502351
285 553 86 111 0.011501613
862 59 59 67 0.011490745
1001 243 23 71 0.011486434
416 68 55 73 0.011485927
69 21 57 76 0.011481638
870 556 55 78 0.011478013
82 286 60 69 0.011472759
729 249 43 63 0.0114705665
411 0 14 9 0.0114695225
456 248 82 105 0.011465006
1013 148 11 48 0.011456667
184 150 48 61 0.011439528
515 213 57 69 0.011431781
175 347 149 188 0.011430601
315 180 64 83 0.0114254
924 555 96 143 0.0114228735
341 524 61 82 0.011413449
700 438 96 122 0.011403712
94 246 39 50 0.011399211
580 769 81 84 0.011397463
316 51 25 35 0.011393932
910 27 74 99 0.011389572
961 194 18 33 0.011389125
1003 515 21 71 0.011365809
1002 190 22 69 0.011360698
164 0 272 213 0.011351545
280 151 143 186 0.011350951
223 153 142 186 0.011334544
0 12 19 45 0.011333294
642 162 35 43 0.011317172
531 470 79 105 0.011315706
529 599 145 203 0.01130282
276 594 85 117 0.011302578
0 349 38 98 0.01129863
468 448 148 195 0.011297788
497 212 53 66 0.011295302
104 287 104 122 0.011294649
0 381 60 92 0.011291051
547 381 101 125 0.011285028
60 673 69 91 0.011284717
835 249 78 102 0.011275303
418 493 156 207 0.011274755
555 543 79 105 0.01126646
178 406 90 120 0.011264057
497 488 87 113 0.01126081
898 528 94 141 0.011255731
0 70 30 59 0.011247344
724 392 100 117 0.0112333195
868 681 64 81 0.011227181
778 218 138 179 0.0112227835
698 226 49 65 0.01121661
599 0 45 33 0.011216585
356 547 161 215 0.011215649
430 149 31 46 0.011212271
175 517 96 121 0.011203226
690 377 100 124 0.011200103
343 359 56 71 0.011196791
820 0 13 9 0.011190485
196 180 100 126 0.011190268
581 468 79 105 0.011178106
681 419 90 110 0.011175691
1006 642 18 59 0.0111754965
908 140 48 61 0.0111727845
299 455 55 76 0.011163563
685 313 48 61 0.011162529
865 0 13 9 0.011156648
821 670 86 101 0.011154568
367 837 34 16 0.011143964
713 494 97 122 0.011143513
616 238 60 87 0.011141833
879 564 87 129 0.011133685
368 211 57 66 0.011133441
366 519 95 115 0.011131204
608 573 79 104 0.011130387
220 0 38 31 0.011127934
449 0 47 36 0.011120111
915 7 64 77 0.01111201
83 0 13 9 0.011110825
1013 671 11 49 0.011099646
836 207 65 83 0.011098763
966 0 12 9 0.011095216
0 606 22 39 0.01109015
884 721 67 92 0.011075024
48 150 49 60 0.01106967
834 415 88 118 0.011059995
471 211 53 65 0.011055996
507 242 82 107 0.011050763
179 654 95 129 0.011042938
165 0 12 9 0.011039986
914 127 39 51 0.011033777
812 492 159 234 0.011032971
156 84 35 44 0.011032346
860 618 86 114 0.011026684
409 91 45 52 0.011026174
113 691 77 103 0.011025143
42 483 66 82 0.011021117
642 609 57 75 0.011020025
203 580 101 135 0.011017015
99 90 54 74 0.011014695
877 507 91 133 0.011014547
509 0 12 9 0.011013714
133 721 78 101 0.011012706
56 251 28 42 0.011012164
699 137 14 20 0.011010356
282 269 91 113 0.011009462
174 220 95 119 0.0110031655
343 212 56 69 0.011000734
380 838 33 15 0.010998574
581 421 77 101 0.010995531
471 634 97 124 0.010992348
504 284 54 72 0.010990089
865 212 56 69 0.010987891
357 675 89 121 0.010987801
421 678 94 128 0.01098448
924 623 55 85 0.010980976
70 242 11 18 0.010979633
851 482 92 130 0.0109773
564 592 57 71 0.010976299
225 44 46 70 0.010974344
813 320 82 102 0.010973574
252 407 14 17 0.010965171
43 24 57 81 0.010961305
540 0 11 10 0.010959001
914 756 54 74 0.01095601
773 511 98 136 0.01093342
1021 0 3 40 0.010931117
208 439 85 115 0.010923092
727 340 91 111 0.0109225875
322 636 62 79 0.010922397
981 0 12 9 0.010919768
751 364 94 120 0.010919759
546 124 13 18 0.010919263
815 588 93 130 0.010917001
442 57 67 93 0.010906721
320 246 154 197 0.01090558
545 511 54 70 0.010902719
716 380 60 76 0.010900436
175 259 135 177 0.010900419
488 221 79 101 0.010897883
289 756 40 52 0.01089372
389 12 48 65 0.010892947
374 266 100 121 0.010892266
1000 700 24 70 0.010885369
16 817 69 36 0.01088382
568 487 54 70 0.010881396
467 823 55 30 0.0108770635
497 439 87 113 0.010872877
645 213 53 74 0.010865553
432 557 92 125 0.010859014
530 263 140 175 0.010856057
474 683 92 124 0.010855078
873 159 55 58 0.01085339
633 0 13 10 0.010851082
39 265 75 100 0.010850817
433 111 45 61 0.010849413
455 288 80 106 0.010834205
753 320 85 103 0.010832446
906 453 67 86 0.010831282
857 507 55 81 0.010829853
756 276 73 94 0.010829461
753 254 25 39 0.010829326
734 520 66 81 0.010828246
220 184 55 71 0.010823809
748 0 48 36 0.010823603
206 630 100 137 0.010820841
99 0 13 9 0.010810214
605 612 86 116 0.010806677
376 26 47 65 0.01079937
608 329 32 49 0.010792055
38 628 72 93 0.010791578
55 521 80 103 0.0107871145
0 567 27 60 0.010774246
518 343 54 65 0.010768188
906 825 50 28 0.010764011
599 0 12 9 0.0107639255
553 128 15 20 0.010761742
47 225 28 35 0.0107615655
116 106 45 69 0.010761227
368 305 155 195 0.010760405
828 121 38 55 0.010757683
335 212 122 157 0.010757351
1002 471 22 74 0.010755145
750 628 60 79 0.01075399
938 0 11 9 0.010751264
14 31 51 77 0.010745097
229 366 151 179 0.010739411
294 827 52 26 0.010732766
846 354 64 75 0.010721015
837 362 86 113 0.0107187275
284 650 75 121 0.010717817
513 533 59 75 0.010717708
214 0 12 10 0.010715798
64 350 89 119 0.0107140085
633 547 86 111 0.010706493
0 0 11 15 0.010703632
177 463 92 122 0.010690995
808 731 70 84 0.010690313
91 307 65 81 0.010684396
1007 387 17 63 0.010681742
529 326 76 95 0.010678697
323 526 55 87 0.010659226
930 660 88 115 0.010658842
546 239 93 113 0.01065701
510 0 47 34 0.010650881
1008 539 16 59 0.010640882
356 755 58 73 0.010638078
825 512 89 130 0.01063775
555 830 52 23 0.010635715
757 80 43 61 0.010628909
437 0 12 9 0.01062796
163 487 63 80 0.010625003
457 138 30 44 0.010623945
300 31 152 175 0.0106187165
113 226 66 72 0.0106098605
606 442 78 103 0.010608079
522 501 145 192 0.010607413
92 579 63 83 0.010605679
516 240 57 68 0.010591524
858 477 55 75 0.010584999
496 536 84 111 0.010583883
107 348 94 124 0.010581877
324 96 46 58 0.010580753
218 394 54 68 0.010580237
474 212 14 22 0.010576987
404 368 87 108 0.010571078
1012 127 12 51 0.010565833
883 0 46 33 0.010565624
575 616 85 108 0.010556997
608 347 14 22 0.0105548045
362 453 62 67 0.01055373
428 423 91 117 0.010551652
1005 575 19 70 0.010544316
474 409 60 72 0.010542463
719 680 55 71 0.010532818
907 0 22 17 0.010526358
925 169 43 50 0.010524569
425 707 18 22 0.010522085
186 0 12 9 0.01051788
530 420 80 102 0.010514835
339 650 71 90 0.010512961
677 397 62 76 0.010511343
263 429 93 106 0.0105109485
0 96 139 238 0.010510642
762 300 47 53 0.010508459
432 508 94 128 0.010505698
900 628 60 81 0.010502503
593 460 54 68 0.010499998
645 413 54 67 0.010494611
429 344 81 104 0.010487439
146 374 94 113 0.010484811
719 404 151 215 0.010483617
1004 9 20 76 0.010478647
40 49 295 316 0.0104758395
267 561 59 75 0.010466714
792 13 55 70 0.010460274
456 0 13 9 0.010456491
929 84 39 66 0.010451188
624 376 44 55 0.010448038
0 519 24 47 0.010447624
272 316 155 187 0.010441693
844 0 48 36 0.01043821
143 526 43 47 0.010437919
549 710 95 129 0.010434307
561 649 56 79 0.010421222
484 554 65 81 0.010416524
701 264 45 57 0.010415185
270 471 58 79 0.010413123
617 313 36 52 0.010411429
50 0 47 35 0.01040996
526 221 85 108 0.010407513
118 0 40 30 0.010406842
646 268 46 70 0.010404682
821 316 53 67 0.010401873
606 495 78 105 0.010400699
552 0 13 9 0.010398061
398 0 46 35 0.010391312
475 309 146 185 0.010389422
118 35 56 75 0.010388812
836 359 135 194 0.010387056
547 354 43 56 0.010386967
629 464 145 201 0.010384163
919 205 50 67 0.010377681
635 174 27 39 0.010377019
333 337 58 73 0.010373327
122 643 149 206 0.0103733195
1012 349 12 53 0.010370203
95 398 43 66 0.010370168
571 365 51 64 0.01036454
444 172 34 43 0.010359087
172 115 40 56 0.010356999
347 436 63 71 0.010349796
163 0 18 19 0.010349544
749 416 94 116 0.010341984
396 838 30 15 0.010341927
1011 449 13 49 0.010341406
50 177 51 51 0.010338026
570 388 53 66 0.01033751
657 245 49 67 0.010335169
632 725 82 105 0.010328878
290 612 57 73 0.010317608
331 507 57 77 0.0103171365
611 0 13 9 0.010316723
930 506 88 121 0.010310052
92 29 61 82 0.010292713
432 218 82 106 0.010288441
841 239 55 69 0.010287287
496 138 14 17 0.010284071
768 312 53 65 0.010283968
288 486 54 76 0.01028115
49 751 57 68 0.01027827
736 633 40 50 0.010275094
617 437 55 68 0.010270552
1012 321 12 51 0.010262317
111 824 52 29 0.010260848
304 245 91 112 0.010260586
367 123 46 62 0.010257369
443 831 52 22 0.010256254
583 0 13 9 0.010250633
77 252 50 62 0.010245819
418 400 153 195 0.010239343
472 0 12 9 0.010236938
820 764 54 78 0.010236098
75 0 47 33 0.010235095
286 172 76 102 0.010234225
569 438 54 68 0.0102331955
275 831 43 22 0.010228584
1008 172 16 60 0.010214229
266 158 64 81 0.010202417
1004 43 20 67 0.010200021
566 532 55 71 0.010198898
385 706 76 105 0.010197397
310 49 39 58 0.010196958
82 822 59 31 0.010196084
56 0 12 9 0.010190319
369 598 57 74 0.010183329
80 42 84 120 0.010182154
528 0 12 9 0.010179684
141 599 67 91 0.010179596
122 483 62 78 0.010177819
777 0 12 9 0.010175814
71 243 16 23 0.010175705
332 65 9 15 0.0101740705
439 476 70 89 0.01017042
49 696 61 79 0.010169278
658 156 21 14 0.010162427
708 758 69 81 0.010161015
114 747 80 102 0.010159794
403 638 92 126 0.01015961
170 0 12 9 0.010156665
156 0 39 34 0.010156333
339 135 40 56 0.010152157
999 778 25 70 0.01015179
1011 634 13 49 0.01015104
237 154 66 84 0.0101488875
83 191 39 26 0.010141608
921 10 40 50 0.010134424
545 559 54 71 0.010134311
918 467 27 35 0.010128121
660 289 40 53 0.010123852
582 409 55 67 0.010122393
266 744 60 73 0.010121552
680 280 46 55 0.010121437
676 548 64 90 0.010118789
104 21 39 51 0.010114387
336 827 49 26 0.010113813
824 144 138 186 0.01011329
310 104 46 55 0.01010795
62 606 67 87 0.010104921
951 0 24 17 0.010103887
13 306 18 23 0.010102656
880 133 41 54 0.0101007335
235 463 85 111 0.010100491
437 140 23 34 0.0100925155
857 60 21 16 0.010086554
507 296 79 103 0.01008453
379 217 89 109 0.010082175
158 698 59 82 0.010079444
909 0 13 9 0.010078789
183 562 83 111 0.0100764
208 327 84 107 0.010075252
405 243 93 116 0.010074135
679 0 13 9 0.010070527
162 572 68 90 0.010069254
91 535 62 77 0.0100625865
881 535 55 81 0.010057016
580 839 32 14 0.010051566
158 127 46 61 0.010047397
1012 252 12 48 0.010040429
609 131 44 56 0.010038632
660 349 35 44 0.010038306
655 162 36 40 0.010037761
440 203 64 79 0.010037261
0 506 39 73 0.010035807
1012 470 12 52 0.010033509
344 384 58 77 0.010030679
574 503 150 197 0.010028502
942 12 56 74 0.010024889
232 416 85 111 0.0100115035
1013 200 11 48 0.010011197
323 672 53 75 0.010008926
779 503 58 76 0.010003307
504 144 14 17 0.010002852