45_Balloonist_Balloonist_45_550
1153
85 302 44 67 0.767113
277 689 22 17 0.13287662
278 691 14 10 0.12866649
337 742 50 35 0.07535264
688 471 29 42 0.0651988
297 280 40 53 0.065196104
690 472 18 30 0.06202868
284 690 13 10 0.06182173
328 650 14 17 0.061681107
605 462 44 52 0.05708999
69 276 54 79 0.056911696
302 699 15 17 0.056787163
710 469 34 49 0.056186795
662 454 36 49 0.051368013
323 674 23 20 0.05024608
326 652 22 27 0.05006992
282 690 31 25 0.04991561
273 641 48 43 0.04934464
583 469 66 61 0.049242634
310 270 45 42 0.0439321
544 749 15 14 0.043145474
553 523 61 49 0.04220941
327 718 80 59 0.04137284
275 680 33 29 0.0411569
281 694 11 10 0.040817283
93 316 28 46 0.040082704
345 723 32 39 0.039579228
638 452 41 49 0.03952454
274 661 40 40 0.03839694
307 608 40 47 0.038127206
560 506 58 48 0.036929812
535 748 25 29 0.03613679
699 477 26 30 0.03582207
287 690 13 14 0.034970943
63 311 49 60 0.034823705
287 649 45 49 0.03471127
674 466 15 20 0.034217495
314 678 26 19 0.033957012
557 543 57 67 0.0332986
299 692 34 27 0.03294003
57 285 46 67 0.03259181
473 329 46 43 0.03235539
92 307 58 78 0.03225602
199 697 8 10 0.031602558
682 454 54 64 0.03093064
725 468 29 42 0.030698514
509 701 34 36 0.03059475
530 23 324 320 0.030270198
655 499 23 24 0.030232687
97 331 27 41 0.029895099
315 271 32 24 0.029756121
691 475 57 57 0.029638793
558 382 31 23 0.029589465
530 292 18 29 0.02931852
292 665 47 49 0.029079141
304 699 12 11 0.028730031
57 297 24 48 0.028584452
668 90 234 256 0.028374096
306 647 50 56 0.028327115
308 682 35 26 0.02821433
291 697 24 24 0.027790036
228 546 36 40 0.027007613
310 624 44 51 0.027000327
540 502 59 48 0.026923418
261 635 88 103 0.026847187
306 287 49 62 0.026555588
670 471 31 42 0.026482819
325 651 11 14 0.02623858
147 159 11 12 0.026118806
133 253 9 11 0.02611487
479 519 55 41 0.02610123
692 472 14 15 0.026024655
679 466 26 36 0.025970293
721 487 40 38 0.025898602
330 660 25 27 0.02577994
867 591 157 186 0.025749069
609 484 39 40 0.02572317
234 721 13 16 0.025678704
355 721 24 30 0.025670294
772 507 76 58 0.025517173
878 714 31 25 0.025378123
244 683 40 48 0.025220633
587 500 58 45 0.025208551
79 245 63 96 0.024891214
283 695 12 13 0.02439691
62 328 63 84 0.024387611
88 336 47 64 0.024382664
25 271 77 104 0.023837296
574 466 50 49 0.023667779
62 252 57 77 0.023439456
268 688 29 25 0.023322912
236 727 10 11 0.023294315
485 313 50 47 0.02324056
135 325 14 16 0.02303983
711 481 21 30 0.022994949
865 677 20 38 0.02289061
678 444 43 53 0.022682784
278 575 20 23 0.022672059
649 477 11 14 0.022620222
293 294 30 46 0.022581818
257 652 49 54 0.02255061
61 282 80 107 0.022466365
212 716 8 9 0.02241772
560 393 28 22 0.02237939
656 483 24 33 0.022316119
609 475 10 10 0.022280036
345 757 36 20 0.022235543
880 680 42 47 0.022156011
542 753 16 15 0.022096114
715 454 34 47 0.022006335
183 720 9 12 0.022005638
84 303 32 42 0.021993259
581 157 235 192 0.021807184
254 678 40 41 0.021766376
397 727 25 25 0.021650989
672 4 188 218 0.021514127
547 754 10 10 0.021502335
442 537 441 240 0.021465432
550 469 87 87 0.021413276
161 723 7 9 0.021406276
662 486 33 39 0.021352656
307 685 79 77 0.021349492
787 500 57 44 0.021053208
52 324 45 60 0.020758156
98 285 38 62 0.02061827
0 0 169 209 0.02058131
635 475 39 47 0.020579278
466 328 38 33 0.02050111
87 266 45 60 0.02044184
4 564 171 213 0.020433193
299 688 48 44 0.020405205
506 519 63 47 0.020363754
501 337 45 21 0.02031023
324 645 12 14 0.020273007
770 464 48 50 0.020174481
528 494 90 72 0.020087166
685 491 69 66 0.020080538
344 697 92 80 0.019976333
594 434 66 80 0.019930376
229 718 9 10 0.019926425
699 527 325 250 0.019905033
310 671 9 10 0.019820023
687 455 25 35 0.01964864
316 679 13 16 0.019457942
282 687 11 11 0.019449404
669 468 14 19 0.019438002
730 475 39 43 0.019411536
304 273 29 31 0.01932882
149 344 10 14 0.01924754
208 609 151 168 0.019237975
582 482 15 17 0.01922419
326 639 34 43 0.019214386
903 686 42 47 0.019196732
655 465 33 46 0.019174345
625 462 27 36 0.019167658
305 664 25 32 0.019165711
230 718 13 15 0.019024704
132 342 27 27 0.018948628
247 696 45 51 0.018880645
486 336 69 43 0.018868165
289 687 10 11 0.018825999
530 303 15 21 0.018712185
696 442 48 59 0.018695043
286 694 44 42 0.018671386
588 468 28 30 0.018618707
257 642 45 36 0.0185537
209 481 80 107 0.018514378
990 730 34 47 0.0185083
299 675 8 9 0.018499108
442 605 264 172 0.018457092
871 699 32 37 0.018378755
248 0 52 49 0.018370999
806 494 53 42 0.018362496
950 702 74 75 0.01835686
698 484 35 37 0.018280048
4 675 9 12 0.018241612
573 516 58 50 0.018232785
294 640 34 34 0.018225942
41 686 8 10 0.018145721
172 331 73 77 0.018123504
1013 754 11 23 0.018122645
571 482 90 90 0.01807281
808 0 61 78 0.01802844
681 486 36 44 0.017991338
829 0 195 230 0.017958838
645 435 60 70 0.01794931
248 671 84 86 0.017902568
731 496 44 35 0.017890386
676 460 8 12 0.017874472
922 0 102 106 0.017862454
332 653 12 19 0.017847966
768 473 28 36 0.017847085
671 463 23 33 0.017825564
866 676 36 47 0.017722977
10 242 118 162 0.017712923
287 583 11 13 0.017674413
659 505 26 25 0.017646631
120 431 32 47 0.017635394
132 328 18 25 0.017633583
0 613 41 83 0.017633183
809 0 106 100 0.017632954
627 0 336 293 0.017604442
301 0 465 390 0.01748032
159 735 10 13 0.017476363
0 567 36 61 0.017433226
65 373 48 60 0.017416857
239 691 30 36 0.017412022
578 471 25 28 0.01740919
204 708 8 9 0.017407328
272 568 34 28 0.017379524
362 204 71 123 0.017374324
675 459 16 20 0.0173667
85 336 30 36 0.017336005
688 468 15 22 0.017211927
224 0 50 41 0.017211415
198 699 6 10 0.017101675
359 714 21 26 0.017072584
335 650 43 56 0.017010117
335 0 67 54 0.016974919
643 493 33 33 0.016951555
212 733 51 44 0.01691639
481 518 74 65 0.016907595
50 157 19 15 0.01686808
299 303 33 49 0.016822552
337 761 33 16 0.016785838
676 457 23 32 0.016781066
547 750 9 10 0.016731469
116 322 41 52 0.016697569
326 699 45 55 0.016686456
551 394 40 31 0.016680477
597 470 8 10 0.01666874
395 136 331 343 0.016666913
312 682 14 18 0.016605794
990 701 30 36 0.01657223
709 482 59 59 0.016547311
0 0 112 139 0.016539099
74 149 30 21 0.01651027
425 0 58 75 0.016489457
216 523 56 66 0.016466098
596 461 37 35 0.016458765
130 338 16 20 0.016425092
1 0 319 271 0.01638346
322 668 8 10 0.016380766
8 340 84 118 0.016374813
79 357 66 85 0.016371273
393 758 15 18 0.01634828
648 502 15 19 0.016319536
271 695 95 82 0.016317694
161 350 47 56 0.016308816
295 281 28 35 0.016240265
355 729 45 46 0.016201172
474 319 29 32 0.016200937
209 759 8 9 0.016176807
91 153 9 10 0.016173344
259 662 33 36 0.016128836
541 745 14 12 0.016092418
298 307 54 64 0.015989654
709 492 30 34 0.015914828
276 689 12 10 0.015880732
272 741 59 36 0.015817635
212 718 11 12 0.01577236
376 728 43 42 0.015765158
224 715 26 25 0.015713759
0 166 211 281 0.015672976
303 517 402 260 0.015662918
605 501 38 29 0.015630696
236 69 47 68 0.015600176
859 581 41 51 0.015596085
822 497 78 69 0.015516484
25 519 270 258 0.01551445
213 713 10 10 0.01548951
513 500 57 48 0.015477239
0 693 7 9 0.015462537
297 686 24 29 0.015453821
324 652 7 12 0.015366909
786 458 51 52 0.015363138
838 496 48 42 0.015338627
46 350 45 59 0.015325063
270 683 23 20 0.015310808
106 326 28 38 0.015290548
85 360 32 39 0.015269574
875 661 46 36 0.015252628
288 683 17 18 0.01522923
186 719 8 9 0.015206402
714 480 16 20 0.015165653
329 673 28 27 0.015142811
699 0 135 117 0.015137689
109 511 45 63 0.015137628
134 325 10 11 0.01511924
568 548 36 46 0.015106084
198 709 7 9 0.015105112
774 1 160 166 0.015100716
491 339 41 27 0.015099443
510 340 56 49 0.015092184
606 471 17 19 0.015082901
504 521 90 78 0.015068999
648 470 15 22 0.015050211
429 177 45 52 0.015038039
305 693 18 20 0.015031318
586 480 19 21 0.015014057
338 588 41 54 0.01500438
536 744 22 20 0.01498258
372 262 45 63 0.0149790365
452 325 29 26 0.014975782
0 674 84 103 0.014954368
60 147 50 43 0.014945571
321 262 42 34 0.01492404
880 531 47 54 0.014923955
98 361 34 39 0.014910443
613 500 52 50 0.014854489
591 0 197 227 0.014773984
788 505 86 90 0.014745153
231 700 92 77 0.014736003
110 359 36 44 0.014691982
303 675 23 31 0.014676604
0 575 53 97 0.014664255
319 0 52 48 0.014658397
199 585 41 55 0.014655827
694 468 18 24 0.014610108
70 356 40 49 0.0145863155
902 582 48 57 0.014574997
270 543 45 56 0.01457459
881 499 47 46 0.014550943
455 496 54 50 0.014529324
477 467 46 49 0.0145164
884 500 75 75 0.014479804
760 491 174 169 0.01447939
583 486 42 41 0.014441032
489 711 110 66 0.014410484
302 701 21 27 0.014355099
228 702 44 53 0.01435223
209 708 31 33 0.014347298
234 484 96 104 0.014341264
456 512 57 53 0.01431944
36 361 65 86 0.014304282
293 619 45 49 0.014297885
328 646 13 14 0.0142848985
523 0 96 101 0.014281809
154 302 67 88 0.014272211
245 661 40 50 0.014264214
323 278 21 20 0.014254385
289 677 28 33 0.014252619
526 299 21 34 0.014218424
524 456 85 85 0.014216861
246 622 53 47 0.014204215
251 520 76 89 0.014200457
648 472 69 73 0.014188729
183 717 8 10 0.01417288
716 508 50 52 0.014163239
495 452 44 54 0.014159893
523 339 38 24 0.014144039
147 543 67 75 0.014135887
264 689 49 52 0.014131266
532 0 176 182 0.014127944
279 297 36 53 0.014125195
704 483 13 15 0.014115905
643 461 25 33 0.0141130695
337 564 44 55 0.014085746
277 636 36 31 0.0140728485
344 662 12 18 0.014071687
190 695 8 9 0.014066946
496 291 45 55 0.014057401
491 293 79 75 0.014054369
736 461 31 43 0.014033708
696 452 30 38 0.014033183
638 504 41 39 0.014030592
599 509 54 54 0.014017208
141 310 40 61 0.0140155535
281 274 43 54 0.013999249
306 747 47 30 0.01397881
195 704 8 11 0.013975951
587 174 47 59 0.013964366
145 343 17 21 0.013955742
293 701 45 54 0.013948149
884 474 44 46 0.013935613
474 158 46 60 0.0139314355
918 160 106 266 0.013929965
0 590 33 70 0.0139293065
449 324 44 39 0.013926694
65 177 47 60 0.0138502
288 589 9 10 0.013802999
453 337 50 70 0.013755911
905 208 96 160 0.013747746
124 368 24 31 0.013747422
285 697 16 20 0.013747075
326 751 37 26 0.013730797
199 701 9 10 0.013730332
0 485 37 65 0.013724947
931 396 51 67 0.013694648
881 425 51 62 0.013691093
465 673 162 104 0.013672236
566 495 62 44 0.013666744
793 41 231 405 0.013642074
516 314 48 43 0.013642012
900 496 46 46 0.0136332465
656 504 40 37 0.013631567
481 333 45 25 0.013607649
599 639 209 138 0.01360759
317 564 44 56 0.01359986
220 0 36 29 0.013594178
545 740 21 23 0.013582218
395 260 165 164 0.013561069
515 741 51 36 0.013558469
40 157 25 18 0.013551288
878 644 49 40 0.013537537
695 471 10 10 0.013528669
232 603 97 118 0.013527686
882 449 45 54 0.013524804
576 216 164 125 0.013507852
1018 487 6 42 0.013490502
307 668 11 11 0.013483482
535 744 50 33 0.013477458
544 702 86 75 0.013474796
244 599 49 58 0.0134644415
107 268 45 66 0.013442234
592 374 51 62 0.013422322
232 729 12 12 0.0133807035
72 151 50 56 0.013375375
327 610 63 83 0.013368204
356 242 92 124 0.013358266
519 307 77 86 0.013355654
542 418 95 110 0.013343032
980 705 44 54 0.013299595
394 44 163 194 0.013298657
146 667 12 16 0.013297338
943 0 61 55 0.013286872
314 672 14 16 0.01328488
258 58 51 68 0.013268856
565 402 22 16 0.013266971
243 644 45 46 0.013266414
82 153 27 24 0.013258648
624 476 8 10 0.013247929
292 0 50 50 0.013236341
627 478 15 18 0.013220468
615 454 32 37 0.013212313
535 305 15 20 0.013195127
876 513 49 51 0.013192091
292 561 45 55 0.013187411
141 350 42 55 0.013175034
177 738 7 10 0.013158365
118 324 14 21 0.013156171
672 1 56 68 0.01315122
683 474 18 23 0.013150554
529 296 61 62 0.013142791
321 476 54 66 0.0131383315
830 0 65 68 0.013134817
876 391 67 83 0.0131322965
209 717 9 11 0.013128163
212 543 289 234 0.013127521
1008 734 16 43 0.013100942
289 693 16 17 0.013100289
900 477 44 46 0.013091988
225 90 47 70 0.013090268
107 339 56 69 0.013086957
522 552 53 65 0.013080207
362 751 29 26 0.013076415
133 349 28 36 0.013046592
860 425 49 62 0.0130381705
0 369 20 37 0.013038102
941 498 83 92 0.013010487
198 0 389 333 0.013001743
467 269 69 80 0.01299088
861 0 55 63 0.012985553
1010 125 14 65 0.012980324
226 701 27 31 0.01297124
678 502 40 43 0.012959493
412 176 46 56 0.012959147
861 450 45 55 0.01295469
224 664 67 81 0.0129512865
197 676 87 101 0.012942751
514 331 35 23 0.012940094
65 151 31 28 0.012939741
619 477 23 28 0.012923341
520 703 20 23 0.012920822
289 26 57 75 0.012900809
4 380 84 127 0.012892104
699 704 100 73 0.012882947
301 0 30 25 0.012879876
521 467 46 54 0.01287635
522 424 47 56 0.012857977
862 674 17 32 0.0128443865
995 716 19 22 0.012843921
135 332 13 16 0.0128367925
541 381 34 24 0.012830546
97 151 55 63 0.0128131155
881 557 47 55 0.01280451
202 703 8 10 0.01279338
321 683 45 48 0.012792665
320 636 66 85 0.012784689
271 43 58 73 0.012774709
22 304 152 209 0.012768482
842 485 182 158 0.012767984
1017 0 7 34 0.012763565
887 714 34 28 0.01276094
369 512 84 96 0.012760824
951 558 50 54 0.012756786
240 2 87 97 0.0127226105
483 456 69 77 0.012720741
0 414 6 13 0.012703927
77 367 25 31 0.012697145
228 716 8 10 0.012680378
1016 173 8 38 0.012666958
198 0 57 44 0.012660612
236 537 35 41 0.012658158
207 420 88 142 0.012654814
537 467 52 56 0.012647433
926 698 41 48 0.012636649
541 566 54 63 0.012635647
322 647 9 15 0.012629536
348 693 24 31 0.01261542
308 673 9 12 0.012604226
725 465 20 28 0.012574545
0 539 40 67 0.012573534
323 0 35 29 0.012572795
338 668 14 18 0.012562904
733 470 16 21 0.012560629
591 381 72 96 0.012543745
572 528 93 98 0.012535069
1018 462 6 48 0.0125284325
730 454 26 34 0.012516886
848 516 63 61 0.012515154
318 677 9 11 0.012494733
640 488 94 91 0.012484429
533 504 98 112 0.01248289
206 593 49 63 0.012481086
1023 0 1 17 0.012478381
304 206 117 157 0.012464926
1010 441 14 66 0.012462574
301 702 11 11 0.012457802
960 738 54 39 0.012453548
979 0 45 59 0.012443199
590 397 49 61 0.0124429455
508 298 27 35 0.012438951
129 297 63 88 0.012428166
605 495 84 84 0.012427678
586 479 13 15 0.0124269435
218 723 38 38 0.0124239335
477 339 46 56 0.012423474
272 614 46 54 0.012412479
907 496 86 87 0.012405074
291 540 46 55 0.012396633
392 183 71 101 0.012394886
236 531 52 61 0.012392181
1008 0 16 59 0.012385901
443 484 80 77 0.012374475
335 672 15 21 0.012366447
319 672 15 16 0.012360615
260 16 50 69 0.012359904
242 368 168 188 0.012346238
1011 511 13 38 0.0123273535
295 274 27 27 0.012322762
263 589 35 55 0.012317907
529 339 14 11 0.012313996
971 571 51 41 0.012313292
556 385 21 18 0.012305187
569 381 23 18 0.0123007335
544 756 10 11 0.0122994855
235 542 71 84 0.012292878
333 669 14 17 0.012286143
515 707 40 48 0.012271992
190 691 7 10 0.012271763
373 719 94 58 0.012265551
315 666 13 14 0.012259641
858 480 45 45 0.01225956
104 349 25 29 0.012248038
300 481 52 59 0.0122397095
910 382 50 66 0.012235065
531 288 32 45 0.012232963
99 340 17 24 0.012232218
420 162 67 78 0.012225857
270 0 45 39 0.012215309
939 432 43 61 0.012215085
793 508 44 25 0.012214007
492 400 50 52 0.012202877
771 479 18 24 0.012189529
322 651 16 23 0.012185065
1012 480 12 54 0.012181608
367 718 11 16 0.012176962
300 715 54 58 0.012171771
167 726 7 9 0.012164041
312 676 12 14 0.012133096
735 702 103 75 0.012130739
282 712 49 59 0.012126644
917 584 32 37 0.012124016
612 468 73 77 0.012120339
558 473 50 52 0.012110493
687 484 16 26 0.012098693
228 53 42 65 0.012091939
230 0 38 23 0.012088932
472 555 49 59 0.012088051
0 653 40 86 0.0120769525
442 233 212 221 0.0120626455
0 750 5 12 0.012061649
384 224 72 112 0.012061439
87 171 48 66 0.012047461
997 315 27 76 0.012037274
772 372 85 106 0.01203173
13 343 10 10 0.012030833
557 0 120 105 0.012020346
121 325 19 28 0.012017959
288 640 107 126 0.012017537
353 606 244 171 0.01200786
259 756 51 21 0.011993292
135 264 291 421 0.011990034
203 712 7 9 0.011989545
220 756 36 21 0.011988908
36 171 109 157 0.011986911
616 390 75 95 0.011978929
158 724 7 10 0.011977116
652 501 19 17 0.011975627
891 556 69 79 0.011967791
271 384 90 112 0.011947847
49 0 86 85 0.011945738
407 193 47 64 0.011929875
516 305 29 42 0.01192116
1008 216 16 68 0.011920316
175 696 32 47 0.011915462
138 332 10 9 0.011911049
463 318 28 30 0.011906453
130 627 53 76 0.011901909
0 354 22 26 0.011900516
454 469 48 51 0.011887376
320 661 15 19 0.011885019
357 14 98 137 0.011883907
901 419 50 63 0.01184998
301 669 13 13 0.011841691
155 720 13 15 0.011821082
253 413 56 73 0.011819454
417 277 49 64 0.011816108
476 433 46 57 0.011813083
407 492 90 96 0.011812168
647 510 40 49 0.011808507
176 274 92 116 0.011807586
865 689 27 45 0.011806484
473 585 46 56 0.011805251
394 725 38 46 0.011800939
223 614 60 52 0.011800153
450 153 48 57 0.011786297
0 723 5 11 0.011774582
779 691 90 86 0.011766108
424 286 254 279 0.011753129
361 726 13 22 0.011746844
304 705 12 16 0.011739767
321 680 9 12 0.011737144
706 183 209 234 0.01173616
778 538 77 95 0.011735686
216 72 44 67 0.0117325075
106 0 331 225 0.011730318
46 179 47 60 0.011727752
478 301 36 46 0.011716086
325 765 29 12 0.011707272
901 280 95 124 0.0116985915
598 467 22 20 0.011696389
376 369 149 191 0.011692228
606 426 46 63 0.011691057
974 10 50 117 0.01168957
946 283 78 166 0.011686959
331 661 13 17 0.011684455
656 111 152 198 0.011668199
705 486 8 9 0.01166487
0 144 38 73 0.011664668
327 681 20 18 0.011663706
20 482 68 87 0.011660945
193 697 9 10 0.0116506405
469 0 166 167 0.011646989
992 510 32 67 0.011640191
340 253 151 178 0.011639965
504 0 55 64 0.011635741
309 668 16 18 0.011633829
870 597 24 23 0.011632375
455 277 150 133 0.011630574
558 396 45 44 0.011622252
439 357 52 69 0.011605171
354 268 48 59 0.011604569
338 677 37 44 0.011600465
746 510 49 54 0.011598683
594 18 53 74 0.011587588
216 624 34 36 0.011569371
657 419 33 36 0.011568405
294 357 88 122 0.011564533
214 545 37 37 0.01156049
232 553 25 22 0.011547794
260 564 63 81 0.011540729
1015 145 9 48 0.011538314
950 252 47 81 0.011534329
594 181 26 44 0.011530237
79 322 32 40 0.011526342
170 550 63 77 0.011516278
292 691 11 12 0.011510185
633 177 92 142 0.011506896
873 252 101 130 0.011504919
142 283 42 63 0.011498643
773 493 57 43 0.01149825
310 279 15 19 0.011487221
250 35 46 68 0.01148686
286 314 42 56 0.0114719495
512 442 70 83 0.011457156
580 1 60 64 0.011456458
0 270 11 24 0.011456383
233 712 20 24 0.011454617
744 493 47 49 0.011444763
337 539 46 57 0.011439289
54 380 66 90 0.011436702
301 2 55 71 0.011426522
65 365 27 33 0.01142602
125 356 26 34 0.011418947
134 316 23 34 0.011416724
671 477 15 22 0.011410071
266 470 94 96 0.011408774
320 603 45 55 0.011407477
563 308 48 54 0.011400987
184 714 9 11 0.011397873
364 0 60 56 0.011387875
1022 0 2 33 0.011386853
707 349 81 105 0.011384762
292 753 47 24 0.011378659
383 745 27 32 0.0113741765
158 283 43 64 0.011373933
45 572 46 55 0.011365698
205 0 88 89 0.011361088
685 0 91 96 0.011359768
368 160 77 116 0.011350375
321 645 9 10 0.011335833
56 0 225 153 0.011333824
108 278 28 39 0.011331764
145 159 74 101 0.011323057
181 721 7 9 0.011320127
276 694 10 10 0.011319151
675 478 18 28 0.01131624
759 474 26 34 0.0113117015
385 4 102 123 0.011309508
795 461 33 35 0.011307485
727 655 164 122 0.011305479
806 467 39 45 0.011304224
84 574 28 39 0.011302843
547 462 135 143 0.011292911
547 293 74 81 0.01129162
708 475 15 19 0.011287889
342 18 161 190 0.011287632
384 491 49 55 0.011280013
880 613 54 56 0.011274363
883 698 26 27 0.011273733
103 357 67 84 0.01127324
885 172 84 140 0.011272063
226 464 164 190 0.011258046
464 337 30 36 0.01125197
545 547 18 17 0.011250581
93 609 66 102 0.011247265
716 487 10 13 0.0112462845
38 688 90 89 0.011245588
210 711 9 10 0.011243968
522 338 75 91 0.011243909
149 718 9 12 0.011233444
0 452 53 94 0.011232406
290 683 11 12 0.011231293
326 526 70 85 0.011221901
601 471 8 12 0.011217406
232 725 18 20 0.011214173
521 340 28 16 0.01121241
591 479 12 14 0.011211674
493 547 52 63 0.011211227
498 719 56 58 0.011209572
14 672 57 71 0.011209504
582 387 45 45 0.011207889
0 375 203 325 0.011204931
540 404 46 56 0.0111981565
356 487 48 56 0.011194281
382 510 53 60 0.011192752
347 497 76 87 0.0111918105
1015 553 9 42 0.011190904
694 477 12 17 0.011190718
393 636 51 62 0.011188738
87 152 16 12 0.011184874
13 222 84 116 0.0111769345
346 665 8 12 0.0111751165
977 731 23 31 0.011168754
286 0 37 29 0.01116547
322 416 54 71 0.011165152
308 701 19 18 0.011163477
728 0 59 54 0.011156764
1016 225 8 54 0.011155695
545 390 33 27 0.01115385
208 707 9 10 0.011153792
950 448 43 56 0.011149554
451 562 46 57 0.011141227
595 154 78 104 0.011137234
162 708 41 55 0.011136126
978 532 46 63 0.0111348545
147 345 8 10 0.011130649
593 343 76 95 0.011128275
74 285 37 49 0.011124779
582 308 51 56 0.011122194
279 679 17 20 0.011118828
957 725 24 37 0.011118535
915 700 67 77 0.011115853
597 467 14 13 0.011112094
313 764 29 13 0.011103977
644 498 15 19 0.011103249
518 388 62 44 0.011101316
447 440 233 254 0.011086378
246 2 166 194 0.011082679
747 352 84 102 0.011075043
310 501 33 38 0.01107269
70 266 42 43 0.011071472
632 354 81 104 0.011070792
735 399 48 66 0.0110697895
853 2 91 110 0.01106679
475 304 25 33 0.011059036
255 0 34 30 0.011053533
496 430 47 58 0.011049767
272 3 55 66 0.01104255
345 548 73 85 0.011041817
627 486 26 30 0.011033594
622 476 13 16 0.011031525
172 377 45 43 0.011030301
0 382 16 30 0.011030159
36 0 63 61 0.011027493
953 220 71 155 0.011027056
318 671 10 12 0.011025238
297 697 15 14 0.011024331
1004 497 20 47 0.011021127
146 163 9 11 0.011020548
478 156 67 87 0.011015592
658 195 45 62 0.0110152885
94 267 33 37 0.011012864
332 629 28 38 0.011005298
548 757 12 13 0.011002347
333 313 47 54 0.011001984
410 231 77 105 0.0109913545
323 681 14 13 0.010986087
263 764 38 13 0.010984932
353 601 51 66 0.010981999
280 563 44 37 0.010978276
54 182 69 96 0.010978041
1020 645 4 42 0.010976599
84 0 61 59 0.01097596
890 667 36 36 0.010974357
543 400 35 30 0.010971352
203 548 53 68 0.010967384
1 190 42 73 0.010965823
4 683 48 72 0.010957998
842 703 103 74 0.010957702
624 160 53 66 0.010952692
530 702 45 53 0.010951028
167 504 81 96 0.010948802
691 454 9 13 0.010941129
66 301 32 37 0.010934678
682 482 15 22 0.010929558
1005 297 19 73 0.01092688
299 415 54 73 0.010922142
723 534 53 59 0.0109193325
546 758 10 11 0.010908857
320 278 45 53 0.010903486
235 31 99 128 0.0109031955
956 534 68 92 0.010897719
1016 125 8 50 0.0108956685
681 457 14 19 0.010891296
459 63 50 71 0.010890561
232 502 50 71 0.010885999
565 402 27 29 0.01088555
312 670 12 10 0.010885175
909 734 29 39 0.010873639
670 467 10 12 0.010868983
493 580 49 59 0.010864031
1023 0 1 25 0.010863084
272 313 35 50 0.010859343
921 492 49 51 0.010858534
609 478 8 11 0.010852749
845 380 80 100 0.010851593
368 449 136 155 0.010850646
298 674 12 13 0.010849392
441 121 100 125 0.010848017
16 569 51 58 0.010840953
151 645 44 62 0.010834281
557 161 67 84 0.010832955
976 467 24 37 0.010824335
732 678 48 66 0.01081757
203 703 25 31 0.010812978
251 559 46 56 0.010806504
118 529 52 62 0.010805424
250 118 46 69 0.010801336
372 478 75 86 0.010800262
129 346 18 20 0.010782946
397 178 32 31 0.010780201
147 735 8 9 0.010775201
471 513 51 30 0.010774522
773 466 31 32 0.010772954
194 355 93 108 0.010770912
323 241 47 50 0.0107656475
851 670 24 35 0.010764642
949 419 45 65 0.010756478
651 507 24 25 0.0107534
239 730 65 47 0.010752978
572 18 52 74 0.01075178
129 358 35 43 0.010747233
428 152 51 59 0.01074596
714 732 66 45 0.010745046
262 93 46 70 0.010740924
549 20 88 117 0.0107377665
342 471 72 85 0.0107368035
315 537 47 57 0.010732209
623 497 33 33 0.010724304
529 307 24 39 0.010722248
167 357 71 98 0.010721563
276 424 54 74 0.010721255
216 716 11 10 0.010720488
684 510 74 80 0.010718727
587 191 26 39 0.010717184
992 718 25 34 0.010705668
348 432 50 66 0.0107056135
103 348 17 22 0.010705187
858 297 86 99 0.0107050575
0 723 48 54 0.010701019
778 440 73 84 0.01069652
269 325 25 34 0.0106897885
6 0 81 85 0.010682602
1 375 38 63 0.010679383
363 647 45 60 0.0106786
250 66 40 54 0.0106760375
927 256 45 74 0.010673973
6 47 83 121 0.010672336
250 665 26 33 0.01067017
228 723 12 16 0.010667469
1019 658 5 42 0.0106621785
71 149 19 15 0.010661404
0 0 34 47 0.010658809
823 647 142 130 0.0106587475
159 740 44 37 0.010646632
187 341 50 49 0.010643094
231 715 10 12 0.01064008
333 154 138 190 0.010639729
436 314 43 40 0.0106383385
779 452 43 43 0.010631535
0 645 24 43 0.010626592
777 457 29 28 0.010625078
611 472 21 21 0.010622868
298 722 31 41 0.010620313
551 595 88 104 0.010614124
103 483 57 79 0.010610146
0 500 47 80 0.010605585
132 330 36 47 0.010600566
143 387 17 17 0.010600363
218 495 46 74 0.010599987
291 585 7 10 0.0105911335
731 17 53 73 0.010589512
675 466 8 10 0.0105862515
0 612 5 13 0.010583476
837 580 48 58 0.010581689
192 41 169 240 0.0105785895
186 723 8 10 0.010573914
676 487 25 35 0.010572981
600 492 31 29 0.010571759
1004 534 20 58 0.01056462
583 466 26 24 0.010560381
317 687 19 20 0.010558589
209 313 91 91 0.010552753
311 499 50 54 0.010552729
369 73 90 120 0.010550716
201 697 9 12 0.010548471
645 177 45 60 0.010546827
559 740 55 37 0.010542542
279 558 29 27 0.010541219
1022 136 2 37 0.010539545
267 5 96 105 0.010539057
176 721 8 10 0.010538364
136 339 18 20 0.01053747
359 511 49 57 0.010528538
240 7 49 67 0.010526408
230 96 184 240 0.0105249565
798 587 77 94 0.010524209
77 570 14 16 0.0105231535
982 55 42 116 0.010513992
946 443 29 40 0.010512582
595 479 16 21 0.010510167
337 510 46 56 0.010510129
902 705 51 64 0.010509548
327 730 37 38 0.010508745
578 562 93 102 0.010506852
796 535 53 61 0.010506408
879 318 85 104 0.010504856
922 732 27 38 0.010502773
968 683 15 17 0.010494565
140 475 78 101 0.010490635
211 74 88 122 0.010488223
320 700 32 36 0.010486673
493 438 136 155 0.010486362
1020 181 4 31 0.010484729
149 342 7 9 0.010473513
473 744 53 33 0.010471263
646 547 36 46 0.010470135
394 107 106 134 0.010467823
901 448 45 54 0.010467283
358 11 54 80 0.010463801
587 689 95 88 0.01046085
542 252 171 152 0.010459513
149 162 10 12 0.01045802
923 414 48 66 0.010453577
749 459 40 49 0.01044941
305 673 17 20 0.010446501
921 24 103 227 0.010443769
1008 167 16 50 0.0104339
1016 767 8 10 0.010431613
120 473 70 88 0.010427108
719 482 15 24 0.010424907
283 700 9 9 0.010418742
523 232 42 55 0.010413389
121 338 23 26 0.010406483
173 0 55 48 0.010398378
770 521 53 60 0.010396781
658 698 98 79 0.010385701
759 504 57 41 0.010375657
389 270 54 66 0.010372007
214 115 45 68 0.010368159
0 384 49 92 0.010367516
815 354 83 104 0.010364736
440 174 70 88 0.010356122
349 554 28 38 0.010349537
111 293 41 60 0.010346379
883 4 56 78 0.010346364
607 473 9 10 0.010344086
552 336 74 90 0.0103410855
547 650 87 111 0.010335202
608 304 56 59 0.010332978
310 678 7 9 0.010313468
451 531 55 62 0.0103033595
879 603 25 32 0.010302476
814 630 50 57 0.010299011
149 717 17 18 0.01029558
587 472 8 11 0.010295296
127 334 9 11 0.010290104
383 471 46 55 0.010286914
155 762 29 15 0.010286779
271 603 21 42 0.010278542
129 252 16 19 0.010277057
309 561 33 35 0.010276791
523 2 58 65 0.010271958
102 254 41 48 0.010254978
583 329 51 60 0.010251386
166 761 29 16 0.01024909
796 18 92 124 0.010244621
57 159 16 16 0.010243922
541 340 36 26 0.010240455
609 371 26 28 0.010240175
151 93 150 234 0.010238958
285 448 55 68 0.010238048
396 760 10 11 0.010235213
30 70 87 114 0.010233358
564 577 34 35 0.010231513
397 461 73 85 0.010231165
661 348 81 104 0.0102244755
309 701 10 10 0.010223817
702 419 71 91 0.010223577
358 393 52 74 0.010222453
613 252 88 96 0.010206918
276 246 148 187 0.010202228
282 505 65 70 0.010201501
323 10 98 121 0.010188862
506 157 71 91 0.01018469
516 394 60 74 0.010182492
1009 333 15 58 0.010179813
136 376 23 28 0.010178516
466 275 345 379 0.010174562
579 141 71 89 0.010173884
207 459 53 86 0.010171231
534 342 52 50 0.010167651
657 466 21 25 0.010166766
35 565 42 53 0.010164414
787 454 28 27 0.0101615265
472 399 49 61 0.010161228
347 690 12 13 0.010158679
272 558 143 181 0.010154593
205 86 43 64 0.010154303
603 168 53 66 0.010152505
301 237 77 106 0.01015086
204 710 10 13 0.010150834
964 733 24 34 0.010150486
243 403 93 106 0.0101481145
996 429 28 71 0.01014757
190 605 67 86 0.010145624
44 156 51 61 0.010144966
710 679 49 67 0.010144716
0 269 7 17 0.010144656
470 356 153 186 0.010144049
526 272 32 45 0.010141421
1023 126 1 36 0.010140464
379 736 11 15 0.0101383235
765 507 36 28 0.010136672
60 290 30 42 0.010132365
148 669 7 9 0.01013088
715 459 22 31 0.010128926
725 202 118 144 0.010122827
472 180 51 68 0.0101214405
287 476 32 37 0.01012039
330 267 24 25 0.010117495
789 202 36 60 0.0101160295
431 470 47 53 0.010113115
207 704 9 9 0.010112218
0 271 35 93 0.010111141
366 716 33 38 0.010110203
948 700 41 49 0.010110181
224 744 57 33 0.010110136
537 298 19 25 0.010106691
62 577 36 43 0.010103278
0 342 29 43 0.010100514
644 207 48 63 0.010096792
774 132 194 219 0.010091792
1016 441 8 47 0.0100915795
162 735 7 9 0.010090497
562 191 49 63 0.010089852
102 0 71 67 0.010088629
318 598 32 39 0.010087087
301 653 25 28 0.010086604
237 103 46 71 0.010083583
960 568 64 92 0.010082899
995 48 29 84 0.010079972
378 215 147 160 0.010075406
443 439 71 82 0.010074032
976 754 41 23 0.010072828
905 0 56 59 0.010072147
986 680 25 30 0.010070019
813 25 51 80 0.010068115
163 716 8 9 0.010066778
290 595 46 52 0.010060121
676 506 27 25 0.010052798
434 255 74 89 0.010051905
329 657 11 15 0.010050104
285 762 36 15 0.010049615
100 232 65 94 0.010048024
278 696 10 11 0.010047828
679 531 40 48 0.010047093
0 732 25 45 0.010042041
210 721 10 10 0.01003714
0 706 5 11 0.010035562
685 461 15 20 0.010029821
299 493 76 87 0.010025618
591 471 9 9 0.010025436
225 637 35 24 0.010024708
44 589 50 63 0.010023932
305 264 28 27 0.010019384
279 478 50 58 0.010017571
590 554 24 44 0.010015831
881 710 21 22 0.01001553
277 0 35 20 0.010015331
164 466 139 175 0.010015239
903 342 82 105 0.010011734
810 512 33 34 0.010010329
1001 175 23 79 0.010008702
195 710 8 9 0.010006937
335 273 50 59 0.010006934
945 383 50 70 0.010006853
763 0 32 33 0.010004321
963 432 46 63 0.01000219
375 0 38 30 0.010002096