56_Voter_peoplevoting_56_346
493
466 180 151 195 0.87294894
752 0 272 284 0.031113582
458 247 162 209 0.031054499
917 0 107 149 0.03097995
470 47 199 276 0.030049484
369 0 13 9 0.027034989
0 0 201 277 0.026905837
740 1181 284 357 0.026017742
931 1386 93 152 0.025175324
539 168 183 239 0.02498998
371 6 13 14 0.024877798
247 185 226 293 0.024540482
458 610 26 35 0.02351164
0 0 104 134 0.023300737
7 1191 390 347 0.022827145
496 1357 173 181 0.02250826
410 0 373 279 0.022212738
635 382 23 24 0.022209276
497 0 191 142 0.021571156
175 101 344 466 0.02111194
961 0 63 87 0.021107018
480 343 217 271 0.020966448
0 1254 152 284 0.020705534
0 72 141 345 0.02062877
0 1367 113 171 0.02052712
0 37 113 223 0.019921307
675 0 201 156 0.019735543
789 0 211 163 0.019649914
415 318 135 165 0.019633343
433 703 28 17 0.019506749
0 794 108 230 0.019416954
748 137 276 469 0.01927462
386 121 268 349 0.01896299
833 1324 191 214 0.018882468
424 1421 118 117 0.018860033
970 1465 54 73 0.01867468
384 0 190 147 0.018596666
10 171 194 346 0.018570738
382 322 226 287 0.018538661
767 727 257 487 0.0184991
431 116 148 206 0.018482992
524 316 134 166 0.018467626
495 128 118 175 0.018309522
901 756 123 301 0.0180988
81 0 198 143 0.018069752
0 0 66 89 0.018025432
450 404 281 338 0.017923445
731 1347 231 191 0.017724784
205 0 188 144 0.017563052
457 0 162 117 0.017542517
53 121 329 470 0.017406553
449 1197 324 341 0.01730185
909 336 115 300 0.017208254
324 0 14 9 0.017148588
278 1222 365 316 0.01712699
640 0 162 122 0.017105037
574 0 163 116 0.017096462
78 1372 201 166 0.016977768
755 485 269 477 0.016966939
688 539 17 23 0.016911525
890 857 134 323 0.016846463
336 0 291 225 0.01670502
880 41 144 311 0.016585445
561 0 320 220 0.016565295
0 858 172 299 0.016486598
21 1436 135 102 0.016392246
922 442 102 292 0.016391365
920 664 104 277 0.016255938
313 0 13 9 0.016241923
232 197 140 209 0.016192159
0 236 116 248 0.016058857
746 0 178 128 0.01601066
415 870 128 132 0.015792074
729 708 135 195 0.015729986
886 981 138 313 0.015711047
146 182 188 280 0.01570425
616 1351 219 187 0.0155966235
896 203 128 321 0.015472629
168 0 368 245 0.015381579
435 922 90 79 0.015358361
878 1164 146 323 0.015323051
0 0 14 17 0.015309571
1007 1503 17 35 0.015261676
375 0 13 11 0.015250793
679 692 122 188 0.015173763
0 1452 62 86 0.015170902
0 147 99 211 0.015150321
821 0 146 102 0.015048461
407 826 353 475 0.015008226
273 0 161 118 0.015006727
16 958 339 508 0.014965515
716 0 114 84 0.0149639975
161 0 162 114 0.014931291
301 0 13 10 0.014913757
0 975 172 317 0.014889563
1022 0 2 22 0.014823731
353 168 180 235 0.01477131
340 0 162 120 0.014768413
76 221 210 305 0.014751158
272 0 104 76 0.014725623
62 879 206 280 0.014675415
190 1377 202 161 0.01465281
821 673 203 323 0.01452437
599 905 22 15 0.014493716
115 0 124 97 0.014468634
189 0 16 10 0.014444989
421 0 109 79 0.014427053
363 0 14 9 0.014407271
201 613 208 270 0.014374751
3 1035 121 196 0.014249493
161 1418 145 120 0.01421968
531 1305 213 233 0.0142168505
937 907 87 220 0.01421411
13 754 138 194 0.014164168
508 283 97 106 0.014152993
784 999 240 435 0.014123664
733 939 220 298 0.014109274
0 1105 171 297 0.014103066
50 1370 134 138 0.014073617
220 0 94 69 0.014060126
1021 1522 3 16 0.014024951
33 0 169 122 0.014013875
943 193 81 218 0.013949411
567 1402 147 136 0.013943225
0 0 27 33 0.013943147
0 653 109 269 0.013921577
163 297 139 202 0.013917826
368 0 15 16 0.013870397
1023 1526 1 12 0.013793402
703 1407 160 131 0.013757045
0 303 170 319 0.013692375
0 0 43 55 0.013692277
941 836 83 182 0.013683593
170 0 15 9 0.013681332
959 606 65 166 0.0136744315
321 350 369 454 0.0136694675
182 541 379 497 0.013660189
557 1151 66 77 0.013645792
330 1378 185 160 0.013614538
544 1135 96 118 0.013606802
520 1425 120 113 0.013497376
80 1439 140 99 0.013493371
546 67 199 262 0.013480303
320 1215 22 21 0.013463734
183 1269 327 269 0.013458349
259 663 205 259 0.013448219
936 1029 88 216 0.01344295
397 569 403 488 0.013430278
935 76 89 223 0.013422407
410 476 23 32 0.01341302
527 110 373 452 0.013400797
385 1148 162 223 0.013390614
954 538 70 178 0.013368223
197 249 135 172 0.013366088
802 390 222 391 0.013352461
235 307 249 330 0.013342872
0 459 108 272 0.013336155
926 1276 98 221 0.01329654
685 896 191 250 0.013296209
322 894 203 244 0.013288511
169 152 130 168 0.013242131
665 1228 231 285 0.0132349115
779 0 112 80 0.013231868
1003 0 21 42 0.013226774
0 762 76 189 0.013194241
149 520 209 306 0.0131902
676 552 35 36 0.0131785795
315 924 347 482 0.01316349
291 212 117 164 0.013101601
691 1005 205 282 0.013098467
511 1157 173 242 0.013094904
284 1419 140 119 0.013088707
0 608 181 489 0.013074191
196 0 15 10 0.013072368
139 111 132 177 0.013016858
490 691 378 477 0.013006648
375 1000 199 263 0.0129858265
153 0 110 72 0.012985663
60 981 231 314 0.012985051
79 0 304 221 0.012967204
725 92 228 297 0.012917327
501 527 189 189 0.012912513
0 900 95 214 0.012880027
710 148 133 180 0.012866974
411 1227 108 152 0.012846103
247 396 154 167 0.012845612
543 933 204 258 0.012841081
655 1270 28 42 0.012788947
434 710 22 19 0.012773188
27 1336 124 141 0.01275625
773 605 201 269 0.012707725
61 1248 218 260 0.012685803
177 335 378 496 0.012684914
202 711 137 179 0.012652758
217 447 155 168 0.012647471
495 1009 196 258 0.012631602
499 372 375 445 0.012626949
132 249 138 190 0.012613401
265 907 136 176 0.012606199
553 1086 341 452 0.01258946
795 1432 139 106 0.012585512
945 1165 79 168 0.012573427
70 0 15 9 0.012567173
759 759 134 180 0.012559201
326 300 179 229 0.012545247
590 745 124 150 0.012539191
972 224 52 131 0.012536171
214 75 186 259 0.012505572
191 841 384 498 0.012481096
668 0 105 83 0.012443148
0 504 69 186 0.012423775
73 1041 155 188 0.012418918
231 1438 139 100 0.012417126
450 959 50 43 0.012410699
766 168 131 189 0.012407174
725 1083 231 318 0.012380243
674 54 218 270 0.01234897
221 294 151 183 0.012343127
434 941 210 251 0.012334721
611 667 133 182 0.012325632
450 546 129 149 0.01231833
17 803 177 245 0.012303709
261 938 194 258 0.012299097
31 0 111 77 0.012265181
145 0 14 9 0.012260355
140 317 203 299 0.012257557
513 1259 132 171 0.01225681
121 1348 112 118 0.012228121
6 1151 121 188 0.012228046
940 1229 84 181 0.012217942
249 551 204 272 0.012212053
506 593 123 147 0.012208101
122 933 218 290 0.012173907
959 674 65 168 0.012171075
70 1469 94 69 0.012157574
415 930 132 139 0.0121303545
367 858 132 146 0.012127408
296 0 63 42 0.01211513
359 0 12 9 0.012114207
135 181 137 181 0.012099218
945 423 79 177 0.012092657
519 46 137 177 0.012088569
368 0 107 80 0.012071301
524 648 84 94 0.012066292
513 0 110 80 0.012053606
471 390 136 163 0.012037844
412 793 134 155 0.012029239
265 132 175 241 0.012028478
48 739 336 497 0.012022311
0 0 9 12 0.012020961
971 15 53 133 0.0120009715
124 1376 58 62 0.011996666
44 1095 147 194 0.011995586
587 264 127 162 0.011983015
869 601 155 277 0.011968564
318 758 209 247 0.011956758
341 1214 15 18 0.011955581
943 335 81 176 0.011954108
76 24 148 186 0.011948671
346 10 8 10 0.011939416
423 709 217 252 0.011935193
658 1177 16 28 0.011920917
354 0 13 9 0.011912891
523 381 143 164 0.011909607
99 633 191 275 0.011907968
702 536 20 22 0.011885068
740 839 204 251 0.0118750455
0 312 74 203 0.011867614
1011 0 13 27 0.011840977
0 861 66 179 0.011840558
508 715 199 235 0.01179217
545 296 81 96 0.011772201
208 760 186 243 0.011765716
853 1437 134 101 0.011762754
202 121 128 168 0.011735516
558 295 191 232 0.011734077
184 0 14 10 0.011717363
0 689 71 182 0.011700645
552 246 115 143 0.011697878
492 894 199 239 0.011688619
549 591 209 253 0.011685317
114 319 138 235 0.011683029
445 1069 191 249 0.011634751
520 1103 151 202 0.011625745
296 0 13 9 0.011622838
556 1079 183 250 0.011588148
126 0 13 9 0.01158783
307 23 10 14 0.011587634
396 478 95 123 0.01157843
164 0 15 10 0.011576012
369 1186 119 158 0.011565416
316 561 129 163 0.011565206
403 475 211 242 0.0115566235
972 1070 52 122 0.011554444
149 542 132 165 0.0115509955
112 0 14 10 0.011544759
635 381 17 16 0.011543279
551 834 201 247 0.011531227
232 1 63 41 0.011530498
0 1078 92 230 0.011504182
747 216 183 234 0.0114858635
517 705 33 37 0.011480858
794 119 132 181 0.0114765465
612 891 196 247 0.011473914
524 1179 26 30 0.011445768
746 988 131 175 0.011444072
445 767 124 141 0.011441263
755 467 112 149 0.0114341825
745 637 149 207 0.011431634
398 169 112 166 0.011425187
442 552 218 245 0.011414581
681 99 129 177 0.011379976
391 0 14 9 0.011376047
683 1281 135 178 0.01133097
654 845 370 510 0.011311213
967 1318 57 122 0.01131035
656 689 23 21 0.011301262
81 107 142 185 0.011299274
204 0 15 9 0.011297549
990 3 34 109 0.011289875
580 1091 28 50 0.0112835
641 1061 16 16 0.01126576
712 969 129 161 0.011264037
213 0 16 11 0.011260319
192 885 81 106 0.011253827
956 1000 68 152 0.011233004
274 311 156 202 0.011231226
0 215 69 173 0.011229676
573 0 106 78 0.01122834
88 430 354 505 0.011228332
349 644 223 261 0.011228165
618 627 40 53 0.011224816
461 0 91 63 0.011219395
381 839 196 214 0.0112160165
129 0 65 40 0.011207898
955 788 69 160 0.011194162
131 854 183 243 0.011183556
0 1202 92 221 0.011176963
49 731 133 168 0.0111574745
72 58 210 287 0.011149164
169 467 140 169 0.011145844
635 1136 101 140 0.011143679
315 472 202 259 0.011140004
36 979 155 191 0.011122893
444 0 13 10 0.011121693
0 616 89 186 0.011092127
192 1467 94 71 0.011091092
235 948 140 188 0.011089505
339 779 324 397 0.011076929
446 482 134 159 0.011049805
113 871 136 164 0.011048134
590 721 18 19 0.011048082
493 0 59 41 0.0110377995
347 451 132 164 0.011036103
108 1379 88 93 0.011019758
70 239 147 202 0.01101656
173 1332 130 144 0.011013216
389 557 114 141 0.0110104885
420 577 117 142 0.010999366
169 979 73 98 0.010990144
662 19 128 176 0.010987482
534 114 44 42 0.010973148
966 951 58 124 0.010968234
0 5 8 19 0.010966783
194 395 210 294 0.010948517
601 1082 12 14 0.01094376
337 731 150 183 0.010920922
0 369 94 214 0.010914017
387 977 120 147 0.010898509
396 1257 168 239 0.010890149
709 1130 136 179 0.0108879395
332 1207 23 26 0.010882459
152 686 130 176 0.01088027
290 703 133 176 0.010864139
464 185 70 118 0.010848377
906 494 19 24 0.010831605
178 856 77 103 0.01080271
413 392 133 163 0.010799344
291 0 12 9 0.010796374
780 522 115 158 0.0107952645
0 972 74 194 0.010788823
319 231 76 105 0.010784867
134 1468 93 70 0.010783039
702 858 150 182 0.010768543
959 1114 65 152 0.010768358
620 615 113 145 0.010767616
188 993 205 278 0.0107441135
660 542 63 70 0.010741542
523 685 77 82 0.010732919
780 269 113 162 0.010717181
686 1056 124 167 0.010698797
703 761 145 196 0.010692056
386 494 65 83 0.010660229
517 1073 107 136 0.0106486855
202 35 143 175 0.010642557
0 582 60 150 0.010637436
562 610 121 138 0.010626447
968 504 56 128 0.010623003
431 0 59 42 0.010591077
611 1104 103 136 0.010573463
774 936 132 171 0.010569771
627 736 184 245 0.010564416
86 0 15 9 0.010549008
219 0 16 11 0.010539624
49 1181 137 187 0.010538854
589 97 130 176 0.010534839
970 84 54 124 0.010512581
462 888 133 140 0.010512324
195 510 144 163 0.010505907
738 97 132 180 0.010505897
537 1474 94 64 0.010503962
263 824 202 252 0.010500939
413 927 59 64 0.010497687
737 490 193 275 0.010496833
300 436 127 144 0.010481367
0 1290 73 173 0.010475634
88 369 205 318 0.010459016
432 0 14 10 0.010454499
115 1100 218 282 0.010451656
644 526 94 109 0.0104486635
182 235 106 140 0.010446925
352 1440 120 98 0.01044248
457 818 143 162 0.010432146
655 1163 118 163 0.010403927
204 904 139 170 0.010400395
385 0 13 9 0.010384667
230 1404 38 27 0.01038354
764 23 141 184 0.010383085
971 749 53 127 0.010382602
665 629 310 371 0.010378443
647 614 66 76 0.010375277
465 0 58 41 0.010363655
260 513 140 166 0.010354512
654 1094 120 164 0.010352429
135 36 141 177 0.010350489
479 974 117 129 0.010348256
349 1241 14 22 0.010343825
634 1123 192 268 0.010335982
522 1172 44 50 0.01033509
0 822 52 150 0.010331988
0 112 76 142 0.010330277
387 774 124 130 0.010328243
709 55 132 184 0.010322002
282 1469 94 69 0.010319684
34 178 139 205 0.010318297
415 1462 83 76 0.0103098145
439 709 15 12 0.010281913
23 135 109 164 0.010264208
247 176 107 134 0.010262926
75 1361 94 92 0.010260542
801 886 131 164 0.01025531
0 1180 59 143 0.010253779
184 927 78 106 0.010248827
20 901 119 166 0.010244808
203 442 80 109 0.01024339
0 1389 70 99 0.010238265
570 1464 92 74 0.010238086
3 0 15 10 0.010237365
215 206 103 131 0.010227945
364 1263 129 151 0.010218943
697 617 120 178 0.010202141
138 0 15 9 0.010191364
120 507 124 168 0.010179729
235 1335 127 137 0.0101768
63 0 15 10 0.010174653
726 217 106 147 0.010172739
100 990 149 178 0.010168784
547 768 120 129 0.010158027
807 297 120 169 0.010156244
734 1247 145 190 0.010141211
656 154 124 165 0.010116394
1020 0 4 31 0.01010572
796 973 134 191 0.010090619
361 802 117 133 0.010088362
716 0 58 41 0.010076386
497 480 145 169 0.010070753
427 503 15 26 0.010049376
342 606 123 159 0.010047691
725 434 111 147 0.010046832
762 1300 146 190 0.010039608
496 1127 105 130 0.010031385
473 1171 147 195 0.010031302
51 0 13 9 0.010031223
998 1481 26 57 0.010030861
173 436 78 121 0.010027567
230 1112 129 163 0.010026098
291 611 136 181 0.010019343
761 257 97 136 0.010015826
575 674 123 146 0.010015516
423 742 117 126 0.010015362
49 330 148 219 0.010012582
476 1024 112 136 0.010009766
0 1527 13 11 0.010003596