56_Voter_peoplevoting_56_531
787
604 119 88 118 0.8362919
475 152 53 81 0.41908398
419 149 100 91 0.13982263
794 0 34 34 0.13121906
450 119 86 117 0.08165643
413 147 56 88 0.06458881
915 425 24 28 0.064216174
337 310 164 212 0.06234775
460 174 66 85 0.061518025
864 118 70 85 0.061474312
560 381 43 51 0.0587379
426 640 40 53 0.057425994
493 123 46 102 0.057082854
553 466 62 62 0.05363556
376 164 109 102 0.05240426
149 0 52 49 0.048250668
385 137 141 157 0.047673278
662 247 109 149 0.04614128
373 374 103 152 0.041029993
134 0 78 73 0.039807305
773 0 61 56 0.038037654
50 2 116 119 0.037364826
389 440 79 91 0.036003605
555 111 108 132 0.035471357
954 200 29 37 0.03525363
87 0 109 87 0.03502921
768 158 12 15 0.034436997
585 60 106 153 0.033723414
488 184 33 53 0.032633524
491 165 62 80 0.032352142
425 616 50 66 0.031605143
871 148 49 57 0.030712785
919 431 26 32 0.030512094
494 379 43 74 0.030496819
140 1 113 107 0.030459663
430 104 81 110 0.030201333
634 146 76 94 0.029544616
883 196 18 25 0.027322812
0 1 142 169 0.026778882
153 0 39 28 0.026650477
423 637 31 39 0.026645346
614 175 106 139 0.026360916
485 189 52 75 0.026280528
922 420 23 28 0.025391666
602 129 67 70 0.025060177
614 82 68 105 0.024712952
107 7 104 138 0.024707368
422 131 59 71 0.024469022
846 518 178 250 0.024357678
859 133 51 59 0.02396519
173 0 67 53 0.023605986
448 202 85 113 0.023564054
925 0 99 103 0.023527967
431 654 26 33 0.023467315
243 0 68 52 0.023313431
646 236 88 124 0.023122897
24 0 102 90 0.02309556
800 0 21 24 0.022907488
630 494 37 53 0.02289515
435 646 61 67 0.022688808
175 294 272 295 0.022499522
884 132 72 81 0.022358397
246 0 39 26 0.022143371
463 660 50 71 0.022041019
911 393 19 23 0.022016615
440 651 34 41 0.02197463
462 322 84 134 0.021863021
612 169 73 93 0.021600017
567 488 46 54 0.021500027
408 359 103 148 0.021394797
359 421 141 145 0.021294627
474 177 104 134 0.021210268
323 328 113 142 0.02111628
955 198 16 18 0.021090759
859 140 75 110 0.020957306
21 0 278 216 0.020926433
392 0 110 86 0.020918537
750 0 64 47 0.02067447
402 184 94 122 0.020523354
819 0 103 87 0.020501485
392 480 66 60 0.020413823
425 103 153 171 0.02041244
580 152 26 33 0.02040846
0 0 86 107 0.02034747
329 86 223 236 0.020242376
350 420 98 103 0.020098343
372 233 147 226 0.019905264
804 6 32 40 0.019817095
816 0 58 49 0.01972465
837 80 116 142 0.019681258
435 646 27 29 0.019637212
73 0 78 64 0.019617435
180 0 108 78 0.019569438
469 0 139 108 0.019468438
571 372 44 53 0.019432742
849 31 93 132 0.0194166
820 116 89 107 0.019400273
221 0 105 90 0.019341007
580 182 96 122 0.019247908
436 193 67 74 0.019185714
736 2 90 106 0.019150399
561 0 132 157 0.01908711
955 196 23 26 0.018988885
294 156 217 233 0.018954357
936 695 88 73 0.018834166
364 63 164 175 0.018791245
0 663 77 105 0.018719932
665 706 83 62 0.018623225
545 445 92 105 0.018476252
356 0 96 72 0.018464448
444 24 161 186 0.018393276
0 514 161 254 0.018277938
910 429 19 23 0.018206151
173 281 104 149 0.01819304
242 0 28 20 0.018134786
661 238 40 94 0.018120956
553 393 47 59 0.018106576
829 0 195 215 0.018085163
761 132 47 60 0.018059127
91 488 337 280 0.018037478
78 38 107 139 0.01793965
881 139 41 44 0.017916717
860 570 46 73 0.017834838
241 637 23 27 0.017792102
670 214 90 115 0.01773312
888 112 48 64 0.017623875
438 0 95 72 0.017600192
104 0 69 54 0.017510852
970 0 54 62 0.017328514
418 296 109 153 0.017313384
390 494 50 67 0.01727012
720 322 119 125 0.0172661
564 472 18 19 0.017246246
957 19 67 124 0.01720273
632 89 85 118 0.017198786
978 721 46 47 0.017185947
536 529 23 28 0.017161377
427 662 25 34 0.017158221
421 449 63 78 0.0171521
363 496 307 272 0.01715003
6 42 157 217 0.01708713
278 327 111 129 0.017074108
257 0 107 101 0.017043281
947 550 77 161 0.017014649
432 0 58 55 0.017006086
522 0 117 86 0.016999256
564 367 34 48 0.016980875
758 20 87 122 0.016935823
516 132 73 96 0.016914336
595 0 138 114 0.01688987
481 218 66 89 0.016865663
712 273 115 125 0.016863484
409 142 43 62 0.016854987
464 113 57 81 0.016791733
133 281 98 146 0.016777955
368 96 98 115 0.016724689
789 11 34 43 0.016723936
374 176 62 79 0.01665082
421 143 29 38 0.016592497
836 0 66 53 0.016551197
480 619 143 149 0.016538521
534 535 13 18 0.016510524
879 184 14 17 0.016442148
652 174 68 81 0.016411765
564 467 40 39 0.016397372
869 110 107 137 0.01620795
286 0 138 107 0.016198678
540 152 93 113 0.016128717
447 624 103 116 0.016119791
257 402 311 366 0.016089
602 83 136 178 0.016085679
914 434 18 25 0.01605425
865 248 43 56 0.016025338
460 157 53 59 0.016024172
184 1 149 146 0.016019378
945 198 47 59 0.016004246
885 154 29 32 0.015965657
807 0 27 27 0.015957627
918 596 106 172 0.015916111
636 126 131 164 0.015881633
640 200 55 70 0.01581204
645 0 140 106 0.01580064
151 238 104 148 0.01578437
860 147 32 40 0.015780203
545 82 94 123 0.015745124
314 381 101 123 0.015736232
0 354 45 76 0.015699364
508 406 26 45 0.015686678
780 9 89 103 0.015649626
487 282 86 145 0.015615378
949 244 15 17 0.015603184
556 227 133 176 0.015583658
905 431 45 56 0.01557461
356 167 58 73 0.015557778
148 65 159 208 0.01554927
854 411 79 101 0.015543834
766 0 39 31 0.015516698
502 172 34 53 0.015485681
790 14 46 62 0.015484855
642 224 65 84 0.015473499
396 189 65 86 0.015470629
689 666 141 102 0.015454396
390 0 259 283 0.01544717
575 0 97 71 0.015432271
926 431 16 20 0.015399271
137 379 253 272 0.015370928
0 0 51 69 0.015364752
869 169 41 54 0.015347058
490 408 47 70 0.015307898
295 0 284 215 0.01530648
530 535 25 32 0.015296678
890 411 50 62 0.015290779
917 458 107 204 0.015277224
409 127 23 44 0.015271487
635 435 78 100 0.015234374
791 0 21 22 0.015188446
395 310 171 226 0.015061722
533 477 79 86 0.015053694
397 0 67 61 0.015005608
942 431 82 125 0.014987602
437 243 99 152 0.014974437
102 235 105 142 0.014944637
319 164 103 115 0.014867164
816 197 29 37 0.014835118
5 208 92 130 0.014834195
553 513 54 57 0.014751162
545 529 52 54 0.0147480685
491 0 264 212 0.014733775
148 3 234 217 0.014706225
428 651 157 117 0.014690942
373 668 150 100 0.014629019
43 0 64 56 0.014617599
862 151 13 20 0.014609318
685 194 127 169 0.014595687
861 0 101 95 0.014568436
760 383 110 132 0.014554124
407 616 93 113 0.014531109
534 527 40 45 0.014524527
463 228 56 72 0.014522725
5 336 81 101 0.014495771
168 0 30 37 0.014487953
475 74 74 125 0.014443925
716 0 94 68 0.014439451
904 176 120 198 0.01441436
881 65 87 119 0.014408135
161 15 58 79 0.014375329
995 450 20 28 0.014365138
733 0 56 43 0.014361583
658 721 59 47 0.014349291
822 211 34 36 0.014346584
120 204 109 136 0.01431634
870 137 136 188 0.0142431855
981 132 43 88 0.014208792
2 455 284 313 0.014202276
949 217 14 16 0.014165946
129 715 90 53 0.0141622955
81 226 290 326 0.014161328
1000 748 24 20 0.014125369
413 111 47 81 0.014111462
445 376 90 122 0.014109312
152 323 101 144 0.014102226
150 115 291 333 0.014050881
708 705 102 63 0.014042072
992 7 32 70 0.014027464
3 115 91 133 0.014005413
111 330 96 137 0.013977784
219 663 106 105 0.013977603
470 231 89 124 0.013971186
0 119 129 208 0.013963323
666 209 53 66 0.013959368
618 0 96 70 0.013900256
48 584 26 37 0.013881279
853 0 80 63 0.013852779
17 676 149 92 0.01383931
420 591 53 70 0.013794345
802 28 98 119 0.013784613
188 14 61 81 0.013758019
539 450 64 64 0.0137436
532 43 199 270 0.013742671
174 206 98 134 0.013740957
958 213 28 40 0.013706065
425 589 73 103 0.013658231
771 158 15 16 0.013641084
686 323 100 127 0.013631885
46 123 165 213 0.01362253
909 155 54 70 0.013604797
861 658 153 110 0.013598312
541 337 84 121 0.013577843
502 196 63 83 0.013560107
444 43 90 129 0.013537921
189 533 103 128 0.0135273095
763 95 68 95 0.013522791
670 131 77 100 0.013504881
393 727 66 41 0.013480833
506 400 46 65 0.013465996
147 36 108 136 0.013457541
500 134 33 56 0.0134542845
416 646 34 41 0.013443027
127 396 104 138 0.01344218
578 506 281 262 0.013438375
410 389 65 104 0.013420901
990 412 34 65 0.0134114595
870 195 13 17 0.013406958
365 302 110 134 0.013399873
221 0 63 49 0.01339266
963 71 61 138 0.013372785
615 24 155 194 0.013349419
183 516 155 201 0.013348622
0 209 130 203 0.013342515
753 291 105 132 0.013330734
72 688 136 80 0.013312036
626 123 51 61 0.013301472
419 168 36 53 0.013299472
579 454 82 85 0.013295367
461 0 53 56 0.013282061
891 0 44 31 0.013261837
270 61 94 123 0.013214453
613 450 72 88 0.01321401
76 202 109 139 0.01321294
968 485 56 123 0.013212206
421 0 127 143 0.013208036
913 255 111 190 0.01320259
638 96 55 73 0.013186817
879 201 23 33 0.013177938
0 597 19 27 0.0131649515
820 22 55 67 0.013160664
935 135 51 65 0.013155599
193 246 101 141 0.013146956
912 89 112 198 0.013134552
208 97 123 159 0.01310312
668 0 95 67 0.013099334
837 201 27 34 0.013094421
335 0 134 132 0.013082943
147 475 156 197 0.01307612
367 202 246 310 0.013076111
652 641 127 127 0.013071987
408 40 46 55 0.013059275
843 336 90 113 0.013054202
0 481 65 114 0.013051259
969 652 55 113 0.013043683
544 660 148 108 0.013040918
855 239 14 18 0.01303621
803 89 16 17 0.013021997
663 439 50 57 0.013021581
455 143 49 55 0.012994514
467 216 132 201 0.012994313
995 0 29 33 0.012986993
90 158 111 138 0.01297277
718 371 104 109 0.012941916
611 676 121 92 0.012939908
720 611 157 157 0.012911342
56 88 104 136 0.012902217
676 0 281 217 0.012885727
320 434 103 107 0.012884897
789 318 127 156 0.012881994
538 538 15 17 0.012871865
19 30 92 117 0.012870886
973 418 51 99 0.01286701
197 580 91 116 0.012865686
248 331 184 188 0.01286197
672 425 82 98 0.01285868
430 647 20 24 0.012848841
303 102 155 168 0.01282077
478 456 60 69 0.012799204
372 0 53 47 0.0127931675
2 60 94 141 0.0127373645
868 430 93 124 0.012733189
178 162 100 127 0.012732107
610 624 41 54 0.012729665
831 66 193 387 0.012722779
304 278 106 132 0.012718841
155 677 136 91 0.012713301
284 663 154 105 0.012681206
2 261 90 131 0.012669979
110 653 134 115 0.012661524
730 0 36 30 0.012646963
332 472 144 171 0.012638424
744 144 71 85 0.012605058
812 217 48 67 0.012596867
500 340 57 95 0.012585963
107 74 99 123 0.012546963
798 410 100 122 0.012534987
197 329 115 145 0.0125259785
417 18 50 67 0.0125220595
653 667 13 16 0.012514155
751 428 83 101 0.0125105865
300 423 155 170 0.012484009
776 153 13 16 0.012479739
87 285 97 139 0.012478021
262 160 96 121 0.012475359
744 51 79 118 0.012458793
919 418 16 23 0.012450788
533 199 94 119 0.012432313
0 365 64 95 0.012431798
986 601 38 90 0.012428307
355 702 103 66 0.012410049
0 600 50 136 0.012406508
0 542 21 45 0.012396185
434 671 15 20 0.012394857
294 19 93 130 0.012381385
91 401 95 129 0.0123808645
776 216 79 111 0.01237395
1019 0 5 9 0.012365483
0 165 68 125 0.012365376
937 163 51 66 0.012357907
257 0 42 35 0.012342656
402 329 87 126 0.012328596
845 140 42 54 0.012320553
902 409 35 43 0.012300889
866 388 60 72 0.012290628
491 39 86 125 0.0122874435
17 357 87 111 0.01226104
788 131 135 175 0.012238264
763 157 20 24 0.012237138
1011 757 13 11 0.012228755
461 86 55 74 0.01221783
331 571 223 197 0.01221351
313 126 102 114 0.012212363
72 37 73 95 0.012178018
62 339 97 124 0.012163816
231 352 122 134 0.012160145
295 56 117 140 0.012134038
772 157 10 12 0.012106866
536 34 94 126 0.012102171
811 10 49 58 0.012093781
584 162 16 20 0.012084531
630 282 103 140 0.012082683
566 394 26 31 0.012060237
991 445 29 44 0.012041259
0 42 248 360 0.012035959
561 92 47 76 0.012032186
477 656 65 74 0.012019989
508 229 56 72 0.0120173935
428 549 86 114 0.012011096
771 517 174 223 0.011994993
0 161 7 15 0.011993509
903 534 104 148 0.011989863
771 664 161 104 0.011989546
417 130 26 43 0.011987345
818 143 30 30 0.011986608
162 576 138 186 0.011976842
55 237 107 134 0.011968517
378 150 66 78 0.011945818
747 706 104 62 0.011937954
507 645 72 87 0.011937924
418 489 53 64 0.011936619
666 472 74 91 0.011931621
921 119 80 100 0.011929662
213 52 109 138 0.011923292
402 506 56 63 0.011918643
0 708 42 60 0.011914505
933 198 74 102 0.011906141
497 560 231 208 0.0118956985
501 102 43 78 0.011889301
0 304 116 188 0.011882405
984 567 40 91 0.011877701
470 405 82 108 0.011873426
816 0 28 31 0.011869463
499 600 98 120 0.011868939
239 0 235 176 0.011867002
600 481 54 61 0.01184594
685 0 35 38 0.011841897
849 265 175 385 0.011833687
513 322 78 109 0.011832093
859 149 11 19 0.011826818
231 570 239 198 0.011825244
4 441 83 116 0.011822166
72 480 148 197 0.0118148625
859 310 140 178 0.011809444
888 151 42 46 0.01179652
395 35 114 146 0.011792304
241 638 15 15 0.011788795
581 484 34 39 0.011782603
113 511 150 206 0.0117825745
36 133 109 137 0.011771975
579 156 69 79 0.011764143
554 488 42 46 0.011761024
729 182 141 180 0.011751863
406 426 149 172 0.01173935
558 497 79 98 0.011737736
247 84 146 179 0.011728026
514 135 31 63 0.011724156
129 510 103 124 0.011724104
144 212 179 227 0.011712102
691 502 58 62 0.011700984
0 525 33 67 0.011689358
754 0 35 29 0.0116845025
324 686 13 18 0.011680587
144 33 67 92 0.011671115
206 274 180 195 0.011666307
369 294 57 79 0.01165976
479 35 37 49 0.011651499
977 56 47 103 0.011650008
0 350 71 191 0.011648955
441 426 91 104 0.011647528
264 696 91 72 0.01160741
784 231 131 179 0.011603763
412 609 47 64 0.011588196
401 708 87 60 0.011578707
858 0 54 35 0.011569566
961 268 63 134 0.011565274
865 406 151 196 0.011540485
1 550 84 145 0.011538537
633 73 54 72 0.011531736
884 703 107 65 0.011512081
454 522 90 104 0.011511428
898 263 89 132 0.01150949
690 395 146 181 0.011506606
393 19 51 68 0.011505498
115 350 195 228 0.011490657
633 210 191 247 0.011488139
0 0 31 42 0.011486084
697 12 131 165 0.011482184
892 430 27 31 0.011472435
155 559 97 123 0.01146907
953 204 19 23 0.0114682345
548 421 68 84 0.01146519
899 0 59 44 0.011464039
569 0 68 49 0.0114502385
687 484 151 204 0.01144416
452 515 47 52 0.011441735
674 178 76 92 0.01144049
614 486 66 83 0.011439359
442 658 19 24 0.011438122
364 360 41 62 0.011415747
956 202 10 12 0.011408855
727 239 28 38 0.011405623
204 0 54 51 0.011374042
415 218 63 79 0.0113717215
99 70 68 86 0.011367901
696 399 86 99 0.011357393
427 657 19 26 0.0113559235
0 720 10 17 0.011354989
15 0 55 49 0.01134027
587 116 59 71 0.011335702
942 337 82 126 0.011334288
802 83 12 14 0.011330311
864 564 35 52 0.011325677
225 160 97 124 0.011316939
766 155 11 14 0.011313993
474 197 42 54 0.011311869
788 55 85 112 0.011300596
905 384 22 30 0.011291566
855 213 64 93 0.011282715
840 162 78 114 0.011271743
576 139 24 40 0.011265529
92 163 171 225 0.011261162
483 215 43 65 0.011258598
870 384 39 50 0.011257537
109 448 97 130 0.011255575
325 356 62 81 0.011255567
733 46 136 172 0.011250814
365 468 87 102 0.011248616
683 436 56 64 0.011245215
874 189 15 19 0.011244992
0 544 10 22 0.011242616
506 249 91 128 0.011241964
650 414 127 162 0.011231739
867 197 18 24 0.011231558
270 0 73 62 0.011226114
675 364 86 109 0.011193742
858 156 39 53 0.011177532
34 455 61 80 0.011175853
990 364 34 76 0.0111637255
0 401 54 86 0.011158953
0 390 29 41 0.011148398
874 187 24 29 0.011140326
0 533 49 85 0.011126691
765 155 28 34 0.011123791
1018 461 6 20 0.011119751
510 486 139 182 0.011118653
767 161 9 13 0.011110756
491 435 92 94 0.01109894
430 677 23 27 0.011083268
961 208 19 25 0.011078845
739 193 89 110 0.011073548
0 317 60 95 0.0110658435
31 320 101 124 0.011061584
445 748 37 20 0.01105979
747 65 49 63 0.011050207
775 179 74 106 0.01104885
418 484 44 42 0.011036191
265 216 102 134 0.011027004
916 257 58 77 0.011018778
860 99 58 74 0.011000307
513 687 93 81 0.010999955
484 345 48 87 0.010990309
924 174 14 18 0.010984644
921 0 55 50 0.010980986
286 185 92 119 0.010970411
501 190 27 41 0.010965756
831 171 139 194 0.010964552
367 157 49 51 0.010961105
22 350 50 67 0.010951191
651 269 56 84 0.010937685
876 200 18 21 0.010936602
0 131 58 102 0.010933657
899 166 80 108 0.010927488
242 0 12 10 0.010920178
494 426 49 79 0.01091505
358 192 93 128 0.0109130945
957 192 16 19 0.0108994115
570 52 86 109 0.010891351
708 223 55 68 0.010889742
834 171 18 21 0.010880725
364 427 55 67 0.010880135
426 157 37 46 0.010877247
565 475 26 26 0.010876137
499 0 76 60 0.0108705815
858 233 21 24 0.010858529
950 216 20 23 0.010851541
435 516 30 35 0.010850079
180 605 90 123 0.010844694
574 390 44 51 0.01084405
1008 527 16 40 0.010843607
309 214 103 126 0.010839051
91 512 94 124 0.01083857
517 651 34 34 0.010837053
119 130 106 134 0.010834481
860 211 12 16 0.010833324
535 371 48 62 0.010825165
0 279 278 361 0.010820185
488 544 93 116 0.010811762
372 384 70 96 0.010802064
864 51 63 82 0.010785051
883 252 29 41 0.010776708
921 434 15 20 0.01076596
887 200 13 16 0.0107632
1001 147 23 54 0.010748668
905 323 15 18 0.0107461065
345 265 104 142 0.010745002
918 174 23 30 0.0107278405
956 210 45 66 0.0107126795
642 453 51 67 0.010710162
823 442 98 133 0.010707462
644 499 46 60 0.010703919
389 373 11 17 0.0106997965
296 414 88 103 0.010698689
785 93 10 11 0.010690363
280 722 62 46 0.010689448
816 166 18 23 0.010674215
737 149 56 54 0.010666794
93 309 49 65 0.010663189
1002 727 22 37 0.010662392
908 472 51 62 0.010659292
0 34 70 109 0.010649327
272 297 53 72 0.010646465
409 143 27 40 0.010644555
846 229 23 34 0.01063404
268 0 19 14 0.010623286
728 202 44 54 0.010620707
514 373 72 91 0.01061805
187 162 194 223 0.010614659
180 705 88 63 0.0106081795
296 0 82 71 0.010607748
35 186 111 132 0.010606231
394 243 56 72 0.010597583
994 608 15 13 0.010590972
218 606 96 119 0.010585946
885 174 54 75 0.010585451
652 528 146 207 0.010581742
305 382 59 73 0.010575112
731 99 74 95 0.010575066
881 191 30 38 0.01056609
0 452 49 83 0.010551459
736 40 47 57 0.0105466675
804 107 51 68 0.010545759
144 72 67 84 0.010545332
710 416 54 62 0.010543997
779 223 55 70 0.010543863
48 133 56 68 0.010542222
860 138 22 36 0.010541464
923 432 35 44 0.010535589
566 483 35 35 0.010535084
404 497 82 93 0.010532735
448 657 37 43 0.010531481
61 478 27 37 0.010509927
769 16 51 63 0.010508401
820 106 59 72 0.010501214
920 415 35 45 0.010497711
561 304 92 124 0.010496383
895 0 89 74 0.010480516
526 383 126 160 0.010480254
901 433 34 38 0.01047883
433 511 45 54 0.010476159
822 347 143 178 0.01047615
587 375 49 59 0.0104756355
792 148 75 110 0.010471633
795 161 21 30 0.01045413
57 241 167 228 0.010453945
853 242 11 14 0.010441569
931 425 18 21 0.01043033
417 483 147 178 0.0104203755
466 399 64 66 0.010418143
913 401 22 30 0.010416345
906 199 47 59 0.010411454
806 96 14 13 0.010406751
438 225 62 76 0.010401908
593 0 41 28 0.010401197
288 534 143 189 0.010399531
525 0 67 48 0.010398482
449 623 53 65 0.010393196
0 200 47 132 0.010373357
472 608 8 9 0.010372367
454 394 144 165 0.010366765
122 95 67 83 0.01036078
889 205 26 35 0.010357533
877 379 123 147 0.010351255
400 256 102 128 0.01034969
487 84 51 74 0.010337426
800 208 47 61 0.010311873
196 456 55 67 0.010311829
797 49 59 76 0.0103039825
390 644 31 39 0.010301312
480 634 28 30 0.010300823
1018 455 6 18 0.010299697
583 0 247 271 0.010288094
818 355 74 93 0.010286325
902 390 28 38 0.010282782
439 725 60 43 0.010279724
222 483 162 199 0.0102781905
748 88 51 69 0.010276848
883 428 42 52 0.010272143
274 0 38 30 0.010272036
153 443 53 68 0.010269452
0 35 6 14 0.010260216
881 493 108 145 0.010257695
12 0 38 32 0.01024839
435 385 64 89 0.010246507
954 212 70 123 0.010244925
548 136 68 85 0.010241967
872 201 41 60 0.010228619
767 471 29 40 0.010220969
767 390 155 193 0.010219156
437 467 98 111 0.010216103
440 171 59 56 0.010202219
0 510 15 29 0.01019049
980 325 44 99 0.010190049
853 237 43 60 0.010189041
264 406 89 108 0.010188435
1016 425 8 19 0.010184059
447 632 35 42 0.010183271
476 52 39 47 0.010176075
815 141 49 62 0.010169592
0 449 103 191 0.01016823
332 169 58 70 0.010160035
822 163 29 29 0.010156336
795 704 109 64 0.010152523
863 155 8 12 0.010149247
903 132 38 46 0.010138826
934 146 33 45 0.010138657
1016 154 8 19 0.010136117
883 206 13 16 0.010133155
791 7 19 24 0.010126247
71 138 53 63 0.0101214275
172 374 108 135 0.010118498
0 403 10 28 0.010117872
525 571 100 125 0.010113677
0 553 10 25 0.010113035
662 102 52 76 0.0101107545
804 12 19 25 0.010108888
616 0 43 29 0.010101025
67 172 92 108 0.010100876
212 606 61 73 0.010096608
578 524 87 105 0.010090606
0 585 47 88 0.01008833
245 632 38 45 0.010080215
684 744 30 24 0.010075071
524 502 82 96 0.0100744935
523 246 61 78 0.010066047
382 541 140 179 0.010062713
55 57 52 62 0.010052457
693 603 96 140 0.010043361
0 744 22 24 0.0100431815
354 0 54 56 0.010042333
870 143 33 39 0.010041344
58 585 21 31 0.010039116
1010 0 14 15 0.0100378
1017 174 7 20 0.010035682
173 443 53 70 0.010026776
554 0 55 39 0.010025387
1020 461 4 13 0.010024831
263 633 12 14 0.010024068
728 430 157 207 0.010015103
466 634 49 72 0.010009904
654 591 84 120 0.010009041
364 516 83 112 0.010008253