16_Award_Ceremony_Awards_Ceremony_16_566
315
271 251 367 473 0.8888575
203 0 76 89 0.06004136
604 90 21 29 0.052365467
476 247 384 489 0.04878839
759 0 265 266 0.043958068
0 0 197 268 0.04128973
0 1039 264 491 0.040120196
852 1267 172 269 0.038861427
798 520 226 315 0.038553596
8 0 77 63 0.03674137
239 114 334 471 0.036053926
197 277 284 362 0.035618253
930 494 94 257 0.03495135
937 1355 87 181 0.03193007
530 0 388 262 0.03141571
0 1235 142 301 0.031334516
280 0 386 287 0.029971387
260 463 414 540 0.029652411
909 0 115 161 0.029557632
370 79 342 487 0.02916121
0 981 172 392 0.02879136
0 323 236 500 0.028313495
54 0 374 269 0.027399188
431 0 324 208 0.0271529
110 373 316 385 0.02713557
147 0 63 89 0.027118444
386 1153 442 383 0.026241018
0 491 180 416 0.026177775
131 1139 443 397 0.026089264
0 0 114 145 0.026002046
200 0 319 206 0.025684984
80 34 384 525 0.025657168
610 150 32 41 0.02544487
13 867 379 532 0.025328865
337 0 268 165 0.025312413
631 1170 390 366 0.025236208
0 114 221 523 0.025131814
702 339 319 436 0.0249523
773 820 251 520 0.024171885
832 373 192 332 0.024043376
953 590 71 214 0.023869487
367 502 273 272 0.023806816
970 509 54 199 0.022826333
829 61 195 355 0.022274865
0 653 136 351 0.021585936
0 715 207 543 0.02149941
903 11 121 314 0.021417132
184 575 22 25 0.02125073
225 40 46 49 0.021204019
157 333 203 320 0.021190766
607 94 26 35 0.020966254
782 139 242 510 0.020965537
0 294 150 366 0.020938177
171 0 80 92 0.020897258
151 0 154 113 0.020673404
0 574 299 525 0.020378942
481 818 456 548 0.020323364
831 765 193 362 0.020261645
62 1205 311 331 0.020237336
0 54 138 353 0.020105116
232 883 515 593 0.020042432
31 0 51 36 0.01983972
733 602 262 335 0.019711372
658 4 361 481 0.019626806
330 1262 296 274 0.019501805
572 1262 288 274 0.019279242
610 526 244 310 0.019250292
39 0 154 119 0.019161303
92 616 32 45 0.019140014
923 368 101 284 0.019080749
582 192 252 350 0.019079175
74 0 199 145 0.019054746
188 0 215 145 0.018932963
129 714 433 549 0.018527824
84 500 288 357 0.01840405
894 210 130 321 0.018344881
370 148 220 277 0.018294549
223 0 71 61 0.018262094
566 43 307 399 0.018117344
250 510 280 285 0.018109133
608 80 25 34 0.01806541
649 693 375 519 0.018041966
389 564 406 510 0.01787997
606 0 215 167 0.01782022
0 1399 73 137 0.017553393
528 450 223 291 0.017290603
267 0 180 118 0.0172902
252 0 95 75 0.01726308
908 1049 116 413 0.017243259
0 0 12 17 0.017148659
0 0 27 35 0.017001601
934 175 90 232 0.016742287
961 0 63 80 0.016688462
725 0 223 153 0.016686594
0 57 86 210 0.016587013
503 541 157 199 0.016550478
960 1459 64 77 0.016464395
1022 1526 2 10 0.016382929
1001 0 23 41 0.016324127
612 161 19 28 0.016306307
0 0 48 54 0.015892878
184 586 351 438 0.015711417
679 0 185 130 0.015697738
342 0 151 101 0.015689058
465 1328 271 208 0.01567413
841 643 181 259 0.015660467
685 1326 253 210 0.015619547
583 0 147 110 0.015615756
898 924 126 341 0.015470664
1020 1522 4 14 0.015460543
505 0 184 134 0.015335307
945 1195 79 274 0.015242009
344 0 35 45 0.015179893
607 99 14 22 0.015178186
592 654 267 333 0.015154807
642 963 348 456 0.015128644
821 0 149 99 0.015114934
598 86 21 27 0.01502779
21 1354 178 182 0.0150263645
1007 1508 17 28 0.014994688
224 465 161 220 0.0147253685
157 246 182 285 0.014683334
299 753 370 444 0.014676936
455 0 156 107 0.014658487
233 1327 258 209 0.014608972
762 0 146 96 0.014482594
996 1498 28 38 0.014439306
305 0 15 11 0.014422989
160 984 348 416 0.01442055
23 0 112 80 0.014393413
984 595 40 154 0.014360538
462 658 268 334 0.01428277
1009 0 15 27 0.014279406
568 783 296 366 0.014250146
1021 0 3 21 0.014211182
282 0 59 50 0.014135238
62 788 308 405 0.0140507305
344 0 28 24 0.013953976
716 203 252 342 0.013943887
571 617 150 154 0.01389855
435 973 348 415 0.01385147
149 657 17 21 0.01380854
934 909 90 223 0.013700359
57 0 58 39 0.013678766
179 376 124 232 0.01364008
438 589 173 185 0.013585911
943 1059 81 252 0.01358361
452 779 299 365 0.013525017
341 0 61 62 0.013509105
0 601 108 231 0.013482484
182 95 251 328 0.0134417815
0 930 115 330 0.013440135
1013 555 11 54 0.013350788
820 0 27 27 0.013246037
940 701 84 212 0.013196528
652 390 262 322 0.0131359575
17 1157 188 309 0.013016322
197 0 61 51 0.0130058015
52 0 41 27 0.012966386
278 432 225 269 0.012955777
547 564 218 245 0.0129335
0 0 8 11 0.012919748
232 17 53 68 0.012710182
0 1317 8 19 0.012652451
311 0 16 10 0.012622514
621 1383 194 153 0.0125809
1 1441 148 95 0.0125634475
962 444 62 191 0.012484777
0 22 7 20 0.012484747
600 98 25 38 0.01247909
449 1385 177 151 0.012471286
329 1384 176 152 0.012445495
38 676 229 288 0.01243983
116 0 74 60 0.01242775
0 1302 15 38 0.012423497
89 1041 252 302 0.012421137
999 536 25 105 0.012361862
991 0 33 104 0.012354943
0 566 77 191 0.012333376
298 0 15 11 0.012326887
0 30 7 20 0.012273252
0 129 74 203 0.012217393
0 1476 38 60 0.012205972
0 456 129 300 0.0121980095
1013 688 11 46 0.012179807
602 96 16 20 0.012170131
408 605 242 282 0.01213858
0 1526 14 10 0.012091345
0 10 15 36 0.012058248
335 1015 274 334 0.01202978
172 463 140 206 0.012027348
332 0 14 9 0.012020823
941 785 83 214 0.011979652
0 4 7 20 0.011908824
148 897 290 355 0.011900795
0 1049 94 279 0.011839024
489 283 141 250 0.011838362
342 156 163 200 0.01179062
370 0 60 48 0.011741977
0 1314 29 60 0.011701254
126 1358 214 178 0.011674657
0 811 165 300 0.011578614
0 212 119 295 0.011573121
759 501 188 232 0.011568343
0 732 77 191 0.011564396
54 23 121 162 0.011542586
0 9 62 90 0.011527143
212 1389 172 147 0.011517586
57 589 193 242 0.011465848
413 0 120 82 0.011457275
2 1470 83 66 0.011456512
0 1269 80 203 0.011437198
37 0 29 24 0.011421609
319 0 16 10 0.011418793
604 341 218 294 0.011418731
807 1386 163 150 0.011415705
996 656 28 110 0.011329814
65 138 224 347 0.011305019
269 893 271 355 0.011291054
0 1501 28 35 0.011278131
0 12 6 19 0.01122442
0 974 72 211 0.011223018
43 944 240 330 0.0112110935
615 208 32 40 0.011188403
155 0 40 55 0.011172081
537 0 112 80 0.011143731
914 720 76 120 0.011134212
722 79 215 286 0.011107698
627 160 20 28 0.011102135
76 0 95 65 0.011094277
316 0 56 40 0.01106492
290 0 15 12 0.011064839
0 1316 15 39 0.011058385
0 38 7 19 0.011051108
0 1305 7 21 0.011041374
625 606 159 182 0.011024462
0 374 72 196 0.011019462
215 24 43 50 0.011007649
0 1285 14 38 0.011003266
243 42 239 286 0.010974409
762 0 15 11 0.0109509295
655 0 115 81 0.010854366
960 861 64 166 0.01084469
243 1040 224 281 0.010838868
273 582 35 46 0.010823262
181 104 65 80 0.010800596
341 696 252 294 0.010798608
227 0 15 10 0.010777101
588 0 30 22 0.010763306
18 0 46 46 0.010761251
617 89 23 28 0.010750879
309 0 32 21 0.010743529
218 54 43 45 0.010737895
597 1161 246 289 0.010725587
785 723 24 19 0.010688689
648 0 30 22 0.010659107
0 26 13 35 0.010658717
0 257 75 198 0.0106552215
131 216 141 204 0.010645009
236 750 258 303 0.01064086
603 0 30 22 0.010564189
98 390 187 291 0.010552262
514 0 30 23 0.010534168
329 0 28 19 0.010525671
283 0 32 22 0.010491338
173 1106 233 270 0.010482379
208 0 16 10 0.010470413
408 903 272 344 0.010453583
12 693 172 193 0.010449624
11 0 41 29 0.010443239
618 0 30 22 0.010426875
633 0 29 22 0.010396145
610 168 36 48 0.01038713
918 418 78 113 0.010373625
573 0 30 23 0.010367077
476 0 30 22 0.010349277
559 0 30 22 0.010344696
419 1179 228 274 0.010343467
296 0 34 22 0.0103188325
24 771 169 236 0.01030916
808 0 14 9 0.010299643
107 0 57 41 0.010299584
945 0 16 9 0.010293503
662 0 30 22 0.010288731
283 0 14 11 0.010282653
233 0 16 10 0.010281472
219 0 16 10 0.010271768
499 0 30 22 0.01026619
1001 625 23 105 0.010263811
528 0 30 22 0.010250554
1017 703 7 51 0.010245882
55 0 15 11 0.010231201
300 0 49 35 0.01022479
544 0 29 22 0.010223531
211 41 42 45 0.010221635
299 1175 232 279 0.010220325
402 0 60 44 0.010219059
0 857 74 191 0.01018909
756 0 15 11 0.010175678
387 0 15 9 0.010165853
838 0 14 9 0.010157913
640 0 15 11 0.010154933
20 15 51 62 0.010150214
573 0 15 11 0.0101445075
484 181 186 284 0.010120724
185 0 15 9 0.010106039
0 46 7 20 0.010085163
242 0 46 38 0.01007521
0 504 63 125 0.01003969
0 414 92 242 0.010039416
800 594 195 158 0.010016166
693 0 30 22 0.010014777
27 238 165 239 0.010012417
752 0 29 22 0.010007809
1014 671 10 48 0.010001892