16_Award_Ceremony_Awards_Ceremony_16_637
338
388 91 253 361 0.86819965
0 0 201 261 0.047930375
773 0 251 267 0.046739075
0 932 199 344 0.039945353
342 0 298 302 0.039815105
740 937 284 339 0.038637128
0 0 129 174 0.03859081
206 765 155 209 0.034705438
912 0 112 158 0.033654418
515 92 351 455 0.032222107
510 927 408 349 0.03166991
283 156 272 334 0.031095656
60 0 366 271 0.030795077
453 0 253 217 0.030129615
201 0 314 223 0.029990645
719 588 305 501 0.029215707
0 100 207 497 0.028962433
618 0 69 70 0.028805321
0 578 186 505 0.028641101
44 934 372 342 0.028564086
0 0 84 111 0.028363207
302 947 402 329 0.02803115
0 556 135 340 0.027736895
707 0 264 177 0.027286856
535 0 376 253 0.026744442
953 1138 71 138 0.02625628
0 354 184 508 0.026161376
378 243 236 278 0.025716899
593 0 253 163 0.025394918
769 401 255 465 0.02539031
0 68 137 339 0.024545232
0 1110 119 166 0.024406027
373 0 207 171 0.024222927
841 65 183 324 0.0238579
784 110 240 484 0.023729844
492 1189 18 22 0.02349392
730 0 25 21 0.022954967
381 65 155 230 0.02273044
473 1025 292 251 0.022628795
231 283 271 327 0.022487968
415 344 364 469 0.021959081
0 296 126 346 0.021757709
0 760 133 363 0.021694465
77 0 205 152 0.0216152
0 1159 74 117 0.021559378
206 998 319 278 0.021418095
532 674 422 523 0.021260768
647 573 282 325 0.021180233
955 0 69 84 0.021039065
835 322 189 332 0.020919874
471 145 246 297 0.02084138
909 556 115 302 0.02061855
33 0 173 125 0.019792132
71 103 347 449 0.01970565
900 213 124 309 0.019428797
101 73 254 318 0.019308567
511 0 165 117 0.019292492
76 382 339 459 0.019273043
997 0 27 46 0.018743794
670 21 342 439 0.01850416
65 696 330 482 0.018461559
577 0 160 116 0.018458681
536 247 361 453 0.018262373
320 375 311 398 0.018247126
421 582 400 511 0.018215748
467 241 168 215 0.018193461
0 0 53 69 0.018141568
287 805 69 134 0.018006679
652 1112 235 164 0.017980427
321 1093 221 183 0.017901082
107 0 144 97 0.017782787
301 680 396 531 0.017781027
760 0 145 110 0.01770107
173 575 328 473 0.01768225
404 0 137 89 0.017662982
1015 1251 9 25 0.017623158
1022 1257 2 19 0.017387519
659 784 291 323 0.017289948
702 0 146 112 0.017195407
819 0 140 104 0.017155703
577 646 285 343 0.017085278
1004 1234 20 42 0.017078273
198 0 200 143 0.017030496
888 723 136 324 0.016947165
905 412 119 306 0.016940733
943 512 81 223 0.016802296
465 0 140 88 0.016725946
0 237 96 231 0.016718958
597 454 259 317 0.016639147
213 439 270 329 0.016609369
110 307 262 328 0.016609367
927 1029 97 247 0.016600668
648 0 139 103 0.01655809
63 1092 235 184 0.01649983
398 1155 153 121 0.0164994
528 573 270 337 0.016398592
939 320 85 213 0.01638494
633 1162 169 114 0.016292334
916 27 108 274 0.016260253
422 1109 217 167 0.016206926
892 872 132 298 0.01619409
154 0 169 119 0.016152203
461 72 173 227 0.016121134
284 490 368 491 0.015949659
132 660 230 329 0.0159118
358 29 140 208 0.01585214
182 167 198 253 0.015674561
782 1121 210 155 0.015635898
425 369 225 259 0.0155986
939 190 85 221 0.015424697
337 0 164 117 0.015386548
0 200 72 190 0.01535229
946 703 78 230 0.015334138
188 1096 236 180 0.015306693
1007 0 17 29 0.015251175
0 86 72 189 0.014902422
667 274 341 453 0.014747734
750 1162 165 114 0.014555679
425 664 250 348 0.0145290205
460 1190 16 21 0.014506442
0 464 114 289 0.014501817
0 0 34 45 0.014454271
0 318 69 185 0.014392068
715 671 234 298 0.014368391
987 1190 15 21 0.014336232
920 521 11 14 0.01433623
517 376 146 172 0.014251764
269 0 115 81 0.014229319
276 1153 164 123 0.014165505
1022 0 2 20 0.0140517475
638 0 74 57 0.014049087
0 688 107 256 0.013985754
0 1036 80 188 0.01393173
719 191 242 313 0.013903032
675 148 204 273 0.0137566915
708 478 253 310 0.013753254
506 0 27 23 0.0137141105
124 0 17 11 0.013655081
28 1139 169 137 0.013626433
764 864 234 263 0.013605162
858 1209 81 67 0.013573049
626 613 189 232 0.013568864
537 0 104 77 0.013526624
946 920 78 200 0.013466027
667 32 216 276 0.01346281
336 104 114 185 0.013432095
73 0 16 10 0.01337779
259 40 233 314 0.013377603
218 754 247 344 0.013376136
116 0 30 21 0.013370896
417 36 179 212 0.013329517
366 123 126 209 0.013277315
465 772 293 370 0.013238793
0 784 69 195 0.013184105
0 1207 37 69 0.013172701
882 0 16 11 0.013171314
525 1152 161 124 0.01314087
0 1256 14 20 0.013017618
0 423 88 225 0.012980591
164 0 15 10 0.012953214
719 0 35 33 0.012921537
332 0 116 79 0.012774259
562 0 15 11 0.012751484
528 0 75 57 0.012579576
569 0 15 11 0.012566082
147 794 204 269 0.012551299
133 0 15 9 0.012539806
93 0 14 13 0.012507528
621 0 14 10 0.012483205
462 1172 133 104 0.012456131
215 0 111 80 0.012382962
0 0 14 17 0.012381924
673 0 84 67 0.012380126
0 906 87 228 0.012377227
577 0 15 11 0.012363396
587 837 276 321 0.012352083
83 855 210 297 0.012322771
180 849 223 292 0.01231284
67 0 16 9 0.01229342
623 706 186 231 0.0122607825
363 851 228 305 0.01218839
531 269 216 254 0.012183238
67 197 223 282 0.012161343
584 0 15 11 0.01216097
588 714 146 196 0.012116439
201 0 30 22 0.012113807
159 1153 168 123 0.01208645
703 1173 141 103 0.012070553
982 1209 42 67 0.012044612
555 0 15 11 0.011998405
218 0 15 10 0.01198337
890 1251 43 25 0.011968598
149 0 14 9 0.011963315
744 0 27 19 0.011955167
404 350 160 184 0.011921779
28 172 183 243 0.0119190095
665 283 208 253 0.011914525
375 1249 52 27 0.011903125
194 614 186 276 0.011858376
584 324 137 171 0.011805854
82 0 14 9 0.01179154
1023 1264 1 12 0.01177739
758 0 88 71 0.011753854
548 405 224 258 0.011740704
268 0 14 10 0.011711562
156 0 15 10 0.011698825
732 88 195 265 0.011692549
142 0 14 9 0.011688404
0 623 86 205 0.011647819
0 988 137 215 0.011642337
309 0 15 11 0.011608943
924 0 30 23 0.011587831
962 607 62 194 0.011586224
591 391 134 159 0.011555993
591 0 16 11 0.011540498
513 0 14 12 0.011446669
740 0 20 15 0.011437361
706 0 74 59 0.011423287
481 450 241 311 0.011397914
261 0 14 10 0.011391767
275 0 15 10 0.011380172
65 0 32 20 0.0113333715
613 360 205 228 0.011323031
420 0 16 10 0.011278745
377 578 230 316 0.011272748
101 971 156 198 0.011263329
301 0 15 10 0.011252922
105 0 13 10 0.011240222
749 190 154 200 0.011220463
846 0 86 71 0.011207115
316 0 15 10 0.011205593
0 505 69 184 0.011139015
764 0 52 47 0.011121325
684 561 187 228 0.011121156
345 0 16 10 0.011098507
299 395 219 262 0.01105841
32 283 173 231 0.011056083
547 0 15 11 0.0110512115
788 0 16 11 0.011027497
508 0 57 40 0.011014341
874 1235 55 41 0.01099354
680 1027 138 175 0.010992105
140 455 226 287 0.010989171
3 0 15 10 0.010970282
294 0 15 10 0.010948153
524 1197 84 79 0.0109427385
85 0 25 19 0.010939764
252 711 124 219 0.01091427
410 1193 100 83 0.010899807
553 651 147 192 0.010899571
271 228 191 225 0.010895123
283 0 14 10 0.010888023
737 0 14 12 0.010880497
0 763 6 16 0.010880395
323 0 16 10 0.010861947
171 0 15 10 0.01084524
149 233 176 218 0.010824029
41 0 97 67 0.010821593
383 0 15 10 0.010817411
355 1249 52 27 0.0108062085
0 0 11 9 0.010778066
331 0 15 10 0.01076248
398 0 15 10 0.010762097
969 559 55 149 0.010760935
203 154 84 89 0.010756268
903 0 27 20 0.010749549
701 262 144 180 0.010727867
171 253 224 282 0.010694916
790 642 187 242 0.010692655
288 0 77 52 0.010687803
540 69 190 250 0.010672018
507 716 178 237 0.010670818
0 439 8 15 0.010653905
520 0 31 22 0.010636405
876 0 15 10 0.010620732
774 0 14 12 0.010612475
775 0 29 23 0.010601986
338 0 16 10 0.0106002195
211 0 16 11 0.010598707
270 84 26 29 0.010595029
353 0 15 10 0.010556025
901 0 14 11 0.010548798
531 1009 136 196 0.010546917
540 0 15 11 0.010539816
0 989 8 22 0.010539672
442 806 202 267 0.010529041
967 1190 16 22 0.010527493
636 0 16 10 0.010523644
254 0 14 9 0.010510906
992 4 32 86 0.0105007095
899 1219 64 57 0.010488336
580 918 139 177 0.010472916
950 0 15 10 0.010444006
391 0 15 10 0.010422157
887 0 17 10 0.010414866
864 0 55 48 0.010408924
756 0 14 10 0.010376688
52 0 12 9 0.010376555
315 684 214 308 0.010349347
808 0 14 10 0.010336859
599 0 16 10 0.010328931
645 1093 146 147 0.010326266
506 0 14 12 0.010316303
521 0 15 12 0.010314203
913 0 88 67 0.010304301
665 1199 99 77 0.010303969
987 94 37 85 0.010295406
722 0 14 11 0.010288776
109 1157 140 119 0.010259624
722 364 219 252 0.010257098
0 658 9 19 0.010252587
854 582 137 211 0.010251129
916 0 14 10 0.010242858
553 853 141 198 0.010224239
908 0 15 10 0.010209913
113 779 18 22 0.010209788
179 0 14 10 0.010205408
761 0 29 20 0.01020467
137 25 140 196 0.01019793
107 192 142 199 0.010194932
332 1150 88 69 0.010183714
78 257 140 189 0.010180708
143 0 27 19 0.010162444
198 30 134 186 0.010157461
656 0 14 11 0.010153754
53 0 28 18 0.010133893
0 568 10 16 0.010122463
361 0 15 10 0.01010807
610 98 203 278 0.010092461
318 0 77 51 0.010090808
589 788 140 193 0.010080497
355 289 168 193 0.010078367
536 946 134 179 0.0100503145
941 0 16 10 0.010047809
147 953 159 176 0.010031844
376 0 15 10 0.010024251
957 0 15 10 0.010017003
807 115 165 219 0.010002071