16_Award_Ceremony_Awards_Ceremony_16_56
712
330 89 64 83 0.8700122
772 84 60 103 0.84039193
685 153 44 50 0.04809679
754 48 72 119 0.038137786
786 122 41 66 0.02972795
189 615 42 69 0.029321168
988 0 36 45 0.028026607
772 0 252 227 0.02771662
27 709 8 10 0.026400905
900 362 68 81 0.025828619
0 86 12 33 0.025685722
111 420 51 54 0.025110655
980 19 20 25 0.024911657
675 150 67 73 0.024027593
634 0 55 48 0.022901086
768 17 77 124 0.022720367
696 134 39 33 0.022638503
345 126 51 59 0.022352278
737 99 75 95 0.022329565
126 468 7 9 0.022170708
652 0 22 31 0.022158653
0 0 186 251 0.021972867
906 0 118 116 0.021612657
25 671 80 117 0.021526445
984 837 40 59 0.021407517
758 53 104 159 0.021216663
955 0 69 61 0.021134984
622 0 10 10 0.021125996
322 21 79 109 0.02110605
287 57 86 112 0.02080751
764 120 82 119 0.02075989
0 590 185 306 0.02061715
538 47 80 107 0.02058416
755 569 269 327 0.02057897
697 86 98 121 0.019998193
471 722 10 12 0.019938368
0 827 48 69 0.019911034
543 35 14 20 0.019672446
117 442 9 12 0.019288141
68 62 50 64 0.019257456
301 0 54 64 0.019189533
0 350 40 71 0.01911324
875 596 25 33 0.019058757
0 0 89 116 0.01896381
745 24 65 84 0.018826565
336 60 55 74 0.01879248
309 112 78 98 0.018696442
0 0 45 58 0.018665265
37 91 7 9 0.018660953
454 48 17 18 0.01864515
0 172 130 254 0.01863598
197 0 70 49 0.018547107
188 616 25 39 0.018384922
754 0 38 42 0.018300513
861 452 49 91 0.018266106
981 311 15 17 0.018198315
1011 870 13 26 0.018123824
0 784 84 112 0.018096348
694 136 53 62 0.018089527
321 139 85 104 0.017711017
935 811 89 85 0.017621623
563 50 52 67 0.017544474
0 33 5 17 0.01733451
869 0 85 58 0.017159529
288 0 156 121 0.017087132
135 0 159 119 0.016998645
239 660 43 61 0.016867133
139 25 83 102 0.016867032
0 200 81 151 0.016826497
945 280 26 32 0.016801337
690 289 59 88 0.016770158
456 501 325 395 0.016753953
665 0 79 60 0.016731719
587 0 85 65 0.016718658
428 0 82 67 0.01661593
977 2 28 40 0.01647218
611 377 86 98 0.016428972
0 106 187 403 0.016383272
238 667 28 40 0.016373342
1006 0 18 33 0.016336014
809 0 167 125 0.016327007
0 128 4 10 0.016243951
319 65 55 80 0.016216068
23 647 123 175 0.016145775
751 44 39 25 0.01612355
290 453 157 306 0.016113449
817 0 85 67 0.016104434
0 278 58 91 0.016057337
477 0 88 66 0.015949134
241 545 13 24 0.01590286
14 262 75 101 0.015781216
735 64 63 85 0.0157452
544 501 21 21 0.015705083
686 823 96 73 0.015675304
990 695 16 23 0.015672045
721 847 70 49 0.015613754
809 73 82 111 0.015603544
87 193 86 112 0.015599399
762 429 36 33 0.0155139575
725 140 62 72 0.0154968565
352 0 345 224 0.015491003
68 174 82 110 0.015465096
0 306 63 110 0.015441888
283 854 60 42 0.015352035
340 411 120 264 0.015250242
19 160 83 125 0.015249558
142 0 88 64 0.015226195
894 454 91 120 0.015204232
1023 0 1 27 0.015138271
944 29 80 121 0.015109085
657 161 64 72 0.015040634
0 358 25 43 0.015035009
213 470 60 84 0.015007806
932 0 71 49 0.014960367
347 0 85 65 0.014928904
0 312 183 403 0.014879273
912 322 92 120 0.014872488
746 150 73 92 0.014859652
64 0 81 66 0.014804241
661 0 37 36 0.014796805
22 846 61 50 0.01476887
996 8 25 30 0.014762931
809 0 57 48 0.014745011
784 57 46 68 0.014702453
181 43 92 107 0.014693878
550 0 157 112 0.014693559
49 168 68 96 0.01467228
1013 0 11 24 0.014660925
746 32 278 369 0.014633298
641 47 13 16 0.014631705
532 0 85 66 0.0145748835
734 177 92 111 0.014570956
897 26 127 178 0.014555105
306 86 54 71 0.014510727
0 287 128 286 0.014476034
732 42 56 74 0.014475493
571 277 150 198 0.014394359
708 330 70 82 0.01439033
33 826 84 70 0.014380304
294 832 87 64 0.014361753
148 17 61 72 0.014251064
941 0 44 30 0.014248405
22 708 11 12 0.014245472
17 715 8 10 0.014230088
684 170 85 106 0.014198663
955 187 17 27 0.014193952
789 113 70 95 0.014191784
735 827 95 69 0.014159556
328 1 29 57 0.014132165
0 383 6 16 0.014120952
31 274 86 112 0.014113224
606 817 97 79 0.014109167
865 813 97 83 0.014105688
173 3 88 91 0.014090714
745 48 20 18 0.01406508
789 46 44 31 0.014009076
698 143 36 41 0.014009012
561 1 52 48 0.01400431
53 0 311 245 0.013985677
720 0 78 61 0.013975678
764 698 16 13 0.013961132
1023 0 1 23 0.01391398
963 325 61 138 0.013909066
581 0 310 229 0.013904212
704 134 24 14 0.013904191
457 0 75 55 0.013903271
569 822 41 40 0.013893424
849 0 72 51 0.013876555
962 447 62 144 0.013858131
66 820 87 76 0.0138335535
279 0 56 58 0.013820183
671 845 71 51 0.013812636
619 50 10 11 0.01375653
919 98 97 126 0.013743277
705 0 153 124 0.013734684
171 554 197 255 0.013700665
435 0 34 29 0.013691238
782 151 51 61 0.0136619285
885 36 58 83 0.013645704
623 425 58 62 0.013635426
84 143 80 103 0.013625186
0 636 88 196 0.013619485
372 78 77 103 0.013618974
909 367 91 128 0.01359451
904 0 72 47 0.013585543
248 838 86 58 0.013568807
969 388 55 131 0.013561289
881 451 70 99 0.013560659
0 569 52 117 0.01352402
270 162 81 94 0.013522012
837 2 89 100 0.013492817
63 13 72 97 0.0134919975
296 6 71 96 0.0134906545
414 396 31 59 0.01343666
828 44 99 122 0.013435681
712 273 59 78 0.01343565
631 339 90 111 0.013429475
231 760 34 47 0.013426087
20 789 160 107 0.01341372
340 116 83 99 0.01341033
708 154 87 101 0.013403957
601 0 48 38 0.013381338
0 253 24 49 0.013363689
338 48 150 184 0.013360809
799 42 59 89 0.013331245
234 643 13 19 0.013315931
961 561 63 143 0.013261025
702 279 108 127 0.013258002
0 137 75 121 0.013257569
875 55 54 80 0.013246357
243 584 29 38 0.013224388
1021 0 3 27 0.013219365
346 77 60 76 0.013213712
784 827 93 69 0.013190094
639 409 61 65 0.013188439
619 8 13 15 0.013182494
839 148 12 15 0.013133989
37 187 88 124 0.01311522
0 511 50 124 0.013106488
883 341 70 87 0.013093529
895 104 129 205 0.013083496
775 848 68 48 0.01307071
903 409 121 227 0.013065711
324 265 66 76 0.013062053
384 0 163 125 0.0130582005
0 750 46 119 0.013033023
989 60 35 90 0.0130227
640 844 72 52 0.012966048
609 0 128 91 0.01290954
0 45 44 110 0.012873922
902 570 122 222 0.012849547
40 362 29 39 0.012848885
0 412 50 123 0.012848235
296 281 93 109 0.012846129
9 396 13 18 0.01282509
308 169 59 68 0.012822213
941 136 83 141 0.012821963
1020 885 4 11 0.012802371
254 500 339 396 0.012801708
673 48 143 187 0.012799942
263 47 131 184 0.012789085
903 58 87 106 0.01278263
576 55 57 83 0.01276844
795 105 39 69 0.012740048
72 94 52 67 0.012728958
69 140 141 172 0.012720911
556 823 96 73 0.012720682
93 842 68 54 0.012715978
753 143 162 200 0.012700407
228 65 66 81 0.012684705
690 262 57 73 0.012650661
607 313 90 117 0.012634642
351 108 53 61 0.012631457
559 0 86 88 0.012623201
557 821 36 40 0.012602203
596 843 73 53 0.012596869
655 290 176 216 0.012593067
510 0 74 53 0.012571318
677 0 33 38 0.01256436
909 740 115 156 0.012535112
984 441 40 100 0.012529291
21 95 16 19 0.012528422
968 67 56 123 0.012524501
858 839 69 57 0.01252257
0 129 6 15 0.012518331
0 688 21 36 0.012516329
45 678 50 83 0.012499949
514 27 122 157 0.012495307
0 96 7 20 0.012494701
122 0 70 51 0.012493053
625 59 25 33 0.012484944
857 553 30 41 0.0124561135
24 313 54 75 0.012441436
94 0 71 50 0.012432004
756 0 142 175 0.012429335
887 404 87 134 0.012420939
699 782 162 114 0.0123973675
825 145 27 29 0.012392452
793 7 84 109 0.012382317
6 355 31 37 0.012369606
963 637 61 131 0.012360261
263 190 104 132 0.012344086
0 64 26 75 0.012314379
554 44 9 11 0.012312045
351 828 80 68 0.012311175
757 112 9 12 0.012307221
450 569 95 143 0.01230098
69 222 83 103 0.012297708
262 0 54 41 0.012291499
335 850 61 46 0.012282783
472 823 91 73 0.012265418
832 0 53 35 0.012254415
790 141 86 111 0.01224939
15 92 24 32 0.012243362
26 510 362 386 0.01224113
631 96 100 116 0.012236572
502 400 13 17 0.012228798
819 823 95 73 0.01218994
829 89 96 122 0.01218308
244 685 37 51 0.012179854
28 710 11 14 0.012168026
28 0 156 122 0.012166501
168 583 81 112 0.012138599
611 0 22 24 0.012123692
887 0 49 34 0.0121194
631 288 96 120 0.012117705
75 130 56 72 0.012108742
0 361 44 117 0.012083892
923 36 59 82 0.012070893
681 471 183 229 0.0120674735
816 0 14 9 0.012038723
684 232 99 128 0.012038511
893 11 62 76 0.012037765
286 103 70 87 0.0120103145
52 250 96 121 0.012004169
35 709 9 11 0.012003872
0 154 4 10 0.012000949
949 130 19 19 0.011989078
665 310 92 112 0.011988853
380 0 70 51 0.011986121
0 81 8 25 0.011986082
847 668 80 103 0.011985509
635 45 14 15 0.011974664
935 66 59 77 0.011958118
1004 307 15 22 0.011947524
693 338 60 68 0.011941613
332 0 60 63 0.011939849
718 91 134 181 0.01193528
801 53 153 193 0.011933437
245 317 87 104 0.011927928
894 141 95 125 0.011914556
466 845 63 51 0.011905258
174 779 13 16 0.011894074
851 157 82 104 0.011871273
42 339 45 60 0.011869778
486 719 8 10 0.011869663
224 624 24 38 0.0118572945
404 825 91 71 0.011853845
108 823 93 73 0.011853261
43 755 55 76 0.011848866
808 120 44 65 0.011846136
949 283 75 135 0.01184373
962 724 62 136 0.011838978
920 170 57 71 0.011827405
727 227 109 140 0.011822478
233 389 34 53 0.0118134385
300 0 39 39 0.011811098
108 223 75 101 0.011809149
142 60 92 121 0.011805025
0 799 30 79 0.011801298
889 602 16 21 0.011794923
651 163 162 200 0.011787048
684 140 36 34 0.01178391
681 540 95 118 0.011777631
183 584 49 81 0.011775016
7 0 38 29 0.011769997
499 523 170 245 0.011767209
191 831 89 65 0.01175998
95 131 62 72 0.01175946
939 285 29 41 0.01174204
0 102 44 115 0.0117395595
600 340 164 204 0.011736385
240 425 172 240 0.011734729
943 507 81 146 0.011734465
952 0 25 17 0.011734017
663 203 89 117 0.011730654
265 591 169 253 0.01171753
0 0 24 31 0.011716143
240 471 70 84 0.011694423
0 442 73 148 0.011689594
46 0 69 53 0.011670796
417 0 58 45 0.011662718
865 689 81 102 0.011661088
933 13 58 75 0.011657911
856 36 58 80 0.011656618
292 179 86 103 0.011655339
354 150 44 48 0.011647347
1000 25 24 81 0.01164192
596 90 56 85 0.011635642
906 691 43 58 0.011623091
44 45 56 73 0.011622493
84 306 87 112 0.01161792
237 579 45 61 0.011616572
257 182 58 60 0.011615754
754 204 99 128 0.011609345
603 59 159 186 0.01160771
847 421 111 161 0.011599506
20 705 11 11 0.0115868915
1017 1 7 43 0.011586212
474 722 11 15 0.011579455
179 9 141 175 0.011575266
491 785 151 111 0.011567141
918 378 60 87 0.011564841
559 0 10 9 0.011554966
469 724 9 11 0.011545628
232 855 61 41 0.011539213
196 0 106 81 0.011535373
982 165 42 96 0.011534452
348 549 88 137 0.011521284
849 556 76 104 0.0115115205
721 300 65 85 0.011506453
542 849 64 47 0.011491099
55 680 79 94 0.01148561
725 250 58 72 0.011483395
914 0 47 31 0.011480588
69 661 106 132 0.011475915
1022 0 2 24 0.01146866
686 3 100 117 0.01146193
267 402 59 79 0.011457832
0 175 52 130 0.011454804
767 0 43 43 0.011451488
625 0 12 9 0.011444427
257 120 120 157 0.011439001
602 0 13 10 0.011438807
884 376 76 103 0.01143354
767 0 83 62 0.011430136
178 684 52 71 0.01142948
0 695 45 116 0.0114263315
92 6 80 99 0.011425734
705 200 100 129 0.011417226
965 197 59 130 0.011410869
354 0 48 42 0.011407757
291 626 88 115 0.011402468
0 39 5 15 0.011400991
911 95 59 72 0.011391346
699 235 62 76 0.011377898
765 521 89 111 0.011377093
676 184 58 74 0.011367184
1004 5 20 65 0.011365849
867 594 39 49 0.011363938
6 538 89 135 0.011362861
550 486 173 231 0.011355256
641 178 82 102 0.011354244
391 0 35 43 0.011346574
669 337 112 132 0.011335595
0 866 25 30 0.01133559
697 0 58 43 0.011329772
983 611 41 95 0.011327133
921 814 61 81 0.0113225235
177 851 64 45 0.011314328
0 117 27 52 0.011309864
811 0 13 9 0.011306865
722 212 302 417 0.011291102
181 466 186 234 0.011279896
476 0 14 9 0.011276573
9 340 47 59 0.011263763
317 301 98 117 0.0112329265
450 192 12 12 0.011226584
450 48 26 29 0.01121986
641 418 180 219 0.011197776
290 330 67 74 0.011174659
0 297 32 81 0.011170134
982 553 42 97 0.011168837
76 157 53 89 0.011166192
295 95 135 184 0.011162658
0 769 28 78 0.011160313
600 783 165 113 0.011141635
266 340 92 112 0.011131111
0 618 46 117 0.011127551
150 850 64 46 0.011109707
329 513 86 146 0.011108098
318 640 95 128 0.011107261
12 595 71 107 0.011105849
34 86 31 38 0.011102978
843 709 88 120 0.011093911
173 0 270 284 0.011093705
348 56 43 27 0.011092164
336 240 62 74 0.011082696
737 541 92 114 0.011081328
0 611 31 80 0.011073556
1003 851 21 45 0.011062486
103 432 63 83 0.011055635
537 501 55 70 0.011054934
129 514 51 68 0.011050741
722 193 62 73 0.011044822
814 0 27 18 0.01104151
873 143 76 93 0.01101497
744 274 105 131 0.011005244
632 543 92 114 0.010987744
324 801 86 95 0.010987205
1000 430 24 75 0.010968596
247 243 61 63 0.010968491
82 509 100 142 0.010966005
290 665 96 131 0.010960467
346 621 87 119 0.010954057
80 407 83 90 0.010943545
619 357 65 78 0.01093558
647 8 57 72 0.010934183
997 255 13 16 0.010933789
109 114 85 106 0.010931733
860 152 57 72 0.010918269
394 397 52 82 0.0109155625
661 490 93 115 0.01090857
634 47 22 26 0.010884366
897 67 56 75 0.010874608
0 856 11 33 0.010873387
750 194 62 73 0.010873335
0 9 30 76 0.010873052
567 61 34 47 0.010868391
346 0 134 99 0.010855803
978 300 46 96 0.010852198
769 186 74 90 0.010852014
887 286 94 133 0.01085183
19 79 54 62 0.010847614
594 395 8 10 0.010847186
497 81 103 143 0.010839782
574 580 290 316 0.0108364625
266 696 93 123 0.010832488
0 531 29 82 0.010831323
687 0 42 37 0.01083068
537 478 10 12 0.01082874
293 0 245 179 0.010821577
0 243 16 37 0.010809914
656 742 156 154 0.010808072
805 175 219 267 0.010805812
366 506 97 152 0.010802589
606 662 90 123 0.010801647
0 0 6 12 0.010799118
983 372 41 100 0.010773257
981 500 43 102 0.010770037
595 519 179 234 0.01075916
705 517 94 116 0.010756639
228 367 18 18 0.010756087
562 622 17 16 0.010749522
572 0 25 19 0.010748801
207 72 54 73 0.010741034
823 574 86 109 0.010739168
1007 51 17 78 0.010732287
617 0 16 14 0.010731284
544 736 152 160 0.010729381
842 145 10 13 0.0107280165
787 646 95 117 0.010712568
0 877 15 19 0.010712259
0 456 130 301 0.010707703
847 199 88 123 0.010704114
787 492 91 116 0.010703707
78 208 54 88 0.010693612
913 117 64 80 0.010689309
228 643 15 21 0.0106828185
280 138 68 84 0.010659486
489 0 275 176 0.010656065
170 91 83 116 0.0106544355
59 748 90 128 0.010651875
225 0 60 41 0.010651506
705 564 95 118 0.010649439
47 122 76 107 0.010649142
244 746 12 20 0.0106455665
127 794 164 102 0.010644775
161 614 57 75 0.010643022
904 522 57 75 0.010641246
771 437 29 34 0.010637519
348 849 33 38 0.010634515
762 0 19 22 0.01062668
148 356 52 66 0.010622269
477 552 100 145 0.0106222415
810 493 214 287 0.010620453
725 220 60 77 0.010618067
135 227 83 110 0.010615649
345 758 60 78 0.010613967
701 95 57 71 0.010611091
232 576 14 18 0.010607771
381 0 12 9 0.010607087
0 259 43 79 0.010605307
928 91 72 85 0.010600361
820 520 85 113 0.010598349
167 487 97 135 0.010595063
374 414 68 87 0.010594211
935 290 41 56 0.010591531
877 684 55 76 0.010590819
14 42 84 110 0.010584772
845 69 55 78 0.010575142
863 363 75 87 0.010571242
514 848 64 48 0.010569898
707 726 91 119 0.010558435
641 85 11 15 0.010555813
894 501 97 136 0.010549741
605 724 93 122 0.010548289
643 42 19 24 0.010546795
370 591 87 124 0.010546188
785 568 93 117 0.010542066
31 590 86 132 0.010541918
331 627 56 77 0.01053915
605 408 59 69 0.010533975
878 80 80 102 0.010532905
132 54 58 78 0.010532314
1022 2 2 41 0.010529989
242 679 17 22 0.010528529
650 123 58 69 0.010528405
584 696 90 121 0.010524956
118 506 182 257 0.010518356
316 256 101 114 0.0105175795
0 716 6 12 0.010509457
154 665 58 81 0.010507333
91 42 82 108 0.01050708
498 301 14 17 0.010504903
63 87 39 47 0.010496115
316 687 96 131 0.010493504
351 546 54 81 0.010491664
55 534 99 136 0.010479413
19 879 38 17 0.010475425
186 463 36 45 0.010469912
25 713 11 15 0.010468469
341 282 99 114 0.010465778
313 597 23 35 0.010456374
0 836 11 13 0.010454748
790 153 30 39 0.010450088
228 745 58 77 0.010448235
880 589 27 34 0.010444474
501 8 97 113 0.010444189
243 669 55 76 0.010435953
609 491 88 112 0.0104308855
87 87 84 108 0.010423282
984 682 40 91 0.01041842
211 480 105 143 0.010411102
253 523 9 13 0.010410669
683 558 180 227 0.010397655
16 92 17 17 0.010389215
444 37 11 15 0.010387386
854 477 79 120 0.010386886
1005 0 16 17 0.010386463
0 14 7 15 0.010385271
15 363 17 24 0.010378397
637 233 90 115 0.010372444
49 315 62 82 0.010369154
310 185 104 131 0.010366589
638 4 29 31 0.01036205
143 89 35 49 0.010361079
656 387 83 97 0.010353598
1011 33 13 58 0.010348123
124 329 59 70 0.010347555
745 8 33 39 0.0103392145
608 259 89 119 0.010331538
622 5 59 77 0.010321836
115 861 58 35 0.01031961
904 482 57 84 0.010306023
65 627 162 214 0.010305245
730 335 97 108 0.010303085
10 486 83 125 0.01030271
756 581 158 205 0.010299051
349 448 59 76 0.0102948975
713 139 24 26 0.010294737
114 345 80 100 0.0102936765
0 412 24 47 0.010285291
822 30 75 99 0.010281787
854 175 23 36 0.010279323
89 247 80 104 0.01027695
23 26 56 74 0.010271318
585 339 79 105 0.010266542
747 0 29 29 0.010259662
548 79 90 133 0.01025906
0 83 138 203 0.010253126
594 367 44 59 0.01024277
26 505 101 143 0.010239934
307 623 57 78 0.010224834
0 71 70 119 0.010223353
337 151 161 194 0.0102226455
611 34 124 142 0.010221511
706 639 96 121 0.010213652
93 27 14 17 0.010209075
557 735 17 18 0.010208794
236 785 157 111 0.0102071045
735 598 93 115 0.010205057
982 0 32 31 0.010202249
221 0 181 164 0.010200913
612 160 80 96 0.010198913
961 37 10 11 0.010198017
138 127 87 109 0.01019303
858 539 48 60 0.01018922
204 618 45 56 0.010186654
552 617 151 224 0.01018431
691 349 170 205 0.010183679
583 525 60 70 0.010176414
622 614 18 21 0.010173188
38 711 8 9 0.010168544
322 600 87 119 0.010162068
2 668 53 84 0.010161998
228 484 35 47 0.010157609
79 613 105 140 0.010154114
942 178 49 57 0.01015241
216 144 59 73 0.010147272
913 200 50 71 0.0101418095
24 705 14 14 0.010139824
782 549 60 73 0.010139454
646 437 52 64 0.010137142
607 593 90 121 0.01012831
178 643 53 90 0.010118646
64 424 28 34 0.0101177255
48 201 162 195 0.01011729
844 597 80 115 0.010115257
17 0 26 17 0.010113611
806 777 166 119 0.010111586
396 850 56 46 0.010110726
375 32 81 111 0.010110188
495 505 102 139 0.010105549
279 197 59 66 0.010105365
901 458 43 68 0.010096454
686 466 89 109 0.010096102
98 669 56 75 0.010091658
976 26 21 25 0.0100907665
814 628 140 190 0.010088829
10 0 73 55 0.010079179
243 722 90 117 0.010073078
745 674 16 22 0.010063176
101 586 59 79 0.010052003
743 43 54 42 0.010048485
433 846 73 50 0.010028737
956 739 9 10 0.01001303
907 437 57 84 0.010012686
120 616 173 229 0.010012439
610 207 84 109 0.010011516
911 234 47 63 0.010006558
0 403 31 84 0.010005407