55_Sports_Coach_Trainer_sportcoaching_55_648
742
415 88 52 80 0.8462025
731 114 46 63 0.79003817
742 104 58 76 0.056712046
363 336 17 15 0.038562942
0 626 79 70 0.035983115
250 664 19 24 0.03313799
778 130 38 49 0.032715548
791 131 25 33 0.032271534
724 335 300 269 0.031859674
387 59 84 125 0.029844439
78 556 13 19 0.029650185
124 566 39 51 0.029442562
695 205 54 52 0.02925479
1 591 40 53 0.028662462
180 569 44 53 0.028245201
717 97 47 68 0.028166438
435 104 40 63 0.027931746
781 126 24 40 0.027819466
651 165 19 23 0.027554743
70 610 91 86 0.027181104
754 135 47 51 0.026352325
574 560 52 62 0.025014969
44 592 34 47 0.024243852
423 133 41 49 0.024092272
28 624 104 72 0.0239545
573 647 18 11 0.023656273
43 561 27 35 0.023112793
591 544 37 53 0.023078725
761 97 44 61 0.023015292
833 0 191 197 0.02289806
740 83 49 71 0.022753036
705 132 60 78 0.022226332
813 452 211 244 0.021980826
0 652 28 44 0.02177593
1 574 36 48 0.021708872
730 119 27 40 0.021658491
0 590 53 95 0.021507738
962 633 62 63 0.02149395
16 591 55 54 0.021265745
332 291 11 14 0.02120811
9 559 181 137 0.020704903
198 576 41 50 0.02069038
746 135 35 42 0.020578878
946 0 78 100 0.020409698
250 662 14 18 0.020095631
729 142 40 50 0.02009233
397 84 50 67 0.02004929
88 647 61 49 0.019996213
113 613 93 83 0.0197611
211 630 9 10 0.019440478
603 612 149 84 0.019249719
736 595 59 43 0.019047612
978 0 46 50 0.018995257
395 119 65 87 0.0189491
169 678 11 12 0.018910205
8 562 31 39 0.018758548
0 0 70 96 0.018751016
428 593 35 44 0.018697819
299 662 47 34 0.018652676
100 682 39 14 0.018551946
607 631 14 11 0.018504655
393 347 55 54 0.01847907
96 606 44 61 0.018428765
668 413 302 283 0.018052815
18 652 75 44 0.018048944
660 168 11 18 0.017986422
296 662 13 17 0.0178519
641 153 30 35 0.017637363
162 551 45 55 0.017598297
0 0 35 49 0.017504511
752 132 67 78 0.017463788
799 144 17 15 0.017385768
706 0 130 105 0.017202906
173 609 128 87 0.017199323
40 602 43 65 0.017199231
16 471 313 225 0.017043265
851 629 17 14 0.017012171
558 557 45 64 0.016989311
244 664 32 32 0.016937394
50 582 47 56 0.016897686
1 554 29 36 0.016874734
0 543 99 153 0.016871437
38 568 44 60 0.016846567
412 0 67 50 0.0168056
736 148 68 82 0.01679872
233 684 28 12 0.016777875
139 672 51 24 0.016718086
403 59 52 77 0.016685532
422 0 128 96 0.016618509
774 128 24 45 0.01652634
627 537 28 34 0.01651607
37 548 30 34 0.016507424
270 627 9 11 0.016495444
429 72 42 72 0.016332962
163 610 50 63 0.016219793
701 82 91 123 0.016107023
56 675 41 21 0.01609065
226 610 13 19 0.016086645
900 379 124 214 0.016065212
218 665 52 31 0.01600236
327 473 20 28 0.015831366
829 641 82 55 0.015810262
687 137 90 114 0.01580983
453 0 67 51 0.015797736
631 159 38 42 0.015740277
435 0 262 188 0.015715314
361 143 84 101 0.015706442
251 626 15 15 0.01561157
1007 679 17 17 0.015593233
172 578 34 46 0.0155672245
698 179 53 61 0.015565329
489 581 43 63 0.0155192185
130 632 8 9 0.015468461
131 584 35 48 0.01545765
303 175 40 34 0.015452565
92 0 143 104 0.015442088
493 0 68 54 0.015441178
223 648 71 48 0.015434286
779 143 24 41 0.015405459
393 0 103 76 0.015366792
123 556 204 140 0.015318161
376 357 47 62 0.015281718
666 631 105 65 0.015236139
409 30 67 99 0.015226064
0 0 148 188 0.0151506085
252 669 11 14 0.015140517
209 574 51 62 0.015125705
765 658 56 38 0.015115432
785 0 131 103 0.015109087
317 663 47 33 0.01510848
80 548 24 26 0.015089909
364 334 12 11 0.015081789
736 0 68 52 0.015080209
431 89 29 33 0.015065639
372 0 66 50 0.015026801
568 546 46 60 0.014972291
719 128 42 53 0.014969551
770 641 82 55 0.014940866
218 678 35 18 0.014850778
559 617 131 79 0.014822626
299 443 234 253 0.01481724
755 81 78 93 0.014814252
88 675 41 21 0.014797833
1019 0 5 15 0.014764658
93 0 288 201 0.014758954
776 0 68 52 0.014755672
718 160 55 69 0.014732008
532 0 70 54 0.014715786
1000 669 24 27 0.014634812
45 0 156 149 0.014627707
830 228 194 304 0.014587941
269 0 70 54 0.014583384
583 0 131 98 0.014582226
856 0 70 54 0.014566769
437 0 57 42 0.0145433955
135 551 44 53 0.014536434
990 407 34 77 0.014535389
228 0 71 55 0.014508543
775 120 25 33 0.014460899
397 0 57 42 0.014459993
695 0 68 52 0.014447165
568 665 11 11 0.014430532
255 660 24 26 0.014420008
816 0 69 53 0.014409911
573 0 70 54 0.014353876
810 11 214 400 0.014322908
344 0 125 96 0.014320868
24 0 72 56 0.014293421
796 126 19 26 0.014260063
746 0 127 136 0.0142376125
575 611 67 54 0.014235593
115 686 29 10 0.014209105
250 650 70 46 0.014185777
801 133 23 28 0.014168875
686 185 83 100 0.014144175
250 673 16 20 0.014139939
613 0 70 54 0.014117682
654 0 69 53 0.014115655
244 666 18 22 0.014105048
188 0 71 55 0.014102027
852 67 80 114 0.014091766
791 613 135 83 0.014080611
603 0 253 182 0.014080169
510 0 75 72 0.014060082
806 594 55 36 0.014059186
147 0 71 54 0.014042093
107 0 71 55 0.014035722
629 130 41 58 0.014002125
331 0 67 52 0.013987545
185 638 80 58 0.013978151
439 136 27 37 0.013955866
66 0 71 55 0.013952956
113 561 58 76 0.013952142
501 0 132 101 0.0139335785
406 132 74 100 0.013915469
169 587 65 74 0.013884866
17 6 88 113 0.013877005
13 563 14 14 0.013871296
337 323 16 11 0.0138669005
448 79 62 85 0.013840401
1006 0 18 27 0.013819924
870 102 82 117 0.013819735
564 581 60 60 0.013794646
367 339 10 9 0.013784068
8 548 37 40 0.013779017
295 570 56 75 0.013733828
275 172 137 168 0.013719891
285 0 240 180 0.013716866
343 661 48 35 0.013680214
0 0 22 32 0.013631234
972 598 52 84 0.0135870455
496 520 10 14 0.0135700535
648 644 11 12 0.013530253
23 426 78 110 0.013528936
714 34 105 142 0.01350519
0 545 50 80 0.013458835
11 557 23 25 0.013450236
256 255 82 115 0.013435399
550 0 76 73 0.013435257
219 629 10 11 0.013430752
425 72 119 146 0.0134054655
947 658 61 38 0.0134019265
331 682 27 14 0.01339702
478 0 57 43 0.013384994
60 573 71 87 0.013379588
740 642 74 54 0.013378198
0 220 301 403 0.013365607
246 0 76 74 0.013353818
220 686 29 10 0.013337839
172 501 65 86 0.01331237
137 570 43 53 0.013277696
221 601 20 27 0.013266965
714 506 194 190 0.013262588
874 0 76 72 0.013261294
864 0 141 108 0.013257226
197 548 44 57 0.013255921
202 686 23 10 0.013213283
42 0 78 75 0.013186434
720 0 58 43 0.013177908
213 626 11 13 0.01317428
442 660 48 36 0.013173071
88 572 67 90 0.0131623335
591 0 76 73 0.013147875
161 676 43 20 0.013131828
745 78 115 146 0.013126841
356 0 56 41 0.013125195
50 568 29 37 0.013122286
598 534 34 46 0.01310643
411 352 34 38 0.013105722
349 646 70 50 0.013079744
1021 0 3 9 0.013055832
897 0 71 54 0.0130409645
45 448 74 101 0.013035059
795 272 80 109 0.0130324345
857 661 64 35 0.0130067095
57 548 45 54 0.012995453
194 0 268 268 0.0129938945
984 583 40 60 0.012971537
62 606 13 20 0.012969615
83 0 78 74 0.012967505
700 607 143 89 0.012955118
0 554 6 12 0.012949026
848 7 85 110 0.012946968
68 569 45 55 0.012942009
461 661 47 35 0.012936775
483 663 46 33 0.012924836
178 682 29 14 0.012920505
328 170 26 24 0.012912972
21 564 13 14 0.012910583
700 656 55 40 0.012908478
492 647 72 49 0.0128889475
65 666 49 30 0.012878293
872 423 85 120 0.012866892
131 664 12 18 0.012866705
634 526 183 170 0.012831533
430 129 65 82 0.0128190005
144 680 34 16 0.012811152
25 599 33 37 0.012802933
0 658 58 38 0.012788714
678 0 107 81 0.012780899
107 558 45 56 0.01277718
319 677 34 19 0.012771557
276 642 64 54 0.012770615
261 671 36 25 0.012766187
526 632 97 64 0.012758102
19 97 85 124 0.01275409
130 0 149 140 0.012744424
145 639 73 57 0.012732737
731 89 38 57 0.012724173
19 179 85 124 0.0127082635
433 632 89 64 0.012697934
874 146 78 113 0.012659959
19 260 84 123 0.012659314
150 450 72 99 0.012653211
421 119 37 48 0.01265001
126 686 29 10 0.012649368
426 581 53 67 0.012640342
801 0 58 43 0.012605267
680 0 57 43 0.012601993
175 0 138 103 0.01259391
0 0 265 356 0.012575473
288 0 73 72 0.012570301
0 614 27 71 0.012570212
776 122 59 77 0.012562558
637 54 185 261 0.012554963
632 0 74 71 0.012551261
399 629 91 67 0.01253974
809 154 66 92 0.012524453
66 472 65 87 0.0125226835
14 573 46 53 0.012515576
585 247 50 56 0.012488481
19 342 85 123 0.0124808485
795 140 27 30 0.012472688
696 196 35 41 0.012457826
414 409 286 287 0.012447623
648 635 13 14 0.012438351
997 492 27 70 0.012436019
46 539 42 47 0.012405087
49 608 23 32 0.012387093
366 636 89 60 0.01237316
41 668 44 28 0.012372428
316 0 57 43 0.012363674
187 472 70 94 0.012355001
5 222 77 120 0.012343572
0 459 35 89 0.012335387
842 0 58 44 0.012329298
0 315 75 181 0.012326348
872 641 78 55 0.012323066
5 141 77 120 0.012283585
722 658 52 38 0.012281441
133 568 27 33 0.012281388
801 655 62 41 0.012267903
301 654 32 33 0.012231569
196 587 54 67 0.012226843
51 609 50 66 0.012215088
155 570 42 51 0.012206787
442 92 25 39 0.01220069
17 563 20 26 0.012199413
888 471 88 118 0.012199321
370 337 12 12 0.012190479
392 157 65 79 0.012190223
924 633 78 63 0.01218954
5 60 77 120 0.012146331
10 49 155 222 0.012145107
1018 606 6 33 0.01213992
554 236 73 80 0.012122717
119 660 16 14 0.0121213095
421 661 48 35 0.012106055
600 655 55 41 0.012100165
178 607 12 19 0.01209218
0 353 116 184 0.012069365
240 646 33 39 0.012059846
393 70 44 57 0.012053477
383 343 44 50 0.012045238
278 666 11 14 0.012035118
29 558 33 36 0.012022082
629 632 87 64 0.012010385
236 534 186 162 0.012001646
73 20 171 212 0.012000143
630 164 24 27 0.011998213
837 662 54 34 0.011990053
524 22 85 120 0.01197938
542 658 50 38 0.011976791
607 176 42 54 0.011963998
757 92 38 45 0.011960404
77 554 34 41 0.011948503
543 0 208 144 0.011940224
764 485 38 52 0.011935729
175 656 58 40 0.011935463
20 674 45 22 0.01191798
765 0 49 36 0.011911955
573 637 78 59 0.011911853
108 652 26 18 0.011911832
523 659 50 37 0.011898257
0 594 13 16 0.011893742
81 449 73 99 0.011888972
400 661 48 35 0.011876584
753 0 74 78 0.011853741
215 613 47 55 0.0118518295
774 293 79 109 0.011847475
190 686 13 10 0.011846623
581 533 40 48 0.011830098
100 623 31 38 0.011826888
194 674 41 22 0.011825173
853 461 92 114 0.011816007
275 240 126 169 0.011810687
170 677 18 18 0.01180923
549 223 50 45 0.011803844
886 62 88 121 0.011795127
0 582 23 34 0.01179402
10 450 69 99 0.011793118
528 666 10 10 0.011773841
310 679 30 17 0.011770726
788 138 37 53 0.011755143
488 10 80 104 0.011748112
0 546 25 31 0.0117424335
11 294 149 208 0.0117345955
213 0 60 44 0.011727321
67 536 64 77 0.011726311
563 6 88 112 0.011713265
55 6 90 112 0.011707916
310 637 66 59 0.011707167
183 678 9 10 0.011703257
421 343 41 46 0.011700868
929 30 95 206 0.011699825
839 614 29 27 0.011690501
0 418 37 94 0.011684897
0 290 58 110 0.011673682
267 669 12 19 0.011672644
146 0 116 81 0.011668941
0 180 122 207 0.011667812
214 0 217 142 0.011664258
0 107 58 111 0.01165453
514 355 75 99 0.011649958
343 247 123 155 0.011644275
685 118 60 79 0.011629978
36 58 87 123 0.01162673
1000 1 24 65 0.011623003
198 513 47 59 0.011620194
750 104 32 44 0.011606836
0 188 58 111 0.011595261
741 462 14 16 0.011590775
249 163 73 86 0.011590392
817 258 73 96 0.011588332
575 131 72 98 0.011588128
50 613 13 19 0.011587746
90 685 27 11 0.011585641
570 647 22 19 0.011584553
36 220 87 123 0.01157655
389 83 37 60 0.011569227
327 463 33 46 0.011564547
171 616 31 38 0.011560098
864 613 139 83 0.011555525
37 552 14 14 0.011550395
741 119 29 39 0.011546445
68 540 37 40 0.011520862
117 675 44 21 0.0115036955
173 0 59 44 0.011501137
0 378 38 95 0.0115011055
583 647 12 10 0.011490781
117 654 14 11 0.011487598
311 545 60 83 0.011486857
56 180 87 123 0.011477033
159 513 54 69 0.011464513
36 301 87 124 0.011461612
132 0 60 44 0.011453586
640 170 285 346 0.011453117
36 139 87 124 0.011449192
771 278 160 224 0.011447341
864 124 55 73 0.011438555
365 341 10 10 0.011437762
532 255 83 91 0.011435096
297 664 8 11 0.011424572
512 554 63 85 0.01142397
9 0 60 47 0.011423314
0 0 9 12 0.011422218
16 550 47 57 0.011420781
623 640 11 12 0.011403992
179 616 10 13 0.011393119
56 261 87 123 0.011391209
333 674 39 22 0.011388344
647 184 16 14 0.011378308
652 157 81 98 0.011366084
378 661 52 35 0.01136308
422 174 45 53 0.011359832
554 530 180 166 0.0113464715
1022 616 2 23 0.0113396505
123 425 79 108 0.011329824
977 309 47 105 0.011327877
736 472 73 96 0.011326352
56 98 87 124 0.011312207
55 342 88 124 0.011303953
611 536 35 44 0.011303449
650 431 205 204 0.011301875
891 164 84 118 0.0112991035
259 0 131 93 0.011291868
252 666 8 11 0.011291668
763 643 26 20 0.011268863
545 62 84 117 0.011262656
300 0 48 35 0.01126207
561 657 50 39 0.01125287
474 581 40 59 0.0112419985
251 682 33 14 0.0112345675
35 555 14 17 0.011233269
179 492 48 61 0.011230116
463 611 133 85 0.011228301
766 151 28 33 0.011222807
135 601 48 65 0.011221858
76 681 33 15 0.011209003
164 395 297 301 0.011206862
323 155 83 94 0.011201137
171 628 12 12 0.01118624
997 527 27 64 0.011183788
938 0 71 55 0.0111795
268 86 160 172 0.011177232
149 543 44 44 0.011172546
425 300 45 60 0.011163311
598 557 38 53 0.011147104
79 559 9 12 0.011129611
39 547 21 21 0.011111836
360 337 12 12 0.01111104
111 516 64 82 0.011110451
0 601 22 47 0.011087439
0 31 38 100 0.011084516
985 658 39 38 0.011082028
623 175 41 51 0.011069627
383 508 176 188 0.0110632535
859 172 73 105 0.011049268
162 684 25 12 0.011048186
265 685 30 11 0.011044909
609 549 28 39 0.011043751
76 220 88 123 0.011039701
683 80 61 86 0.01103459
967 470 57 105 0.01102587
650 165 28 41 0.010995115
522 0 49 35 0.010989414
310 617 24 33 0.0109882355
20 572 14 18 0.010982614
58 483 46 61 0.010971201
152 673 13 12 0.01096996
786 401 47 61 0.010967907
383 0 203 141 0.010966994
657 171 18 28 0.010961642
37 384 85 122 0.01095629
0 337 38 96 0.010952886
661 655 58 41 0.010938413
611 192 49 56 0.010932253
0 405 162 291 0.010930988
624 167 23 31 0.010926128
1017 618 7 34 0.010922375
828 486 86 103 0.010920674
414 566 25 24 0.010920172
0 255 38 98 0.010917808
269 667 19 22 0.010915386
331 73 84 98 0.01090997
313 165 41 35 0.010909189
734 632 15 12 0.010908852
0 683 12 13 0.01089739
592 675 12 12 0.010896952
760 633 16 14 0.010891084
811 595 39 23 0.010887453
335 364 12 18 0.010884771
563 560 29 43 0.010875334
209 490 70 93 0.010867162
76 140 88 123 0.010866609
76 301 88 123 0.010859799
173 681 10 10 0.010859652
714 321 163 237 0.010848923
848 249 83 112 0.010846339
644 0 48 35 0.0108435135
252 658 12 15 0.010836789
405 327 46 53 0.01083534
305 610 23 33 0.0108235935
928 668 48 28 0.010800608
556 448 69 91 0.01079749
892 101 132 210 0.010794671
374 306 52 60 0.010779528
314 0 105 74 0.010777956
834 152 68 100 0.0107675595
575 218 66 74 0.010765255
48 679 34 17 0.010755497
194 680 12 13 0.010748635
640 529 58 75 0.010748592
96 669 15 16 0.010743264
1001 439 23 70 0.010731936
883 669 53 27 0.01073064
803 140 16 16 0.010721026
200 40 86 121 0.010711152
0 154 38 98 0.010701286
591 453 69 86 0.0106962025
887 609 44 49 0.0106903035
72 510 53 67 0.010686786
670 259 76 89 0.010673171
828 281 85 123 0.010666754
380 297 114 157 0.010663517
0 549 5 13 0.010655875
971 251 53 113 0.010655388
618 111 47 66 0.010654816
0 73 38 98 0.010646742
33 617 13 21 0.010645574
275 180 53 50 0.010644868
487 611 41 50 0.010643322
182 428 79 111 0.01064138
0 473 22 62 0.010639633
97 261 87 122 0.010627006
1014 685 10 11 0.010625647
799 655 12 13 0.010625168
820 599 51 45 0.010620156
748 611 48 49 0.010617718
259 0 49 35 0.010602699
541 562 41 60 0.010602529
76 58 89 123 0.010601514
455 17 69 95 0.010599831
38 482 45 61 0.010595188
249 669 9 11 0.010591349
1004 412 20 59 0.010590713
971 191 53 112 0.010587311
35 0 50 36 0.010582892
359 184 89 108 0.010580294
343 66 138 162 0.010578755
144 572 14 18 0.010577266
1002 575 22 54 0.010575918
129 472 68 90 0.010568062
715 194 49 55 0.01056805
97 98 88 123 0.010567589
970 30 54 111 0.010566641
443 150 44 54 0.010562515
844 98 61 88 0.010562502
110 601 54 66 0.010550068
651 181 16 13 0.010546296
586 167 54 71 0.010543181
43 553 20 21 0.010532416
426 652 21 24 0.010522747
272 662 18 20 0.010522238
385 124 50 60 0.0105188945
655 281 73 87 0.010509938
930 586 94 110 0.0105082365
97 342 88 123 0.010506975
544 184 43 55 0.010494113
719 124 28 40 0.010487723
275 669 38 27 0.010478971
971 130 53 112 0.010476844
93 553 13 16 0.010474522
1018 0 6 30 0.010472038
887 0 48 35 0.010465885
0 676 21 20 0.010465079
119 580 33 42 0.010463904
274 549 65 83 0.010460239
612 644 72 52 0.010458143
647 196 83 98 0.010456527
433 178 62 79 0.010451922
728 131 12 15 0.010448526
563 0 48 35 0.010445093
384 262 77 96 0.010440878
590 527 33 33 0.010434956
292 650 12 13 0.010432818
816 461 74 98 0.010428476
199 484 46 62 0.010414862
703 45 73 106 0.010399167
477 528 65 99 0.010398461
84 630 14 12 0.010397155
744 149 44 47 0.010396686
1010 576 14 38 0.010391612
443 173 43 52 0.010386033
305 279 41 49 0.010378823
853 396 80 102 0.01037871
752 331 78 106 0.010372919
223 564 71 85 0.0103633115
906 431 88 132 0.01036008
89 485 44 57 0.010356816
871 224 82 115 0.01035614
85 573 29 37 0.010355209
751 159 115 142 0.010350558
932 485 81 108 0.010349574
286 580 43 56 0.010349381
803 145 23 38 0.0103368
603 0 49 35 0.010335836
305 623 36 48 0.010333078
635 172 25 31 0.010329932
547 228 14 12 0.010328738
95 666 25 25 0.010327341
238 0 49 35 0.010326243
603 614 57 50 0.010319821
578 651 12 10 0.010319496
308 269 62 76 0.01031865
433 356 29 29 0.010318435
420 68 32 41 0.01031566
226 113 228 281 0.010314326
424 204 47 47 0.010312953
358 384 55 80 0.010309635
257 670 16 20 0.010307705
360 93 68 84 0.010303359
39 163 166 230 0.010300831
118 301 86 123 0.010279588
906 658 52 38 0.010274024
158 38 88 123 0.010266168
793 140 18 21 0.0102644935
118 58 87 123 0.0102630835
894 608 70 78 0.010255737
710 117 111 141 0.010254738
68 51 329 411 0.010249226
460 469 62 86 0.010246656
765 401 47 60 0.010245703
0 555 10 17 0.010245354
969 388 55 141 0.0102435425
97 180 88 123 0.010242824
38 372 156 195 0.010242118
1007 499 17 48 0.010241518
894 399 80 117 0.010239351
178 549 46 47 0.010236
495 344 71 91 0.010233371
0 503 33 89 0.010227369
18 573 20 27 0.010225262
534 161 45 67 0.010217645
56 0 49 35 0.010213812
534 208 73 86 0.010213241
292 524 67 86 0.010209043
210 632 12 14 0.010201938
142 596 28 33 0.010193261
139 363 86 122 0.010193238
335 205 66 80 0.010191218
438 102 80 97 0.010189
598 626 51 56 0.010187257
787 131 15 24 0.010185838
194 681 26 15 0.010185748
223 607 13 19 0.010172744
819 257 48 61 0.010168701
310 584 60 79 0.010165489
382 107 112 152 0.010164975
54 685 23 11 0.010164415
833 423 79 101 0.01016336
331 323 14 10 0.010146061
672 358 72 99 0.010144251
9 564 12 13 0.01013665
550 665 10 11 0.010128983
107 473 45 62 0.010127636
246 622 31 38 0.01012748
809 570 73 75 0.010127031
114 569 27 35 0.01012673
288 672 40 24 0.010126661
979 363 45 99 0.010118806
447 0 38 27 0.01011415
789 322 84 119 0.010112591
779 164 77 90 0.01010521
239 21 85 120 0.010097342
77 405 84 115 0.010086413
26 500 68 92 0.010079977
525 148 44 62 0.010073246
747 586 72 80 0.010069957
806 400 49 62 0.010068323
837 2 68 78 0.010057793
279 682 26 14 0.010050342
620 543 38 52 0.010043951
908 81 89 124 0.010039312
549 680 35 16 0.010035494
81 555 16 16 0.010025825
40 576 28 39 0.010022937
429 22 70 95 0.010020781
188 462 47 67 0.010020763
491 594 65 80 0.010019034
474 461 40 54 0.01001783
501 670 49 26 0.010006118