55_Sports_Coach_Trainer_sportcoaching_55_859
1171
588 261 52 67 0.8639338
805 259 62 93 0.8547301
152 295 46 60 0.85382855
413 291 41 57 0.85327405
73 201 61 87 0.8457524
265 289 45 58 0.8456302
880 964 46 34 0.08684245
30 192 33 52 0.06340899
812 894 28 23 0.06328359
132 509 49 55 0.054865904
167 290 56 67 0.052039027
415 305 51 66 0.045657463
136 274 54 72 0.04563563
82 473 39 40 0.04417351
215 290 52 69 0.037356377
884 972 33 20 0.035221234
34 192 50 67 0.03473454
38 198 85 106 0.034176935
113 666 53 63 0.03337498
244 303 63 77 0.03258383
269 309 50 63 0.032220874
585 291 52 66 0.031602483
596 235 47 72 0.030140812
169 308 33 46 0.02989876
399 275 62 86 0.02964902
99 223 34 64 0.029107084
454 463 13 13 0.028728534
49 178 65 84 0.02796961
1009 1002 15 22 0.02770388
148 236 55 78 0.027296234
417 276 36 48 0.026843559
0 0 51 70 0.026826784
77 227 71 93 0.026250768
430 293 46 62 0.026130892
810 278 83 108 0.026083702
265 247 54 78 0.02582234
0 0 207 274 0.025532892
210 316 55 71 0.025360323
29 189 22 39 0.025286833
963 0 61 79 0.025041096
0 460 27 49 0.025029065
545 258 60 74 0.023974951
611 300 32 39 0.023917845
0 670 29 63 0.023697281
133 294 26 38 0.023593538
859 302 45 58 0.023375658
240 283 48 62 0.02323961
265 325 36 45 0.02317601
128 309 59 71 0.023147985
429 624 35 44 0.023131011
0 472 14 38 0.023115607
604 308 41 49 0.023090297
88 286 61 76 0.023016352
864 731 160 293 0.022954803
580 326 54 66 0.022876162
0 398 46 89 0.022768816
886 967 31 16 0.022484379
972 973 52 51 0.022472255
61 466 47 46 0.022257827
515 732 30 41 0.022214228
749 0 275 270 0.021994157
133 277 36 47 0.021946087
799 211 70 110 0.021898827
803 275 32 60 0.021864558
98 192 71 96 0.021860687
169 869 23 16 0.02182353
223 414 39 48 0.021819372
922 0 102 146 0.021531394
391 283 47 63 0.021511557
568 252 54 70 0.021509217
1003 0 21 41 0.021466414
29 249 67 81 0.021284334
133 260 90 110 0.02122299
794 394 27 33 0.021181539
0 0 32 46 0.020996463
943 882 81 142 0.020892432
787 239 65 95 0.020723732
0 781 22 39 0.020677594
238 342 60 72 0.020663287
810 308 49 62 0.020631582
28 0 420 295 0.020447293
168 279 38 54 0.020419018
0 0 99 138 0.020320527
451 463 11 16 0.020240292
175 313 59 70 0.020183166
569 352 63 69 0.02017875
414 243 54 78 0.020144125
256 295 38 43 0.02013129
845 277 53 71 0.02011323
840 243 83 114 0.020086663
971 325 11 13 0.020084213
170 334 29 32 0.019937301
2 649 99 122 0.019927075
3 193 70 95 0.01991334
258 336 50 59 0.019909846
428 331 34 42 0.019903172
744 246 80 107 0.019820523
154 281 38 49 0.019786574
69 147 80 126 0.019667039
78 763 19 20 0.019641887
161 312 49 61 0.019506034
818 890 24 19 0.01950428
364 289 54 69 0.019346023
86 485 30 40 0.0191972
282 301 39 47 0.018993655
0 948 52 76 0.018988645
609 288 50 62 0.018886259
929 195 49 63 0.018806351
425 326 29 34 0.018795516
129 0 103 82 0.018773735
0 120 88 230 0.018749058
277 0 412 275 0.018743748
188 0 104 82 0.018661823
39 0 102 81 0.01862374
247 0 105 83 0.018606326
75 816 18 23 0.01860134
664 0 105 83 0.018590188
307 0 105 83 0.018557992
724 0 105 83 0.018554926
486 0 104 83 0.018550312
79 176 50 75 0.018548211
605 0 104 83 0.018540446
426 0 105 83 0.018530328
0 508 27 56 0.018528715
545 0 105 83 0.018527187
366 0 105 83 0.01851325
784 0 103 82 0.018502899
791 280 57 77 0.018468551
1011 0 13 27 0.018277438
197 271 86 105 0.018274803
407 336 50 58 0.018154455
0 618 18 41 0.018127693
34 707 55 67 0.018066071
932 658 92 331 0.017991273
624 308 22 30 0.017984688
388 343 59 73 0.017851027
290 290 58 69 0.017823303
275 272 50 69 0.017786255
844 0 103 81 0.017772684
1 681 41 71 0.01770738
811 901 21 21 0.017698344
207 345 59 74 0.017682455
293 316 34 43 0.017535862
57 210 52 63 0.017494544
804 249 35 56 0.017390607
169 337 47 58 0.017346142
0 879 107 145 0.017342111
27 70 390 431 0.01733227
832 279 46 62 0.017320937
400 332 35 42 0.017271087
119 343 61 76 0.017263219
896 976 27 20 0.017240904
776 302 67 82 0.017172059
0 657 212 367 0.017140113
456 463 18 18 0.017134339
808 885 39 38 0.01711618
877 964 30 24 0.017095475
0 0 21 29 0.017072124
358 349 56 71 0.017049454
5 179 147 199 0.017039834
613 259 60 73 0.017034382
889 978 22 16 0.017013427
71 273 103 127 0.017010318
102 253 30 44 0.017008679
991 719 33 104 0.01699987
1000 994 24 30 0.016954338
408 271 37 35 0.01693036
0 237 44 121 0.016926661
351 683 17 18 0.016891219
606 270 44 53 0.016753064
0 109 57 141 0.016744412
24 625 32 39 0.01668145
106 665 78 98 0.016655317
911 209 60 81 0.0166093
905 516 31 38 0.016589267
0 567 26 42 0.016568271
0 994 27 30 0.016550576
951 321 18 22 0.016513547
249 261 51 72 0.016496753
516 0 410 285 0.016479088
389 12 182 234 0.016460849
0 1005 18 19 0.016440272
997 610 27 93 0.016439384
446 266 54 69 0.016419873
0 338 28 67 0.016402407
904 0 103 86 0.016395742
95 477 35 45 0.01638838
323 744 22 23 0.01637961
118 505 44 52 0.016350623
12 286 108 143 0.016311774
823 244 62 79 0.016236326
5 458 43 47 0.016210109
564 280 45 56 0.016204778
254 310 40 48 0.01619961
872 321 38 43 0.016194997
7 586 19 23 0.016187139
119 287 31 41 0.016181277
270 273 36 49 0.016149513
288 323 48 59 0.016076218
72 478 48 59 0.016061282
31 649 17 18 0.016045738
1008 820 16 62 0.015995525
803 330 36 44 0.015985366
17 0 84 65 0.015899235
915 189 34 46 0.01578931
115 225 59 80 0.015780307
0 676 19 37 0.015690709
49 456 73 71 0.015674341
991 792 33 97 0.01550691
107 214 38 56 0.015473262
781 592 243 432 0.015452253
915 172 53 70 0.015397769
361 320 54 69 0.01538679
950 806 53 72 0.015350084
238 303 34 44 0.015334026
146 476 61 70 0.015239537
945 187 57 74 0.015233439
0 224 29 82 0.015225255
0 331 45 127 0.015216064
0 257 28 82 0.015203061
940 215 34 53 0.01519968
166 0 87 65 0.01519906
505 11 180 243 0.015195771
107 0 86 65 0.015171398
0 602 21 38 0.015155618
1008 1014 16 10 0.015152328
45 264 93 115 0.015148209
310 628 31 39 0.015096101
226 0 86 66 0.015095218
811 240 47 62 0.015089038
948 208 35 49 0.015073892
1000 7 24 84 0.015042416
285 0 87 66 0.015038029
969 587 55 151 0.015016085
631 22 182 230 0.014993619
702 0 87 66 0.014992461
643 0 87 66 0.014991005
762 0 87 66 0.014973425
835 315 56 63 0.014973318
345 0 87 66 0.014968099
822 0 85 65 0.014967401
331 74 173 239 0.014967046
583 0 87 66 0.014958361
148 339 58 74 0.014951697
524 0 86 66 0.014951419
464 0 87 66 0.014950799
404 0 87 66 0.014944806
404 306 40 50 0.014922569
0 499 18 47 0.014913716
64 804 29 35 0.014913258
117 293 49 61 0.0149064325
967 321 12 16 0.014890019
802 338 63 79 0.014864123
0 307 28 67 0.014839376
363 560 416 464 0.014814577
180 346 59 73 0.014801242
895 971 23 14 0.014794136
973 659 51 150 0.014791739
267 16 176 224 0.014773524
0 532 28 67 0.014761578
558 0 199 148 0.014725483
974 731 50 149 0.014713458
452 79 170 236 0.014689846
586 249 42 47 0.014672828
998 155 26 83 0.014671145
876 326 24 27 0.014652014
818 319 91 115 0.014645569
114 172 61 84 0.014644459
0 238 90 245 0.014642555
439 0 199 149 0.014622361
0 271 72 115 0.014618247
0 22 51 132 0.014609705
974 328 11 13 0.01458457
820 330 54 61 0.01456031
896 225 55 76 0.014555284
581 271 37 44 0.014530842
1017 0 7 50 0.014522808
676 0 201 149 0.014512377
426 310 29 38 0.014459632
88 316 62 76 0.014444022
148 270 39 28 0.014410286
320 0 200 145 0.0144089125
991 289 33 79 0.014407556
1002 589 22 80 0.014403491
440 313 39 50 0.01439933
131 541 32 25 0.01438938
945 322 28 39 0.01437275
0 424 35 88 0.0143712135
68 0 107 106 0.014359812
974 401 50 118 0.014333432
579 203 77 114 0.014332162
0 407 70 117 0.014326457
208 68 172 233 0.0142618315
863 971 66 53 0.01425218
969 995 40 29 0.0142460205
882 0 86 66 0.014238111
963 209 61 130 0.0142375305
0 655 52 79 0.014226774
204 0 194 147 0.014190646
0 383 32 79 0.0141904745
583 239 87 109 0.014152217
117 634 58 82 0.014147997
941 544 83 313 0.014145955
0 477 20 54 0.01414526
1020 850 4 42 0.014143404
236 406 29 43 0.014129841
138 519 61 69 0.014122001
268 558 15 22 0.014110216
935 205 56 84 0.014101545
0 573 150 295 0.014028076
94 0 51 40 0.014010581
266 757 30 34 0.0139931915
887 205 55 74 0.01397256
25 285 66 79 0.013969398
0 146 26 68 0.013961036
438 334 17 27 0.013952203
798 0 199 145 0.013942095
963 810 33 43 0.0139305955
0 674 53 125 0.013924481
201 640 34 43 0.013919074
86 0 190 148 0.013898809
123 0 52 40 0.013895454
44 465 42 46 0.0138821155
0 333 18 47 0.013870131
154 30 171 215 0.013853339
1013 842 11 54 0.013834219
853 0 51 40 0.013828803
64 0 51 39 0.013812919
898 0 51 39 0.013812843
735 269 108 135 0.013807422
15 682 59 76 0.013799882
823 0 52 40 0.013798983
153 0 51 40 0.013790797
20 130 90 128 0.01378448
311 632 22 25 0.013782178
794 0 51 40 0.013770906
94 494 41 50 0.013766986
436 281 68 85 0.013766699
19 0 51 40 0.013763833
0 485 8 21 0.013762575
328 348 58 72 0.013762513
764 0 51 40 0.01376017
183 0 51 40 0.013757777
734 0 51 40 0.0137569215
555 0 52 40 0.01375637
525 0 52 40 0.013756304
585 0 51 40 0.013756181
496 0 51 40 0.013756134
466 0 51 40 0.013756002
436 0 51 40 0.013755934
406 0 52 40 0.013755891
376 0 52 40 0.013755857
704 0 52 40 0.013755833
615 0 51 40 0.013755775
347 0 51 40 0.013755765
317 0 51 40 0.013755584
645 0 51 40 0.01375542
674 0 52 40 0.013755405
287 0 51 40 0.013755107
257 0 52 40 0.013754206
876 973 32 30 0.013753942
228 0 51 40 0.013753154
7 555 107 135 0.0137474965
250 334 34 41 0.013745904
998 110 26 86 0.013744513
27 215 40 60 0.01373787
935 330 22 32 0.01371442
99 265 40 51 0.013712323
330 293 54 69 0.013694147
999 65 25 85 0.013691088
995 659 29 86 0.013688766
571 304 52 64 0.013671252
1000 200 24 82 0.013666254
1020 0 4 42 0.0136625925
409 331 70 89 0.013661215
959 196 31 50 0.013643641
0 525 18 50 0.013636328
993 690 31 88 0.0136211
281 319 28 35 0.013611059
1 625 29 46 0.013609927
949 357 9 11 0.013568858
330 321 55 70 0.013549851
33 173 43 59 0.013543835
0 160 37 101 0.013534489
908 976 19 28 0.013530677
0 830 30 68 0.013504176
113 494 79 87 0.013499197
216 425 33 45 0.013481289
101 196 34 54 0.013476981
29 204 21 39 0.013468407
961 317 14 19 0.013464554
928 0 51 40 0.013463595
179 238 55 70 0.013435715
1022 852 2 38 0.013365866
267 269 31 36 0.013361537
297 334 32 40 0.013347206
991 425 33 79 0.013340252
1009 166 15 59 0.013339937
220 803 26 21 0.013326546
749 285 58 75 0.013322928
29 472 65 67 0.013317063
29 187 16 25 0.013309091
117 258 32 44 0.013304785
415 649 211 310 0.013299453
39 15 107 143 0.01327995
0 289 18 45 0.01323734
455 468 11 12 0.013236814
35 188 25 34 0.01322442
572 636 35 49 0.013222596
0 115 27 68 0.013213656
83 238 44 57 0.013202947
964 86 60 137 0.0131974425
489 377 12 15 0.013188686
0 11 28 69 0.013174758
132 765 38 40 0.013168955
923 203 31 50 0.013168719
0 861 54 131 0.01316346
233 310 47 58 0.0131607875
690 77 175 236 0.013147279
1010 92 14 57 0.013128415
586 805 26 18 0.013126616
1011 4 13 56 0.013115174
113 265 45 60 0.013112601
38 226 57 68 0.013096882
183 592 65 80 0.0130961845
122 687 46 60 0.013090016
59 610 51 63 0.013088511
0 788 29 53 0.0130885085
796 397 20 19 0.013070729
1011 196 13 56 0.013067259
205 379 60 75 0.0130561525
111 239 35 50 0.013053649
1021 0 3 23 0.013051967
7 364 104 133 0.013042476
809 242 36 38 0.013033942
0 650 30 56 0.013014449
149 495 37 52 0.012995029
810 897 16 19 0.012949458
999 231 25 82 0.012928744
881 914 49 61 0.012925602
251 284 84 108 0.012916192
0 604 34 56 0.012909802
976 301 48 112 0.0129087465
287 90 376 383 0.012904391
0 438 49 127 0.012893772
953 175 30 43 0.01287578
249 294 25 38 0.0128585305
0 519 13 36 0.0128542585
134 551 19 14 0.012850912
162 222 86 111 0.012839541
952 325 11 14 0.0128386635
0 260 16 45 0.012833896
1001 261 23 79 0.012830233
350 270 82 109 0.0128267575
1006 40 18 73 0.012821366
790 144 90 129 0.012817501
964 538 60 139 0.012815984
4 589 57 79 0.012815586
132 330 36 44 0.012813985
980 253 44 102 0.012813164
965 452 59 130 0.012801244
964 151 60 126 0.012785984
816 245 203 230 0.012778749
424 595 46 70 0.012770774
392 411 23 17 0.012761293
13 628 18 25 0.012756269
0 156 16 46 0.012750332
400 175 91 133 0.012745582
857 222 71 98 0.012740666
1006 623 18 65 0.012738996
82 994 8 10 0.012738782
88 138 162 206 0.012727167
106 559 11 15 0.012723434
0 42 32 91 0.012706221
99 709 13 16 0.012691947
161 345 34 42 0.012686564
0 635 15 35 0.012661181
578 142 91 135 0.012634101
997 764 27 88 0.01261802
398 287 26 39 0.012615749
1010 122 14 58 0.012615052
869 288 17 29 0.012614189
1011 29 13 62 0.012606925
379 341 45 54 0.012575024
0 538 47 121 0.012574153
104 652 47 60 0.012569203
1005 793 19 72 0.012558359
45 78 93 138 0.012555033
383 307 46 61 0.012548357
179 6 120 166 0.0125464015
17 172 39 65 0.012542115
883 974 18 16 0.012530798
0 801 52 128 0.01251558
329 266 55 71 0.01251372
1015 302 9 53 0.012497349
253 179 88 130 0.012474759
514 948 105 76 0.01246775
804 347 32 39 0.012459275
51 202 38 48 0.01245739
655 4 120 168 0.012453399
98 795 28 33 0.012450838
743 309 69 88 0.012446275
880 987 24 20 0.0124373175
417 3 121 170 0.012432357
677 806 39 40 0.012432273
566 77 179 237 0.012425796
897 976 15 13 0.012420004
604 950 105 74 0.0123812435
0 858 30 69 0.012375669
0 86 27 68 0.012365452
998 401 26 76 0.012361054
759 324 89 110 0.0123609565
340 947 104 77 0.012352809
940 147 55 80 0.012351473
776 7 118 165 0.012348124
1023 858 1 37 0.0123449145
0 453 17 43 0.0123425815
760 1001 14 18 0.012338846
83 0 42 32 0.012336182
185 948 107 76 0.012320045
917 0 42 32 0.012308602
600 326 44 50 0.012297588
1011 227 13 55 0.01229602
978 989 22 20 0.0122887045
112 0 43 32 0.012282692
157 332 32 37 0.012275828
15 197 41 69 0.012273239
1012 331 12 51 0.012264868
856 330 51 57 0.012261271
887 0 43 32 0.0122428825
0 520 8 18 0.012240509
979 335 7 9 0.012231662
0 361 18 49 0.012225312
1009 283 15 64 0.012224835
537 4 119 167 0.012224812
938 86 86 219 0.012215133
99 942 107 82 0.012210853
822 948 99 76 0.012205079
52 0 43 32 0.01219471
238 350 29 37 0.012170501
237 379 60 74 0.01216631
133 287 19 34 0.012157977
842 0 43 32 0.012149966
142 0 43 32 0.012146209
136 269 36 35 0.012142299
7 622 47 56 0.0121325785
796 362 44 55 0.012131202
953 338 11 13 0.012129754
151 502 61 62 0.012122131
202 801 40 51 0.012109148
812 0 43 32 0.012099787
944 134 17 21 0.01209639
595 474 16 21 0.012095075
0 691 105 265 0.012090711
158 559 424 465 0.012088518
172 0 43 32 0.01208403
783 0 43 32 0.012077669
0 125 17 47 0.012070684
753 0 43 32 0.012070674
202 0 43 32 0.012069653
723 0 43 32 0.012068577
574 0 43 32 0.012068231
544 0 43 32 0.012068185
604 0 43 32 0.01206806
514 0 43 32 0.012068024
485 0 43 32 0.012067853
131 536 58 77 0.01206784
693 0 43 32 0.012067818
634 0 43 32 0.012067776
455 0 43 32 0.012067753
425 0 43 32 0.0120677175
395 0 43 32 0.012067688
365 0 44 32 0.012067656
663 0 43 32 0.012067616
336 0 43 32 0.012067573
306 0 43 32 0.012067378
276 0 43 32 0.012067053
246 0 43 32 0.012066821
587 236 38 39 0.012052998
270 554 13 17 0.01203062
867 0 54 52 0.01202097
0 879 34 89 0.012011991
279 348 34 39 0.012001333
757 948 104 76 0.012000169
425 272 32 35 0.011994275
804 301 35 53 0.011984431
963 315 8 9 0.0119811455
997 344 11 15 0.011977606
446 319 56 70 0.011965798
395 948 106 76 0.011965722
55 184 43 54 0.011946918
279 251 85 105 0.01194394
7 0 44 34 0.011937841
247 950 104 74 0.011930744
0 737 49 128 0.011923804
0 0 13 17 0.011920066
1003 325 21 66 0.011915128
116 173 100 127 0.0119020315
459 949 106 75 0.0118884025
994 466 30 83 0.01188151
1015 1007 9 17 0.011880101
106 680 42 56 0.011862107
622 317 32 40 0.0118531585
556 293 85 108 0.011840417
0 662 17 36 0.0118305525
959 833 65 136 0.011827898
462 30 146 192 0.011815985
202 374 16 25 0.011812491
957 0 52 41 0.011812053
1021 9 3 53 0.011787574
891 973 41 39 0.011785266
127 603 98 119 0.011780149
0 699 27 72 0.011775438
946 187 31 51 0.011767246
891 475 49 68 0.011755466
1022 0 2 38 0.011750341
824 172 54 72 0.011748038
698 952 102 72 0.011738999
177 378 62 74 0.011727805
1016 208 8 47 0.011726419
0 416 25 51 0.011724598
352 777 31 32 0.011718913
974 909 50 87 0.011718559
967 33 57 127 0.011716122
187 771 90 116 0.011715958
1017 845 7 40 0.011708623
238 29 119 173 0.0117073
43 680 53 68 0.011705474
846 300 87 111 0.011689137
785 72 108 153 0.011677767
1013 980 11 44 0.011671418
0 654 14 27 0.011666633
463 203 165 204 0.011657638
116 187 32 47 0.01165724
0 592 79 147 0.011642455
816 345 35 41 0.011639624
37 939 104 85 0.011636382
0 316 55 87 0.0116296755
1011 257 13 56 0.011619263
927 236 54 82 0.011619138
0 230 15 46 0.011618973
802 274 23 41 0.011618224
148 205 57 77 0.011600111
0 743 23 63 0.011594851
934 336 14 24 0.011589272
1021 208 3 46 0.011583907
447 336 29 38 0.011574855
79 766 11 14 0.011569828
174 899 67 83 0.011562702
5 789 16 23 0.011551431
105 568 90 125 0.011549197
0 919 32 69 0.011547262
207 780 31 34 0.011542732
396 521 38 47 0.011541049
267 202 59 85 0.011540493
122 463 56 74 0.011531264
618 247 36 49 0.011530549
816 898 14 14 0.01152892
838 154 52 74 0.011527123
178 278 25 37 0.011519035
92 902 63 80 0.011513537
15 696 83 103 0.01150838
519 713 33 48 0.011501608
0 44 28 46 0.011497655
1022 863 2 42 0.011495846
283 986 59 38 0.011495657
824 244 46 37 0.011491942
946 0 44 33 0.011484501
731 334 85 109 0.011483807
34 612 57 62 0.011477961
930 158 45 64 0.011476396
886 981 19 16 0.011465643
974 144 50 73 0.011457416
1005 372 19 72 0.011454776
1004 447 20 57 0.0114425905
985 339 8 9 0.011440558
530 264 84 112 0.0114221005
0 104 205 514 0.011420951
87 343 64 80 0.011407867
63 995 55 29 0.011407847
147 376 61 75 0.01140679
169 621 90 118 0.011393036
756 73 268 412 0.011391828
112 367 13 19 0.011391535
981 516 43 99 0.011389632
18 454 64 64 0.011388168
233 427 33 47 0.011384787
112 606 57 75 0.011383795
0 869 18 47 0.011375865
290 309 71 86 0.011371719
943 831 56 81 0.011356398
0 614 10 24 0.011344998
904 201 42 52 0.011343205
626 987 60 37 0.011342918
165 327 89 111 0.011340784
419 537 54 75 0.011330616
1021 186 3 47 0.011306115
586 32 147 190 0.011302757
589 791 18 15 0.011298079
0 517 46 67 0.011297875
523 869 18 29 0.011290816
918 219 30 48 0.011288583
1021 231 3 45 0.01128462
358 26 119 177 0.011269587
271 144 167 223 0.011263078
718 447 51 45 0.011263073
356 880 117 144 0.011260665
69 36 101 148 0.011253984
448 234 56 76 0.011249667
124 528 92 115 0.011247346
885 181 55 70 0.011241525
1016 185 8 49 0.011234266
0 372 23 62 0.011226255
820 891 16 12 0.011222176
1018 861 6 43 0.011221486
209 987 59 37 0.011220086
946 436 78 236 0.011219406
538 321 58 72 0.011217348
192 140 293 303 0.011206391
103 506 38 49 0.011203463
99 175 36 50 0.011179578
818 985 61 39 0.011176332
75 851 40 57 0.011160077
967 212 28 38 0.011159624
359 986 59 38 0.011153749
939 327 85 221 0.011150893
433 295 29 42 0.011150442
116 523 50 60 0.011150048
710 236 160 210 0.011140877
58 165 35 34 0.011139391
431 214 88 119 0.011131174
655 986 62 38 0.011128477
273 522 30 38 0.011127632
1019 830 5 47 0.0111264875
97 789 42 50 0.011124416
854 498 90 120 0.011123008
811 882 179 142 0.011122886
415 200 61 86 0.011121965
1005 655 19 63 0.0111201415
0 753 15 44 0.011120032
969 796 33 44 0.011117088
875 0 36 26 0.011112591
517 642 391 382 0.011107514
127 652 72 86 0.011102537
591 974 74 50 0.0110983495
886 11 138 232 0.011097944
32 641 20 20 0.01109567
123 727 51 63 0.011094881
0 6 18 47 0.011093553
969 915 31 39 0.011087237
929 692 51 77 0.0110852225
0 145 19 37 0.011078177
418 985 59 39 0.011074267
558 974 75 50 0.011064422
254 271 35 44 0.011061189
807 833 52 65 0.011059527
167 544 91 117 0.011056294
0 96 17 46 0.0110554155
209 782 18 20 0.011054975
612 318 52 62 0.011048946
1003 731 21 60 0.011046513
66 785 40 52 0.011042243
729 744 64 85 0.011031335
621 875 203 149 0.011027339
442 976 73 48 0.011024323
946 911 59 73 0.011020932
313 249 85 110 0.011016245
429 856 15 20 0.011014012
616 241 29 39 0.011012379
739 192 188 198 0.011009297
473 975 73 49 0.011008536
714 167 129 167 0.010997634
601 475 19 21 0.010996787
1022 841 2 39 0.010993822
180 346 27 28 0.010992098
336 792 109 145 0.010985399
996 497 28 79 0.010985097
790 298 38 52 0.01098494
0 389 7 19 0.010979399
86 594 166 220 0.010977583
392 570 190 281 0.0109770605
104 76 97 139 0.010972052
53 716 50 62 0.010969194
277 714 97 122 0.010967349
732 879 197 145 0.010964224
298 346 60 73 0.010947228
272 791 107 144 0.010947125
220 0 36 26 0.010944718
502 972 75 52 0.010943283
518 739 34 57 0.010940747
722 823 111 143 0.010939832
5 713 29 43 0.010932884
211 792 40 47 0.010928311
967 173 29 43 0.010925583
268 353 55 62 0.010925288
131 701 56 66 0.010922814
34 403 97 113 0.010918338
841 248 40 49 0.010916422
355 375 60 74 0.010910361
950 226 32 50 0.01090957
41 0 36 26 0.010909439
389 225 75 112 0.010906288
70 202 41 50 0.010902113
757 106 105 148 0.01090141
81 854 18 25 0.010898401
0 333 237 527 0.010896794
30 145 61 82 0.0108967675
182 860 109 133 0.010894034
0 322 15 37 0.010894033
1007 759 17 58 0.010883746
514 796 69 98 0.010883661
988 349 36 83 0.010882262
65 680 32 40 0.010881484
530 718 41 48 0.010875631
201 775 62 75 0.010869967
19 889 196 135 0.010869061
39 879 91 116 0.010863073
575 265 29 43 0.010862269
453 472 9 10 0.0108562345
973 203 32 43 0.010855496
180 986 59 38 0.010849643
0 210 21 56 0.010847216
249 349 33 39 0.010844685
326 976 71 48 0.010837269
237 987 58 37 0.010835828
261 522 29 36 0.010832511
0 584 30 52 0.010831775
246 331 102 131 0.010830233
133 984 63 40 0.010829964
72 274 32 37 0.010827088
116 371 14 19 0.010824248
616 630 54 78 0.010824147
824 677 42 54 0.0108211925
0 251 19 35 0.010820763
7 692 27 45 0.010818099
716 28 117 170 0.010814894
162 347 22 20 0.010811708
861 288 33 48 0.010810632
1016 246 8 47 0.01080927
447 346 58 73 0.010808236
537 918 116 106 0.010807728
146 347 34 42 0.01080619
910 954 99 70 0.010796434
1011 408 13 53 0.010793303
439 324 25 34 0.010792506
639 776 98 124 0.010790805
80 209 41 56 0.010781704
435 278 21 22 0.010780697
838 186 52 72 0.01077419
32 176 23 37 0.010773544
62 578 55 74 0.010772355
963 324 12 16 0.010768842
370 133 99 152 0.010759741
5 628 21 24 0.010758209
1021 164 3 47 0.0107574025
380 972 75 52 0.010757219
969 351 8 9 0.010754471
0 454 7 19 0.010746474
930 222 34 51 0.01074613
725 140 98 135 0.010745458
182 881 67 65 0.010742362
120 373 60 78 0.010737537
1021 255 3 44 0.010733226
0 805 36 69 0.010716191
441 339 22 28 0.010709645
1015 380 9 51 0.010707613
812 851 33 42 0.010704086
1009 573 15 55 0.010701976
628 919 112 105 0.010699975
811 245 19 22 0.010693809
696 685 61 86 0.010693431
172 468 56 67 0.01069163
57 486 46 53 0.010691372
787 357 90 115 0.010689369
6 639 43 61 0.0106893405
712 454 33 30 0.010686162
686 984 62 40 0.010685402
417 880 119 143 0.010677221
8 790 20 32 0.010676737
109 489 36 45 0.010674736
0 649 9 24 0.010673018
121 571 58 73 0.010665628
250 616 101 134 0.010653451
205 893 26 20 0.010645995
480 782 117 155 0.010645643
886 499 58 78 0.01064092
0 180 21 58 0.010640728
112 909 67 84 0.0106401
498 883 192 141 0.0106361415
309 919 110 105 0.010632201
1012 921 12 56 0.010627861
0 60 21 58 0.010626829
108 267 20 26 0.01062383
107 783 15 17 0.010621916
906 506 44 57 0.010621725
25 968 69 56 0.010621696
102 25 94 125 0.010620682
34 651 21 22 0.010620577
164 796 98 123 0.010617288
157 504 91 112 0.010616111
188 618 43 57 0.010615534
919 207 19 22 0.010613171
92 506 82 106 0.010610571
45 916 49 57 0.010600367
210 237 54 70 0.010599831
8 672 34 45 0.010594215
127 36 108 160 0.010593461
392 144 169 221 0.010583649
216 398 37 43 0.010581735
63 253 56 69 0.0105780335
6 11 32 49 0.010573933
565 637 52 77 0.010570446
309 667 99 129 0.0105647575
196 220 84 114 0.010555104
126 678 36 39 0.010552384
998 904 26 74 0.010550328
430 301 86 109 0.010540691
340 676 55 75 0.010540216
384 848 119 151 0.010535312
694 731 111 142 0.010531373
687 64 114 164 0.010531158
269 850 112 145 0.0105276955
477 844 117 155 0.010526915
908 93 59 79 0.010526774
219 101 104 153 0.010515846
971 318 13 18 0.010514989
48 309 79 97 0.010513329
821 813 55 67 0.0105101615
185 888 47 36 0.010504865
155 890 113 131 0.010504841
782 499 104 130 0.010502189
1004 701 20 60 0.010492523
1016 163 8 49 0.010490668
359 673 51 67 0.01048429
982 340 15 18 0.01048396
814 901 31 31 0.010483455
400 273 32 40 0.010483303
105 982 65 42 0.010480304
65 158 52 73 0.010476371
907 488 37 42 0.010474266
962 134 49 65 0.010473928
1014 865 10 53 0.01047305
825 331 36 41 0.010466263
856 640 19 32 0.010461291
362 379 20 23 0.01045946
1005 853 19 78 0.010457536
542 65 111 163 0.010443709
940 110 58 79 0.010436462
302 821 113 147 0.0104310205
863 203 30 42 0.010430372
271 505 60 69 0.010424572
389 789 114 150 0.010422409
850 155 85 122 0.010417782
918 194 21 21 0.010412729
0 465 9 28 0.010411178
1021 76 3 45 0.010409976
0 382 7 18 0.010406728
950 333 30 40 0.0104052955
255 887 199 137 0.010402788
1016 17 8 53 0.01040215
669 797 24 16 0.010401924
83 766 21 20 0.0103962235
1021 52 3 47 0.010395788
21 774 52 62 0.010391373
22 234 49 63 0.010390176
90 0 28 21 0.010389825
6 466 56 63 0.010387842
1009 509 15 57 0.010386949
291 1001 43 23 0.010386577
746 236 58 78 0.010385681
365 766 106 140 0.010374261
105 0 28 21 0.010373299
895 144 57 80 0.010372991
0 353 15 37 0.010371836
1013 812 11 50 0.010371248
385 337 32 39 0.010362674
235 256 46 65 0.0103602875
47 774 87 115 0.010359951
486 874 69 96 0.010354616
848 784 52 66 0.01035375
1021 98 3 45 0.010352583
811 191 50 69 0.010349047
120 0 28 21 0.010345942
342 618 34 46 0.010345508
189 577 89 114 0.010345106
99 539 14 18 0.010343358
234 192 72 103 0.010343006
739 973 73 51 0.0103427395
1023 6 1 46 0.010341104
852 172 53 72 0.010338696
15 475 24 30 0.010336027
75 0 28 21 0.010334956
15 261 420 651 0.010330737
135 0 28 21 0.010329212
864 0 29 21 0.010327083
485 1003 41 21 0.010324149
849 0 29 21 0.010320569
149 0 29 21 0.010319383
835 0 28 21 0.010314823
164 0 29 21 0.010314205
179 0 29 21 0.010312051
820 0 28 21 0.010311405
0 642 9 16 0.010311202
194 0 28 21 0.010310884
209 0 28 21 0.010310108
805 0 28 21 0.010310071
790 0 28 21 0.010309564
634 1001 43 23 0.010309475
775 0 28 21 0.0103093665
239 0 28 21 0.01030927
760 0 28 21 0.010309234
745 0 29 21 0.010309152
254 0 28 21 0.010309104
730 0 29 21 0.010309088
715 0 29 21 0.010309055
700 0 29 21 0.010309034
656 0 28 21 0.0103090275
671 0 28 21 0.0103090275
633 0 29 21 0.010309027
269 0 28 21 0.010309026
611 0 28 21 0.010309019
686 0 28 21 0.010309015
589 0 28 21 0.010309013
566 0 29 21 0.010309012
552 0 28 21 0.010309011
283 0 29 21 0.010309005
537 0 28 21 0.0103090005
373 0 28 21 0.010308999
447 0 29 21 0.010308999
358 0 28 21 0.010308996
462 0 29 21 0.010308996
417 0 29 21 0.010308995
298 0 29 21 0.010308993
313 0 29 21 0.010308993
328 0 28 21 0.010308993
522 0 28 21 0.010308993
343 0 28 21 0.010308992
432 0 29 21 0.010308992
492 0 28 21 0.010308992
388 0 28 21 0.010308991
403 0 28 21 0.010308991
477 0 28 21 0.010308991
507 0 28 21 0.010308988
870 800 49 64 0.010308646
151 450 63 70 0.010308378
631 820 108 144 0.010301285
470 709 24 21 0.010300598
120 569 34 43 0.010291467
648 589 208 278 0.01029045
381 188 74 108 0.010290142
393 98 111 161 0.010284948
211 918 111 106 0.010282634
597 787 31 24 0.010280682
894 0 28 21 0.010279838
179 414 59 71 0.0102789765
578 799 35 33 0.01027684
880 333 48 54 0.010275833
114 778 48 54 0.010271259
827 104 70 94 0.010269474
1018 226 6 40 0.010269156
905 517 19 21 0.010265323
23 316 65 83 0.010254746
794 393 44 53 0.010251405
253 849 63 86 0.010248002
41 734 41 44 0.010247314
803 289 7 10 0.010244823
718 761 115 148 0.0102385245
509 715 27 45 0.010237292
1021 142 3 46 0.010236467
636 669 102 139 0.010235179
834 37 108 155 0.010231878
429 274 22 20 0.010228383
853 995 52 29 0.010221061
962 790 59 80 0.010219346
866 159 54 74 0.010217246
535 554 33 43 0.010213618
43 909 42 43 0.01021102
778 830 106 135 0.010206957
242 828 59 79 0.01020557
127 864 107 126 0.010205002
847 242 52 66 0.010203813
954 316 15 19 0.010202532
495 243 87 117 0.010201834
81 685 199 274 0.010194867
597 847 113 149 0.01019462
933 183 91 221 0.010188999
454 587 226 303 0.010186507
948 311 10 13 0.010184839
2 97 53 75 0.010180212
0 716 17 47 0.010178755
1021 120 3 46 0.010178388
192 557 37 46 0.010175992
925 125 55 82 0.010169701
0 395 5 13 0.010169067
894 225 28 44 0.010168813
1015 962 9 50 0.01016325
955 325 19 25 0.010163159
419 819 118 152 0.010162874
29 910 71 94 0.010160163
668 812 56 70 0.010155647
60 0 28 21 0.010151927
604 233 33 34 0.010151034
909 0 28 21 0.010150569
614 661 53 78 0.010150412
623 194 178 222 0.010146229
1020 278 4 43 0.0101453075
661 798 107 135 0.010144511
687 657 57 82 0.010144507
65 916 23 15 0.010141252
846 142 35 46 0.010140839
96 801 21 23 0.010139518
134 963 92 61 0.010135014
14 835 89 124 0.01013355
2 284 40 46 0.010132138
945 771 79 142 0.010130461
545 904 67 92 0.010116344
199 298 46 62 0.010112211
1007 478 17 56 0.010109007
894 108 58 78 0.010103993
633 609 110 154 0.0100991465
438 634 35 41 0.01009731
446 458 15 15 0.01009375
323 745 36 34 0.010089956
587 369 60 67 0.010088471
847 721 59 75 0.010086312
287 966 86 58 0.010084903
788 808 60 78 0.010080462
888 537 49 66 0.010078391
385 257 45 64 0.010077197
133 114 95 138 0.010076649
961 158 30 45 0.010075033
716 988 57 36 0.010071341
96 711 27 35 0.010067498
162 278 30 32 0.010065068
127 774 29 32 0.010064109
213 794 108 140 0.010062772
870 670 105 147 0.010062033
1020 1008 4 16 0.0100612985
797 78 178 242 0.010060221
534 818 115 149 0.0100596715
562 819 66 88 0.01005923
0 593 15 36 0.0100585045
47 939 41 44 0.010055492
16 519 55 66 0.010052784
797 211 50 68 0.010047883
518 905 65 91 0.010045619
223 855 61 80 0.01004524
576 242 32 42 0.010042129
257 796 56 78 0.010041898
426 1000 43 24 0.010040466
649 106 136 177 0.01004009
439 340 45 55 0.010038028
183 507 35 45 0.010037547
866 702 55 75 0.010032712
813 1004 42 20 0.010028747
1015 774 9 47 0.010023566
664 376 38 45 0.010023211
604 98 103 150 0.010018246
422 612 33 47 0.010016882
1013 363 11 51 0.010016432
152 147 172 213 0.010014792
791 986 61 38 0.010014365
366 1002 43 22 0.010012377
802 901 58 75 0.010010941
397 303 31 38 0.010009861
1015 75 9 47 0.010007412
77 99 55 72 0.010005863
98 843 35 45 0.010005827
16 0 27 21 0.0100025935
1016 52 8 48 0.010001357
0 481 12 19 0.010000924