55_Sports_Coach_Trainer_sportcoaching_55_637
197
292 0 439 429 0.93837094
814 0 210 196 0.049599726
0 0 148 194 0.04760678
805 374 219 202 0.04495024
0 0 95 121 0.043834098
0 375 150 201 0.039273348
655 359 296 217 0.03865855
90 369 305 207 0.03816358
15 0 279 218 0.035969168
148 0 185 123 0.035437413
226 0 183 126 0.034350485
58 0 194 135 0.033337556
806 135 218 363 0.032660227
690 0 217 145 0.03192712
55 424 223 152 0.031904664
491 374 292 202 0.031426426
200 432 217 144 0.030545289
444 163 297 326 0.030289715
100 0 304 352 0.0302073
657 0 274 337 0.030200955
616 424 210 152 0.030013211
13 238 307 338 0.029030235
606 0 213 155 0.02874441
245 386 292 190 0.028665347
86 122 311 388 0.028088588
0 51 150 372 0.02793518
919 0 105 107 0.027729807
491 0 255 195 0.02770241
283 0 210 242 0.027545685
319 225 331 351 0.02753648
0 33 102 254 0.02691528
699 266 202 259 0.026577571
710 34 175 234 0.02521768
435 421 241 155 0.025216548
169 192 330 384 0.025158525
746 246 252 315 0.025119033
377 448 196 128 0.02504098
26 59 240 334 0.024476383
306 132 262 294 0.024370106
0 193 95 246 0.02434243
0 0 59 77 0.024155742
614 258 200 255 0.02260087
785 104 195 256 0.022439478
139 95 185 267 0.022244265
540 182 313 375 0.021749893
692 5 88 186 0.0213224
935 483 89 93 0.020967975
593 158 206 276 0.01951071
211 269 203 257 0.019301705
0 520 34 55 0.019265356
836 0 158 111 0.019236187
634 16 144 249 0.018993912
236 142 215 288 0.018851265
983 509 41 67 0.01805405
752 0 28 23 0.017898958
258 46 149 272 0.017712945
232 0 99 73 0.01745253
0 457 79 119 0.017344305
975 0 49 54 0.017226068
233 0 87 177 0.017158797
0 533 19 43 0.016731733
582 33 172 321 0.016697567
1021 560 3 15 0.016520428
0 0 37 48 0.016519895
1008 542 16 34 0.016476104
382 0 103 65 0.01623915
1005 0 19 28 0.016228337
899 426 125 150 0.016168384
662 0 112 98 0.016122635
1019 0 5 15 0.015821446
53 0 129 90 0.015687902
306 0 101 70 0.015608676
297 6 139 165 0.015540819
758 0 20 14 0.015438557
353 5 148 146 0.015380064
421 0 104 64 0.01526609
615 0 122 90 0.0150845675
343 0 281 211 0.015030199
907 90 117 219 0.014913612
270 21 112 178 0.014845797
703 0 91 74 0.014844604
862 0 103 68 0.014781805
27 0 101 70 0.014711888
208 9 159 257 0.014552319
142 452 172 124 0.014532915
752 443 172 133 0.01452029
772 0 125 88 0.014475498
822 0 102 69 0.01438063
910 319 114 178 0.01414268
0 0 17 23 0.014097015
443 0 218 148 0.013948107
395 257 239 207 0.013908349
331 0 129 86 0.013834603
463 0 103 63 0.013796288
1021 0 3 9 0.0136203095
914 220 110 195 0.01346945
311 451 159 125 0.013347003
244 0 18 11 0.013335307
194 0 97 68 0.013036867
917 19 107 194 0.013020692
495 320 191 210 0.012848253
0 0 8 11 0.0128031885
668 62 94 159 0.012778957
762 0 13 9 0.012721421
77 37 159 214 0.012717671
76 126 159 213 0.012689229
136 0 125 86 0.012615781
542 290 162 179 0.012570542
287 258 193 235 0.012451464
743 0 98 68 0.012397867
267 481 114 95 0.012393562
761 2 13 19 0.012369163
560 459 153 117 0.012302199
107 0 101 66 0.012255492
671 69 147 230 0.012222592
507 0 102 63 0.012201111
0 563 6 13 0.012182574
49 95 142 197 0.012175111
0 554 16 22 0.012147128
255 0 14 10 0.012130904
381 0 173 106 0.012106751
759 0 28 33 0.012032389
134 292 193 232 0.01201268
940 297 84 130 0.011952126
554 0 160 118 0.011935316
548 0 102 64 0.011927413
366 0 19 14 0.011911695
0 142 76 193 0.011715129
234 0 19 12 0.0116331875
490 476 133 100 0.011596085
797 0 77 61 0.011584301
119 236 159 183 0.011577779
844 467 151 109 0.011515611
80 0 78 58 0.011466001
259 0 18 12 0.0114390105
767 0 20 13 0.011314496
102 478 132 98 0.011227878
1023 564 1 11 0.01114841
1023 564 1 12 0.011063634
1019 553 5 23 0.0110185
585 0 103 67 0.010972152
814 485 120 91 0.010900128
933 0 81 61 0.010899115
799 43 156 209 0.010887738
585 0 20 13 0.010875927
416 0 22 12 0.010810805
149 0 39 31 0.010801215
184 211 179 204 0.01078491
377 311 197 207 0.010760662
739 482 113 94 0.010710049
856 157 118 158 0.010693315
0 349 78 194 0.010605972
605 0 20 13 0.01059393
122 97 140 190 0.010577085
0 7 4 14 0.010549052
476 0 40 27 0.010510992
1017 0 7 32 0.010503942
422 490 109 86 0.010451986
323 536 63 39 0.010427579
545 0 20 12 0.01041588
0 470 26 100 0.010409143
69 0 42 29 0.010407919
48 0 42 29 0.010375668
16 143 136 186 0.010371857
505 0 21 13 0.010360867
268 0 20 13 0.010352588
0 85 3 12 0.0103223855
660 486 109 90 0.010291771
457 0 39 26 0.010291422
425 0 22 13 0.010283132
168 38 135 206 0.010221943
750 0 45 66 0.010217507
54 28 132 168 0.010213632
272 105 95 161 0.010195674
595 0 21 13 0.010187771
446 186 15 17 0.010183059
0 462 19 55 0.010170735
0 18 4 13 0.010161871
972 337 52 106 0.010156458
0 284 4 12 0.0101558585
0 81 3 11 0.010139062
71 299 181 222 0.01009907
434 302 134 125 0.010093617
416 0 40 27 0.010084213
0 23 4 12 0.010081713
0 239 62 157 0.010071515
724 0 56 54 0.010066734
309 507 84 68 0.010063287
495 0 41 27 0.010059391
446 0 20 12 0.010052121
861 0 64 49 0.010051992
668 214 169 216 0.0100470185
89 0 41 29 0.010040224
0 77 63 163 0.010039848
0 288 4 13 0.010031722
0 14 50 128 0.010011678
820 120 114 152 0.01000704