25_Soldier_Patrol_Soldier_Patrol_25_883
637
259 125 115 156 0.78484786
531 51 65 89 0.7832098
262 577 57 64 0.09508119
960 502 11 12 0.07157941
440 149 35 36 0.06493721
208 59 171 238 0.0567248
500 33 105 127 0.053268895
551 73 61 75 0.045451507
210 133 125 139 0.044338703
219 86 70 50 0.043893855
294 70 94 158 0.041806217
3 21 146 204 0.039513167
537 8 83 120 0.037333913
959 0 65 70 0.03659774
177 20 165 207 0.03572401
744 0 62 46 0.034842048
301 151 78 113 0.033873312
290 189 84 110 0.032604266
310 117 122 165 0.032107033
92 473 148 199 0.03164933
0 0 61 79 0.031511843
804 0 220 200 0.031217024
251 184 129 175 0.02911204
479 33 38 66 0.028827744
0 0 111 156 0.02844454
499 59 77 80 0.027240159
983 0 41 41 0.027100846
959 505 11 13 0.0266863
483 0 100 123 0.026433371
162 0 92 68 0.026332783
101 1 45 70 0.026219374
158 561 78 100 0.025912078
554 93 74 100 0.025744982
788 463 236 220 0.025676677
531 16 57 89 0.02519775
439 142 54 61 0.0245698
0 454 132 229 0.024543537
941 609 83 74 0.024453277
0 56 67 145 0.023893194
983 636 41 47 0.023584606
183 0 60 47 0.023547286
583 64 60 80 0.023039056
663 1 80 79 0.022552432
41 6 174 182 0.022538457
356 0 82 62 0.022431273
1016 83 8 29 0.022358354
540 121 113 148 0.022223532
230 563 110 104 0.022198154
261 590 70 87 0.022100285
187 168 142 162 0.022099627
430 16 136 165 0.021874873
514 0 82 71 0.021764394
787 47 237 329 0.021664552
737 0 99 71 0.021490399
965 502 8 9 0.021434464
115 309 12 13 0.021390159
0 617 52 66 0.021227384
502 80 27 29 0.021096883
639 423 321 260 0.02079202
0 586 80 97 0.020473566
307 0 103 76 0.020354003
885 0 131 98 0.020285364
522 89 71 91 0.020232826
130 574 132 109 0.020051267
326 42 123 177 0.020036113
898 401 23 23 0.02002902
265 0 107 75 0.020026525
379 0 121 91 0.019899493
49 580 137 103 0.019870156
148 513 163 170 0.019807408
163 8 132 151 0.019625315
196 48 87 91 0.019508036
598 25 73 100 0.019503187
143 120 139 168 0.01949628
544 0 98 78 0.019438043
95 235 53 53 0.019436758
90 288 11 12 0.019381119
963 505 10 11 0.01925127
0 65 139 317 0.019142175
899 542 125 141 0.019142048
35 353 182 313 0.019136589
327 176 76 109 0.01909037
256 77 97 129 0.019085327
552 29 44 70 0.019017605
226 0 109 69 0.01877257
285 517 14 13 0.018705113
944 0 80 132 0.01865449
0 16 55 119 0.018642502
581 0 123 95 0.01854859
234 32 98 125 0.018546255
353 63 82 119 0.018532665
840 3 140 137 0.018490111
115 307 10 10 0.01835556
214 103 95 124 0.018350627
60 316 10 11 0.018298978
515 141 84 104 0.018229978
94 630 86 53 0.01818279
562 192 78 101 0.018138474
975 0 38 27 0.018118814
900 404 14 16 0.017974127
864 0 97 72 0.017901242
721 43 151 189 0.017785747
572 101 47 58 0.017674606
292 214 123 166 0.01761452
271 554 71 78 0.017586783
17 0 112 87 0.017579623
435 147 79 97 0.017538898
218 0 192 166 0.017531512
911 22 113 203 0.017403884
54 0 126 98 0.017353676
271 623 87 60 0.017271005
189 482 244 201 0.01726868
100 0 131 99 0.017251015
479 96 88 105 0.017160848
21 610 106 73 0.017140057
239 172 110 125 0.017061222
25 50 242 288 0.017053092
277 0 247 164 0.017015062
797 563 169 120 0.016917419
554 99 43 56 0.016910315
102 213 94 110 0.016836103
513 453 88 121 0.01678356
139 628 80 55 0.016772088
426 0 104 73 0.016770974
506 0 248 173 0.016757127
686 0 256 198 0.016702987
33 108 154 190 0.016662065
439 26 85 105 0.016643448
723 0 128 125 0.016613135
116 398 141 213 0.01660249
143 378 34 37 0.01650162
0 104 47 109 0.016316418
467 134 100 118 0.016292416
148 137 219 293 0.01629109
716 61 92 121 0.016212892
294 599 126 84 0.01619955
0 191 74 166 0.016162528
309 232 55 69 0.016147317
490 603 126 80 0.016127683
813 240 211 330 0.016115515
0 646 26 37 0.016070135
0 240 131 350 0.016048376
455 0 188 210 0.016010497
340 0 113 133 0.015938194
117 263 224 325 0.01592192
896 394 35 46 0.015795846
360 466 237 217 0.015778221
901 224 123 204 0.015735732
205 81 89 101 0.015721627
474 55 64 85 0.01571023
249 0 63 45 0.015709823
368 584 52 53 0.015695794
961 502 15 18 0.015674504
517 508 77 92 0.015647741
352 1 50 48 0.015644658
765 0 141 96 0.015621192
474 0 86 59 0.015586429
596 105 41 50 0.015576554
1006 663 18 20 0.015574744
0 0 38 49 0.015531782
474 103 173 220 0.015530488
187 577 98 94 0.015506901
310 28 88 129 0.015506107
711 25 92 110 0.015481815
637 8 93 112 0.015460998
716 568 160 115 0.015455007
18 0 75 55 0.015375421
153 183 83 112 0.01537464
189 555 49 74 0.015336372
948 91 76 136 0.01531527
150 76 43 74 0.015283416
376 44 116 159 0.0152377775
912 298 112 203 0.015230204
743 94 167 208 0.015223446
87 645 59 38 0.015216178
1019 94 5 21 0.015203993
522 436 283 247 0.015190829
904 142 120 205 0.015098261
266 71 207 271 0.015095806
189 462 55 70 0.014867378
610 572 146 111 0.01484951
995 14 29 66 0.014842062
14 89 89 124 0.014825778
476 625 89 58 0.014788982
678 0 54 53 0.014776084
204 0 59 39 0.014768402
979 0 27 17 0.014741105
375 16 222 268 0.0147372205
912 421 112 200 0.01469839
512 173 102 124 0.014676376
60 179 117 137 0.014633114
527 0 57 38 0.014587418
448 141 29 33 0.014576067
76 608 76 75 0.014504691
0 255 45 117 0.014485632
285 0 66 47 0.014459892
231 87 40 33 0.014422113
286 454 71 96 0.014413574
0 271 71 175 0.014374207
448 127 44 49 0.014350957
744 171 108 128 0.014341242
859 605 115 78 0.014288856
1019 0 5 13 0.014288816
321 627 72 56 0.014270227
611 368 54 64 0.0142669855
254 279 123 164 0.014261427
194 622 92 61 0.014225502
146 0 76 53 0.014218278
331 200 47 75 0.014175958
437 302 84 117 0.014066533
576 127 24 41 0.014049184
987 103 37 78 0.014041154
829 183 166 203 0.014001597
0 368 88 233 0.013979176
835 51 148 193 0.013975196
238 580 57 61 0.01397457
405 131 140 184 0.013973145
245 523 68 88 0.013922031
374 591 131 92 0.013916657
627 501 216 182 0.013896657
1 126 72 120 0.013830515
551 0 47 31 0.013821348
304 105 61 99 0.013802625
0 570 38 96 0.013738627
687 0 89 71 0.01366921
548 69 42 61 0.01364472
438 65 81 105 0.013641774
607 96 41 50 0.013630355
229 97 27 27 0.013613068
473 180 84 103 0.01357087
395 23 82 109 0.013556825
785 0 96 59 0.013547026
181 157 77 122 0.013530681
973 39 51 123 0.013519299
750 36 93 129 0.013465676
276 598 48 54 0.0134470165
276 532 17 28 0.013418366
422 90 115 150 0.013413574
1003 0 21 24 0.0133850435
443 0 68 50 0.013350057
985 299 39 80 0.013349214
0 490 39 95 0.01334544
203 91 55 49 0.013327376
66 361 128 189 0.013327093
398 109 78 106 0.013307351
23 212 71 95 0.013305395
144 13 93 123 0.013294026
0 179 47 119 0.013250088
972 452 52 101 0.013246854
245 627 71 56 0.01322061
976 0 21 11 0.013220216
0 348 57 101 0.013181425
58 635 76 48 0.013174699
962 499 8 10 0.01311525
279 347 82 106 0.013114182
567 0 59 43 0.0131121185
778 610 113 73 0.013097997
779 427 13 10 0.013092452
546 639 60 44 0.013079546
274 0 47 33 0.013069855
885 631 59 52 0.013064915
130 648 57 35 0.013053777
592 224 71 94 0.01304052
207 18 86 95 0.013010208
928 449 47 59 0.012994205
384 629 71 54 0.012974936
574 86 106 145 0.012961304
274 646 48 37 0.0129594
671 298 77 92 0.012955078
203 470 63 80 0.0129442075
366 290 56 63 0.01292561
223 232 115 138 0.0129249515
280 388 79 110 0.01292016
595 106 69 95 0.012915611
333 138 69 107 0.01291382
0 529 37 95 0.012912351
104 148 96 125 0.012897491
0 309 101 188 0.012896665
78 290 33 42 0.01289354
144 468 95 138 0.012893165
281 488 50 65 0.012866379
656 255 281 329 0.012843103
312 643 53 40 0.012820576
84 423 69 97 0.012811305
318 532 164 151 0.012810439
715 125 115 152 0.012805426
971 318 53 116 0.012802696
255 360 121 162 0.0128008155
760 188 138 163 0.012790798
970 565 54 110 0.012786033
672 67 47 59 0.012782872
521 0 21 13 0.012773593
0 80 45 77 0.012753615
321 241 76 93 0.012721441
291 91 57 80 0.012692278
1011 0 13 16 0.012690351
584 0 67 58 0.012689236
231 0 55 37 0.012669723
338 189 119 159 0.012666914
408 154 66 79 0.012645777
92 326 129 178 0.01264243
572 167 100 142 0.01263222
285 571 80 82 0.012612406
512 0 47 29 0.012585243
687 427 87 118 0.01258378
272 579 35 47 0.012577156
0 338 5 11 0.01256768
627 614 102 69 0.012549692
315 0 50 46 0.012546864
137 0 47 54 0.012520113
470 0 56 40 0.012519881
515 637 61 46 0.012509125
944 410 80 139 0.012458102
208 371 14 18 0.01245071
92 545 82 125 0.012446957
336 0 46 33 0.012442867
478 58 39 63 0.012425148
0 451 40 93 0.012396645
256 0 42 30 0.012385036
539 614 109 69 0.012363043
973 508 51 105 0.01236184
231 549 73 80 0.012348788
672 379 159 202 0.012346735
0 356 24 39 0.012336973
969 257 55 110 0.012336935
947 0 18 11 0.012320819
343 610 105 73 0.012291278
882 306 41 50 0.01228904
313 486 46 63 0.012246692
491 21 67 83 0.012246417
40 144 238 345 0.012235035
433 621 91 62 0.01222526
790 154 148 169 0.012179807
615 0 199 146 0.012169624
757 0 43 28 0.012164285
705 611 109 72 0.012149618
511 0 21 13 0.012146526
537 218 93 95 0.012104574
0 335 37 88 0.012097434
782 18 96 128 0.012094028
552 120 47 59 0.012093015
134 350 59 73 0.012050192
70 0 68 56 0.012045676
203 569 58 71 0.012045652
383 0 50 39 0.012040446
740 169 71 97 0.012036
67 550 75 127 0.012032843
520 602 43 67 0.0120317275
171 646 52 37 0.012015229
497 361 126 181 0.01201219
10 308 10 11 0.012007941
0 542 62 113 0.0119937295
1022 0 2 10 0.011992897
835 0 96 96 0.011992463
0 463 62 110 0.011988863
538 111 176 222 0.011980011
853 449 45 67 0.011966301
195 494 8 10 0.011963805
735 92 85 126 0.011961575
11 643 59 40 0.011944013
411 646 53 37 0.011937942
0 309 20 33 0.011931843
769 71 89 128 0.0119165415
21 198 121 141 0.011914517
684 579 98 104 0.011898732
149 425 93 126 0.011892296
966 503 11 12 0.011857848
129 266 34 46 0.011855254
334 556 51 58 0.0118503915
252 474 71 86 0.011809632
441 157 11 19 0.011803632
673 619 86 64 0.011791828
753 618 87 65 0.01179181
439 160 41 64 0.011780822
175 174 49 87 0.011778095
439 141 25 32 0.011775856
614 273 126 165 0.011743991
746 498 180 185 0.011728599
596 621 95 62 0.011728487
403 0 68 51 0.011724321
833 620 88 63 0.0117183775
255 647 49 36 0.011708109
282 531 12 21 0.011708097
659 34 122 159 0.0117029585
947 0 61 42 0.011702144
493 0 47 32 0.01169366
181 598 65 85 0.011686066
888 238 88 117 0.011671823
757 13 51 70 0.011651155
411 203 122 163 0.011645859
831 31 92 131 0.01164559
421 267 81 110 0.011617869
288 395 123 163 0.011612135
309 0 37 25 0.011598975
662 125 30 41 0.011578262
167 528 63 96 0.01156276
414 668 22 15 0.011534964
425 86 64 88 0.011526683
889 368 50 68 0.011515689
354 232 82 101 0.011510015
971 138 53 115 0.0115099205
0 374 46 127 0.0114995
119 407 78 95 0.011487476
455 338 86 110 0.011483222
293 644 51 39 0.011455293
900 644 70 39 0.011451914
193 643 51 40 0.011449598
88 237 72 86 0.011419512
0 585 22 62 0.011416805
498 488 76 95 0.011412207
705 452 90 121 0.011370744
200 401 9 13 0.011370002
467 180 185 245 0.011368343
1012 69 12 45 0.011364433
799 342 154 192 0.01135769
656 71 43 54 0.011343691
451 559 128 124 0.01134017
0 484 23 63 0.011337195
0 315 10 23 0.011337077
759 375 161 201 0.01132293
740 183 47 63 0.01128911
0 363 25 64 0.011285772
352 645 50 38 0.011281441
108 541 56 64 0.011275538
958 501 9 11 0.011265379
788 112 88 128 0.011261906
589 145 76 106 0.011257485
175 352 131 177 0.011256537
477 422 83 109 0.011246907
199 98 46 73 0.011233088
968 204 56 116 0.011227234
117 529 96 122 0.011226432
656 419 90 110 0.01121891
514 44 56 66 0.011198636
663 50 68 92 0.011190845
374 645 51 38 0.011186081
89 87 121 156 0.011178442
840 1 52 60 0.011169804
537 435 69 100 0.011169175
195 231 70 90 0.011158707
198 233 224 318 0.011155934
450 644 56 39 0.0111514
533 555 130 128 0.011145752
0 0 23 32 0.011144066
109 29 32 42 0.011143104
499 212 78 85 0.011140247
640 238 63 80 0.01113204
377 559 61 81 0.011122122
101 447 77 98 0.011122103
665 204 30 25 0.011103861
377 126 115 151 0.011090022
452 196 127 162 0.011087549
511 307 86 103 0.011082836
874 272 81 116 0.011069354
623 1 70 73 0.011067477
760 243 152 195 0.011049523
807 72 90 126 0.011036671
114 310 17 22 0.011035805
244 350 82 100 0.011032091
314 352 74 93 0.011029732
688 389 91 110 0.011021739
855 173 114 138 0.011018019
29 252 57 74 0.011000691
644 308 145 182 0.0109935645
284 517 9 11 0.010986175
573 234 60 69 0.010985853
105 416 105 147 0.010979801
63 234 111 131 0.010947855
634 435 84 112 0.01094107
687 496 91 122 0.010933872
34 60 91 125 0.010931591
94 288 10 10 0.010927326
439 0 37 26 0.01092356
285 582 45 52 0.010913831
86 467 75 107 0.010904339
494 81 53 64 0.0108972285
557 210 151 199 0.010889782
657 282 68 84 0.010886787
90 571 38 79 0.010866874
289 452 51 60 0.010859926
450 274 125 169 0.010853087
525 419 122 178 0.0108475685
0 524 22 63 0.010841559
545 528 81 94 0.010838667
814 405 85 109 0.010834038
722 414 93 114 0.010815966
311 437 70 95 0.010813086
659 239 43 51 0.0108104395
326 471 46 63 0.010796287
265 311 78 99 0.010794919
824 344 48 63 0.010791467
205 152 75 99 0.01076138
546 549 57 56 0.010759779
279 27 82 105 0.010757503
113 0 46 40 0.010750812
537 319 52 60 0.0107372375
600 320 71 97 0.010723862
281 235 78 93 0.010719722
670 534 90 124 0.010715124
120 50 90 120 0.0107119195
154 95 89 121 0.010711356
161 665 41 18 0.010704725
393 517 45 51 0.010701319
318 553 84 92 0.010701214
261 431 115 148 0.010687933
272 521 55 74 0.010686215
653 290 44 57 0.010665967
612 413 151 208 0.010665367
755 459 85 115 0.0106599275
491 644 58 39 0.010659829
124 300 69 86 0.010657287
78 298 45 50 0.010653507
833 320 78 109 0.010649281
144 483 66 79 0.0106342295
454 369 228 311 0.010631436
0 319 6 12 0.010625256
37 282 80 100 0.010621412
232 646 50 37 0.010615431
105 323 12 13 0.010614034
518 164 227 299 0.010613728
370 275 78 91 0.010606815
347 544 66 78 0.010605345
223 493 68 86 0.01058945
38 115 90 119 0.010587901
460 182 51 67 0.010584985
832 405 165 220 0.010580732
213 644 49 39 0.010579754
468 11 41 70 0.010574126
969 379 55 114 0.010567871
81 291 67 82 0.010555836
791 176 87 115 0.010547159
139 384 73 89 0.010546033
812 495 85 119 0.010543181
957 497 26 30 0.010539286
220 318 124 164 0.010535911
197 0 41 30 0.010528795
920 634 74 49 0.010518827
50 264 135 174 0.010513823
893 292 84 120 0.010499149
120 253 16 16 0.010484429
4 495 79 122 0.010478262
363 0 24 21 0.010471205
142 323 67 87 0.010471096
107 400 25 27 0.010470075
380 55 77 105 0.01046696
753 0 19 14 0.01045785
529 0 23 13 0.010438875
904 407 15 15 0.010434557
890 396 52 68 0.010434541
0 300 29 72 0.010425065
726 179 45 59 0.01040642
599 168 243 303 0.010405247
259 507 45 56 0.010402973
315 74 27 37 0.010392444
777 423 19 13 0.010391035
686 323 83 99 0.010364916
0 658 51 25 0.010364548
100 268 69 85 0.010359241
876 316 76 109 0.010353896
490 129 9 11 0.010341731
1007 26 17 51 0.010341514
997 319 27 51 0.010340769
914 0 60 58 0.0103248395
8 0 39 30 0.010322025
289 317 127 168 0.01031912
856 0 57 51 0.010316682
0 143 38 97 0.010311463
380 96 70 97 0.010306691
900 235 46 60 0.010296383
146 131 77 123 0.010291398
296 313 75 98 0.010283694
184 484 65 96 0.010275694
493 502 123 171 0.010272619
909 438 49 61 0.010266261
389 271 119 170 0.010265731
51 0 57 42 0.010260662
260 274 49 54 0.01025745
197 108 11 14 0.010253321
712 347 161 194 0.0102515565
379 140 71 90 0.010249927
489 319 12 14 0.010234567
939 0 28 19 0.010233902
253 509 115 125 0.01022834
783 0 58 45 0.010224188
776 436 86 116 0.0102168275
901 406 9 11 0.010208465
682 261 147 183 0.01020661
664 325 72 93 0.010201307
537 477 86 110 0.0101871565
343 0 31 21 0.010182808
298 488 124 147 0.010181572
133 230 122 157 0.010180208
86 291 11 9 0.010171291
221 391 125 170 0.010159039
820 173 48 65 0.010155504
651 245 126 159 0.010155009
703 181 139 176 0.010154801
41 315 11 14 0.010150956
107 661 40 22 0.010148015
729 477 90 120 0.010141581
570 116 28 39 0.010139496
832 14 47 67 0.010132204
173 0 20 12 0.01012708
854 240 86 114 0.0101156775
0 232 39 91 0.010108087
534 278 129 170 0.010105577
149 0 37 30 0.010101447
76 348 90 122 0.010098695
706 534 95 124 0.010096582
814 450 84 119 0.010095399
337 92 75 116 0.0100937225
1017 98 7 29 0.010084518
72 206 165 222 0.010084172
80 427 43 66 0.010074102
633 516 85 118 0.010062743
216 0 31 33 0.010061881
995 87 10 12 0.010061111
594 5 244 298 0.010058092
998 127 11 15 0.01005715
472 430 118 168 0.010057098
412 346 11 10 0.010053491
0 395 31 80 0.010042869
37 169 83 109 0.010041859
620 459 77 112 0.010041402
629 334 93 118 0.010040749
986 376 38 77 0.010039791
296 0 18 12 0.01003769
610 0 48 37 0.010033952
427 0 60 42 0.010026169
280 0 32 20 0.010026096
877 389 43 56 0.010024294
229 0 28 31 0.010022538
829 534 90 123 0.010017824
271 4 54 54 0.010016503
628 646 57 37 0.010016004
381 609 33 29 0.01001573
494 64 47 57 0.010004199