25_Soldier_Patrol_Soldier_Patrol_25_683
432
673 407 230 201 0.80168444
700 445 265 240 0.051107336
825 0 199 179 0.04463525
5 6 147 193 0.04143039
964 623 60 62 0.038458135
823 472 201 213 0.037759043
794 330 230 306 0.037283406
0 0 88 124 0.036773868
935 0 89 100 0.036676772
639 486 205 199 0.03646074
0 462 142 223 0.036328416
418 0 284 201 0.033484384
262 0 285 199 0.033380922
112 0 269 192 0.033226974
660 594 74 80 0.032480706
585 0 279 197 0.03204576
562 375 263 244 0.030051362
0 591 68 94 0.029364012
526 0 231 156 0.028321505
131 436 8 11 0.028065681
39 0 222 159 0.028040629
796 434 164 183 0.027599473
1 1 62 79 0.026124716
662 248 257 321 0.025668649
835 72 189 349 0.025460038
221 0 193 129 0.025364485
0 621 44 64 0.025318662
687 0 143 108 0.025300015
26 440 274 245 0.025275266
990 591 8 10 0.025261112
303 0 195 127 0.025232982
383 0 194 128 0.02522946
461 0 194 126 0.025148753
172 0 139 108 0.024898846
609 0 140 108 0.024412
766 469 113 138 0.02426504
191 455 273 230 0.024255019
555 526 181 159 0.02403744
87 428 9 13 0.0239116
0 52 82 191 0.023767408
81 0 141 102 0.023563806
840 575 149 110 0.02343649
877 285 147 224 0.023291057
766 0 144 109 0.02324111
420 473 268 212 0.022482678
791 533 162 152 0.022196895
917 178 107 201 0.022178508
673 622 71 63 0.021998776
0 51 136 353 0.02184846
665 0 281 259 0.021699166
260 0 119 87 0.021604087
0 226 142 354 0.021583714
660 0 117 87 0.021426806
977 0 47 56 0.021341003
340 0 119 87 0.021260548
584 0 113 85 0.02114804
738 0 120 87 0.02114367
693 347 160 194 0.02105157
499 0 116 85 0.02096461
943 576 81 109 0.020945085
141 0 116 84 0.020846466
71 230 34 36 0.020749018
918 16 106 203 0.020725949
928 349 96 191 0.020704178
66 0 103 71 0.02069347
420 0 120 88 0.020607987
15 425 8 10 0.020460902
506 313 14 17 0.020417662
847 0 139 106 0.020346507
386 527 185 158 0.020058565
305 522 190 163 0.019900586
0 428 79 181 0.019723156
667 60 263 367 0.019393666
191 0 97 69 0.019312562
679 429 120 126 0.019270187
934 281 90 170 0.01925898
230 0 98 69 0.019111672
708 0 98 69 0.01907707
743 626 118 59 0.019017093
690 246 46 71 0.018764975
490 571 149 114 0.018758139
956 417 68 130 0.018703764
929 119 95 171 0.018693136
0 41 54 138 0.01869228
0 144 70 186 0.018656544
629 0 96 70 0.018652534
932 432 92 182 0.018634854
309 0 98 69 0.01863335
390 0 97 69 0.01855911
149 520 191 165 0.018472519
817 0 118 87 0.018448729
0 228 70 181 0.018374873
247 573 149 112 0.018278677
365 576 149 109 0.018229106
470 0 98 70 0.018215995
550 0 95 66 0.018179325
335 0 295 324 0.018130846
819 610 110 75 0.018066272
801 428 97 142 0.0180562
0 280 89 237 0.01801989
788 0 98 69 0.017963251
494 0 284 330 0.01790434
177 0 287 310 0.0178698
668 239 79 96 0.017817091
172 426 8 10 0.017656775
34 69 158 219 0.017636454
131 576 149 109 0.01750498
19 0 107 77 0.01748982
10 580 141 105 0.017307218
25 37 261 362 0.017170401
25 240 265 358 0.017094636
543 612 106 73 0.01670895
990 572 15 18 0.016689345
0 0 36 48 0.016627008
999 656 25 29 0.016610755
91 308 278 354 0.016603168
0 131 48 127 0.01654324
869 0 95 67 0.016541542
369 240 11 11 0.016517293
30 291 6 9 0.016342554
1009 667 15 18 0.016302537
33 291 11 12 0.016271781
18 314 9 11 0.015917504
0 494 49 125 0.015903758
351 322 257 307 0.015833478
259 39 289 370 0.01579633
185 241 276 351 0.015720105
0 124 208 371 0.01571585
97 127 276 376 0.015641585
0 365 56 150 0.015601526
0 216 46 122 0.0155055
17 427 9 11 0.015494485
874 534 88 121 0.015473407
267 363 273 322 0.015431956
10 0 51 42 0.015429329
388 616 102 69 0.015391257
942 568 12 12 0.015381497
731 324 63 57 0.015358066
24 323 9 9 0.015301097
861 491 72 116 0.015187434
462 596 126 89 0.01510334
134 375 14 14 0.015069404
412 46 279 365 0.015058326
270 615 101 70 0.015029608
429 617 100 68 0.014997456
449 370 189 218 0.01497109
687 589 154 96 0.01493754
535 284 241 267 0.014892623
190 613 103 72 0.014838575
878 607 85 78 0.014838397
170 424 8 10 0.014819558
80 222 30 33 0.014767246
988 588 12 15 0.01474517
477 362 101 135 0.014723051
309 614 102 71 0.01449704
759 0 77 57 0.014491116
0 337 43 122 0.014465912
61 398 9 10 0.014465657
45 399 162 219 0.014452883
152 616 101 69 0.014440845
626 118 181 235 0.01440948
787 14 168 206 0.014396112
614 587 137 98 0.01431934
339 141 273 362 0.014236737
62 602 120 83 0.014193125
726 176 264 337 0.01411437
648 631 69 54 0.01411023
717 630 85 55 0.014081115
13 428 8 9 0.014079
35 281 10 13 0.014047081
681 0 75 58 0.013998558
584 617 105 68 0.013913146
113 619 97 66 0.013878885
890 506 43 65 0.013870178
170 429 8 10 0.013863264
940 573 6 10 0.013767242
811 171 144 202 0.013764602
73 350 168 209 0.013704364
0 269 10 26 0.013671655
154 429 7 9 0.013636749
839 0 76 57 0.013600645
855 232 127 172 0.013597
703 255 47 76 0.013596721
0 649 22 36 0.013458419
282 0 75 57 0.013364887
583 437 126 158 0.01334084
167 426 9 10 0.013298325
346 243 11 11 0.013274357
0 433 4 11 0.013233225
294 283 221 279 0.013214752
635 447 132 139 0.013184751
358 502 51 62 0.01310455
112 411 162 209 0.013090455
47 181 149 198 0.013087677
507 348 108 130 0.0130310515
129 435 8 9 0.013006124
13 43 80 108 0.012992532
657 197 119 152 0.012959026
990 595 7 11 0.012922212
31 292 9 10 0.012875048
124 41 167 208 0.012872082
327 430 148 187 0.012856512
361 0 76 57 0.012825988
776 365 153 184 0.012817831
736 228 42 61 0.012801652
297 207 12 16 0.012789763
0 428 5 11 0.012775289
772 79 149 209 0.012769359
840 341 148 205 0.012754587
623 359 146 169 0.012737478
664 525 96 135 0.01272962
0 478 4 9 0.012693191
723 2 149 161 0.0126685705
692 601 49 68 0.012660263
309 300 121 156 0.012640992
650 223 73 92 0.012636939
633 221 187 238 0.012631117
11 633 9 9 0.012623243
474 355 77 93 0.012616298
0 0 23 31 0.012596263
554 173 47 52 0.012531653
65 220 34 38 0.012518346
16 286 11 13 0.0125019215
1008 0 16 29 0.0124972435
194 429 154 191 0.01246005
157 352 144 192 0.01241335
124 251 9 10 0.012397348
45 267 156 206 0.012383831
484 472 139 182 0.012340679
545 118 183 242 0.012338826
520 0 75 57 0.012336369
0 331 5 10 0.012328153
13 172 22 28 0.01232033
441 0 76 58 0.012315341
47 528 151 157 0.012298257
850 149 136 178 0.012291856
547 121 21 23 0.012254563
69 358 96 128 0.012248976
78 134 156 203 0.012238782
116 0 76 55 0.012178942
902 534 99 140 0.01216014
753 207 13 17 0.01215181
2 518 96 147 0.012120194
446 390 100 137 0.012114512
396 402 164 208 0.012091793
841 63 139 180 0.012088593
144 282 14 14 0.012029002
697 298 126 156 0.012026935
988 589 36 88 0.012024666
225 433 12 17 0.0119816065
648 2 143 158 0.011941201
394 38 167 217 0.011912457
87 232 19 25 0.011875699
370 214 146 198 0.011860976
379 402 97 125 0.011857378
31 366 14 17 0.011849713
581 308 13 13 0.01184344
250 381 146 190 0.011841906
273 40 166 214 0.01180693
195 35 165 216 0.011802217
642 252 89 109 0.011792848
906 332 105 140 0.011786563
0 453 4 9 0.011785843
329 345 140 176 0.011724365
678 390 105 121 0.011715608
0 308 5 10 0.011678442
20 107 110 155 0.011630602
0 0 9 12 0.011620514
746 646 64 39 0.011612985
805 0 63 46 0.011598986
489 405 10 11 0.011585293
345 493 99 125 0.011583441
549 204 91 109 0.011557052
122 174 152 201 0.011545351
164 0 74 55 0.011509696
17 331 12 13 0.011496341
441 180 221 285 0.01148459
837 526 95 120 0.011473387
728 185 130 178 0.01146859
694 646 43 39 0.011443495
23 0 67 47 0.011437758
17 289 12 14 0.011434023
344 447 9 9 0.01142653
554 43 166 219 0.011402366
21 203 117 161 0.011396869
0 301 5 12 0.011387607
474 347 55 64 0.011379646
961 584 8 11 0.011377155
291 172 145 198 0.011376828
882 543 45 75 0.011366296
165 124 152 205 0.011364219
133 434 8 10 0.011353905
109 239 102 118 0.011352251
30 289 8 9 0.011319687
829 202 92 121 0.011299544
119 71 46 61 0.0112916455
726 0 63 47 0.011285525
973 189 51 119 0.011280129
434 133 82 113 0.011275071
789 379 88 117 0.011261896
694 179 108 138 0.011261041
695 224 72 91 0.011249941
490 171 148 194 0.011245486
688 238 13 17 0.0112445215
1022 0 2 14 0.011238519
11 425 9 10 0.011226777
472 39 167 219 0.0112238955
577 318 145 185 0.01120641
446 281 150 187 0.011202834
81 20 28 27 0.011190821
72 428 95 133 0.011184415
890 636 57 49 0.011178983
264 318 130 171 0.011174271
623 227 133 168 0.011173138
215 227 134 191 0.011162194
646 0 63 47 0.011120203
601 0 56 71 0.011116478
121 279 149 193 0.011095238
634 40 163 218 0.0110789
382 111 195 250 0.011073665
589 409 97 133 0.01106259
106 481 107 137 0.011061663
688 253 85 98 0.011046173
61 124 109 139 0.011042849
1015 675 9 10 0.011042683
0 283 5 12 0.011042049
314 139 86 111 0.011036123
530 223 147 184 0.011028946
90 426 10 13 0.011023751
316 81 160 209 0.011001915
0 649 5 11 0.010985972
26 292 8 9 0.010973081
223 100 193 251 0.010963936
155 514 94 124 0.010956337
991 571 12 12 0.010955058
615 288 140 177 0.010953401
685 22 143 180 0.010940391
0 582 9 21 0.010934141
695 475 130 129 0.010911064
910 464 90 125 0.01088986
403 321 160 192 0.010838116
823 121 107 144 0.010832888
84 429 9 10 0.010795992
141 199 189 241 0.010787863
581 315 13 17 0.010787384
391 449 8 9 0.010783936
0 570 10 24 0.010775695
595 206 91 107 0.010773446
170 477 132 163 0.010750701
322 25 149 180 0.010743936
605 24 142 179 0.010737225
744 200 24 25 0.01073224
0 287 4 12 0.010724068
208 0 62 46 0.010702813
371 468 136 171 0.010667086
66 229 22 26 0.010662437
707 662 40 23 0.010656915
327 0 63 46 0.010642975
88 330 89 111 0.010630431
0 401 5 13 0.0106012495
1014 0 10 18 0.010600332
216 440 96 118 0.010594811
780 569 111 116 0.010592175
430 446 95 125 0.0105893
763 254 52 71 0.010571485
75 461 9 11 0.010568307
315 586 7 10 0.01055603
95 281 51 63 0.010546662
834 469 79 110 0.01053712
617 334 53 72 0.010531677
268 0 62 46 0.010516353
776 215 140 199 0.010513575
459 482 115 145 0.010510739
391 9 97 134 0.010500371
215 316 131 179 0.01049464
153 252 92 124 0.010491458
0 343 4 10 0.010483136
20 315 10 12 0.010478839
999 498 11 15 0.010477065
805 635 92 50 0.01041751
510 348 161 197 0.010414195
613 649 48 36 0.010394026
317 221 90 115 0.010375207
545 338 102 127 0.010357814
157 279 49 60 0.010357077
895 456 10 13 0.0103539415
34 453 8 9 0.010350829
76 238 35 43 0.010350161
154 454 94 126 0.010344277
529 381 97 135 0.010344196
398 120 91 111 0.010340624
90 37 121 146 0.010331655
620 314 14 15 0.010329067
55 0 48 33 0.010304428
407 0 63 48 0.010301136
968 11 56 133 0.010299739
0 590 9 22 0.010290624
716 98 82 110 0.010277173
0 327 5 10 0.0102757625
521 425 133 177 0.010268797
1004 617 20 68 0.010243147
533 150 133 170 0.010227729
0 249 6 12 0.010214718
167 623 20 30 0.010211784
60 306 93 122 0.010209495
72 253 97 126 0.010197552
184 43 113 146 0.010197424
828 246 102 136 0.0101957815
252 426 95 111 0.010173206
977 586 8 11 0.010172826
17 423 8 10 0.0101489825
627 638 66 47 0.010145922
67 0 63 42 0.010139702
920 0 74 56 0.010133478
0 664 17 21 0.010128178
778 645 76 40 0.010122635
784 239 11 16 0.010116953
345 671 12 13 0.010113249
723 244 55 73 0.010091338
174 191 75 93 0.0100740865
332 10 96 132 0.010070726
700 427 27 35 0.010059696
772 0 50 36 0.010047921
731 59 135 179 0.010045199
0 255 5 11 0.0100426255
321 362 92 120 0.01003996
52 467 97 131 0.010030814
91 0 63 44 0.010015103
947 567 12 12 0.010013315
925 627 78 58 0.010011079
185 0 22 24 0.010008007
906 0 38 31 0.0100019835