39_Ice_Skating_iceskiing_39_908
2586
402 190 61 46 0.56512785
968 0 56 70 0.38394877
434 460 11 13 0.23878603
718 0 259 191 0.15796055
357 422 11 14 0.14443618
882 349 117 121 0.13598149
438 463 8 10 0.13131653
997 0 18 16 0.12782244
425 491 11 12 0.124279946
346 79 41 41 0.11419838
490 459 10 9 0.09933602
417 483 10 15 0.09247859
410 207 42 31 0.09096442
436 465 9 11 0.08957015
833 406 53 76 0.08799568
901 0 105 89 0.08680329
382 78 27 22 0.08565825
990 1 34 49 0.08406453
352 442 28 37 0.0824193
966 0 40 44 0.077648506
430 457 13 18 0.07376927
872 1 98 114 0.07264892
416 480 20 21 0.07098349
525 143 9 9 0.0708452
417 125 96 106 0.07008364
414 484 33 36 0.06972832
991 0 26 28 0.06815231
835 379 99 104 0.06543736
110 537 7 9 0.06477209
402 138 69 99 0.0642207
387 82 11 11 0.063283406
355 421 19 22 0.06298622
433 458 8 11 0.06287424
257 324 26 34 0.061747193
292 390 35 46 0.061168
993 20 31 57 0.060940713
840 0 164 152 0.060410477
390 84 24 23 0.059120853
432 465 11 14 0.058754098
378 108 30 23 0.05857998
968 1 20 33 0.057696998
667 390 14 13 0.0569412
437 456 11 16 0.056134548
393 103 21 20 0.05613085
398 481 11 13 0.056043673
810 292 13 15 0.055712976
769 57 15 22 0.055593126
911 0 53 42 0.055354603
487 460 10 10 0.055042867
418 482 7 10 0.054286778
978 13 35 49 0.05427422
355 425 11 16 0.053874798
420 488 12 14 0.0528598
910 240 8 11 0.052487645
974 0 18 25 0.05170831
927 0 69 56 0.05108663
969 28 53 65 0.05054255
568 0 414 287 0.05043759
425 485 18 20 0.049832143
128 557 8 9 0.049478628
280 287 21 27 0.049043484
938 0 86 127 0.04893797
407 492 35 44 0.04849
252 339 19 27 0.048085336
981 0 26 20 0.04805619
421 156 13 10 0.047621757
365 80 42 43 0.04751322
396 478 32 33 0.046145737
380 314 45 52 0.046100337
149 549 10 13 0.045997147
815 294 13 14 0.04524118
408 103 11 11 0.045172855
334 519 9 10 0.045033976
441 462 7 9 0.044845436
239 331 37 44 0.044722464
918 65 14 16 0.04412232
387 199 70 71 0.0441038
352 423 27 37 0.044064492
427 480 9 10 0.04400794
395 199 45 37 0.0437845
428 487 10 15 0.04363348
282 292 26 33 0.043583997
4 354 285 222 0.0435313
995 50 29 25 0.043025594
404 479 11 12 0.042770166
160 563 8 12 0.0426384
355 273 50 31 0.04253041
419 479 9 11 0.041517284
250 308 34 43 0.041497514
394 430 8 10 0.041394174
971 14 12 16 0.041290395
342 430 8 10 0.040838886
419 481 13 13 0.040514432
427 207 34 28 0.0405115
342 431 46 67 0.040435355
236 368 43 52 0.040379584
372 83 27 28 0.04034031
361 312 43 51 0.040302336
279 286 14 15 0.03978577
651 399 12 13 0.039396282
933 0 40 37 0.039313152
257 330 13 15 0.03907773
119 561 7 11 0.039006457
382 177 65 57 0.038915444
412 180 86 63 0.038903106
397 481 7 11 0.038887676
831 254 9 12 0.038468085
225 332 34 45 0.03824589
950 0 39 40 0.03815886
242 365 9 10 0.03815194
361 425 9 13 0.038056236
445 484 11 13 0.03790586
803 243 67 90 0.037847742
414 481 10 14 0.03774975
878 488 100 88 0.03750968
363 97 38 37 0.03696243
999 72 8 9 0.03666466
251 349 16 16 0.036592875
950 323 7 12 0.036442142
695 6 179 147 0.03583453
30 462 16 14 0.035803877
411 135 42 47 0.035765305
420 491 18 20 0.03576114
487 459 16 18 0.03564915
399 56 145 156 0.0356418
953 0 27 26 0.035481583
350 530 18 20 0.035454843
428 461 18 22 0.035399884
277 389 35 44 0.035130195
129 565 10 10 0.035077993
417 453 21 26 0.03487699
120 565 8 10 0.034819536
321 308 42 48 0.034664955
845 276 156 203 0.034623206
428 494 9 10 0.034595303
402 477 9 10 0.034486085
1015 166 7 11 0.034383513
458 456 7 9 0.03423938
621 398 10 11 0.034236908
813 297 10 13 0.034231864
361 420 9 13 0.034136463
838 419 36 46 0.034128547
391 428 9 10 0.03404282
665 390 10 12 0.033950012
396 480 18 24 0.03364865
396 431 9 12 0.033460073
1005 35 19 39 0.03331176
431 461 8 11 0.03295884
227 350 40 55 0.032930452
248 354 14 11 0.03286375
606 394 56 47 0.0327727
834 252 10 13 0.032754134
399 321 29 41 0.032458887
408 446 24 29 0.032411166
829 257 11 16 0.032386184
489 450 9 12 0.03230008
978 35 33 38 0.03229133
416 477 9 10 0.032159314
356 420 9 11 0.032075897
1001 0 8 10 0.03201145
0 215 45 66 0.03197546
912 513 85 63 0.031833712
418 489 7 10 0.031502396
694 75 213 255 0.031437255
879 521 68 55 0.031362385
886 0 57 42 0.03131474
383 86 24 25 0.031286504
440 467 7 10 0.031253807
354 424 8 10 0.0310963
422 475 17 20 0.031001728
148 551 7 9 0.03092612
498 464 8 9 0.03086913
487 454 11 12 0.030833554
910 391 75 90 0.03069605
487 468 19 22 0.0305854
384 98 23 22 0.030522771
780 0 145 113 0.030313067
758 140 261 330 0.030051593
383 89 11 18 0.03003345
923 372 101 107 0.029991848
363 441 33 40 0.029885985
1006 15 18 47 0.029857036
812 294 8 10 0.029592238
457 447 7 10 0.02957906
492 461 11 10 0.029524788
458 437 8 9 0.029326376
414 140 12 13 0.029162927
998 65 17 12 0.029095361
898 25 60 82 0.028902357
847 0 95 85 0.028856827
633 347 10 9 0.028837316
979 0 13 14 0.028806744
253 367 12 14 0.028733987
757 544 13 16 0.02866459
419 462 8 11 0.028659012
240 316 32 41 0.02865212
369 267 59 40 0.028651835
544 68 12 16 0.028502721
960 20 45 50 0.028398812
255 231 11 16 0.028378809
620 401 14 14 0.02837289
214 348 7 10 0.028255422
416 458 32 37 0.028239885
403 104 13 12 0.028214308
999 68 12 12 0.028180799
442 466 7 9 0.028025992
423 495 10 12 0.027999388
640 355 11 13 0.02799114
912 441 87 109 0.027934859
417 467 20 23 0.027925605
410 184 35 42 0.027897857
489 444 9 13 0.027720992
260 291 36 46 0.027719587
228 342 19 24 0.02768185
355 106 28 28 0.027503459
373 73 30 23 0.027493838
977 3 26 30 0.027413905
400 454 61 74 0.027405517
386 86 11 13 0.027394108
266 310 32 41 0.027363028
408 481 10 14 0.027362844
410 488 8 13 0.027358647
425 437 8 9 0.027344506
338 81 20 26 0.027234714
231 525 9 10 0.027229495
542 373 39 45 0.027184648
453 449 6 10 0.027110342
25 454 21 24 0.026989093
951 34 52 65 0.026878655
809 285 21 26 0.026844837
797 337 167 150 0.026811482
426 481 27 27 0.026806997
1011 0 13 15 0.026661169
354 72 40 34 0.026606467
649 392 16 20 0.0265744
397 497 10 14 0.02648996
398 478 8 9 0.026409298
417 218 28 28 0.02635934
490 463 10 11 0.02631991
937 470 87 102 0.026224827
345 526 27 30 0.026186999
339 367 37 52 0.026139587
412 134 29 32 0.026063025
449 463 8 9 0.025999876
393 483 41 47 0.025995571
445 464 9 10 0.025945494
287 306 25 31 0.025813844
866 86 8 14 0.02553908
461 27 396 375 0.025537726
1004 0 20 35 0.025447356
782 229 8 11 0.025440454
431 466 8 9 0.025398184
1004 0 15 14 0.025371445
1003 69 21 57 0.02535493
352 426 18 24 0.025264611
420 128 57 78 0.025152607
414 203 75 78 0.025089348
810 296 9 14 0.025053078
498 466 11 12 0.025048347
394 486 20 31 0.025007669
188 484 11 13 0.024847707
411 100 13 14 0.024732908
380 446 9 12 0.024718015
413 486 8 13 0.024693472
267 382 12 16 0.024688644
874 413 148 163 0.024677902
125 558 10 12 0.024671288
973 0 12 15 0.024598764
907 239 15 16 0.02455094
963 11 19 22 0.02453058
455 445 7 10 0.024519667
714 299 31 19 0.024507487
225 430 182 146 0.024470167
361 422 22 27 0.024393613
411 501 41 54 0.024329199
339 428 12 15 0.024280902
404 483 14 19 0.024272587
242 375 53 63 0.02426819
817 296 8 10 0.024266692
597 383 45 52 0.024216678
484 473 24 26 0.024195466
285 276 42 43 0.024134237
389 110 26 25 0.02407508
339 429 31 41 0.024059935
947 320 12 19 0.023979781
974 32 26 32 0.023978703
992 2 17 18 0.02393834
641 389 26 31 0.023935147
869 457 85 101 0.023914082
540 21 97 79 0.023881178
349 275 33 26 0.02376314
767 55 23 33 0.02374524
254 325 19 23 0.023737306
338 83 31 43 0.023703227
357 92 27 35 0.02366542
348 518 12 10 0.023648096
395 106 14 11 0.023646237
296 375 31 38 0.023635011
888 374 75 84 0.023603614
819 430 75 103 0.02359912
155 565 11 11 0.023583064
357 284 44 58 0.02356044
815 52 15 16 0.023531796
413 142 9 13 0.023522105
795 480 9 11 0.023500983
416 226 15 12 0.02348649
413 30 237 222 0.023456829
140 559 7 9 0.023432586
277 406 13 14 0.023417268
437 481 8 12 0.02340437
521 332 340 244 0.023370665
467 231 41 45 0.023331778
864 4 6 10 0.023325082
497 0 331 230 0.023306044
413 129 20 22 0.023258064
418 443 30 39 0.023246033
278 358 10 14 0.023201533
555 334 51 54 0.023192463
456 467 7 9 0.023192145
437 449 14 19 0.023123238
435 456 7 10 0.023095137
415 455 15 20 0.023092316
795 62 154 220 0.023069201
838 372 56 91 0.023069024
343 517 56 59 0.0230548
967 149 40 35 0.023053173
907 251 117 203 0.023030862
869 510 48 63 0.023021895
930 280 11 15 0.022977365
520 141 12 10 0.022958208
771 56 11 14 0.022927543
431 492 8 9 0.022903925
160 558 9 14 0.022875693
243 351 46 59 0.022822835
363 426 11 15 0.022808107
251 411 38 43 0.022790313
832 452 14 18 0.022768592
390 201 8 10 0.022710415
410 484 19 25 0.022696532
865 88 6 9 0.022633923
640 414 14 10 0.022630153
241 295 37 45 0.022612076
372 97 20 29 0.022575174
427 467 12 14 0.0225649
476 30 157 135 0.022560623
909 35 79 106 0.022529315
844 492 90 83 0.022516437
613 397 25 20 0.022464482
233 348 29 34 0.022439098
335 73 176 179 0.022429502
380 465 41 54 0.022348553
653 396 9 12 0.022337696
0 233 22 39 0.022300892
830 247 12 16 0.022264056
158 549 13 15 0.022256281
390 425 9 9 0.022230506
0 425 115 151 0.02220047
366 213 73 77 0.022152627
405 461 33 42 0.022150727
421 493 9 9 0.022058116
337 389 38 57 0.022039365
415 471 15 22 0.022020975
336 480 9 13 0.02200393
441 447 8 12 0.021960655
139 566 10 9 0.021865314
633 400 7 9 0.021839961
373 303 41 48 0.021817766
256 334 32 42 0.021793608
231 529 10 11 0.021769457
335 511 11 12 0.021753415
785 284 5 10 0.021753248
34 304 94 111 0.021748492
230 299 57 69 0.02173862
447 483 7 9 0.021731844
218 313 52 66 0.021719199
751 75 9 11 0.021694928
379 92 18 26 0.021681666
493 453 8 10 0.02162856
602 352 40 46 0.021612512
400 106 23 25 0.021597376
351 109 21 23 0.021587066
950 193 8 11 0.021546455
573 472 112 104 0.02151582
858 94 18 40 0.021503497
316 538 10 11 0.021451399
997 0 9 10 0.021428503
709 183 174 217 0.021340143
408 151 44 60 0.021327572
607 339 10 12 0.021319728
409 461 7 9 0.021305773
394 482 12 18 0.02130001
130 561 7 10 0.02128854
400 80 28 21 0.021278786
323 333 151 177 0.021220295
275 384 24 33 0.02120392
228 349 22 28 0.021178516
0 291 78 126 0.021142133
426 193 42 37 0.021098739
402 119 11 12 0.02106928
430 477 17 24 0.021009745
852 215 37 41 0.021005955
387 227 89 85 0.020990228
435 461 17 24 0.020973999
418 142 10 14 0.020954246
924 410 87 107 0.020950908
329 380 58 88 0.020949336
414 80 27 20 0.02092041
1001 6 8 10 0.020887448
911 236 11 14 0.020866293
655 402 10 11 0.020819657
421 205 52 48 0.020788183
873 190 51 40 0.020784782
406 477 9 10 0.020783016
457 442 8 10 0.020764573
252 336 12 18 0.02073939
485 455 8 10 0.020708507
494 457 9 11 0.020697841
988 54 34 43 0.020694332
456 439 8 10 0.020682529
998 68 18 31 0.020670833
430 470 13 17 0.020588959
808 294 9 10 0.020572392
658 345 36 52 0.020563077
304 430 166 146 0.020545669
1 222 31 37 0.020506646
393 93 21 22 0.020497398
440 3 154 137 0.020428851
39 463 12 14 0.020385796
421 486 8 10 0.020354379
44 470 8 10 0.020349564
813 420 59 76 0.020338997
386 85 8 9 0.020331524
465 445 9 11 0.020307576
330 154 162 160 0.020237776
775 477 70 93 0.020226255
309 319 45 47 0.020224791
400 474 9 10 0.020195333
33 2 94 118 0.0201928
312 540 11 12 0.020149313
0 247 42 72 0.020149196
294 322 11 12 0.020128075
663 392 7 10 0.020108787
218 301 39 51 0.02010747
665 386 20 26 0.020092111
816 258 118 161 0.02007262
399 212 42 48 0.020052992
339 424 21 28 0.02004305
368 111 41 54 0.02002023
540 366 66 76 0.020013468
925 34 52 70 0.020007445
346 521 14 15 0.020000163
808 6 7 10 0.019971391
387 106 69 97 0.019964492
438 484 17 20 0.019963827
357 79 61 65 0.019944714
687 341 70 82 0.019942733
391 304 31 39 0.01993067
365 104 22 24 0.019916002
387 487 21 35 0.01990993
409 134 19 24 0.019883377
154 549 12 15 0.01984872
237 342 23 28 0.019846478
684 380 11 10 0.019823728
353 418 13 16 0.019767554
73 487 43 42 0.019706644
296 290 40 47 0.019702762
819 49 13 14 0.019683091
523 145 8 9 0.019681899
324 67 59 68 0.01965415
351 424 65 87 0.019641174
783 464 22 26 0.0196369
879 66 85 119 0.019635005
459 449 7 10 0.019602964
498 82 137 152 0.019601576
877 404 87 104 0.01959526
285 289 8 10 0.019589882
403 440 34 47 0.019584786
409 321 29 37 0.019576078
531 339 61 51 0.01956711
395 427 7 9 0.019564666
375 436 23 33 0.019556368
972 14 8 10 0.019555181
118 447 153 129 0.01952815
788 310 232 256 0.019516526
241 357 30 42 0.01951289
32 169 356 407 0.019511905
714 329 39 42 0.019497152
815 52 10 11 0.019483801
340 462 70 99 0.019479323
351 489 11 13 0.01943826
1003 5 14 14 0.019436277
973 0 8 9 0.0194124
123 566 11 10 0.01934962
363 478 8 9 0.019345203
673 391 10 11 0.019342022
1004 0 9 9 0.01933836
404 484 10 11 0.019332835
820 54 14 16 0.019307537
919 0 33 27 0.019278703
381 482 8 9 0.019273147
834 246 12 16 0.01925079
365 428 8 10 0.019241562
422 123 42 53 0.019239636
765 2 15 22 0.019237883
1014 189 10 26 0.019232176
324 437 49 65 0.019231137
310 512 64 63 0.019216504
903 9 43 54 0.019211564
659 360 8 11 0.01920677
967 53 57 73 0.0192003
267 329 28 32 0.019182581
312 292 47 49 0.019164294
357 239 99 88 0.019141354
63 566 10 9 0.019137045
283 400 41 51 0.019091204
383 109 37 40 0.01903334
822 111 7 9 0.018997425
387 104 164 175 0.01899718
442 458 7 9 0.018995607
146 547 8 13 0.018975629
819 294 8 10 0.018947672
470 429 8 9 0.018942181
340 35 68 71 0.018919574
4 0 364 321 0.018913783
410 90 12 17 0.018906457
723 367 9 9 0.018905867
860 1 7 11 0.018890584
127 560 14 15 0.018889409
384 82 9 10 0.018888324
409 479 7 9 0.018867014
416 490 7 11 0.018836755
527 384 43 47 0.018836249
695 337 17 24 0.01879789
997 61 24 22 0.018773943
381 103 10 16 0.018759303
751 516 33 43 0.018739954
301 284 32 33 0.018736599
456 450 8 12 0.018719645
636 206 318 370 0.018695198
513 472 114 104 0.01868998
238 366 11 14 0.01868574
593 431 221 145 0.018658377
639 0 170 136 0.018632457
612 401 10 13 0.018623535
204 297 39 51 0.018585991
754 539 20 23 0.018563453
272 378 20 26 0.018529715
159 562 7 9 0.018507212
4 0 157 180 0.018504063
655 396 13 15 0.018502286
418 458 9 10 0.018490417
913 322 74 123 0.018487746
388 430 11 14 0.018466517
95 566 13 10 0.018466383
338 95 38 47 0.018446434
355 302 36 50 0.018435633
268 448 29 27 0.018424366
658 389 17 19 0.018415317
673 340 48 63 0.018397665
456 82 39 42 0.018395986
358 454 25 32 0.018387794
390 81 12 11 0.018380633
863 89 7 11 0.018377585
185 345 67 86 0.018364169
370 474 9 11 0.018348817
845 87 179 272 0.01833812
377 481 8 9 0.01831594
358 429 16 20 0.018286102
348 521 22 24 0.018284183
821 119 7 10 0.018241031
540 304 11 13 0.018218515
627 399 42 54 0.018203225
810 226 99 141 0.018174894
509 0 56 48 0.018158954
415 0 123 113 0.018150307
408 100 8 10 0.018143095
427 451 13 19 0.01812997
427 496 12 14 0.018101824
247 352 10 11 0.018062862
609 405 11 14 0.018062446
392 442 31 38 0.018050414
740 47 146 180 0.018048929
693 301 75 98 0.018040232
57 496 28 41 0.018031651
259 428 34 36 0.018024314
368 488 12 14 0.01801937
425 491 22 24 0.018011257
582 340 50 53 0.018006546
785 233 6 9 0.018004997
148 327 280 249 0.01798489
159 30 301 266 0.017976517
107 535 9 13 0.017976325
345 71 27 31 0.017967148
341 0 77 76 0.017965717
624 397 9 9 0.01795797
70 0 174 191 0.017955475
753 58 11 14 0.017940417
388 188 151 150 0.017934415
999 186 25 63 0.017919585
424 165 50 61 0.017912183
379 93 11 17 0.017900411
418 152 12 12 0.017885968
858 2 10 16 0.017885044
427 473 43 47 0.017884295
109 538 8 15 0.017873734
397 521 46 54 0.017870137
713 50 95 116 0.017869407
363 117 8 11 0.017856319
0 256 66 111 0.01785584
944 251 17 31 0.017814625
368 448 44 55 0.017808262
153 547 9 12 0.017792407
405 107 13 16 0.017791867
700 312 10 10 0.017791275
404 474 9 11 0.017783923
255 335 12 14 0.017777514
534 385 82 100 0.017773258
1011 69 13 40 0.017769845
418 158 13 11 0.017766202
305 278 52 44 0.017762747
624 401 9 10 0.017758967
57 29 86 134 0.017756013
855 85 18 36 0.017747167
809 302 10 14 0.017709803
732 244 79 120 0.017678991
362 416 10 13 0.01762051
431 488 15 16 0.017606292
406 113 34 37 0.017598737
403 114 23 26 0.017578252
566 48 11 17 0.017576102
446 194 82 78 0.017551087
436 471 10 12 0.017543009
203 309 46 64 0.017520653
548 0 54 45 0.017464703
850 412 62 71 0.017462524
854 1 7 12 0.01745589
555 157 12 11 0.017442249
490 461 20 19 0.017431054
261 328 11 14 0.017408362
699 18 87 116 0.017394803
464 107 7 10 0.017376088
143 566 10 9 0.017367614
257 333 8 11 0.017366333
722 419 12 10 0.017363237
976 0 12 10 0.017362712
250 367 10 12 0.017361006
371 467 65 85 0.017351002
269 283 23 21 0.017319698
423 149 39 49 0.017317673
816 298 13 14 0.017307833
961 76 63 87 0.017296137
852 250 28 29 0.017287547
483 292 64 80 0.017285671
387 49 111 108 0.017273618
368 526 50 50 0.01723094
382 444 22 31 0.017226612
333 340 55 76 0.017216302
388 90 12 15 0.01720006
443 458 14 18 0.017198736
484 450 9 11 0.017183714
445 103 81 95 0.017176094
418 320 40 48 0.017174687
388 188 8 13 0.01717385
379 108 16 18 0.01717182
424 489 47 54 0.017170906
411 105 11 12 0.017170122
130 555 8 10 0.017166387
985 0 15 13 0.017166365
414 151 24 31 0.017156554
404 192 30 30 0.01714383
7 202 52 62 0.017142437
262 391 34 46 0.017136171
356 412 19 24 0.017134452
947 265 10 14 0.017126458
61 305 11 13 0.017119043
411 452 7 10 0.017111007
417 204 25 24 0.01710992
444 447 8 10 0.017109802
344 355 37 46 0.0171039
390 85 10 11 0.017102104
749 75 12 20 0.017087756
833 252 20 24 0.017082348
488 331 43 47 0.017081415
357 478 13 12 0.017078374
527 146 7 10 0.017065467
395 480 8 9 0.017056225
669 387 11 12 0.017010339
959 500 42 70 0.017001795
130 556 12 14 0.016981293
357 301 63 78 0.01696909
7 212 67 84 0.016963564
527 143 11 11 0.01695801
253 276 26 31 0.016940674
239 332 23 29 0.016935926
828 252 10 12 0.016928822
908 243 8 10 0.016919784
816 58 15 16 0.016858036
414 135 12 14 0.016848156
388 428 8 11 0.016843889
860 338 83 103 0.016841583
611 401 17 17 0.016832713
337 520 10 10 0.016810652
714 345 12 15 0.016771674
935 535 54 40 0.016770765
419 217 19 19 0.016768975
318 455 43 61 0.016767584
78 0 90 103 0.01676229
323 372 40 51 0.016743988
869 86 6 11 0.016743489
960 237 64 108 0.016741913
651 386 15 20 0.016741076
437 484 10 15 0.016737899
485 463 10 13 0.016730633
399 121 9 9 0.01672999
374 337 47 55 0.016729707
39 217 20 26 0.01671672
583 384 75 86 0.016704533
355 449 16 22 0.016700525
342 366 11 17 0.016641172
197 0 90 103 0.016634768
339 79 10 15 0.016633421
948 345 76 95 0.016628686
812 301 8 10 0.016616387
984 523 40 53 0.016610092
150 540 9 12 0.016569475
483 459 12 13 0.01656747
1001 74 9 9 0.016558124
237 315 24 30 0.016544133
267 284 30 34 0.016534695
321 228 162 169 0.016529782
318 406 56 79 0.016529616
404 122 12 14 0.016522612
381 491 19 30 0.016516749
363 94 65 77 0.016513368
377 102 11 19 0.016509129
0 198 213 343 0.016507706
434 436 35 44 0.016488109
570 333 31 36 0.016485944
821 113 7 10 0.016475229
929 460 53 67 0.01647062
413 478 70 82 0.016466912
34 478 41 53 0.016462142
351 391 45 62 0.0164506
249 301 12 13 0.016410783
915 43 6 9 0.016402705
408 486 7 10 0.016382273
952 189 8 11 0.016371999
396 471 22 24 0.016349744
611 406 45 57 0.016342914
362 112 17 19 0.016342603
160 295 73 97 0.016330905
877 36 73 107 0.016328234
396 117 22 22 0.016322315
661 394 9 12 0.01632211
1011 84 13 44 0.016315594
856 365 21 25 0.01629852
425 319 17 23 0.016297866
974 159 43 41 0.016288074
72 303 95 110 0.016282849
854 1 17 30 0.016269319
467 74 49 52 0.016267389
616 398 36 32 0.016263915
549 338 81 95 0.016260816
458 311 74 86 0.016259955
114 522 54 53 0.016247567
422 142 10 14 0.016241072
869 82 7 9 0.016214017
879 206 28 24 0.016213523
354 435 19 28 0.016210577
437 336 10 12 0.016207173
456 461 8 11 0.016200755
403 112 12 16 0.016196338
481 457 33 45 0.01618896
1013 545 11 30 0.016152993
242 364 15 16 0.016130848
367 427 8 9 0.016129464
364 83 23 34 0.016115818
447 0 56 49 0.016107783
549 385 43 46 0.01610469
11 376 17 20 0.016097793
369 115 26 30 0.016086854
163 551 9 11 0.016085034
19 307 24 28 0.016083797
1 1 82 112 0.01608311
811 53 13 14 0.016082335
252 362 12 14 0.016078234
908 526 14 17 0.016068919
1016 21 8 33 0.016068641
116 564 9 10 0.016061373
400 323 45 52 0.016054926
931 418 29 23 0.016042495
345 427 10 12 0.016026445
445 107 20 26 0.016012194
962 0 22 18 0.016011082
713 353 8 9 0.015994523
897 513 38 53 0.015989421
1003 111 21 48 0.015988631
414 132 8 10 0.01598052
637 413 20 17 0.015979767
397 109 13 15 0.015969763
353 88 23 27 0.0159649
790 374 83 104 0.01596074
162 566 9 9 0.01596046
995 62 15 11 0.015959308
362 421 14 15 0.015954664
617 398 9 11 0.015931636
157 0 89 103 0.015929257
97 26 87 138 0.015921365
789 463 13 17 0.01591803
824 47 12 14 0.015914215
407 221 26 25 0.015910849
908 463 51 64 0.015892297
973 45 22 27 0.015868561
451 325 11 12 0.015851868
810 291 9 11 0.015838714
887 48 123 173 0.015834903
386 425 19 25 0.015831206
407 142 24 31 0.015830692
315 311 32 33 0.015825639
352 463 21 28 0.015822414
710 319 36 38 0.01582152
708 362 45 53 0.01579501
323 268 55 42 0.015778514
968 401 56 98 0.015771441
152 550 19 22 0.015768776
289 290 13 17 0.015763268
461 188 59 55 0.015762087
817 290 16 15 0.015761308
389 501 43 55 0.015759924
315 386 48 66 0.01575918
458 460 7 9 0.015748369
429 483 8 10 0.015742067
119 556 9 10 0.015740892
926 434 52 66 0.015727257
107 558 9 12 0.015719151
783 241 8 12 0.015696201
498 470 12 14 0.015694559
837 255 10 11 0.01568823
332 514 11 12 0.015683051
357 354 8 9 0.01567746
373 364 37 47 0.015660811
157 549 8 10 0.01565929
116 0 91 103 0.0156546
940 16 27 37 0.01564307
437 326 28 36 0.01564302
686 480 100 95 0.01563822
959 181 65 115 0.015632942
934 14 43 54 0.015632935
487 0 55 48 0.015618252
232 534 8 9 0.015591154
842 425 25 25 0.015586268
948 99 61 78 0.015552017
284 313 32 36 0.015542522
407 155 20 26 0.015540882
296 463 43 59 0.015528374
247 361 20 21 0.0155247385
24 458 16 16 0.015524078
403 147 34 45 0.015514609
151 544 9 13 0.015498602
476 395 76 97 0.015482511
921 425 43 47 0.01547971
2 489 81 87 0.0154728955
976 8 13 14 0.0154704675
430 482 11 14 0.0154696945
684 383 11 12 0.015461018
749 335 9 9 0.015457848
59 331 85 110 0.015446456
113 538 7 9 0.015435262
848 0 62 54 0.015431998
429 473 8 10 0.0154316425
335 362 29 37 0.015425903
822 481 76 88 0.015419342
288 284 23 32 0.015419112
350 407 29 36 0.015417956
656 395 9 11 0.015409699
144 559 7 9 0.015400551
410 493 7 11 0.015396664
52 566 13 9 0.015393067
541 148 28 24 0.015384804
808 306 9 12 0.015379292
277 281 13 15 0.015378726
1004 4 9 10 0.01535486
542 70 18 25 0.015341273
421 83 26 22 0.015336542
997 303 8 13 0.015331016
227 320 27 38 0.015325982
349 533 28 35 0.015316853
947 60 57 73 0.015312243
838 203 41 47 0.015306762
122 301 19 21 0.015304241
533 169 24 30 0.015300674
221 335 20 26 0.015294623
414 479 8 10 0.015292357
703 345 10 12 0.01529101
821 61 13 15 0.015284102
816 290 10 11 0.015283904
999 8 12 12 0.015269067
14 330 86 122 0.015267928
825 120 7 10 0.015261078
442 481 11 13 0.015258781
492 267 51 63 0.015256385
440 455 7 11 0.015236721
35 463 9 10 0.015214436
382 494 33 46 0.01521349
671 393 13 15 0.015213237
15 545 10 12 0.015209358
366 415 8 9 0.015205149
732 337 72 85 0.015204635
205 163 75 103 0.015203341
177 48 86 135 0.01519151
604 392 27 23 0.015190985
861 111 14 23 0.015186235
914 37 18 24 0.015181664
422 434 8 10 0.015152554
395 94 33 36 0.01514503
489 54 44 50 0.015135797
389 198 7 11 0.015130053
463 225 71 86 0.01512441
547 122 106 123 0.015123047
252 337 8 12 0.0151057625
834 6 52 63 0.015104415
384 507 11 15 0.015102616
431 220 26 28 0.01508967
490 453 15 16 0.0150821805
137 48 86 134 0.015076668
886 470 51 64 0.015058412
739 188 8 10 0.015051003
285 288 12 15 0.0150461085
313 444 23 29 0.015043725
410 307 30 37 0.015039993
438 479 8 10 0.015039236
426 488 7 11 0.015035786
328 85 64 77 0.015032188
442 469 8 10 0.015027604
734 77 50 61 0.015014196
337 433 11 14 0.015010883
539 60 147 161 0.01500335
258 347 10 15 0.015000891
405 328 19 28 0.014993608
456 150 93 87 0.014975877
416 219 99 99 0.014972444
246 306 18 21 0.01493636
378 483 9 14 0.0149318585
151 566 9 9 0.014927881
397 333 23 35 0.014926455
564 0 63 51 0.014922994
383 273 54 51 0.014918666
372 253 106 108 0.014914243
832 415 32 37 0.014902774
664 363 48 55 0.014898254
820 228 64 71 0.014892261
343 424 16 17 0.014890728
355 287 28 35 0.014888185
901 520 26 25 0.0148836095
621 396 9 9 0.014878828
865 201 41 35 0.014871958
417 456 8 9 0.014870451
547 425 103 125 0.014865705
352 426 7 10 0.014862557
1015 39 9 32 0.014860791
769 59 11 13 0.014860102
46 304 12 14 0.014848228
244 392 30 39 0.014833043
400 116 11 13 0.0148222605
784 277 8 13 0.014814714
568 373 62 67 0.014810489
881 500 44 57 0.014804915
1012 129 12 33 0.014800204
761 238 81 109 0.014797087
784 61 7 10 0.01479388
279 290 10 9 0.014788413
377 59 37 35 0.014779695
445 199 14 12 0.014774739
348 408 20 27 0.014770349
558 386 7 9 0.014764115
1019 0 5 12 0.014757475
45 0 71 66 0.014747354
250 217 21 29 0.014742683
708 346 35 47 0.014720809
364 433 17 22 0.014720044
754 534 29 35 0.014719568
224 489 62 83 0.014718659
252 366 8 9 0.014709584
781 232 9 14 0.014706254
627 398 11 12 0.014702523
447 467 7 10 0.014699728
412 449 8 9 0.014696655
431 454 8 12 0.014687919
257 315 22 27 0.014684004
381 235 375 341 0.014677276
755 56 10 11 0.014665535
785 199 72 101 0.014661228
456 66 72 83 0.014658346
783 566 14 9 0.014649128
275 360 48 63 0.014648197
705 300 40 35 0.014646228
0 241 31 46 0.014643628
269 359 11 16 0.014643156
222 490 40 57 0.014637649
718 330 23 21 0.01463196
68 549 14 15 0.014629637
779 429 75 98 0.014629564
302 381 35 43 0.014619135
414 110 41 46 0.014616404
660 378 35 41 0.014615256
282 286 8 10 0.01460462
425 460 10 12 0.014604256
447 478 10 12 0.014604121
386 79 9 11 0.014602569
881 314 78 107 0.014601215
61 352 52 58 0.014593478
772 193 40 53 0.014592866
384 96 9 17 0.014589995
277 285 43 54 0.0145840375
811 265 50 54 0.014577499
486 440 11 12 0.014570562
351 327 40 51 0.014567335
415 95 81 90 0.014562511
85 483 79 90 0.014550516
299 304 45 53 0.014547437
923 316 24 40 0.014530946
287 448 68 93 0.014512872
948 196 8 10 0.014498669
452 442 7 9 0.014492426
20 30 81 130 0.014462248
743 527 32 40 0.01445396
421 140 9 11 0.014433788
1002 209 22 63 0.014431235
921 67 9 10 0.014426954
367 0 66 56 0.0144208055
489 465 12 15 0.014414281
349 459 36 51 0.014408439
450 326 52 61 0.014401617
587 134 257 311 0.014390925
725 337 9 10 0.014386297
734 473 93 100 0.014382675
354 429 8 12 0.014372868
960 494 31 46 0.014372722
389 193 6 10 0.014370542
347 253 63 62 0.014367106
908 498 41 59 0.014358415
219 356 10 15 0.01435786
245 406 32 37 0.014349565
292 512 54 59 0.014347336
989 11 25 31 0.014330365
61 390 76 101 0.01433035
460 425 219 151 0.014325751
498 53 88 103 0.014324867
109 545 8 13 0.014309233
306 307 63 81 0.014305909
375 286 39 45 0.014299367
911 244 8 11 0.014298216
13 226 14 17 0.014297071
0 449 32 44 0.014287855
430 480 9 9 0.014287633
355 375 78 103 0.014287117
367 425 11 14 0.014285317
57 503 37 53 0.0142849665
723 352 48 58 0.01428276
213 379 69 87 0.014272967
399 101 14 14 0.014252286
844 471 14 12 0.014251802
742 509 33 43 0.014250371
481 469 10 12 0.014241857
377 425 21 27 0.0142415315
142 546 22 24 0.014241467
421 463 12 14 0.014236531
350 157 85 90 0.01423549
133 560 9 12 0.01422423
352 485 46 64 0.014220377
347 423 9 13 0.014214956
970 10 23 39 0.014211432
991 165 33 46 0.014209622
165 335 65 81 0.014209582
420 147 12 14 0.0142087815
487 475 13 15 0.014204018
338 350 307 226 0.014202751
768 40 28 40 0.0141997645
409 127 17 20 0.014187999
953 94 43 53 0.01418613
40 362 80 111 0.014180734
914 239 12 13 0.014178878
423 226 26 27 0.014164747
964 164 47 56 0.014157636
0 360 76 117 0.014153957
134 557 9 9 0.01414758
264 317 257 259 0.014147569
256 227 9 14 0.014144054
282 361 9 10 0.014128652
819 54 9 10 0.014120115
355 432 10 14 0.014116803
332 508 13 12 0.014113334
413 229 13 13 0.014108891
308 457 31 42 0.014107574
435 477 9 12 0.01408267
809 428 150 148 0.014081206
825 56 13 16 0.014081004
361 440 22 29 0.014076656
113 42 180 217 0.014065965
865 164 71 65 0.014063425
63 448 146 128 0.014050691
637 358 11 13 0.014048802
146 557 8 11 0.01404597
398 433 9 12 0.014045397
785 64 7 11 0.014041152
256 259 44 52 0.014034434
813 53 8 9 0.014033653
948 263 76 138 0.014031265
314 338 28 31 0.014028491
303 313 27 28 0.014023639
773 53 15 20 0.0140224155
626 477 115 98 0.014018553
358 517 31 37 0.014017554
841 252 41 45 0.014006277
668 396 13 14 0.014005754
824 52 9 10 0.014002655
853 524 47 52 0.013997248
442 455 11 14 0.0139954705
643 351 11 13 0.0139861
822 50 8 10 0.013977332
856 0 9 14 0.013968716
583 405 8 9 0.0139661245
0 313 45 78 0.013964602
91 566 12 9 0.013963795
971 7 10 16 0.013958982
187 484 19 22 0.013952761
196 363 44 58 0.0139512755
369 417 48 58 0.013938681
358 373 8 9 0.013927802
579 340 10 13 0.013919449
376 484 13 20 0.0139169255
285 408 64 86 0.013916564
825 51 12 15 0.01391352
847 195 61 63 0.013906962
429 464 7 9 0.013899977
937 413 59 68 0.013871695
339 82 6 11 0.0138671445
249 268 58 71 0.013866626
432 327 48 57 0.013866552
77 72 85 124 0.013861615
408 94 10 11 0.013853171
806 258 37 48 0.013849893
323 436 32 40 0.013828658
450 472 7 10 0.013825348
45 466 7 10 0.013818099
416 316 76 83 0.013816203
275 261 44 51 0.013812665
84 531 11 12 0.013788382
172 290 48 59 0.013786682
158 92 84 124 0.013782184
4 223 21 22 0.013771815
968 12 9 13 0.013757904
429 135 30 34 0.013755576
501 469 11 12 0.013754584
664 306 78 98 0.0137517275
305 398 29 36 0.013744864
866 5 7 11 0.013739807
388 177 9 10 0.013733218
420 476 10 10 0.013732432
949 210 8 9 0.013730496
219 266 34 35 0.013724715
1019 26 5 31 0.013715816
325 325 41 52 0.013711998
754 333 82 97 0.0137104895
60 497 17 22 0.013708533
423 310 24 27 0.013707707
592 342 64 80 0.013706841
408 456 14 19 0.013706381
404 509 31 39 0.013704304
495 0 83 73 0.013702247
327 0 64 58 0.013681126
347 513 33 37 0.013680313
157 554 9 12 0.013680031
405 392 39 44 0.013673837
520 309 91 111 0.013672751
39 37 170 212 0.013664418
79 360 81 104 0.013662409
532 0 48 33 0.013657791
1001 131 23 46 0.013645032
876 217 36 37 0.013642049
649 400 9 10 0.013641312
752 54 34 47 0.013630788
418 134 10 9 0.013621859
299 329 42 46 0.013614914
997 456 27 67 0.01361326
398 429 9 10 0.013609558
199 278 41 56 0.013607527
791 476 12 15 0.013598903
5 199 141 180 0.013598477
45 262 48 59 0.01359489
476 471 86 101 0.0135917915
217 279 40 55 0.013587297
582 389 22 23 0.013581954
465 185 13 10 0.013581623
829 352 52 84 0.013571468
814 291 8 10 0.01357074
228 367 26 36 0.013563596
986 365 38 73 0.013559355
824 112 8 11 0.013551547
686 377 8 9 0.013550716
353 516 22 24 0.01355066
408 454 9 13 0.013541241
1008 530 16 45 0.013540932
274 402 26 37 0.01353001
886 230 23 28 0.013527304
245 368 8 11 0.013526986
13 470 59 78 0.013524507
420 470 12 15 0.013516195
246 368 18 20 0.01351266
861 3 12 22 0.013510332
794 423 54 63 0.013505293
803 186 68 85 0.013498684
877 0 37 36 0.013495728
197 91 85 128 0.013491959
883 230 9 12 0.013490726
47 555 26 21 0.013484268
182 133 80 116 0.013482644
1 531 41 44 0.013479715
418 494 8 10 0.0134760495
390 92 14 19 0.013474237
397 295 34 42 0.013470392
460 454 8 12 0.013470232
382 446 12 16 0.013469736
337 476 10 14 0.013467186
545 61 20 23 0.013461996
145 551 11 14 0.013461796
958 459 29 39 0.013456228
861 86 14 23 0.013437903
830 455 49 67 0.013436607
160 258 66 86 0.013435921
382 428 63 79 0.013429221
371 480 11 12 0.013424418
1021 0 3 9 0.013423411
461 449 9 13 0.013423154
245 255 40 39 0.013423009
465 236 24 32 0.013417299
62 294 178 215 0.013408771
1014 7 10 30 0.013407758
345 443 17 22 0.013393662
775 62 13 19 0.0133935055
550 356 45 53 0.013392959
362 468 19 23 0.013392829
401 486 10 11 0.013385276
20 261 52 55 0.013378513
729 224 61 93 0.013373867
236 0 90 102 0.013371906
369 108 12 15 0.013363555
444 93 61 65 0.013348721
344 480 8 10 0.013343384
244 355 9 12 0.013333909
920 238 7 10 0.013333433
412 492 7 10 0.013330071
828 267 52 56 0.013324641
231 261 41 39 0.0133171035
905 535 54 40 0.013316968
353 369 41 49 0.013316548
439 211 27 29 0.013314061
217 203 50 62 0.013313686
974 13 10 11 0.01331083
117 495 49 58 0.013310118
82 566 9 9 0.0133072985
881 505 21 19 0.013297463
813 108 21 37 0.013296787
335 521 9 13 0.013295676
127 554 23 22 0.01329276
510 288 47 59 0.013288798
371 509 12 15 0.013286854
631 398 13 14 0.013284844
564 48 45 52 0.013282625
412 460 13 18 0.013275975
334 309 44 59 0.013269426
232 316 19 27 0.013260325
26 318 22 27 0.013259193
371 453 26 34 0.013255159
106 0 70 68 0.013251859
168 258 19 19 0.013235279
856 286 83 110 0.013234874
118 91 84 120 0.01323433
362 22 65 66 0.013233256
608 342 12 13 0.013210997
703 337 20 25 0.013210549
225 0 70 68 0.013202828
448 327 15 20 0.013202678
430 525 48 51 0.013201725
254 336 8 10 0.013198657
447 455 17 26 0.013176857
340 446 28 35 0.013168908
546 67 9 11 0.013162049
419 176 30 36 0.013161597
143 550 10 11 0.013151862
385 0 102 93 0.013148594
439 108 29 39 0.013147915
373 112 17 19 0.013145271
754 484 22 27 0.01312515
995 147 29 44 0.013122468
976 38 17 21 0.013117252
431 453 38 45 0.013116086
30 135 43 59 0.013112988
217 48 87 135 0.013103133
821 254 19 25 0.013099534
414 226 10 11 0.013093377
186 0 69 68 0.013085644
476 310 49 58 0.013083888
552 390 171 186 0.013083316
346 526 10 12 0.01308031
400 123 10 14 0.013069373
1021 24 3 26 0.013068547
246 359 10 12 0.013068495
152 0 169 197 0.0130684
753 488 38 53 0.0130663
438 490 6 9 0.013065319
861 90 7 11 0.0130612375
476 264 48 60 0.013058977
873 199 26 24 0.013056417
726 334 14 14 0.013047295
408 129 11 12 0.013046175
533 325 26 30 0.013045064
774 490 46 64 0.013044181
637 357 16 19 0.013043895
392 490 13 20 0.013039916
277 358 8 11 0.013038296
0 243 10 17 0.013036873
277 290 14 18 0.013036442
40 213 70 83 0.013031633
460 435 9 9 0.013030525
371 470 11 12 0.013029029
621 363 18 22 0.013022765
299 378 11 10 0.013017097
367 477 10 10 0.013013028
135 562 16 14 0.01301173
352 422 7 10 0.012995742
77 200 158 163 0.012994796
709 320 9 9 0.01299054
443 350 69 91 0.012980703
757 48 8 9 0.012977666
414 162 25 31 0.012977407
828 450 15 14 0.012975963
952 18 25 36 0.012959116
837 249 32 32 0.012956496
364 118 10 15 0.012954358
109 534 12 15 0.012951016
71 550 9 10 0.012950877
979 173 45 63 0.012949337
146 0 69 68 0.012947956
690 358 8 9 0.012947561
405 442 8 9 0.012946672
356 116 10 12 0.012938082
253 346 11 15 0.012935902
663 372 24 31 0.01292407
285 294 13 18 0.012916331
1021 561 3 15 0.012912413
895 0 34 25 0.012904164
33 219 30 38 0.012903892
243 392 69 93 0.012895811
858 177 48 50 0.012893515
686 319 31 40 0.012892545
465 211 42 48 0.01289254
355 353 25 29 0.012891531
576 329 23 26 0.012889148
384 109 8 11 0.012883881
783 236 7 13 0.012881852
999 57 13 15 0.012880481
888 204 33 29 0.012876018
51 323 58 73 0.012872067
633 346 15 18 0.012868795
388 121 36 46 0.012868135
61 272 81 110 0.012867854
645 391 14 16 0.012867091
277 271 8 9 0.012857732
486 473 30 43 0.012852738
822 434 16 15 0.012852535
242 475 70 93 0.012851527
91 0 59 58 0.012842359
656 352 24 36 0.0128347585
619 401 8 10 0.01283287
1022 30 2 21 0.012831732
420 460 8 10 0.012831119
685 371 55 59 0.012826194
616 402 7 9 0.012822498
336 489 46 65 0.012822065
338 87 16 31 0.01282154
65 510 18 28 0.012819488
832 459 11 13 0.012812171
947 318 16 31 0.012811273
589 338 32 36 0.012805354
422 424 57 75 0.012797086
82 548 7 10 0.012795843
654 361 11 11 0.012794342
1019 13 5 31 0.0127883665
432 487 7 10 0.012788024
438 335 7 9 0.012780687
742 334 9 9 0.012774386
485 446 10 12 0.012770289
866 92 5 10 0.012767392
869 109 80 94 0.012747529
382 312 78 82 0.012745738
762 198 66 97 0.012739966
547 381 12 10 0.01273992
265 443 13 11 0.012738979
249 206 32 45 0.012737517
277 273 11 14 0.012737264
377 428 191 148 0.01272763
261 358 32 43 0.012712234
301 410 27 39 0.012711256
694 339 24 37 0.012709959
452 456 9 11 0.012706793
549 385 28 29 0.012706132
278 405 8 11 0.012704703
712 353 10 14 0.012702863
630 352 22 26 0.012698565
955 469 37 55 0.012695043
1 266 146 213 0.012690673
853 210 25 32 0.012688378
429 460 7 9 0.012684048
80 105 167 178 0.01266767
339 429 8 9 0.012666294
306 448 27 36 0.012658393
406 140 15 22 0.012654917
213 343 10 13 0.012654004
0 408 76 117 0.012642171
34 456 13 16 0.012635473
327 0 150 126 0.012631673
280 409 14 15 0.012630264
694 356 42 52 0.012627809
610 403 7 10 0.012625702
390 478 9 11 0.012621655
473 347 88 114 0.012620848
708 317 27 23 0.012617496
158 513 78 63 0.01261715
777 483 11 12 0.012613559
424 256 166 193 0.012604598
334 529 36 44 0.012602052
910 93 76 93 0.012601577
964 119 60 77 0.012601513
494 279 137 163 0.012590344
410 0 57 50 0.012584457
292 487 48 64 0.0125843445
67 553 24 23 0.012578576
193 158 54 74 0.012577201
105 538 14 24 0.012569568
370 354 8 10 0.012568374
717 345 8 9 0.012566504
624 401 17 16 0.012566334
831 263 9 15 0.01256454
751 545 16 18 0.012560765
939 0 29 21 0.012559828
609 395 8 9 0.012558358
519 422 93 115 0.012552912
923 308 22 26 0.0125526935
330 507 17 21 0.012550868
532 161 141 179 0.012545866
275 484 9 12 0.012544762
415 88 39 40 0.0125445975
376 130 39 57 0.012542966
613 405 10 12 0.012531762
336 286 43 52 0.012530493
247 282 34 42 0.012530378
1011 167 10 13 0.012529825
450 446 8 11 0.012528897
393 433 9 11 0.012527997
273 302 50 60 0.012525935
351 488 7 9 0.01250845
419 378 66 89 0.01250816
480 438 34 46 0.012507208
54 280 45 56 0.012501318
368 482 19 27 0.0124940295
366 430 11 18 0.012489472
462 421 7 9 0.01248499
821 56 9 10 0.01248047
399 494 24 31 0.012478241
154 552 8 10 0.012474118
453 468 9 12 0.012468284
454 437 12 16 0.0124639915
617 351 31 36 0.012452867
445 449 9 12 0.012450134
450 464 10 12 0.012447641
177 420 22 24 0.012444686
375 416 21 23 0.01244301
659 386 13 15 0.012427488
420 498 15 19 0.012426238
59 478 38 52 0.012424369
295 423 43 57 0.012424078
781 230 13 22 0.012420637
629 345 15 16 0.012412952
295 317 13 14 0.012409419
102 389 73 92 0.012408412
492 392 41 52 0.012406108
977 12 16 20 0.012403184
293 290 10 13 0.012397675
818 47 11 12 0.012393392
455 359 12 19 0.012391919
357 492 85 84 0.0123878205
328 417 31 41 0.012376676
46 501 32 41 0.012374652
413 130 14 11 0.0123729175
116 154 163 158 0.0123719135
400 109 10 9 0.012369029
860 365 48 54 0.012368468
366 440 12 15 0.0123682665
783 513 45 60 0.012367791
343 520 13 11 0.012366925
784 496 16 14 0.012365407
192 194 65 77 0.01236374
395 483 6 9 0.012358992
840 244 23 25 0.0123572415
646 342 84 95 0.0123545015
444 475 9 12 0.012353959
983 0 8 9 0.0123494975
970 0 9 13 0.012344012
265 525 9 12 0.012340929
837 247 8 11 0.012339478
27 3 63 73 0.01233835
155 555 8 10 0.012337412
993 424 31 78 0.0123312175
788 187 54 70 0.012326594
480 0 145 94 0.012324985
347 190 77 85 0.0123225255
211 97 56 80 0.012321785
348 257 41 41 0.012320734
452 528 50 48 0.012311261
445 214 42 45 0.012308773
905 238 11 14 0.012308085
563 325 25 27 0.012306353
372 304 183 203 0.01230044
751 191 44 55 0.0122991325
600 340 30 38 0.0122981975
830 260 26 30 0.0122954
816 57 9 11 0.012290789
450 440 30 45 0.012289093
638 393 20 19 0.012288841
60 561 18 15 0.012280982
519 484 36 49 0.012272699
249 311 22 27 0.012266488
216 270 24 27 0.012263493
733 370 77 90 0.0122607015
11 289 36 46 0.012254706
272 0 87 96 0.012246791
250 526 8 10 0.012246735
9 99 152 182 0.012245304
699 329 36 42 0.012244255
565 132 124 156 0.012231347
413 164 12 14 0.012224566
348 356 11 10 0.012223256
343 386 26 33 0.012218108
42 240 142 169 0.012217545
505 375 68 83 0.0122159375
447 437 7 9 0.012207082
496 98 82 97 0.012206858
991 8 15 18 0.012206289
788 444 52 63 0.012203934
525 293 69 88 0.0122031495
984 282 40 65 0.012195635
786 33 7 12 0.012194144
763 544 10 13 0.012188731
402 471 9 11 0.012177305
205 44 71 106 0.012177086
43 162 160 161 0.012174592
481 460 17 20 0.012169079
983 55 28 23 0.01216752
149 541 19 24 0.012165458
547 154 14 13 0.0121594
528 230 139 173 0.012152997
562 385 24 27 0.01215239
172 138 56 75 0.012146041
426 475 9 11 0.012145425
64 477 68 86 0.01214512
369 517 14 13 0.01214236
1009 224 15 41 0.012135712
543 150 14 14 0.012131754
407 462 7 10 0.012129452
74 461 44 55 0.012123319
350 108 40 47 0.012115045
346 447 9 12 0.012114801
19 227 17 20 0.012107536
0 171 49 77 0.012107459
357 415 10 13 0.012105877
810 289 38 45 0.012105076
435 451 8 12 0.012100324
35 466 13 16 0.01209583
355 477 24 31 0.012089289
191 77 56 80 0.01208835
885 512 15 14 0.012087725
717 352 9 11 0.012087416
684 302 45 36 0.012084328
794 303 95 122 0.01208188
621 344 12 14 0.012079427
813 563 11 12 0.012074047
385 364 13 9 0.012066875
113 482 83 91 0.012056686
192 436 9 10 0.012052971
957 130 44 53 0.012048236
470 428 84 102 0.012046882
583 316 7 10 0.012045614
957 145 67 105 0.012043861
761 523 36 47 0.012043594
576 343 31 39 0.0120435795
586 389 10 12 0.01204113
94 258 13 14 0.012039701
330 432 21 29 0.012034495
171 210 51 59 0.0120343575
10 231 29 34 0.012032031
619 391 28 24 0.012029978
248 361 11 13 0.012026796
360 358 26 31 0.012025354
914 237 7 10 0.012025244
173 254 14 14 0.012024657
12 236 46 55 0.012017373
911 522 11 13 0.012004155
860 7 7 10 0.012001225
318 440 12 10 0.011999435
997 3 9 11 0.011999373
23 222 11 11 0.011991938
423 213 22 19 0.011987532
726 512 44 54 0.011986001
854 364 34 40 0.011984727
385 94 7 11 0.011981789
695 311 13 12 0.011980759
798 479 7 10 0.011976394
198 266 22 24 0.011976305
5 124 70 102 0.011976103
872 0 27 25 0.011972923
233 346 10 12 0.011971158
526 48 60 70 0.011970316
432 319 28 32 0.01196929
396 488 11 15 0.011967734
440 83 41 42 0.011967109
365 482 13 14 0.01196557
364 353 17 17 0.0119646285
605 399 27 26 0.011962087
486 223 47 51 0.011961157
339 305 28 37 0.011954146
704 351 24 36 0.011953965
569 380 34 40 0.011950705
529 90 228 258 0.01194962
749 73 8 10 0.011949461
668 325 38 52 0.011947555
571 386 8 9 0.011945367
390 198 22 36 0.011945077
272 459 56 76 0.011944702
460 469 40 52 0.011942512
169 249 48 62 0.01193194
362 116 7 9 0.011931836
423 325 18 27 0.011930853
838 455 9 14 0.011929934
82 360 50 51 0.0119296545
500 256 66 84 0.011927459
0 1 52 77 0.011919346
995 261 29 64 0.01191626
14 548 12 13 0.011913424
158 257 22 22 0.011912955
941 320 18 34 0.011906803
412 105 24 28 0.01190636
644 357 9 10 0.011906008
223 371 41 55 0.011905366
870 87 8 15 0.01190446
789 565 13 10 0.0118994815
417 466 9 14 0.011898854
824 245 22 26 0.011896522
821 428 26 23 0.011893671
393 355 75 97 0.011891911
842 312 64 95 0.011889548
812 172 45 54 0.011885238
951 216 8 10 0.011881282
191 118 56 78 0.011879363
813 194 45 54 0.011873209
942 353 57 56 0.011870093
378 491 7 12 0.011863228
914 524 12 15 0.011858588
525 72 93 110 0.011856581
718 341 24 22 0.0118564
47 502 61 74 0.011854876
348 93 20 27 0.011849051
946 185 14 20 0.011848503
360 372 10 11 0.011845011
541 161 75 97 0.011842747
975 193 24 24 0.011841321
781 244 12 28 0.011835116
930 152 94 196 0.011834027
612 386 75 88 0.011833922
352 518 11 11 0.011832572
497 502 87 74 0.011832505
449 457 9 12 0.011824419
1022 39 2 21 0.011821558
933 416 49 42 0.011821482
71 313 46 53 0.011817661
131 98 57 78 0.011814016
603 338 20 22 0.01181033
552 25 132 130 0.01180869
75 385 48 63 0.011792105
708 300 25 15 0.011789222
973 14 15 22 0.011783706
760 488 25 33 0.011779959
458 453 14 21 0.011779393
556 300 76 95 0.011778053
171 98 56 79 0.011776143
1018 2 6 26 0.011775861
373 489 10 14 0.011771986
876 505 33 42 0.011769273
109 562 9 10 0.011767248
408 89 9 12 0.011764725
851 420 33 38 0.011763603
492 465 34 41 0.011761377
42 150 37 51 0.011760839
459 462 8 10 0.011760121
451 452 7 10 0.011759557
607 364 25 26 0.011759247
966 64 10 14 0.011755761
1010 190 14 43 0.011753722
527 372 37 42 0.011748764
424 439 8 10 0.011746206
146 125 68 95 0.01174227
568 363 16 12 0.011730522
335 429 10 15 0.011730411
370 508 37 52 0.011722955
387 455 15 25 0.011715974
734 351 12 11 0.011715818
816 247 36 42 0.0117152035
819 112 11 16 0.011708645
627 412 27 26 0.011708492
193 316 22 26 0.011702724
857 255 17 21 0.011694273
735 188 12 17 0.011693443
142 554 8 10 0.011693152
722 335 9 10 0.011690069
308 544 13 11 0.011685582
23 212 33 37 0.011684942
862 6 8 13 0.011684204
48 499 6 10 0.011682227
415 209 14 15 0.011678502
226 242 65 81 0.0116748065
549 347 38 37 0.011672819
382 479 17 23 0.011671747
151 77 57 81 0.0116691645
758 488 10 12 0.011669041
56 303 40 49 0.0116665615
726 340 11 11 0.011664142
82 462 64 76 0.011664001
447 118 17 25 0.011655737
890 438 51 64 0.011649536
807 299 18 25 0.011649441
673 0 92 103 0.011645984
152 554 7 9 0.011645443
828 48 12 14 0.011643084
270 0 57 55 0.011636995
549 399 48 55 0.011636018
832 259 11 16 0.011634519
62 434 71 95 0.011632329
537 411 9 10 0.011632206
1014 171 8 15 0.011631317
101 536 35 39 0.011629232
241 537 40 38 0.011623577
556 321 24 28 0.011621659
0 200 12 20 0.011619503
360 118 10 13 0.0116162915
854 211 126 188 0.011613847
27 55 45 67 0.011611897
0 361 44 73 0.011611465
376 394 99 134 0.011606837
27 94 45 68 0.011605232
91 535 31 39 0.011604054
1015 238 9 25 0.011601978
423 153 10 9 0.011599726
318 341 42 51 0.011597962
865 215 29 29 0.011594058
961 366 50 62 0.011592023
872 184 73 77 0.011587546
420 229 14 14 0.011586765
261 330 17 20 0.011585623
482 210 42 48 0.011585106
817 282 26 30 0.011583163
453 121 11 17 0.011577208
444 472 8 10 0.01157472
380 423 29 39 0.011574506
948 239 9 11 0.011574502
765 167 53 66 0.011567112
344 432 9 11 0.011567005
443 454 6 10 0.011556945
833 260 6 11 0.01155549
297 310 13 15 0.01155281
643 350 7 10 0.011552606
232 338 16 20 0.011551347
401 91 18 19 0.01155011
211 139 55 76 0.011548469
963 457 58 77 0.011544342
476 44 71 81 0.01154382
1014 189 8 11 0.011536505
311 0 54 52 0.011536141
626 363 10 12 0.011535985
991 0 10 9 0.011534515
663 357 25 28 0.011532763
827 116 10 14 0.0115312105
416 421 37 51 0.011529435
367 407 21 23 0.011528195
975 49 11 17 0.01152651
466 450 6 9 0.011521584
428 492 29 38 0.011520539
425 455 9 13 0.01151264
166 262 23 25 0.011512436
388 196 12 17 0.011512043
716 405 15 10 0.011507401
64 217 110 121 0.011505348
236 110 87 130 0.011501847
231 373 8 10 0.011500004
0 238 7 16 0.01149975
454 242 48 58 0.011499629
85 213 70 79 0.01149887
170 372 55 70 0.0114974165
994 88 30 60 0.01149727
343 427 7 9 0.011492832
598 385 9 12 0.011491923
385 106 14 13 0.01149126
215 353 33 49 0.011486519
91 79 57 79 0.011483406
366 123 22 29 0.011481031
779 61 15 25 0.011473499
343 443 12 19 0.011471312
441 473 76 91 0.011471147
324 516 34 49 0.011468872
919 20 27 34 0.011468849
145 290 48 61 0.011467386
1011 105 13 41 0.011464149
432 496 7 9 0.011460709
66 197 68 77 0.011460678
708 320 14 15 0.011457659
418 449 16 21 0.011456637
848 462 53 68 0.011450871
984 65 23 31 0.011447677
820 20 77 106 0.011447062
359 536 32 37 0.011446675
895 232 21 22 0.011445936
88 550 24 25 0.011441085
338 484 10 11 0.011440108
391 420 9 12 0.011438504
396 417 42 57 0.01143411
84 503 27 30 0.0114337625
780 156 69 86 0.011433643
365 116 11 12 0.011429995
366 355 58 72 0.011427302
217 338 12 17 0.011426201
141 390 40 50 0.011425609
696 229 92 124 0.01142486
235 370 11 14 0.011422395
404 490 13 18 0.011417928
454 291 43 53 0.011415368
408 135 13 18 0.011414278
162 163 79 100 0.011414054
371 388 50 64 0.011413784
199 418 14 17 0.011413687
508 50 54 60 0.011413354
438 471 16 21 0.011412243
475 83 67 82 0.011412021
952 195 8 13 0.011411847
87 565 9 10 0.011410107
319 520 9 11 0.011409951
455 484 47 62 0.011407666
398 105 10 9 0.01140664
575 192 45 65 0.011406501
354 235 47 54 0.011405946
446 471 17 27 0.011404914
670 395 9 11 0.011401588
133 331 40 54 0.011399853
430 440 77 88 0.011396908
476 463 47 64 0.01139575
552 55 37 46 0.011392142
184 22 73 109 0.011390209
625 110 11 10 0.01138545
160 216 71 86 0.011382359
376 262 38 31 0.011382183
614 399 7 9 0.011380813
29 323 56 72 0.011380549
767 70 8 9 0.011375489
594 396 28 25 0.011374903
627 370 37 49 0.01137315
367 418 17 20 0.011372627
432 367 47 61 0.011368938
0 272 28 50 0.011364161
760 543 8 12 0.01136001
329 518 11 12 0.011359809
532 112 83 106 0.011356257
95 333 91 103 0.011356142
369 97 16 22 0.011351341
351 60 34 37 0.011348023
24 195 54 64 0.011347221
542 394 8 9 0.011344389
874 545 11 12 0.011343467
522 347 144 170 0.011342497
1007 6 9 10 0.0113410475
806 296 9 11 0.011337663
193 344 11 12 0.011332362
103 186 110 107 0.011331428
819 60 9 11 0.011330698
781 378 146 155 0.0113243405
948 171 10 14 0.011324257
575 335 108 121 0.011322469
113 208 223 261 0.011316739
687 378 11 10 0.011315707
666 387 8 10 0.011315347
444 144 9 10 0.011313111
734 0 137 88 0.011310783
612 115 9 10 0.011308532
379 479 8 9 0.011306843
821 296 8 10 0.011306777
209 321 20 28 0.011305824
146 559 16 17 0.011305778
476 461 9 11 0.011305037
949 26 41 49 0.011304463
830 522 22 27 0.011304174
844 222 32 32 0.011301965
191 261 35 36 0.011300629
404 469 9 11 0.01129803
806 300 10 14 0.011294195
245 165 45 65 0.011293204
503 464 9 11 0.011292829
172 185 53 64 0.01129067
931 275 15 19 0.011287799
293 322 38 41 0.011286647
20 322 35 44 0.0112826815
830 223 37 34 0.01128132
212 131 212 206 0.011280126
741 159 64 81 0.011279123
877 9 38 57 0.011276868
640 397 11 12 0.011275723
415 140 7 10 0.011267274
257 305 25 28 0.01126442
386 89 7 10 0.011264361
103 548 8 10 0.011264012
17 387 80 111 0.011261966
947 438 40 49 0.011261051
1017 165 7 10 0.01126023
231 117 55 79 0.011258676
88 484 44 46 0.011255301
268 420 27 32 0.011253616
217 253 43 39 0.0112534
985 124 35 48 0.011252252
721 370 11 12 0.0112507725
916 46 13 18 0.011248363
438 448 8 9 0.011247096
352 355 10 10 0.011245455
384 467 9 16 0.01124405
621 317 134 149 0.011241331
678 312 32 37 0.011238205
853 423 14 17 0.011237537
45 125 46 65 0.011234982
231 77 57 81 0.011234019
430 446 14 20 0.011230033
790 171 46 56 0.0112217
807 1 68 91 0.011219146
314 489 47 63 0.011219045
405 125 8 10 0.011217183
466 0 58 41 0.011213127
650 361 7 10 0.011212177
40 74 82 119 0.011210694
982 44 13 16 0.011210455
945 514 39 54 0.011208578
997 9 19 24 0.011207093
251 524 10 10 0.011206204
756 547 17 24 0.011202884
963 61 11 14 0.0112027405
174 304 12 10 0.011199565
232 317 13 15 0.011196386
535 302 11 14 0.011191055
112 565 11 10 0.011186649
471 527 52 49 0.011182703
339 85 10 23 0.011176567
472 322 14 15 0.011171435
454 435 8 10 0.011165109
646 377 19 28 0.0111638075
243 373 24 34 0.011161597
535 162 33 44 0.011159533
810 80 40 57 0.011155276
274 496 92 80 0.011154897
55 385 49 64 0.011153042
824 58 9 10 0.011148322
606 397 9 10 0.011146179
150 562 8 11 0.011145552
269 388 12 17 0.011143515
394 475 8 10 0.011143302
472 207 27 26 0.011135891
638 358 32 49 0.011134231
509 208 98 119 0.011132789
334 401 17 23 0.011131081
19 116 44 61 0.011129355
17 75 45 67 0.011128976
806 463 51 67 0.011127917
63 310 9 10 0.011125427
564 0 45 31 0.011123649
230 225 50 58 0.0111226095
382 441 11 15 0.011121229
278 328 9 13 0.011116597
498 138 70 85 0.011116364
705 342 11 14 0.011113996
496 448 18 23 0.011113792
53 359 36 45 0.011113014
410 369 47 61 0.011111907
866 320 54 70 0.011110331
747 333 9 9 0.011104771
540 308 8 10 0.01109878
821 45 10 12 0.0110956
462 108 9 14 0.011093051
611 398 8 12 0.011091608
744 207 55 81 0.011089306
955 150 45 55 0.011086391
88 561 18 14 0.011085979
913 33 7 12 0.011083342
316 318 12 13 0.011081614
0 403 43 68 0.011079956
446 446 8 9 0.011079617
861 324 18 18 0.01107885
245 527 15 13 0.011077944
240 363 8 10 0.011077172
272 440 37 39 0.011076375
381 459 15 23 0.011075688
635 349 9 11 0.011073711
361 469 31 44 0.011072967
116 556 14 17 0.011071738
256 186 43 59 0.011069383
286 252 63 72 0.011067079
707 75 116 151 0.011062697
976 312 48 103 0.011058731
981 9 9 12 0.011050837
433 494 11 12 0.011050769
71 58 57 80 0.011048693
811 264 24 32 0.011048297
463 345 51 52 0.01104705
432 138 9 10 0.011046963
837 244 8 10 0.011040634
390 366 47 60 0.0110389
783 65 10 16 0.01103865
997 71 14 19 0.011036934
454 268 44 56 0.011035176
417 136 8 9 0.011035002
859 95 9 17 0.011032441
245 350 8 11 0.011030875
450 468 7 10 0.011025787
502 309 70 87 0.011025504
412 100 8 10 0.011023754
423 135 9 11 0.011019554
236 257 29 26 0.01101696
341 423 11 15 0.011015065
372 418 10 11 0.011014346
820 163 70 79 0.011012401
666 396 8 9 0.011010539
270 407 55 75 0.011009722
969 66 10 15 0.011009348
830 175 44 52 0.011004882
303 429 25 32 0.011000274
273 383 14 17 0.010998945
449 358 14 19 0.010998467
412 327 16 21 0.010995891
492 448 9 12 0.010994297
459 433 35 48 0.010988249
806 520 56 56 0.01098669
165 462 67 86 0.01098569
498 335 29 31 0.010980568
865 257 19 19 0.010979635
305 204 47 64 0.010978176
155 231 50 57 0.010977631
764 480 42 50 0.010976559
1005 9 8 9 0.010975271
848 132 77 82 0.010974557
911 42 9 14 0.01096739
428 437 7 10 0.010963008
141 320 122 159 0.010960471
328 283 64 78 0.010957762
887 509 10 9 0.0109562315
157 387 42 51 0.0109561365
615 345 10 11 0.0109510245
411 449 13 17 0.010949748
169 517 12 13 0.010944756
269 383 8 11 0.010944656
33 379 11 12 0.010941726
411 145 8 13 0.010941625
456 62 44 51 0.010939434
783 551 8 11 0.010938294
139 555 18 20 0.0109369075
455 367 45 58 0.010936156
533 351 31 32 0.010933851
381 475 13 19 0.010930432
262 313 66 81 0.010928774
849 262 40 47 0.010926516
264 300 23 29 0.010923328
177 475 42 51 0.010922869
396 91 14 17 0.010921684
220 350 20 29 0.010920885
378 153 56 65 0.010919595
384 480 8 11 0.0109166
533 400 10 10 0.010912501
463 453 16 23 0.010911596
266 425 67 91 0.010906142
557 275 142 160 0.010903386
659 360 19 21 0.010900469
833 238 22 22 0.010896296
466 430 10 10 0.010894899
970 517 15 13 0.01089151
275 290 10 16 0.0108858645
860 365 16 14 0.010884491
358 191 51 54 0.010881737
396 100 10 13 0.01087791
1004 73 16 28 0.010875704
258 335 15 20 0.010875441
1023 566 1 9 0.010872003
783 267 75 108 0.010871025
149 246 37 34 0.010869387
864 438 53 64 0.010869357
479 451 10 12 0.0108688595
330 511 10 11 0.010865572
375 463 12 16 0.010864463
714 382 23 30 0.01086105
869 399 41 50 0.010858943
38 249 79 99 0.010858405
272 349 9 10 0.010858269
1004 63 16 13 0.010856041
117 301 98 109 0.010854449
28 443 29 37 0.010852268
77 517 55 59 0.010850462
721 339 37 49 0.010843618
492 216 7 9 0.010843251
447 148 8 9 0.010842185
692 341 10 10 0.010839936
483 474 12 13 0.010839229
608 407 8 12 0.010836627
36 496 10 13 0.010836383
171 57 56 81 0.01083578
241 338 13 17 0.010834326
629 363 21 25 0.010829861
472 382 59 78 0.010828674
249 358 10 10 0.010828636
406 437 8 10 0.010825038
662 43 117 138 0.010823298
389 247 51 55 0.010822056
98 429 79 101 0.0108218705
667 402 11 11 0.010821334
718 75 42 55 0.010821195
719 364 12 11 0.010818315
276 278 12 13 0.010817793
871 519 27 38 0.010815717
990 170 7 11 0.010814609
441 338 11 14 0.01081288
934 283 13 15 0.010812761
962 41 13 16 0.010811078
13 204 14 16 0.010810334
367 463 16 22 0.010810243
876 529 32 41 0.010810026
509 342 67 80 0.010808708
1007 3 16 17 0.010807734
391 473 14 18 0.010807602
196 255 24 24 0.010806613
712 351 7 10 0.010806134
569 353 29 38 0.01080318
408 346 50 58 0.010800649
324 235 48 60 0.010800324
435 209 18 20 0.010799818
56 322 13 18 0.010797366
1014 151 10 31 0.010797011
33 202 32 39 0.010796784
565 46 9 13 0.010794057
425 465 10 12 0.010790943
649 369 30 43 0.0107908305
59 383 9 11 0.010788835
905 240 19 24 0.010780617
416 277 72 84 0.010779912
414 223 42 50 0.010778085
415 148 12 15 0.010773917
769 6 17 27 0.010771966
687 331 20 28 0.010771348
949 219 9 11 0.010768877
909 507 27 37 0.010767998
147 539 10 10 0.010767693
294 381 22 25 0.010764674
429 330 13 18 0.010763614
779 274 14 30 0.010763258
418 450 8 11 0.0107587725
465 318 21 24 0.01075806
246 330 18 21 0.01075703
500 460 9 11 0.010755357
216 525 46 51 0.010753221
212 352 8 9 0.010750212
984 9 14 19 0.010750161
948 254 9 12 0.010746365
71 554 10 13 0.010744669
622 335 10 13 0.010743559
446 188 50 44 0.010743476
725 338 25 24 0.010742035
423 0 68 63 0.010740089
1003 11 13 14 0.010739498
974 249 27 32 0.010739293
509 145 119 140 0.010737844
778 53 16 23 0.010737267
457 462 18 26 0.010736552
285 533 48 43 0.010735527
162 555 7 10 0.010734925
383 429 13 16 0.010734847
9 215 31 34 0.010733789
432 292 46 56 0.010733457
551 154 22 21 0.010733078
516 345 51 47 0.010731639
854 206 69 82 0.010725768
468 369 11 14 0.010724214
212 244 54 69 0.010724199
396 473 9 11 0.010719997
419 130 13 12 0.010718093
487 190 51 52 0.010717925
829 240 30 32 0.010715863
607 345 14 17 0.010715571
416 104 8 9 0.010711618
367 479 16 20 0.010708275
354 470 14 17 0.01070501
813 8 45 61 0.010704847
112 57 56 81 0.010703782
1006 447 18 58 0.010703288
401 328 15 22 0.010701652
433 391 43 59 0.010699361
784 243 8 16 0.010699304
993 72 26 41 0.010697859
525 151 69 87 0.010694753
0 138 48 79 0.01069069
662 404 9 9 0.010688599
95 386 48 60 0.010687717
577 390 40 41 0.010686447
414 294 39 45 0.010683432
388 346 26 25 0.010681283
490 524 56 52 0.010677357
81 561 16 15 0.0106700035
543 382 11 10 0.010669311
12 248 22 25 0.010669141
444 332 15 19 0.010667532
660 402 8 10 0.010664943
917 70 18 29 0.010664344
1023 20 1 23 0.010664235
549 310 53 64 0.0106627485
831 249 7 10 0.0106599955
991 61 14 12 0.010659989
46 565 13 10 0.010657918
193 224 51 60 0.010657545
215 173 47 67 0.010657182
182 475 72 92 0.0106536355
431 319 15 17 0.010653226
190 529 53 47 0.010652927
495 467 10 12 0.010648296
981 16 20 24 0.010644058
382 89 56 59 0.010637176
395 118 11 12 0.010636767
992 66 19 18 0.010636349
235 536 9 10 0.010636056
102 565 12 10 0.010635524
336 514 32 39 0.010633187
971 71 10 16 0.010628306
848 0 33 43 0.0106261615
397 426 8 10 0.01061898
488 230 23 26 0.010617767
784 286 8 17 0.010614979
966 487 43 59 0.010614445
812 127 10 14 0.010613747
285 164 46 67 0.010607317
194 197 29 38 0.010607106
31 237 36 45 0.010604784
414 452 7 9 0.010604689
621 394 16 17 0.010603685
201 190 37 51 0.010602414
645 350 9 9 0.010601839
108 552 24 24 0.010598737
182 236 68 88 0.01059785
751 60 14 22 0.010596736
811 58 11 13 0.010596294
155 364 51 60 0.010593717
95 208 48 55 0.01059286
466 447 11 12 0.010588523
710 346 10 14 0.010586299
233 526 18 18 0.01058568
556 415 76 87 0.010583391
389 472 9 12 0.010581971
21 462 12 13 0.010575774
48 180 65 78 0.010574794
155 300 53 67 0.01057338
863 93 6 10 0.010573306
685 376 206 200 0.010570745
650 394 22 32 0.010569093
28 464 20 22 0.010567177
548 385 10 11 0.010564802
591 4 163 165 0.010562086
350 452 17 23 0.010561069
556 57 22 29 0.010558523
422 75 71 74 0.010553401
710 306 28 23 0.010550582
560 500 83 76 0.010549214
927 365 47 74 0.010548687
517 139 12 10 0.010546676
187 383 69 91 0.0105421785
345 547 25 28 0.010541792
345 292 26 33 0.010540477
332 292 17 19 0.010536918
55 207 47 56 0.010536194
866 108 11 21 0.010535959
409 178 9 12 0.010535317
161 275 11 12 0.010535209
647 357 9 11 0.010534839
564 426 43 58 0.010531449
265 164 45 67 0.010530731
876 409 28 30 0.010530223
621 124 7 10 0.010529326
384 447 8 10 0.01052767
896 495 35 44 0.010525128
993 45 23 23 0.0105242105
724 363 10 12 0.010521113
910 120 106 149 0.010516357
385 472 11 14 0.010515004
132 138 54 72 0.010507607
1010 62 14 29 0.010505805
356 479 9 10 0.01050551
40 500 26 36 0.010503689
239 371 8 10 0.01050177
400 339 15 21 0.01050051
195 519 11 14 0.010500303
461 236 19 22 0.010499636
319 535 9 11 0.010499593
445 358 11 17 0.010499432
726 535 39 40 0.010498876
485 469 14 16 0.010498052
589 395 21 30 0.0104968045
856 104 114 155 0.010491182
435 331 11 15 0.010490452
215 323 21 29 0.010487934
536 67 19 23 0.010484666
918 43 11 13 0.010482905
428 500 7 9 0.010481734
691 160 122 177 0.010481679
215 232 49 44 0.010478526
813 61 13 15 0.010476117
247 333 12 15 0.010470055
0 127 38 56 0.010469181
404 86 12 13 0.010468927
6 79 74 110 0.010467157
388 196 18 26 0.010462651
75 331 45 59 0.010460918
440 473 7 9 0.010460318
349 45 105 87 0.010457517
16 35 46 67 0.010454841
421 128 27 28 0.010453132
729 101 47 48 0.010450856
250 352 20 26 0.010448185
216 345 10 13 0.010446824
425 158 12 9 0.010442975
71 98 57 77 0.010442406
995 235 29 60 0.01043852
384 97 6 10 0.01043802
970 162 30 28 0.010437866
35 467 8 10 0.010436598
425 371 11 15 0.010429639
64 135 48 67 0.010425791
294 185 47 65 0.010425319
224 23 73 108 0.010424608
554 329 28 33 0.010424511
395 471 15 19 0.010422784
737 355 10 10 0.0104219215
480 472 9 11 0.010420186
555 384 8 9 0.0104185175
368 430 7 10 0.010413281
606 339 8 9 0.01041167
16 221 17 19 0.010406062
558 383 8 10 0.010403751
367 418 9 10 0.010402345
394 424 21 25 0.010401828
362 484 17 20 0.010400241
181 479 26 35 0.01039248
193 273 14 14 0.010390129
461 453 36 48 0.010388388
407 464 11 14 0.0103872465
758 132 71 85 0.010385426
798 136 70 83 0.010384271
771 204 11 13 0.010379688
773 51 27 40 0.010379499
723 305 21 18 0.010379032
846 405 29 40 0.010375557
36 74 46 68 0.0103748785
15 284 13 14 0.010371315
117 387 45 56 0.010370811
820 126 7 11 0.010370592
195 307 31 37 0.010369438
630 345 10 10 0.010367014
382 76 16 18 0.010366722
996 66 11 10 0.010365994
248 370 10 13 0.010364215
340 323 27 35 0.010363463
387 479 9 12 0.010356375
329 515 15 19 0.0103521785
111 118 56 75 0.01035022
385 512 25 38 0.01034871
591 115 86 115 0.010346305
882 229 15 19 0.010343834
649 0 50 46 0.010341196
961 419 51 59 0.010337885
641 403 20 18 0.010335935
12 371 12 14 0.010334759
803 42 59 93 0.010334631
645 188 136 181 0.010331315
810 6 8 11 0.010328464
761 0 43 46 0.010327537
252 487 47 62 0.010326454
230 534 14 16 0.010324996
389 467 9 13 0.010323129
548 521 62 55 0.010322366
619 0 53 42 0.01032045
394 504 28 36 0.010319275
281 277 20 25 0.010317569
859 7 5 9 0.010313634
500 473 8 9 0.010313119
865 226 29 33 0.010312998
401 255 65 72 0.010312133
1004 46 17 21 0.010308172
512 496 31 42 0.010308137
782 280 8 14 0.010305748
279 51 83 100 0.010304939
378 504 22 33 0.010304124
361 476 8 10 0.010301548
128 366 70 86 0.010300606
384 382 61 83 0.010298127
389 534 37 41 0.010296158
445 99 35 43 0.010296068
890 510 25 31 0.010295034
995 72 10 12 0.010284734
262 334 9 10 0.010280251
144 300 8 12 0.010274384
355 120 21 36 0.010274376
296 326 8 9 0.010272069
912 444 43 57 0.010269123
562 372 26 32 0.010266834
751 498 27 36 0.0102608735
264 272 25 25 0.010256945
706 348 9 11 0.010255509
234 523 9 10 0.010255209
832 429 31 45 0.010254484
334 301 10 12 0.010251711
105 145 46 65 0.010251212
387 273 30 25 0.010251083
273 357 11 15 0.010250929
344 370 12 16 0.0102506885
541 270 73 93 0.010246726
920 78 12 16 0.010246162
400 128 19 27 0.010242392
748 94 9 11 0.0102414545
52 36 56 82 0.010239048
611 410 7 10 0.010236899
425 17 44 60 0.0102357445
754 63 8 10 0.010234138
825 415 26 32 0.01023129
392 203 8 10 0.010226965
645 346 138 167 0.010225583
465 460 8 10 0.010225004
154 263 43 48 0.010223844
461 460 7 10 0.010221575
785 228 7 10 0.010214858
599 326 13 11 0.010213634
409 110 13 15 0.010213461
231 467 51 72 0.010213416
108 550 9 16 0.010213061
294 495 9 10 0.010212979
721 333 9 9 0.010211378
491 441 8 11 0.01021047
0 445 52 86 0.010205707
954 275 48 68 0.0102049885
275 506 51 63 0.010202817
401 339 7 9 0.010202649
146 447 9 12 0.010201322
435 444 11 11 0.010198924
730 336 8 10 0.010197618
994 1 9 11 0.010194908
420 201 19 18 0.010194582
728 377 51 65 0.010193138
1006 84 9 14 0.01018952
138 230 43 42 0.010187308
340 434 14 23 0.010185452
913 40 7 11 0.010181815
249 95 284 273 0.010180782
593 203 46 66 0.010179142
393 89 8 9 0.010175918
104 252 106 127 0.010175016
992 316 32 58 0.010174634
973 64 10 15 0.0101737995
823 122 6 9 0.010169921
327 370 29 35 0.010167834
241 353 10 12 0.0101676155
403 150 17 19 0.010166664
527 88 60 73 0.010165608
425 326 12 15 0.010162552
853 497 49 61 0.010162349
253 359 24 32 0.010160724
412 501 20 26 0.010156828
147 257 39 42 0.010152847
355 493 10 10 0.010149226
92 35 57 83 0.010146898
902 526 16 15 0.0101411
362 430 9 13 0.010138015
758 43 8 11 0.010136113
361 453 18 22 0.01013565
442 147 47 59 0.010135147
927 497 48 60 0.010133087
324 417 76 115 0.010130533
533 395 8 11 0.010130116
854 15 11 17 0.01012975
299 398 11 15 0.010128881
820 66 12 14 0.0101262815
248 529 8 9 0.010123909
737 481 40 53 0.010121256
399 300 15 17 0.01012123
464 443 8 10 0.01012028
349 35 40 53 0.01011963
381 444 7 10 0.010118002
76 189 47 56 0.010116427
222 313 9 11 0.010114077
802 554 25 21 0.010112369
387 95 9 14 0.0101120835
374 485 11 13 0.010110936
762 543 18 20 0.010108683
369 114 13 14 0.010104921
685 284 66 85 0.010104166
85 135 47 68 0.010101046
438 202 22 26 0.010100387
279 420 40 45 0.010100176
704 0 98 66 0.010099834
265 341 35 45 0.010098424
180 290 114 149 0.010095887
416 534 40 42 0.010095841
782 286 7 10 0.010095723
343 79 10 14 0.0100937
902 427 45 47 0.010092251
680 355 11 14 0.010089272
828 44 10 13 0.010088377
114 546 35 30 0.010087771
20 147 41 55 0.010087321
529 286 49 62 0.010084079
232 176 84 102 0.010083901
36 156 29 38 0.010079255
374 354 8 9 0.010077534
477 374 42 54 0.010075833
40 470 10 11 0.010075096
254 352 8 10 0.010073424
912 137 78 84 0.010072536
264 504 8 10 0.010070272
420 70 28 26 0.010068972
834 449 21 23 0.010068302
412 297 27 32 0.010068154
61 537 35 38 0.010065704
901 229 24 27 0.010062199
384 205 41 39 0.01006207
226 344 15 15 0.010061786
190 171 37 53 0.010060297
358 105 16 20 0.010059519
426 222 18 18 0.010056761
730 333 11 10 0.0100561185
686 311 23 22 0.010055456
888 303 53 71 0.010053437
398 82 16 15 0.010051363
611 343 17 20 0.010049694
472 195 27 28 0.010048572
386 175 13 19 0.01004665
1015 395 9 29 0.010043244
589 338 20 20 0.010043026
293 292 31 30 0.010041678
417 497 10 12 0.010041615
569 367 30 39 0.0100412965
723 347 24 25 0.010040378
131 552 9 10 0.010038998
321 294 31 33 0.010037871
283 404 22 26 0.010037243
619 421 46 56 0.010036177
298 268 140 158 0.010030778
416 495 7 9 0.010029796
559 303 7 10 0.0100251045
578 3 101 92 0.0100247245
811 55 8 9 0.010022968
210 349 8 9 0.010022449
632 393 10 14 0.0100223
728 332 19 18 0.010019459
910 23 25 33 0.010014184
409 429 12 11 0.010014176
702 346 7 9 0.010013149
949 271 10 14 0.010009496
1010 164 10 12 0.010007826
659 348 8 10 0.010007409
497 214 71 88 0.010003937
415 135 7 10 0.010002879
492 474 12 10 0.010002539
484 479 12 13 0.010002312
95 559 11 11 0.010001558
401 407 62 79 0.010001511
826 64 12 14 0.01000009