39_Ice_Skating_iceskiing_39_276
2474
510 229 21 26 0.7294114
466 278 19 22 0.3098152
602 225 9 11 0.22373763
720 296 15 19 0.17094715
296 173 8 9 0.11934107
636 233 7 10 0.11145745
464 275 32 32 0.10597935
589 207 10 13 0.10386222
1008 423 15 18 0.096495256
501 218 34 39 0.09439475
553 203 9 11 0.08393971
838 580 8 9 0.08079238
627 226 8 9 0.07978055
476 281 32 30 0.078203596
617 224 9 11 0.076970756
622 230 8 10 0.07662776
561 185 24 23 0.075889
490 243 35 43 0.07394557
387 422 15 15 0.0714963
886 595 10 13 0.06947872
542 198 9 10 0.06868457
992 411 11 11 0.06855413
974 406 8 9 0.06768249
308 179 7 9 0.06605925
552 194 14 20 0.06542608
619 229 8 9 0.06391353
893 387 30 43 0.06377981
296 176 8 10 0.06219717
639 233 8 10 0.062116537
624 228 8 9 0.059981998
1012 677 12 32 0.05921635
487 264 29 35 0.058985937
900 587 8 9 0.05884814
766 292 10 10 0.058609746
604 222 9 12 0.05824246
299 173 10 9 0.05703938
362 320 13 11 0.056646302
996 410 10 11 0.05659142
512 238 15 19 0.056477483
480 255 27 30 0.056157503
901 384 8 11 0.055490475
875 592 27 21 0.05541342
891 376 7 10 0.055326268
329 178 8 10 0.05475459
523 191 12 16 0.05474831
482 205 13 19 0.054712337
587 214 10 14 0.0545014
600 223 9 11 0.05360283
919 407 17 22 0.053343765
630 233 7 9 0.053095575
556 199 8 11 0.05237407
508 192 8 9 0.05213533
472 258 39 45 0.051986005
459 278 19 22 0.051139183
625 224 8 9 0.050929643
921 387 19 27 0.05072074
377 418 24 20 0.0505953
378 431 11 9 0.050563857
558 234 8 11 0.05032504
548 185 7 9 0.050055698
465 281 12 15 0.04987409
615 222 8 9 0.04931493
485 261 16 19 0.048996046
635 229 8 11 0.048925225
467 231 64 72 0.048501972
1009 666 15 34 0.04849414
505 234 23 28 0.04842354
556 190 13 19 0.048191976
346 182 6 9 0.04764721
901 590 8 11 0.04729475
703 402 18 21 0.0471615
389 419 14 13 0.046978686
301 175 9 9 0.046950545
607 223 11 12 0.046828788
515 222 24 31 0.04654977
613 228 8 10 0.046517123
549 200 12 17 0.04623256
320 194 10 12 0.045596678
304 179 8 10 0.045062672
615 227 8 10 0.044962384
857 576 8 10 0.044677272
634 229 13 16 0.044654578
885 589 11 15 0.044530924
884 579 10 9 0.04378746
377 425 17 15 0.04367839
636 240 9 10 0.043430675
604 218 8 10 0.042928968
889 597 10 12 0.042637773
643 233 8 9 0.042636685
610 227 8 10 0.042624764
606 228 8 9 0.04171569
762 290 10 11 0.04156669
585 204 11 12 0.04109736
636 245 8 9 0.041090645
633 235 8 10 0.040901404
453 265 35 44 0.040875252
551 181 25 24 0.04078371
471 279 13 14 0.040584665
541 200 10 13 0.040057987
887 589 26 23 0.03972704
901 398 28 38 0.039337546
881 594 12 16 0.039075807
921 400 14 21 0.03883756
909 387 25 36 0.038769633
724 294 10 14 0.03845755
1014 426 10 17 0.038199484
1005 618 19 38 0.038114503
808 580 7 10 0.038047366
987 632 37 88 0.038029235
701 492 7 10 0.037959423
243 177 18 29 0.03791712
512 198 20 27 0.0378268
881 566 10 13 0.037702817
624 230 11 13 0.037393603
966 408 6 9 0.037312794
895 590 15 16 0.0373119
275 169 8 10 0.037171982
934 586 22 20 0.037171677
486 214 54 67 0.037002627
353 183 9 9 0.03675059
367 322 16 14 0.03671945
878 576 10 12 0.036588408
469 278 10 14 0.03648812
474 283 19 16 0.036418848
979 399 8 9 0.03632511
375 324 9 9 0.03619543
615 230 9 10 0.036143135
713 408 7 10 0.036005948
471 231 10 13 0.035939664
638 261 13 14 0.03574924
517 193 17 21 0.035748754
500 306 11 19 0.035690792
334 186 9 11 0.035464518
239 155 9 9 0.035434198
896 369 8 10 0.03525596
316 178 8 10 0.034954898
617 224 14 16 0.034938347
484 205 7 11 0.034766577
361 214 42 44 0.034749556
878 363 12 15 0.034695946
826 574 9 12 0.034296844
305 176 9 9 0.033822853
774 314 8 12 0.03378063
618 221 10 12 0.033773288
961 590 7 11 0.03358228
685 320 25 22 0.033478025
939 389 12 16 0.03346984
659 372 16 20 0.03324594
877 573 8 11 0.033152018
714 290 25 34 0.033074908
469 284 11 16 0.03299805
743 313 14 19 0.032975625
925 398 12 15 0.03295143
455 280 13 15 0.03292472
555 196 22 25 0.032801908
480 265 17 16 0.032661743
551 206 8 12 0.032604605
483 203 19 25 0.03239662
859 578 8 9 0.032121237
602 220 8 10 0.03208352
591 210 9 14 0.031828724
975 588 10 14 0.03176055
655 262 8 10 0.03173622
630 251 8 9 0.03170103
377 433 10 11 0.03164528
965 581 59 138 0.03152382
514 233 14 15 0.03149877
570 208 12 14 0.03147104
633 228 7 9 0.03137571
545 204 14 14 0.031368285
585 202 8 10 0.031267203
470 265 22 29 0.03117913
380 197 11 16 0.031090284
1000 423 19 20 0.030992767
880 578 12 11 0.030888144
334 194 18 20 0.03088552
878 570 12 15 0.030872168
708 295 21 25 0.030868402
393 424 12 11 0.030843878
959 592 10 16 0.030808084
886 592 8 9 0.030794557
738 318 15 16 0.030786017
445 284 15 22 0.030769093
786 292 10 10 0.030758243
988 425 10 12 0.030753968
976 403 9 10 0.030555284
517 190 12 16 0.030532358
553 343 13 10 0.030405467
474 252 17 17 0.030305808
568 192 13 15 0.030276842
327 180 8 10 0.030225758
486 288 28 30 0.030222716
511 222 17 25 0.03020873
512 179 8 9 0.03012506
512 199 12 15 0.030104708
346 183 9 11 0.030012066
467 290 28 27 0.029976707
947 414 9 11 0.029910484
548 197 11 15 0.029587543
639 228 10 12 0.029469365
834 577 10 11 0.02944921
602 229 8 10 0.029291678
1004 715 20 34 0.029256782
1012 615 12 26 0.029198978
350 182 9 11 0.029150719
318 181 7 9 0.029046413
788 294 10 12 0.028908623
505 240 33 43 0.028889004
761 289 7 9 0.02888377
528 193 8 13 0.028832356
543 188 19 25 0.028806463
562 254 8 11 0.028765498
922 402 22 30 0.028508954
323 194 26 29 0.028466158
288 165 8 10 0.028268656
695 394 14 17 0.028125295
403 423 17 17 0.027971383
621 245 38 50 0.027946474
999 620 12 21 0.027915964
355 198 27 27 0.027895572
651 263 9 10 0.027892325
989 410 9 11 0.027849708
915 377 7 10 0.027848229
1015 682 9 19 0.02780205
521 231 13 17 0.027716111
560 190 8 13 0.0276222
887 583 10 9 0.027614905
911 642 30 35 0.027523141
312 179 9 10 0.027490979
1009 423 9 12 0.0274839
539 205 11 10 0.02738989
769 294 9 10 0.027299251
588 220 8 10 0.027228704
376 217 27 28 0.027195536
1014 690 10 27 0.027156534
547 193 10 14 0.027097989
616 219 8 9 0.026968364
890 594 15 18 0.026954174
935 404 12 20 0.026891377
949 612 9 10 0.026873022
492 202 18 23 0.026765117
923 414 15 19 0.026716473
511 205 11 13 0.026702525
646 263 10 11 0.026662175
540 207 13 12 0.026637584
900 384 23 28 0.026626652
741 304 11 14 0.0265912
927 386 20 22 0.026565434
693 519 49 58 0.0265637
915 372 7 9 0.026562184
565 210 12 15 0.026549388
549 188 7 10 0.026510611
1001 650 23 65 0.026499592
975 407 10 11 0.026492245
518 237 14 16 0.026472028
1013 417 11 18 0.026440134
926 399 8 9 0.02638622
437 195 115 128 0.026331851
877 578 7 10 0.026099803
331 183 10 11 0.026072633
860 576 20 21 0.026044466
875 597 15 19 0.025986986
890 370 10 13 0.025984483
322 182 8 10 0.025969535
349 186 43 36 0.025917567
465 226 18 20 0.025788698
465 286 20 26 0.025767483
448 334 20 21 0.025753215
2 356 427 412 0.025694491
231 156 10 10 0.025676293
672 498 82 81 0.025545465
884 597 8 11 0.025537685
824 573 8 11 0.025522463
916 381 8 9 0.025492538
508 192 11 15 0.025462894
991 413 8 11 0.025431726
592 204 8 11 0.025320102
945 591 13 14 0.025295971
634 247 9 11 0.02527228
857 576 13 16 0.025254915
779 294 8 10 0.025241908
319 193 19 20 0.025218768
717 285 18 25 0.02517971
221 167 7 10 0.02514224
528 189 11 15 0.025066493
749 314 9 16 0.025061496
366 323 11 10 0.025031697
838 576 9 11 0.025028287
274 181 12 13 0.024963476
846 528 178 240 0.024957633
450 282 12 17 0.02492549
758 288 8 9 0.024884365
299 179 9 11 0.024838315
277 166 7 11 0.024781886
0 0 221 153 0.024751196
758 288 16 18 0.024742728
933 375 8 9 0.02472627
654 236 9 11 0.024719818
708 394 10 14 0.024706222
156 180 17 18 0.024688989
331 177 8 10 0.02452703
944 388 10 13 0.024526251
520 221 16 20 0.02449068
319 179 37 46 0.024484424
378 436 12 11 0.024483165
323 176 7 10 0.024419483
999 413 9 12 0.024390768
757 517 11 15 0.024340665
656 264 8 12 0.02431016
326 176 9 10 0.024233872
541 245 7 10 0.02422178
598 224 7 9 0.024218552
508 191 20 24 0.024182018
546 267 9 13 0.024177872
833 576 15 16 0.024094354
978 404 10 12 0.02402515
559 195 8 11 0.024023047
631 225 13 16 0.0239698
654 460 136 103 0.023931827
883 572 11 14 0.02391934
919 378 10 12 0.023890799
698 394 19 22 0.023873447
338 185 9 9 0.02374439
917 380 27 27 0.023698159
973 389 9 10 0.02363164
515 228 17 15 0.023622375
960 407 24 32 0.023614034
604 222 18 19 0.02359114
414 194 8 9 0.023583176
549 191 7 10 0.023559371
749 316 21 30 0.023399133
236 157 11 11 0.023398513
803 593 8 9 0.02337555
982 595 7 9 0.023367794
898 386 8 10 0.023322213
549 205 18 23 0.023309834
241 157 9 9 0.023286015
783 295 11 12 0.023282401
363 323 13 17 0.023200665
651 252 9 10 0.023103146
278 179 11 11 0.023046447
922 405 10 14 0.023006517
953 591 7 12 0.02295339
477 271 15 17 0.022936294
973 403 19 23 0.022932908
961 613 20 22 0.022911333
712 401 8 9 0.02290642
972 404 8 9 0.022860609
558 197 11 15 0.022855539
916 577 43 46 0.022845816
537 192 14 19 0.022834256
667 305 11 19 0.02283397
839 579 14 15 0.022833435
340 198 11 13 0.022800786
495 233 20 25 0.022774545
358 208 24 25 0.02276512
877 581 9 10 0.022762943
549 210 9 10 0.02273185
764 294 9 10 0.022702282
451 229 24 21 0.022699598
709 476 63 40 0.022677124
972 591 12 16 0.022674289
857 572 8 10 0.022669163
387 422 9 9 0.022656124
487 336 12 16 0.022636045
563 245 8 11 0.022635387
971 408 9 12 0.022613153
383 427 14 11 0.022612996
649 261 8 10 0.022559542
714 411 8 10 0.022528237
450 278 23 25 0.022521732
997 620 27 68 0.022511208
828 576 11 12 0.022354104
742 306 14 20 0.02228551
950 407 23 28 0.022279998
651 257 10 12 0.022276495
471 203 21 24 0.022276206
866 590 26 25 0.022270022
893 375 8 10 0.022236606
1002 412 8 10 0.022216922
584 209 16 22 0.02221103
620 233 9 12 0.022170836
1001 409 8 10 0.022164062
305 182 8 9 0.022145525
993 408 16 16 0.022118133
875 575 7 10 0.0221051
383 195 20 22 0.022098742
634 241 7 9 0.022052748
1009 649 15 39 0.022048023
548 340 17 11 0.022016078
925 387 14 17 0.022008233
737 299 12 16 0.021920849
634 262 10 9 0.021909244
690 416 11 17 0.021879641
969 390 16 20 0.021816365
1003 718 15 15 0.021807302
886 588 9 10 0.02179148
516 242 15 20 0.021787515
449 286 21 26 0.021769157
629 236 9 12 0.0217354
969 396 8 10 0.021722982
316 194 10 11 0.021706419
899 370 7 10 0.021675192
585 197 13 14 0.021662354
900 377 10 16 0.021656265
444 425 12 12 0.021622017
495 347 25 25 0.021609489
916 375 8 9 0.02160403
956 592 15 25 0.021597086
963 592 7 11 0.021564087
727 297 14 18 0.021547915
329 199 8 10 0.02154763
386 189 24 24 0.021527892
392 427 8 12 0.021497233
830 580 12 11 0.02148607
688 469 93 66 0.02144115
913 406 17 18 0.021438282
542 190 11 14 0.021399813
559 239 6 9 0.021382099
693 296 8 11 0.021382015
966 585 19 23 0.021381877
506 257 33 44 0.021357842
460 281 12 14 0.021319713
445 222 65 75 0.021296391
853 579 17 22 0.021289367
529 245 7 9 0.021276865
535 184 9 10 0.021264983
910 630 9 9 0.021240119
754 302 19 26 0.021233397
840 563 10 13 0.021225162
323 192 12 13 0.021200007
579 259 7 9 0.021196032
666 281 8 10 0.021183778
774 318 9 15 0.021174245
627 220 19 23 0.021030637
525 240 10 13 0.021025648
254 161 8 9 0.02102435
578 192 23 24 0.021012004
618 238 8 10 0.020998802
514 291 11 13 0.020992024
554 193 10 13 0.020991974
399 201 8 12 0.020988451
457 217 23 28 0.020985246
947 585 26 30 0.020980695
858 573 10 12 0.020975485
896 374 10 14 0.020968016
594 208 8 11 0.02096063
647 252 7 10 0.020954596
938 374 8 10 0.020912902
812 591 7 9 0.02089527
512 230 34 40 0.020891426
694 399 11 14 0.020866556
927 395 16 22 0.020857805
688 411 7 10 0.02084958
414 196 7 10 0.020831235
805 578 9 10 0.020827103
925 582 7 10 0.020810602
838 585 18 19 0.02077063
592 209 16 20 0.020757927
456 286 34 37 0.02073941
405 191 7 9 0.020736465
999 424 11 12 0.020720195
739 305 8 11 0.020695774
967 404 8 11 0.020688625
233 153 15 12 0.020675454
525 194 14 18 0.020650005
1016 616 8 16 0.020639377
626 269 8 10 0.020612016
840 573 9 11 0.020608082
539 185 7 9 0.02058291
992 427 10 11 0.020538285
567 193 21 24 0.020528471
716 303 20 26 0.02052298
623 234 10 12 0.020516727
562 188 14 18 0.020515746
316 175 7 10 0.02051149
237 153 8 9 0.020506572
480 211 18 25 0.02050287
722 297 9 13 0.020492015
1015 672 9 22 0.02044985
711 399 7 9 0.020447966
345 195 25 27 0.020428669
741 317 21 29 0.020392086
1013 414 11 13 0.020376856
1009 415 10 14 0.020368809
909 404 15 18 0.020368345
592 221 11 14 0.020365993
673 274 8 10 0.0203512
889 390 9 10 0.02032047
547 187 13 18 0.02027404
0 0 122 123 0.020271877
888 377 9 12 0.02024632
1012 625 12 26 0.02024526
988 420 10 12 0.020245163
278 164 11 12 0.020232888
975 597 7 11 0.020224655
1009 413 9 10 0.020188533
669 306 13 23 0.020187242
923 412 9 12 0.020171124
981 406 11 14 0.02015204
700 286 33 41 0.020145426
403 190 25 22 0.020138675
510 187 9 13 0.0201284
980 590 8 10 0.020120012
467 202 12 12 0.020090528
962 593 13 19 0.020080933
689 414 18 24 0.020001536
882 365 8 9 0.019989649
457 284 14 18 0.019987697
942 389 8 10 0.019931383
599 217 9 12 0.01992229
391 422 23 21 0.019921811
1012 623 8 10 0.019909121
862 573 14 16 0.01989687
893 599 8 10 0.01988037
926 586 6 9 0.019844111
1008 425 16 31 0.019836722
498 271 27 30 0.01982908
668 263 8 9 0.019816212
694 268 19 26 0.019797735
337 197 21 24 0.019794846
955 406 12 13 0.019769486
1010 596 10 12 0.019742498
477 208 43 49 0.01974201
371 207 9 11 0.019737527
532 194 8 12 0.019728145
977 594 8 12 0.019726811
702 623 227 145 0.019716125
855 574 8 11 0.01971562
595 215 10 12 0.01967571
463 202 20 25 0.01965028
358 215 29 28 0.019638594
495 220 24 30 0.019614263
554 206 10 12 0.019571774
1003 422 13 13 0.019546999
638 254 12 16 0.019531326
608 218 9 12 0.019499114
1018 420 6 16 0.019465603
906 634 32 28 0.01942271
874 569 9 14 0.019399248
367 320 14 9 0.019380143
853 558 41 57 0.019348731
607 231 8 10 0.019339507
521 243 12 14 0.019280417
928 585 6 9 0.019262465
376 198 11 15 0.019257354
556 207 13 17 0.019234117
384 415 17 13 0.01921608
807 404 21 24 0.019205205
884 596 18 23 0.01920208
645 250 8 10 0.01916799
207 482 500 286 0.01915064
446 293 10 12 0.019141806
701 310 23 26 0.019119915
726 292 8 10 0.019103935
639 247 9 10 0.019060127
556 233 12 16 0.019054426
659 263 6 10 0.019046053
517 208 20 24 0.019044057
1019 426 5 12 0.019016262
690 276 31 40 0.01900961
697 490 8 10 0.019002616
693 409 20 23 0.018976228
982 600 7 9 0.018953297
650 259 13 17 0.018917678
827 572 7 9 0.018913953
1014 660 10 26 0.018911831
766 296 9 10 0.018872103
714 404 8 9 0.018841645
711 403 8 10 0.018813726
972 412 9 10 0.018805116
561 249 9 13 0.018791812
874 577 8 13 0.018790916
773 291 10 10 0.01876865
939 397 8 10 0.018762503
496 297 18 24 0.018743416
1005 690 19 37 0.018742146
660 250 9 10 0.01871955
441 337 11 16 0.018716283
580 201 17 19 0.018675914
923 404 7 10 0.018675253
698 396 27 32 0.018663967
927 682 93 86 0.018661054
606 255 22 30 0.018655436
464 273 12 17 0.018645067
723 287 18 24 0.018623559
844 543 45 56 0.018618256
471 200 8 9 0.018616354
893 386 12 13 0.0185894
969 399 17 19 0.01854986
321 188 10 13 0.018549822
956 588 11 15 0.018544195
843 588 12 13 0.018531922
596 226 10 13 0.018516986
870 593 8 10 0.018516641
632 260 9 9 0.018507877
895 596 16 17 0.0185055
478 254 19 19 0.01847179
839 568 9 12 0.018455982
610 222 7 9 0.018437697
602 228 12 16 0.018437488
646 257 9 12 0.018433262
638 267 12 15 0.018431641
1018 413 6 12 0.018420264
1003 408 21 25 0.01839745
577 204 10 11 0.01838598
523 197 19 24 0.018358167
821 0 203 230 0.018346466
969 398 10 13 0.018344766
510 247 17 20 0.018342933
932 392 18 27 0.018338153
893 379 8 9 0.01832627
657 256 9 10 0.018324073
750 306 12 21 0.018305257
469 232 17 19 0.018297534
961 574 6 9 0.0182949
976 398 9 11 0.018293556
881 570 19 24 0.018273905
822 591 9 10 0.018273551
750 313 15 22 0.018273417
950 615 10 11 0.018260648
985 412 7 9 0.018142853
396 208 8 13 0.018135564
502 235 17 19 0.018108942
869 573 11 13 0.018086715
688 412 11 14 0.018076323
230 154 20 21 0.018071096
83 703 8 9 0.018040175
309 181 9 11 0.018037248
770 312 15 22 0.018036207
981 688 11 16 0.018019974
660 254 8 10 0.018014412
842 576 18 22 0.01800153
738 303 23 29 0.01798954
801 334 31 40 0.01798724
958 578 16 27 0.017985778
632 240 12 18 0.017973477
466 193 8 10 0.017942136
663 245 9 9 0.01793214
835 582 10 11 0.017909966
629 269 9 12 0.017909206
903 382 9 12 0.017884923
328 185 12 13 0.01788065
695 412 25 30 0.017853428
457 200 8 9 0.017849393
373 324 12 16 0.01782684
608 231 11 13 0.01782037
408 205 7 9 0.017811462
969 407 16 22 0.01781135
277 172 11 12 0.017800787
710 406 13 17 0.017796345
715 434 12 12 0.01779288
340 192 48 49 0.017792676
685 294 34 38 0.017791437
408 348 25 21 0.017787056
375 419 15 15 0.017771082
558 203 8 10 0.017771022
334 179 10 12 0.017759807
446 279 33 39 0.017737191
801 409 9 11 0.017736414
515 245 9 10 0.017733034
323 197 9 10 0.017725252
560 242 7 9 0.017709738
611 227 42 56 0.017709017
469 256 15 16 0.017697988
624 232 15 17 0.01768792
709 410 10 10 0.017670685
975 410 8 11 0.017662507
379 431 15 13 0.017634142
356 184 12 10 0.017626958
477 273 25 28 0.017624531
756 315 28 33 0.017623477
765 288 9 11 0.01761307
256 163 9 10 0.017612256
662 307 12 18 0.01760866
573 197 13 15 0.017605469
959 397 24 23 0.017580796
658 252 9 10 0.01756475
688 320 7 11 0.017541667
897 384 15 19 0.017540984
417 194 10 11 0.017540818
515 193 10 13 0.017527515
873 653 131 115 0.017526595
523 214 19 24 0.017514396
302 172 10 9 0.017507471
476 259 16 17 0.01749037
573 451 8 9 0.017489033
473 196 8 10 0.017425556
531 184 9 11 0.017414883
546 210 14 20 0.01740877
929 401 8 10 0.017394947
544 183 9 11 0.017389601
930 388 8 10 0.017380895
472 203 14 15 0.017378319
637 272 10 11 0.01737349
951 596 8 11 0.017341822
862 587 15 15 0.017325569
1017 624 7 20 0.017322596
463 288 14 19 0.017298492
891 602 14 16 0.017296895
598 212 17 20 0.017295431
694 284 21 27 0.017290594
492 280 24 28 0.01728913
987 414 10 13 0.017264128
547 446 8 9 0.017263383
593 204 12 17 0.017262382
641 354 10 14 0.017255535
894 381 10 12 0.017255051
296 81 255 310 0.017242482
1022 399 2 13 0.017235678
159 180 13 10 0.017224157
232 171 26 34 0.017221853
759 299 11 15 0.017207323
941 582 15 18 0.017205743
770 315 26 32 0.017205117
718 412 9 10 0.017196229
341 186 8 9 0.017167041
474 267 14 18 0.017153254
902 593 10 11 0.017150834
205 161 10 10 0.017149884
648 250 9 9 0.017148793
375 438 11 12 0.01714575
632 257 21 25 0.017143529
699 396 9 11 0.01713111
928 407 25 32 0.017115403
343 209 27 30 0.017107233
537 201 15 21 0.017098313
405 428 10 12 0.01706874
880 582 9 9 0.01703375
573 206 10 11 0.01700479
743 301 11 13 0.01699539
359 206 15 15 0.016973814
375 197 29 32 0.01697354
673 271 8 9 0.016970828
408 301 24 25 0.016966678
805 581 7 10 0.016965494
721 292 10 13 0.016958617
843 608 11 12 0.016932048
511 214 18 22 0.016917218
997 416 27 33 0.016908778
408 192 8 9 0.016901128
1002 416 10 13 0.01689793
591 236 9 12 0.016866606
541 205 15 21 0.016856844
540 243 11 14 0.01685162
904 374 9 13 0.016848963
588 254 6 9 0.01684352
720 279 19 23 0.016841982
1020 581 4 17 0.016835785
332 189 9 10 0.01682758
878 568 7 10 0.016817428
860 587 24 24 0.016808234
850 354 26 24 0.016807005
631 222 10 12 0.016801566
894 369 7 9 0.016786857
983 404 8 11 0.01678122
731 301 13 17 0.016765574
391 168 133 163 0.016753942
966 409 9 12 0.01673247
384 193 12 13 0.016725468
392 416 17 13 0.016721558
563 204 13 16 0.016708009
274 174 11 14 0.016701588
902 397 18 28 0.01669856
386 186 10 11 0.016690109
481 206 8 12 0.01668284
781 297 8 10 0.016675297
971 391 10 12 0.016670533
764 289 16 19 0.016666701
418 456 16 18 0.016663525
557 255 12 18 0.016657317
540 249 8 12 0.016652705
360 322 24 27 0.016646817
929 409 15 19 0.016622908
212 164 15 19 0.01661681
914 406 26 33 0.01661632
636 223 15 19 0.01661296
701 394 12 14 0.016611814
369 186 39 35 0.01660317
986 404 9 13 0.016596885
1019 430 5 14 0.016595958
563 216 9 10 0.016591191
1003 755 21 13 0.016577287
630 241 9 13 0.016569206
872 566 20 25 0.01654558
553 210 8 10 0.016524414
583 205 8 10 0.016524034
775 294 9 11 0.01652381
522 228 11 12 0.016507486
831 569 11 13 0.016501622
568 219 12 16 0.016497731
981 676 7 9 0.016494395
938 398 10 17 0.016486082
557 170 36 36 0.016463634
715 407 10 12 0.016462235
483 223 14 14 0.016454821
513 342 9 10 0.016453302
504 196 10 12 0.016452277
509 183 9 13 0.016446782
909 387 11 13 0.016441131
666 518 84 104 0.016439695
635 448 105 91 0.016438462
948 409 11 15 0.016405512
946 636 72 117 0.016400281
514 202 8 10 0.016399618
573 212 12 15 0.016393958
470 239 21 25 0.016392065
641 264 11 14 0.01639014
760 326 8 10 0.016378378
999 625 16 25 0.016373541
537 207 10 11 0.01636147
154 175 15 10 0.016357731
913 377 20 25 0.016347928
455 272 19 22 0.016340243
853 589 16 18 0.016320124
977 599 9 10 0.016300177
883 377 10 12 0.016294573
659 265 8 12 0.016281696
456 187 6 9 0.016268292
1013 432 11 19 0.016256794
996 414 19 20 0.016256725
464 237 39 44 0.01625123
398 189 10 10 0.016249498
902 387 9 11 0.016242472
761 294 10 11 0.016237495
474 227 38 44 0.016234828
652 511 346 257 0.016215935
211 160 9 9 0.016206678
985 423 11 12 0.016196135
278 162 7 10 0.016189918
868 565 37 53 0.016178504
846 571 18 21 0.016177412
750 288 22 24 0.016176324
972 422 11 13 0.016165363
486 213 19 26 0.016148634
621 220 17 18 0.016140807
331 178 48 44 0.016137157
863 578 8 10 0.016127706
890 387 22 24 0.016117848
508 243 14 16 0.01609872
573 298 23 26 0.016094523
628 236 7 9 0.016087886
948 624 24 28 0.016078891
910 372 8 10 0.016063076
404 421 11 12 0.016057082
940 391 7 9 0.01605496
377 219 41 35 0.016038068
837 567 19 23 0.01603591
702 492 10 13 0.016031956
601 215 9 11 0.016028704
917 413 13 14 0.016028428
1013 682 8 11 0.016024198
643 252 10 13 0.01601583
858 565 22 28 0.016009241
1020 394 4 17 0.01600019
271 168 10 12 0.015996743
503 191 11 13 0.01598278
885 570 7 9 0.015958695
386 190 10 11 0.015954962
725 299 9 13 0.015939241
763 288 7 9 0.015933268
924 578 9 11 0.015931582
907 604 28 40 0.015910689
458 211 33 40 0.015899321
723 301 14 21 0.015895156
512 242 10 11 0.015880372
934 585 31 35 0.015866334
1021 589 3 11 0.015861966
963 602 23 26 0.015831182
806 584 8 10 0.015828477
925 404 16 19 0.01581098
228 156 9 9 0.015808817
677 317 9 16 0.015802732
948 609 8 9 0.015788173
871 595 12 13 0.015787853
334 175 10 11 0.015782766
525 186 11 15 0.01578145
1007 410 9 9 0.015781365
733 320 20 27 0.015778078
825 579 9 9 0.015763342
640 259 8 10 0.015744384
990 424 18 18 0.01574013
665 276 15 20 0.01573246
921 384 13 16 0.01572616
1001 619 19 23 0.01572477
959 572 7 10 0.015722865
980 392 8 10 0.015721207
912 382 9 11 0.015720785
457 285 8 11 0.015714252
957 664 19 26 0.015697159
1018 388 6 18 0.015696527
960 552 63 87 0.01566978
289 171 10 11 0.01566607
713 412 11 16 0.01566513
280 182 22 28 0.015663126
21 489 20 23 0.015658936
555 284 11 14 0.01565154
496 350 15 14 0.015643725
295 206 18 27 0.015629893
461 225 36 40 0.015611202
791 297 10 11 0.015604735
719 278 7 9 0.015600417
1007 598 7 9 0.015596532
653 251 9 9 0.01558874
377 0 311 234 0.015579752
504 286 21 25 0.015578984
1011 428 9 14 0.015568094
670 269 13 17 0.01556738
543 262 10 16 0.015552913
1013 620 9 10 0.015550982
847 561 6 9 0.015547965
517 247 9 10 0.015544346
716 432 9 10 0.015541867
472 224 12 16 0.015534134
327 204 15 21 0.0155227445
951 404 13 15 0.015517993
996 408 7 9 0.015501816
954 589 6 10 0.015495585
942 386 14 21 0.015493546
887 578 11 11 0.01547296
809 591 8 10 0.015458771
493 187 43 57 0.015458457
947 406 18 24 0.015457995
490 187 9 12 0.015446775
495 224 59 80 0.015443919
822 576 7 9 0.015442243
492 347 13 14 0.015435459
332 206 27 31 0.015431427
347 186 11 12 0.015423229
334 189 11 13 0.0154113285
896 589 9 11 0.015410559
980 411 10 12 0.015408753
972 397 7 9 0.015406868
455 201 31 36 0.015397917
518 216 14 11 0.015397623
738 291 21 25 0.01539605
991 678 33 60 0.015395838
489 272 43 54 0.015394399
578 197 11 14 0.015376561
869 588 11 14 0.015374783
541 215 12 16 0.015374468
571 261 9 11 0.015362401
753 303 13 19 0.015355523
550 182 11 14 0.015348647
472 287 16 16 0.015347576
389 220 13 11 0.01534523
850 574 12 14 0.0153414495
401 426 24 21 0.015327373
574 260 25 34 0.015314083
300 182 10 11 0.015302642
1008 549 16 37 0.015298388
736 303 8 12 0.015298072
411 198 9 12 0.015290986
588 222 10 14 0.015287018
758 291 10 11 0.015286428
947 393 7 9 0.015285536
285 167 8 9 0.01528278
769 340 27 27 0.015281359
421 122 136 172 0.015271422
538 279 9 12 0.015269545
296 168 9 11 0.015268468
317 184 8 10 0.015268175
705 476 11 12 0.015265554
405 515 431 253 0.015257267
824 570 14 17 0.015247667
968 594 16 19 0.015244583
889 383 12 15 0.015241349
753 284 31 22 0.015235526
637 226 8 10 0.0152285565
810 583 7 9 0.015228519
569 178 38 36 0.0152253155
868 577 11 15 0.015222279
935 376 9 11 0.015214939
748 316 7 11 0.015209273
941 639 7 11 0.0152028445
887 574 33 33 0.015199582
381 326 11 13 0.015196579
448 298 21 27 0.015190736
583 197 8 11 0.015171521
395 200 11 16 0.015164378
881 369 9 12 0.015162333
928 403 11 13 0.01515094
898 382 8 10 0.015145142
403 341 22 23 0.015142581
886 368 19 20 0.015128083
543 194 21 32 0.01512018
905 0 119 114 0.015118354
46 614 20 23 0.015117485
921 406 7 10 0.015107311
413 213 20 28 0.015100177
441 340 7 10 0.015088912
677 302 34 37 0.015086317
633 253 11 13 0.015085833
560 203 9 12 0.015067649
920 374 8 10 0.015062399
771 290 7 10 0.015058443
501 314 9 12 0.015054381
586 237 8 12 0.0150532145
1018 574 6 19 0.015039836
660 247 8 9 0.015039348
935 391 9 12 0.015027823
507 184 15 20 0.015025016
513 181 10 13 0.015022677
514 186 11 15 0.015022032
692 300 22 26 0.015020078
591 217 9 12 0.015013774
239 163 23 35 0.015008461
1020 598 4 11 0.0149976965
611 231 18 24 0.014992462
760 298 18 25 0.014980691
470 277 8 9 0.014978586
740 319 10 11 0.014973857
442 333 19 19 0.014961103
779 313 26 37 0.014953431
519 244 9 11 0.014948157
924 416 9 12 0.014936792
661 294 11 18 0.014910592
1021 413 3 9 0.014892082
416 356 17 13 0.014875416
617 228 18 24 0.014855276
367 204 28 31 0.014849811
218 166 8 9 0.014849088
496 240 25 28 0.014837845
410 195 22 24 0.01483439
931 576 22 25 0.014832229
650 234 10 13 0.014831153
529 186 8 11 0.014826917
530 208 12 15 0.014812332
507 186 9 13 0.014787842
325 188 13 13 0.014786403
691 409 11 16 0.014762684
939 407 8 14 0.014754707
526 225 14 19 0.014752996
941 410 12 19 0.014752362
0 0 67 89 0.014752142
339 180 9 11 0.014738969
992 424 7 9 0.014734793
539 180 26 28 0.014734446
630 242 17 27 0.0147305215
370 201 11 13 0.014721394
374 207 14 16 0.014719719
1020 418 4 12 0.014712501
533 191 8 11 0.0147107765
535 253 15 20 0.014692954
999 419 11 12 0.01469262
959 649 53 66 0.014673804
927 585 19 21 0.014656789
897 594 9 10 0.014649233
861 595 8 10 0.014644446
447 239 22 31 0.014641014
176 0 337 344 0.014638201
482 192 17 26 0.014634809
978 421 7 10 0.0146347955
544 212 10 12 0.014629682
387 182 8 9 0.0146264415
612 241 21 31 0.014619106
523 264 21 29 0.014617868
948 389 9 12 0.014612375
1023 403 1 11 0.014579857
914 391 16 24 0.014572683
232 159 10 12 0.014569962
699 389 8 10 0.014563796
627 220 11 12 0.014562235
261 162 8 10 0.014548017
360 230 44 48 0.014545226
917 638 28 28 0.0145413
721 414 8 9 0.014540333
1008 593 15 19 0.01453604
526 216 13 15 0.014535977
488 191 9 12 0.014519066
315 191 14 18 0.014494952
401 213 24 26 0.014487738
513 272 23 31 0.014482195
386 430 14 13 0.014479089
697 405 11 16 0.014473129
618 258 8 9 0.014469531
303 180 11 14 0.014469261
828 570 17 19 0.014469134
885 368 10 13 0.014451543
959 565 29 39 0.014442394
906 408 18 24 0.014438812
466 299 19 25 0.014414963
365 199 25 23 0.014404715
395 191 10 11 0.014404145
527 247 7 9 0.014404129
750 320 7 13 0.014393402
997 605 27 41 0.014389136
0 491 181 277 0.014388082
729 282 12 14 0.014377202
800 595 10 11 0.0143755935
892 366 11 14 0.01437541
818 590 15 15 0.014365538
710 407 21 25 0.014363116
390 438 11 9 0.014362222
328 197 14 16 0.014360932
645 227 8 11 0.014355127
573 606 238 162 0.01434892
943 393 7 10 0.0143212015
449 341 20 22 0.014317118
551 196 7 10 0.014312969
251 163 8 9 0.014287131
884 361 9 11 0.014284619
554 263 10 15 0.014273433
476 196 8 10 0.014260698
648 309 14 19 0.01425996
505 231 14 17 0.014255191
424 302 9 10 0.014240711
473 294 37 43 0.014238206
698 400 9 11 0.014233055
521 184 9 11 0.014223579
916 374 15 18 0.0142215965
532 188 7 10 0.014220292
743 283 24 23 0.014215566
508 280 21 24 0.014203252
842 518 11 15 0.014198838
731 312 19 24 0.014192323
919 382 11 14 0.014190588
784 349 9 10 0.014187721
842 567 10 12 0.014185797
402 309 25 23 0.014176107
904 386 11 13 0.0141748255
700 489 7 9 0.01416788
904 628 13 15 0.014165665
903 372 8 11 0.0141586475
695 509 86 94 0.014153833
465 213 15 20 0.014141957
964 409 7 9 0.0141240265
810 345 20 30 0.014119981
348 192 63 64 0.014118133
471 247 14 16 0.014117015
536 187 10 13 0.014114535
983 729 41 39 0.014106672
562 189 7 10 0.014104055
508 228 16 17 0.01408462
946 591 17 21 0.014077088
1017 451 7 19 0.014077067
475 201 30 38 0.014063802
946 658 42 55 0.014056887
670 306 6 11 0.014048158
366 327 17 17 0.014042271
0 483 20 36 0.014030449
479 233 24 28 0.014024878
1019 590 5 15 0.014020946
847 579 12 14 0.014018289
497 262 25 24 0.014017228
513 183 42 55 0.014012212
811 580 9 12 0.014009689
436 206 10 11 0.014009133
951 589 8 11 0.013996695
512 208 15 14 0.013994155
811 410 11 14 0.013990228
598 261 8 11 0.01398592
203 160 22 23 0.013975372
943 653 12 22 0.013974385
905 379 8 12 0.013972107
539 254 9 15 0.013970459
982 396 7 10 0.013962893
372 409 22 22 0.01395731
509 178 9 11 0.013950876
924 378 8 10 0.013950861
590 270 8 9 0.0139117455
556 0 322 236 0.013909758
712 277 20 26 0.0139068365
960 409 11 15 0.013906457
423 447 9 13 0.013901353
650 258 6 9 0.013898948
568 227 12 16 0.013891385
719 276 31 38 0.013886772
527 234 9 13 0.013871917
522 307 12 19 0.013856745
470 247 23 30 0.013855613
726 319 10 10 0.013853675
983 402 20 21 0.013836184
11 4 391 258 0.013830826
1007 421 8 10 0.013828827
502 196 18 24 0.013828086
352 182 25 22 0.013821376
719 434 12 14 0.013819057
634 265 12 12 0.0138141345
393 430 12 14 0.013813792
1018 609 6 13 0.013812845
450 274 17 19 0.013812374
865 581 19 22 0.013808778
794 569 8 10 0.013806724
939 408 21 28 0.013802101
844 562 7 10 0.013801504
70 112 407 508 0.013786574
956 592 25 36 0.013784446
1012 720 12 22 0.01378148
990 407 7 9 0.0137808025
930 589 10 14 0.013776335
757 328 32 32 0.013775447
313 183 8 11 0.013748594
645 246 9 10 0.013738568
481 296 26 27 0.0137336245
586 210 10 12 0.013732274
810 578 8 10 0.013721779
565 214 18 24 0.013719339
272 180 10 10 0.01371906
719 277 14 12 0.0137182865
998 423 8 10 0.013708691
862 592 10 11 0.013705017
1000 628 7 12 0.01370488
993 416 10 11 0.013699857
618 248 12 17 0.013697326
974 592 7 9 0.013697071
575 260 9 12 0.0136956135
945 578 11 14 0.0136836935
649 261 18 25 0.013681859
400 191 10 12 0.01367942
862 597 25 25 0.013679204
1018 684 6 12 0.013675229
635 285 21 25 0.013674376
381 422 13 11 0.013670818
458 187 7 9 0.013668159
596 202 11 13 0.013667245
246 159 10 10 0.013666102
948 569 30 37 0.013662262
492 209 21 28 0.013649113
1001 610 8 10 0.0136474185
971 415 8 9 0.013635639
27 617 30 38 0.013630302
258 166 7 10 0.01362619
516 191 7 10 0.013624551
605 208 42 52 0.013623196
1007 416 8 12 0.013613233
133 274 40 54 0.013612787
1014 571 10 31 0.013607959
627 249 9 11 0.013601237
704 396 7 10 0.01358964
956 618 22 30 0.013588058
376 322 14 16 0.013584955
390 335 8 9 0.013584918
365 226 32 23 0.013581512
281 178 9 9 0.013568573
416 198 7 9 0.013564873
828 368 15 18 0.013564624
737 306 12 16 0.013555359
1013 679 6 10 0.013544511
733 299 9 14 0.013542758
1016 597 8 12 0.013540862
996 418 10 11 0.013537149
504 202 12 13 0.013529008
598 231 10 14 0.0135231875
473 223 20 22 0.013522774
963 585 14 19 0.013518468
395 420 10 9 0.013513672
849 570 10 12 0.013511815
27 490 23 30 0.013507029
311 193 7 9 0.013498606
541 179 37 50 0.013496106
985 602 7 9 0.013489889
612 256 14 19 0.013473867
746 510 25 29 0.013472046
381 203 8 12 0.013469853
410 194 8 11 0.013461018
711 478 99 104 0.01345786
972 416 9 13 0.013457421
373 430 12 13 0.013455419
994 422 10 12 0.013455003
69 460 39 57 0.013454109
843 591 19 20 0.013452414
542 182 15 19 0.013446407
994 0 30 58 0.013446101
516 337 13 17 0.013440796
948 404 9 14 0.01343664
856 567 8 11 0.013433743
345 189 10 12 0.013429576
541 265 14 21 0.013424211
933 590 13 14 0.013422915
711 395 11 15 0.013419641
347 181 20 20 0.013419485
866 595 33 36 0.013410616
83 706 9 10 0.013408151
402 329 36 39 0.013396728
564 242 8 10 0.013379054
475 201 7 9 0.013378985
892 370 21 22 0.013367271
302 174 42 48 0.013365532
502 349 16 17 0.013364747
327 175 13 16 0.013355964
432 204 19 15 0.0133532975
1014 650 10 26 0.013349792
924 643 17 16 0.013348856
651 241 8 9 0.013338952
826 567 10 13 0.013326792
364 314 43 46 0.013317163
564 198 10 13 0.013316408
408 201 9 12 0.013311916
692 400 7 10 0.013297673
767 301 18 25 0.013290738
920 417 11 15 0.013289588
455 201 8 9 0.013285969
452 231 36 42 0.013282174
526 198 8 12 0.013280986
698 318 15 18 0.0132792
925 587 8 13 0.013277925
758 510 12 17 0.013274648
937 646 23 28 0.013269062
1021 579 3 14 0.013262813
535 261 16 22 0.013261924
804 357 26 27 0.013260552
848 574 9 11 0.013244653
1007 632 17 37 0.0132412305
292 165 10 12 0.013239663
683 506 47 53 0.013232535
385 328 10 11 0.013231263
668 277 10 12 0.013230944
1007 427 10 13 0.013225403
351 187 12 11 0.013218603
898 583 11 12 0.0132160485
742 302 30 38 0.0132024735
539 246 14 20 0.013202235
974 589 17 21 0.013197906
981 690 7 10 0.0131965075
418 412 11 12 0.013182952
843 579 9 9 0.0131812645
468 264 13 13 0.013175823
395 195 10 13 0.013161161
910 624 10 13 0.013155853
1021 390 3 13 0.013141352
881 383 49 59 0.013140308
295 180 10 12 0.013136073
375 234 33 32 0.013135915
907 374 8 11 0.013132167
946 412 7 11 0.013131006
956 415 13 18 0.013129504
891 593 8 11 0.013124981
540 190 8 12 0.01311741
770 315 10 13 0.01311168
1008 580 16 27 0.01311034
496 231 13 17 0.013108179
507 255 21 25 0.013099107
271 181 23 27 0.013095226
932 398 9 11 0.013092481
622 241 9 13 0.013090362
884 377 36 42 0.013088956
980 410 15 24 0.0130805615
578 274 9 9 0.013076542
211 167 19 28 0.01307079
968 587 14 13 0.013069036
1019 615 5 11 0.013067141
279 165 24 22 0.013064009
20 625 23 31 0.013054532
983 413 9 14 0.013050199
321 204 26 32 0.013047224
553 283 18 19 0.013034806
363 208 9 9 0.01303172
216 162 10 12 0.0130291805
468 292 12 13 0.013029078
444 202 55 65 0.013028853
951 638 34 49 0.013027728
936 672 46 62 0.013027268
952 648 20 24 0.013019248
901 582 41 52 0.01301895
652 224 19 24 0.013016742
691 393 12 16 0.01301544
138 699 18 15 0.013011546
507 346 25 23 0.013008008
635 220 12 16 0.013005184
222 162 9 12 0.013003213
1020 383 4 16 0.013002697
644 241 10 11 0.012995103
538 197 9 9 0.012994727
378 194 10 14 0.01299154
40 725 8 9 0.012991429
912 610 35 44 0.012988387
595 285 9 12 0.012986167
759 329 10 13 0.0129833305
579 270 16 20 0.0129739465
510 209 10 12 0.012972171
517 199 8 11 0.012969584
965 614 25 28 0.012965082
393 436 13 10 0.0129638575
697 488 14 16 0.012961052
582 215 15 20 0.012959722
767 286 13 14 0.012956193
701 403 14 15 0.012949906
619 209 46 58 0.012940741
480 218 22 28 0.012929402
960 657 9 11 0.012925514
538 240 10 14 0.0129247615
225 153 35 28 0.012915528
494 183 8 12 0.012907077
585 471 39 39 0.012906965
455 234 25 26 0.012904038
874 567 6 9 0.012896859
746 299 12 14 0.012896786
387 331 9 12 0.012891056
1006 682 16 22 0.012882583
444 279 13 15 0.012874239
503 270 18 18 0.012869633
547 198 26 35 0.012865274
619 241 8 11 0.012864974
489 202 14 17 0.012862156
878 600 16 19 0.012860299
516 307 20 42 0.012859955
538 201 9 9 0.012859911
373 325 21 21 0.012859248
1018 353 6 17 0.012854316
384 215 16 21 0.012849918
942 674 30 35 0.012821199
976 392 7 9 0.012819887
306 176 59 67 0.012818041
314 199 23 32 0.012814834
35 384 187 256 0.012811658
300 191 41 50 0.01280359
996 426 11 13 0.012788551
446 264 92 127 0.012787411
758 296 35 44 0.01277854
927 408 8 10 0.012778097
460 195 10 12 0.0127771525
848 566 34 40 0.012770652
237 153 21 19 0.0127691
388 199 18 24 0.01276386
452 229 15 14 0.012755952
926 393 10 15 0.012755391
751 301 13 13 0.012751337
278 454 104 134 0.0127498815
1002 720 12 9 0.012746675
675 319 25 25 0.012743756
638 425 57 52 0.012742843
516 245 34 44 0.012738895
605 211 18 20 0.012736969
556 266 11 14 0.012725592
711 312 35 44 0.0127094
787 301 9 12 0.012708934
756 322 15 21 0.012698045
112 0 240 181 0.01269524
804 577 7 9 0.012691397
544 443 10 11 0.0126896165
506 252 15 16 0.0126850465
459 298 18 24 0.012684411
778 671 143 97 0.012675358
936 410 14 22 0.012674447
990 431 9 10 0.01267029
242 159 10 12 0.012660378
641 291 19 23 0.012657552
971 411 19 26 0.012655023
558 341 13 11 0.012654888
966 594 13 15 0.01265404
648 232 8 10 0.01265027
868 584 12 13 0.012642815
250 179 17 23 0.012638477
606 226 19 25 0.012636278
657 235 10 12 0.012635487
624 239 8 10 0.0126226945
340 194 9 10 0.0126214065
967 413 10 14 0.012620758
828 549 59 77 0.012619206
842 604 18 17 0.012615205
500 174 64 80 0.012612961
954 579 14 21 0.012610196
982 417 16 21 0.012598549
668 433 194 155 0.012597146
689 414 6 10 0.012594615
1011 672 10 17 0.012592798
693 311 36 38 0.0125897
604 234 8 10 0.012585847
534 216 17 24 0.012585355
307 196 8 10 0.012578975
564 258 8 9 0.012576625
648 244 8 9 0.012564099
4 678 94 90 0.012559324
362 215 15 17 0.0125543885
906 642 73 105 0.012551261
879 362 8 10 0.012548466
390 189 11 12 0.012546237
343 179 8 9 0.012544127
788 576 8 10 0.012542255
466 196 17 18 0.01254037
537 252 10 13 0.012540156
664 262 8 12 0.012538123
905 371 9 10 0.012537109
928 377 7 9 0.012536758
521 264 11 16 0.012535719
853 566 9 11 0.012534997
558 188 8 11 0.01253214
89 511 303 257 0.012526418
529 237 9 13 0.012523194
407 193 6 10 0.012510324
368 198 12 13 0.012504413
314 193 8 9 0.012503428
626 240 8 13 0.012498059
775 325 7 10 0.012496647
693 326 14 14 0.01249663
207 155 11 10 0.012492687
738 327 40 50 0.01248453
401 424 12 11 0.0124753835
984 421 9 10 0.01247438
952 574 10 13 0.012456771
520 196 9 12 0.012452595
555 348 13 12 0.012452067
489 266 10 12 0.012446233
927 386 8 11 0.012442899
1007 409 14 13 0.012442163
564 218 12 16 0.012441396
344 200 10 11 0.012427499
701 385 21 24 0.012424374
912 370 8 9 0.012409791
697 392 8 11 0.012405098
843 587 9 10 0.012403553
457 254 29 36 0.012402812
510 202 9 11 0.012396834
932 390 9 10 0.0123952245
950 402 9 12 0.012395075
496 183 9 13 0.012388955
644 289 10 15 0.012388741
1011 705 13 28 0.012388448
951 611 15 16 0.012384091
712 483 38 30 0.01238108
517 286 12 16 0.012380245
831 564 7 9 0.01236927
287 179 23 29 0.012366353
1020 14 4 18 0.012343242
590 468 193 182 0.012341757
901 586 11 12 0.012331741
622 247 8 10 0.012331148
504 310 9 14 0.012327683
854 570 8 11 0.012326586
379 200 16 18 0.012326173
466 206 11 14 0.0123225255
318 185 11 14 0.012321368
948 605 14 19 0.012319907
506 489 227 223 0.012314597
684 309 20 26 0.012313658
1020 359 4 16 0.012302971
523 247 13 16 0.012301023
930 374 17 20 0.012297525
582 281 10 12 0.012297058
683 326 14 14 0.012295049
507 342 15 14 0.01229387
476 279 12 12 0.012290443
984 691 13 16 0.012289996
613 267 11 15 0.0122898845
846 581 39 39 0.012286373
250 160 9 9 0.012279483
614 235 12 15 0.012278521
398 205 7 11 0.012277318
961 583 28 36 0.012270138
332 199 9 9 0.01226976
1018 554 6 19 0.012269268
685 264 30 39 0.012267567
979 676 17 34 0.012263791
756 296 11 13 0.012261259
486 202 9 13 0.012260646
962 576 8 9 0.012258054
276 186 9 10 0.01225686
920 375 19 23 0.01225662
729 496 9 10 0.012251812
879 560 15 19 0.012251742
59 473 40 57 0.012248952
324 188 9 10 0.0122475
35 610 31 41 0.012244765
47 565 34 48 0.012244589
608 214 9 10 0.012243393
560 253 12 16 0.012242299
899 584 24 22 0.012242036
345 179 15 17 0.012240906
422 302 7 9 0.012238962
1003 614 7 9 0.0122346245
729 495 46 44 0.01221535
631 287 15 18 0.012204177
708 473 10 12 0.012201411
568 235 13 15 0.012195141
929 598 42 52 0.012187166
853 598 9 10 0.012180852
0 476 13 30 0.012177071
894 537 41 49 0.012173528
1007 666 13 18 0.012170506
641 553 109 152 0.012165424
887 364 12 15 0.012162643
829 566 9 12 0.01216054
365 205 13 12 0.012159497
523 342 15 15 0.0121573275
647 265 12 18 0.012149066
566 242 10 11 0.012148023
337 13 193 242 0.012137484
307 173 8 10 0.012132375
443 301 31 39 0.012131916
547 261 9 15 0.012130897
574 191 14 17 0.012125584
913 407 9 12 0.012117594
955 593 11 15 0.012116263
712 393 21 24 0.012111648
888 600 10 15 0.012100221
852 458 15 14 0.012096558
873 583 20 25 0.012094262
658 311 12 19 0.012093244
716 291 35 47 0.012088954
327 380 21 19 0.012088315
591 225 13 17 0.012087037
795 296 9 11 0.012077531
0 571 109 197 0.012077451
497 211 13 18 0.012076681
613 249 13 18 0.012075452
998 0 26 29 0.012059839
312 173 8 10 0.012057158
287 178 11 12 0.0120491795
544 218 12 17 0.0120480815
927 586 11 14 0.012047072
486 244 25 32 0.012045786
831 582 19 24 0.012045468
550 269 14 13 0.012045088
503 201 8 10 0.012039504
306 190 8 11 0.012033355
742 323 10 10 0.012030378
937 648 37 51 0.012028916
344 219 21 26 0.012021442
689 298 11 14 0.012017175
68 438 38 52 0.012016968
829 571 8 10 0.012015901
948 387 6 10 0.0120137865
617 255 12 17 0.012013525
483 273 15 16 0.012007545
1021 401 3 15 0.012005138
516 267 31 41 0.01200304
713 426 10 15 0.01200277
703 480 8 9 0.012001555
920 646 36 43 0.012001382
887 556 35 41 0.011999193
566 224 18 25 0.011989731
512 260 13 16 0.0119893905
952 569 10 12 0.011988313
878 605 20 26 0.011983727
347 214 18 20 0.011980321
517 182 10 10 0.0119769275
949 611 27 26 0.01196214
476 195 17 21 0.0119583225
873 584 8 10 0.011951634
524 253 22 29 0.011950498
169 462 40 60 0.011944372
931 378 8 10 0.011943031
72 280 85 110 0.011942944
919 584 12 13 0.011940912
889 586 9 10 0.011940805
512 328 8 10 0.01193644
898 409 26 36 0.011934372
382 141 220 293 0.011931352
905 652 27 26 0.011929034
635 296 21 23 0.0119272
439 290 18 23 0.011924866
369 190 12 12 0.011919918
443 319 29 37 0.011919862
405 277 89 136 0.011917586
647 308 24 26 0.011915638
653 250 12 16 0.011913928
765 547 8 10 0.011913594
476 243 14 17 0.011909424
844 572 9 11 0.011908409
0 4 169 354 0.011904467
395 222 31 31 0.011900874
293 173 16 16 0.01189289
529 277 12 16 0.011884863
704 397 12 15 0.01188208
633 229 19 25 0.011878227
884 381 8 10 0.011877741
887 605 19 24 0.011873196
952 601 16 21 0.011873027
809 392 28 32 0.011865126
787 580 10 12 0.011857489
403 287 37 40 0.011855074
159 192 14 15 0.011851901
476 254 10 11 0.01185105
593 227 8 10 0.011847052
50 451 38 50 0.011846736
669 258 7 9 0.011844437
1017 460 7 19 0.01184396
155 268 46 61 0.011840521
285 163 8 10 0.011836379
471 0 311 319 0.011835297
640 236 11 14 0.011834717
232 163 11 14 0.011833781
332 383 15 11 0.011833546
705 410 13 15 0.011832945
405 4 165 190 0.01183255
344 194 11 14 0.011830831
207 551 286 217 0.011828757
533 198 10 13 0.011817886
796 581 7 9 0.011808928
685 298 19 28 0.011804353
0 176 299 501 0.011802386
284 176 10 11 0.011799604
518 253 13 15 0.011793284
931 588 79 114 0.011791985
438 311 20 28 0.011790484
970 579 19 23 0.011786715
943 396 9 13 0.011785868
899 596 9 12 0.011782843
767 298 10 12 0.011775719
481 278 13 14 0.011774648
159 440 38 51 0.011771827
896 602 14 16 0.0117707085
725 313 32 38 0.011769443
494 294 14 17 0.011759745
847 578 9 10 0.011758465
509 235 13 15 0.01175356
450 238 16 19 0.011750763
690 491 24 26 0.011748212
747 292 14 18 0.011745492
286 171 9 10 0.011744127
537 229 10 13 0.011741687
512 248 9 10 0.011739279
349 206 16 21 0.011737785
64 449 23 28 0.011735721
501 242 16 17 0.011732835
1010 673 8 11 0.011732305
477 200 9 11 0.011729438
1019 447 5 18 0.011728177
817 450 14 17 0.011717462
879 599 10 11 0.011713546
486 591 219 177 0.0117116785
727 494 8 9 0.011711416
936 387 10 11 0.011710668
222 168 9 12 0.011708116
934 395 8 11 0.011707993
1012 599 12 25 0.011707573
948 614 16 18 0.011706865
933 579 15 15 0.011704969
562 209 8 10 0.01170424
461 193 35 37 0.011704115
449 220 22 25 0.011701899
217 157 23 23 0.01169739
304 185 7 10 0.011692234
1020 6 4 17 0.011691142
174 182 13 12 0.011690711
773 307 10 16 0.011690222
1022 359 2 12 0.011689733
562 215 7 9 0.011688524
694 492 8 10 0.011681273
630 235 52 64 0.011677579
540 209 9 12 0.011677322
515 278 12 17 0.011674343
940 393 16 25 0.0116720395
343 200 13 17 0.011665433
529 205 10 13 0.011659861
578 196 28 34 0.011658252
879 370 8 11 0.0116567165
971 611 16 16 0.0116512105
116 268 41 53 0.011647175
1019 436 5 15 0.0116448505
553 191 9 10 0.011643563
1020 348 4 17 0.011642502
736 297 7 10 0.011641254
691 249 42 53 0.0116405655
700 483 7 9 0.011638851
1018 621 6 16 0.011635119
756 312 14 21 0.011632077
665 241 9 11 0.01163047
895 592 8 11 0.011630048
740 0 284 414 0.011628605
815 593 12 12 0.011625014
468 192 12 11 0.011623888
9 520 34 47 0.01161491
927 413 13 14 0.011610503
887 393 8 10 0.011610313
373 332 13 16 0.011606759
762 301 12 15 0.011604776
703 491 8 9 0.011602807
340 203 21 26 0.011599085
763 485 88 101 0.011598892
799 297 8 9 0.011595899
709 406 9 10 0.011594948
903 597 10 13 0.011594702
733 305 8 11 0.011586274
656 293 12 17 0.01158526
305 197 7 10 0.011584226
665 278 8 10 0.0115807345
661 310 7 11 0.011576688
539 282 9 16 0.011575964
685 246 8 9 0.011574076
514 261 21 26 0.0115729645
693 668 158 100 0.011568688
623 223 28 37 0.011567774
311 207 44 52 0.011566392
964 598 8 13 0.011566316
486 149 54 75 0.01155079
606 280 7 9 0.011548891
289 175 9 10 0.011547142
406 208 9 11 0.0115463855
1017 680 7 12 0.011540742
460 200 8 9 0.011538856
922 657 9 12 0.011537371
1018 339 6 18 0.011537255
541 256 11 16 0.011536241
891 379 17 21 0.011531664
422 193 7 10 0.011524438
477 289 17 20 0.0115212845
677 245 41 51 0.011515101
999 720 16 17 0.01151217
455 293 17 24 0.0115121165
21 651 45 58 0.011511244
805 325 7 9 0.011509772
1019 21 5 19 0.0115074795
80 421 38 55 0.011506737
217 457 201 245 0.011504671
631 290 19 24 0.011500049
0 371 130 221 0.011498771
965 593 9 13 0.011497981
244 155 10 9 0.011493471
534 274 11 17 0.011492725
817 349 11 16 0.011490938
550 180 9 10 0.011490065
853 563 17 24 0.011489872
628 268 23 28 0.011487812
939 635 25 30 0.0114868
1009 678 12 17 0.011486432
713 403 16 20 0.011478389
426 211 10 15 0.011478282
327 213 14 18 0.011477906
704 282 22 31 0.011476846
624 220 8 10 0.011475356
783 299 8 10 0.011469372
666 309 8 12 0.011466748
1017 546 7 22 0.011460972
447 226 15 16 0.011459352
920 370 8 9 0.011448839
503 338 21 24 0.0114469165
527 229 9 10 0.011446354
377 231 48 51 0.011443793
981 415 8 11 0.011438606
487 194 9 14 0.011437236
832 565 10 11 0.0114359595
881 586 11 11 0.011434666
443 342 13 15 0.011432618
897 409 19 24 0.011429164
731 286 35 39 0.011429002
518 260 13 15 0.011427699
754 323 45 55 0.011426709
688 407 8 11 0.011421626
999 612 7 9 0.011420953
949 577 8 10 0.01141944
828 564 8 11 0.011417654
392 433 8 9 0.011416692
169 278 44 61 0.011412739
992 615 9 10 0.011411858
785 581 118 159 0.011410468
377 321 27 24 0.0114066545
960 572 12 18 0.011403488
654 292 9 14 0.0114028575
463 270 12 14 0.011402569
866 569 12 14 0.011402098
1020 601 4 13 0.011401395
284 169 8 10 0.01139886
16 481 30 38 0.0113970535
410 355 17 12 0.011391992
950 417 7 10 0.011388185
501 187 10 13 0.011387524
559 241 11 16 0.011387435
855 596 12 11 0.011385641
329 174 8 10 0.011385566
1018 325 6 18 0.0113852825
361 210 9 10 0.011384216
871 369 8 12 0.0113841845
759 282 39 29 0.011382991
570 215 11 13 0.011367808
435 244 46 56 0.011367099
400 297 25 27 0.0113604395
657 488 34 39 0.011359959
100 283 37 49 0.011357333
902 370 8 9 0.0113531975
137 613 36 47 0.011351088
1019 0 5 14 0.011348508
385 206 24 31 0.011346257
315 197 7 9 0.011345675
297 481 206 233 0.011337739
47 552 23 26 0.011326629
377 320 8 10 0.011323506
494 189 7 10 0.011323159
395 188 9 9 0.011320421
544 254 16 22 0.011315706
754 512 7 10 0.011315018
97 618 171 150 0.011311522
324 182 11 13 0.01131077
834 574 7 10 0.01131006
834 560 18 24 0.011309055
126 489 40 55 0.011307244
621 250 24 31 0.011305278
694 484 8 11 0.011299959
528 221 11 14 0.011298904
932 383 9 11 0.011291808
395 429 20 18 0.01128397
1020 376 4 17 0.0112777855
338 190 13 17 0.0112749655
148 176 22 19 0.011269101
974 615 9 10 0.011267366
335 199 11 10 0.011261235
462 174 64 83 0.011258237
750 311 7 12 0.011256122
518 223 12 14 0.011241757
887 600 7 12 0.011240962
510 245 8 10 0.011231935
1021 353 3 13 0.011231199
458 193 8 11 0.011229632
743 316 9 11 0.011229234
37 686 15 18 0.011226138
1004 598 17 23 0.011224824
655 258 7 10 0.011223099
907 623 20 24 0.011217213
658 239 10 11 0.011212412
569 229 20 28 0.011211102
1006 381 18 32 0.011208949
381 487 232 247 0.011207962
332 184 16 19 0.011203386
470 307 19 21 0.011202633
320 198 8 11 0.011197555
376 427 10 10 0.011194239
460 277 11 13 0.0111925695
704 420 20 26 0.0111907385
1020 628 4 12 0.011190649
135 441 39 52 0.01118457
255 168 9 11 0.0111819245
956 575 10 14 0.011178033
36 690 98 78 0.011177817
504 317 7 10 0.011175387
340 182 18 23 0.011174882
1020 750 4 16 0.011172837
509 292 20 25 0.011171964
264 163 10 14 0.011169922
883 399 33 39 0.0111681195
490 306 20 26 0.011166717
722 492 8 10 0.011165169
935 372 9 10 0.011164027
623 487 7 11 0.011159238
657 268 20 26 0.011156586
1021 385 3 12 0.011155675
816 597 8 9 0.011154177
1020 367 4 18 0.011153876
490 337 14 17 0.011150097
711 512 57 57 0.011148644
947 416 12 16 0.011148486
206 149 12 10 0.011144672
1013 728 11 23 0.011142181
582 255 18 28 0.011137584
960 417 12 17 0.011133034
451 246 24 29 0.011130001
92 260 89 111 0.0111298235
945 609 14 19 0.011129414
119 416 204 249 0.011121867
349 219 29 29 0.0111147
336 194 10 11 0.011110841
799 580 8 10 0.011107775
620 476 8 9 0.01110426
395 434 8 9 0.011102812
1020 619 4 12 0.011100719
710 435 15 14 0.011100025
388 296 66 84 0.011096032
406 418 21 21 0.011095075
940 385 10 11 0.011092441
316 189 9 11 0.011092222
458 242 24 27 0.01108237
529 200 7 11 0.011075994
415 309 13 15 0.011075865
762 311 18 22 0.011075135
443 255 58 77 0.011070258
674 314 42 51 0.01107025
833 591 20 23 0.011069975
679 410 23 28 0.01106921
929 392 11 14 0.011063599
399 196 8 12 0.011057434
550 215 15 20 0.0110560525
778 291 7 9 0.011050354
921 575 10 11 0.011046856
561 233 11 15 0.011046557
612 213 14 17 0.011045645
377 183 29 25 0.011042865
787 308 10 14 0.01103951
193 608 40 57 0.011036587
673 543 188 207 0.011036238
24 573 20 24 0.011034119
307 186 9 11 0.011029588
975 395 18 22 0.011027882
958 652 19 27 0.011025005
514 178 11 11 0.011024165
407 422 27 26 0.01102138
555 213 18 24 0.011015816
375 527 50 66 0.011015571
506 181 31 36 0.011015169
345 499 46 59 0.011008109
336 519 91 128 0.011004648
847 558 7 9 0.011004138
732 286 21 26 0.011003616
943 403 15 23 0.010997151
877 584 10 12 0.010996875
1015 563 9 24 0.01099686
474 211 13 20 0.010996006
906 382 10 13 0.010993809
328 190 8 9 0.010990565
876 140 148 272 0.010989795
161 430 21 25 0.010989202
669 10 92 123 0.010983598
792 402 15 14 0.010978271
825 85 93 139 0.010978239
951 603 7 10 0.010973771
927 664 15 19 0.010973282
950 622 31 43 0.010972972
757 300 9 11 0.0109657
455 285 8 9 0.01096462
89 251 41 56 0.010960966
467 267 14 20 0.010959983
534 182 18 21 0.010958254
952 656 8 10 0.010956542
214 184 13 11 0.0109562185
990 748 34 20 0.010950734
942 596 16 22 0.010947351
1018 399 6 16 0.010947079
805 593 10 12 0.010946667
564 276 10 13 0.010942853
1013 649 11 12 0.01094248
706 413 16 24 0.010940834
529 214 10 12 0.010936086
262 681 23 27 0.010933724
234 184 25 34 0.010932745
696 483 8 10 0.010930777
968 621 10 9 0.010925933
628 0 86 106 0.010922832
822 583 19 19 0.010920449
1006 601 11 13 0.010916643
839 584 7 10 0.010914327
745 306 9 11 0.010913808
972 618 8 10 0.010911848
737 63 91 137 0.01090703
715 318 23 29 0.010903019
998 629 5 10 0.010900569
534 208 9 11 0.010899454
467 228 13 13 0.010897518
450 289 11 15 0.0108948555
827 0 89 106 0.010893795
716 270 20 26 0.010889578
1018 735 6 16 0.010887297
355 535 49 67 0.010884843
469 237 11 14 0.010883816
630 273 10 12 0.010880776
711 1 193 215 0.01088061
396 218 46 52 0.010879605
474 260 12 13 0.010874727
456 246 12 14 0.010871721
661 243 7 9 0.010867592
583 1 86 106 0.010867216
870 565 10 13 0.010864828
362 325 10 12 0.010859103
421 400 14 16 0.010857276
1018 317 6 18 0.010856402
496 202 12 15 0.0108524915
1019 631 5 16 0.010852409
406 420 11 10 0.010846233
343 192 9 11 0.010844288
0 413 22 35 0.010842764
723 323 36 53 0.010840688
934 408 8 11 0.010838157
907 578 61 71 0.010837607
836 570 9 10 0.01083653
992 404 9 12 0.010830191
488 206 9 12 0.010825918
804 586 8 11 0.0108255055
1007 594 7 10 0.010824546
458 193 25 28 0.010817972
1021 21 3 13 0.010815378
390 184 10 10 0.010814337
876 599 9 12 0.010811516
724 311 18 22 0.010809113
1019 29 5 20 0.010803753
987 426 14 17 0.0108011225
609 489 7 10 0.010799091
269 473 45 63 0.010797367
266 430 102 107 0.010796931
126 450 39 58 0.010796185
467 268 11 11 0.010795788
527 393 13 19 0.010791028
846 681 112 87 0.010790916
445 316 12 17 0.010788882
720 434 8 9 0.010786832
560 218 9 12 0.010785367
672 277 8 10 0.010784733
473 257 10 10 0.010784039
457 291 12 16 0.010783103
412 195 13 16 0.010782895
261 165 10 14 0.010777976
593 375 9 11 0.010774269
881 384 8 9 0.010772783
714 10 92 123 0.010771961
167 437 22 26 0.010768997
571 215 19 25 0.010766939
1022 756 2 11 0.010762029
371 195 8 10 0.010758705
760 398 26 27 0.010757332
220 161 7 10 0.010757112
1 727 49 41 0.010746466
91 0 42 41 0.010744124
617 267 8 11 0.010740585
813 585 7 9 0.010740297
991 581 33 48 0.010732238
279 595 41 59 0.010731826
173 447 20 24 0.010731311
205 477 40 57 0.010729577
547 223 7 9 0.010729126
217 169 8 10 0.010722269
962 560 21 27 0.01071982
780 330 25 32 0.01071289
660 304 23 31 0.010711615
422 461 13 15 0.010710074
1012 0 12 15 0.01070921
949 655 11 15 0.010705365
586 232 14 19 0.010704107
588 242 7 9 0.010703582
667 266 8 10 0.010701462
111 284 44 55 0.010701037
450 245 14 20 0.010700568
960 569 9 13 0.010699777
360 184 29 26 0.010697306
499 294 25 30 0.010695553
1022 364 2 12 0.010694429
53 302 81 109 0.010691982
963 661 19 26 0.010691041
649 267 7 12 0.010684193
284 162 14 17 0.010682906
557 264 8 10 0.010682616
787 334 8 9 0.010681714
300 180 16 26 0.01067773
841 593 13 15 0.010677244
729 294 8 10 0.010676904
473 299 13 14 0.010674595
506 352 8 10 0.0106730675
498 290 16 20 0.01066995
687 81 157 199 0.010669824
964 545 52 56 0.010668178
274 189 10 12 0.010664428
920 388 8 11 0.010661941
660 376 9 13 0.010661266
494 1 85 104 0.010659291
828 363 17 15 0.010656801
225 163 23 26 0.010655906
420 348 12 14 0.010655593
688 502 26 29 0.010655335
399 526 48 65 0.010647576
477 252 65 84 0.01064739
1021 13 3 13 0.01064709
661 365 23 26 0.010643082
38 447 37 46 0.010639433
679 484 49 47 0.010633446
587 253 12 15 0.010632161
525 263 9 15 0.010631193
978 411 8 11 0.010630969
746 322 9 11 0.010627893
715 294 15 17 0.010625085
691 480 24 26 0.0106187025
358 317 15 11 0.010618539
953 401 8 10 0.0106181055
661 467 9 11 0.010617454
285 208 26 35 0.010617106
443 305 20 27 0.010616049
625 237 15 21 0.010615801
693 490 7 9 0.01061563
328 214 10 10 0.010612971
353 180 7 9 0.010610323
943 610 10 11 0.010609204
225 135 284 362 0.010608786
380 318 36 34 0.0106057385
420 343 24 26 0.010605504
827 581 10 11 0.010603319
46 489 39 52 0.010602261
964 589 10 12 0.010600529
1013 627 6 9 0.010599638
712 439 14 14 0.010598669
587 226 10 15 0.010596514
590 200 8 10 0.010595563
348 220 11 10 0.010590992
1020 334 4 17 0.010590847
860 358 12 13 0.010589143
326 186 18 22 0.010587992
479 269 12 13 0.010582411
622 282 33 39 0.010582227
566 197 7 10 0.010579094
466 251 13 17 0.010576477
850 559 7 10 0.010562646
538 1 86 105 0.010559914
992 424 32 46 0.010555489
724 518 87 97 0.010555192
780 62 94 139 0.010554856
460 203 8 9 0.010554362
963 404 9 12 0.010551588
724 272 22 25 0.010550273
238 162 11 13 0.010550106
744 517 28 37 0.010543848
649 293 22 31 0.010541493
88 454 41 55 0.010539779
937 639 11 14 0.010538949
703 319 13 14 0.010538279
332 172 9 10 0.010536871
240 151 9 11 0.010536598
405 1 85 104 0.010534643
402 202 6 9 0.010534355
957 567 9 12 0.010531609
524 234 16 20 0.010529671
981 678 12 21 0.010527936
420 306 10 12 0.010525774
564 227 11 14 0.010524408
1019 567 5 20 0.010522558
116 299 84 109 0.010521172
582 5 173 188 0.010520952
887 615 18 22 0.010517568
769 289 21 22 0.0105112465
446 298 11 13 0.01051022
623 268 19 24 0.010510029
247 163 9 10 0.010509757
193 465 40 58 0.010503896
1016 444 8 17 0.010501469
886 653 26 32 0.010499966
613 242 13 18 0.0104988795
38 508 20 26 0.010498202
449 1 86 104 0.010497765
595 258 14 20 0.010494907
530 243 11 15 0.010491589
694 295 12 17 0.010489542
653 309 13 15 0.010487157
739 317 8 10 0.010485923
708 296 11 14 0.010485521
252 643 12 15 0.010482592
687 252 12 12 0.010480861
468 243 13 14 0.010474784
1019 66 5 19 0.010470599
983 678 7 9 0.010470389
961 570 18 28 0.010469416
1017 582 7 21 0.010469
531 259 10 15 0.0104689095
929 579 10 13 0.010468814
939 379 7 9 0.010468219
571 188 23 22 0.010467899
891 400 20 23 0.010465548
709 266 32 40 0.010461514
985 10 39 72 0.010461034
783 0 89 105 0.010460314
47 0 83 83 0.010459765
329 117 155 171 0.010456601
455 304 24 30 0.010456594
478 227 13 15 0.01045372
269 173 9 10 0.010453226
732 295 9 12 0.010451823
522 188 23 26 0.010451749
694 44 89 133 0.010451058
471 204 10 11 0.010450735
1019 40 5 19 0.010449017
373 329 9 10 0.010444855
1021 0 3 9 0.010442691
982 604 8 9 0.010441481
24 499 32 45 0.010440718
446 253 22 29 0.010440144
995 627 14 22 0.010438025
524 224 10 12 0.010436747
146 450 41 59 0.010436599
425 219 62 68 0.01043429
230 325 27 34 0.010434038
83 341 188 250 0.010433793
479 309 23 24 0.010432631
551 213 8 9 0.010432464
487 263 10 11 0.010427382
500 351 9 11 0.010423174
760 510 8 10 0.0104203345
928 381 8 10 0.010418337
529 170 58 74 0.010418043
257 159 8 10 0.010417028
909 631 10 15 0.010416362
286 185 9 11 0.010416046
925 383 9 11 0.0104159275
897 634 27 26 0.010415725
354 212 18 19 0.010411369
636 245 21 28 0.01040883
623 390 11 10 0.010408742
559 264 11 13 0.010408295
974 606 14 16 0.010407658
622 255 9 11 0.010407432
698 268 12 14 0.0104065025
79 471 41 60 0.010404701
212 175 24 32 0.010398064
582 255 8 10 0.010397464
404 435 9 9 0.010396641
687 403 21 27 0.010395991
557 352 14 12 0.01038719
117 440 39 52 0.010384986
913 411 11 13 0.010381984
414 188 89 105 0.010380795
576 230 12 16 0.010378676
586 362 36 45 0.01037824
156 255 92 117 0.010378003
569 259 9 11 0.010376088
635 351 142 174 0.010375194
34 494 34 46 0.010373094
49 610 27 36 0.010371491
989 403 8 11 0.010369233
782 289 21 23 0.010368685
179 475 41 60 0.010364803
857 74 157 219 0.010364678
546 314 29 37 0.010361394
384 399 41 53 0.010360586
874 564 8 9 0.010358347
306 176 13 12 0.010357859
0 464 126 214 0.010356014
664 623 106 137 0.010355115
802 22 94 135 0.010353685
390 210 13 17 0.010351437
694 404 6 9 0.0103495
254 641 9 11 0.010344649
136 469 39 55 0.010343798
900 637 12 13 0.010342878
274 680 29 35 0.01034086
519 295 20 29 0.010339606
442 428 10 11 0.010333004
538 205 23 34 0.010330319
413 234 102 137 0.010330225
917 653 19 21 0.010328951
291 193 21 32 0.010326864
545 204 9 10 0.010323275
778 315 10 12 0.0103215845
327 196 8 10 0.010321497
168 487 41 58 0.010320674
532 233 11 13 0.0103178825
975 582 12 15 0.010316288
929 739 39 29 0.010314933
623 278 20 26 0.0103133945
634 37 164 198 0.010311659
961 670 13 16 0.010310392
687 318 14 16 0.010309258
1019 58 5 18 0.010307212
997 406 9 10 0.010306063
274 225 14 16 0.010304532
824 586 12 13 0.010302627
803 597 10 12 0.010301875
966 417 13 18 0.010300228
446 276 13 15 0.010298633
207 156 39 37 0.010297989
638 276 11 12 0.010297692
519 280 13 17 0.010297484
573 258 7 11 0.010291821
446 734 47 34 0.010290809
533 252 10 12 0.010287117
444 336 31 37 0.010286483
403 209 8 11 0.010285572
610 267 10 12 0.0102823
912 4 50 62 0.010280213
226 159 10 14 0.010277609
719 296 10 12 0.010276458
774 294 33 46 0.010275435
157 478 41 57 0.0102749765
928 639 17 16 0.010273779
320 374 15 12 0.010270371
917 411 10 10 0.010268864
366 510 48 61 0.010265525
69 484 40 59 0.010265001
733 316 34 44 0.010262476
524 266 12 19 0.0102611035
630 267 14 15 0.010259748
1000 606 8 9 0.010259193
509 269 18 23 0.010258817
798 569 83 89 0.010258594
62 539 19 25 0.010250153
273 177 7 9 0.010249329
905 602 7 9 0.010247302
1010 11 14 36 0.010244565
509 221 13 15 0.010241613
357 292 92 129 0.010237111
983 557 41 51 0.010236387
339 1 82 103 0.010235139
274 194 8 10 0.010235011
478 218 11 12 0.010229236
366 219 11 10 0.010226893
627 301 22 23 0.010222519
853 561 8 11 0.010221527
204 164 8 10 0.010220819
783 400 43 54 0.010219362
529 248 8 11 0.010217718
661 380 11 14 0.010215749
985 595 8 11 0.010215362
208 206 14 13 0.010209034
309 198 8 9 0.010208131
835 601 18 18 0.010204285
821 578 13 16 0.010203455
449 233 15 15 0.010202731
524 188 7 12 0.01019992
1017 484 7 22 0.0101996185
253 186 18 29 0.010199444
4 684 17 20 0.010199152
1019 74 5 19 0.010194611
1016 469 8 20 0.010192259
759 62 189 240 0.010192021
557 267 22 30 0.010191458
781 419 43 53 0.010189585
815 578 10 12 0.0101880515
436 298 21 28 0.010185633
364 436 17 12 0.0101826815
620 217 9 11 0.010178855
1021 348 3 12 0.010175465
362 179 64 63 0.0101743955
809 319 215 391 0.010174219
680 317 11 15 0.010172616
597 428 13 10 0.01017055
945 392 14 19 0.010170138
303 0 43 42 0.01016907
471 181 43 55 0.010167524
585 256 7 9 0.010166157
758 22 93 135 0.010163006
517 241 9 11 0.01016203
872 0 43 40 0.010156104
1012 441 12 31 0.010149488
651 247 8 9 0.010147465
252 165 11 11 0.010143548
790 580 10 11 0.01014117
617 263 8 11 0.01014013
795 346 30 33 0.0101364525
847 586 9 10 0.010135294
349 191 9 10 0.010134758
952 618 9 10 0.010134297
654 266 9 14 0.0101337535
55 554 36 52 0.010132766
802 395 43 53 0.010131308
201 163 13 17 0.010119372
278 184 9 10 0.010119057
186 602 174 166 0.010116817
336 619 42 58 0.010116765
301 666 24 30 0.01011143
458 224 7 9 0.010109245
931 560 32 40 0.010101881
851 611 24 27 0.010100645
210 597 41 56 0.01009999
606 682 138 86 0.010097934
648 244 20 30 0.010096735
325 199 9 11 0.010094927
455 52 157 201 0.010094385
685 312 61 80 0.010093499
382 191 9 11 0.010092613
777 298 10 14 0.010090592
863 582 12 13 0.010089323
763 308 13 17 0.010082258
595 203 7 9 0.010080692
548 272 8 10 0.010079733
336 735 46 33 0.010075792
608 250 13 17 0.0100748325
91 431 39 56 0.01007458
618 287 10 12 0.010074083
935 675 14 15 0.010068751
510 329 8 12 0.010067677
895 600 10 10 0.010066085
487 223 20 25 0.010066014
413 359 13 11 0.010064361
980 420 9 12 0.01006339
926 579 16 20 0.010057989
68 387 13 16 0.010057224
428 464 7 9 0.010055929
113 0 42 41 0.010051876
499 276 17 14 0.01005016
865 368 12 15 0.01004944
635 223 8 10 0.010047394
622 384 10 13 0.010047341
420 446 18 24 0.010040387
852 356 9 10 0.01004028
69 0 43 41 0.010037845
144 488 41 55 0.010037441
360 311 64 74 0.010036299
965 398 9 13 0.010034755
402 279 12 13 0.010032218
33 399 34 44 0.010026742
813 575 9 12 0.010025958
882 247 142 248 0.010024828
670 265 9 13 0.01002116
995 612 8 9 0.010019576
412 304 14 13 0.010017683
356 200 16 18 0.010016701
488 191 15 23 0.010015887
0 682 7 14 0.010014782
454 194 9 11 0.010007865
461 237 9 10 0.010006623
112 495 42 59 0.010005182
541 255 6 9 0.010004637
1020 743 4 16 0.010003235
1021 339 3 13 0.01000222