39_Ice_Skating_Ice_Skating_39_270
656
560 540 119 127 0.87989914
0 0 103 133 0.032245
192 197 51 71 0.03212787
916 0 108 150 0.030476816
506 521 151 166 0.026902271
758 0 266 283 0.02681474
42 1101 567 439 0.026368625
960 1407 64 133 0.026294587
0 0 52 70 0.026018456
965 0 59 75 0.025162956
79 0 200 147 0.024538204
0 0 201 263 0.024010606
202 0 200 149 0.023974493
730 1185 294 355 0.023935808
377 0 207 157 0.02373326
493 0 212 156 0.022605458
612 0 213 158 0.022278886
0 1368 106 172 0.022243299
977 1475 47 65 0.022036038
865 854 119 120 0.021271424
731 0 215 160 0.02073579
155 0 168 120 0.020662306
35 0 163 122 0.020622153
548 580 113 138 0.020502828
0 0 32 47 0.020471336
276 0 169 123 0.020149948
1006 0 18 39 0.02001382
4 1208 372 332 0.019832527
821 822 133 151 0.019477643
720 119 304 536 0.019270081
451 0 173 125 0.019129049
289 1149 430 391 0.018704839
426 0 105 82 0.01870017
575 0 105 82 0.018625148
724 0 105 82 0.018613352
664 0 106 82 0.018524041
784 0 104 82 0.018396253
307 0 103 81 0.018336223
485 0 105 82 0.018254997
572 0 174 125 0.018233217
601 601 72 81 0.018231142
37 0 104 82 0.01815153
1002 1493 22 47 0.01804324
366 0 105 82 0.017919088
247 0 104 81 0.017894799
1011 1506 13 34 0.017891677
903 899 77 74 0.017805288
521 416 177 229 0.017781937
690 0 175 125 0.017773159
188 0 103 81 0.017730799
854 1383 170 157 0.017611936
0 1458 58 82 0.017515525
517 568 173 210 0.017455
129 0 102 81 0.017261598
620 0 404 437 0.017082425
16 1358 201 182 0.017041814
723 1369 213 171 0.01690388
1013 0 11 26 0.01679323
910 1452 114 88 0.016781108
158 189 79 91 0.016688786
664 0 231 217 0.016558863
0 761 108 265 0.016526047
394 0 441 320 0.016517729
895 449 129 314 0.01650226
0 1124 105 256 0.016418131
917 940 49 37 0.016381841
811 0 175 128 0.016379692
843 0 106 82 0.016272154
123 0 15 10 0.016235923
115 0 15 10 0.016152602
604 0 15 10 0.016151484
253 0 15 10 0.016140591
390 1479 110 61 0.016106714
268 0 15 10 0.016093655
0 647 108 258 0.016075745
619 0 15 11 0.016006751
612 0 15 10 0.015975054
610 527 191 217 0.015955491
612 1363 231 177 0.015937852
627 0 15 10 0.015919507
261 0 15 10 0.015846424
724 0 15 10 0.015838021
276 0 15 10 0.015831752
888 41 136 309 0.015830966
762 0 88 66 0.01582736
227 0 15 10 0.015816033
501 663 182 233 0.015801353
0 22 57 134 0.015787566
246 0 15 10 0.015783409
914 1012 110 283 0.015776822
613 0 88 66 0.01576086
108 0 15 10 0.015753543
703 0 88 66 0.015730618
0 881 106 262 0.01571478
634 0 15 10 0.01569801
645 0 16 11 0.015690725
732 0 15 11 0.015652265
554 0 87 66 0.0156512
0 469 54 137 0.015627578
162 0 407 269 0.015610196
141 0 15 10 0.015608172
463 0 89 66 0.015600636
716 0 15 10 0.015589796
754 0 15 10 0.015568199
306 0 15 11 0.015558101
249 1356 225 184 0.015524622
653 0 15 10 0.015514434
291 0 15 10 0.015484683
317 0 15 10 0.015479803
235 0 15 10 0.015471891
284 0 14 10 0.015462834
597 0 15 10 0.015459621
0 889 54 138 0.015452992
149 0 15 10 0.0154352235
661 0 15 10 0.015420033
887 205 137 318 0.015415048
535 1181 406 359 0.015392826
462 0 16 10 0.015381654
679 0 15 10 0.0153809665
405 0 87 66 0.015368712
101 0 14 10 0.015350876
820 1442 156 98 0.0153403785
0 562 54 135 0.015332031
429 0 15 10 0.015325354
769 0 15 11 0.01532401
903 639 121 290 0.015314831
668 0 15 10 0.015305857
34 1450 135 90 0.0153049445
437 0 15 10 0.015302279
739 0 15 11 0.015295714
746 0 16 10 0.015291691
299 0 14 10 0.015269462
15 0 87 69 0.015261482
761 0 15 10 0.015257278
802 0 15 10 0.015249141
470 0 15 10 0.015225071
911 0 15 11 0.015219028
285 0 87 65 0.015218579
497 1370 212 170 0.015201639
93 0 15 10 0.015197189
344 0 87 66 0.015195293
131 0 14 10 0.015179355
0 319 192 524 0.015171261
455 0 15 10 0.015169123
687 0 15 10 0.015159403
485 0 15 10 0.015136233
444 0 15 10 0.015136146
422 0 15 10 0.015126506
403 0 15 10 0.015109604
885 0 15 10 0.01510412
86 0 14 11 0.0151039995
709 0 15 10 0.015068328
477 0 15 10 0.015047589
822 0 88 66 0.0150424335
190 0 15 10 0.015035335
694 0 15 11 0.015024024
493 0 15 10 0.015021368
467 440 277 333 0.015014441
814 0 15 10 0.014984661
899 0 15 10 0.014975841
0 235 109 267 0.014974406
414 0 15 10 0.014974346
166 0 86 66 0.014964711
324 0 15 10 0.01495328
75 0 87 66 0.014939615
567 0 15 10 0.014925002
0 528 109 263 0.014917558
776 0 15 10 0.014887131
0 1003 104 265 0.014879881
225 0 87 66 0.014873145
209 0 15 11 0.014868169
220 0 15 10 0.01485772
892 0 15 10 0.014853031
582 0 15 10 0.014845157
395 0 16 10 0.014842801
369 0 15 10 0.014831319
559 0 16 10 0.014798844
416 118 372 507 0.014790876
784 0 15 10 0.014770163
877 0 15 10 0.01476832
795 0 15 10 0.014745332
157 0 14 10 0.0147432545
164 0 15 10 0.014733827
500 0 15 10 0.014732712
175 0 15 10 0.014730536
918 0 15 10 0.014718865
370 1350 222 190 0.014696986
518 0 16 10 0.014689324
590 0 14 10 0.014662881
62 178 70 73 0.014656094
590 599 113 130 0.014641853
545 0 14 11 0.01463931
78 0 15 10 0.014637048
377 0 15 10 0.0146282
0 1006 55 135 0.014626956
332 0 15 10 0.014623783
821 0 15 10 0.014621083
362 0 15 10 0.014616525
702 0 14 11 0.014574257
914 1121 110 284 0.014548067
507 0 16 10 0.014545732
575 0 15 10 0.014545415
388 0 15 10 0.014544963
929 1269 95 252 0.01453932
182 0 16 10 0.014537038
847 0 15 11 0.0145136155
724 391 300 469 0.014509497
1003 0 21 79 0.014496506
926 0 15 10 0.0144962175
832 0 15 10 0.014490687
197 0 15 10 0.014467842
659 0 54 41 0.014433428
862 0 15 10 0.014406384
840 0 15 10 0.014402806
526 0 15 10 0.014401878
1022 1526 2 14 0.014349106
0 617 55 137 0.0143382475
340 0 15 10 0.014334887
855 0 15 10 0.014304002
70 0 15 11 0.0142719885
0 412 54 137 0.014266299
870 0 15 10 0.014262517
538 0 15 10 0.014235804
963 863 61 126 0.014220359
0 828 53 136 0.01420579
342 1475 121 65 0.014162053
625 610 37 51 0.014157372
476 630 128 157 0.014151614
0 738 55 137 0.014147801
552 0 15 10 0.014132785
0 1067 56 137 0.0141275255
956 1046 68 199 0.014092817
347 0 15 10 0.014065153
0 947 55 136 0.014061635
139 1353 225 187 0.014052829
142 1446 140 94 0.014043143
920 358 104 261 0.014026152
0 407 108 270 0.013977323
355 0 14 10 0.013975521
552 1445 157 95 0.0139519805
938 1492 81 48 0.013947132
955 1335 69 149 0.013942242
0 134 176 478 0.013893581
933 0 15 10 0.013892921
302 321 332 408 0.013888054
946 497 78 212 0.013864199
257 1441 140 99 0.013858565
0 1128 58 139 0.013795792
0 811 171 284 0.013773359
963 987 61 185 0.013760497
0 678 54 138 0.013754144
680 0 73 53 0.013727017
63 0 15 11 0.013704052
441 0 73 53 0.013648807
560 645 186 235 0.013633081
732 1442 159 98 0.013622988
933 901 91 252 0.013600552
955 1155 69 155 0.013596065
0 1163 67 176 0.013591121
0 289 56 139 0.013537245
543 544 74 93 0.013536614
501 0 72 53 0.013535679
0 349 53 139 0.013532589
966 952 58 136 0.013507942
568 464 112 157 0.01349624
531 0 72 53 0.013479267
0 693 167 277 0.01346601
834 799 190 267 0.013462804
619 1439 154 101 0.013450373
940 0 16 11 0.013435333
386 525 75 84 0.013425335
344 1411 159 129 0.013414697
0 120 94 257 0.013332147
824 350 200 315 0.01332347
418 0 237 264 0.013300124
0 82 54 133 0.013277274
719 0 55 42 0.01324346
0 848 387 551 0.013220359
630 0 54 41 0.0131739415
0 1273 60 142 0.013172743
924 775 100 239 0.013166989
873 1475 117 65 0.013117766
574 640 105 127 0.013102723
797 708 215 257 0.013084637
56 0 14 10 0.013076718
358 559 56 72 0.01307364
785 792 127 153 0.013071623
202 211 53 77 0.013056043
500 1460 142 80 0.013053507
0 923 170 288 0.013027289
203 394 318 422 0.013021657
382 0 72 53 0.013015373
747 841 277 478 0.012988737
217 0 29 22 0.012984704
0 12 36 91 0.012928075
64 180 97 111 0.012910657
800 1473 112 67 0.012888986
959 1231 65 194 0.012846053
246 0 31 22 0.012841163
584 528 82 88 0.01283757
344 218 19 14 0.012827069
80 0 329 208 0.012817363
724 1000 226 279 0.012816567
952 0 15 11 0.01280416
0 1367 57 136 0.012801953
938 255 86 215 0.012772072
232 0 29 21 0.012770103
949 622 75 209 0.012747066
599 0 55 42 0.012744168
45 0 14 10 0.012744069
92 0 55 42 0.012742126
0 560 203 515 0.012741261
808 0 55 42 0.012730818
942 80 82 215 0.012717902
748 0 55 42 0.01269015
113 0 72 52 0.012681897
0 1061 162 271 0.012610862
205 184 325 496 0.012610733
301 0 54 41 0.01260293
957 746 67 193 0.012600418
0 489 34 93 0.012537831
953 402 71 161 0.012501931
779 0 55 42 0.012474965
407 1448 135 92 0.012470623
464 1406 155 134 0.0124695
331 619 105 132 0.0124658225
839 0 54 42 0.0124234725
0 212 64 178 0.012420231
323 555 66 74 0.012403619
595 570 73 79 0.012372254
388 475 83 119 0.012370372
360 0 55 42 0.01235847
482 478 134 148 0.0123573495
22 1476 100 64 0.01235619
0 1249 163 266 0.012342846
859 0 73 53 0.012316877
882 0 89 67 0.012306481
737 577 215 272 0.01229702
94 163 110 113 0.012263417
774 540 124 174 0.012242064
62 0 55 42 0.012236361
570 0 55 42 0.012224342
261 0 31 22 0.012216704
331 0 54 42 0.012203485
421 0 54 41 0.012200428
241 0 55 41 0.012177112
41 297 181 342 0.012175212
915 871 99 111 0.012162626
555 277 197 280 0.012156399
0 581 34 93 0.012147391
27 1085 121 160 0.012135658
96 1411 155 129 0.012083659
159 431 92 183 0.012074251
165 0 55 41 0.012073795
59 863 236 300 0.012051855
816 569 208 300 0.0120475385
303 518 98 108 0.012043887
980 1059 44 106 0.012043678
949 196 75 164 0.012028647
585 415 129 170 0.012006336
876 914 102 98 0.012004618
33 524 202 336 0.011996524
975 1326 49 107 0.01198484
37 0 15 10 0.011982522
265 4 199 241 0.011963135
492 814 183 236 0.011951866
419 515 61 80 0.011950496
597 972 114 156 0.011945998
959 0 15 11 0.011939454
93 1472 109 68 0.011927867
271 0 55 40 0.011906163
211 0 55 42 0.011899243
575 0 30 21 0.01188119
508 0 30 21 0.011877029
356 582 114 143 0.011859072
987 880 37 91 0.011851544
480 0 55 41 0.011836721
869 1042 110 141 0.011822719
358 590 59 77 0.011818135
977 1147 47 109 0.0118114725
978 1381 46 107 0.011803735
352 11 131 159 0.011802811
543 1364 68 97 0.011778477
195 199 42 39 0.011775633
455 0 30 21 0.011774356
0 72 34 93 0.011759841
493 0 30 21 0.011759545
560 0 30 21 0.011747028
543 1183 101 137 0.011717215
418 0 31 21 0.011702003
607 600 39 49 0.0116760945
470 0 30 21 0.01166455
0 432 33 94 0.011654799
0 909 33 94 0.011646292
300 644 111 135 0.011639746
632 971 392 493 0.011619358
32 0 55 42 0.011614737
348 505 91 116 0.011610585
574 935 113 160 0.011598944
477 1182 120 154 0.011589367
157 0 31 22 0.011561423
531 1495 100 45 0.011542059
432 0 31 21 0.0115244305
522 0 31 21 0.011512672
26 986 121 167 0.011512558
403 0 31 21 0.011502144
966 515 58 129 0.011494378
0 1027 33 92 0.011482296
276 0 30 21 0.011444755
0 0 21 28 0.011443296
172 0 30 22 0.011440804
545 0 30 21 0.0114171775
0 638 34 93 0.011386683
202 0 30 21 0.011371715
565 942 197 257 0.011370808
16 1156 207 288 0.011357196
822 0 30 21 0.01135678
590 0 30 21 0.011355223
296 27 123 174 0.011352704
0 1388 34 91 0.011334071
303 567 102 126 0.0113332495
128 272 31 54 0.011321374
967 716 57 131 0.011316538
292 529 70 77 0.011310065
747 486 120 170 0.011303559
898 0 55 41 0.011269798
185 1261 117 161 0.011268842
235 513 113 112 0.011260261
837 1493 92 47 0.011258663
397 480 208 237 0.011257146
838 972 118 153 0.011256481
58 750 228 287 0.011255713
95 195 284 485 0.011244849
985 944 39 90 0.011242996
0 142 54 139 0.011240239
142 0 30 21 0.011232964
797 26 133 184 0.011228511
0 310 33 95 0.0112126265
45 261 68 86 0.011205089
853 756 127 178 0.011193143
791 0 31 21 0.011171642
691 1473 115 67 0.011169847
372 385 212 254 0.011164763
0 370 32 93 0.011162319
388 0 30 21 0.011155296
984 823 40 101 0.011145406
510 1080 179 247 0.011137313
27 894 122 172 0.011130239
634 522 128 149 0.011127559
753 327 116 166 0.011117301
0 849 32 91 0.011115818
275 535 103 113 0.011109513
807 0 30 21 0.011091393
835 513 119 166 0.0110866865
306 0 30 21 0.011072016
858 29 133 183 0.011070943
64 978 233 299 0.011039064
414 25 128 176 0.011036936
30 0 14 10 0.011027415
977 425 47 110 0.011023427
967 0 15 10 0.01102178
169 937 240 289 0.011009568
218 1457 122 83 0.011007581
606 1051 109 151 0.0109799
187 0 29 21 0.010969715
726 897 218 266 0.0109695885
977 1234 47 107 0.010967707
776 0 31 21 0.010962769
127 0 30 21 0.010944112
438 149 213 291 0.010928872
331 61 111 167 0.010928654
749 600 116 162 0.010928585
614 1380 83 113 0.0109204305
112 0 29 22 0.010917401
1001 21 23 100 0.010916009
793 861 113 121 0.010914891
172 1048 132 177 0.010891817
801 329 123 170 0.010877034
0 1088 33 92 0.010875262
836 0 30 21 0.010874512
684 296 121 166 0.0108672725
605 0 29 21 0.010866387
0 699 33 93 0.010851428
358 528 60 78 0.010847068
694 0 45 33 0.01083676
667 1275 228 257 0.010835312
0 968 34 93 0.010831621
978 667 46 110 0.01082729
335 549 167 218 0.010824509
967 595 57 136 0.010821203
27 691 123 169 0.010819497
503 120 126 177 0.010819132
0 1209 38 93 0.010814079
145 1109 130 168 0.010811273
832 239 128 179 0.010810015
717 932 126 167 0.01080912
0 759 34 93 0.010800556
553 527 71 75 0.010784447
0 1503 32 37 0.010778164
80 1084 129 163 0.010776698
866 358 125 172 0.010775431
292 0 29 21 0.010771485
620 0 30 21 0.01076197
0 373 88 159 0.010757713
725 0 29 21 0.010751416
803 1036 221 344 0.010751072
547 830 200 250 0.010745147
50 1496 101 44 0.010744005
624 298 123 168 0.010737789
373 0 31 22 0.010735031
305 1470 102 70 0.010730966
0 1326 35 94 0.010722182
453 273 116 162 0.010721006
1001 1046 23 94 0.010719976
0 1515 19 25 0.01071515
516 860 66 86 0.010710789
672 948 222 272 0.010687503
5 1263 106 159 0.01067509
746 0 30 21 0.010671995
686 0 31 21 0.010670775
828 88 131 182 0.010652881
153 285 162 316 0.010652717
0 132 33 91 0.010646244
1013 3 11 57 0.010635355
105 243 151 306 0.010634999
488 837 114 147 0.010629694
474 58 126 177 0.010629469
874 0 30 22 0.010626517
182 1234 244 285 0.010618858
857 489 87 115 0.010612627
22 0 15 10 0.010611377
724 197 231 312 0.010610635
593 65 246 323 0.010609976
63 499 36 46 0.010602089
126 420 210 351 0.010594825
762 0 30 21 0.010594139
192 1471 100 69 0.010588067
744 1274 121 150 0.010587655
272 502 170 220 0.010584527
475 702 124 157 0.010572863
770 85 130 185 0.010567323
358 0 31 21 0.010566698
230 1001 234 279 0.010555204
30 28 113 150 0.010552164
871 945 107 131 0.010551077
472 212 126 174 0.010544984
730 557 108 144 0.0105413785
357 437 85 140 0.010539932
770 268 126 176 0.010532681
611 894 211 259 0.010506359
863 811 30 42 0.010499063
569 1157 110 146 0.010493194
732 318 218 295 0.010489434
0 1324 88 154 0.010480704
429 1495 84 45 0.010470917
920 0 73 55 0.0104657905
136 369 92 211 0.010454742
116 1141 123 160 0.0104393475
343 0 31 22 0.010435465
323 582 68 83 0.010427836
739 463 211 269 0.010422075
284 1492 89 48 0.010412709
975 0 14 11 0.010408774
962 55 62 141 0.010405834
158 1366 123 151 0.010395968
799 205 130 184 0.010393052
859 0 30 21 0.010392964
709 0 30 21 0.010392219
861 180 128 182 0.010391775
238 33 122 169 0.010385917
112 1051 131 169 0.010373282
634 616 103 125 0.010371828
770 932 127 159 0.010364473
962 356 62 136 0.010357273
722 463 112 153 0.010355334
148 1173 123 160 0.01034886
833 389 121 168 0.010347424
28 813 122 169 0.010344871
26 1212 113 151 0.01034339
662 791 111 137 0.010339975
746 425 118 165 0.010338772
122 1237 112 148 0.010337358
835 1082 116 162 0.01033682
656 891 117 141 0.010327589
555 8 207 232 0.010314318
889 0 30 21 0.010311699
634 0 31 21 0.01030617
505 780 116 146 0.010300863
0 1264 36 95 0.010300048
621 1050 210 266 0.0102997115
684 910 124 155 0.010281567
531 177 129 179 0.010280664
549 903 113 155 0.010274141
0 0 14 17 0.010268879
562 116 130 183 0.010268463
97 0 30 22 0.0102640325
813 724 119 166 0.010256369
837 1377 112 133 0.010248206
447 1017 183 259 0.0102460785
1022 676 2 52 0.010239121
362 775 97 126 0.0102362735
82 0 30 22 0.010229035
618 436 187 231 0.010226388
531 26 130 180 0.010224786
606 1184 107 143 0.0102203265
1001 613 23 91 0.010211001
273 674 112 141 0.01020438
748 1479 113 61 0.010202506
621 634 67 75 0.010192985
234 1118 239 290 0.010185837
183 32 116 158 0.010179675
328 471 351 429 0.010167442
0 1149 34 93 0.01016299
897 977 115 155 0.010162935
226 1051 133 171 0.010161656
188 1329 112 148 0.010158013
15 0 14 11 0.010153477
660 126 236 321 0.010151691
679 85 130 183 0.010138008
440 285 192 269 0.010136727
321 0 30 21 0.010135268
748 823 120 141 0.010134906
51 1021 129 168 0.010134249
359 637 116 151 0.01013269
904 0 30 22 0.010131692
724 362 118 161 0.010127086
650 27 133 182 0.010126399
749 762 115 146 0.010121807
475 75 240 308 0.010116278
201 983 131 173 0.0101147005
809 462 120 161 0.010108606
772 386 120 168 0.010105849
193 351 186 277 0.010098943
94 1207 111 148 0.010094891
512 303 169 220 0.010093882
23 157 196 283 0.010090842
0 1528 14 12 0.010090563
277 595 109 131 0.010080686
996 1179 28 94 0.010075338
803 1030 126 162 0.010073854
135 29 86 109 0.0100721745
524 313 365 431 0.010062387
93 1263 113 148 0.010043174
861 904 91 81 0.010042987
0 252 35 96 0.0100315055
384 1212 127 155 0.010031038
368 346 92 163 0.010030839
316 1117 128 160 0.01002901
576 1476 103 64 0.010026464
200 527 110 120 0.010021313
652 145 128 182 0.010019699
564 1128 184 246 0.010017578
442 1208 126 160 0.010015384
999 436 25 89 0.010014623
421 641 117 150 0.010012719
502 1369 78 103 0.0100064175