13_Interview_Interview_On_Location_13_852
265
260 194 231 290 0.88867074
826 0 198 207 0.04459149
241 289 245 322 0.03933485
0 0 152 205 0.038693152
0 514 147 254 0.037631255
820 515 204 253 0.036306646
400 0 284 193 0.034904692
667 0 305 215 0.033883568
0 0 100 135 0.03336389
221 0 279 198 0.03235797
364 170 271 347 0.03214581
327 0 234 152 0.030309068
221 429 284 339 0.029664548
595 0 252 167 0.029268838
260 0 193 122 0.028027806
0 400 105 255 0.027631471
154 0 232 153 0.027548013
760 242 264 424 0.027538544
651 513 312 255 0.027453255
308 520 280 248 0.027021874
168 398 210 254 0.026972719
305 104 217 301 0.026335865
41 0 279 205 0.026315065
120 527 294 241 0.026224451
521 0 205 137 0.02612207
0 265 142 365 0.026104575
791 70 233 427 0.025413247
301 0 266 303 0.024969669
845 224 12 15 0.02495754
899 0 125 113 0.024865743
0 72 156 393 0.02444743
284 125 160 209 0.024107529
919 677 105 91 0.023623718
544 223 8 11 0.023304269
493 539 290 229 0.023271326
250 584 206 184 0.022837227
627 188 47 29 0.022824537
395 25 284 355 0.02261232
176 72 282 374 0.022036634
552 224 8 10 0.02196737
0 227 100 270 0.021354938
48 562 242 206 0.021141708
445 597 191 171 0.021095276
623 594 213 174 0.020821864
849 385 175 305 0.02071618
313 346 232 308 0.020705244
491 0 279 272 0.020564033
0 404 69 168 0.020389203
131 0 279 301 0.02015973
0 45 108 268 0.02013273
719 0 171 125 0.02008477
448 64 186 237 0.01990314
64 92 262 357 0.019653112
0 639 85 129 0.019210609
458 0 155 109 0.019022167
0 0 66 83 0.018994521
0 0 39 55 0.018926613
63 396 222 294 0.018726261
365 0 149 106 0.018274235
58 264 255 340 0.018261923
250 567 125 149 0.018125053
353 0 104 75 0.017874805
650 0 135 100 0.017850747
199 0 133 97 0.017678997
496 106 271 355 0.017620485
959 0 65 63 0.017152453
440 305 183 245 0.017067919
704 0 111 79 0.016737634
425 0 126 87 0.016625728
779 0 141 98 0.016557772
402 450 271 318 0.01655455
525 0 111 76 0.016518917
631 279 183 242 0.016507458
747 0 113 77 0.016465377
572 6 307 350 0.01645826
172 0 109 77 0.01623815
16 0 136 100 0.015969655
126 644 185 124 0.015964411
596 241 311 372 0.015964005
112 441 89 138 0.015739886
615 0 111 76 0.01569443
445 413 179 237 0.015683603
567 0 113 78 0.015562456
539 236 184 244 0.015407376
209 183 165 211 0.015394116
379 404 117 136 0.015280278
0 0 25 35 0.015275189
548 224 10 10 0.015212519
314 650 172 118 0.015171601
505 257 263 347 0.015105993
157 299 161 208 0.0150884045
82 222 193 257 0.015029443
917 89 107 164 0.0149812065
969 722 55 46 0.014824795
249 0 113 77 0.014670896
351 269 183 225 0.014606988
678 136 277 335 0.014535746
837 0 115 77 0.0145060355
72 677 132 91 0.014422998
918 406 106 174 0.014347774
180 449 118 137 0.014325708
0 0 10 13 0.014279084
343 694 115 74 0.014243531
108 0 152 105 0.014227292
108 364 153 218 0.014194229
875 290 149 254 0.014076146
303 0 111 71 0.014074451
216 461 109 159 0.014068781
24 667 123 101 0.01404467
877 233 16 21 0.013966546
296 690 123 78 0.013930527
920 552 104 174 0.013895904
0 213 7 17 0.013871219
540 643 175 125 0.013844335
887 198 137 237 0.013781993
157 205 166 230 0.013744893
17 428 116 155 0.013733247
203 687 127 81 0.013717832
701 623 194 145 0.013697841
695 380 240 292 0.0135936225
29 22 187 256 0.013581022
994 0 30 33 0.013486476
849 226 12 15 0.013454385
803 632 185 136 0.013351884
845 79 179 238 0.013289465
70 568 20 37 0.0132823335
67 0 132 90 0.013236463
239 668 155 100 0.013204197
0 39 76 175 0.013192079
311 357 165 171 0.013186583
674 38 184 232 0.0131704025
0 169 86 215 0.013099037
628 469 190 259 0.013030101
743 279 212 260 0.013010376
0 330 59 167 0.012936286
666 236 12 12 0.012889342
691 672 134 96 0.012838484
532 408 188 245 0.012816255
370 0 65 42 0.012753386
518 683 127 85 0.012655722
584 181 173 212 0.0126433745
392 693 110 75 0.012622484
126 464 132 134 0.0125923185
0 44 5 14 0.012540577
0 471 39 75 0.01251871
798 231 9 10 0.012489074
1011 0 13 16 0.012488312
266 415 189 228 0.012482271
0 0 16 21 0.0124467965
843 229 10 12 0.012422126
396 721 46 47 0.012359683
1021 256 3 16 0.012346988
249 203 104 148 0.012282076
0 74 5 12 0.012236976
993 747 31 21 0.012201786
80 444 82 140 0.01220093
596 137 251 307 0.0121976035
0 746 21 22 0.012100542
278 0 22 16 0.012035177
50 140 175 247 0.012031801
317 501 166 196 0.011987994
134 506 175 207 0.0119704055
0 698 43 70 0.011893935
570 0 38 31 0.011877089
373 337 118 154 0.011870316
895 250 8 9 0.011845776
45 0 89 59 0.011792134
787 680 129 88 0.011769266
838 8 120 152 0.011713636
260 124 118 151 0.011708999
441 503 94 198 0.011696653
924 190 100 153 0.011657921
612 683 122 85 0.011652878
217 403 96 140 0.011603804
436 683 120 85 0.011595796
767 59 170 203 0.011577802
652 36 131 161 0.011519392
0 103 51 140 0.011502703
33 255 8 10 0.01149555
1022 255 2 11 0.011430697
540 221 14 17 0.011421404
845 222 8 13 0.011373737
1019 577 5 19 0.011349072
398 17 59 73 0.011341137
1020 253 4 13 0.011300856
386 206 107 177 0.011259684
0 6 6 15 0.011250124
0 753 13 15 0.01118967
365 115 142 186 0.011143819
0 722 27 46 0.011143095
394 0 90 61 0.011122488
450 0 82 58 0.0111218
637 368 174 247 0.011075038
611 203 114 135 0.011049395
701 90 123 156 0.011027546
0 241 56 148 0.011021873
0 265 5 12 0.011017009
800 239 9 10 0.011000237
607 287 126 159 0.010933352
410 623 8 10 0.010910114
769 756 44 12 0.010863737
94 393 88 145 0.010831737
73 0 21 15 0.010791428
84 432 135 207 0.010784933
249 372 155 173 0.010723764
374 612 155 156 0.010714594
0 24 29 75 0.010710195
714 92 182 230 0.0107023
117 474 62 85 0.010699179
495 0 86 55 0.0106722675
223 4 53 83 0.010659286
593 187 61 34 0.010639731
97 36 25 30 0.0106364265
370 456 148 192 0.01063381
0 724 11 27 0.010543969
646 193 32 27 0.010541391
797 235 10 9 0.0105254855
190 90 176 230 0.010510877
633 126 175 204 0.010497288
662 233 13 13 0.010481522
0 18 6 15 0.010473284
29 257 115 138 0.010456019
570 289 114 149 0.010445215
0 95 7 15 0.010442193
541 140 165 193 0.010437611
265 328 111 156 0.010412639
657 357 120 160 0.010403176
687 7 110 149 0.010398621
668 239 12 15 0.0103974985
514 29 152 180 0.0103961155
799 27 107 153 0.010372026
56 10 133 150 0.010367787
175 242 104 148 0.010366464
558 212 9 10 0.01033969
980 325 44 91 0.0103135295
401 383 160 211 0.010312848
0 38 5 13 0.0102951145
601 35 132 157 0.010291487
549 206 9 12 0.010280232
12 329 118 197 0.010252244
0 537 72 189 0.010232298
25 139 129 180 0.0102272825
1018 597 6 20 0.010217112
826 0 23 16 0.010212905
815 0 23 16 0.010199877
55 527 17 23 0.010193495
0 79 4 13 0.01018748
860 229 16 20 0.0101791695
14 0 55 37 0.010155358
92 0 84 56 0.0101538235
737 217 10 10 0.010145196
837 0 23 16 0.010137509
984 15 40 78 0.010137467
849 221 9 14 0.010126816
31 0 71 45 0.010123059
471 480 83 176 0.010119648
553 330 156 203 0.0101057645
611 188 60 53 0.010089062
660 232 9 12 0.0100875
121 231 116 156 0.010086933
459 0 19 15 0.010066946
68 0 40 28 0.010062745
804 0 23 16 0.010023467
758 284 14 20 0.010022962
808 378 172 219 0.010019163