13_Interview_Interview_On_Location_13_539
369
429 649 427 604 0.8736328
0 0 205 268 0.045111917
762 0 262 271 0.044754516
745 696 279 508 0.043091238
467 887 434 479 0.04145941
0 422 16 26 0.03932488
396 635 293 393 0.038930252
0 1048 204 318 0.038394947
0 0 132 177 0.038256522
6 672 362 538 0.037332527
206 683 429 548 0.03688195
838 1148 186 218 0.035326205
155 0 418 289 0.03468821
447 457 334 514 0.033653527
394 837 296 403 0.03250593
391 0 418 279 0.032079104
845 670 179 342 0.03190771
78 0 341 230 0.031270288
508 490 457 631 0.031110983
211 0 288 189 0.030364934
546 0 343 225 0.02920994
0 935 28 60 0.028249975
332 0 293 185 0.027882531
37 1055 398 311 0.027625762
50 0 425 504 0.02704458
0 870 158 360 0.027017405
686 931 242 376 0.02672565
608 1024 416 342 0.0266905
899 0 125 157 0.026599977
0 873 316 493 0.026531488
765 78 259 540 0.026317785
276 1019 427 347 0.025555678
703 1139 266 227 0.025552657
0 93 203 537 0.025352642
929 1197 95 169 0.02499541
842 881 182 347 0.024922289
559 1078 294 288 0.024230301
248 0 449 478 0.024117302
0 454 241 557 0.024085635
769 463 255 529 0.02358501
509 0 421 472 0.022818293
0 51 133 361 0.02275869
330 1146 284 220 0.022687599
193 1134 325 232 0.022377776
0 305 139 345 0.0221196
824 802 135 165 0.02171586
0 407 4 10 0.021704448
0 651 158 392 0.02167687
0 376 184 434 0.021208383
0 238 328 539 0.020897998
657 539 299 420 0.020892855
315 690 242 343 0.020164944
0 0 88 116 0.019907935
863 116 161 361 0.019596033
576 681 306 411 0.019336035
224 872 285 368 0.01921155
180 453 411 593 0.019027445
0 398 19 46 0.018907657
410 681 169 244 0.018678136
361 435 287 411 0.018563556
0 1175 117 191 0.018412331
399 760 198 301 0.018358855
406 930 167 250 0.017935654
775 806 130 198 0.017868178
822 297 202 369 0.017739963
141 0 220 156 0.017734455
377 83 426 593 0.017684862
0 1044 125 188 0.017585525
5 428 14 21 0.017571859
1006 1322 18 44 0.017370502
970 1271 54 95 0.016829226
146 179 425 597 0.016698036
650 257 374 562 0.016669517
497 618 216 247 0.016561802
703 713 210 332 0.016296938
956 0 68 84 0.016153973
327 876 182 257 0.016139911
958 859 25 26 0.016074674
884 16 140 314 0.016062295
894 504 130 316 0.015843352
472 1049 285 291 0.015816897
1020 1340 4 26 0.015545953
1001 0 23 44 0.015516439
912 889 36 45 0.015481107
0 407 6 16 0.0154361585
521 314 350 493 0.015254573
0 1093 83 168 0.015192226
1022 1344 2 22 0.015160192
948 585 17 22 0.01507128
922 874 102 228 0.0150276655
0 0 59 70 0.014985422
6 424 23 28 0.014907052
918 236 106 242 0.0148675125
39 913 14 17 0.014838674
779 973 218 351 0.014698844
190 189 253 338 0.014632667
0 1009 9 22 0.01458695
674 1065 190 224 0.014586361
754 1011 154 242 0.014581943
219 0 154 106 0.014511624
0 925 58 74 0.014490599
0 416 10 23 0.014475479
57 524 296 418 0.014322035
431 1086 37 48 0.014321697
0 412 26 65 0.014298946
53 1150 233 216 0.014259627
0 910 6 18 0.014256946
0 830 6 15 0.014229313
0 399 6 16 0.014197794
655 1078 18 23 0.014142119
0 432 11 17 0.0141076455
1022 0 2 21 0.014105965
0 428 20 35 0.014096128
0 0 14 18 0.014096041
0 385 70 186 0.014066821
235 758 231 308 0.01406633
229 538 265 382 0.014054164
24 1046 15 18 0.01399657
945 599 79 221 0.013938061
482 1167 230 199 0.0137910005
284 114 269 354 0.01374034
559 543 256 307 0.013658453
23 0 175 132 0.013604939
324 0 188 125 0.013557555
96 0 177 121 0.013547219
927 1093 97 227 0.013543973
0 933 9 17 0.013532865
1010 0 14 29 0.013465625
0 361 13 33 0.013426194
0 984 80 196 0.0133639285
280 0 152 100 0.013354478
0 392 32 62 0.013263617
1 828 77 110 0.0132117355
698 1202 170 164 0.013143638
734 0 219 145 0.013131544
490 0 228 158 0.013062331
603 0 222 155 0.013034043
0 577 111 277 0.013030871
128 47 265 344 0.01302123
737 869 174 282 0.012972167
452 338 289 390 0.012956998
905 402 119 290 0.012904211
889 890 49 41 0.012858134
780 777 199 281 0.012823507
0 60 85 211 0.012822519
398 52 267 338 0.012790395
112 723 251 332 0.012787329
77 335 21 25 0.0127822
569 1202 188 164 0.012769317
15 433 15 17 0.012736346
3 800 130 206 0.012708249
0 939 18 41 0.012703447
911 621 113 314 0.012688169
0 444 110 285 0.0125648705
221 1337 54 29 0.01252067
528 47 251 328 0.012471691
0 617 7 16 0.012390721
504 1108 17 33 0.012388111
38 1026 22 15 0.012372579
322 989 191 263 0.012303827
522 1225 145 141 0.012294351
481 286 244 274 0.012286745
0 214 110 295 0.012274634
0 956 19 39 0.012218408
926 902 22 32 0.012176181
4 929 35 45 0.012163055
346 746 145 202 0.0121472515
654 65 256 335 0.0121284565
0 915 72 195 0.012123632
179 0 122 89 0.012123376
625 1139 174 182 0.012093356
0 1155 32 43 0.012090215
939 837 85 161 0.012043394
132 257 250 336 0.012034305
52 118 249 350 0.01203118
0 376 7 18 0.01200673
329 601 195 268 0.011977687
879 851 70 78 0.011977467
644 1228 152 138 0.011961922
824 0 149 99 0.011951249
11 431 13 19 0.011926005
230 1348 35 18 0.011907367
210 281 292 390 0.011903127
385 1048 207 255 0.01187389
243 1349 20 14 0.011844278
599 134 235 308 0.011812108
0 0 28 36 0.011807043
0 1346 13 20 0.011730061
0 290 13 33 0.011699144
993 0 31 88 0.011687917
3 417 16 25 0.011655564
0 354 7 16 0.011652333
12 812 210 320 0.0116447
340 1221 154 145 0.011639242
217 1206 156 160 0.011630729
0 427 8 16 0.011630308
171 634 243 301 0.011626277
992 1295 32 71 0.011619564
0 903 7 19 0.0116004655
446 0 184 122 0.011572072
477 132 244 309 0.011551075
240 72 237 307 0.011544825
153 1201 161 165 0.011512612
403 0 147 97 0.011474435
361 544 29 48 0.011445989
365 0 30 22 0.011430967
350 0 14 11 0.011399109
62 492 213 306 0.011393413
342 309 275 377 0.011378571
218 1355 15 11 0.011357695
676 212 240 305 0.011345142
400 1223 149 143 0.011340047
0 724 86 223 0.011302778
320 0 15 10 0.011258735
687 0 177 120 0.011256703
410 0 29 22 0.01120746
0 332 6 19 0.011173612
599 378 10 12 0.011164534
0 396 11 30 0.011161643
485 0 29 21 0.011158569
0 918 6 16 0.011157208
460 1224 145 142 0.011112926
0 926 15 31 0.011094687
75 666 207 294 0.011084062
632 0 31 21 0.011079586
48 0 15 11 0.011073674
594 292 240 274 0.011069163
127 791 65 48 0.011066291
279 1213 157 153 0.011061513
144 658 162 219 0.011047408
37 1001 221 267 0.011041381
603 0 29 22 0.01100722
577 0 15 11 0.011001409
328 0 14 11 0.010999561
835 885 72 89 0.010987878
313 0 14 10 0.010963917
11 946 37 47 0.0109567335
37 0 77 83 0.01095368
986 581 18 27 0.0109341815
36 904 16 21 0.010926355
246 1355 15 11 0.010899315
439 0 15 10 0.010886488
420 0 15 11 0.010884079
0 1270 55 96 0.0108590815
20 400 67 122 0.0108480295
629 0 15 11 0.0108463485
81 386 68 77 0.010839494
41 0 14 11 0.01082889
788 1092 134 265 0.010828755
0 623 66 182 0.010827309
343 0 14 10 0.010824354
406 206 253 298 0.010818256
718 610 157 190 0.01081361
765 0 144 94 0.010809071
469 0 30 21 0.0108078215
405 0 15 10 0.010803205
0 496 68 185 0.010801043
0 1320 28 46 0.010789289
603 0 15 11 0.010781999
963 862 26 34 0.01077459
438 1101 36 47 0.010770432
431 0 15 10 0.010763348
569 0 15 11 0.010745984
275 0 15 10 0.010745568
42 431 10 13 0.010745234
36 433 170 233 0.010737443
305 0 29 21 0.010724744
290 0 15 11 0.0107227815
584 0 15 11 0.010717682
413 0 15 11 0.010709399
0 907 13 32 0.010697728
0 356 26 66 0.010697711
0 0 8 11 0.010693367
544 0 29 21 0.010691436
750 483 14 13 0.010678084
647 0 31 21 0.01066279
0 940 8 19 0.010647134
455 564 181 237 0.010620837
429 1089 19 27 0.010618493
874 888 70 94 0.010614816
0 394 46 117 0.010597372
636 0 15 10 0.010588956
253 0 15 10 0.010587796
592 0 15 10 0.010582496
0 617 5 10 0.010578598
0 877 74 112 0.010574991
74 0 14 10 0.010569169
351 0 30 21 0.010566896
424 0 30 21 0.010564639
357 0 15 10 0.010562378
0 307 14 37 0.010561926
0 432 29 77 0.010559309
945 592 28 42 0.01054886
8 422 10 17 0.010547858
0 196 73 190 0.010538486
447 0 14 10 0.01052879
29 0 15 10 0.010528668
677 0 15 11 0.010523077
0 274 12 33 0.0105123045
268 0 15 10 0.010509283
298 0 14 10 0.010505519
0 860 34 71 0.010490041
500 0 29 20 0.010489061
283 0 15 10 0.010484786
912 0 15 11 0.010470822
260 0 15 11 0.010457096
904 0 15 11 0.010454572
969 848 55 107 0.010454241
380 0 30 22 0.010447568
455 0 29 21 0.010440485
291 0 29 22 0.010439542
610 0 15 11 0.010437495
461 0 15 11 0.010437311
305 0 15 10 0.010436976
56 0 14 11 0.010428585
562 0 15 11 0.010423716
670 0 30 22 0.010415051
118 480 37 52 0.010404409
6 987 43 27 0.010400291
0 300 8 21 0.010377792
335 0 15 10 0.010376609
0 1015 5 15 0.0103597455
365 0 14 11 0.010355525
473 0 15 11 0.0103424955
93 444 84 88 0.010312987
398 0 15 11 0.010312909
38 0 26 21 0.010305609
655 0 15 11 0.010295873
781 1224 115 142 0.010268965
622 0 15 10 0.010264926
0 928 7 15 0.010264209
0 291 7 19 0.010258443
856 824 144 178 0.010249862
514 0 29 20 0.010247065
670 0 15 10 0.010243261
2 969 40 42 0.010241177
464 475 160 190 0.0102384295
246 0 14 10 0.010222409
529 0 29 21 0.0102115
395 0 29 22 0.010206365
566 0 30 21 0.010205713
125 1082 212 254 0.010198761
806 1345 28 21 0.01019649
941 535 83 184 0.010175597
681 461 13 15 0.010160021
546 850 276 356 0.010154023
454 0 15 10 0.01014379
380 0 15 11 0.010135885
265 671 185 238 0.010135376
685 0 30 22 0.010113367
528 0 15 11 0.010101313
321 0 29 21 0.010092164
517 0 15 11 0.010092
17 931 22 21 0.010089825
582 0 148 100 0.010089608
526 0 147 97 0.010086485
43 916 16 17 0.010080136
155 780 163 216 0.01007957
555 0 15 10 0.010068294
276 802 159 201 0.010053052
600 1275 113 91 0.010048924
480 0 15 11 0.010039883
516 1307 66 59 0.010036151
618 0 30 21 0.010035983
0 834 7 18 0.010035056
662 0 15 10 0.010026066
22 0 15 11 0.010023928
692 0 16 11 0.010010792
328 183 179 226 0.010008482