13_Interview_Interview_2_People_Visible_13_374
330
392 32 214 307 0.8465164
561 451 159 144 0.30409953
677 539 14 15 0.09858826
0 0 144 261 0.06836871
456 2 241 328 0.06745269
544 0 166 216 0.06561833
493 485 191 156 0.064923555
716 15 273 336 0.057618566
730 33 180 227 0.054113362
615 482 95 108 0.052471235
9 20 225 347 0.04422803
630 34 202 262 0.041583583
818 2 201 266 0.041257318
732 28 120 124 0.036904052
607 477 147 164 0.03653632
80 389 199 171 0.0352164
777 69 247 421 0.035197046
863 0 161 148 0.034815814
345 136 266 349 0.03401482
421 425 211 200 0.032665305
456 0 181 165 0.031784043
571 526 132 115 0.03173924
222 3 296 333 0.03172304
72 11 275 321 0.029561412
553 328 165 199 0.029378997
831 230 193 313 0.029163046
822 478 202 163 0.028628418
604 497 52 45 0.028469883
563 383 229 245 0.027917605
460 172 142 166 0.02783125
0 458 137 183 0.027801516
673 539 12 18 0.027588705
112 407 91 83 0.02735747
87 368 304 239 0.027271023
608 107 256 341 0.026759472
245 446 299 195 0.02657973
0 0 101 160 0.02650629
668 537 27 25 0.026499357
295 0 233 185 0.02613247
609 446 89 103 0.025890108
545 564 108 77 0.024621883
0 519 91 122 0.024610972
706 136 193 272 0.024501726
385 518 200 123 0.024381919
531 102 181 239 0.02378002
623 557 95 84 0.023465548
678 162 282 390 0.023421625
248 369 39 40 0.02332789
30 462 273 179 0.023270542
774 0 211 165 0.023200424
634 438 113 122 0.023138603
643 435 164 173 0.023063835
117 430 42 60 0.023039004
586 0 254 184 0.022814145
0 89 120 260 0.022673313
651 492 84 108 0.02265873
656 470 269 171 0.022482669
196 328 212 197 0.021953091
215 506 204 135 0.020995265
385 99 146 198 0.020601848
29 0 229 186 0.02045931
676 541 10 11 0.020265982
584 227 257 319 0.020188687
629 0 172 115 0.02018038
946 578 78 63 0.020135239
18 376 169 208 0.019906193
420 207 262 322 0.019891966
514 72 129 195 0.019838575
235 222 303 322 0.019492831
609 509 60 62 0.01940468
141 512 202 129 0.019365137
215 353 16 22 0.01925302
72 143 290 337 0.018990455
501 421 170 153 0.018942025
428 223 165 175 0.018660128
908 53 70 88 0.018648507
372 172 194 189 0.018646043
792 332 191 243 0.018579701
654 532 44 39 0.01844098
178 142 300 329 0.018289473
265 365 221 233 0.018187732
623 529 63 48 0.01811146
706 525 175 116 0.018015571
854 372 170 232 0.017842455
96 418 82 94 0.017700585
787 530 178 111 0.017636565
789 30 108 125 0.017550541
640 519 64 84 0.017438661
983 600 41 41 0.017420072
255 368 27 24 0.017412534
600 185 173 244 0.017356876
622 292 167 214 0.017182657
7 278 169 231 0.01718256
1019 0 5 15 0.017120056
565 472 108 92 0.01708798
978 0 46 49 0.016977636
407 0 151 124 0.016794443
228 0 181 118 0.016640725
124 0 229 155 0.015830096
1022 0 2 9 0.015827883
673 532 16 19 0.015510871
36 0 154 124 0.015338713
0 0 87 76 0.015322983
242 349 54 65 0.015317777
746 0 98 97 0.015306063
659 527 54 58 0.01523834
1007 0 17 27 0.015165966
923 0 101 101 0.015130287
279 105 175 230 0.015106836
1017 29 7 47 0.015048998
579 0 119 108 0.015008906
882 549 141 92 0.014993456
536 154 102 151 0.014992353
0 364 91 229 0.014972342
462 565 107 76 0.014959336
681 543 13 14 0.0149576245
637 478 54 55 0.014950113
0 0 37 44 0.014774192
634 495 28 28 0.014763408
712 258 186 253 0.0147506595
0 577 48 64 0.0147373
493 0 118 90 0.014672908
239 161 148 217 0.014449938
133 379 97 91 0.0144234495
749 611 11 11 0.014327535
751 52 55 78 0.01427703
16 150 174 263 0.014136792
654 554 113 87 0.014110015
1018 11 6 38 0.014064463
627 308 117 126 0.014030298
709 365 178 216 0.013782744
0 24 62 117 0.013771467
1018 59 6 51 0.013750066
838 45 125 120 0.013705745
494 185 174 201 0.013482029
862 572 104 69 0.013396508
1008 622 16 19 0.013386936
1020 0 4 33 0.013360537
0 171 96 252 0.013349717
468 0 96 67 0.013344491
999 611 25 30 0.013341698
190 114 160 238 0.013318968
0 0 9 11 0.013262664
674 539 7 11 0.013199265
759 0 73 51 0.013198172
31 37 110 126 0.013090557
0 53 83 187 0.01305341
683 541 10 10 0.012964907
231 67 165 245 0.01291309
626 499 27 27 0.012897677
129 440 93 105 0.012894779
606 59 135 212 0.01287782
792 0 86 92 0.0128101455
431 0 96 63 0.012803121
730 65 92 131 0.012775714
421 49 140 205 0.012756847
161 0 14 12 0.012738727
711 115 97 138 0.012727276
0 0 19 21 0.012713827
539 0 114 83 0.012697666
959 148 15 15 0.012664432
107 131 174 253 0.012637055
0 608 26 33 0.01260066
634 0 77 53 0.012594683
1015 587 9 50 0.012568552
978 41 46 108 0.012538692
848 433 118 144 0.01252572
325 0 148 107 0.01249669
706 27 90 120 0.0124557465
904 80 120 223 0.012414046
68 0 98 65 0.0123233115
921 60 48 53 0.012303797
184 0 18 11 0.012273802
874 289 99 145 0.012269078
923 327 101 201 0.012196143
681 537 8 11 0.012192257
184 418 22 30 0.012173878
847 160 8 10 0.012137969
149 469 94 110 0.012115366
126 0 145 100 0.012106154
256 242 113 152 0.012085678
113 0 19 12 0.012058804
551 136 26 28 0.012021495
19 0 35 27 0.012007786
499 232 27 34 0.011999372
263 0 20 14 0.011994981
599 331 107 113 0.011927354
262 367 19 16 0.011884927
912 217 112 239 0.011839831
638 130 150 214 0.011831008
176 0 15 11 0.011825224
719 0 72 48 0.011755216
1020 27 4 34 0.011731883
595 0 81 53 0.011718901
651 462 66 88 0.011693356
813 62 110 127 0.011689021
1018 576 6 44 0.0116799455
24 0 19 13 0.01162128
415 215 115 128 0.0116083305
747 577 101 64 0.011594561
174 395 44 52 0.011546632
679 0 73 51 0.011487402
229 425 170 182 0.01147815
36 93 130 182 0.011471754
814 394 129 160 0.01146806
277 0 20 13 0.011460046
588 86 92 145 0.011448712
842 161 100 123 0.011433783
808 451 94 121 0.011425622
818 5 110 102 0.0114191
654 535 30 25 0.011390188
785 573 106 68 0.011370012
708 578 96 63 0.011368761
109 0 30 18 0.01136308
546 18 104 143 0.011354407
591 456 46 31 0.0113493735
44 542 151 99 0.011339246
260 0 77 52 0.011322958
1020 90 4 44 0.011312502
18 34 70 92 0.0113115525
290 446 98 126 0.011274743
973 165 51 112 0.011268328
239 370 77 98 0.011244452
152 0 94 63 0.011241801
433 0 17 12 0.011240785
39 0 79 53 0.0112373885
0 207 9 21 0.011207643
891 47 63 76 0.011202264
631 538 39 32 0.011192847
320 529 162 112 0.011184624
943 440 81 136 0.011179574
165 0 17 11 0.011179389
1020 43 4 42 0.011171041
384 565 110 76 0.011161334
1021 9 3 30 0.011141622
754 87 111 131 0.011133554
378 0 121 82 0.011124915
1017 483 7 45 0.011118257
524 253 158 188 0.011113
240 0 17 13 0.011097419
1020 127 4 40 0.011090792
737 134 109 133 0.011069983
250 449 96 123 0.011068169
288 0 19 13 0.011059287
324 210 177 179 0.011050099
192 0 20 13 0.011049464
365 0 15 12 0.011029425
1019 141 5 40 0.01102615
198 396 155 162 0.01101526
1014 39 10 57 0.010971109
509 546 96 95 0.010935105
151 406 85 96 0.0109032905
1021 35 3 31 0.0108426865
656 381 103 126 0.010822125
98 0 121 81 0.01081886
970 0 16 11 0.010785605
589 1 34 24 0.010774351
240 283 69 116 0.010745415
661 546 58 79 0.010726423
169 499 96 111 0.010709255
83 277 153 190 0.010706554
222 165 106 149 0.010703838
308 0 18 13 0.010693237
427 456 100 120 0.010689124
1017 162 7 51 0.010681931
301 0 73 52 0.010681427
929 22 95 164 0.010657675
263 314 93 100 0.010651935
284 224 152 184 0.010635691
797 142 109 125 0.010629374
1022 11 2 25 0.010615659
353 427 161 188 0.010603045
249 340 124 117 0.010595734
776 125 166 206 0.010593923
1022 0 2 24 0.010584635
1018 532 6 41 0.010580511
113 55 160 218 0.010574595
695 459 97 117 0.010566991
216 555 132 86 0.010566005
673 296 108 130 0.010549835
148 575 102 66 0.010521063
188 574 104 67 0.01051137
1018 245 6 44 0.0104976585
982 0 20 13 0.01049287
1017 458 7 39 0.010491929
1020 75 4 39 0.010460455
30 162 97 127 0.010459521
606 457 31 20 0.010458708
266 489 98 125 0.0104443105
123 0 19 12 0.01044242
70 342 135 156 0.01043814
112 491 94 118 0.010432543
600 0 18 14 0.010409909
1021 60 3 39 0.01037006
875 3 101 100 0.010369081
1018 508 6 43 0.010351528
773 52 74 85 0.010338879
1015 69 9 50 0.0103299115
108 575 102 66 0.010327676
663 0 61 41 0.010324845
1022 23 2 26 0.010320161
666 540 13 18 0.010288952
622 237 115 164 0.010228302
520 0 73 51 0.010221703
26 569 103 72 0.010218482
229 0 18 12 0.010212001
188 0 96 62 0.0102086915
296 0 21 13 0.010200178
685 598 62 43 0.010191877
274 320 164 167 0.010180351
943 496 81 128 0.010176581
275 42 90 118 0.010172235
341 434 103 122 0.010146558
324 468 101 125 0.010137978
623 150 104 160 0.010137865
365 473 102 119 0.01012083
1019 547 5 39 0.010116758
426 544 101 97 0.010106432
946 125 78 141 0.010089588
466 466 96 122 0.010071528
373 0 17 12 0.010063934
1009 16 13 13 0.0100618545
75 500 88 108 0.010060288
63 59 105 126 0.010026768
349 0 97 66 0.010019015
671 208 163 211 0.010012402
1020 109 4 39 0.0100121545
248 0 18 13 0.010010466
680 531 19 21 0.01000668
25 0 64 42 0.010000507