10_People_Marching_People_Marching_2_256
1679
328 217 64 74 0.8060094
816 149 61 68 0.7992474
449 215 84 95 0.7928424
710 146 49 56 0.77945715
956 161 51 55 0.777198
176 179 88 103 0.75923485
143 228 59 77 0.6948565
571 244 73 74 0.63245314
0 263 51 123 0.25858742
155 190 75 101 0.119763665
150 238 80 100 0.08491289
823 2 43 76 0.08077267
946 111 57 79 0.0805003
947 99 46 58 0.075984634
157 405 36 43 0.066949904
774 0 46 31 0.061978158
527 228 89 95 0.05928725
54 430 74 95 0.05922273
1012 143 12 42 0.05783205
566 187 73 111 0.05768649
1 182 66 134 0.05595999
514 0 45 35 0.054377038
780 172 28 33 0.05343256
295 195 74 91 0.05330161
786 162 25 30 0.05266744
0 516 24 39 0.04870787
213 184 88 99 0.048269294
0 320 36 77 0.047252063
995 134 29 55 0.046847414
979 148 45 63 0.0467554
522 0 33 19 0.04573255
951 71 70 93 0.045609154
67 438 43 66 0.04508441
18 0 22 12 0.044852536
598 240 74 80 0.044823468
6 237 105 158 0.044370864
941 168 50 53 0.043969072
782 168 20 23 0.04317818
15 295 63 99 0.04303747
782 171 13 16 0.04239108
977 106 47 79 0.041896623
157 136 128 169 0.041813247
3 315 65 120 0.040842958
131 163 76 111 0.0405371
983 0 28 26 0.039557368
778 179 15 17 0.039468884
515 197 87 101 0.03912987
703 157 60 75 0.03903798
914 29 41 56 0.038820367
168 220 51 64 0.03871058
181 115 84 127 0.038640935
135 238 42 57 0.03837853
186 223 62 73 0.038220126
781 0 55 52 0.037942015
799 163 55 58 0.037686273
333 176 67 100 0.03705573
928 65 60 86 0.03688661
0 0 36 44 0.036731
409 225 84 96 0.03664805
46 429 50 69 0.03641691
1 190 46 78 0.03635074
447 159 78 121 0.03631702
794 159 38 42 0.03596495
790 168 16 20 0.035881214
852 0 38 27 0.03532582
797 15 58 68 0.03517946
932 184 47 53 0.035150677
986 1 38 53 0.035118625
753 152 39 51 0.03506079
913 60 42 65 0.034655277
130 249 67 89 0.034356426
971 115 9 9 0.034259398
1018 131 6 14 0.03399318
472 198 89 102 0.0335725
0 504 42 52 0.03350688
139 198 47 79 0.033438362
803 86 70 97 0.033305313
836 166 48 53 0.033234376
397 52 25 36 0.033147912
577 275 72 84 0.032806654
906 0 19 18 0.03263868
935 130 46 60 0.03261683
250 210 44 64 0.032535307
841 53 23 31 0.03244883
871 9 49 58 0.032419465
798 131 62 75 0.032332163
360 325 45 53 0.032230996
918 88 40 58 0.03189081
70 447 83 103 0.031878233
564 138 67 114 0.0317427
171 192 45 63 0.031638198
182 421 7 10 0.031513453
714 171 41 46 0.031166892
10 455 85 101 0.031160977
840 29 26 50 0.031146044
807 92 16 18 0.031025209
987 93 37 63 0.030996189
550 262 78 76 0.030947855
504 0 64 58 0.030915882
769 144 59 72 0.030871449
19 239 68 107 0.030776279
227 214 86 101 0.030484661
0 3 22 30 0.03046167
914 30 61 89 0.030368408
155 221 38 56 0.030348545
0 254 38 76 0.030227635
207 0 53 53 0.030187028
716 119 54 73 0.03017408
842 0 182 179 0.029932663
167 212 119 142 0.02988047
728 1 50 55 0.029421765
90 189 86 120 0.029366923
956 177 68 89 0.029333873
321 248 74 90 0.029258773
15 0 48 46 0.029032338
413 0 52 41 0.028996583
785 174 36 46 0.02897872
353 232 68 77 0.028840069
3 283 42 65 0.028714148
833 0 44 54 0.02867044
161 403 50 62 0.028666796
933 0 91 92 0.0286494
10 157 117 167 0.028640537
269 201 60 78 0.028546372
267 0 68 59 0.02851755
938 37 71 102 0.028453328
694 250 41 47 0.028424563
162 254 51 56 0.028370865
1 67 39 60 0.028298575
749 0 48 49 0.028131055
788 147 33 44 0.027961738
586 163 78 108 0.027811408
827 181 46 47 0.027780538
780 177 11 12 0.027681367
993 189 31 53 0.02730618
833 135 55 69 0.02714167
210 204 51 71 0.026804991
377 43 47 67 0.026722347
740 125 59 75 0.026524328
11 0 32 22 0.026486613
757 182 15 16 0.026470903
472 0 53 45 0.02646583
742 157 58 72 0.026448034
817 179 67 81 0.026379861
793 184 47 55 0.026107034
122 212 49 71 0.026106503
78 414 67 83 0.026093591
327 198 51 65 0.025969608
278 379 128 173 0.025961058
644 5 46 57 0.02577394
859 143 60 76 0.02572124
930 415 94 141 0.025707886
137 9 213 280 0.02561491
687 174 61 75 0.025606912
97 463 85 93 0.025455225
495 0 49 31 0.025444275
653 32 28 34 0.025409628
529 263 57 63 0.02512268
75 415 42 58 0.02499707
911 188 43 51 0.024808327
772 181 29 35 0.024729535
927 9 46 53 0.024702864
447 221 46 70 0.02468864
242 162 137 151 0.024669962
624 225 80 97 0.02461318
320 44 66 94 0.024527442
990 0 21 14 0.024513036
393 0 23 22 0.024509035
4 162 64 93 0.024487186
150 384 53 68 0.024480766
599 213 55 70 0.02446663
784 176 8 9 0.024425654
854 1 49 55 0.02439499
294 225 50 59 0.02423134
965 182 45 47 0.024152502
0 294 30 67 0.024145337
764 11 71 85 0.024031993
779 0 31 20 0.023963079
552 297 9 10 0.02391125
110 272 110 150 0.023905858
30 0 51 51 0.023841487
0 102 34 62 0.023841374
66 231 112 154 0.023837121
456 125 79 109 0.02380172
831 83 71 99 0.023763519
195 236 78 91 0.02369264
990 500 34 56 0.023687521
834 99 13 14 0.023615366
38 275 69 94 0.02358551
0 351 28 55 0.023536867
704 158 36 39 0.023521505
386 241 57 73 0.023396198
784 161 12 14 0.02339275
234 154 79 99 0.02335344
497 225 57 70 0.02329674
708 92 54 81 0.023267033
165 0 74 75 0.023255529
917 62 101 143 0.0232526
98 222 54 73 0.023239374
961 145 40 53 0.023200475
473 250 64 68 0.023190351
731 159 33 37 0.023162164
675 145 53 64 0.023037748
884 19 50 61 0.023025619
940 0 37 33 0.022984212
953 288 52 59 0.022977283
156 259 35 44 0.02297342
0 412 55 88 0.022910425
632 229 44 60 0.022897298
719 9 67 85 0.022853091
447 0 55 50 0.022808308
890 0 20 22 0.022806657
817 23 54 83 0.022788268
310 0 52 51 0.022786982
779 182 18 22 0.022755172
995 210 29 54 0.022727042
888 25 62 87 0.02263787
349 110 11 15 0.022590106
492 248 74 82 0.022558667
579 238 47 52 0.022549191
194 2 74 87 0.022484815
531 0 36 26 0.02247683
0 0 134 184 0.022381244
205 101 14 19 0.022341175
775 158 23 30 0.022310667
967 102 38 45 0.022298234
788 171 12 14 0.022214264
448 258 66 77 0.022129932
32 272 46 61 0.022101087
574 79 39 57 0.022067742
727 167 42 46 0.022063158
12 427 71 92 0.022055129
136 474 56 77 0.022031816
457 434 126 122 0.0220167
443 480 73 76 0.021977305
42 0 32 24 0.021915417
895 171 41 52 0.021913318
797 165 23 30 0.021886686
355 226 43 54 0.021868264
1012 0 12 18 0.021823484
207 102 97 115 0.021810994
539 266 119 142 0.021795517
756 183 20 27 0.021794531
0 0 69 88 0.021761106
520 260 85 94 0.021752877
643 152 75 93 0.021745872
5 74 12 15 0.021744896
976 23 48 104 0.021723993
699 117 48 67 0.021695096
152 56 110 167 0.02163478
706 21 90 126 0.021599496
138 409 58 76 0.021589758
920 113 39 53 0.021589037
561 84 62 101 0.021582255
0 124 35 68 0.021580374
516 154 81 110 0.021564843
363 208 52 65 0.02149799
543 0 48 39 0.021483958
455 1 78 75 0.021465885
585 170 51 74 0.02143149
66 451 25 38 0.021410191
215 0 78 74 0.021405596
795 50 49 56 0.021394929
397 259 84 100 0.021341817
788 182 25 29 0.021336172
378 20 42 62 0.021279387
787 161 15 21 0.02120677
830 42 36 51 0.02116413
334 247 49 50 0.021091392
619 334 44 65 0.02092654
1018 149 6 29 0.020883784
1007 162 17 47 0.02087942
537 102 80 117 0.020808393
422 0 72 68 0.020798456
701 202 59 77 0.020783478
877 119 71 87 0.020730425
0 137 49 95 0.02072135
54 0 124 95 0.020708816
374 0 46 46 0.020700222
786 10 86 117 0.02066429
792 114 45 61 0.020650437
348 283 60 76 0.020649135
21 179 72 104 0.020635122
904 194 59 70 0.020630145
191 260 51 62 0.020606179
845 182 47 57 0.02046255
166 246 35 46 0.020442836
378 268 41 51 0.02042024
355 0 37 32 0.020381996
720 170 62 76 0.020305108
221 170 59 75 0.020286418
816 310 208 246 0.02027423
181 0 52 44 0.02027128
554 209 59 73 0.020263562
489 104 87 105 0.020253161
45 82 11 17 0.020233663
300 4 72 88 0.020218505
685 240 38 50 0.02016535
254 191 47 63 0.020137127
285 45 86 106 0.020135175
159 171 47 69 0.020111933
752 136 95 106 0.020107657
562 0 43 41 0.020095466
56 0 21 18 0.020091511
958 118 41 47 0.020062083
975 458 49 97 0.020030597
675 0 246 182 0.020006131
250 90 88 104 0.019991755
692 221 43 55 0.019981414
191 77 82 113 0.019941796
514 266 45 56 0.019927168
762 180 25 31 0.019891262
535 228 47 63 0.019872094
769 415 134 141 0.019853221
809 98 10 13 0.019828323
922 128 94 119 0.019813694
1017 0 7 13 0.01981066
0 461 48 85 0.019781645
18 319 113 157 0.019777894
500 11 71 88 0.019773195
419 17 79 95 0.019757807
718 134 33 45 0.01973981
3 97 78 128 0.019694299
1021 132 3 16 0.019657549
316 260 50 59 0.01964791
530 283 38 49 0.019618988
773 189 40 51 0.01957091
544 0 70 74 0.019567013
809 127 88 109 0.019547421
780 29 48 55 0.019544799
952 228 72 102 0.01953316
837 3 13 16 0.019529097
213 403 149 153 0.019510433
131 436 65 90 0.019441865
941 0 55 53 0.019426433
34 0 89 68 0.019419923
10 252 51 65 0.019417135
44 471 79 85 0.01941707
176 152 57 82 0.019379467
922 184 74 92 0.019325113
437 499 52 57 0.019252956
6 74 58 81 0.019242901
92 435 70 82 0.019225236
929 174 33 48 0.019199371
1008 525 16 31 0.019188471
177 21 80 109 0.019166844
1003 0 21 33 0.019148797
11 78 121 181 0.019144705
773 183 18 23 0.01912838
9 58 44 56 0.019107247
607 2 108 150 0.019093238
246 3 82 89 0.019048719
329 197 104 123 0.019020664
754 188 41 52 0.018984793
165 407 7 11 0.018978262
569 0 56 53 0.018974463
152 291 84 108 0.018945172
583 275 50 48 0.018944714
166 86 75 106 0.018872686
315 107 78 120 0.018849403
736 181 36 41 0.01881656
435 189 63 85 0.018801268
282 156 76 103 0.018798262
33 333 48 70 0.018794093
783 151 24 33 0.018784424
120 256 51 63 0.01871637
759 51 67 89 0.018711165
594 29 74 104 0.018702928
897 62 43 63 0.018693577
850 415 136 141 0.01869136
8 371 147 185 0.018683828
377 46 24 32 0.0186669
47 235 61 89 0.018621825
572 79 109 167 0.018618872
0 6 24 56 0.018605312
500 486 75 70 0.0185899
807 140 40 49 0.018582433
0 518 14 25 0.018568859
140 12 77 101 0.018565256
979 107 23 26 0.018546844
180 202 53 68 0.018542087
4 369 69 98 0.018535124
96 407 114 134 0.01852815
414 249 44 54 0.018509451
259 0 119 127 0.018498885
401 406 71 90 0.018487083
931 316 93 179 0.01847899
774 170 19 21 0.018468069
942 112 32 39 0.018458406
132 423 131 133 0.018456828
581 112 63 107 0.018452587
168 0 43 42 0.018447569
792 171 20 27 0.018435318
411 198 66 88 0.01838887
331 0 48 50 0.018380899
832 1 13 15 0.0183803
512 84 85 105 0.018342854
635 6 65 89 0.018319733
0 127 86 253 0.018315896
442 95 79 101 0.018315718
1 31 40 64 0.018288419
702 258 48 55 0.018265504
0 54 25 56 0.018256519
205 91 23 29 0.018239591
352 325 65 84 0.018228259
740 149 35 44 0.018223332
870 0 46 36 0.018183263
872 133 41 56 0.018170351
213 89 151 184 0.018158717
169 418 51 68 0.018142197
831 0 72 86 0.018141147
368 52 70 104 0.018135617
1020 0 4 10 0.018129986
89 500 57 56 0.018125419
321 409 125 147 0.018121282
24 81 62 80 0.018107072
81 435 43 55 0.018077735
721 248 34 45 0.018076127
423 100 114 166 0.018070374
30 383 67 88 0.018060988
390 0 49 48 0.018059202
162 418 23 29 0.018058553
0 424 25 62 0.018047974
475 34 74 92 0.018034955
293 22 27 28 0.01802532
979 0 22 18 0.018020386
319 72 73 107 0.018004963
819 173 42 42 0.017992908
994 117 9 10 0.0179898
86 0 63 71 0.017988488
798 177 26 32 0.017978963
252 0 59 43 0.017966922
704 485 69 71 0.01795797
627 265 46 57 0.017944846
607 234 122 144 0.017910512
398 42 83 103 0.017905189
743 33 59 81 0.01788878
156 50 80 104 0.017859804
24 128 28 31 0.017845709
747 168 32 39 0.017810721
41 167 70 96 0.017803699
378 6 69 88 0.017775478
409 0 117 152 0.017714655
31 217 58 87 0.017707307
767 104 60 81 0.017706487
60 416 40 54 0.01770008
530 429 127 127 0.017685914
803 50 59 83 0.017671606
850 0 124 91 0.017649714
774 134 40 55 0.01762719
950 202 47 56 0.017612698
606 425 134 131 0.01761137
559 251 57 56 0.017609116
475 160 71 91 0.017597662
876 169 40 53 0.017577045
691 267 40 45 0.017567983
252 121 51 67 0.01755115
583 72 66 92 0.017549595
74 431 23 38 0.017527256
1013 125 11 39 0.017517949
857 480 76 76 0.017491413
229 238 51 63 0.017478283
812 93 44 59 0.017477794
548 67 64 88 0.017463086
758 185 78 95 0.01741838
968 115 10 11 0.017412929
898 478 75 78 0.017408399
980 46 23 28 0.017385488
910 153 48 61 0.017375456
250 235 54 70 0.017365936
475 72 85 101 0.01735669
364 486 69 70 0.017353062
812 96 8 11 0.017340243
290 0 52 37 0.017323265
784 178 11 13 0.017321609
592 70 46 60 0.01723042
744 74 65 91 0.01722572
236 194 48 66 0.01722491
124 363 77 96 0.01721331
443 284 70 83 0.01720205
335 307 67 80 0.017201902
179 398 67 86 0.017196469
264 222 25 45 0.01719462
106 397 69 80 0.017190587
495 146 9 11 0.01718047
745 21 48 60 0.01717948
69 211 63 88 0.017159492
539 492 68 64 0.017145747
352 50 47 65 0.017143559
32 15 61 81 0.017121611
508 0 247 194 0.017115882
454 140 53 69 0.017062075
601 487 75 69 0.0170518
798 0 41 28 0.017043848
519 213 41 56 0.017041069
970 370 54 105 0.017036282
917 226 82 101 0.01703577
10 487 54 65 0.01700489
183 0 257 207 0.016983153
894 205 43 53 0.016972104
575 126 43 73 0.016917832
0 184 28 66 0.016909376
709 0 54 43 0.016907502
582 59 24 32 0.016901972
375 289 42 53 0.016899392
551 205 129 144 0.016888281
969 205 46 55 0.016887808
642 112 76 95 0.016885238
233 462 67 91 0.01688034
598 295 69 84 0.016858598
817 483 76 73 0.016849438
181 399 11 20 0.016848478
18 105 44 58 0.016833475
241 110 48 67 0.016828813
225 0 38 35 0.016827501
929 204 46 55 0.016814368
322 1 35 30 0.016794052
336 9 18 23 0.016790234
985 216 39 83 0.016787846
586 0 56 41 0.016773421
779 116 12 15 0.016718516
73 292 97 124 0.016714394
0 334 22 55 0.016708955
759 169 24 26 0.016689692
675 169 43 54 0.016689004
86 383 68 87 0.016665483
106 200 137 170 0.016652206
106 0 106 75 0.016647926
55 457 49 76 0.016639812
320 480 73 76 0.016635638
786 187 13 15 0.016624583
51 62 22 28 0.016623056
984 436 40 81 0.01660088
810 203 49 56 0.01655286
52 0 51 52 0.016541887
783 172 8 11 0.016539287
980 171 32 37 0.016522452
156 442 44 63 0.016515443
693 429 126 127 0.01650073
651 0 46 37 0.0164984
489 503 58 53 0.016493978
24 338 70 103 0.016490925
950 140 29 33 0.016455695
779 482 73 74 0.016455637
383 196 62 86 0.016453944
147 390 78 100 0.016453136
600 267 51 50 0.016446486
911 0 13 10 0.016439492
709 57 57 82 0.016408062
736 484 72 72 0.016353762
293 192 44 61 0.016351862
590 97 21 37 0.016346382
406 489 72 67 0.01633372
927 265 66 79 0.016327979
130 46 69 99 0.016313305
574 0 124 97 0.016294952
531 0 19 12 0.016287996
111 0 48 48 0.016286476
432 0 49 35 0.016276022
839 192 65 80 0.016263608
952 160 25 34 0.016248653
816 0 38 42 0.016221374
469 0 38 31 0.016188916
437 426 79 98 0.016156897
55 267 42 61 0.016089331
400 0 13 16 0.016089182
569 508 49 48 0.01608556
631 0 22 19 0.01605863
382 433 124 123 0.016057558
394 268 41 51 0.016051317
0 218 32 85 0.016049096
238 497 48 59 0.016044516
19 313 41 62 0.01603711
614 271 69 80 0.016009958
0 372 37 90 0.016004294
342 48 14 16 0.016003996
420 229 11 14 0.015990786
342 0 34 28 0.015989399
404 0 39 28 0.015969941
210 55 87 104 0.015969254
949 0 26 19 0.01596044
1021 540 3 16 0.015942302
112 502 58 54 0.015919946
902 166 114 141 0.015914049
931 170 26 32 0.015907433
946 68 38 54 0.015907124
866 177 58 74 0.01589871
814 6 105 145 0.01589086
854 31 10 12 0.015885592
743 3 111 145 0.015847575
306 5 105 156 0.01583011
876 0 64 51 0.015829096
688 1 68 79 0.015825346
8 529 23 26 0.015823873
723 85 56 78 0.015808597
33 0 29 30 0.01575264
617 126 118 149 0.015737975
875 187 80 96 0.015729973
107 1 112 157 0.015729029
572 300 51 58 0.015728101
798 276 77 97 0.015713345
1022 127 2 17 0.015709816
49 80 66 84 0.015700068
348 257 50 59 0.015689345
271 236 53 67 0.015688092
811 161 33 39 0.015685866
830 92 45 61 0.015676033
879 72 70 97 0.015675193
892 0 35 28 0.015671901
667 183 57 76 0.015670467
214 238 126 150 0.015668523
321 335 86 119 0.015663598
781 174 8 10 0.015662875
47 315 57 79 0.015662758
0 146 24 64 0.015651355
93 254 65 80 0.015644561
843 0 32 23 0.015635367
687 29 69 99 0.01562161
956 327 68 107 0.0155919045
555 14 107 146 0.015579094
32 501 56 55 0.0155690005
220 13 43 58 0.015556824
411 265 52 60 0.015547753
794 91 11 15 0.015544431
208 98 15 15 0.015535753
770 44 48 64 0.015527821
450 14 48 61 0.015524479
798 77 36 34 0.015524477
188 490 65 66 0.015524396
501 252 45 60 0.015521596
342 137 65 105 0.015519904
760 0 41 29 0.015516061
785 165 8 9 0.015510284
535 291 24 31 0.015506875
801 86 19 22 0.015482636
32 0 261 209 0.015482088
222 7 128 163 0.015468784
42 259 41 58 0.015464756
584 315 71 87 0.015458127
1017 81 7 32 0.015456657
693 0 49 50 0.015446373
734 0 39 32 0.015442427
575 0 39 31 0.0154424
830 70 43 57 0.015439248
682 61 95 141 0.015433566
635 484 81 72 0.015431825
142 379 43 59 0.015425617
744 195 61 77 0.015416844
396 232 40 55 0.015411031
306 26 12 14 0.015406123
360 0 23 23 0.015395918
913 125 56 76 0.015373467
25 136 70 96 0.015369152
452 2 122 162 0.015368104
255 127 78 103 0.015366265
888 502 52 54 0.01536502
78 0 48 47 0.015364345
712 23 47 66 0.015353136
111 85 114 172 0.015350508
772 316 130 166 0.015341728
52 0 17 13 0.01533672
145 268 46 54 0.015331802
554 296 9 9 0.015317705
685 123 89 117 0.015317345
658 54 68 95 0.015308684
1016 159 8 37 0.015277457
799 146 29 36 0.015267018
5 9 13 20 0.015245143
857 170 27 36 0.015244292
193 127 54 71 0.0152392015
754 114 42 58 0.015222097
62 0 29 23 0.015212952
848 110 46 64 0.015210855
592 506 52 50 0.015178221
68 256 65 84 0.015143074
902 367 112 159 0.015139031
361 159 68 95 0.015137282
948 25 49 63 0.0151246395
24 0 26 15 0.015109233
736 143 28 39 0.0151003245
661 0 65 48 0.015094826
448 57 50 65 0.015089058
84 76 68 90 0.015085584
200 0 40 34 0.015084927
1023 132 1 13 0.015076682
11 116 56 77 0.015051438
0 37 15 22 0.015044692
162 209 32 47 0.015032875
795 91 19 19 0.015030446
566 368 74 97 0.015029903
919 34 26 35 0.015027089
319 14 37 50 0.015021038
71 143 95 137 0.015009632
822 2 22 24 0.014997423
481 212 144 143 0.014996407
900 233 119 156 0.014988066
20 298 253 258 0.014970291
353 23 103 166 0.014962993
1011 100 9 10 0.0149589665
791 198 27 34 0.014958632
906 0 62 49 0.014936706
351 0 54 53 0.0149176475
778 181 9 11 0.0149155045
848 503 52 53 0.014914227
886 22 23 32 0.014903347
500 180 64 86 0.014902318
577 70 26 38 0.014892832
982 111 14 16 0.014884154
346 251 98 114 0.014863286
622 28 27 35 0.014861224
570 52 50 73 0.01485148
862 158 33 45 0.014845149
64 0 19 12 0.014842816
0 467 23 63 0.0148408115
673 179 86 115 0.014814005
914 419 75 111 0.014796641
966 251 48 62 0.014794503
227 145 58 73 0.014776872
40 416 40 56 0.014771265
868 26 56 78 0.014767184
502 5 120 161 0.014765361
676 222 75 100 0.014758885
927 500 52 56 0.014752515
195 516 41 39 0.014722036
354 0 248 198 0.0146925
282 17 39 44 0.01469217
976 295 48 89 0.014673443
708 261 31 31 0.014670433
602 0 67 50 0.014667175
164 469 62 86 0.014666809
686 269 60 75 0.014653741
648 263 37 44 0.014653004
863 54 63 89 0.014646049
561 10 70 93 0.014641373
693 502 51 54 0.0146410735
744 441 108 115 0.014635032
694 91 43 60 0.014627227
129 149 204 239 0.014617838
256 458 81 98 0.01459975
273 222 38 52 0.014586896
132 331 116 150 0.01458538
165 373 54 68 0.014534176
732 28 42 52 0.014516215
490 213 50 63 0.014498817
267 165 60 81 0.014496928
818 256 72 92 0.014477852
96 0 46 35 0.014471386
177 368 140 169 0.014465578
1009 107 12 15 0.014462941
861 99 61 83 0.014458648
313 486 47 60 0.014453395
997 18 27 59 0.014451329
864 135 95 111 0.01443614
828 8 12 18 0.014430192
951 75 26 34 0.014410288
364 400 81 108 0.014397663
989 112 12 14 0.014381822
984 364 40 73 0.014376588
146 104 73 106 0.014373627
506 287 44 51 0.014361142
173 87 51 68 0.01434807
1013 147 10 18 0.014333807
428 305 249 251 0.014329936
454 265 120 151 0.014324419
565 338 71 90 0.014314706
275 129 47 67 0.014309635
204 376 68 87 0.014306726
695 254 25 32 0.014306208
135 0 49 49 0.014293634
94 184 54 77 0.014273501
991 3 27 31 0.014264742
376 244 38 48 0.014224815
504 62 63 80 0.014216496
539 314 120 163 0.01420193
126 289 66 91 0.014201575
137 44 47 63 0.014169179
173 272 127 161 0.014168573
595 115 13 16 0.01415695
802 213 66 84 0.014143493
915 90 27 40 0.014143491
1015 301 9 37 0.014142473
454 168 53 73 0.014137165
1011 183 13 31 0.014136575
109 68 70 97 0.014134383
545 288 70 82 0.014124005
860 49 109 152 0.014123
388 274 58 74 0.014096551
969 231 46 56 0.014084164
788 39 31 37 0.0140836295
331 383 85 128 0.01407318
989 288 35 61 0.014071611
429 127 71 102 0.014069483
439 71 69 91 0.014054537
364 58 23 27 0.014053699
398 105 76 105 0.01405337
58 23 120 183 0.014045811
787 199 56 68 0.014010904
761 6 50 64 0.014005352
278 263 81 99 0.0139910905
1003 120 21 49 0.013989174
732 242 36 49 0.013988814
334 0 25 21 0.013984163
547 295 17 19 0.013968483
457 51 70 82 0.013964632
839 100 10 11 0.013964443
770 503 50 53 0.013961817
374 57 14 19 0.013956741
554 168 54 75 0.013945464
551 0 29 25 0.013940547
600 351 71 93 0.013934142
1023 133 1 14 0.0139289275
558 478 72 78 0.013906494
204 327 74 97 0.013894998
192 86 54 72 0.01388604
94 0 30 24 0.013881852
338 279 120 159 0.013876551
616 58 78 105 0.013855915
414 375 76 101 0.0138552515
1018 135 6 32 0.013852463
185 428 65 89 0.013841902
139 170 41 63 0.0138368355
173 278 49 63 0.01382858
940 172 26 34 0.013823828
771 206 44 56 0.013809114
156 8 49 67 0.013784864
659 446 110 110 0.013781017
845 16 30 52 0.0137744285
124 238 36 49 0.013759291
340 33 21 30 0.013739075
54 226 46 65 0.0137381
814 41 39 48 0.0137366485
186 353 71 92 0.013732516
676 215 40 55 0.01372664
590 65 21 30 0.013724526
110 13 67 92 0.013704621
522 33 72 99 0.013701871
970 30 34 43 0.013699358
654 230 40 55 0.013697018
117 191 45 68 0.013689986
753 173 21 25 0.013684569
337 19 12 14 0.013683959
120 389 46 57 0.013660503
807 503 54 53 0.01366043
74 463 29 48 0.013653256
973 112 10 11 0.013653103
780 254 73 97 0.013649253
564 406 71 95 0.013640054
797 154 19 29 0.01363747
0 79 165 315 0.013623416
941 308 70 91 0.013615552
345 186 47 64 0.013609577
849 57 20 32 0.01359752
575 187 49 72 0.013581539
786 168 10 14 0.013576776
715 190 39 43 0.013574698
45 108 71 95 0.013572146
955 150 29 30 0.01356712
732 206 44 55 0.013558553
39 91 42 48 0.0135555975
762 180 14 15 0.013552997
1010 0 13 9 0.013548751
992 100 12 16 0.013546994
220 307 75 95 0.013545271
406 442 52 56 0.0135411965
214 504 49 52 0.013540442
856 0 22 18 0.013532796
203 289 75 91 0.013523722
53 71 15 18 0.01351671
785 179 14 18 0.013501547
338 81 112 168 0.01349605
800 84 44 40 0.013494969
269 213 29 46 0.013491391
0 282 24 54 0.013489969
544 284 35 41 0.013488081
621 256 40 50 0.013484673
0 446 38 67 0.013479623
277 440 91 109 0.013479246
49 28 62 89 0.013459522
892 176 27 35 0.013458661
108 331 67 95 0.013456926
812 304 83 104 0.01345567
0 145 10 28 0.01344965
755 223 82 104 0.013441294
797 0 29 18 0.013440312
1020 161 4 25 0.013436823
211 261 51 61 0.013432564
772 5 33 36 0.013426189
575 354 127 169 0.013413411
191 0 32 27 0.013404038
458 407 81 102 0.01340232
825 134 38 47 0.013401942
393 507 46 49 0.013400758
527 283 25 32 0.013391909
327 513 41 43 0.013391043
316 173 49 68 0.013385562
370 0 31 25 0.013380173
381 79 115 175 0.0133797815
998 0 16 9 0.013378849
458 117 50 62 0.013377363
149 297 57 73 0.013372224
912 367 75 102 0.013364297
838 155 186 307 0.013353338
144 338 65 91 0.013348743
418 0 35 24 0.013340815
491 277 48 48 0.013338647
553 284 45 51 0.013324112
758 0 228 245 0.013316778
311 239 48 52 0.013315937
624 13 46 52 0.013313508
41 0 14 10 0.013301563
600 420 80 103 0.013299464
304 73 12 15 0.013287032
0 272 84 207 0.013273712
687 316 64 87 0.013267946
608 0 35 25 0.0132550085
838 198 29 31 0.01325044
720 217 62 80 0.013247912
947 224 55 69 0.01322528
463 27 56 67 0.013218777
668 504 53 52 0.013209819
266 58 71 85 0.013201156
249 142 58 72 0.01319882
354 254 35 38 0.013195681
195 391 48 59 0.013191855
990 0 14 9 0.013184239
840 0 14 13 0.013182256
228 186 184 199 0.013180574
346 63 62 89 0.013179946
150 82 54 72 0.013169418
441 0 231 263 0.013167551
1003 100 21 37 0.013159475
458 458 76 86 0.013144201
0 387 22 59 0.01313571
241 330 72 94 0.013129801
430 275 58 70 0.013126322
735 176 27 29 0.013121726
922 179 29 38 0.013115872
818 95 28 26 0.013113199
0 133 16 42 0.013098658
117 293 256 263 0.01309169
406 293 63 82 0.013084215
598 135 71 99 0.013064444
463 355 70 91 0.013058746
247 53 46 56 0.013055273
323 229 47 50 0.013053222
168 393 31 40 0.013037567
181 250 49 53 0.01302357
978 198 27 31 0.013021834
778 162 15 19 0.013014995
72 0 17 10 0.013003836
421 364 122 162 0.013003457
809 192 124 155 0.012998523
853 73 42 58 0.012997102
410 75 56 75 0.012988054
401 236 10 11 0.0129874125
782 306 76 96 0.012987311
705 275 34 33 0.012986982
592 44 13 15 0.012985787
809 116 44 56 0.012981963
571 26 13 16 0.012981928
494 415 46 58 0.012963467
64 150 70 99 0.012960032
956 114 27 31 0.0129546095
541 431 72 94 0.012949263
1008 190 16 36 0.012942402
646 183 57 78 0.012935947
305 292 72 92 0.012925642
811 268 49 61 0.012921065
176 505 45 51 0.012903573
368 6 15 23 0.0129032945
345 4 68 89 0.012901255
987 189 26 32 0.012893949
631 285 45 56 0.012893124
403 153 66 97 0.012888475
267 252 63 80 0.01288808
737 162 119 144 0.012883457
411 7 43 60 0.012880925
597 385 78 98 0.012866922
319 206 33 30 0.012863299
605 191 50 66 0.012863278
75 101 51 65 0.012845263
95 462 46 66 0.0128383
348 162 23 28 0.01283823
363 68 24 26 0.012829624
482 376 70 94 0.0128289135
16 344 41 56 0.0128192315
107 266 70 88 0.012815988
720 265 27 33 0.01281475
931 0 32 28 0.012807092
154 0 169 135 0.012802565
225 458 38 50 0.012798732
424 168 132 162 0.012798134
422 333 70 94 0.012790094
68 332 114 146 0.0127836475
349 132 14 16 0.012782128
366 100 71 107 0.012777547
88 280 64 80 0.012776042
902 278 67 81 0.012771485
441 248 48 63 0.012760483
15 80 38 49 0.012758527
69 295 67 85 0.012755062
808 97 8 11 0.012746539
791 174 10 14 0.012745633
425 435 54 67 0.012741013
337 437 70 107 0.012735042
287 102 57 72 0.01273149
590 0 33 26 0.012730773
0 0 11 21 0.0127305845
534 187 48 67 0.012729626
989 153 25 35 0.0127054555
509 49 213 279 0.0127002075
61 102 20 23 0.012699873
549 300 10 10 0.012696672
949 123 34 39 0.012690093
788 165 11 13 0.012688334
40 47 41 55 0.012686879
770 90 47 62 0.012686564
592 128 41 66 0.012683915
84 0 27 23 0.012680783
679 390 69 91 0.012677311
964 3 46 51 0.012675472
920 405 54 71 0.012668195
482 144 61 70 0.012665744
35 308 41 69 0.012662034
971 127 37 41 0.012659552
869 89 44 58 0.012653578
260 232 33 55 0.012652067
49 104 12 15 0.012651481
63 0 13 9 0.012648681
58 0 13 9 0.012643303
949 92 30 41 0.012626603
383 128 68 104 0.012626213
759 186 10 9 0.012626005
867 0 28 18 0.012617196
772 240 123 160 0.012608484
276 105 79 114 0.01260395
61 0 10 16 0.012603901
1013 113 11 35 0.012602273
605 141 12 16 0.012599717
80 0 15 9 0.012593622
547 389 69 93 0.01258781
838 103 9 12 0.012587225
674 287 257 269 0.012586268
834 443 82 105 0.012582361
778 425 75 99 0.012579056
929 298 58 65 0.012576799
82 421 29 37 0.012574651
107 447 44 56 0.012565406
430 457 64 81 0.012553176
942 489 63 67 0.012551401
856 141 30 45 0.012551377
481 288 70 81 0.012530277
606 11 41 51 0.012520278
754 266 84 109 0.01251707
678 275 40 51 0.012512055
0 311 22 41 0.01250828
707 43 41 60 0.012483614
605 284 51 54 0.012471525
831 8 19 20 0.012471122
207 14 31 40 0.012451869
617 60 50 59 0.012443271
268 304 253 252 0.01243894
56 263 27 38 0.01243801
34 124 47 61 0.012436974
69 10 59 78 0.012436351
9 7 24 25 0.012435447
491 65 51 64 0.012428607
925 44 25 29 0.012421616
54 428 29 38 0.012419019
186 309 73 94 0.012417532
246 328 48 66 0.0123912655
75 246 45 61 0.012388774
960 27 24 29 0.012387334
859 189 26 33 0.012379226
832 104 11 12 0.01237569
680 0 30 25 0.012374731
293 503 53 53 0.01236933
387 255 38 45 0.012364241
879 29 30 42 0.012353489
278 0 243 256 0.0123451315
801 168 15 20 0.012344679
745 18 32 39 0.012323913
211 406 45 62 0.012317572
837 278 74 92 0.012301665
352 150 45 62 0.012292671
917 329 73 97 0.012288691
574 40 35 51 0.012284375
303 146 162 186 0.012283588
947 23 26 33 0.012278448
785 158 107 125 0.012269385
761 35 41 51 0.012264573
512 511 44 45 0.012257141
581 260 38 39 0.012256578
854 199 127 154 0.012254703
145 222 30 47 0.012239649
334 531 27 25 0.012232209
700 428 69 95 0.012223114
1000 152 20 28 0.012170093
764 141 11 16 0.012144479
781 163 9 10 0.012138507
743 390 66 89 0.012135741
132 89 61 86 0.012134597
351 504 50 52 0.012134374
914 104 24 38 0.012128035
668 270 38 46 0.0121127535
203 51 46 61 0.012111815
461 308 72 89 0.012111151
716 0 33 31 0.012100383
654 403 76 100 0.012100249
520 45 46 60 0.0120998025
119 63 48 67 0.012084405
150 415 30 36 0.012084176
368 194 40 55 0.012082488
310 214 45 56 0.012078879
75 0 27 20 0.01207728
970 96 28 34 0.012065758
263 205 28 43 0.012063007
353 0 19 15 0.012062759
0 369 14 35 0.012060694
384 437 71 94 0.012060133
781 186 11 13 0.012058202
229 210 40 57 0.012044406
830 0 26 25 0.0120387245
256 284 125 174 0.01201496
608 238 42 56 0.012013019
220 269 73 88 0.012005049
275 197 41 54 0.012000404
791 134 28 40 0.011996261
602 82 72 101 0.011995041
998 163 20 30 0.011990921
874 206 42 54 0.01199076
420 52 52 66 0.011988823
714 231 40 49 0.0119872615
374 172 45 63 0.011986752
881 39 143 270 0.011986335
12 127 39 47 0.011978416
379 55 15 21 0.011976037
820 151 37 44 0.011969207
416 211 42 59 0.011967678
24 134 19 20 0.011964835
656 276 40 50 0.011963872
701 173 34 39 0.011961898
517 99 50 61 0.011943721
380 360 116 166 0.011937653
914 209 36 39 0.011930767
272 346 98 139 0.011923389
198 67 37 52 0.0119074825
829 15 9 10 0.01190662
983 99 20 26 0.011905326
760 190 12 16 0.011904971
0 260 27 46 0.011894993
317 141 26 36 0.01189413
476 449 51 62 0.011881931
770 173 9 11 0.0118761305
553 300 10 10 0.011867829
0 84 24 43 0.011861447
698 49 198 247 0.011861276
754 46 38 52 0.011860049
1002 228 22 59 0.011859796
0 533 20 23 0.011857001
587 216 43 53 0.011852428
79 291 44 56 0.0118513005
370 219 29 45 0.011849858
492 4 48 59 0.011847891
292 261 52 67 0.0118415225
749 354 110 150 0.011839333
226 277 53 53 0.011837608
512 432 77 101 0.011832272
783 366 75 95 0.011812432
532 228 26 36 0.011808138
0 0 9 12 0.011802992
657 369 74 96 0.011800339
895 348 75 101 0.011799584
222 48 46 59 0.011797572
902 235 64 82 0.011791066
743 276 119 159 0.011790722
935 182 20 26 0.011785804
943 154 27 33 0.011781433
648 348 129 177 0.011770902
1022 0 2 13 0.011769432
745 429 70 92 0.011763895
93 360 59 77 0.011763685
68 58 67 91 0.011761482
489 26 50 65 0.011757615
248 86 59 72 0.011753394
936 19 12 15 0.01174135
564 239 28 31 0.011728807
995 253 29 66 0.011725538
1022 544 2 11 0.011724189
45 82 8 12 0.011719842
1023 543 1 13 0.0117195295
66 329 73 95 0.011709826
355 84 13 16 0.011709716
102 517 37 38 0.011708284
204 242 247 285 0.011707201
88 29 67 97 0.0117021585
145 26 48 67 0.01169774
764 503 14 14 0.011696062
622 19 25 30 0.011695571
382 351 75 107 0.011688136
1 168 35 56 0.011682502
806 42 32 39 0.011679509
790 186 17 20 0.011679483
824 108 9 10 0.01167436
1006 13 12 17 0.011672132
572 251 36 38 0.011669323
543 211 8 9 0.011662085
848 51 17 23 0.011654858
1 73 17 25 0.011651301
790 436 47 60 0.011646829
838 60 28 41 0.011642044
911 271 45 55 0.011640953
350 266 30 32 0.01163659
496 275 124 150 0.011629009
126 5 41 56 0.011625148
778 177 9 10 0.011621129
0 119 19 40 0.011619281
529 251 37 52 0.011616434
747 37 32 41 0.011613556
163 406 20 28 0.011610768
447 365 46 56 0.011610643
175 208 28 40 0.011599279
169 397 23 24 0.01159652
692 160 32 38 0.011587008
1023 0 1 11 0.011579362
809 355 126 162 0.011575157
286 328 51 63 0.011572373
334 287 48 55 0.01156072
990 200 25 31 0.01156005
327 43 12 17 0.011553441
703 143 33 39 0.011543725
870 163 22 31 0.011539885
354 147 9 11 0.011538072
767 177 12 16 0.011534597
46 352 68 93 0.01152913
979 1 12 19 0.011528626
70 265 9 9 0.0115276445
1008 36 16 42 0.011520134
575 275 27 36 0.011518413
204 432 70 96 0.011518358
177 442 36 51 0.011517219
493 407 79 105 0.0115143005
5 65 30 35 0.011512835
39 457 48 66 0.011509074
370 248 28 37 0.01150392
432 102 53 70 0.011492873
523 18 43 58 0.011485041
897 311 71 93 0.011478095
907 385 53 71 0.011476961
892 87 43 59 0.011469971
1019 298 5 34 0.01146908
966 111 10 12 0.011465679
294 72 47 61 0.011462189
382 84 66 92 0.011461983
1006 281 18 62 0.011457675
1014 127 10 16 0.011447208
614 520 48 36 0.011444836
378 228 32 45 0.011437011
592 26 51 68 0.011435024
822 86 37 40 0.01143322
50 0 14 9 0.011427219
1006 145 17 28 0.011421395
614 27 40 51 0.011418172
288 329 77 93 0.011411903
63 107 13 16 0.011408095
655 239 116 152 0.011402209
680 345 70 95 0.011401723
436 145 48 66 0.011397522
792 169 8 11 0.011394308
105 500 31 41 0.011393059
964 304 32 33 0.01139172
929 250 46 58 0.011380483
214 370 49 61 0.011377786
452 304 48 55 0.011375927
286 11 29 33 0.011372033
310 98 54 72 0.011371401
850 36 52 75 0.011364732
494 362 122 164 0.011361826
353 67 29 45 0.0113599105
443 226 33 50 0.011359273
382 202 23 39 0.011357579
839 5 9 11 0.011337308
797 49 33 39 0.01133701
789 0 18 13 0.011336606
86 128 69 101 0.01133506
933 415 13 14 0.011325156
25 429 45 63 0.011323205
665 93 65 93 0.011323057
1016 133 7 10 0.011321417
615 0 208 254 0.011320434
609 313 127 168 0.011309688
129 136 64 99 0.011302787
795 400 81 106 0.011295044
441 397 43 61 0.011294375
599 65 10 19 0.01129229
775 0 21 14 0.0112830475
498 145 8 10 0.011274749
806 275 132 172 0.011273178
849 0 21 13 0.011272542
4 365 40 51 0.011269105
723 256 62 82 0.011257796
467 86 57 68 0.01125026
591 294 47 53 0.011244163
310 277 56 70 0.011239988
389 285 100 126 0.011239821
220 352 73 93 0.011233564
407 0 27 18 0.011231589
850 185 25 34 0.01123015
9 353 32 41 0.011229085
56 457 33 44 0.011228407
435 170 46 63 0.011227583
15 117 32 39 0.011223964
321 525 33 31 0.011220276
698 344 127 176 0.011215811
269 499 55 57 0.011210856
298 249 40 49 0.011208106
315 65 45 58 0.011207531
66 0 41 33 0.011207112
209 68 52 69 0.0112054935
247 35 68 84 0.01119026
29 0 14 11 0.011184656
242 258 47 57 0.011183123
333 2 16 14 0.011182404
1020 130 4 11 0.011179497
168 420 32 41 0.011177759
0 120 9 16 0.011164976
414 286 43 55 0.011164726
760 77 38 49 0.011158788
941 130 27 33 0.011155316
166 189 31 45 0.011151638
999 0 23 16 0.0111491205
105 105 70 99 0.011147413
914 521 41 35 0.011147001
772 196 25 32 0.011144305
366 47 24 29 0.011144242
1023 117 1 22 0.011140344
220 296 25 31 0.011137301
947 57 31 45 0.011136344
335 127 45 62 0.011136045
148 509 44 47 0.011131174
582 0 26 18 0.011129817
592 103 43 66 0.011126339
484 334 67 88 0.011123317
568 322 58 72 0.011122354
715 67 38 46 0.011118003
863 212 64 81 0.011114381
105 478 45 64 0.011113097
1023 166 1 22 0.011111578
743 431 12 20 0.011105241
604 89 41 53 0.011101565
639 353 72 94 0.011100748
239 289 72 90 0.011092301
240 136 38 54 0.011089604
452 138 36 51 0.011086442
463 275 46 47 0.0110845445
998 179 26 38 0.011083053
663 0 39 23 0.01107765
810 444 46 61 0.011073633
37 363 46 63 0.011072446
244 171 47 62 0.011070609
746 311 67 92 0.01106926
74 185 49 67 0.011067529
421 401 49 64 0.011066723
759 85 11 14 0.011057129
812 83 20 23 0.011055399
750 194 30 36 0.0110543575
777 183 12 15 0.011049425
532 527 27 29 0.011047727
0 154 6 14 0.011047357
658 15 65 83 0.01104444
891 137 43 55 0.011038911
95 71 47 63 0.011035525
393 189 45 62 0.011035305
916 12 35 48 0.011029338
223 332 120 159 0.01102804
47 77 12 18 0.011027625
90 0 19 11 0.011022583
880 152 42 49 0.011022084
553 24 48 64 0.011017768
856 325 117 154 0.011016607
807 138 27 35 0.011011571
20 0 12 9 0.011007803
835 105 11 15 0.011005777
960 79 44 55 0.011005074
977 145 28 35 0.010999736
753 154 21 30 0.010994631
827 0 13 17 0.01099463
789 177 8 10 0.010992656
639 257 33 44 0.010991712
740 252 41 51 0.010980626
813 345 84 104 0.01097903
537 97 57 61 0.010978549
731 190 26 30 0.010978223
52 148 50 66 0.0109766405
195 303 48 61 0.010976098
342 203 31 39 0.0109544
55 357 43 57 0.010950557
433 73 48 66 0.010949048
68 399 41 53 0.010947473
173 304 47 60 0.010937791
581 458 47 56 0.0109354835
578 98 32 56 0.010935365
952 270 49 53 0.010929787
749 190 22 27 0.010919026
199 113 37 58 0.010916937
623 156 64 90 0.010915408
161 427 13 17 0.010913076
691 258 18 29 0.010910222
592 57 17 27 0.010900154
995 2 19 22 0.010895354
537 0 22 13 0.010884987
839 9 9 10 0.0108827455
909 224 46 56 0.010876871
619 449 75 91 0.0108725205
177 16 40 54 0.010870148
0 347 13 37 0.010867589
691 423 47 63 0.010865759
777 140 24 36 0.010858269
412 505 43 49 0.0108454665
899 0 20 14 0.010842567
939 30 27 35 0.0108307395
1005 9 19 45 0.010828357
14 150 48 60 0.01081168
196 368 48 61 0.0108099105
500 429 50 61 0.010801989
1017 0 7 29 0.010793399
965 0 29 23 0.010781398
936 178 16 19 0.010781323
183 332 108 139 0.010778552
502 398 48 60 0.010769512
399 248 25 40 0.010764898
858 33 8 10 0.010753523
150 440 9 11 0.010751822
0 38 21 37 0.010747567
704 304 54 74 0.01074337
550 122 53 73 0.010742093
1021 92 3 22 0.010741979
702 0 30 29 0.010739869
756 143 31 42 0.010737381
204 107 10 14 0.010733554
948 343 53 67 0.010732799
45 297 40 64 0.010720864
864 183 34 46 0.010720542
384 314 66 84 0.01071696
977 36 36 51 0.010716806
1019 315 5 34 0.010716717
245 374 70 94 0.010716153
605 55 43 54 0.010712411
6 9 38 50 0.01071159
612 76 44 58 0.010700532
83 401 45 55 0.010693134
875 292 72 88 0.010687285
150 187 37 54 0.01068082
524 120 58 74 0.010679103
626 0 32 31 0.010676876
20 74 29 33 0.010675575
765 184 15 17 0.010674333
1010 245 14 42 0.01067013
1015 319 9 35 0.0106669
313 362 57 68 0.010666487
0 469 13 33 0.0106614735
295 208 20 26 0.010654408
850 283 23 32 0.010652814
172 229 29 41 0.010652225
787 191 15 18 0.010644523
907 344 51 67 0.01064412
586 70 28 43 0.010641424
820 135 29 35 0.010633471
623 287 103 130 0.010627377
722 409 68 92 0.010624117
246 441 64 90 0.010620914
276 202 12 14 0.01062032
856 27 39 51 0.010618606
724 263 39 52 0.010617047
265 356 70 89 0.010614257
1016 448 8 37 0.010609232
454 519 40 37 0.010606765
273 236 24 36 0.010605565
177 177 40 49 0.010602375
783 189 26 31 0.010602122
499 471 48 60 0.01059848
963 114 10 11 0.010597594
0 503 13 33 0.010593379
641 0 17 13 0.010586126
850 304 81 101 0.010584624
215 105 51 70 0.010584572
368 264 34 40 0.010578808
490 84 139 182 0.01057569
1018 174 6 31 0.010571734
347 353 56 77 0.0105639165
798 101 37 45 0.010561446
312 22 13 14 0.010560148
33 114 33 38 0.010557052
496 57 37 48 0.010556172
788 290 52 67 0.010549784
812 74 25 26 0.010546639
944 33 33 44 0.010544493
281 23 28 29 0.01053953
30 475 45 66 0.01053626
273 45 54 68 0.010534488
924 218 54 68 0.010526131
987 134 30 39 0.010525227
929 0 16 13 0.010521147
831 101 20 27 0.010515462
1023 94 1 19 0.010511372
906 0 13 9 0.010504899
170 340 56 75 0.010498132
762 326 72 92 0.01049744
491 0 32 22 0.010497382
1006 204 18 46 0.0104942005
350 117 55 80 0.0104928315
778 172 9 11 0.010492823
461 443 49 57 0.010484201
440 203 40 60 0.010484035
748 29 12 17 0.010479817
290 147 51 66 0.010479513
825 305 57 68 0.010476037
19 403 48 59 0.010475885
234 40 44 56 0.01047359
1013 88 11 35 0.010473542
960 321 45 56 0.010472165
555 53 46 62 0.01046046
753 142 22 27 0.010455654
630 354 29 46 0.010454795
985 115 13 17 0.010453
922 163 27 36 0.010450718
376 49 15 22 0.0104494
882 401 80 107 0.01044627
1023 101 1 21 0.010444691
173 453 26 36 0.0104439845
303 49 45 64 0.010441311
837 97 9 11 0.010440166
30 131 18 20 0.010437334
835 3 8 10 0.010435934
896 190 24 38 0.010430491
486 394 45 61 0.010424479
302 522 35 34 0.010420744
214 323 51 65 0.010418952
513 416 48 59 0.010414181
709 283 45 58 0.010411468
941 392 68 90 0.010411154
699 369 68 92 0.010409455
880 452 71 91 0.010403838
586 47 15 15 0.010401449
620 213 43 59 0.010400529
170 275 31 36 0.010399585
1017 49 7 35 0.010398285
328 52 46 61 0.010393069
828 103 17 19 0.010391861
407 62 15 25 0.010391805
237 72 42 56 0.010385807
336 265 43 49 0.010380631
561 0 31 23 0.010380181
718 451 74 95 0.010375977
540 296 15 18 0.0103757605
916 28 23 31 0.01037547
63 438 24 40 0.010374364
531 300 46 60 0.010374171
241 0 30 27 0.010368938
798 447 70 90 0.010368468
367 0 19 14 0.0103638675
0 543 6 13 0.010360343
684 263 31 40 0.010357245
131 30 41 60 0.010356632
787 327 49 64 0.010350122
914 71 26 41 0.010349176
971 116 10 13 0.010344076
180 259 29 37 0.010337746
6 3 14 19 0.010336823
225 415 70 101 0.010334875
582 47 23 31 0.010334669
1017 108 7 32 0.010331193
101 282 38 48 0.010331073
257 516 43 40 0.010330104
174 326 46 60 0.010328263
926 146 38 50 0.010327081
343 51 9 10 0.010324643
948 529 29 27 0.010323657
531 32 46 57 0.010318534
0 538 10 18 0.010318456
426 514 44 42 0.010318338
389 61 190 255 0.010316879
647 246 35 45 0.01030611
666 294 66 85 0.01029478
154 326 46 60 0.010287333
643 276 63 78 0.010281981
554 363 55 71 0.010280769
909 306 47 59 0.010277745
0 320 13 36 0.010276669
62 495 48 57 0.010270006
503 355 66 91 0.010257412
972 112 7 9 0.010250066
928 31 27 34 0.010248012
643 0 28 25 0.010235751
725 167 27 33 0.010231413
431 0 27 18 0.010227887
21 465 43 60 0.010227626
912 48 32 56 0.010227362
598 96 32 41 0.010225536
519 392 69 94 0.010223659
503 0 27 17 0.010214799
1008 101 12 15 0.010214264
1023 168 1 22 0.010211293
790 268 49 63 0.010206226
185 438 23 39 0.010205807
51 76 13 17 0.01020395
983 47 14 16 0.010199258
350 147 32 41 0.010197244
712 87 13 18 0.010183265
538 267 32 44 0.01018317
1023 161 1 22 0.010183069
696 158 112 145 0.010179713
167 407 8 10 0.010179615
837 0 13 9 0.0101770125
938 0 21 13 0.010171842
417 396 11 11 0.010166979
183 423 8 11 0.010161982
1017 247 7 37 0.010157197
14 520 41 36 0.010154344
654 517 47 39 0.010148529
1016 463 8 36 0.010147304
441 527 36 29 0.01014445
652 149 45 58 0.010144296
371 62 25 31 0.010143152
50 34 35 54 0.0101430155
627 38 57 77 0.010142621
195 460 48 66 0.010139631
329 27 34 47 0.01013797
212 150 47 55 0.0101332525
345 26 26 32 0.010128996
259 410 78 109 0.010128316
842 281 36 49 0.01012657
785 185 8 10 0.010125241
0 34 9 16 0.010121476
784 191 12 14 0.010112273
817 60 29 36 0.010106409
37 9 13 20 0.010102907
1019 91 5 28 0.010100383
791 59 29 38 0.010097024
421 235 7 11 0.01009261
831 161 38 43 0.010092497
726 79 25 31 0.010091027
134 348 46 64 0.010086349
472 305 48 54 0.010085478
943 454 58 80 0.01008417
266 321 47 64 0.010078896
931 156 28 30 0.010078793
593 105 15 23 0.010078128
369 331 28 34 0.010077514
422 10 29 28 0.010076789
469 382 47 51 0.010075309
643 35 41 53 0.010068647
308 28 41 56 0.010065888
550 295 9 10 0.01006031
504 175 211 232 0.010058977
893 5 12 13 0.010050721
595 0 19 14 0.01004947
844 82 14 16 0.010049175
359 173 42 60 0.010047959
883 124 40 49 0.010047672
241 108 27 40 0.0100461
306 446 42 60 0.010040073
602 0 26 18 0.01003955
393 240 25 28 0.010038825
97 47 46 64 0.010037221
910 531 28 25 0.010035935
38 280 30 41 0.010034072
757 30 29 38 0.010031173
764 187 8 10 0.01002935
0 301 13 33 0.010026336
535 518 39 38 0.010021366
1012 278 12 44 0.0100207515
1023 91 1 18 0.010020432
641 69 47 59 0.010015095
864 0 17 11 0.010009631
393 272 27 31 0.01000923
965 33 16 20 0.010007654
586 453 66 83 0.010002022
255 368 47 61 0.010001611