10_People_Marching_People_Marching_10_People_Marching_People_Marching_10_848
2865
480 155 44 59 0.8104944
642 163 48 60 0.79948235
760 132 54 69 0.7853922
130 183 34 47 0.7833785
243 213 35 47 0.77613777
362 196 42 52 0.7520087
991 194 33 53 0.7404086
723 180 35 45 0.65464884
583 199 29 42 0.61019844
1 226 28 42 0.20709366
108 237 18 20 0.19961621
11 229 24 32 0.17646992
101 242 23 26 0.15851331
239 261 21 29 0.14239031
0 130 30 67 0.13805775
520 95 16 19 0.12951975
536 108 21 20 0.12152378
732 163 43 57 0.11548619
161 140 13 14 0.112760514
109 233 14 16 0.105464794
285 428 8 10 0.096035585
288 87 24 35 0.094979614
588 187 38 50 0.08386187
98 228 33 43 0.083425306
526 109 35 36 0.08095106
287 430 8 11 0.07999219
237 235 30 41 0.07786161
522 103 25 27 0.07289931
623 171 48 59 0.070734866
110 226 20 26 0.069603994
693 166 60 76 0.069135636
614 189 41 50 0.06856679
111 235 25 26 0.06705253
514 150 40 52 0.062412575
740 179 52 63 0.062395263
290 432 8 10 0.06077292
306 120 15 16 0.06003718
707 175 38 50 0.059503604
307 434 10 13 0.058501374
726 186 47 60 0.057684492
466 447 17 20 0.057553668
521 90 25 31 0.05561402
245 236 37 46 0.05439621
523 121 37 50 0.05320844
732 63 16 21 0.05153822
10 234 32 42 0.050828382
528 139 32 58 0.050643735
20 231 19 25 0.04983389
129 198 25 34 0.049781356
240 227 24 33 0.049304284
247 254 13 18 0.048985336
243 255 34 41 0.048802376
777 48 24 33 0.04836561
253 225 35 36 0.047636505
111 240 11 13 0.04704683
658 170 50 53 0.046947747
580 210 20 25 0.046145003
525 84 20 26 0.0458588
95 238 20 27 0.04539951
291 436 7 10 0.045396976
308 437 13 16 0.04502068
570 190 38 55 0.04480682
158 144 18 28 0.044554725
138 156 36 60 0.04413006
959 42 17 21 0.044126786
0 223 17 36 0.04328239
479 178 38 49 0.043221306
246 259 18 24 0.043162018
947 0 29 27 0.04281877
729 187 23 29 0.042724516
262 436 8 10 0.042579476
7 162 21 36 0.042562544
120 230 26 29 0.04256066
530 102 19 19 0.042129543
287 424 8 11 0.04179365
18 238 18 28 0.04115252
111 237 9 9 0.041074876
310 432 10 13 0.04102698
110 244 23 31 0.04086335
19 220 30 43 0.04060378
518 429 18 20 0.040571947
7 235 17 24 0.040505964
483 122 56 77 0.04044683
993 162 31 61 0.040373173
540 112 23 29 0.04025301
599 187 24 34 0.03938363
4 218 22 35 0.03870654
246 111 10 12 0.038693834
321 438 16 20 0.038556732
1 202 33 54 0.038423013
714 146 72 96 0.03836524
294 84 16 25 0.03805375
975 197 33 46 0.03803527
755 160 44 52 0.0378249
419 179 21 37 0.037574653
241 186 38 61 0.03752947
588 193 20 32 0.03745115
116 213 24 30 0.0374375
593 205 25 27 0.03728189
943 52 17 21 0.036762744
797 124 62 75 0.036295187
284 433 8 9 0.036256157
475 464 11 15 0.03593816
450 456 14 18 0.035830095
675 58 16 27 0.035804696
0 240 18 34 0.03579917
84 190 9 13 0.03579597
355 177 39 62 0.035701234
680 128 68 86 0.035687905
642 435 28 35 0.035665687
399 88 11 14 0.035585523
654 88 10 12 0.03546235
535 160 23 44 0.0353477
550 462 21 31 0.035344604
344 201 49 59 0.03529342
304 437 10 13 0.03496323
746 181 28 34 0.034875352
758 156 65 81 0.034798946
743 133 44 60 0.034746055
992 214 32 55 0.034692403
395 89 19 26 0.034598794
796 92 9 10 0.034531634
289 428 9 10 0.034512144
354 449 12 16 0.03428503
517 416 21 23 0.03427356
112 245 14 17 0.03417663
99 246 29 38 0.034099463
127 203 17 25 0.034036662
296 83 13 15 0.034021094
775 116 55 68 0.033913177
307 429 10 12 0.033887394
119 212 34 42 0.03368947
464 462 20 20 0.033620127
300 87 32 41 0.033489466
0 16 21 46 0.03346931
0 0 40 56 0.0332563
256 207 46 50 0.033151463
109 228 12 15 0.033051375
197 437 8 10 0.03290147
628 185 59 73 0.032754045
367 456 13 15 0.032560673
0 550 41 80 0.0324629
982 183 32 49 0.03212598
129 205 36 44 0.032034896
1 240 33 49 0.031949256
827 13 22 29 0.03192019
234 267 19 26 0.031901423
361 162 54 80 0.03188338
92 235 46 58 0.031879492
206 404 14 10 0.031824604
675 76 15 25 0.031700637
717 188 25 30 0.031636026
157 117 13 18 0.03157902
494 161 46 50 0.031552322
113 238 12 12 0.03150931
349 88 39 50 0.03145334
543 106 21 21 0.031398818
99 245 12 15 0.031244785
523 113 26 25 0.03119979
600 207 26 31 0.031127574
533 84 13 15 0.031096337
237 258 17 23 0.030927567
854 191 40 44 0.030835843
982 632 42 50 0.030830882
520 426 13 11 0.03080506
362 214 29 35 0.030778145
517 98 17 25 0.03076304
296 26 34 46 0.030697426
517 477 14 16 0.03064928
97 246 20 28 0.03062777
151 145 26 40 0.030216238
612 207 41 50 0.030163268
109 229 48 56 0.030103114
590 508 24 20 0.030005462
996 328 24 33 0.029925106
587 210 32 47 0.029811397
458 186 42 52 0.029790241
9 242 19 29 0.029568333
682 403 16 13 0.029527027
1 0 26 22 0.02950256
523 101 14 17 0.029498016
281 434 7 9 0.029348254
103 15 27 47 0.029243756
283 300 36 49 0.02923312
517 30 17 23 0.02921601
520 100 11 14 0.028984703
1006 183 18 41 0.02898273
340 88 21 31 0.028979206
165 138 10 13 0.028976323
316 437 15 19 0.028964402
139 189 40 46 0.028917423
311 428 10 12 0.0288593
835 151 35 50 0.028829744
585 217 19 28 0.028770758
0 504 53 116 0.028558657
237 270 24 33 0.028547537
424 349 36 46 0.02845944
535 120 25 34 0.028447328
581 189 20 32 0.028423294
708 3 33 53 0.02838007
654 89 14 21 0.028368263
607 192 23 33 0.028318677
468 164 36 48 0.02828088
536 179 21 31 0.02815934
1003 213 21 37 0.028127518
600 194 39 42 0.028030155
278 436 8 10 0.027783731
678 59 12 16 0.027745144
110 57 26 35 0.027717644
358 216 42 52 0.027692508
273 433 8 9 0.027491141
988 213 26 35 0.02748016
1009 174 15 34 0.027460733
158 132 20 27 0.027449751
279 212 34 48 0.027340654
537 107 14 16 0.027271846
361 91 21 27 0.02725727
150 527 24 30 0.027252052
642 118 57 88 0.027207475
26 227 19 27 0.027054155
639 194 38 47 0.027013753
515 86 18 26 0.02697804
346 13 28 36 0.026960036
712 58 21 32 0.026848253
865 26 21 27 0.026717182
132 4 35 50 0.026475416
343 5 42 53 0.026419062
761 177 27 33 0.026409268
723 56 25 33 0.026376788
307 430 18 20 0.02620091
368 174 35 54 0.026195072
155 108 21 29 0.026107103
252 433 9 10 0.025965933
384 186 49 61 0.025877127
783 49 29 43 0.025736498
14 219 20 28 0.025600793
568 187 63 82 0.025592396
323 431 16 21 0.025505366
762 109 43 64 0.025458314
317 431 10 12 0.025401374
728 196 29 42 0.025364295
461 455 17 22 0.025361085
534 169 36 49 0.02531916
640 144 38 62 0.025231758
980 199 17 26 0.025135607
0 200 18 47 0.025042553
0 156 22 50 0.02492658
734 173 25 37 0.024904666
492 84 23 31 0.024895718
228 195 42 62 0.024894446
301 435 17 19 0.024863988
697 156 38 52 0.024850568
821 140 41 50 0.024822695
108 233 10 12 0.024731578
677 142 93 122 0.024593508
487 143 33 51 0.024480302
701 192 33 39 0.024445606
538 117 16 18 0.02433159
376 208 44 46 0.024307659
531 90 22 27 0.024244906
317 274 9 10 0.024220476
562 178 36 51 0.024128163
3 133 48 78 0.024056282
121 183 28 38 0.024052097
467 449 23 30 0.023989506
24 239 22 30 0.023934672
783 143 44 50 0.023922121
244 245 18 23 0.02390393
578 162 38 56 0.023893936
104 192 38 49 0.023883432
780 50 17 21 0.023852784
241 255 17 20 0.023808649
157 110 13 19 0.023798905
953 40 26 34 0.023780765
239 204 26 41 0.023729185
586 153 55 76 0.023717232
838 60 15 19 0.023679357
532 89 14 18 0.023663241
167 425 41 49 0.023652093
248 237 25 30 0.023637163
302 44 29 37 0.023631845
988 102 14 17 0.023596179
541 95 35 39 0.023494331
783 94 23 28 0.023483487
826 0 198 183 0.02341682
523 167 34 47 0.023414772
748 194 29 37 0.023413775
348 90 27 29 0.023391655
722 168 28 41 0.023383362
587 205 16 25 0.023382915
832 40 18 20 0.023370234
217 404 15 9 0.023309689
229 224 30 42 0.023227567
643 94 22 38 0.02321509
238 257 13 15 0.023203261
539 112 37 44 0.023154356
680 398 23 26 0.023126075
501 466 16 21 0.023120724
568 201 26 35 0.023089558
6 74 24 35 0.023031777
117 241 26 31 0.023025787
188 438 7 9 0.022997646
686 174 40 49 0.022990815
771 96 37 45 0.022960516
173 169 21 37 0.02294315
514 402 26 30 0.022841038
592 219 41 52 0.022805514
794 55 22 42 0.022792496
801 153 41 50 0.022753477
794 399 24 37 0.022749888
305 436 22 22 0.022709161
740 167 25 35 0.022695413
115 192 53 68 0.022686608
515 429 27 32 0.022651052
959 192 40 53 0.02262183
0 0 132 188 0.022600943
751 103 83 114 0.02254348
589 0 29 24 0.02253424
101 219 25 34 0.02252825
320 435 7 10 0.022433873
323 431 12 13 0.022382794
785 468 239 214 0.022372164
626 0 31 26 0.022345698
0 63 23 45 0.022230951
56 0 30 25 0.022222701
109 404 9 10 0.02218162
0 261 37 57 0.022113554
669 57 24 43 0.022093844
718 122 33 42 0.022088127
108 171 44 61 0.022081561
736 190 28 35 0.022056065
164 144 11 14 0.022034165
613 405 10 19 0.022015851
141 0 40 42 0.021949748
9 156 29 47 0.021906653
0 188 11 27 0.021902427
312 442 9 10 0.021755751
676 385 27 30 0.0217528
291 428 17 21 0.021742899
153 140 20 23 0.021720981
517 122 29 32 0.021720491
660 134 56 68 0.02171221
714 29 23 36 0.021628287
83 2 45 53 0.021626359
284 428 13 17 0.021607153
163 138 20 27 0.021598447
301 115 19 27 0.02159209
0 148 31 88 0.021583308
864 0 14 10 0.021543663
463 135 43 61 0.021541502
315 545 17 25 0.021536749
323 88 30 37 0.021524075
711 197 36 45 0.021485843
532 120 21 22 0.02145736
0 198 12 30 0.02143923
259 434 9 11 0.02139729
0 113 25 51 0.021393185
244 108 21 25 0.021353528
483 196 26 32 0.021233087
574 213 31 47 0.021203054
147 169 46 59 0.021091519
527 104 15 16 0.02108921
761 96 8 9 0.021065086
0 509 97 173 0.021048697
498 122 41 46 0.021037508
111 226 10 11 0.021029096
580 222 32 50 0.021027882
0 575 54 107 0.021024708
447 274 20 36 0.021016896
974 224 41 53 0.020965174
753 160 26 37 0.020913232
395 6 21 26 0.020892166
713 46 23 35 0.020853203
42 202 24 28 0.020841049
316 434 12 15 0.020811148
858 183 29 34 0.020768272
163 138 7 10 0.020712761
0 455 44 86 0.020689217
311 142 11 16 0.020653682
476 185 27 34 0.02061861
402 180 36 48 0.020600773
105 30 29 53 0.02058946
116 241 11 12 0.020528952
771 161 36 41 0.020526493
706 28 48 73 0.020495286
0 423 35 60 0.020484
313 87 28 38 0.020450976
338 89 33 44 0.0204487
431 177 9 10 0.020425698
729 68 16 22 0.02042548
0 0 21 41 0.020411562
500 177 44 47 0.020400485
689 405 13 10 0.020391926
474 242 12 12 0.020343008
615 191 28 33 0.020336423
322 437 10 12 0.020325972
606 183 21 29 0.020283047
759 133 21 30 0.020252008
614 455 36 42 0.020247618
864 34 11 14 0.020201012
837 188 43 50 0.02017599
991 314 33 68 0.020175833
1012 360 12 36 0.020168805
305 104 21 31 0.020155976
298 92 14 23 0.020148695
711 70 21 31 0.020122474
108 240 9 10 0.02009738
622 182 27 35 0.019988338
892 162 34 48 0.019983586
261 237 28 31 0.019978417
426 181 25 36 0.019943457
870 193 38 45 0.019932574
812 178 32 35 0.01993182
852 204 42 51 0.019919522
358 454 19 22 0.019906174
516 186 40 52 0.0199026
776 131 93 105 0.019900005
627 446 32 42 0.01983699
848 156 40 52 0.019823154
497 185 30 34 0.019794622
373 391 20 28 0.019783003
0 148 16 39 0.019778466
13 225 14 24 0.019776162
161 148 24 33 0.019774823
576 198 17 25 0.019773185
537 189 37 49 0.019726876
761 189 25 33 0.019716412
9 121 34 53 0.019714132
612 404 25 31 0.019702768
230 244 24 33 0.019672234
248 249 23 29 0.019670501
504 87 29 35 0.019654822
471 461 20 24 0.019638792
400 153 69 86 0.019629925
47 95 25 33 0.019560989
17 246 37 49 0.019499026
244 267 22 29 0.019449357
385 201 32 38 0.019444866
241 232 14 23 0.019422933
158 120 16 25 0.019418973
278 92 29 38 0.019375902
302 427 14 17 0.019375652
56 0 19 15 0.019364938
249 258 8 12 0.019316878
516 435 16 19 0.01930824
731 49 21 32 0.019273106
286 436 9 12 0.019265762
1018 172 6 32 0.019249605
508 119 70 85 0.01922673
337 229 42 51 0.019192081
43 176 13 16 0.019171286
714 136 38 52 0.019168228
272 0 29 26 0.019159216
554 429 8 10 0.019157644
107 211 10 11 0.019155907
943 42 20 27 0.019139756
0 79 19 38 0.01905638
702 452 222 230 0.01904786
79 6 60 85 0.019040555
349 0 34 36 0.019019794
515 410 32 35 0.01901521
287 449 9 12 0.019005848
1011 669 13 13 0.018978195
662 47 25 36 0.018943673
951 45 17 21 0.018904176
43 536 9 12 0.018872447
360 399 12 16 0.018870918
680 0 249 178 0.018864196
592 215 22 27 0.018848043
300 37 23 31 0.018824238
327 442 14 17 0.01880966
676 87 12 15 0.018805735
1010 329 14 33 0.018780636
813 113 43 57 0.018763145
278 80 42 60 0.018746292
651 198 44 56 0.018729351
738 202 28 39 0.01871281
310 33 38 47 0.0186898
607 214 27 30 0.018676817
646 427 39 44 0.018668778
520 111 16 21 0.01866588
558 229 38 50 0.018596364
159 134 12 17 0.018570919
477 165 20 38 0.018568361
130 213 17 24 0.018566566
1014 130 10 34 0.018546045
976 43 19 29 0.018545205
294 104 28 41 0.018535588
589 213 17 23 0.018524304
121 140 38 59 0.018524239
425 183 14 25 0.018520674
511 0 29 23 0.018506605
914 232 42 52 0.018499509
592 526 14 17 0.018487092
98 237 15 18 0.018469226
349 391 9 11 0.018453043
310 145 15 22 0.018426625
461 467 15 15 0.01842238
747 137 10 14 0.01839972
654 193 33 36 0.018384952
283 449 9 11 0.018375583
431 0 256 180 0.018352212
311 396 9 9 0.0183222
269 435 9 11 0.018315287
129 16 59 85 0.018311929
511 0 18 14 0.018309616
118 246 17 20 0.018242903
994 76 13 15 0.01823294
151 0 29 25 0.018228589
323 294 35 42 0.018221866
857 222 26 30 0.018219117
110 231 9 10 0.018218085
31 228 31 40 0.01821209
38 0 49 48 0.018180287
960 47 10 14 0.018167825
898 268 81 101 0.018160883
74 237 32 40 0.01815963
96 264 37 50 0.018124241
348 211 30 36 0.018120881
96 242 11 15 0.018082295
326 349 7 9 0.018047355
556 389 36 48 0.018039674
171 424 28 32 0.018030249
24 216 24 30 0.017994704
547 118 15 19 0.01796848
1 438 212 244 0.01795416
749 202 44 54 0.017946497
936 13 42 58 0.017938998
823 189 22 27 0.017930968
235 260 11 16 0.01791675
140 519 38 49 0.017916126
417 170 20 29 0.017912121
98 278 22 41 0.017911248
249 224 22 30 0.017888047
636 179 29 38 0.017880883
388 80 21 28 0.017875714
731 175 19 28 0.017865438
311 438 8 10 0.017848063
803 153 60 72 0.017830882
538 454 36 47 0.01780408
256 435 8 9 0.017797986
467 188 60 76 0.017786706
941 592 83 90 0.017786685
91 228 21 28 0.017778132
125 412 8 9 0.017766746
371 223 29 32 0.017763145
124 208 14 20 0.017731039
807 136 36 42 0.017721893
105 239 13 14 0.017707193
969 411 55 98 0.017699711
1010 229 14 31 0.017699536
9 208 47 69 0.017696632
103 0 263 183 0.017671224
109 206 22 29 0.017641088
607 171 34 47 0.017631533
943 0 22 19 0.017609268
316 430 8 10 0.01757966
116 235 14 15 0.017534414
10 0 34 31 0.017475909
827 158 53 65 0.017469596
541 464 21 27 0.017449064
645 442 38 47 0.017442595
411 386 12 13 0.017436119
321 424 15 19 0.01742695
830 177 30 36 0.017416822
492 384 26 38 0.017378654
0 38 30 64 0.017349308
265 231 21 25 0.01734606
120 229 16 20 0.017333506
896 24 7 10 0.017316287
484 157 30 29 0.017289493
413 0 27 20 0.017285656
829 191 15 15 0.017281704
734 69 12 13 0.017272357
587 409 28 31 0.017267862
29 2 75 82 0.01726363
899 394 9 9 0.01724351
1012 53 12 33 0.017232802
941 48 26 35 0.017217703
470 80 37 47 0.017216166
960 65 10 11 0.017206326
547 120 20 28 0.017205989
981 0 43 48 0.017182728
574 218 20 25 0.017176671
862 0 25 24 0.01717596
722 107 9 9 0.017170163
649 89 21 33 0.017134422
398 68 8 9 0.017132115
867 269 36 66 0.017111495
157 155 37 53 0.017106438
996 184 23 34 0.01709818
506 385 39 45 0.017074633
292 5 45 53 0.017072858
446 451 22 26 0.017070984
283 439 10 13 0.017068727
584 2 37 45 0.01706275
140 4 11 15 0.017059717
802 0 23 30 0.017052243
541 111 11 14 0.01704621
551 113 14 18 0.017043337
110 16 17 30 0.01700881
653 1 43 47 0.01699807
40 216 32 46 0.016989358
291 438 9 12 0.016974295
541 96 19 26 0.016972257
0 96 16 32 0.016971935
56 40 27 30 0.016965516
988 402 36 67 0.016965058
677 68 13 24 0.016956981
523 475 24 26 0.01691135
39 122 48 63 0.0169053
677 67 23 37 0.016884532
577 507 13 16 0.01686198
399 215 34 41 0.016861567
927 0 97 95 0.016855571
280 434 17 20 0.016841587
0 132 15 35 0.016835542
113 234 9 10 0.016794765
0 182 24 47 0.016786922
724 216 39 49 0.016778367
168 140 14 17 0.01677736
507 434 30 38 0.016754609
337 90 15 25 0.016754422
290 441 7 10 0.016748523
478 31 17 24 0.016736964
149 181 30 37 0.016728323
1012 348 12 33 0.016725685
4 476 60 106 0.01671131
609 204 19 28 0.016698705
649 114 11 15 0.016686462
110 209 12 12 0.01667454
26 240 14 20 0.016653895
713 73 14 19 0.016646154
787 85 75 94 0.01664006
346 86 18 24 0.016639471
638 114 39 60 0.016638376
6 584 33 44 0.016615383
1013 154 11 31 0.01661459
555 462 35 38 0.016591592
311 435 30 29 0.016583446
823 161 25 34 0.016572136
187 426 8 9 0.016536681
302 68 33 44 0.016526328
901 170 23 30 0.016521443
250 432 8 9 0.016515117
307 141 24 35 0.016507957
128 165 26 42 0.016507275
96 248 12 18 0.016504401
817 168 24 31 0.016501408
1000 328 15 22 0.016490487
829 25 23 36 0.016468463
517 474 22 24 0.016467895
37 206 28 42 0.016453246
767 35 48 65 0.016446427
0 0 82 70 0.016426034
1001 0 23 32 0.016423894
355 81 57 73 0.016422724
299 435 9 12 0.016393257
178 231 39 49 0.016375903
74 245 22 26 0.016373519
725 110 15 12 0.016371716
124 219 19 28 0.016366404
497 74 29 39 0.01632872
975 185 20 30 0.016328255
405 558 16 18 0.016328106
996 652 28 30 0.016317207
605 216 13 15 0.016302494
654 380 39 40 0.016295535
701 1 58 72 0.016274601
418 326 39 53 0.016268868
643 209 25 31 0.01624666
346 111 57 90 0.016242871
651 31 30 47 0.016241454
697 206 40 51 0.016232528
522 429 11 12 0.016229572
576 209 14 21 0.016219588
933 0 33 28 0.016206805
288 23 30 37 0.016202357
234 265 13 20 0.016181847
155 521 18 18 0.016178789
21 199 35 49 0.01617298
897 40 69 93 0.016169336
1013 263 11 34 0.016168064
720 207 33 43 0.016165987
966 47 11 16 0.016142827
49 0 105 134 0.016142754
255 432 7 9 0.016103415
509 423 26 31 0.016096788
9 105 56 83 0.016084764
403 119 69 89 0.016075104
802 58 15 27 0.016071614
156 532 17 19 0.01606621
694 453 34 47 0.016063109
863 168 36 46 0.016046207
257 253 38 43 0.016045926
645 431 20 27 0.016040288
994 133 30 55 0.016032698
0 28 11 21 0.016009891
141 154 9 11 0.01600841
851 605 43 47 0.016003016
277 436 11 15 0.016000438
978 321 46 97 0.015995018
387 167 40 53 0.015981229
427 176 13 19 0.015978819
234 432 8 10 0.015974002
881 250 74 92 0.015957681
757 91 37 44 0.015940879
718 106 33 42 0.01593926
525 83 13 17 0.015939012
481 124 35 50 0.015937991
996 245 28 42 0.015930995
243 267 42 47 0.015930722
607 532 12 16 0.015924549
53 0 59 59 0.015910834
685 648 50 34 0.015910052
828 1 27 34 0.01590433
475 198 24 31 0.015899219
136 24 23 35 0.015890643
519 86 38 47 0.01588265
456 506 20 20 0.015872125
526 188 27 32 0.015864525
0 170 12 32 0.015858589
274 0 250 179 0.015856054
629 132 83 112 0.015852526
304 123 21 29 0.015847148
314 439 9 10 0.015841274
541 191 22 32 0.015832046
723 206 60 81 0.015825002
129 224 36 40 0.015822837
9 543 36 55 0.01581683
495 120 112 136 0.015811289
602 221 23 30 0.01578894
282 435 10 12 0.015782041
696 423 10 13 0.015773268
79 235 22 28 0.01576821
265 171 58 77 0.015762733
565 399 40 50 0.015761787
309 421 15 19 0.015756223
387 4 35 43 0.015752187
547 112 13 15 0.01573849
141 146 22 27 0.015737563
387 0 26 27 0.015736323
415 194 25 36 0.015720772
1021 171 3 28 0.01571602
66 563 15 19 0.015708892
400 95 17 23 0.015701689
1000 317 24 35 0.015698314
456 451 29 35 0.015688518
511 21 27 33 0.01567866
163 8 79 101 0.015678177
320 446 15 18 0.01567344
852 204 28 29 0.015671477
434 273 33 49 0.015665779
9 69 34 46 0.01566247
353 14 44 59 0.015659934
537 209 39 50 0.015652023
605 454 12 14 0.015650555
486 197 38 43 0.015638245
790 40 35 53 0.015629174
1011 407 13 40 0.01561758
791 96 15 19 0.015605702
693 182 25 34 0.015598738
525 101 9 11 0.01558633
470 439 22 25 0.015582417
596 222 75 94 0.015581206
288 431 12 16 0.015560497
32 532 18 25 0.015548119
327 425 12 16 0.015545538
540 105 10 11 0.01552745
293 417 26 34 0.015510552
273 439 9 12 0.0155019555
90 252 30 42 0.01549943
106 214 18 28 0.015498709
1000 116 24 49 0.015490919
610 219 16 18 0.015487736
972 212 33 43 0.01548568
732 233 20 19 0.015477525
595 200 17 22 0.015471873
503 115 31 32 0.015457505
401 86 26 31 0.01544032
975 29 18 25 0.015431565
393 86 14 15 0.015431332
69 187 22 27 0.015424432
265 436 7 9 0.015400289
0 408 24 58 0.01539551
763 67 54 78 0.01538885
153 129 18 26 0.015372543
894 232 42 53 0.015343997
563 212 31 42 0.015342167
0 31 19 52 0.015339675
8 489 43 63 0.015339165
260 434 12 15 0.015337583
322 444 10 12 0.015330865
290 97 16 25 0.015329652
918 34 21 29 0.015323937
923 247 52 63 0.015317587
135 0 66 68 0.015307026
672 188 41 45 0.015304165
668 44 11 14 0.015293128
904 32 8 11 0.015293034
884 128 11 14 0.015286498
0 83 41 82 0.015264832
718 70 20 26 0.015259437
8 154 53 81 0.015258991
607 407 19 27 0.015257292
460 3 69 79 0.015247245
943 0 54 60 0.015244842
738 114 43 61 0.015241963
596 416 24 31 0.015234261
381 227 27 31 0.015226671
596 241 10 12 0.015205127
409 311 59 80 0.015199765
668 103 11 14 0.015189343
231 229 55 74 0.01518655
251 264 18 23 0.015180153
0 464 17 36 0.015170474
245 149 59 86 0.015168012
678 179 29 37 0.015158705
1010 205 14 35 0.015157929
966 288 58 93 0.015138169
465 509 10 11 0.015128474
310 121 9 11 0.015126224
1007 235 17 42 0.015120193
0 253 15 40 0.015119004
0 645 25 37 0.015116463
719 87 12 12 0.015113914
534 74 19 26 0.015105542
259 191 34 43 0.015104321
890 0 46 49 0.015085607
564 401 22 31 0.01508062
0 391 37 60 0.015070416
125 215 62 75 0.015061871
267 224 33 39 0.015061321
115 210 8 9 0.015058193
164 0 16 14 0.0150514105
363 84 18 24 0.015042675
608 111 19 29 0.015032027
860 551 37 40 0.015027703
761 75 9 13 0.0150193665
832 72 8 11 0.015005539
920 23 73 99 0.014999277
490 92 32 40 0.014997659
905 0 61 67 0.014990924
31 74 39 52 0.014984216
309 15 11 13 0.014983679
12 141 24 40 0.014980476
1012 276 12 37 0.014971175
88 488 42 57 0.014964591
977 159 38 57 0.014962599
489 198 52 63 0.014958944
222 215 50 69 0.014956822
838 40 13 13 0.014948541
826 14 69 92 0.014945004
876 156 38 51 0.014939226
976 178 48 90 0.0149365375
196 395 18 11 0.014932773
329 306 21 23 0.01493194
541 124 17 22 0.014925955
755 142 25 39 0.014920027
184 0 66 55 0.01491719
598 172 83 104 0.014912015
725 80 79 110 0.014911736
276 438 8 9 0.014908083
454 0 52 53 0.014905328
0 520 42 65 0.014903924
726 24 38 52 0.014902761
403 379 23 25 0.014896828
964 355 44 60 0.01489534
950 27 27 36 0.014880116
681 58 9 12 0.014877791
666 396 36 41 0.014874137
301 9 57 72 0.01487128
200 438 7 11 0.014870888
160 144 9 11 0.014834296
474 25 39 51 0.01482805
398 94 12 16 0.0148110455
5 178 19 28 0.014810632
685 406 9 9 0.014798841
617 0 39 48 0.014791889
394 66 13 16 0.014766632
759 191 66 79 0.0147661
315 103 9 11 0.014757594
173 431 12 15 0.014752142
917 225 31 41 0.014750639
167 442 44 63 0.014744138
219 251 39 51 0.014738341
165 131 20 24 0.01473221
0 213 13 26 0.01473112
530 79 13 17 0.014724232
964 444 60 104 0.014721922
624 213 61 75 0.014719485
491 40 28 38 0.014719457
834 70 43 53 0.014705278
597 77 20 27 0.01470515
575 510 13 20 0.014702632
396 77 16 22 0.014691427
301 117 32 48 0.014689819
527 121 17 20 0.014685145
295 296 34 47 0.014681523
794 171 42 44 0.014676021
745 7 31 47 0.014674143
580 500 10 10 0.01465807
615 126 58 85 0.014650953
352 403 34 44 0.014645341
454 202 48 61 0.014643083
833 118 38 52 0.014634387
78 190 16 21 0.014619567
0 191 5 14 0.014615549
269 440 9 12 0.014610038
150 90 32 45 0.014607373
866 0 34 31 0.014605004
692 195 28 36 0.014593704
633 193 30 37 0.014577649
360 157 36 53 0.014573149
476 39 50 71 0.014558134
615 365 43 54 0.0145579185
821 184 19 22 0.014555951
108 220 13 15 0.014550647
754 423 24 34 0.014543377
19 55 40 53 0.014541821
317 341 8 11 0.014537027
55 538 19 22 0.014536083
514 148 72 86 0.0145187415
358 98 22 34 0.0145077
582 0 66 55 0.014492749
339 477 12 12 0.014488187
873 212 41 51 0.014486547
685 401 11 10 0.014474564
932 400 92 162 0.0144683
204 401 13 10 0.014468202
599 454 40 50 0.014463798
414 170 42 56 0.014458544
744 156 21 30 0.014455555
802 391 23 38 0.014452028
758 118 20 37 0.01445178
544 202 24 31 0.014432442
66 249 28 37 0.014429849
307 443 11 16 0.014429329
141 41 67 96 0.014426224
344 185 35 52 0.014426094
279 427 10 12 0.014424815
986 234 38 85 0.014421521
723 0 41 48 0.014419769
553 200 27 36 0.014414228
546 75 36 48 0.014412999
125 14 33 51 0.014412803
42 252 35 46 0.014388653
257 302 52 55 0.014379863
406 212 23 31 0.014379789
708 147 33 53 0.01437719
695 135 39 54 0.0143757425
1000 338 15 22 0.014366233
246 0 66 51 0.014362508
555 427 11 11 0.014359726
114 54 36 44 0.014353012
73 635 51 47 0.014342334
576 498 12 10 0.014339836
584 238 23 31 0.014334706
798 0 164 127 0.014332738
946 50 34 50 0.014332349
518 448 40 50 0.014330628
413 220 26 32 0.014318413
506 471 20 22 0.014314526
105 230 11 13 0.014308916
49 12 41 54 0.014298326
526 91 11 18 0.014290927
212 404 20 17 0.014288273
715 64 12 13 0.014280265
180 213 37 49 0.014278274
680 57 19 30 0.014263083
352 17 19 22 0.014259967
430 403 35 44 0.014245994
329 419 15 20 0.014244791
622 197 27 33 0.014234423
842 164 65 82 0.014231213
552 112 21 26 0.01422917
359 0 69 75 0.014223837
635 163 26 38 0.014222975
38 47 44 56 0.014216948
978 38 12 17 0.014215971
741 410 35 49 0.014213173
839 191 21 30 0.014203336
104 245 15 17 0.01420215
354 169 28 43 0.014198204
811 150 25 35 0.014195061
41 234 33 45 0.014191387
589 515 20 22 0.014186057
804 403 25 39 0.014182795
146 138 21 23 0.014181595
352 502 47 55 0.014177069
902 243 48 67 0.014174511
436 173 39 49 0.014173755
142 46 39 54 0.014170948
474 156 18 31 0.014170652
751 11 20 27 0.014166876
325 436 8 9 0.014166562
529 86 13 16 0.014157956
392 66 22 30 0.014148613
0 627 39 55 0.014145456
870 647 51 35 0.01413944
160 97 32 44 0.01413115
365 85 35 39 0.014128391
183 430 28 30 0.014128306
136 228 42 50 0.014119459
165 394 56 70 0.014117799
0 75 14 29 0.014116729
163 425 10 13 0.014111215
971 453 35 49 0.0141049335
533 107 12 12 0.01409716
297 130 26 37 0.014097027
952 9 19 21 0.014089034
348 235 61 74 0.014087708
330 307 13 17 0.014082792
1017 202 7 32 0.014081909
307 32 20 29 0.014077327
470 509 10 12 0.014076993
50 38 38 47 0.014072186
1017 187 7 33 0.0140705295
28 553 18 25 0.014066992
814 2 40 48 0.014065388
331 433 8 9 0.01406074
343 52 60 77 0.01405901
513 190 26 31 0.014050453
125 240 17 21 0.014041685
307 50 32 43 0.014040875
573 517 10 15 0.01403976
535 200 22 27 0.014024549
897 77 47 60 0.014019018
528 97 12 17 0.014005075
404 161 33 47 0.014004178
264 215 56 71 0.013990882
140 116 38 54 0.013990482
701 498 27 36 0.013981845
118 379 7 9 0.013979036
678 83 11 14 0.013977425
962 1 37 40 0.01397678
721 104 19 15 0.013975009
209 404 16 12 0.013974664
406 179 24 31 0.013970283
878 231 39 53 0.013967661
839 171 24 33 0.013946801
729 156 29 45 0.013939089
807 187 38 44 0.0139338495
852 79 33 44 0.013929925
789 389 23 34 0.013918807
1004 326 13 15 0.013918317
678 89 9 10 0.013912333
718 40 17 20 0.013911824
0 249 11 22 0.013911037
283 422 9 10 0.013905148
305 434 7 10 0.013900041
31 246 31 39 0.013898888
363 233 29 36 0.013897502
715 76 10 12 0.013893837
614 409 7 12 0.013892106
363 632 74 50 0.013889299
6 434 58 88 0.013888166
721 33 19 24 0.013886548
622 159 32 48 0.01388137
962 646 44 36 0.013873055
277 429 14 17 0.013859073
72 407 7 9 0.0138534615
293 430 6 10 0.013850772
727 63 27 37 0.013847265
899 173 114 136 0.013844037
736 70 13 19 0.013841115
118 156 62 88 0.013839072
467 173 24 33 0.013825712
71 265 19 25 0.0138220005
779 272 80 92 0.013819494
883 129 15 21 0.013807479
769 501 125 165 0.013799893
437 234 21 26 0.013798865
314 485 12 12 0.013788409
534 471 23 28 0.013781878
579 505 10 11 0.013776757
836 518 39 53 0.013774916
153 200 26 32 0.013772405
291 421 10 13 0.013765273
777 169 70 80 0.013764746
753 406 39 52 0.013758802
832 9 12 14 0.013758695
400 82 17 21 0.013749383
446 239 14 16 0.013747148
174 428 10 11 0.013746941
127 217 14 20 0.013746577
795 0 42 47 0.013745882
107 210 16 20 0.013735518
168 159 24 32 0.013723772
194 436 11 15 0.01372353
47 77 38 49 0.013723464
978 219 20 28 0.013719679
237 271 14 16 0.013718639
591 176 26 37 0.013706881
515 0 38 36 0.01370168
1011 0 13 19 0.013699443
197 430 7 10 0.013692699
15 83 116 149 0.013683284
792 104 42 52 0.013666562
877 175 29 41 0.013641624
0 515 18 31 0.013625658
304 50 16 21 0.013623699
26 30 73 96 0.013620358
722 656 47 26 0.013619513
487 27 46 62 0.013618674
713 225 42 54 0.0136180455
444 440 20 25 0.0135967685
937 284 87 150 0.0135944225
288 428 26 31 0.013587876
299 83 21 28 0.013586068
77 254 21 27 0.013584198
894 626 52 56 0.013583096
386 2 68 75 0.013577606
191 435 9 10 0.013575127
630 375 46 49 0.01357421
264 92 37 47 0.013570605
456 60 40 59 0.0135688875
746 26 26 39 0.013564703
478 463 7 11 0.013559538
330 20 39 50 0.013556422
1017 322 7 36 0.013544504
93 633 53 49 0.013544482
500 297 75 98 0.013543216
849 625 56 56 0.013535426
925 185 60 73 0.013516409
462 33 10 12 0.013513425
33 0 238 239 0.013513173
105 254 17 21 0.013509152
956 119 11 15 0.013506271
199 213 37 48 0.013500684
680 73 72 94 0.01349777
584 19 27 36 0.01349438
319 440 8 10 0.013484986
680 406 26 34 0.01348449
107 251 33 38 0.013475557
18 249 21 26 0.013474396
557 114 37 47 0.013473518
302 415 28 35 0.013447844
228 257 58 78 0.013436489
189 430 7 9 0.013432303
397 186 73 89 0.013428017
987 365 37 69 0.013416349
0 443 24 62 0.013414351
394 0 49 45 0.013413645
14 208 26 31 0.013407871
409 199 22 28 0.013397728
153 530 36 42 0.013397393
349 0 24 20 0.013396781
894 137 47 64 0.013394417
399 69 37 48 0.013394138
13 15 45 58 0.01338629
509 97 18 20 0.013384711
793 86 17 26 0.013382194
136 176 27 35 0.0133768255
975 71 49 95 0.0133747365
762 190 39 44 0.013371644
0 285 37 62 0.013366465
354 454 28 35 0.013358639
17 235 13 19 0.013355035
286 400 27 43 0.013354167
400 365 33 37 0.013346606
17 4 36 42 0.013344758
837 593 48 52 0.013336409
382 102 12 18 0.013333228
33 234 17 25 0.0133321
512 425 42 51 0.013330621
898 60 9 12 0.01332727
887 223 35 42 0.013325369
382 452 11 14 0.013320781
846 197 23 28 0.013318388
536 88 9 11 0.013316213
527 68 20 29 0.013313995
595 523 21 23 0.0133115435
631 0 40 40 0.013302077
993 62 12 13 0.013296842
585 501 25 23 0.013295279
158 212 39 48 0.013287891
308 124 9 11 0.013282905
988 297 36 48 0.013280354
647 408 38 47 0.013278042
295 424 16 20 0.013268491
1021 202 3 22 0.0132628055
822 132 29 36 0.013259136
524 97 8 12 0.013257935
830 1 44 50 0.013256751
234 385 12 11 0.01325423
633 100 28 41 0.01325147
281 279 37 51 0.013245755
56 101 18 23 0.013242756
249 261 10 14 0.013225973
834 64 15 18 0.013222311
576 224 22 28 0.013222119
737 73 9 11 0.013221502
1022 169 2 23 0.013221148
77 403 10 12 0.013219329
519 424 11 9 0.013216685
998 326 13 16 0.013216228
1019 162 5 29 0.01321321
851 175 24 31 0.013211957
660 0 29 31 0.013208986
716 134 22 30 0.013197732
998 268 26 47 0.013197489
325 555 139 127 0.013189969
355 14 14 17 0.013182226
292 389 31 45 0.013181186
88 516 23 35 0.013173289
956 23 68 111 0.013172908
561 452 64 78 0.01316774
242 265 15 17 0.013164042
491 0 49 49 0.013162575
903 159 42 52 0.013159787
349 26 23 35 0.01315871
291 209 42 58 0.013158245
522 61 31 46 0.013157405
865 29 34 49 0.013155014
130 211 11 17 0.013152926
420 289 40 48 0.013149716
271 430 12 16 0.013142704
777 100 25 29 0.013136713
884 269 44 65 0.013133585
11 215 18 21 0.013131889
658 53 113 146 0.013129707
464 135 63 94 0.013128217
431 433 32 37 0.013126208
586 419 28 33 0.01311361
286 79 21 28 0.013111424
553 405 28 37 0.013111023
508 410 25 29 0.013107743
57 49 42 54 0.01310719
954 37 18 23 0.013100057
535 0 198 140 0.013087722
284 130 31 42 0.013085841
679 77 14 18 0.013084179
902 172 14 19 0.013083978
550 459 13 24 0.013078774
619 423 36 48 0.013076682
72 259 29 38 0.013070165
18 257 22 30 0.013068432
866 28 13 17 0.013066661
765 81 37 42 0.01306362
834 208 46 53 0.013061656
306 127 39 52 0.013057562
636 482 39 47 0.013053192
116 247 9 10 0.0130481105
21 221 15 20 0.013046092
193 0 80 90 0.013043668
244 257 10 13 0.0130358795
76 436 48 61 0.013034386
180 182 13 27 0.013031987
428 188 14 25 0.01302608
826 177 23 27 0.013023578
223 0 72 70 0.013016859
613 0 201 136 0.013011558
435 189 25 31 0.013007215
793 94 10 11 0.013002818
937 260 48 61 0.013000586
694 408 9 9 0.012994215
248 0 39 36 0.012991078
527 586 16 17 0.012989724
428 1 73 81 0.012989421
162 147 9 10 0.012985254
484 1 35 44 0.012975438
802 404 42 53 0.012972083
785 99 29 35 0.012971856
148 131 57 77 0.01296421
492 436 30 39 0.012961904
98 200 29 41 0.012960851
344 396 32 41 0.012960025
163 123 18 24 0.012957654
634 456 41 51 0.012955789
1013 377 11 41 0.012954182
400 334 49 56 0.012949162
940 43 84 162 0.012947674
272 446 9 11 0.012946611
487 91 58 79 0.0129403
355 455 9 11 0.01293909
978 197 13 21 0.012935717
98 503 42 56 0.012934281
472 451 14 21 0.012934177
986 458 38 74 0.012931157
490 113 34 40 0.012929805
1 29 51 94 0.012927303
68 459 114 142 0.012918229
170 468 42 55 0.012913199
200 232 38 48 0.012911194
906 235 13 13 0.012901973
315 1 46 52 0.012901439
970 22 28 38 0.012888803
286 103 24 34 0.012884918
519 36 20 29 0.012884568
361 202 26 35 0.012882578
725 78 10 11 0.012880836
928 230 44 50 0.012876722
939 2 35 42 0.012875832
676 80 11 12 0.012867685
392 78 12 14 0.012866218
844 182 22 34 0.01285673
435 188 45 57 0.01285066
367 105 36 49 0.01284487
380 91 32 45 0.012840461
524 629 69 53 0.012837198
460 28 41 55 0.012835191
890 384 24 27 0.012830404
131 105 55 87 0.01282979
657 96 14 18 0.012829421
119 245 8 9 0.012813523
979 455 21 27 0.012806854
358 448 16 19 0.012803541
80 86 38 50 0.012799975
194 426 9 12 0.01279344
870 24 24 22 0.012792766
19 585 84 97 0.012791185
588 496 33 33 0.012791058
413 39 33 44 0.012788894
279 11 56 76 0.012787273
674 209 43 51 0.012785413
718 193 16 21 0.012778969
595 212 14 17 0.012771822
771 132 29 29 0.012764875
517 469 15 19 0.0127580175
18 126 21 32 0.012753452
970 118 54 103 0.012745857
704 185 25 33 0.012745554
478 468 9 15 0.012742618
869 512 38 48 0.012742225
524 104 8 11 0.012738094
364 399 35 45 0.012727151
769 114 28 36 0.012724721
69 0 35 30 0.012720237
662 103 20 25 0.012719628
385 56 23 31 0.01271875
609 100 57 85 0.012717491
455 513 21 23 0.012713506
29 236 13 16 0.01271338
1018 288 6 35 0.012713068
860 0 66 71 0.0127086695
580 507 22 18 0.012701445
919 593 11 16 0.012696291
353 649 48 33 0.012695544
361 18 8 9 0.012694067
722 82 12 15 0.012687862
609 221 51 61 0.012684466
716 198 22 30 0.0126817245
556 156 37 52 0.0126797585
496 0 11 10 0.012678321
149 0 20 18 0.012678301
87 245 19 25 0.012676317
513 143 29 37 0.0126762185
32 225 13 21 0.012674827
194 432 23 29 0.012673415
500 0 63 65 0.0126733305
278 426 26 32 0.012672028
162 424 8 11 0.01266263
498 442 309 240 0.012660941
26 518 25 38 0.012658479
865 485 55 75 0.0126544135
100 198 53 78 0.012653867
334 144 58 90 0.0126533825
0 198 5 13 0.012648536
714 82 14 20 0.012644769
4 228 56 81 0.012641803
605 229 25 33 0.0126400255
186 476 45 57 0.012638179
875 12 74 98 0.012636843
538 98 13 17 0.012634995
731 69 11 11 0.012634703
582 494 68 87 0.012631055
580 242 32 52 0.012627201
828 22 15 18 0.012618099
110 116 98 133 0.012617414
604 192 15 22 0.012615649
10 568 31 44 0.012615413
453 460 20 23 0.012615139
0 0 15 19 0.012611156
658 92 12 14 0.012609135
76 273 21 26 0.012595567
61 402 35 44 0.012592922
943 22 52 68 0.01258405
738 0 33 38 0.012578593
357 227 25 31 0.0125784315
133 31 39 57 0.012578318
452 176 34 44 0.01257309
491 65 112 140 0.012561187
553 97 39 48 0.012560476
659 38 20 26 0.012556224
655 97 10 14 0.012555271
495 434 20 27 0.012549044
460 509 11 10 0.012546957
982 228 24 30 0.012543442
692 630 73 52 0.012541262
1016 216 8 30 0.012535038
654 141 37 50 0.012528576
641 431 62 76 0.012528553
324 0 25 24 0.012521662
521 423 22 20 0.012517776
368 397 22 30 0.012516694
553 84 24 31 0.012516052
721 42 11 12 0.012513758
119 528 46 54 0.0125130005
982 176 23 34 0.012512796
381 127 109 141 0.012511688
898 0 30 30 0.012509947
264 182 29 34 0.012509189
29 76 65 88 0.012508978
186 418 63 74 0.012507586
339 615 72 67 0.012499367
1015 59 9 15 0.012499289
501 47 18 27 0.012496619
771 282 47 60 0.012486493
742 132 26 38 0.012483986
112 246 9 11 0.0124813495
893 195 38 47 0.012474517
79 528 19 27 0.012474443
585 30 38 56 0.012472835
801 73 14 26 0.012472357
945 198 79 154 0.012464859
100 376 37 41 0.012464014
649 444 28 29 0.012463888
613 206 29 32 0.012460016
581 267 36 56 0.012457946
665 163 31 41 0.012454488
766 58 35 49 0.0124512175
278 440 19 23 0.012445209
177 437 10 13 0.012443682
835 90 40 52 0.012437103
310 162 58 78 0.012420015
0 45 180 264 0.012415994
883 336 41 58 0.012413251
57 237 29 36 0.0124077955
666 0 107 99 0.012401313
448 436 18 19 0.012397035
583 212 12 18 0.012394103
166 425 8 9 0.012392076
876 250 40 65 0.0123874135
183 429 43 47 0.012384358
859 393 37 50 0.01238344
577 201 10 16 0.012382658
74 543 15 18 0.012379777
139 154 24 31 0.012379549
328 435 9 10 0.012378449
349 364 62 73 0.012377451
100 0 114 97 0.012375967
66 79 65 90 0.012374056
51 478 64 84 0.01237204
308 57 18 26 0.012369249
67 184 18 22 0.012367931
600 0 20 18 0.012366855
499 469 12 16 0.012365224
236 191 62 82 0.0123620005
1023 199 1 24 0.012357853
590 527 21 24 0.01235711
688 417 27 38 0.01235358
723 141 23 30 0.012350074
5 620 77 62 0.012343831
137 598 120 84 0.012341865
377 34 37 53 0.012341344
577 509 43 54 0.012340807
18 265 40 54 0.012340577
986 588 38 78 0.012339874
809 649 47 33 0.012338843
131 514 56 75 0.01233421
514 208 42 52 0.012331509
644 4 59 80 0.012329707
309 441 8 10 0.012328063
833 60 32 46 0.012327344
833 42 14 12 0.012306868
870 533 43 53 0.012301115
783 66 23 34 0.012298269
237 236 18 29 0.012295362
407 386 21 26 0.012293917
165 47 75 102 0.012293049
206 0 60 43 0.012292659
0 546 30 52 0.012290872
712 413 35 44 0.0122895185
80 457 44 66 0.012287696
372 669 32 13 0.012287354
0 436 20 43 0.012286979
312 88 19 26 0.012284916
201 563 140 119 0.01228371
667 197 29 33 0.012281855
711 0 27 26 0.012280616
313 157 11 13 0.012276949
379 342 33 34 0.012276632
1013 114 11 38 0.012275352
315 421 13 17 0.012273759
69 411 9 10 0.012269188
361 398 20 20 0.012266421
349 221 11 10 0.012261581
540 71 30 40 0.012261014
97 0 41 36 0.012260113
47 179 10 12 0.012259596
177 252 39 51 0.012256967
569 234 57 84 0.012255414
158 124 10 13 0.012252922
349 81 20 23 0.012252442
540 143 22 41 0.01225192
765 373 43 60 0.012250114
854 571 41 46 0.01224754
173 190 19 25 0.012240536
649 102 32 44 0.012238298
591 231 19 22 0.012237549
811 527 43 52 0.012237484
961 49 14 20 0.012237325
599 522 30 42 0.012229301
973 484 51 101 0.012226177
745 477 37 49 0.012222938
1 659 38 23 0.012219708
693 422 15 21 0.012218119
279 449 9 12 0.012213581
294 74 17 23 0.01221241
555 649 44 33 0.012209665
391 219 27 32 0.012203333
814 191 25 28 0.012202732
368 90 14 14 0.01220103
562 65 30 44 0.012199408
759 11 11 15 0.012196202
473 167 81 107 0.012194498
783 633 66 49 0.012193214
909 192 50 60 0.012192353
167 204 20 23 0.012190884
1017 312 7 32 0.012190598
108 408 9 11 0.012189752
510 0 13 9 0.0121865
1021 327 3 22 0.012186401
622 465 40 51 0.01218351
272 0 54 43 0.012181939
887 504 43 57 0.012180801
661 91 10 11 0.012175694
208 406 10 11 0.0121733295
436 447 26 31 0.01217124
828 10 16 21 0.01217082
525 220 62 80 0.012169562
69 491 39 56 0.012165719
62 126 16 21 0.012161957
568 103 38 53 0.012161871
518 475 35 46 0.012158157
546 1 70 85 0.012156169
633 419 33 42 0.012156124
842 130 53 73 0.012155866
68 406 8 10 0.012154186
983 97 22 28 0.012153927
308 295 20 32 0.012151282
376 230 39 44 0.012140099
685 266 38 53 0.01213941
31 159 57 83 0.012137695
665 44 16 23 0.012132226
991 240 24 29 0.012127554
781 590 72 87 0.012127433
993 69 19 26 0.0121246725
210 0 210 143 0.012121531
452 655 46 27 0.012114844
390 93 19 27 0.012112047
197 85 49 65 0.012109801
1000 308 22 26 0.012108994
135 0 30 29 0.012103404
525 420 35 39 0.012098238
727 212 8 10 0.012096616
609 9 42 60 0.012088301
316 112 38 52 0.012087526
718 67 31 47 0.012086723
1003 46 21 38 0.012085797
718 14 21 24 0.012084758
31 204 50 72 0.012082972
315 209 47 60 0.012080014
807 67 10 13 0.012079704
278 440 7 10 0.012079318
465 216 61 79 0.012078408
103 44 115 166 0.012077923
272 235 19 23 0.012077713
398 84 49 64 0.012077007
393 92 28 39 0.012076073
14 69 19 30 0.012075743
715 93 21 30 0.012072648
37 60 21 29 0.0120717
889 390 10 9 0.01206943
498 93 22 26 0.012066551
661 417 59 74 0.012066098
505 456 20 26 0.0120632835
545 528 9 11 0.012063009
113 222 13 13 0.012061788
0 578 29 67 0.012058511
320 454 12 10 0.012048565
580 192 13 19 0.012048491
433 363 25 27 0.012048396
1010 6 14 38 0.012048199
202 77 228 251 0.012048098
560 0 18 15 0.012046465
572 173 28 40 0.012043108
553 250 40 55 0.012041671
172 219 20 30 0.012037301
641 504 213 178 0.012036119
46 102 39 56 0.012033767
607 222 13 14 0.012029909
720 0 159 117 0.012026604
478 509 16 12 0.012026169
853 259 39 68 0.0120238075
77 38 46 57 0.0120226545
873 43 38 55 0.012021012
349 65 37 48 0.012016826
988 194 20 26 0.0120089585
291 448 9 14 0.012008081
37 172 20 25 0.012006156
85 381 10 10 0.012004728
619 181 22 24 0.012004275
188 462 257 220 0.012002886
150 438 44 55 0.012000033
309 126 14 19 0.011998904
85 0 31 32 0.011998345
601 473 74 96 0.011997623
642 511 43 52 0.011997571
464 277 32 45 0.011996736
122 215 11 14 0.011989408
410 49 38 57 0.011989399
62 28 47 56 0.011987208
142 69 35 55 0.01198454
40 539 10 11 0.011983393
405 0 27 25 0.011981916
978 663 32 19 0.011979862
420 262 41 51 0.011978912
640 384 61 69 0.011973508
958 338 66 113 0.011972414
347 95 16 22 0.011969389
1021 185 3 24 0.011967678
726 19 13 14 0.0119666355
669 80 18 27 0.011966543
4 149 21 35 0.011966281
104 225 12 13 0.011965871
889 180 34 47 0.011965309
975 532 49 99 0.011961876
1005 343 19 49 0.011958765
504 254 77 106 0.0119573455
867 224 19 20 0.011955674
242 106 29 41 0.011954992
122 391 6 10 0.011952723
732 112 9 9 0.011940991
434 622 74 60 0.011935702
1000 166 24 32 0.011930701
957 344 37 57 0.011929616
54 645 52 37 0.011929249
207 0 25 24 0.011928371
507 102 23 27 0.011925125
828 201 38 47 0.011923481
696 473 34 48 0.011923409
76 512 27 40 0.011921932
551 102 21 25 0.011921777
282 486 32 46 0.011918156
137 100 32 41 0.011912882
0 480 18 37 0.011908753
290 497 9 10 0.011907861
292 433 10 12 0.011904548
974 301 41 55 0.011903043
549 144 54 79 0.011900837
334 0 26 25 0.011899856
5 135 24 31 0.011898191
951 292 43 55 0.011897096
534 649 49 33 0.011897015
970 41 30 46 0.011892405
775 23 34 48 0.011883069
257 240 17 20 0.011882381
850 536 25 34 0.011877389
25 104 39 49 0.011870778
974 7 34 44 0.011865934
409 97 17 22 0.011862825
382 373 38 40 0.011860093
93 445 45 61 0.011860064
495 453 26 34 0.011859706
910 109 21 24 0.011854861
51 360 62 80 0.011854622
679 405 15 14 0.011854465
39 224 21 29 0.011847537
307 133 15 22 0.011845822
424 312 37 45 0.011845061
762 258 74 90 0.011843076
0 181 8 23 0.011841017
941 274 65 94 0.011838738
0 668 14 14 0.011836364
699 425 8 9 0.0118337665
60 4 32 40 0.011828854
424 170 21 32 0.011828697
723 78 21 30 0.01182646
449 27 71 95 0.011825653
657 84 12 16 0.01182532
600 236 11 13 0.011823721
623 0 22 20 0.011820251
496 532 65 82 0.011819953
961 30 22 28 0.011819387
605 522 18 26 0.011815953
122 235 10 12 0.011811435
141 151 14 17 0.011810727
92 383 34 43 0.011809079
556 467 24 25 0.011799808
597 8 71 98 0.011798373
733 0 26 26 0.0117947785
156 277 50 64 0.011791205
140 26 16 22 0.011790241
129 228 17 21 0.01179009
867 568 33 26 0.011788193
773 417 25 38 0.011785479
105 358 66 86 0.011783265
146 483 60 82 0.011782468
287 418 10 13 0.011781458
265 251 25 29 0.011780973
553 427 15 17 0.011779737
678 210 76 96 0.011773174
824 559 67 78 0.011771606
1013 252 11 30 0.011771488
356 455 13 16 0.0117675075
503 399 57 67 0.011766741
766 393 131 194 0.011766576
586 203 12 19 0.011766421
996 136 15 23 0.011765948
415 0 18 14 0.011764972
0 242 9 21 0.011764295
800 571 76 85 0.011761271
1019 559 5 16 0.01176067
526 109 13 15 0.011750779
1017 62 7 22 0.011750753
904 497 61 82 0.011747962
158 230 41 50 0.011744806
424 370 29 27 0.011741228
1004 362 20 50 0.011739589
31 558 12 16 0.011734041
543 131 20 33 0.011732764
167 143 9 10 0.011729847
155 171 26 35 0.011728843
602 412 17 23 0.011727099
625 78 50 79 0.011725235
275 138 30 41 0.011722671
115 249 8 10 0.011721633
591 465 38 48 0.011720641
203 406 12 10 0.01171972
108 515 43 56 0.01171737
320 423 28 35 0.011715047
899 86 64 93 0.011711625
308 101 36 52 0.011711207
171 402 34 44 0.011710693
317 337 9 12 0.011710464
866 241 38 63 0.011708669
784 107 33 45 0.011706038
317 88 46 57 0.011705782
281 251 22 25 0.011703316
569 483 54 68 0.011703253
46 130 30 41 0.011701963
490 392 37 50 0.011701012
713 238 23 35 0.011699266
876 286 41 64 0.011698132
11 81 16 23 0.011695111
1021 138 3 23 0.011693992
837 0 29 31 0.01169314
407 166 23 29 0.011693063
24 551 73 99 0.011692082
326 445 18 21 0.0116912685
30 541 18 27 0.011686852
688 192 22 28 0.0116867935
984 243 10 16 0.011686262
536 267 52 61 0.011682423
372 383 33 40 0.01168225
291 215 21 31 0.011681035
54 408 9 10 0.011680661
963 315 9 11 0.011680407
479 149 24 30 0.011677713
412 0 39 35 0.0116725145
83 197 37 51 0.0116715105
983 208 19 29 0.0116678635
966 379 41 54 0.011666343
468 442 14 17 0.011660963
158 105 11 16 0.011660914
303 439 34 41 0.01165816
757 31 73 101 0.011657491
690 405 14 18 0.011656135
952 117 35 50 0.01165468
94 236 12 16 0.011653832
750 177 18 25 0.011650949
843 217 60 82 0.011648625
952 231 41 51 0.011647354
607 96 40 52 0.011640212
719 92 29 41 0.01163908
1018 0 6 14 0.011634774
313 413 28 38 0.011633921
70 198 21 28 0.011632362
386 217 59 72 0.011632293
685 423 20 26 0.011628662
554 72 25 33 0.011627271
168 212 20 27 0.011626965
8 221 14 19 0.011625861
301 19 22 33 0.011625587
257 271 43 47 0.011624584
255 598 40 69 0.01162293
344 295 11 14 0.011619062
592 226 14 19 0.0116160065
225 404 12 12 0.011615516
742 0 60 71 0.011614408
34 461 65 87 0.011611704
644 110 16 25 0.011608377
821 173 16 21 0.011605915
260 439 8 9 0.0116041275
520 480 9 11 0.011596625
0 128 10 25 0.011594437
912 58 76 102 0.011593568
252 257 9 11 0.011589053
91 271 25 36 0.011588197
590 78 21 31 0.0115837725
31 0 39 33 0.011583421
478 14 10 12 0.011583113
371 660 48 22 0.011576758
229 211 27 40 0.011574023
480 430 31 39 0.011573453
913 116 11 12 0.011571482
204 403 19 18 0.0115698995
33 411 10 12 0.011568458
213 161 56 84 0.011564956
165 136 7 9 0.011560215
175 137 17 22 0.011559069
571 422 33 43 0.011558242
451 102 60 92 0.011554091
171 47 121 168 0.011552437
631 582 22 32 0.011551028
449 426 56 70 0.011550144
978 98 35 46 0.011549962
274 90 22 29 0.011548236
141 379 35 47 0.011548053
1018 271 6 31 0.011544569
146 199 60 73 0.01154405
380 355 37 41 0.011540001
841 59 11 13 0.011528729
608 201 14 21 0.0115263555
1000 504 24 52 0.011521963
987 523 37 69 0.011519042
1021 212 3 22 0.0115150595
472 382 32 43 0.011511909
280 61 35 48 0.011511519
583 453 19 23 0.011511352
186 436 15 19 0.011510959
594 241 21 27 0.0115101915
659 361 38 47 0.011510049
946 659 43 23 0.011509868
884 431 62 93 0.011505785
177 411 38 45 0.011503989
784 401 23 34 0.011503721
17 472 40 58 0.011503437
92 37 45 68 0.011495196
286 93 17 23 0.011495141
857 599 68 77 0.011493911
38 622 83 60 0.011491458
704 144 22 31 0.011491408
94 102 28 35 0.011489517
585 51 38 58 0.011488239
588 528 35 47 0.011487202
602 608 44 57 0.011486689
328 347 7 9 0.011478641
269 356 60 80 0.011478583
71 441 7 10 0.01147829
243 0 28 29 0.011476728
185 505 41 48 0.011471031
1007 355 14 26 0.01146355
313 613 69 69 0.011463348
523 0 65 51 0.011462507
294 586 125 96 0.011460742
862 73 36 48 0.01146072
848 641 15 12 0.011460638
591 463 10 10 0.011459119
0 499 18 33 0.01145869
496 54 31 47 0.011451166
127 1 28 38 0.011450287
66 402 24 29 0.011441118
432 244 34 48 0.011437568
493 96 16 20 0.011436569
216 264 46 62 0.011435535
540 110 8 11 0.01143431
655 457 40 49 0.011432158
859 587 43 51 0.011432066
800 437 9 12 0.011431758
270 436 18 21 0.011428904
571 507 14 17 0.011426465
379 119 33 44 0.011424927
274 435 28 36 0.011416732
330 645 47 37 0.011413049
622 326 69 83 0.011412794
735 63 11 13 0.011412482
838 53 61 79 0.011412188
657 528 43 55 0.011406641
346 438 265 244 0.011404207
906 174 26 33 0.011402386
429 202 55 71 0.011399965
249 258 60 79 0.011396164
1012 292 12 35 0.011389227
763 0 62 49 0.01138919
609 407 10 15 0.01138828
177 0 48 34 0.011386442
0 90 11 24 0.011384435
868 221 30 35 0.011382358
0 424 90 156 0.011381923
179 165 19 31 0.011381664
187 91 66 95 0.011380083
368 126 50 71 0.011377715
355 21 26 31 0.01137589
126 441 40 53 0.011374176
0 490 33 56 0.01136716
410 233 35 41 0.011365576
902 335 44 60 0.01135891
107 494 39 49 0.011356209
804 551 41 49 0.011352747
333 289 24 29 0.011347895
574 561 121 121 0.011347031
915 629 70 53 0.011345434
452 449 13 18 0.011343208
670 55 16 24 0.011336468
695 661 35 21 0.01133637
646 470 39 48 0.011335708
603 212 12 15 0.01133504
278 323 42 60 0.011332413
397 70 14 19 0.011331079
902 452 66 92 0.01133042
415 70 39 58 0.011326798
569 81 39 56 0.011326736
568 121 57 82 0.011324792
942 394 72 94 0.011324574
731 455 37 43 0.011323802
832 50 19 25 0.011319043
513 650 48 32 0.011318924
729 106 15 14 0.011318471
135 210 17 20 0.0113165695
150 459 41 53 0.011316252
0 359 48 84 0.011315475
6 0 17 12 0.011315086
850 541 55 62 0.01131468
563 467 37 43 0.01131453
848 0 34 35 0.01131431
315 339 12 17 0.0113130035
1019 131 5 28 0.011312054
69 340 65 82 0.011310985
295 0 26 24 0.011309917
256 520 11 18 0.011308397
853 24 74 97 0.011307905
969 0 25 25 0.011301575
215 438 44 55 0.011299692
512 424 20 17 0.01129845
375 0 201 141 0.011296742
55 425 17 23 0.011293682
773 400 41 56 0.011292891
1017 360 7 28 0.011292296
110 1 34 49 0.011292265
496 494 19 26 0.011290816
883 367 36 43 0.0112862
63 432 42 50 0.011285246
593 20 44 58 0.011283761
739 462 39 49 0.011282402
266 52 27 35 0.011280803
20 553 22 29 0.011279826
166 115 20 27 0.011271357
630 353 44 54 0.01127109
647 441 16 23 0.011270772
164 229 23 29 0.01126994
28 205 24 30 0.011265539
69 61 40 55 0.011263587
703 347 64 66 0.011263576
51 234 19 26 0.011262902
985 26 39 71 0.011262764
723 109 10 10 0.011262119
451 277 27 47 0.011259971
521 36 13 14 0.011254011
1017 337 7 31 0.011252811
441 232 26 33 0.011251958
491 365 62 74 0.011247912
687 435 64 83 0.01124726
397 63 13 14 0.011246849
549 367 37 57 0.011245058
81 458 70 88 0.011242719
94 253 15 22 0.011242529
848 214 28 29 0.011240814
615 408 13 17 0.011239924
406 0 58 57 0.011239056
309 392 14 14 0.011236352
13 644 56 38 0.011234278
131 458 9 18 0.011233993
611 75 20 28 0.0112297395
554 122 20 27 0.0112286955
892 323 43 60 0.011226744
441 458 32 43 0.011226632
577 121 37 52 0.011225169
113 631 52 51 0.01122392
340 97 14 24 0.011222573
870 272 69 96 0.011217847
0 268 21 36 0.01121614
713 152 22 33 0.011214273
165 181 26 29 0.011214024
22 545 30 42 0.011212161
186 640 57 42 0.011211426
854 17 31 41 0.011208792
350 449 12 14 0.011207901
979 0 29 29 0.011207492
122 238 14 16 0.011204676
361 0 45 46 0.011204198
819 625 52 57 0.011203111
598 419 15 20 0.011200245
347 470 61 78 0.0111986995
834 56 22 32 0.011194222
577 447 21 25 0.011193206
627 47 15 19 0.011192708
920 429 72 96 0.011192619
359 42 39 53 0.011190893
780 554 76 88 0.011185537
852 2 48 53 0.011183162
835 164 26 29 0.011181927
40 269 38 49 0.011181126
0 106 12 26 0.011178156
429 142 56 77 0.011177524
815 10 27 32 0.011176406
333 245 49 61 0.011174256
648 221 53 62 0.011172603
566 627 63 55 0.011170848
310 383 33 45 0.011170359
388 105 36 49 0.011169492
705 359 38 45 0.011167129
1017 556 7 14 0.011165134
220 406 12 11 0.011165058
676 148 38 45 0.011164174
549 54 37 52 0.011163828
860 497 38 52 0.011157441
639 214 78 96 0.011156857
828 44 17 21 0.011156646
371 96 21 25 0.011153504
281 620 78 62 0.011153471
903 158 21 31 0.011152328
662 407 28 31 0.011151862
633 142 33 48 0.011149433
615 395 39 44 0.011149422
554 0 50 51 0.011148007
968 665 28 17 0.011147465
831 647 47 35 0.011144495
0 320 34 57 0.011143854
314 99 14 17 0.011138034
279 178 34 41 0.011137919
908 123 31 42 0.01113707
882 164 23 33 0.011134072
130 0 121 151 0.011133443
612 396 20 29 0.011131404
300 55 20 29 0.011129835
612 34 34 47 0.01112744
530 493 13 11 0.0111270705
710 265 28 46 0.011127047
864 563 25 26 0.011125532
574 510 23 27 0.0111201955
40 398 9 11 0.011112636
96 406 9 10 0.011112415
680 62 13 18 0.011110815
287 504 22 30 0.011110241
751 78 32 42 0.011109278
350 33 33 47 0.011106456
548 469 17 32 0.011104801
39 173 39 55 0.011104135
486 99 23 30 0.011100235
311 542 26 37 0.011099625
908 122 20 25 0.0110995965
461 468 21 24 0.011098947
233 427 8 11 0.011094862
844 124 22 29 0.0110948505
378 156 38 52 0.011093444
657 84 17 23 0.011092567
472 139 19 29 0.011090866
146 75 21 27 0.011089888
757 68 33 43 0.011085881
764 597 41 56 0.01108548
160 116 8 11 0.011084478
300 126 18 22 0.011083695
168 148 17 19 0.011083441
250 43 40 53 0.011071091
670 393 25 23 0.011070522
429 656 45 26 0.01107007
0 344 39 65 0.0110681215
54 587 86 95 0.0110653825
545 610 66 72 0.01106367
288 418 15 20 0.011062833
567 52 38 55 0.011062307
753 109 35 49 0.011061679
271 245 33 39 0.011060639
583 437 64 77 0.011056659
22 135 36 50 0.011056444
463 176 11 15 0.011056227
123 171 23 29 0.011050057
113 404 7 9 0.011049046
880 191 23 31 0.0110452585
100 529 40 54 0.011043487
63 535 22 25 0.011041787
684 395 33 40 0.011039374
590 240 51 70 0.011037786
590 241 13 14 0.011037351
555 353 37 55 0.01103421
903 595 42 53 0.0110276975
12 85 23 35 0.0110261645
92 121 56 85 0.011025888
804 67 20 34 0.011025819
194 432 10 14 0.011024472
11 70 59 86 0.01101993
363 41 64 81 0.011019377
754 0 39 41 0.011018429
17 78 20 29 0.011018383
438 419 33 40 0.0110165
694 491 28 36 0.011013901
902 411 68 92 0.011013787
303 95 17 23 0.011007966
1001 322 13 15 0.011007867
912 0 39 35 0.011005467
567 460 30 33 0.011004606
104 248 8 10 0.011003711
521 49 20 28 0.011002976
4 204 21 26 0.011000106
993 198 20 33 0.010999891
70 395 35 43 0.010999021
531 108 9 10 0.010995904
316 427 6 9 0.01099488
944 0 16 11 0.0109947445
547 133 34 51 0.010992762
984 320 9 12 0.01099256
783 342 65 78 0.010985963
48 264 21 26 0.010985632
495 554 133 128 0.010985571
427 199 13 19 0.010983076
615 223 24 21 0.010981805
65 131 19 29 0.010981365
292 472 31 48 0.010981223
238 50 40 54 0.0109794475
219 431 11 11 0.010976536
625 490 41 51 0.010975538
550 423 30 40 0.010975195
537 43 37 55 0.01097454
834 12 27 33 0.010971282
591 129 49 67 0.010971245
828 533 34 42 0.010970115
501 0 32 31 0.010969777
17 244 12 20 0.010969669
784 56 9 14 0.010968899
792 70 38 48 0.010965567
559 414 31 39 0.010962196
706 417 64 80 0.01096015
834 193 8 10 0.01095882
525 13 66 93 0.010958027
947 438 62 82 0.010955727
888 299 122 165 0.010952891
678 85 16 21 0.010952844
986 512 23 29 0.010952559
62 132 204 247 0.010952458
872 166 23 31 0.010950566
81 49 64 96 0.0109501425
202 440 7 11 0.010945793
104 252 63 79 0.010941859
608 413 24 32 0.01094124
706 502 7 10 0.010941051
461 385 29 40 0.0109350225
142 165 23 27 0.010933749
240 218 17 28 0.010931099
287 130 20 26 0.010930087
857 658 44 24 0.010929424
806 13 59 85 0.010926667
123 504 27 32 0.010925509
762 136 14 20 0.010921772
931 470 93 189 0.010919502
46 406 7 9 0.010917781
665 123 39 37 0.010917718
1020 334 4 25 0.010916132
143 385 23 30 0.010914672
677 444 38 47 0.010911911
848 161 24 34 0.010909754
15 169 14 24 0.010906126
590 507 15 14 0.010904148
784 378 40 55 0.010903136
470 149 16 24 0.01090195
903 211 15 15 0.010901124
317 233 39 49 0.010896547
461 443 18 21 0.010895824
151 0 48 34 0.010894578
568 213 17 23 0.010894402
173 121 62 84 0.010894093
802 516 41 54 0.010889375
432 435 57 74 0.010883435
320 272 8 10 0.010882353
531 59 21 32 0.010879377
971 248 42 54 0.010877236
422 20 42 55 0.010876614
365 299 69 82 0.010875788
60 217 35 48 0.010874455
215 0 129 93 0.010872641
1021 317 3 22 0.01086934
173 424 15 19 0.010868674
522 423 13 11 0.010867792
982 191 18 26 0.010867512
377 123 21 29 0.0108669065
63 508 30 46 0.0108667435
254 247 15 18 0.01086628
764 0 23 21 0.0108637
574 647 43 35 0.010861969
639 411 9 10 0.010859408
250 454 25 29 0.010859319
964 311 41 59 0.010859146
241 551 70 102 0.010858877
653 632 63 50 0.010858224
867 150 35 47 0.010857491
366 341 65 76 0.01085575
112 402 7 9 0.010854849
325 348 11 13 0.010853919
310 132 19 27 0.010853007
261 433 8 9 0.010852069
267 518 22 28 0.01085031
382 175 26 35 0.010847413
131 404 7 9 0.010846359
846 109 29 42 0.010845236
461 575 44 60 0.01084188
549 221 34 44 0.010840931
241 632 25 27 0.010839974
519 465 12 10 0.010835143
239 196 22 32 0.010835054
881 374 65 77 0.010834457
133 66 58 92 0.010832439
347 475 10 13 0.010828726
549 444 30 42 0.010825693
139 406 7 9 0.010825437
949 147 56 80 0.010825419
769 0 30 26 0.010824353
83 379 7 9 0.010820237
707 107 53 76 0.01081676
945 70 36 52 0.0108163385
216 50 119 159 0.010813915
862 81 15 17 0.010810043
972 375 25 32 0.01080914
467 462 30 36 0.010808417
955 451 40 52 0.010807395
259 141 113 135 0.010807078
172 132 11 16 0.010806234
811 549 26 32 0.010804585
867 126 58 78 0.010802526
253 93 56 80 0.010802263
449 258 29 48 0.010800615
860 172 26 31 0.010794977
868 220 61 78 0.010789663
79 442 7 10 0.010789228
107 402 12 15 0.010786968
480 630 72 52 0.010786508
113 50 235 267 0.010786279
641 296 69 87 0.010783294
128 238 24 28 0.010782298
99 548 39 54 0.010781621
575 459 41 47 0.0107812965
559 116 20 27 0.010781044
676 64 11 16 0.010780528
1021 294 3 25 0.010779187
544 174 17 30 0.0107781915
975 392 45 55 0.0107724955
361 243 34 43 0.010769972
533 452 8 11 0.010769961
352 25 17 23 0.01076845
634 208 23 31 0.010768284
407 556 12 12 0.010768169
36 524 20 28 0.010767395
390 69 17 22 0.010766097
611 106 15 21 0.0107659865
833 69 11 15 0.010765143
144 108 19 24 0.010764174
666 35 15 22 0.010763572
122 623 86 59 0.01076144
270 11 42 55 0.010759933
656 98 21 28 0.010756918
794 443 135 191 0.010755303
125 379 66 82 0.010755093
197 621 78 61 0.010750811
521 0 26 18 0.010750188
240 439 10 18 0.010750165
201 658 46 24 0.010749849
932 330 10 9 0.010748454
601 107 21 30 0.01074802
308 471 19 29 0.010745475
302 0 29 30 0.010743888
324 79 25 32 0.010742408
831 125 28 33 0.010738315
451 474 32 39 0.01073684
503 473 32 37 0.0107358
773 389 22 32 0.010735431
248 207 26 34 0.010728735
660 0 66 69 0.010728538
869 0 16 11 0.010727939
804 363 61 75 0.010726038
937 0 14 11 0.010725887
496 465 27 33 0.010724319
682 89 8 9 0.010723814
47 128 62 88 0.010723739
670 412 39 49 0.01072212
1013 67 11 37 0.010720998
503 605 75 77 0.010720972
1016 557 8 26 0.01071927
142 217 31 35 0.0107185915
122 329 70 94 0.010717445
923 31 11 12 0.010717101
239 431 8 10 0.01071613
890 397 19 20 0.010715493
588 109 37 53 0.010715299
307 427 8 9 0.010714312
366 461 10 12 0.010714274
662 453 67 90 0.0107139265
637 86 26 34 0.010712756
885 70 37 50 0.01070932
485 30 9 10 0.010709222
35 559 9 13 0.010707491
308 119 55 75 0.010707202
580 91 37 57 0.0107072005
418 163 18 24 0.010705765
524 326 65 88 0.010705036
595 509 24 27 0.0107046785
567 186 19 30 0.010701341
884 227 134 161 0.010697861
650 88 10 12 0.010697442
38 361 37 47 0.010697042
97 224 18 24 0.010696426
108 244 9 11 0.010693008
623 451 71 92 0.010692681
462 15 35 48 0.010692051
466 46 39 58 0.010690256
732 355 125 167 0.010689995
918 266 49 66 0.010689442
252 183 31 39 0.0106890835
965 541 39 52 0.010688707
584 355 39 47 0.010688402
622 87 36 48 0.0106873
550 468 11 21 0.010686874
239 278 15 21 0.010685107
576 219 11 16 0.010682763
178 430 11 10 0.010676902
505 514 44 59 0.010675439
575 73 20 31 0.010674589
194 53 72 97 0.010673635
26 510 66 98 0.010672396
423 352 53 68 0.010672389
886 185 57 70 0.010672288
866 325 37 57 0.0106683755
762 572 70 87 0.010667682
663 633 13 12 0.010667615
983 239 18 26 0.010664926
853 532 42 49 0.010664391
468 645 50 37 0.0106625175
818 54 39 55 0.010662006
102 152 40 57 0.010659965
619 450 24 29 0.010658266
399 556 140 126 0.010658089
772 649 48 33 0.010657742
520 379 42 50 0.010657585
117 545 22 30 0.010657417
274 399 30 42 0.01065738
411 416 58 79 0.0106569575
719 433 66 86 0.010655129
799 95 7 10 0.0106544765
467 76 59 89 0.01065437
180 194 38 50 0.010652457
89 101 40 55 0.01065152
660 445 42 44 0.010648935
0 202 7 19 0.010648252
861 391 58 81 0.010648138
458 0 34 33 0.010646489
568 272 35 57 0.010645939
460 439 25 31 0.010643589
856 182 111 133 0.010641248
0 526 14 29 0.010640861
532 101 10 14 0.010638727
74 414 10 13 0.010636929
718 108 21 19 0.010635845
292 319 27 41 0.010633489
816 141 109 126 0.010632682
298 255 22 32 0.01063152
505 580 41 49 0.010630839
739 31 128 164 0.010628917
8 395 57 79 0.0106262695
157 118 40 52 0.010626236
513 85 72 91 0.010623906
735 291 36 54 0.010623228
449 39 40 56 0.010622479
474 0 165 115 0.010622437
1019 144 5 28 0.010622413
520 83 13 19 0.010621256
766 462 39 55 0.010619897
238 2 40 54 0.010619546
879 0 27 25 0.010617905
601 631 66 51 0.010617849
891 216 28 34 0.010617197
332 351 32 45 0.0106124515
175 151 18 22 0.010611424
813 412 45 59 0.010609937
30 491 39 56 0.010608569
636 469 75 99 0.010606777
695 48 48 69 0.010605878
248 425 17 18 0.010604775
879 70 27 38 0.010603232
365 163 24 31 0.010602638
77 111 45 59 0.010602159
776 58 19 32 0.0105997985
476 209 38 48 0.010598789
488 390 16 26 0.010595802
842 0 19 21 0.010594669
0 567 26 43 0.010593956
899 87 113 149 0.010592106
344 414 30 42 0.010591046
250 631 27 30 0.010590334
61 366 32 40 0.01058902
557 398 23 26 0.010582362
530 131 24 33 0.010580353
197 489 44 55 0.010579987
312 118 14 16 0.010579168
859 43 35 53 0.010577807
690 6 45 57 0.010577788
1001 262 23 31 0.010575976
423 281 62 83 0.010575838
697 351 35 41 0.010575221
874 0 20 17 0.010573955
559 134 37 49 0.010573504
34 379 57 78 0.010571127
911 24 52 70 0.010569644
532 435 40 50 0.010569322
100 405 9 9 0.010569314
47 181 13 16 0.010568682
705 460 38 48 0.010568015
744 282 42 57 0.010567801
26 158 29 41 0.010567793
787 504 21 30 0.010566904
798 50 8 14 0.01056389
901 226 25 32 0.010563216
436 224 77 99 0.010557539
805 97 38 43 0.010555985
645 491 39 49 0.01055552
553 127 12 18 0.010553361
915 151 92 107 0.0105529195
67 117 62 85 0.010552797
374 245 44 52 0.010551986
999 7 25 53 0.010551648
728 185 17 23 0.010550986
624 569 67 85 0.010550527
317 549 11 16 0.010549134
245 116 18 27 0.010547476
500 625 21 29 0.010546251
238 516 23 28 0.010546132
692 152 28 34 0.010545186
587 0 20 16 0.0105432365
739 631 69 51 0.010542798
299 0 17 14 0.010538417
346 83 14 17 0.010537773
0 232 9 22 0.010537538
894 206 22 27 0.010535977
46 403 32 43 0.010533955
106 336 43 49 0.01053199
481 20 27 38 0.010531602
172 441 31 42 0.010531532
537 273 69 107 0.010530305
360 106 28 39 0.010528905
400 118 35 47 0.010528306
507 201 39 42 0.010527984
371 399 15 19 0.010525971
93 245 11 16 0.010525966
715 610 72 72 0.01052412
740 657 44 25 0.010524102
311 658 45 24 0.010523326
808 553 107 129 0.010521958
480 464 8 13 0.010521729
0 113 14 34 0.010520474
939 474 41 51 0.010519458
0 60 15 35 0.010519423
625 512 43 52 0.010518578
1021 0 3 10 0.010518314
467 298 69 83 0.010517762
459 30 15 21 0.010517213
59 83 41 51 0.010515945
730 566 139 116 0.010514709
580 369 20 30 0.010512059
301 0 121 100 0.0105119245
507 89 18 22 0.010509434
0 87 55 154 0.010506758
578 395 40 47 0.0105066765
136 96 114 150 0.010503455
364 96 14 17 0.010503427
21 470 126 177 0.010501848
472 491 32 37 0.010501689
88 271 57 76 0.0105008995
592 411 17 19 0.010500505
856 231 37 57 0.010500404
514 268 49 55 0.010499363
51 358 31 40 0.010498
850 17 53 71 0.010497863
546 422 24 28 0.010497038
530 94 10 12 0.010495146
51 397 61 77 0.010492904
351 461 20 25 0.0104911495
632 602 43 47 0.010490285
515 448 23 29 0.010488848
173 497 36 51 0.010487544
440 395 33 42 0.010486245
533 441 22 28 0.010484378
590 165 30 34 0.010483339
425 195 23 31 0.010482649
416 212 38 49 0.01048183
962 135 17 23 0.010478257
64 419 10 11 0.010476403
784 46 21 22 0.010474953
703 465 21 31 0.010474293
317 193 40 51 0.010472209
159 384 38 48 0.010470354
195 129 48 61 0.010470113
683 394 16 18 0.010468392
875 224 15 15 0.010466433
530 320 37 44 0.010466181
812 266 77 98 0.010465844
649 34 47 71 0.010464354
402 630 78 52 0.01046336
529 9 19 28 0.010458004
791 486 42 58 0.01045644
524 146 25 30 0.010456034
496 617 21 27 0.010455064
6 195 17 22 0.010454942
599 216 13 16 0.010454322
607 416 36 50 0.010453977
269 46 112 152 0.010451516
70 403 8 11 0.010446592
436 343 30 39 0.010446153
0 368 22 60 0.010445505
871 270 24 41 0.010444477
56 118 38 51 0.010443322
954 2 16 19 0.010443317
534 207 28 33 0.010443271
150 0 170 117 0.010442668
72 157 58 84 0.010441591
530 443 55 69 0.01044091
505 178 25 33 0.010439412
168 139 34 42 0.010438841
1019 280 5 30 0.010435386
609 521 34 47 0.010435318
376 589 83 93 0.010433755
196 439 7 10 0.010432521
281 0 29 22 0.01043157
753 487 41 57 0.010431306
567 505 22 26 0.010428645
631 75 85 123 0.010428541
226 160 96 121 0.010428362
763 11 8 10 0.010427062
456 93 217 212 0.010426042
432 220 30 37 0.0104256645
639 349 67 73 0.010425209
589 235 13 15 0.010424759
804 426 42 58 0.010424559
393 160 29 38 0.010423511
986 556 23 29 0.010422521
951 248 43 59 0.010421339
843 372 40 53 0.010421318
312 124 9 11 0.010419683
797 87 11 14 0.010416979
472 446 14 12 0.01041642
479 160 11 16 0.010414733
424 442 33 41 0.0104142185
207 669 33 13 0.010414023
363 405 8 10 0.01041015
698 405 35 44 0.010410102
117 0 25 28 0.010409021
1009 638 15 34 0.010408831
723 101 11 13 0.010408387
393 125 26 32 0.010407559
806 49 121 151 0.010406473
619 0 116 99 0.010405562
987 440 24 31 0.010404732
11 87 36 52 0.010404273
518 32 35 48 0.010402339
26 238 11 15 0.010399628
745 125 20 30 0.010397926
811 605 48 59 0.010396782
352 430 30 37 0.01039554
419 394 32 41 0.010395429
288 494 9 12 0.010395291
82 403 9 9 0.01039457
577 407 29 29 0.010394451
859 669 33 13 0.010394204
273 178 25 26 0.010393696
402 68 18 25 0.010393575
478 223 78 99 0.010393042
725 40 44 63 0.010392831
164 475 32 42 0.010392628
752 17 35 49 0.010392621
517 483 10 12 0.010390146
284 465 11 16 0.0103890635
382 112 19 29 0.010386987
706 509 33 45 0.010385725
633 395 45 51 0.010384671
526 54 21 29 0.010384161
750 0 27 29 0.0103838965
977 221 15 20 0.010383782
276 55 21 27 0.010382556
490 416 35 44 0.010375813
529 105 8 11 0.010375132
492 649 48 33 0.010373351
389 356 60 71 0.010373336
609 397 60 70 0.01037312
426 99 59 83 0.010370451
414 91 13 18 0.01036456
618 489 77 101 0.010363976
460 0 22 20 0.010357959
179 151 11 14 0.010357535
573 402 11 11 0.010356161
268 35 37 50 0.010354128
834 74 74 96 0.010352925
735 510 40 55 0.010351019
737 94 39 56 0.010348376
260 442 33 44 0.01034726
270 428 9 11 0.010347125
919 470 69 92 0.010345953
448 504 20 24 0.010344615
501 199 26 31 0.010340212
0 152 81 178 0.010339029
549 91 20 29 0.010337968
115 48 61 93 0.010336385
747 217 53 69 0.01033414
200 252 39 50 0.010332375
409 252 40 46 0.010331122
698 117 39 52 0.010324746
473 376 60 74 0.0103225475
10 0 21 16 0.01032012
467 438 9 10 0.010320042
465 188 28 34 0.010319466
965 265 53 77 0.010318114
612 183 14 18 0.010317921
958 0 24 19 0.010314722
410 17 36 47 0.010313885
106 412 9 10 0.010312466
566 524 21 37 0.010303609
590 147 20 26 0.010303397
119 31 37 53 0.010302461
643 649 42 33 0.010298978
374 241 24 28 0.01029836
1023 191 1 23 0.010292988
1011 476 13 39 0.010292121
882 225 26 31 0.0102903005
1010 499 14 38 0.010289706
518 118 21 25 0.010287764
110 384 36 46 0.010286975
352 149 17 23 0.0102866795
352 472 9 15 0.010285611
347 389 65 84 0.010280963
438 62 41 56 0.010280897
247 328 66 87 0.010277968
436 134 39 52 0.010277588
594 86 20 32 0.010277024
599 528 20 27 0.010276881
512 461 31 36 0.0102741
371 399 8 10 0.0102739055
309 79 19 25 0.010271671
548 135 104 132 0.010271456
333 408 31 41 0.010271294
924 492 42 54 0.010270893
299 87 12 15 0.010270716
603 586 69 88 0.010270596
632 172 18 30 0.010269428
880 203 24 29 0.010268429
911 236 26 36 0.010267371
38 537 14 19 0.010265589
596 538 38 54 0.0102653
731 143 23 29 0.010264735
1011 427 13 36 0.010263556
421 417 35 43 0.010263125
148 360 65 88 0.010261794
522 435 18 20 0.010259533
1021 274 3 24 0.010257283
405 60 63 87 0.010250689
1016 11 8 27 0.010250493
707 573 36 50 0.010248668
176 130 17 21 0.010247758
553 180 28 41 0.0102476925
60 550 73 94 0.010247023
687 398 61 79 0.010244876
53 389 33 43 0.010244115
680 54 14 20 0.01023999
561 336 60 73 0.01023928
465 256 67 87 0.010238498
978 122 36 51 0.0102382405
228 361 60 78 0.010236208
270 264 37 44 0.010235894
582 402 9 9 0.0102351885
388 36 66 89 0.010234376
624 574 43 54 0.010232042
207 425 41 50 0.01023197
184 441 22 28 0.0102291675
794 200 41 47 0.010228835
270 592 35 64 0.010227218
847 559 130 123 0.010227154
298 294 23 32 0.010224699
283 332 62 84 0.010221662
585 70 22 32 0.010217295
897 598 69 82 0.010215682
1021 148 3 20 0.010215016
725 51 59 87 0.01021452
534 96 12 16 0.0102133555
907 87 31 40 0.010209399
8 253 23 29 0.010204592
747 0 13 15 0.010202124
753 649 44 33 0.01020188
574 346 39 45 0.010201257
568 222 20 25 0.010200915
534 85 9 10 0.010199715
845 270 64 94 0.01019725
384 136 20 27 0.010196999
894 174 21 31 0.010196092
241 76 35 50 0.010195017
87 319 66 84 0.010194685
469 506 7 11 0.010193493
447 78 40 57 0.010192823
854 442 42 59 0.010192033
390 650 55 32 0.010192007
824 500 44 58 0.010191594
31 337 61 84 0.010191489
527 288 45 53 0.010190276
346 316 64 80 0.010188145
814 212 41 51 0.010187501
227 539 63 87 0.010186664
471 368 102 128 0.010185675
468 15 95 121 0.0101849055
605 400 16 24 0.0101846075
60 264 20 26 0.010183865
819 539 27 33 0.010182778
1018 121 6 29 0.01017909
721 45 22 29 0.010176911
249 520 15 17 0.010176195
229 377 38 34 0.01017594
770 178 42 46 0.010175801
335 2 33 38 0.010174514
611 221 11 11 0.010172847
319 300 26 32 0.010170357
826 111 87 110 0.010168375
108 110 13 17 0.010168155
920 162 43 49 0.010168012
660 61 20 26 0.010161527
176 490 25 34 0.010161249
624 432 25 31 0.010161202
364 549 69 99 0.010161049
481 45 30 39 0.0101593025
536 517 202 165 0.010158558
538 91 9 12 0.010157081
268 0 22 19 0.010156945
1012 306 12 34 0.010156089
412 102 50 67 0.0101550305
124 410 15 19 0.010148702
354 54 15 19 0.010148264
685 406 14 16 0.010148169
373 55 34 46 0.010147352
616 201 15 20 0.010147303
788 175 98 109 0.0101462435
728 415 36 44 0.01014545
286 464 7 9 0.010144682
641 293 44 54 0.010144273
638 0 21 18 0.010143369
238 154 39 56 0.0101422155
701 395 120 158 0.010142193
374 396 11 13 0.010142032
1003 329 9 10 0.010141743
606 218 8 9 0.010140773
26 662 46 20 0.010139282
608 61 41 58 0.0101377815
921 6 7 9 0.0101377
980 463 23 32 0.010136882
353 108 23 31 0.010135717
295 142 33 47 0.0101332255
224 663 30 19 0.010132713
698 325 121 150 0.010131966
639 506 33 41 0.01013143
153 196 18 23 0.010130733
663 254 66 89 0.010130616
139 61 28 36 0.010129847
298 69 18 25 0.010129797
410 401 31 42 0.010129608
994 518 23 30 0.01012833
568 521 36 46 0.010128218
908 20 33 44 0.01012699
584 236 17 20 0.010124401
717 231 29 30 0.010122529
883 24 12 18 0.0101222955
585 397 58 68 0.0101222545
273 203 28 35 0.01012131
878 623 28 30 0.010120905
550 0 34 38 0.01012025
210 645 53 37 0.010115788
922 142 60 79 0.010115661
505 47 12 18 0.010115328
455 67 14 16 0.010113869
594 396 38 46 0.010112686
616 192 16 21 0.010110709
88 135 20 29 0.01010627
630 232 26 29 0.0101060765
0 477 9 20 0.010103129
447 453 61 82 0.010102815
581 219 12 16 0.010101967
26 175 113 137 0.01010115
932 294 42 58 0.010100291
321 475 10 13 0.010098231
281 294 56 76 0.010095951
176 573 73 96 0.010094708
304 389 27 38 0.01009437
96 475 38 49 0.010094204
1002 458 22 56 0.010093807
363 448 20 24 0.010093247
65 0 22 15 0.0100928005
764 298 45 59 0.010091608
398 102 16 25 0.010090433
971 50 7 11 0.010087767
251 102 31 37 0.010086303
85 371 33 37 0.01008358
58 410 23 30 0.010083538
79 402 38 46 0.010083114
744 274 70 90 0.0100829555
184 660 45 22 0.010079826
398 227 75 95 0.010078446
101 244 8 11 0.010076129
266 111 17 25 0.010073587
151 501 32 46 0.010073245
263 441 9 9 0.01007324
1016 672 8 10 0.010072991
797 88 34 40 0.010072456
879 385 33 41 0.010072128
224 444 18 25 0.010070111
414 80 28 38 0.010068068
993 93 31 57 0.010068027
352 20 11 11 0.010067458
603 80 21 27 0.0100656655
939 437 41 56 0.010063886
738 490 39 53 0.010063874
580 79 21 30 0.010062389
889 181 16 31 0.010061736
435 173 86 114 0.010061042
545 219 23 29 0.01005949
707 509 8 10 0.010057455
279 422 10 12 0.010057136
290 234 31 43 0.0100566
303 72 218 242 0.010053713
674 91 13 18 0.010051631
815 60 56 76 0.010050274
588 75 31 47 0.0100491755
462 425 30 38 0.010048442
503 555 26 31 0.010047763
643 558 134 124 0.010044827
420 32 30 37 0.010040299
24 247 12 19 0.010039585
776 450 38 57 0.010039482
586 171 22 25 0.010036796
28 30 48 55 0.010035204
487 62 45 61 0.010032396
591 261 32 46 0.010030473
1017 410 7 31 0.010026477
780 501 21 30 0.010022135
97 599 84 83 0.010020031
843 207 24 31 0.010018392
76 402 24 28 0.0100162
922 215 37 44 0.010015654
464 504 22 23 0.010014805
722 489 71 94 0.010014663
278 443 11 15 0.010012957
517 74 19 27 0.010011795
205 431 67 87 0.01001101
176 154 22 31 0.01001017
119 115 39 55 0.010008903
707 504 8 10 0.0100080995
823 389 19 29 0.010007076
35 255 19 21 0.010007052
693 429 16 24 0.010006709
795 540 40 49 0.010006591
807 166 25 28 0.010003457
415 191 16 23 0.010002664
244 112 8 10 0.0100016445
919 514 63 84 0.010000964
0 603 5 14 0.0100009395