24_Soldier_Firing_Soldier_Firing_24_1037
3359
727 116 146 184 0.75997275
785 400 35 37 0.34880462
686 626 14 10 0.21987452
58 259 40 42 0.21318334
764 207 14 12 0.20438048
693 402 18 20 0.17994793
646 583 25 28 0.1602697
695 421 14 16 0.13980614
685 623 28 14 0.13911512
692 389 22 22 0.13411838
971 441 36 29 0.1329021
687 380 28 21 0.13100629
932 473 49 55 0.1272448
641 475 25 28 0.12424281
757 210 24 21 0.11741567
884 128 13 13 0.11674018
673 399 24 29 0.11457919
693 410 18 24 0.11143785
912 456 111 221 0.110841475
878 480 19 26 0.104231894
670 463 25 26 0.10257173
719 482 12 20 0.09524351
693 616 24 21 0.09485389
227 309 424 395 0.09002409
794 412 36 27 0.08548204
930 420 94 153 0.08459908
905 448 12 15 0.0845723
912 471 11 12 0.08353598
750 385 28 29 0.07972212
664 546 36 35 0.078999996
690 459 22 25 0.07882817
931 475 31 39 0.076205775
679 406 25 28 0.07538591
810 414 214 290 0.07527387
672 385 34 37 0.07395388
930 461 22 23 0.07381462
756 213 29 32 0.07317845
49 265 7 10 0.07202371
942 468 36 38 0.07138946
909 470 14 22 0.070718914
709 477 24 23 0.070585065
980 453 44 60 0.06994448
930 465 30 33 0.06943121
62 276 33 31 0.069187626
781 379 41 44 0.06887436
473 324 16 17 0.06869379
693 461 34 33 0.068012394
753 89 194 235 0.0675258
748 121 9 10 0.067046516
785 349 43 41 0.06579318
668 406 25 31 0.065406315
882 33 16 12 0.06512556
649 547 32 32 0.0650663
670 450 35 36 0.06486397
677 473 15 12 0.06433213
888 125 10 13 0.06377536
775 397 29 35 0.06331872
665 457 23 24 0.062431123
766 206 9 9 0.060892303
690 623 13 10 0.058431484
915 438 23 25 0.058287613
976 450 27 33 0.05808822
919 443 28 24 0.058077525
956 540 15 15 0.057879254
959 467 64 135 0.057709347
878 467 30 42 0.05770073
900 518 23 20 0.057613082
920 532 42 39 0.057478413
972 466 22 28 0.05716835
834 688 30 16 0.05679451
739 163 100 117 0.056717284
882 131 13 15 0.05566347
972 399 52 75 0.05519326
722 488 8 12 0.0550929
784 413 25 28 0.054633256
738 471 166 227 0.054125644
464 314 38 27 0.053848367
691 26 160 246 0.053548582
759 387 35 40 0.05349899
674 405 14 18 0.053406995
66 269 26 26 0.05306556
902 459 23 28 0.052912135
959 464 41 45 0.052787226
997 466 26 42 0.05278006
741 429 9 9 0.05268087
1006 481 17 23 0.05217254
699 611 17 20 0.052054014
700 625 16 14 0.051867053
630 439 21 22 0.051772803
964 440 28 26 0.051418886
911 449 80 80 0.05124029
951 462 26 26 0.051068056
928 453 18 13 0.05085769
618 498 9 14 0.05053302
682 612 24 23 0.05046907
680 377 39 39 0.050431494
850 432 13 17 0.050370734
856 430 101 121 0.049875077
680 624 22 16 0.04979966
759 204 12 13 0.04970326
955 466 29 30 0.04960919
917 56 107 217 0.049594987
929 492 47 58 0.0495676
977 477 14 16 0.04943356
724 522 13 17 0.049020562
672 394 19 25 0.049009312
690 628 13 9 0.048955802
786 405 19 25 0.048844103
681 611 36 36 0.048634507
768 204 12 12 0.048508357
658 436 36 37 0.04817373
923 450 31 29 0.047798414
715 486 22 18 0.04762058
945 358 78 119 0.047437154
886 472 94 117 0.04720454
0 327 166 314 0.047179386
977 463 30 33 0.047040097
789 361 43 47 0.04701847
639 478 18 16 0.046901014
761 406 42 39 0.046892393
680 554 23 28 0.04650954
900 525 23 23 0.046137035
704 522 15 15 0.045952253
784 8 189 226 0.045807686
49 262 12 14 0.045714397
673 474 27 27 0.045620874
962 438 61 97 0.045313798
853 370 171 219 0.045296807
977 521 47 88 0.04527493
928 545 29 27 0.045261346
766 400 26 36 0.04520382
628 445 24 29 0.044999212
793 389 46 47 0.04469087
726 364 48 51 0.04452661
684 408 31 40 0.0443957
856 552 26 29 0.04431193
902 451 35 39 0.044135354
690 395 17 23 0.04412012
938 462 13 16 0.04410978
702 610 10 12 0.04386657
881 589 51 55 0.043789245
906 525 42 42 0.043761924
861 479 132 170 0.043723714
756 202 23 21 0.043286327
745 97 38 52 0.043126624
684 628 22 24 0.042857025
670 410 38 47 0.0426947
706 628 9 9 0.042671923
923 464 22 24 0.04258244
646 480 25 30 0.04241892
674 470 18 22 0.04236524
697 620 16 14 0.042312685
735 483 19 16 0.04205652
879 614 44 33 0.042014737
788 519 180 185 0.04198935
681 467 40 36 0.04193168
45 255 38 43 0.04182607
763 210 13 15 0.04173806
836 421 14 14 0.041641288
763 203 10 11 0.041444328
904 518 30 26 0.04144073
942 447 44 37 0.041323792
767 163 128 125 0.041233074
836 429 36 48 0.04122972
940 570 26 31 0.04121531
680 392 19 24 0.041159753
908 441 33 37 0.041062187
716 331 20 19 0.040641665
693 625 14 10 0.04056479
691 489 15 14 0.040544875
937 441 61 65 0.040452793
905 440 16 22 0.040452044
427 386 202 316 0.040444653
621 481 9 9 0.04026868
960 448 26 23 0.040217914
722 483 23 18 0.040060535
637 550 28 28 0.04000339
903 446 24 29 0.03990378
931 616 93 88 0.039897215
640 533 32 40 0.039545093
176 292 21 26 0.039490942
445 309 176 210 0.039328407
654 530 40 47 0.039264165
470 317 21 20 0.039226443
854 437 25 39 0.039215572
717 436 13 16 0.039168745
951 523 71 144 0.039133113
941 475 24 24 0.039040722
706 505 21 26 0.038860656
659 391 72 78 0.038537484
803 590 113 114 0.03849875
655 593 15 16 0.03849285
928 517 14 16 0.03836379
709 531 17 13 0.03833684
43 255 23 28 0.038248513
770 386 47 53 0.038198467
781 88 9 18 0.03819822
706 401 14 17 0.038136143
643 490 21 24 0.038135607
765 103 29 55 0.03798203
1001 451 23 37 0.037905492
678 379 25 27 0.037883025
711 484 17 19 0.037707157
649 579 34 39 0.037680995
918 519 25 27 0.03727834
692 470 133 199 0.037227765
692 586 15 14 0.03721399
819 383 18 34 0.036986362
986 481 38 76 0.036842667
701 555 15 11 0.03654153
987 426 37 62 0.036536194
658 470 33 36 0.036391478
708 395 13 17 0.036287747
882 543 133 161 0.036230966
787 400 18 13 0.03611663
848 437 14 18 0.036068898
634 487 12 16 0.036047768
880 32 30 21 0.036037885
812 401 26 36 0.03594408
696 423 10 10 0.035669487
678 424 34 42 0.03566332
691 607 21 24 0.035512082
852 425 13 17 0.035495937
702 606 10 11 0.035494473
683 594 14 14 0.03533003
676 483 11 12 0.035283957
695 394 24 30 0.03526251
683 406 16 19 0.035140138
746 420 41 47 0.035082944
707 534 14 13 0.035044663
695 554 23 31 0.03490537
824 288 12 14 0.03470698
672 456 14 13 0.03467228
894 452 9 12 0.034391012
711 173 146 190 0.034371052
718 490 10 13 0.034369964
850 432 18 28 0.034306895
905 466 26 32 0.034215886
935 464 13 16 0.034180243
1014 465 10 17 0.03406565
929 499 32 36 0.034017388
635 570 35 39 0.033984013
54 258 7 9 0.033955794
891 123 7 10 0.033953145
889 455 33 45 0.03393211
917 456 37 40 0.03392338
856 431 10 14 0.03382574
70 259 26 25 0.033809382
914 475 10 16 0.03377715
870 454 57 70 0.03372963
68 332 417 372 0.033363204
685 594 20 24 0.033331774
893 526 21 25 0.03333098
49 265 14 21 0.03326638
622 471 33 38 0.033252817
692 595 20 25 0.033197276
649 455 33 33 0.033131395
883 123 13 13 0.033024527
686 583 21 23 0.033015933
711 384 44 49 0.03296606
920 580 12 16 0.03294869
897 213 127 227 0.032896325
47 266 9 16 0.0328753
666 476 20 25 0.03284053
703 497 28 26 0.032763764
916 471 7 10 0.032717034
972 429 23 30 0.032685086
957 475 20 26 0.032665994
940 548 22 22 0.03266596
888 101 52 60 0.032588065
692 581 12 13 0.032559484
54 265 7 10 0.032478604
703 619 13 14 0.032456726
890 130 8 10 0.03245613
636 435 29 27 0.032448262
50 270 28 34 0.032392353
647 472 25 22 0.03208196
655 399 33 38 0.032030355
649 590 16 17 0.031854216
757 450 24 28 0.03184175
1001 475 21 22 0.031726494
655 556 37 37 0.03170161
994 443 29 31 0.031633746
825 41 93 96 0.03157345
673 561 26 27 0.031571776
894 470 35 49 0.031563997
672 402 12 15 0.03154838
746 409 12 16 0.03153508
753 395 29 35 0.031517804
943 460 11 15 0.031465933
626 454 34 41 0.031300418
941 564 48 55 0.031249233
897 326 127 178 0.031200213
708 523 17 16 0.031148273
53 260 11 14 0.031108713
935 451 29 26 0.03108018
765 368 40 47 0.031071326
739 426 14 15 0.031057818
966 452 26 34 0.030937562
677 410 130 191 0.030829513
681 383 50 56 0.03082872
748 120 22 30 0.030798929
936 524 40 42 0.030751823
729 387 40 41 0.030657448
687 575 14 13 0.030573217
722 430 26 32 0.030427711
584 44 202 256 0.030385772
1012 453 11 22 0.030349098
765 216 31 32 0.03032609
822 391 19 42 0.030320257
789 419 37 44 0.030304585
753 411 31 34 0.030169427
953 357 26 33 0.030166242
685 566 21 25 0.030117622
637 480 13 19 0.030096266
691 590 14 14 0.029944545
750 121 11 13 0.02989567
863 73 161 319 0.029893974
804 418 30 28 0.02985373
984 459 17 19 0.029728744
683 636 13 17 0.029681202
632 486 31 35 0.02965589
924 513 37 43 0.029606435
944 486 61 57 0.029545378
674 525 38 48 0.029504932
848 588 21 37 0.02947127
845 444 12 14 0.029372716
687 629 10 10 0.029370151
693 498 36 37 0.029127289
750 200 107 115 0.029106913
676 386 94 106 0.029098097
465 314 22 17 0.029060336
708 497 32 39 0.02902561
720 433 12 14 0.028986048
686 386 20 24 0.028982526
911 465 18 21 0.028975174
661 450 22 25 0.028945014
633 527 29 38 0.028883299
951 421 24 28 0.02886144
904 0 120 128 0.028852494
788 395 20 30 0.028785137
759 304 20 25 0.028688082
749 199 36 34 0.028546462
722 489 40 42 0.028521212
887 684 44 20 0.028384179
995 569 11 10 0.028358301
700 535 14 13 0.028335754
942 466 12 14 0.028327515
899 531 27 31 0.028242636
938 470 20 22 0.028235884
686 480 44 35 0.028206794
736 91 38 45 0.028108476
955 430 29 30 0.02810784
877 483 27 36 0.028101325
712 535 18 13 0.028041832
948 484 30 39 0.027991096
947 539 25 27 0.027987553
996 414 27 45 0.027983332
692 628 19 16 0.02792797
731 430 21 24 0.027916882
882 630 36 19 0.027867224
701 519 15 13 0.0277493
756 393 19 19 0.027740255
896 499 28 33 0.027705269
846 558 36 43 0.027700504
5 31 170 230 0.027643884
701 393 10 11 0.027624648
679 625 6 10 0.02757477
613 491 18 22 0.027573586
690 424 14 16 0.027495582
675 452 14 15 0.027480649
1000 486 24 33 0.027334007
692 586 21 21 0.027271008
641 594 33 50 0.027206898
644 585 19 20 0.027128598
980 453 18 20 0.027110606
698 416 18 18 0.027064227
702 532 22 22 0.026952501
893 473 62 70 0.026929712
667 452 13 16 0.026913946
974 446 21 19 0.026900329
709 461 27 33 0.026882092
649 430 35 36 0.026839327
671 479 35 36 0.02675828
78 259 33 38 0.026724327
857 586 52 57 0.026690917
685 619 13 14 0.026658596
701 404 16 17 0.026610725
981 406 36 42 0.026606781
696 511 26 33 0.026568986
474 327 10 11 0.026527785
506 294 176 194 0.026517937
683 419 19 20 0.026457101
682 639 8 11 0.0264554
665 632 23 24 0.026411653
627 494 12 15 0.0264102
648 557 22 31 0.026354378
636 530 19 25 0.026301315
716 347 49 57 0.02625062
671 370 41 35 0.026193364
66 259 11 12 0.026166862
839 429 23 30 0.026132027
656 592 21 26 0.026116008
1000 495 24 53 0.026090926
980 576 44 86 0.026086692
933 456 14 14 0.026074894
677 610 20 21 0.026069665
668 668 20 35 0.025991112
765 348 44 46 0.025969435
906 466 14 17 0.025947208
906 430 22 28 0.025943384
52 262 7 9 0.025942752
744 374 26 34 0.025940344
463 339 52 67 0.025887907
732 472 26 26 0.02580906
714 523 17 15 0.025798904
672 436 27 30 0.0257876
857 681 62 23 0.025784971
697 539 21 25 0.025775194
1004 529 20 42 0.025767447
681 626 12 10 0.025692508
693 395 11 12 0.025680475
633 493 12 17 0.02565891
810 503 108 150 0.025654081
681 468 15 14 0.025605395
759 298 33 37 0.025566764
771 149 253 319 0.02549011
1013 485 10 17 0.025459217
819 201 171 211 0.025412787
730 0 171 163 0.025373906
952 442 28 24 0.025362896
909 522 97 106 0.025267329
656 325 149 187 0.025266744
926 456 12 10 0.025195412
849 585 37 52 0.025153661
888 476 18 27 0.025128433
639 493 15 15 0.025115833
997 353 27 38 0.025079476
979 366 45 83 0.025060931
846 691 18 11 0.025053535
313 461 8 9 0.025027351
1011 471 13 20 0.025020814
1012 443 11 21 0.025003593
698 550 16 20 0.024974762
710 157 89 112 0.02497186
880 129 12 13 0.024934495
987 468 31 29 0.024921594
663 482 18 25 0.024917278
692 541 36 43 0.024850668
622 497 7 12 0.024759006
700 528 19 18 0.024755428
564 452 177 222 0.02472676
643 561 18 20 0.024714457
703 489 11 15 0.02463044
712 470 34 33 0.024595054
701 507 36 43 0.024576696
793 352 32 25 0.024572518
700 452 26 30 0.02454585
675 622 16 16 0.02451411
647 618 33 42 0.02447775
913 539 30 30 0.02446737
683 585 35 42 0.024401512
573 0 176 207 0.02436997
941 500 33 28 0.024349557
903 451 15 20 0.024346275
862 443 25 33 0.02433526
0 372 103 216 0.024315549
654 381 37 43 0.02424941
932 204 92 136 0.024195017
790 419 17 15 0.02417023
707 490 11 14 0.024161713
669 582 16 12 0.02410002
705 515 14 16 0.024087204
517 325 9 10 0.024061598
839 615 122 89 0.024048295
697 487 13 14 0.024021925
1010 489 13 24 0.024015088
759 428 28 26 0.023966504
759 202 41 39 0.023950659
462 689 9 10 0.023948405
940 558 23 33 0.023925083
648 595 17 21 0.023857681
721 507 37 43 0.023840226
698 395 14 17 0.02383567
716 564 133 140 0.023801157
565 325 173 202 0.023779042
682 425 15 12 0.023767682
742 479 11 12 0.023750108
673 453 21 24 0.023720482
933 469 11 14 0.023702871
736 110 42 53 0.023641635
740 437 43 48 0.023634685
988 472 15 15 0.023624567
812 413 34 42 0.023602206
466 320 44 52 0.02359517
712 492 18 19 0.023566443
970 476 23 28 0.023564922
693 489 29 23 0.023546243
738 352 39 48 0.023538489
899 468 20 21 0.023515785
701 602 16 21 0.023514414
75 274 26 26 0.023508566
690 559 15 25 0.023504054
628 491 14 13 0.023457002
638 436 13 12 0.023444157
701 618 21 23 0.023437336
719 516 15 16 0.023435965
623 549 35 35 0.023407232
687 580 13 14 0.023354335
808 500 11 14 0.023314219
680 490 39 37 0.023292886
705 508 14 17 0.023217417
666 511 38 51 0.023194859
689 593 11 11 0.023193302
630 615 9 11 0.023173464
651 414 33 36 0.023167435
774 404 16 22 0.023088448
624 489 21 24 0.023078306
614 499 18 21 0.02306406
975 482 13 14 0.023035869
49 273 57 78 0.023032013
664 456 14 18 0.022977276
941 466 8 10 0.022957338
65 43 194 235 0.022946395
654 432 21 24 0.0229198
677 477 13 12 0.022900628
726 524 8 12 0.022893181
759 378 25 31 0.022873355
1002 433 20 27 0.022803511
624 477 22 25 0.022790425
690 507 14 17 0.02274652
824 422 91 110 0.022731546
747 111 22 27 0.022730887
690 521 34 47 0.022721821
637 513 33 44 0.02271899
706 325 27 27 0.022706717
662 427 25 31 0.02270656
702 394 12 14 0.022698423
748 299 29 40 0.022657827
832 433 21 30 0.022654455
841 573 22 28 0.022647506
893 519 21 18 0.022644378
767 386 26 25 0.022618175
690 539 16 11 0.022610225
793 36 42 47 0.02259768
923 494 26 32 0.02258299
617 530 16 12 0.022516055
478 313 21 19 0.022515016
750 366 29 40 0.022501621
44 266 15 30 0.022490235
908 680 43 24 0.022463785
988 458 22 24 0.02241325
678 448 13 14 0.022406174
662 465 21 20 0.022375617
729 441 14 15 0.022374982
691 597 34 43 0.022372937
877 489 65 80 0.022333397
985 447 26 24 0.022319254
233 45 195 239 0.022294074
46 262 8 11 0.022287872
895 448 20 28 0.022285877
8 2 108 116 0.022248855
612 333 11 10 0.022233933
771 628 106 76 0.022182873
937 0 87 74 0.022182334
882 127 9 10 0.022172814
684 488 26 25 0.022162031
637 145 156 180 0.022152614
681 629 16 18 0.022152577
911 478 10 15 0.022132834
675 604 18 20 0.022114437
709 528 27 19 0.022108939
686 588 13 13 0.022092234
841 581 17 28 0.022088686
963 467 15 16 0.022054845
72 249 8 9 0.022036552
805 71 53 63 0.022029512
668 429 51 55 0.022027956
837 419 19 20 0.022014817
791 683 13 18 0.02200074
786 0 37 28 0.021994732
683 605 17 21 0.0219858
887 121 9 11 0.021971269
767 304 44 45 0.021958802
845 442 18 25 0.021949014
513 335 63 74 0.021933418
57 285 29 29 0.021932334
677 390 15 18 0.021919163
58 249 58 71 0.021911979
670 572 37 39 0.021895854
670 395 14 17 0.02187059
892 127 9 12 0.021856144
839 690 18 12 0.021846902
860 356 114 129 0.021831868
48 246 28 33 0.021805953
814 371 22 37 0.021775343
986 167 37 77 0.021752315
917 575 21 29 0.021708377
636 587 30 36 0.021704676
400 43 192 236 0.021700446
303 473 259 231 0.021694003
715 440 13 16 0.021680022
942 359 23 31 0.021667717
620 479 13 15 0.021663181
987 547 36 48 0.02162669
73 267 17 17 0.021624962
725 487 6 11 0.02161941
736 323 27 27 0.021617435
694 536 19 19 0.021614049
623 487 15 20 0.021600753
923 473 24 31 0.021596402
985 433 31 31 0.021590322
316 44 194 237 0.0215702
937 279 87 132 0.021562655
65 243 42 51 0.021559842
955 419 47 43 0.021533417
968 427 19 24 0.02150969
732 361 83 99 0.021481086
625 467 22 26 0.021480685
672 474 15 13 0.021473054
695 536 13 12 0.021429539
165 287 34 41 0.021404022
901 436 14 20 0.02139716
484 514 175 190 0.021381196
931 548 42 47 0.02137529
773 102 45 61 0.021365529
58 258 27 29 0.021353472
695 200 116 131 0.021345101
768 201 9 10 0.021331696
862 549 28 24 0.0212612
973 474 12 18 0.021241095
695 619 12 12 0.02123643
637 497 33 41 0.021214023
981 474 17 16 0.021192297
651 574 23 31 0.021179425
241 503 23 24 0.021163322
692 420 12 12 0.021143842
800 416 148 170 0.021142125
448 337 40 60 0.021121558
854 566 46 55 0.021041712
804 461 16 22 0.021037739
755 111 22 34 0.021023031
773 203 8 10 0.020990703
700 559 29 29 0.020954868
720 329 11 11 0.020953473
8 275 158 197 0.020952916
765 418 11 15 0.020949662
842 441 35 54 0.020925228
673 584 14 15 0.020917498
841 582 11 18 0.02088856
696 608 13 15 0.020872824
636 492 8 11 0.020865882
0 78 105 156 0.020850023
847 416 18 23 0.020823695
899 520 67 77 0.020798223
678 593 17 20 0.020789584
624 500 20 22 0.020773225
649 345 100 108 0.020765964
693 577 11 13 0.020762578
151 47 196 235 0.020757448
51 268 8 10 0.020736279
616 480 17 23 0.0207106
703 550 13 13 0.02070816
778 86 10 14 0.020690424
770 208 11 11 0.020649541
724 480 12 18 0.020637766
957 174 67 120 0.020631969
624 675 36 29 0.020627966
771 0 90 64 0.020614207
745 120 10 13 0.020605607
684 417 13 16 0.020588035
105 0 191 200 0.02057561
832 340 14 11 0.02057341
687 446 12 15 0.020571323
935 451 13 11 0.020563472
976 662 48 42 0.020550355
920 509 21 23 0.020539375
701 409 23 26 0.02048508
826 415 18 23 0.020473551
892 172 41 56 0.020449016
647 568 15 16 0.020416856
911 475 16 24 0.020416042
907 663 22 35 0.020407032
735 480 16 13 0.02040302
676 352 39 44 0.020399861
496 355 243 277 0.020388614
898 475 8 13 0.020365013
675 615 15 16 0.020364424
695 482 23 20 0.020364005
1 0 49 44 0.020355143
850 562 25 26 0.020353682
1007 448 16 22 0.020330703
815 12 93 89 0.020326423
976 616 48 69 0.020307697
771 401 60 62 0.020275502
847 54 98 113 0.020271365
951 451 27 26 0.020257501
684 682 42 22 0.020239547
775 421 27 30 0.020232705
879 523 26 32 0.020227477
665 390 17 20 0.0202267
918 447 16 20 0.02019166
943 459 8 11 0.020182326
718 484 33 27 0.020180697
767 96 113 137 0.020148816
728 531 24 25 0.020148395
245 496 25 26 0.020141874
846 345 16 14 0.02013703
668 445 20 25 0.020134868
784 388 14 14 0.020104758
804 530 18 13 0.020096662
698 627 11 9 0.020062478
994 690 30 14 0.020047061
895 647 37 49 0.020028975
621 496 6 9 0.020015221
662 622 36 38 0.020003004
672 532 26 36 0.019973163
708 245 263 347 0.019968437
714 512 23 29 0.019961692
469 328 20 24 0.019953042
481 324 14 17 0.019948414
768 467 102 145 0.019947318
907 483 23 30 0.019947184
675 391 12 12 0.019925093
796 422 20 14 0.019920392
705 440 38 45 0.019877605
729 443 24 29 0.019833524
941 460 20 21 0.019793842
993 402 31 34 0.019715454
944 555 15 17 0.019710783
883 119 11 12 0.019701995
866 556 25 28 0.019688927
740 416 17 22 0.019680938
686 632 10 12 0.019673444
654 589 38 43 0.0196553
475 284 117 131 0.019623948
736 456 22 26 0.019620672
457 0 231 153 0.019612456
7 240 80 109 0.019601148
961 425 20 23 0.01960028
768 400 18 22 0.019590499
48 274 41 47 0.019567579
376 305 176 198 0.01956574
784 87 7 13 0.01956002
637 419 33 34 0.019555086
976 517 42 48 0.019530572
759 120 25 37 0.019530568
694 569 11 17 0.01947947
736 209 45 42 0.019465638
889 439 66 73 0.01945288
664 403 19 22 0.019438235
704 0 154 91 0.019430399
929 457 14 14 0.019383712
670 470 17 12 0.019374195
0 507 175 197 0.019369032
888 156 125 165 0.019360235
730 478 14 13 0.019344637
840 351 13 14 0.019337613
963 483 15 20 0.019333828
489 316 8 9 0.019327022
917 441 15 16 0.019322824
655 419 21 24 0.019320589
176 597 20 23 0.019319395
768 0 47 35 0.019312648
981 0 43 51 0.019286754
695 555 12 20 0.019262802
919 547 33 39 0.019261125
52 271 16 21 0.01922796
763 424 39 46 0.019223837
849 445 19 31 0.019218834
1005 434 9 10 0.019217072
935 480 18 21 0.019211251
800 682 45 22 0.019207904
606 491 19 22 0.019207101
779 317 45 41 0.019187335
485 79 185 229 0.019186167
675 411 16 18 0.019159365
900 471 12 13 0.019159257
1002 551 21 31 0.01915798
989 418 13 13 0.019154338
26 121 111 150 0.019153813
699 425 10 9 0.019150635
794 0 48 33 0.019149004
691 520 14 16 0.01912865
889 536 13 16 0.019126095
0 349 8 15 0.019124093
703 630 13 13 0.019111356
684 638 20 25 0.019099517
788 332 172 186 0.019092346
838 622 14 11 0.019083874
767 208 23 23 0.01906679
788 83 54 62 0.01905279
454 188 163 215 0.019046908
909 178 23 42 0.019046202
50 2 112 116 0.019014735
865 556 17 19 0.018977525
790 59 104 121 0.018976547
912 422 25 32 0.01896396
57 263 6 10 0.018960299
829 441 30 42 0.018959137
43 263 7 11 0.018957503
666 379 27 29 0.01895515
1007 459 16 22 0.01893898
844 447 8 10 0.018936023
766 213 14 15 0.018934686
774 90 16 27 0.0189261
746 400 25 32 0.018890778
852 545 27 27 0.018861879
851 399 19 21 0.018858993
712 515 34 44 0.018855218
363 0 180 200 0.01884877
382 328 59 83 0.018846577
650 490 15 16 0.018841768
817 90 51 61 0.018828893
679 612 12 14 0.018824667
697 516 13 15 0.01880775
549 694 9 10 0.018805956
731 519 33 37 0.018790359
754 128 15 18 0.018746454
928 576 33 29 0.018713372
981 427 14 13 0.018699823
677 505 39 47 0.018689288
662 473 15 15 0.018666238
707 529 13 12 0.018652992
694 588 9 10 0.018646112
638 401 33 40 0.01863926
197 0 182 200 0.018622484
697 427 8 12 0.01861146
723 491 9 14 0.018603902
872 472 22 27 0.018600764
982 442 19 21 0.018574204
891 124 25 32 0.018572751
883 123 44 49 0.018568993
609 484 28 33 0.018568007
280 0 181 200 0.018545669
826 195 51 72 0.0185449
646 574 19 24 0.018528704
617 495 9 12 0.018525142
987 425 12 13 0.0185145
955 483 16 20 0.018499352
680 623 34 39 0.018498596
878 503 33 40 0.01848246
804 0 184 126 0.018480383
923 437 20 21 0.018478993
690 431 90 114 0.01845941
694 593 8 9 0.018450005
698 424 18 15 0.018448642
821 448 39 55 0.018444981
670 541 42 50 0.018443728
888 148 26 21 0.018435286
698 588 11 9 0.018433029
983 136 41 69 0.018408306
772 359 80 101 0.018402662
733 488 23 19 0.01838304
728 517 23 29 0.018373264
919 464 18 19 0.018351717
657 481 17 21 0.018343922
741 318 34 36 0.018324876
634 537 51 62 0.018309098
887 133 9 11 0.018287785
715 509 14 17 0.018277837
76 283 27 29 0.018259374
655 468 18 18 0.018244773
671 389 12 14 0.018243726
936 510 31 37 0.018235289
960 472 16 17 0.01821953
637 468 28 24 0.018204259
748 368 13 10 0.018203517
659 588 16 20 0.018199246
991 572 13 11 0.01817245
681 578 18 13 0.01817022
800 421 23 21 0.01816578
803 486 13 17 0.018138215
70 280 20 20 0.018136274
858 562 34 35 0.018134968
200 473 12 16 0.018127518
868 439 36 50 0.018120479
673 592 14 15 0.018117372
946 456 22 22 0.01811506
698 564 14 22 0.01809349
948 547 13 18 0.018091274
643 487 17 18 0.018085644
838 565 34 46 0.018068077
688 422 11 11 0.018050825
743 431 13 14 0.018048516
1015 479 9 15 0.01804521
623 495 11 13 0.018041788
821 404 33 37 0.018016677
225 512 225 192 0.017995404
656 601 92 103 0.017981075
686 337 40 48 0.017971434
746 415 11 15 0.017948128
699 602 12 12 0.017946126
399 344 58 83 0.017932609
770 200 13 14 0.017921504
694 422 35 44 0.017918251
399 310 61 78 0.01791605
632 562 53 62 0.017875556
691 586 99 118 0.017866697
782 337 43 34 0.01786533
0 266 99 160 0.01784814
620 491 31 36 0.01784477
808 492 17 24 0.01783419
945 419 20 26 0.017819654
693 424 8 10 0.017786168
723 394 28 30 0.017762044
531 541 12 10 0.017748363
686 535 12 11 0.017745009
855 452 18 31 0.017743982
773 416 21 23 0.017732034
787 386 22 25 0.017713318
35 313 205 238 0.017709091
478 325 12 12 0.01770114
854 449 33 48 0.017695501
468 325 14 16 0.01768816
484 344 43 58 0.017677115
882 691 38 13 0.017654888
685 610 8 9 0.017652495
753 97 25 34 0.017647004
645 592 13 17 0.017629435
873 570 51 63 0.0176274
608 333 11 11 0.01762146
714 339 24 27 0.017612554
708 522 9 10 0.017611189
685 540 20 27 0.017608523
515 333 45 49 0.01759334
933 455 11 10 0.01759089
808 0 104 60 0.017588913
910 474 9 11 0.01758629
811 359 16 13 0.017574418
690 630 11 13 0.017571056
685 505 24 27 0.017569063
903 692 31 12 0.017566012
907 455 9 9 0.017558252
686 531 21 19 0.017552376
440 319 125 137 0.017551957
894 444 11 16 0.017547347
719 534 25 24 0.017544547
636 435 38 45 0.017540572
574 237 168 194 0.017539963
660 0 167 138 0.017539818
459 314 20 14 0.017519305
52 230 38 53 0.017512353
823 81 34 42 0.017511964
928 437 48 39 0.017511696
990 414 25 26 0.017509852
675 611 11 13 0.01749926
679 427 15 15 0.01748866
921 437 14 16 0.017471313
843 428 18 18 0.017469596
957 580 57 64 0.017463189
959 148 42 42 0.017442152
687 596 13 15 0.01742973
941 461 7 11 0.017427305
50 260 7 10 0.01742535
857 421 39 51 0.01742357
730 628 105 76 0.01741773
924 669 23 28 0.017402306
690 632 21 26 0.017370522
729 431 92 122 0.017369729
311 0 199 127 0.017353144
674 481 8 11 0.017335372
745 448 25 25 0.017335018
448 312 41 31 0.017293707
699 590 17 22 0.017284926
628 423 31 33 0.017283525
690 317 36 42 0.017267723
689 492 12 12 0.017264644
473 316 39 34 0.017248856
907 455 16 22 0.01724407
286 340 44 58 0.017235616
878 63 52 63 0.017234681
776 395 22 23 0.017205788
971 438 16 21 0.017173985
99 87 126 153 0.017158784
976 428 13 14 0.017158072
673 492 29 32 0.01715192
976 460 16 20 0.017130611
917 454 19 22 0.0171204
621 433 41 54 0.01711707
631 504 27 32 0.017106812
48 399 226 287 0.017099082
888 129 14 16 0.017097853
422 310 62 69 0.017097784
895 478 10 17 0.01709544
508 332 10 12 0.017087732
625 529 20 25 0.01708609
695 493 13 13 0.017079381
230 0 197 124 0.017077915
821 626 16 12 0.017066425
677 617 10 9 0.017066138
891 435 31 41 0.017062362
899 573 41 57 0.017059183
900 435 9 11 0.01704886
774 396 84 108 0.017044194
697 392 10 10 0.017025584
691 544 11 16 0.01701395
86 127 164 224 0.01700686
732 494 45 49 0.017004326
0 0 72 96 0.017002847
703 616 10 11 0.017002141
54 259 20 24 0.016992508
754 135 15 19 0.016979741
998 423 21 23 0.016978197
857 437 8 9 0.016963378
917 472 9 14 0.016961936
723 401 68 74 0.016953459
70 252 10 13 0.016942184
713 453 38 42 0.016941184
214 328 66 87 0.016938403
703 374 134 171 0.016935438
67 286 18 18 0.016935108
696 322 24 27 0.01692869
36 610 38 43 0.016908009
964 360 20 29 0.01690707
390 356 41 59 0.01690274
673 461 14 14 0.016900264
900 544 21 30 0.016886478
167 527 17 19 0.016875966
730 471 44 49 0.016874488
978 475 30 39 0.016873775
723 458 24 30 0.016864177
24 231 102 132 0.016862456
677 679 11 23 0.016859196
814 489 10 16 0.01685606
305 339 44 59 0.016851023
983 570 17 12 0.016833728
769 312 23 29 0.016798053
967 471 13 17 0.01677739
75 258 17 17 0.016776297
53 266 9 13 0.01675365
989 468 16 14 0.016750662
844 475 74 102 0.01674168
699 622 10 9 0.016734092
680 587 18 19 0.016733779
861 527 81 92 0.016731512
981 478 9 12 0.01672515
995 418 13 14 0.016723672
687 427 13 13 0.016719392
628 446 14 19 0.016706815
977 481 8 10 0.016692957
878 134 14 15 0.016680656
668 618 19 25 0.016679006
930 536 25 25 0.016678281
763 400 16 18 0.016672399
1009 439 15 18 0.016672296
277 326 67 88 0.016671473
45 269 8 10 0.016670916
653 679 7 13 0.016667629
695 544 13 15 0.016662484
834 0 127 78 0.016659006
632 392 139 182 0.016656764
760 215 17 22 0.016652336
665 399 15 17 0.016647568
673 373 25 22 0.016645983
576 118 139 177 0.016641492
745 466 24 25 0.016638398
751 385 17 21 0.016630359
948 503 39 44 0.016624209
662 467 14 12 0.016616844
878 444 26 32 0.016612357
615 383 100 119 0.016584868
762 309 21 28 0.01658355
96 0 301 339 0.016583398
922 587 10 11 0.016581222
702 331 35 38 0.016578533
612 331 25 23 0.016562644
912 514 24 21 0.016537484
656 424 88 111 0.016517928
859 468 48 67 0.016516797
654 626 8 10 0.016510185
659 602 41 46 0.016504243
845 436 13 12 0.016494278
666 640 20 26 0.016493706
780 92 8 11 0.01648791
718 542 17 20 0.016485216
696 409 13 13 0.016479148
947 433 24 28 0.016469922
699 443 11 12 0.016457686
970 453 16 20 0.016456727
204 113 177 236 0.016454604
732 436 12 14 0.016431458
679 468 25 21 0.016418781
477 329 15 19 0.016415065
793 390 26 25 0.016410425
845 601 22 32 0.01640049
652 551 16 26 0.016392156
173 306 23 30 0.016386762
919 470 6 9 0.016365219
707 612 13 17 0.01636483
643 522 142 182 0.016360682
621 523 30 39 0.01635824
731 419 40 42 0.016351819
682 426 19 20 0.01634417
183 446 117 168 0.016339175
705 621 8 9 0.016326835
736 402 26 31 0.016322134
980 240 44 77 0.016290035
841 506 16 14 0.016289292
665 591 18 23 0.016288554
692 692 36 12 0.016280785
694 621 8 9 0.016272612
727 519 14 15 0.01627206
947 569 16 22 0.016266758
223 341 44 57 0.016252138
62 256 17 20 0.016245166
203 340 43 57 0.016228206
845 183 44 74 0.016220532
937 668 20 31 0.01621984
463 428 33 39 0.016212855
693 501 22 22 0.01619088
908 635 65 69 0.016189862
478 342 67 88 0.016176999
664 580 21 24 0.016166696
650 489 26 31 0.016165283
721 338 14 12 0.016163077
668 221 150 186 0.016163055
790 393 15 15 0.01615515
317 324 66 89 0.01614492
667 671 41 33 0.016143832
347 379 44 56 0.016142583
593 436 14 12 0.016132237
750 276 43 49 0.016130228
0 107 70 188 0.016125621
701 594 13 13 0.016123837
979 426 25 31 0.016118761
529 545 20 23 0.01611778
810 361 26 32 0.016115166
265 86 127 158 0.016113669
726 0 104 56 0.016113264
680 453 13 14 0.016110798
408 376 41 58 0.016107123
712 537 20 22 0.016106348
1002 489 17 19 0.016084563
147 0 197 122 0.016083552
37 517 14 17 0.016079642
672 599 17 19 0.016055863
151 454 189 247 0.016042672
0 97 48 127 0.016034482
407 339 40 57 0.016033795
429 85 127 158 0.016028067
724 326 23 23 0.01602617
330 84 315 372 0.016010603
60 0 196 129 0.01600994
279 111 175 233 0.016001703
734 126 14 17 0.015998878
964 577 14 15 0.015997084
678 0 122 70 0.015993908
0 356 8 10 0.015992213
2 523 90 146 0.015981106
626 460 51 59 0.015970083
421 343 62 87 0.015959496
695 577 20 24 0.015950032
612 338 38 49 0.015949864
640 440 15 17 0.015947973
902 0 30 26 0.015942475
671 590 10 14 0.01594021
698 510 15 17 0.01590298
851 437 9 10 0.015895471
835 694 16 10 0.015893904
737 432 13 16 0.015880592
696 580 12 12 0.01585433
16 33 89 137 0.01585381
969 411 35 38 0.01585103
714 529 14 11 0.015840914
949 457 11 12 0.015834017
749 214 39 51 0.015828507
804 208 10 12 0.015822839
830 414 35 44 0.015822534
175 280 21 27 0.015820011
43 268 7 9 0.015818043
476 322 60 69 0.015814422
765 686 9 10 0.015809694
176 329 63 84 0.0158094
964 530 48 51 0.015804913
327 339 43 58 0.015803194
184 88 125 154 0.015799377
846 444 7 10 0.015780248
680 641 15 19 0.015776189
651 607 24 32 0.015775787
695 562 8 14 0.015760306
666 462 16 15 0.0157581
948 408 35 38 0.015757998
805 351 21 16 0.01575742
751 125 14 18 0.015747927
267 685 9 10 0.015746707
623 0 144 90 0.015729422
619 490 10 15 0.015727716
640 451 14 14 0.015725374
680 422 13 13 0.015719723
981 549 32 33 0.015715042
783 551 13 14 0.015709387
14 151 142 193 0.015701827
692 362 40 41 0.015698554
642 519 21 28 0.015693668
683 642 10 13 0.015681783
42 197 42 55 0.015679976
613 530 20 25 0.015678253
882 474 16 23 0.015674882
661 584 14 15 0.015657706
469 120 126 157 0.015642576
770 411 16 22 0.015635109
347 85 127 158 0.01563354
882 512 23 26 0.015628856
792 46 52 64 0.01562852
937 57 80 116 0.015624499
924 581 8 10 0.0156215215
619 475 9 11 0.015615317
994 472 14 15 0.015610148
981 12 42 77 0.01560641
765 4 117 106 0.015600176
962 481 12 14 0.015578196
713 601 11 16 0.015571241
244 340 44 57 0.015566674
651 480 15 20 0.015565262
774 392 16 17 0.015562108
964 459 15 17 0.01555567
686 593 9 9 0.015552971
673 626 18 24 0.0155509915
990 110 34 63 0.015550341
737 122 20 23 0.015547444
708 402 19 22 0.015541459
467 463 132 202 0.015533402
838 411 21 22 0.015527913
426 304 8 9 0.01552756
973 90 43 60 0.0155202495
709 325 13 10 0.015498331
680 581 15 15 0.015497604
832 579 21 29 0.015497351
769 211 44 45 0.015495979
313 478 21 27 0.015494029
856 423 13 17 0.015492657
326 379 43 57 0.015481397
842 338 14 12 0.015463632
824 187 22 26 0.015457112
931 565 27 30 0.015456159
655 484 37 44 0.015451925
87 0 116 98 0.015426491
915 423 37 42 0.015424266
762 84 31 49 0.015420221
0 40 66 161 0.015417525
624 541 26 31 0.015415175
685 517 24 28 0.015412154
901 123 27 34 0.015406025
937 466 9 11 0.015398113
712 395 8 11 0.015397412
621 501 9 12 0.015395555
782 418 17 19 0.015391872
195 307 64 85 0.015386698
57 253 7 10 0.0153811155
816 94 28 36 0.015373693
759 193 18 22 0.0153682055
663 447 13 21 0.0153642325
0 602 12 12 0.015362765
722 334 22 23 0.015357195
816 358 14 11 0.015355938
305 379 44 57 0.015355091
894 437 18 27 0.015354214
749 209 22 23 0.015351745
613 495 11 15 0.015346716
950 553 13 17 0.01534452
699 576 13 14 0.015338835
828 592 33 44 0.015338451
639 364 228 310 0.015335563
687 525 15 13 0.0153344385
672 596 9 12 0.015322677
1010 550 14 16 0.015312748
700 310 35 37 0.015307729
61 33 88 135 0.01530423
899 474 15 20 0.015302862
265 340 44 57 0.015301052
671 479 9 12 0.015291955
670 606 16 19 0.015291741
617 469 9 12 0.015289344
702 624 10 10 0.015281692
54 193 147 208 0.015281025
751 172 44 50 0.015275535
615 500 10 15 0.015275372
774 207 9 9 0.015269049
634 495 7 10 0.015266152
714 319 23 24 0.015263591
0 336 40 62 0.015261261
886 438 20 30 0.0152489785
895 616 41 47 0.015233116
740 476 11 11 0.015228163
853 594 13 22 0.015227887
946 576 28 34 0.015224975
650 587 11 14 0.015219479
880 523 47 55 0.015214381
228 619 18 15 0.015211761
659 343 41 53 0.015207395
738 212 29 27 0.015206497
629 687 13 10 0.015198383
432 597 6 9 0.015188965
610 333 16 17 0.015186011
853 556 18 20 0.015182264
847 409 19 22 0.015176823
809 356 102 117 0.015175083
368 378 42 56 0.015171819
753 244 90 103 0.015164957
619 482 9 12 0.015143011
783 394 16 15 0.015139482
831 411 16 22 0.015127306
947 467 16 14 0.01512513
716 488 9 11 0.015119798
684 435 55 61 0.015114836
714 425 46 51 0.015110259
381 362 61 86 0.01510894
693 528 18 18 0.015098096
339 345 64 86 0.015097402
64 259 8 10 0.015075107
793 28 32 37 0.015074883
223 318 44 59 0.015073533
638 442 11 14 0.015061681
891 534 20 26 0.01505592
284 379 45 57 0.015048455
752 347 14 12 0.015044013
387 320 45 60 0.015031466
731 299 38 44 0.015030567
347 339 44 59 0.015021794
722 99 90 141 0.0150188245
534 168 167 215 0.015015347
515 331 12 11 0.015014833
346 400 45 58 0.015014123
656 515 87 116 0.015010635
829 158 136 156 0.0150021035
687 315 8 10 0.015002068
617 472 18 23 0.014996646
637 592 12 17 0.014988908
951 90 45 60 0.01498653
679 381 16 17 0.014974369
687 476 61 66 0.014973421
726 494 24 25 0.014969149
530 360 140 191 0.014955785
708 283 133 164 0.01495251
296 346 65 86 0.0149495425
456 326 36 45 0.014949433
865 522 32 41 0.014943706
816 362 12 13 0.014942118
426 543 149 161 0.014937807
804 25 41 43 0.014932684
370 219 326 363 0.0149294445
917 480 7 13 0.01492733
634 617 34 48 0.014923002
555 272 114 131 0.014906932
491 331 21 27 0.014905492
24 673 35 31 0.014901931
766 216 8 10 0.014899927
737 427 11 11 0.01489402
85 272 23 32 0.014885486
988 568 16 12 0.014883767
872 492 21 29 0.014882139
676 400 12 14 0.014875636
723 362 32 38 0.014870065
772 89 12 16 0.014862564
997 482 16 16 0.014858705
929 462 12 16 0.014856351
120 622 40 42 0.01485635
841 578 9 14 0.014850327
844 694 27 10 0.014848956
240 507 16 17 0.014835324
742 415 27 26 0.014823792
729 322 40 41 0.014820177
715 393 22 25 0.014816235
1017 463 7 13 0.014811328
916 471 20 25 0.014807988
849 422 20 28 0.014807624
117 623 26 26 0.014800222
743 481 23 21 0.01479977
711 495 14 11 0.014798825
816 253 11 14 0.014791898
469 296 39 38 0.014791216
50 297 61 92 0.0147853475
364 332 53 73 0.01477179
940 454 10 10 0.014766595
723 525 8 10 0.014765011
741 117 17 21 0.014754762
778 399 18 12 0.0147522995
144 124 123 155 0.014732228
676 626 7 9 0.0147253955
984 421 19 21 0.014717592
699 388 11 12 0.014714799
939 544 16 19 0.014707378
368 113 171 222 0.014699692
842 94 96 111 0.014698191
637 87 130 175 0.014697141
1003 573 13 10 0.014690232
691 581 9 9 0.014674046
908 520 21 16 0.014667266
806 394 27 33 0.014666869
344 573 10 15 0.014656988
512 326 12 12 0.014647345
812 388 21 23 0.014643122
704 543 14 16 0.014640749
476 323 9 11 0.014639818
0 182 100 146 0.0146352565
723 329 15 12 0.01463494
1000 560 24 46 0.014631576
975 483 23 27 0.014626189
803 592 19 33 0.014625293
855 435 13 17 0.014625256
951 507 27 25 0.014618605
764 660 73 44 0.014617414
408 399 43 57 0.014606081
46 258 12 16 0.014603229
888 633 39 33 0.014602848
704 544 23 25 0.014590154
1 676 38 28 0.014588953
734 454 16 19 0.014585237
851 608 44 42 0.014573126
721 444 21 25 0.014567918
628 455 17 24 0.014563571
966 19 56 110 0.014559114
820 375 37 48 0.014552809
50 274 13 23 0.014541158
762 280 51 49 0.01453457
515 160 120 151 0.014526165
692 443 13 14 0.014524009
70 182 106 135 0.014520416
73 346 63 88 0.014508674
841 72 13 18 0.014507214
232 503 25 25 0.014506823
771 123 26 43 0.014498192
933 497 23 25 0.014495971
108 458 16 18 0.014483467
135 465 12 14 0.014477481
740 436 12 16 0.0144753205
674 604 10 13 0.014464595
782 380 22 25 0.014458893
676 481 15 20 0.014457894
953 554 36 48 0.01444957
638 494 7 11 0.014429995
648 354 39 51 0.014429192
813 0 31 26 0.014426878
814 476 45 59 0.014425756
543 0 103 96 0.014424304
367 399 43 58 0.014421579
822 418 14 19 0.01441705
483 308 29 25 0.014415701
388 399 43 56 0.014414157
638 377 35 45 0.014405624
65 251 22 24 0.014402092
496 325 11 14 0.014401765
885 600 31 38 0.014401528
100 32 88 133 0.014395968
59 259 8 10 0.0143957
762 291 78 81 0.014391573
898 0 97 68 0.014388579
478 224 110 133 0.0143878795
676 444 13 14 0.014384481
159 221 385 367 0.014383324
902 527 18 11 0.014378852
958 488 16 20 0.014378682
745 332 23 24 0.0143785095
909 440 11 10 0.014375533
938 678 27 26 0.014370771
500 2 105 116 0.0143687185
761 95 15 16 0.014365328
856 313 105 123 0.014358684
814 601 21 27 0.014358089
855 447 15 23 0.014347631
751 376 145 180 0.014344589
701 420 23 24 0.014344151
194 345 65 88 0.014343221
793 12 46 45 0.014342713
689 397 12 14 0.014336224
663 599 13 17 0.014330657
672 486 14 22 0.014329121
681 644 19 25 0.014328799
722 201 17 38 0.014322311
667 490 59 70 0.0143209705
694 493 9 10 0.014318853
510 336 12 10 0.014314904
787 423 15 18 0.014310605
151 229 70 101 0.014309529
886 124 22 24 0.014306869
666 458 63 70 0.014304496
1005 433 14 16 0.014297219
919 489 13 14 0.0142937405
858 467 33 43 0.014287054
233 0 112 97 0.014285058
935 579 73 98 0.0142822815
909 526 26 28 0.014274567
52 458 122 183 0.014271441
814 486 16 22 0.014269512
692 310 29 32 0.014266125
66 445 78 104 0.014252834
912 119 28 36 0.014251445
981 473 9 13 0.0142485425
43 296 41 52 0.014247101
250 493 37 39 0.01424195
439 360 68 95 0.014241869
725 488 11 14 0.0142302485
825 554 37 47 0.0142282015
556 694 10 10 0.014223645
989 674 7 9 0.014219002
914 692 33 12 0.014218852
35 230 39 47 0.014216926
703 521 10 9 0.0142035335
891 181 59 86 0.014194145
801 464 40 53 0.014159374
950 379 52 55 0.0141579965
933 361 24 33 0.014155244
856 536 41 50 0.014143694
696 604 11 11 0.01413019
685 378 20 17 0.014124096
633 438 14 13 0.014122681
761 310 8 10 0.014121942
1003 122 21 36 0.014118862
908 501 23 26 0.014117672
676 621 9 11 0.014117004
705 393 9 9 0.014115489
998 570 12 9 0.014110333
703 409 37 42 0.014105614
686 445 10 11 0.014103916
173 257 68 93 0.014099509
630 419 64 72 0.014097592
459 2 107 117 0.014090178
732 112 7 12 0.014085741
714 325 11 9 0.0140705975
234 301 68 91 0.01406918
751 328 71 67 0.014067182
893 66 74 102 0.014054681
137 11 97 133 0.0140491165
821 640 70 64 0.014042229
255 346 67 88 0.0140416315
967 159 26 18 0.014036748
759 421 15 15 0.014035459
885 422 34 43 0.014033726
515 184 270 319 0.014029643
2 307 60 86 0.014027328
844 592 12 19 0.014021455
220 498 13 16 0.0140206935
678 469 12 11 0.0140147135
264 380 45 57 0.014014354
675 405 10 10 0.01400116
529 538 11 11 0.0140005285
956 355 58 62 0.014000194
970 482 46 54 0.013995257
991 678 12 11 0.013992632
0 640 48 64 0.013991962
695 333 26 32 0.013977439
174 87 323 358 0.013975654
657 475 15 14 0.0139737185
802 494 20 29 0.013971673
677 460 12 10 0.013967021
859 594 10 16 0.013966874
760 125 13 19 0.013965259
681 638 7 10 0.013963388
976 603 15 14 0.013954783
986 41 37 72 0.013953993
674 428 23 26 0.013944348
719 496 13 15 0.01393669
745 483 49 55 0.013936392
501 356 70 98 0.013935826
843 26 54 45 0.013932835
377 0 109 98 0.013931052
664 495 21 27 0.013929261
881 123 9 11 0.013925479
722 332 12 12 0.013921429
695 364 76 74 0.0139204925
23 576 33 39 0.013917486
593 321 43 56 0.013911877
294 0 111 97 0.0139082465
974 485 9 10 0.013906192
692 586 8 9 0.0138991205
803 342 54 50 0.013898648
681 642 8 12 0.013897782
418 2 108 117 0.013893342
760 401 16 12 0.013892981
938 247 46 60 0.013888177
848 593 13 21 0.013885661
57 276 19 19 0.013884441
959 0 51 46 0.013880792
447 432 38 43 0.01386191
948 473 18 18 0.013853492
933 520 9 12 0.013851825
483 377 38 60 0.013849755
478 328 9 11 0.0138427615
709 498 16 16 0.013841185
869 414 24 27 0.01384019
677 464 16 15 0.01383301
0 16 51 126 0.013832688
722 548 12 16 0.013829505
764 410 12 18 0.013827739
399 382 65 92 0.013827714
40 264 8 13 0.013825986
946 430 18 23 0.01382587
79 260 11 10 0.013820655
184 274 41 49 0.01382011
919 662 20 29 0.013819449
840 83 24 34 0.013815954
708 626 8 9 0.013811939
817 424 34 43 0.013806472
914 568 37 53 0.013797145
815 553 31 40 0.0137968585
251 464 14 16 0.013788256
29 515 14 18 0.013784886
643 505 22 27 0.013783431
727 185 45 49 0.013782523
714 397 10 14 0.01377769
640 590 14 17 0.01377155
663 412 18 24 0.013766765
807 204 54 68 0.013766507
692 599 12 13 0.013764236
934 460 10 12 0.013762843
665 387 13 16 0.013739824
864 649 51 55 0.013733389
856 210 100 127 0.013728687
808 491 11 17 0.013723817
214 275 69 95 0.013721106
52 347 60 84 0.013716226
872 84 48 58 0.013711546
668 471 12 10 0.013705155
697 585 28 36 0.01370493
694 583 8 9 0.0137004545
296 300 67 93 0.013693349
930 488 19 24 0.013684851
239 353 55 72 0.01367823
445 531 24 29 0.0136759
243 380 45 57 0.013674019
0 0 28 31 0.013672368
1017 469 6 11 0.013671353
602 213 106 131 0.013668007
692 428 19 25 0.013665499
900 238 14 17 0.013663392
780 462 42 53 0.0136606395
829 461 42 52 0.013658665
776 36 42 50 0.013656407
812 456 34 48 0.013655572
919 429 18 19 0.01365553
672 503 28 34 0.013652343
509 399 116 194 0.013649606
533 313 70 81 0.0136444345
852 580 22 27 0.013625399
313 544 9 12 0.013619624
658 457 17 21 0.013616047
94 336 36 52 0.013608082
803 470 13 16 0.013605954
969 483 12 14 0.013599809
530 691 8 9 0.013598228
686 540 14 13 0.0135970265
494 328 16 20 0.013591497
936 366 54 56 0.013589095
23 578 10 12 0.013585144
671 414 13 18 0.013569758
455 664 44 40 0.013562514
830 426 21 21 0.013559354
695 630 10 10 0.013553578
284 282 172 221 0.013552538
538 429 130 208 0.013545255
470 605 13 12 0.013545144
818 558 21 26 0.013539262
911 651 33 47 0.013536693
887 134 24 30 0.0135358535
906 476 13 21 0.013534363
666 566 59 67 0.01353334
962 508 41 45 0.013532278
429 356 41 58 0.013530926
773 192 26 28 0.013529624
970 485 15 18 0.013529371
808 0 61 46 0.013528714
670 600 12 16 0.013526072
70 263 15 16 0.013521679
663 431 12 16 0.013520825
868 458 23 26 0.01352035
111 218 105 139 0.013516435
71 275 44 52 0.0135100745
884 136 9 11 0.013502112
634 625 8 12 0.013499568
895 468 15 23 0.013494071
774 98 22 39 0.0134919835
643 500 60 73 0.0134891365
686 466 12 13 0.0134874545
755 119 14 19 0.0134871965
687 451 12 17 0.013478514
64 287 33 40 0.013470826
40 266 14 23 0.013469894
858 408 11 12 0.013465394
485 325 22 27 0.013453471
596 491 32 37 0.013451246
741 506 46 48 0.013449662
608 515 29 38 0.01344624
827 459 65 85 0.013444803
969 431 12 14 0.013444611
770 199 19 21 0.013443094
789 377 25 29 0.013438414
713 436 28 29 0.013436004
934 516 59 67 0.013434958
991 473 9 10 0.013430542
648 573 58 68 0.013427766
1003 415 20 25 0.013426226
223 379 44 57 0.013422561
809 598 18 30 0.013419652
833 74 61 74 0.013417185
83 326 37 50 0.013415045
178 11 97 133 0.013410786
202 554 12 15 0.013405726
945 456 10 12 0.013402444
210 226 79 109 0.013401654
57 214 28 35 0.013390171
885 116 19 23 0.013384223
708 505 15 16 0.013383408
823 465 14 17 0.0133730555
652 601 15 18 0.013371272
671 614 13 17 0.013365167
944 428 12 16 0.013361209
875 134 75 105 0.013356089
710 516 15 14 0.013355922
808 101 40 45 0.013351436
698 574 9 12 0.013350392
743 484 14 14 0.013342563
804 583 19 29 0.013340925
757 210 12 14 0.013340716
894 546 36 43 0.013340083
908 471 9 10 0.013336612
65 255 9 10 0.013336056
323 487 13 18 0.013328932
768 576 13 16 0.013326743
184 320 43 57 0.013326406
337 300 67 93 0.013316857
22 210 42 51 0.013310005
476 341 32 41 0.013307503
709 407 9 10 0.013304556
435 308 41 37 0.013303924
872 614 61 71 0.013303197
753 181 27 32 0.013302971
563 308 64 82 0.01329773
740 434 20 24 0.01329531
923 688 34 16 0.013294554
719 326 11 9 0.0132938735
750 410 7 9 0.01328933
763 180 26 31 0.013287104
691 480 19 18 0.013285704
163 97 85 127 0.013283437
778 443 43 52 0.01327503
873 43 126 155 0.013273681
814 426 23 24 0.013271017
608 0 97 63 0.013267084
526 359 46 68 0.013265695
453 312 12 10 0.013264079
782 84 8 12 0.0132620735
469 685 7 9 0.013259069
153 347 65 88 0.013256495
908 0 43 34 0.013254475
858 178 47 66 0.013252413
700 399 7 10 0.013251053
428 377 44 59 0.0132479295
753 207 12 15 0.013244967
707 632 8 9 0.013238746
716 493 9 10 0.013238483
3 598 88 106 0.013228712
705 482 17 18 0.01322611
699 546 14 14 0.013225749
695 430 8 11 0.01322547
605 306 61 82 0.013202898
685 599 11 15 0.013202359
999 473 13 16 0.013200393
691 610 15 16 0.013192169
961 259 46 58 0.013192043
920 470 10 12 0.01319181
47 271 9 17 0.0131877735
904 196 24 31 0.013182736
678 628 9 14 0.013182132
168 592 32 32 0.013180915
108 229 12 15 0.013178591
659 369 59 65 0.013172657
639 542 20 21 0.013172617
700 629 19 22 0.013172367
927 543 20 19 0.013172198
19 254 55 65 0.013171698
952 569 14 16 0.013171345
840 588 13 17 0.013164103
866 0 46 38 0.01316381
767 385 17 20 0.013163468
921 487 22 25 0.01316162
832 343 11 11 0.013158424
680 316 14 11 0.013156809
770 83 9 13 0.0131531255
26 0 49 45 0.013150798
674 635 13 18 0.01314898
981 467 16 14 0.013144722
726 438 13 15 0.013134828
991 83 33 50 0.013129754
953 526 29 34 0.013129666
686 499 19 23 0.013125996
780 88 7 9 0.013122461
219 11 97 133 0.013114111
969 354 24 31 0.013111207
801 381 29 30 0.013103847
715 606 11 15 0.013103715
704 591 13 13 0.013100695
900 381 51 57 0.013093505
424 391 56 76 0.013091446
851 601 12 18 0.013086813
826 104 29 35 0.013084679
203 378 44 57 0.013081218
931 446 23 22 0.013072641
215 477 127 167 0.013066632
501 344 49 59 0.013064315
706 605 13 13 0.013063669
872 124 60 76 0.013059509
839 44 28 29 0.013046226
839 631 23 22 0.013045192
746 197 28 26 0.013041591
775 197 13 16 0.013031459
686 313 22 26 0.013029063
747 368 21 24 0.013021956
662 597 23 29 0.0130199315
702 558 16 20 0.013017039
921 521 17 16 0.013016168
870 554 17 17 0.013007559
184 359 42 57 0.013004221
674 598 12 13 0.01300411
470 49 123 153 0.013004093
162 438 28 38 0.013002376
620 446 21 28 0.013001635
1009 487 11 13 0.012998208
660 514 30 40 0.012997514
969 648 11 13 0.012996368
75 250 11 11 0.012993352
833 683 59 21 0.012981699
825 350 12 12 0.01297915
532 40 156 197 0.012977013
854 411 12 14 0.012973469
828 425 14 15 0.012967232
322 361 199 262 0.0129653895
316 365 66 88 0.012964611
133 328 64 86 0.012964261
983 200 41 78 0.012961178
928 572 42 56 0.012958318
741 452 55 66 0.012958048
712 521 16 13 0.012956542
260 11 96 133 0.0129556805
161 489 14 15 0.012954889
871 20 41 32 0.012954163
680 475 16 18 0.012951868
658 561 22 27 0.012941353
707 515 8 10 0.012934654
701 527 13 13 0.012933109
1012 330 12 28 0.012930482
701 599 10 10 0.0129295
725 434 9 11 0.012929444
821 595 26 31 0.012918319
110 612 8 10 0.01291291
636 484 8 14 0.012910259
483 319 22 23 0.012908919
826 572 35 46 0.01290465
808 465 16 19 0.012901639
675 449 11 12 0.01290078
551 574 126 130 0.01289975
702 387 17 20 0.012896659
843 574 8 13 0.01289132
672 622 11 15 0.012889628
41 260 6 11 0.0128858015
723 427 11 16 0.0128848655
511 375 46 63 0.0128841195
77 547 177 157 0.012883883
83 473 82 112 0.012881553
263 443 121 164 0.012881315
955 87 36 34 0.012880542
705 513 8 10 0.012879906
695 596 12 13 0.012877907
711 525 9 10 0.012877702
759 309 12 16 0.0128766615
322 11 96 133 0.012874965
998 587 26 50 0.012870932
729 421 21 24 0.012866957
1005 527 16 23 0.012859914
843 438 9 13 0.012858524
711 551 22 24 0.012855751
785 91 8 14 0.012853156
467 604 11 10 0.012847915
928 436 10 14 0.012846024
617 513 81 116 0.012845762
639 566 17 19 0.012845603
917 481 18 22 0.012845287
44 258 9 9 0.012844063
819 569 52 69 0.012841766
1006 481 14 13 0.012836936
448 400 46 61 0.012834924
770 398 19 13 0.012834116
607 501 31 38 0.0128329815
790 436 36 44 0.012829127
124 363 176 260 0.012824595
166 203 78 111 0.012813242
68 458 14 18 0.01281106
232 497 37 38 0.012807462
766 0 32 23 0.012806633
682 317 29 37 0.012806066
489 324 13 15 0.0128056435
0 599 9 11 0.012804103
719 443 8 11 0.012795734
962 481 26 30 0.012791071
38 690 26 14 0.012790802
465 692 6 9 0.012789723
986 415 13 14 0.012788737
74 484 40 49 0.012782696
645 223 100 119 0.0127812745
795 349 23 18 0.012781007
838 270 13 13 0.012778021
691 407 14 16 0.012774848
748 357 23 27 0.012774378
542 649 8 9 0.012772404
936 456 17 18 0.012770007
9 195 43 57 0.012769976
19 0 31 31 0.012764153
824 107 53 62 0.012764049
15 392 9 11 0.0127638895
449 377 45 60 0.012763825
848 525 63 78 0.012763697
955 545 15 18 0.012763694
836 70 14 18 0.012761783
920 666 44 38 0.012758227
935 557 16 17 0.012756475
790 107 52 61 0.012755899
815 72 31 42 0.012752722
711 403 9 11 0.01275008
585 328 59 79 0.012746989
976 454 15 14 0.012743444
710 620 10 11 0.012742723
169 161 166 233 0.012741703
363 11 95 134 0.012739
697 590 12 13 0.012733637
21 495 34 44 0.012730579
1000 467 17 20 0.012730293
28 254 34 44 0.012726039
995 430 19 18 0.012723587
112 347 64 88 0.012716848
45 184 62 84 0.012715917
718 538 14 12 0.01271522
861 690 41 14 0.012715123
889 449 15 22 0.012713263
20 612 12 13 0.012709651
947 552 24 26 0.012706868
826 559 16 14 0.012706758
817 200 11 14 0.012702943
642 496 17 13 0.012696384
945 445 21 24 0.012696155
635 497 8 11 0.012691624
528 689 7 10 0.012686488
56 608 47 52 0.012680918
175 270 33 44 0.012680791
260 309 56 75 0.012677504
266 158 123 158 0.012677171
242 292 48 66 0.012670373
17 100 289 350 0.01266885
506 327 11 14 0.012665889
178 289 10 11 0.012661229
748 347 20 20 0.012650351
969 525 30 33 0.012648899
808 354 21 23 0.012642146
861 457 17 24 0.012637065
725 512 20 25 0.012633807
919 562 30 37 0.012630789
820 557 15 15 0.012619572
912 193 66 93 0.012617981
844 444 6 9 0.012611728
642 395 23 30 0.012607187
888 557 43 51 0.012606584
831 442 15 21 0.012605497
642 555 14 18 0.012603161
48 503 14 15 0.012601293
953 364 16 23 0.012596226
681 456 23 24 0.012592531
844 573 8 9 0.012584659
684 614 12 14 0.01258458
372 537 10 11 0.012581959
718 406 39 42 0.012580838
617 447 30 41 0.012575555
687 264 101 121 0.012574097
814 181 21 28 0.012570454
691 394 11 9 0.012564577
226 390 190 258 0.01256421
763 220 18 23 0.012563271
796 321 44 40 0.012561591
93 265 30 45 0.012561363
48 272 6 9 0.012560659
274 364 68 90 0.012556647
76 286 19 18 0.012556486
64 267 17 19 0.012555893
637 447 12 14 0.012553424
745 536 8 10 0.012550052
895 438 11 16 0.012549051
673 651 11 11 0.012548798
365 420 46 59 0.0125374105
202 399 45 58 0.012530678
526 0 32 30 0.012529535
154 308 64 84 0.012528961
827 33 45 44 0.012527122
817 181 14 17 0.012523861
203 297 45 60 0.01252085
541 533 43 48 0.012516927
483 320 14 15 0.012516665
816 371 11 13 0.012515535
436 163 115 145 0.012515001
943 647 45 57 0.012511565
900 464 13 16 0.012509233
655 486 13 16 0.012507312
674 408 9 10 0.012504017
679 458 15 15 0.01250193
747 549 9 16 0.0125006335
64 0 33 30 0.012496319
249 625 32 40 0.012495777
752 121 7 9 0.01249088
805 360 13 14 0.012488399
903 596 43 50 0.012485473
126 223 159 227 0.0124847675
849 386 24 30 0.012474648
79 97 84 119 0.012474465
639 489 10 13 0.012474275
794 396 16 20 0.012472612
61 335 37 49 0.012472342
705 496 9 11 0.012470778
675 416 16 22 0.012467506
884 95 25 32 0.012465892
756 672 51 32 0.012465278
11 404 39 53 0.012464305
757 0 31 28 0.012462359
813 185 14 18 0.012457645
614 506 20 26 0.012457295
110 305 65 86 0.012453278
647 669 38 35 0.012451869
762 106 20 30 0.012451102
65 281 66 85 0.012447916
955 470 15 17 0.01244694
987 671 7 9 0.012445899
853 442 10 16 0.01244513
922 547 18 19 0.012440099
718 120 18 32 0.012440017
502 326 10 16 0.012439868
726 129 44 55 0.012438989
354 688 7 10 0.012438225
1009 468 13 12 0.012436179
671 654 10 11 0.012433788
660 617 22 29 0.012431317
26 468 13 18 0.012428918
805 452 18 26 0.0124267
553 694 9 10 0.012421158
681 402 13 16 0.012417231
1017 492 7 11 0.012406033
889 101 106 140 0.012405905
968 425 13 15 0.012399841
527 536 40 43 0.012399671
682 611 9 9 0.012398693
29 588 21 25 0.012395947
945 564 14 19 0.012388714
775 354 31 28 0.012377223
710 542 13 15 0.012368681
511 324 20 22 0.012364144
641 483 12 12 0.012362368
464 317 9 9 0.012352755
685 660 23 29 0.012348684
898 451 7 10 0.012347639
735 304 26 30 0.0123475995
831 182 21 27 0.012347054
404 0 31 30 0.01234577
682 484 22 21 0.01234446
31 325 61 86 0.012343174
652 634 25 36 0.0123421
677 432 13 16 0.012340646
905 447 8 11 0.01232377
986 358 28 32 0.012321553
130 261 68 90 0.012318703
654 585 17 16 0.012317564
266 492 35 39 0.012314304
569 694 8 9 0.012309297
905 434 12 16 0.012307155
704 524 9 10 0.012306596
690 554 12 21 0.012305536
667 638 14 14 0.012302312
924 465 10 15 0.012300754
778 482 43 54 0.01229989
838 431 14 15 0.01229028
499 326 18 21 0.012289709
740 125 13 15 0.012289278
602 269 107 126 0.012288969
625 585 28 35 0.012288693
831 347 9 10 0.012288248
894 546 62 76 0.012285446
44 478 82 117 0.012282477
766 194 13 16 0.0122808665
768 191 18 23 0.012278127
345 420 47 60 0.012277224
511 0 32 30 0.012275317
654 376 25 31 0.012275141
846 339 14 15 0.012273109
0 231 44 116 0.012272028
765 572 14 15 0.012269549
809 691 29 13 0.012268693
0 304 42 64 0.0122678345
386 419 170 230 0.012267764
83 281 17 20 0.012262638
204 138 84 126 0.012260425
832 422 59 74 0.012260174
91 326 64 89 0.0122584235
775 372 25 28 0.012256187
741 450 18 22 0.0122521045
643 573 15 17 0.01225077
491 0 30 30 0.012249661
788 404 14 13 0.012245858
408 420 44 58 0.012245756
532 34 86 132 0.0122366445
624 501 14 12 0.012235076
1001 174 22 48 0.012233437
823 537 14 15 0.012233092
823 373 17 32 0.012231508
980 592 13 16 0.012229955
685 649 22 27 0.012229809
212 0 34 26 0.012228664
39 547 75 99 0.012228008
846 584 13 17 0.012225416
691 597 8 11 0.012218102
643 448 20 22 0.012213682
67 265 11 13 0.012211775
261 449 14 16 0.012211358
397 318 116 131 0.012208448
226 181 84 122 0.012199296
731 236 74 82 0.012198343
738 481 9 10 0.012195828
781 0 28 21 0.012192816
674 577 16 14 0.012190745
634 452 15 14 0.012188906
952 674 31 30 0.012187
166 0 34 31 0.012186269
697 419 8 10 0.01218516
366 467 13 18 0.01218183
807 571 17 28 0.012180439
721 492 20 24 0.012179971
730 525 8 12 0.012178975
694 465 17 13 0.012175562
815 676 49 28 0.012171805
675 619 9 9 0.012170052
80 420 46 59 0.012169628
355 459 31 44 0.012166973
768 80 19 26 0.012166429
645 535 18 25 0.012165211
685 637 9 11 0.0121631175
429 0 31 30 0.012161891
701 384 11 14 0.01215851
383 0 30 30 0.012157579
614 540 54 70 0.012157191
187 517 34 39 0.012154643
834 0 57 46 0.012154001
299 392 57 74 0.012152871
387 420 45 58 0.0121482
721 0 32 31 0.01214803
777 548 20 23 0.012147318
990 672 8 9 0.012146049
860 416 20 25 0.012145023
544 506 33 40 0.0121413935
635 604 24 34 0.012139912
747 130 15 19 0.012139276
781 410 11 12 0.012138555
102 436 121 174 0.012137418
991 76 10 12 0.012129461
50 0 32 30 0.012128726
707 427 13 13 0.012125945
356 384 66 91 0.012123576
726 172 10 12 0.012116829
926 468 13 15 0.012114497
28 688 28 16 0.012112373
184 503 11 12 0.012108154
683 447 10 11 0.01210195
686 610 13 13 0.012101395
8 175 70 93 0.012101105
221 500 27 30 0.012100564
35 0 31 30 0.012094513
23 533 10 10 0.012092806
182 400 44 57 0.012090556
648 449 11 13 0.012089849
270 0 32 30 0.012089638
854 414 18 23 0.012087044
824 378 12 15 0.012085942
714 467 16 23 0.012084664
900 477 7 9 0.012082525
705 499 13 13 0.012078483
866 420 66 86 0.01207322
714 402 26 29 0.012072962
1015 493 8 17 0.012072208
879 493 14 18 0.012064361
656 439 19 29 0.012064289
512 333 17 15 0.012061568
614 465 29 37 0.012056644
552 0 31 30 0.012056162
953 572 27 26 0.012053349
863 95 15 17 0.012052452
939 221 47 67 0.012049979
969 464 13 16 0.012039203
887 107 34 39 0.012039004
375 285 66 88 0.012038024
796 406 19 23 0.012037398
471 312 16 11 0.012036673
922 423 16 14 0.012035403
664 553 22 26 0.012032541
847 569 19 18 0.012028813
68 253 9 10 0.012026945
36 262 9 13 0.012026511
116 0 33 31 0.012025548
770 316 87 110 0.012024551
719 319 37 37 0.012018949
568 14 95 131 0.012015228
762 130 31 47 0.012008931
699 430 20 25 0.012007115
462 325 13 16 0.012004361
916 526 15 15 0.0119967535
1016 474 8 13 0.011981275
764 417 19 24 0.011980887
773 330 8 9 0.011980322
213 561 149 143 0.011979634
436 403 72 96 0.011977503
759 208 9 11 0.011976494
512 96 85 130 0.011974688
971 547 28 31 0.011971861
79 0 34 31 0.011970008
928 552 18 18 0.01196117
960 366 21 32 0.011960626
761 439 27 31 0.011955447
814 39 47 49 0.011954577
720 528 12 12 0.011952412
0 394 20 29 0.011951767
309 460 14 15 0.011951211
944 146 40 40 0.011951117
977 347 47 49 0.01195014
872 519 22 28 0.011949904
572 694 7 9 0.011945784
723 519 8 9 0.0119416
951 574 18 21 0.011939382
700 411 15 16 0.011939104
954 465 15 15 0.011937209
470 0 31 26 0.011935341
745 437 12 15 0.011930923
795 222 70 75 0.011929429
752 130 24 29 0.011927664
449 0 31 25 0.01192283
697 576 7 9 0.0119223045
2 344 60 85 0.011916139
868 557 37 37 0.0119161345
767 430 66 77 0.011915096
239 0 32 30 0.011912649
75 268 94 128 0.011911642
909 579 25 36 0.011911377
648 581 12 13 0.011906179
676 551 20 24 0.011904931
670 407 11 9 0.011904888
854 611 16 21 0.011904193
857 110 59 73 0.01190161
113 617 23 24 0.011901218
665 411 12 16 0.011900633
818 590 22 28 0.011899663
787 432 23 29 0.011898432
646 459 58 67 0.0118979765
0 184 40 58 0.011892855
698 293 38 39 0.011890008
859 432 9 10 0.011889496
697 523 13 14 0.011888609
62 480 12 11 0.011888583
704 473 18 17 0.011886746
976 551 12 9 0.011886184
110 451 20 22 0.011884411
925 434 10 14 0.011884084
180 292 53 72 0.011883159
181 592 21 21 0.011880886
746 379 16 21 0.011878411
223 0 34 31 0.011875056
537 0 30 25 0.011870227
821 693 24 11 0.01186943
631 495 7 10 0.011861482
687 387 15 14 0.011858149
419 0 31 25 0.011855695
867 388 13 15 0.011854346
953 543 31 36 0.01185307
728 85 67 100 0.011850978
885 35 14 16 0.011847808
693 0 46 44 0.011844218
270 538 32 31 0.011841168
799 574 22 31 0.011838514
235 257 65 90 0.011834484
799 449 32 42 0.011830774
90 366 65 89 0.01183048
44 565 36 40 0.011826226
368 0 31 30 0.011822839
828 587 23 32 0.011821678
799 393 16 15 0.011819741
684 444 22 26 0.011818286
667 444 14 18 0.011818281
803 378 58 67 0.011816181
1001 445 17 20 0.011807191
674 661 21 34 0.011802808
759 214 13 14 0.011802507
163 340 43 57 0.011800855
172 365 67 89 0.011795744
450 32 86 134 0.011794655
816 524 35 47 0.011792578
938 542 14 13 0.0117921
610 423 90 125 0.011791219
162 381 44 56 0.011787402
761 307 7 10 0.011786597
964 551 43 46 0.011783978
837 456 27 36 0.011781738
856 427 20 24 0.011781449
69 405 70 97 0.011781259
778 94 11 15 0.011780283
995 412 15 16 0.011778251
886 453 18 33 0.011776997
212 364 68 90 0.0117742345
489 319 7 9 0.011767618
725 520 9 10 0.011766705
73 258 13 12 0.011766501
531 345 69 88 0.011765575
680 675 19 29 0.011761829
612 296 46 61 0.011759946
255 0 32 30 0.011757744
626 685 10 10 0.011753589
864 131 14 16 0.011753499
55 442 12 17 0.011752786
146 0 34 31 0.011751515
679 662 44 42 0.011751337
929 428 22 28 0.011745681
786 393 9 9 0.011743689
408 32 87 134 0.011740053
847 406 17 14 0.011740031
43 259 7 9 0.011736818
694 383 12 14 0.011735074
1013 499 11 19 0.011733861
0 379 39 59 0.011732002
853 595 25 35 0.01172946
760 576 22 28 0.011724559
720 512 11 14 0.011718421
1003 217 21 40 0.011716468
394 0 30 25 0.011715175
356 408 115 153 0.011710603
82 381 41 55 0.011708634
382 453 13 18 0.011708105
673 517 24 30 0.01170518
367 547 21 25 0.011703797
441 631 72 73 0.011701903
1003 238 21 39 0.011700148
604 318 112 121 0.011699678
988 271 36 61 0.011697719
689 590 8 9 0.011696223
823 286 11 10 0.011693472
709 121 23 35 0.011691638
706 0 30 30 0.011687259
567 0 98 62 0.011686144
246 117 84 128 0.011674018
131 0 34 31 0.011673037
460 317 13 15 0.0116719445
763 580 14 15 0.011667333
807 562 17 25 0.011666505
455 382 71 97 0.011663128
696 510 11 13 0.011661317
703 505 13 15 0.011661224
685 399 13 15 0.011660775
183 0 32 30 0.011657062
963 651 23 29 0.011657035
669 460 12 13 0.011655644
631 621 9 13 0.011655609
675 0 29 30 0.01165042
709 527 9 10 0.011648631
910 566 24 32 0.011648434
807 308 100 118 0.0116432775
486 314 15 14 0.01164325
940 583 26 32 0.011641999
212 494 23 25 0.011640607
631 481 11 15 0.011639931
918 370 52 57 0.01163647
765 594 14 16 0.011635147
975 490 14 17 0.011632488
567 0 32 31 0.011627312
866 585 10 16 0.011624524
408 303 46 54 0.011622356
796 489 11 16 0.011621996
772 210 12 12 0.01162194
954 599 16 14 0.011618333
798 683 11 16 0.011616147
514 322 15 15 0.011611651
855 428 9 11 0.011608332
949 365 23 34 0.011608219
632 498 24 20 0.011606771
759 411 21 23 0.011605549
729 449 16 20 0.011605199
132 190 75 105 0.011604543
838 400 24 24 0.01159983
686 489 14 12 0.011597532
672 645 17 18 0.011596518
947 44 37 51 0.01159612
599 0 30 30 0.011587527
894 35 17 17 0.011587363
968 449 18 15 0.011586124
613 602 93 102 0.011585093
624 355 9 11 0.011585064
881 571 74 85 0.0115838535
913 373 26 31 0.011578442
683 618 10 11 0.011577039
341 0 33 31 0.011574635
1008 500 16 30 0.011574484
761 201 9 9 0.011568953
683 631 40 52 0.011567233
736 440 18 22 0.011563763
689 621 8 9 0.011558104
955 452 17 17 0.011554267
662 502 27 35 0.01155346
246 222 83 115 0.011552872
339 567 148 137 0.011551668
877 32 17 10 0.011551178
684 449 13 15 0.011547427
893 123 7 10 0.011546115
46 0 50 47 0.0115450565
671 600 56 65 0.011543338
636 477 13 15 0.011536897
754 316 27 32 0.011535722
909 555 25 31 0.011532848
709 512 8 11 0.011529448
475 369 34 53 0.011526792
324 420 47 59 0.011525441
923 503 16 22 0.011523585
735 0 32 31 0.011519456
290 0 32 25 0.011515171
529 546 45 55 0.011513317
328 96 84 130 0.01150726
893 663 55 41 0.011505346
21 0 85 65 0.01150257
725 123 18 26 0.011500821
198 0 33 31 0.011500687
632 443 13 15 0.011498139
923 124 25 34 0.01149623
326 185 163 208 0.011490436
925 472 16 21 0.01148904
269 674 7 9 0.011487174
130 113 70 96 0.011485347
855 260 99 121 0.0114844795
778 419 11 15 0.011483475
673 487 8 10 0.011483457
987 575 14 12 0.01148293
132 366 67 90 0.011482043
746 391 18 18 0.011481813
463 332 19 21 0.0114806
519 296 68 81 0.011475174
468 400 45 59 0.01147492
252 271 73 100 0.011470697
726 102 39 43 0.011469473
0 343 12 23 0.011465926
76 244 28 34 0.011461913
672 0 46 45 0.011459294
898 665 22 32 0.011459252
813 575 30 45 0.01145531
77 439 50 65 0.011450453
316 466 35 45 0.0114406375
677 606 11 12 0.0114404475
765 424 9 11 0.0114393225
614 0 29 30 0.011438543
864 580 18 23 0.011437665
714 376 14 12 0.011436833
84 422 78 107 0.011436219
763 61 33 46 0.011430218
708 600 11 13 0.011426715
212 228 163 229 0.011426221
885 487 17 21 0.011424486
768 97 20 28 0.011423362
782 217 27 31 0.011420987
258 393 57 72 0.011420686
642 545 13 13 0.011419778
30 636 103 68 0.011419534
48 601 159 103 0.011418471
701 571 9 13 0.011412233
72 311 37 51 0.011410911
573 340 43 56 0.011408282
858 397 19 22 0.011407974
889 555 26 31 0.011405971
678 597 11 11 0.011404903
743 406 12 16 0.011399934
222 418 47 59 0.011398493
958 257 28 39 0.011397647
458 320 20 23 0.011392187
829 362 41 51 0.011391009
654 450 12 15 0.011390667
951 124 72 98 0.011389536
625 455 12 20 0.011388772
434 484 84 111 0.011386142
616 434 31 37 0.011385778
0 591 10 11 0.011385405
834 545 40 48 0.011383205
990 0 32 29 0.011380792
237 393 56 71 0.011379525
398 524 12 19 0.011376106
654 497 10 14 0.011370548
664 582 15 12 0.01137014
125 625 13 13 0.011369906
528 692 9 12 0.011365114
757 456 15 17 0.01136203
465 330 14 15 0.011358983
40 536 25 33 0.0113589205
888 469 15 23 0.011358396
821 451 11 15 0.011358087
684 472 14 14 0.01135362
842 566 18 20 0.011352404
926 0 32 24 0.01135204
307 406 118 159 0.011348804
342 471 34 47 0.0113484645
101 440 82 110 0.011347367
903 419 25 29 0.011346234
0 482 80 126 0.0113456305
744 132 44 58 0.011343486
184 181 84 117 0.011333905
438 301 63 63 0.011331326
898 495 23 22 0.011329047
807 395 71 78 0.01132748
90 0 33 26 0.011324775
689 470 23 21 0.011319556
190 132 71 100 0.011314269
142 381 44 56 0.011309659
876 131 12 15 0.011309103
708 517 9 11 0.011308675
651 0 47 46 0.011307493
942 589 44 60 0.011304812
20 183 44 59 0.011303994
101 381 42 55 0.011297693
943 483 17 20 0.011297073
41 340 39 55 0.011293444
644 446 12 13 0.011293177
99 263 21 31 0.011286938
918 583 9 11 0.011286824
582 436 24 31 0.01128543
789 400 10 9 0.011284104
349 161 118 150 0.011282874
204 55 86 130 0.01128257
410 96 84 130 0.011279429
150 91 71 101 0.01127806
331 484 80 107 0.011273758
958 546 10 11 0.011271287
693 526 13 14 0.0112691
398 406 118 160 0.011267622
684 535 58 73 0.011266124
460 1 31 30 0.011266034
285 690 7 9 0.011263976
800 106 32 38 0.011263806
636 623 9 12 0.011263122
948 668 18 32 0.011259299
533 588 40 53 0.0112590995
931 0 45 41 0.011258127
657 603 14 14 0.0112571735
651 1 28 30 0.011256908
606 330 17 15 0.01125617
592 297 46 60 0.011254908
45 673 10 10 0.011253595
679 330 34 44 0.011251244
310 0 33 26 0.011249437
778 68 46 59 0.011249245
796 576 59 77 0.011247969
808 478 17 29 0.0112478575
105 0 33 26 0.011245786
633 551 21 19 0.011239506
745 427 24 24 0.011238692
62 546 8 10 0.011238338
919 609 15 16 0.011227854
455 316 14 11 0.011218996
358 542 23 27 0.011216794
929 673 14 16 0.011216159
841 604 35 47 0.011214324
731 509 24 26 0.011211239
84 488 24 25 0.0112098
0 566 21 35 0.011208403
214 508 25 31 0.011207923
242 419 46 57 0.011206347
877 127 10 13 0.011202082
760 202 8 10 0.011200611
960 435 16 19 0.011200312
980 484 14 18 0.011199762
928 133 13 16 0.011197051
980 560 34 44 0.011196947
943 659 17 29 0.011195698
279 423 22 31 0.011195515
636 569 23 28 0.011194712
965 673 42 31 0.011189306
696 495 19 21 0.011187689
227 624 40 51 0.011187415
718 484 9 12 0.011184186
0 17 40 67 0.0111837275
778 685 11 12 0.011180342
60 254 13 16 0.011177823
634 594 11 15 0.011176593
664 367 28 30 0.011174236
62 363 37 52 0.011173961
747 113 12 15 0.011173616
175 298 34 45 0.011172255
475 496 80 106 0.011168358
185 527 15 16 0.011166299
63 292 19 18 0.011165119
226 620 31 34 0.011165049
34 514 13 16 0.011161611
838 618 27 30 0.011161151
741 483 11 13 0.011159364
960 491 34 37 0.011156609
822 539 37 47 0.011156514
129 145 80 112 0.011149972
903 434 8 11 0.011149882
352 0 31 26 0.011149772
643 539 13 15 0.0111441845
970 489 23 27 0.011143331
773 46 8 10 0.011142699
882 85 18 30 0.01114239
709 566 23 27 0.011141807
951 552 8 13 0.011140626
734 354 30 33 0.011137828
942 419 16 18 0.011136148
814 29 26 29 0.011134643
700 421 9 9 0.011133228
701 440 20 26 0.01113274
979 477 8 10 0.0111295115
833 363 13 13 0.011129428
631 0 48 47 0.0111285215
715 559 20 23 0.01112809
690 531 14 10 0.011126706
1004 474 14 16 0.011124247
1012 536 12 26 0.011123277
892 449 9 11 0.011123178
828 560 24 29 0.011120829
745 475 11 13 0.011119747
933 671 17 23 0.011118634
804 428 21 20 0.011116167
826 389 12 25 0.011115838
650 651 18 27 0.011113385
860 396 14 15 0.01111109
283 293 47 66 0.011110725
927 516 24 22 0.0111106215
1000 409 19 19 0.011107418
217 503 37 43 0.011107093
80 177 23 32 0.011106503
501 0 30 25 0.0111046415
682 413 11 15 0.011099137
553 96 85 130 0.011098504
99 420 46 60 0.011096362
41 572 23 26 0.011096047
829 196 14 16 0.011092893
719 199 37 52 0.011092542
639 559 14 18 0.011091693
31 580 38 50 0.011088748
894 541 20 29 0.011088122
543 556 44 56 0.011083512
737 486 32 29 0.01108291
0 690 22 14 0.011079308
642 445 9 12 0.01107891
631 342 40 54 0.011077763
423 306 8 12 0.011073337
699 342 25 31 0.011066083
577 693 21 11 0.011065837
794 449 61 79 0.011065807
989 438 16 17 0.01106475
724 655 73 49 0.011062331
668 593 10 12 0.011058783
987 454 15 16 0.011054718
776 177 12 16 0.011051758
327 472 37 48 0.011049144
699 553 12 11 0.011049011
871 546 49 58 0.01104718
532 139 85 126 0.011045564
283 420 47 59 0.011045308
893 456 18 28 0.011043818
867 409 43 47 0.011043455
583 0 30 31 0.01104341
827 408 13 23 0.011043236
511 264 23 32 0.011042941
932 432 10 16 0.011038157
292 0 50 48 0.011033019
678 648 10 11 0.011032973
129 71 71 101 0.0110326065
713 528 10 9 0.011032111
931 497 15 18 0.011028774
920 579 9 11 0.011026356
483 332 13 17 0.011025244
433 437 78 107 0.011021443
184 287 7 10 0.011020906
605 334 10 14 0.0110175945
78 251 12 13 0.0110161295
108 92 71 98 0.011012397
682 636 7 9 0.011011297
626 333 16 17 0.011010756
764 40 36 44 0.011009656
889 149 44 60 0.0110091455
817 350 18 17 0.011008992
746 544 10 14 0.01100798
704 604 10 10 0.011005984
656 594 9 9 0.011005099
631 403 27 36 0.011004556
272 0 49 48 0.011003363
662 590 12 12 0.011002621
453 542 12 16 0.011002058
997 427 13 13 0.010992493
543 5 29 32 0.010990085
810 362 12 14 0.010989473
916 668 17 27 0.01098748
750 650 10 16 0.010986361
5 343 28 36 0.010984768
726 122 12 19 0.010981989
50 622 15 14 0.01097997
833 592 55 77 0.010979624
914 437 13 14 0.010979313
490 328 13 18 0.0109766135
688 500 13 15 0.010975606
262 661 8 9 0.01097227
924 672 13 19 0.010968848
970 653 8 10 0.010967375
690 1 29 30 0.01096666
33 267 21 31 0.010965587
737 471 10 10 0.010960821
782 416 9 14 0.010959215
630 0 29 30 0.010958135
701 497 11 13 0.010955449
66 0 50 47 0.010954506
447 312 13 11 0.010948986
661 598 10 13 0.010947687
54 283 14 21 0.010943098
811 497 10 14 0.010942664
826 609 35 44 0.010942418
694 523 9 11 0.010942132
225 405 119 171 0.010938005
91 286 63 83 0.01093799
769 589 13 14 0.010935265
705 609 9 10 0.0109337745
853 439 8 10 0.010933158
866 466 21 26 0.010929057
993 442 17 17 0.010927618
481 392 24 34 0.010925213
991 449 14 16 0.010924153
740 535 12 13 0.010923803
657 494 10 14 0.010922878
307 56 85 129 0.010922738
698 379 12 15 0.010922643
802 557 26 38 0.010921888
683 588 11 12 0.010917147
614 325 34 36 0.010915604
660 489 14 19 0.010914522
348 55 85 131 0.0109138945
986 430 13 15 0.01091304
543 381 39 58 0.010912136
224 483 79 109 0.010912105
774 433 24 30 0.010910547
630 491 8 10 0.010905899
187 587 7 10 0.010903779
967 581 13 15 0.0109025715
978 299 45 59 0.0109011885
815 616 22 21 0.01089988
823 337 59 60 0.010898323
861 85 27 34 0.010898276
644 453 9 9 0.010897681
264 420 45 57 0.010896541
73 253 12 13 0.01089598
175 285 163 226 0.01089544
695 514 10 14 0.010895
810 623 25 18 0.010891844
70 172 23 32 0.010890631
699 479 15 15 0.010890179
34 284 37 46 0.010888341
142 340 43 57 0.01088499
929 165 77 99 0.010883733
941 339 20 25 0.010882037
414 347 24 29 0.010881359
840 447 11 16 0.010879829
679 397 11 13 0.010879397
110 133 69 90 0.0108780395
416 419 76 102 0.010874381
644 685 20 19 0.010873604
758 64 86 110 0.010872923
920 584 20 34 0.010870804
729 524 14 18 0.010870008
206 519 13 17 0.010869459
917 604 25 30 0.010868181
763 617 11 13 0.010868053
889 0 29 26 0.01086083
1000 339 24 39 0.010859591
31 264 11 14 0.010853496
756 523 26 29 0.010852998
696 564 6 9 0.010851162
841 581 7 9 0.010849512
246 55 85 130 0.0108490465
905 530 18 13 0.010847685
515 423 38 54 0.010843768
683 528 18 16 0.010843617
202 523 14 16 0.010842496
631 333 10 10 0.010841474
243 501 38 46 0.01084078
727 541 21 24 0.010838527
541 677 8 9 0.010836688
602 457 108 156 0.010835654
678 601 13 14 0.010835645
0 202 22 33 0.0108332075
805 0 28 21 0.010832894
697 401 11 14 0.010830285
106 494 78 109 0.010827834
733 126 29 35 0.010825392
1000 421 15 17 0.010824848
721 208 12 24 0.010820452
716 477 14 18 0.010819794
737 476 10 9 0.010817314
877 419 24 27 0.010815154
87 0 50 47 0.010809537
642 6 26 31 0.010809318
823 358 15 15 0.010808209
476 0 49 47 0.0108049335
648 549 15 21 0.010802948
685 530 12 9 0.010802617
810 569 12 14 0.010802459
668 422 19 23 0.01080059
677 426 12 11 0.010799924
778 412 11 15 0.010799577
694 606 11 12 0.010798235
609 532 30 36 0.010797243
460 437 39 56 0.010795372
185 514 118 163 0.010794263
855 415 30 40 0.010788852
439 314 25 25 0.010787138
485 328 7 9 0.010786545
529 541 18 17 0.010783378
920 365 24 31 0.0107816495
198 510 35 41 0.010781252
504 328 40 45 0.010779694
1001 455 17 19 0.010775519
723 482 7 14 0.010771178
225 500 12 16 0.0107704615
394 0 50 47 0.010769472
251 0 50 47 0.010766723
731 147 50 65 0.010766718
144 284 42 47 0.010766072
211 110 71 103 0.01076571
816 488 25 24 0.010765063
657 447 13 16 0.010764049
292 482 78 102 0.010763898
583 316 11 13 0.010763265
77 494 53 70 0.010762989
507 0 49 47 0.010760205
815 458 19 25 0.010760131
930 481 15 19 0.010757777
352 499 12 18 0.01075554
121 322 11 15 0.01075328
783 187 11 14 0.010750886
53 38 60 84 0.010750645
738 264 44 55 0.010749877
596 476 33 37 0.010748567
428 306 8 11 0.010747766
173 528 24 24 0.010744959
323 514 15 17 0.010744626
313 0 49 48 0.010744008
825 434 20 23 0.010742704
967 0 32 30 0.010741494
14 359 41 55 0.010740112
871 68 18 27 0.01074001
40 518 7 9 0.010736496
951 327 19 21 0.010733727
636 452 21 21 0.010732264
854 446 11 19 0.010732191
635 639 8 10 0.010730599
868 454 15 17 0.010730357
190 383 70 91 0.010729196
200 0 50 47 0.0107262265
668 6 25 31 0.0107250055
121 381 43 55 0.010724442
776 215 19 20 0.010722433
799 415 22 20 0.010721637
327 0 33 26 0.01072081
984 575 13 10 0.010717205
772 98 13 18 0.010716254
186 587 15 16 0.010713584
415 0 49 47 0.010712388
791 556 11 13 0.01071172
709 606 20 28 0.010710446
62 248 19 21 0.010710105
60 464 47 60 0.010707801
839 441 15 18 0.01070734
1004 30 20 34 0.010704279
741 412 14 13 0.010702358
687 413 13 17 0.010701939
294 472 34 44 0.010700904
108 0 50 48 0.010700178
926 478 9 14 0.0107001765
625 479 13 12 0.01069925
694 447 24 29 0.01069832
372 295 23 30 0.010696725
665 605 12 15 0.010696492
981 588 11 12 0.01069572
965 431 11 14 0.010695719
746 0 31 25 0.010694689
456 0 49 47 0.010693426
319 601 11 12 0.010692901
59 286 17 18 0.010692637
644 270 101 123 0.010692551
843 596 16 25 0.010692298
710 329 15 16 0.010687592
702 192 34 60 0.010685846
983 523 22 30 0.010684278
961 87 24 20 0.010682667
951 462 8 9 0.010676185
893 124 12 15 0.01067605
530 399 44 59 0.010676036
967 602 39 44 0.010674814
871 485 17 21 0.010674414
873 542 33 38 0.010665978
765 327 18 22 0.010664959
803 201 12 15 0.010664297
485 635 101 69 0.010662907
621 596 32 49 0.010660061
708 425 25 29 0.010656858
320 482 14 18 0.010654053
879 193 50 67 0.01065309
806 433 24 28 0.010651904
160 420 47 58 0.0106512075
782 313 32 30 0.010648305
923 471 11 14 0.010647607
230 0 50 47 0.010647415
226 620 12 12 0.010643491
806 520 21 23 0.010642905
964 645 17 22 0.010641778
678 417 11 14 0.010640031
535 543 11 10 0.010635539
911 436 12 13 0.010635427
736 424 23 26 0.010634906
620 8 48 64 0.010630888
743 472 11 12 0.010630033
888 489 22 27 0.010627798
803 345 23 17 0.010627019
42 97 86 119 0.01062554
774 181 25 29 0.010624617
749 76 35 45 0.010624363
338 490 13 17 0.010617823
983 671 10 12 0.010617508
697 601 9 10 0.010616696
940 470 8 10 0.010616626
182 601 9 9 0.010612907
138 0 50 48 0.0106083
1003 480 12 13 0.010604966
937 536 14 14 0.010602234
840 689 12 10 0.010602068
673 454 8 10 0.010601543
702 0 65 53 0.010600788
663 678 20 26 0.010599805
796 432 25 29 0.0105992025
528 0 49 47 0.010593847
733 433 9 12 0.0105927335
842 618 14 13 0.0105913
557 661 74 43 0.010590454
676 454 8 10 0.010590068
209 249 23 32 0.010589627
668 649 14 13 0.010584198
570 297 47 60 0.010582219
121 198 23 32 0.0105813965
931 471 9 10 0.010581142
900 538 14 18 0.010581045
855 407 17 20 0.01058091
440 5 28 32 0.010579545
950 440 14 17 0.010579517
624 421 23 26 0.010573329
708 589 12 12 0.0105638765
671 574 14 15 0.010551287
947 247 29 40 0.010550898
707 447 24 29 0.010550869
315 274 71 100 0.010548868
954 496 17 20 0.01054742
42 392 40 55 0.010547165
800 188 12 16 0.01054654
486 338 25 30 0.010545844
49 599 41 44 0.010544056
159 0 49 48 0.010542681
800 400 22 25 0.01054175
731 406 13 16 0.010541558
832 443 11 13 0.010540349
525 0 97 62 0.010540144
628 351 69 85 0.010539618
948 607 48 52 0.010538054
711 430 15 15 0.010537663
0 344 21 31 0.010535859
482 4 27 33 0.010534205
435 0 50 47 0.010531882
500 316 24 24 0.010531735
90 178 23 31 0.010527775
622 461 16 24 0.0105272075
774 676 50 28 0.01052575
399 498 12 17 0.010518565
102 379 11 10 0.01051827
415 5 28 32 0.010517962
693 615 11 13 0.010517926
132 203 23 32 0.010516125
610 0 48 47 0.010513168
145 490 15 14 0.010513053
395 631 73 73 0.010510746
227 626 8 9 0.010510307
521 259 23 33 0.010509832
762 551 22 28 0.010508708
117 177 22 33 0.010508371
898 511 15 19 0.010507847
0 410 54 151 0.010507139
783 105 29 38 0.010506364
1006 495 14 17 0.01050501
756 476 23 25 0.0105023
732 291 31 36 0.010500368
137 230 24 32 0.010499569
374 0 49 47 0.010498538
722 321 73 75 0.01049519
359 5 28 32 0.0104939975
304 293 47 66 0.010493988
994 564 17 17 0.010493912
633 489 7 10 0.010493896
48 280 7 13 0.010492069
674 490 10 12 0.010490876
42 537 38 45 0.010489457
490 399 45 59 0.010486908
946 0 32 26 0.010486861
703 571 15 20 0.010483661
899 203 25 31 0.010478329
646 587 11 14 0.010476157
989 74 10 11 0.010473998
663 442 13 14 0.010472891
694 511 9 11 0.010470848
36 508 26 32 0.010470651
791 579 23 30 0.010470589
868 622 41 28 0.010470082
73 637 104 67 0.010470037
920 585 13 20 0.010467007
628 642 37 54 0.010463588
531 429 14 19 0.010461308
726 427 10 12 0.010460072
752 197 12 15 0.010460069
180 0 49 48 0.010458076
8 171 44 62 0.010457574
332 0 50 47 0.010455918
778 80 10 12 0.010455557
340 267 136 159 0.0104539795
269 246 78 109 0.010452337
553 511 41 47 0.0104515
764 460 23 28 0.010447509
82 257 22 23 0.010446223
560 693 8 11 0.010445587
149 385 70 91 0.010445258
737 420 13 15 0.010444533
459 329 16 18 0.01044302
1012 484 8 9 0.010441863
699 520 9 10 0.010440991
550 519 21 25 0.010439599
489 311 38 34 0.010437236
904 148 68 92 0.010436786
312 545 11 18 0.010436252
832 0 29 27 0.010433782
833 190 90 100 0.010432454
998 608 26 47 0.010432289
682 631 8 10 0.01043158
800 337 27 20 0.010431194
897 446 7 10 0.010428899
930 448 14 14 0.010428455
155 407 112 168 0.010421906
762 224 46 52 0.010419099
903 232 13 19 0.010418098
846 450 7 11 0.010415199
349 460 82 110 0.010414815
461 534 7 10 0.010412746
910 399 25 30 0.010408452
970 602 14 14 0.010407498
979 485 8 10 0.010407017
1003 567 18 17 0.010405688
499 132 70 101 0.010403583
790 425 18 21 0.010402397
924 528 26 26 0.010401122
450 139 85 124 0.010400731
706 634 10 13 0.01039881
61 402 40 52 0.010398198
575 293 11 15 0.010397954
706 408 12 17 0.010397137
218 206 57 77 0.010395479
261 495 15 16 0.010391201
353 0 50 47 0.010389532
139 167 55 72 0.010385899
768 412 12 17 0.01038306
635 545 18 15 0.010381386
109 624 9 9 0.010381222
170 152 71 100 0.010380997
155 502 13 20 0.010380658
311 464 8 10 0.010379974
937 368 31 41 0.010379599
927 463 9 11 0.010378004
48 693 25 11 0.010377296
854 550 18 16 0.010375915
975 473 9 12 0.010372552
177 123 57 79 0.010370928
428 488 13 20 0.010368805
694 280 25 33 0.010366522
866 412 19 23 0.010366334
819 359 19 25 0.010366179
699 428 13 16 0.010363057
48 250 18 23 0.010360456
917 191 16 31 0.010357643
948 415 16 20 0.010357222
624 596 21 31 0.0103561245
238 226 58 77 0.010355842
976 160 43 57 0.010354573
817 605 14 18 0.010352564
767 7 21 25 0.010351438
721 441 8 11 0.01034808
31 481 39 52 0.010347271
30 400 41 57 0.010345852
662 640 31 50 0.010343134
186 235 11 15 0.010342668
87 449 14 16 0.010342174
306 461 20 25 0.010341858
832 494 54 71 0.010340123
744 548 9 15 0.010340079
375 404 70 94 0.010339548
763 91 18 27 0.01033725
477 656 74 48 0.010334279
575 225 80 108 0.010333321
839 341 18 21 0.010331657
764 51 9 12 0.010331189
29 574 23 28 0.010330333
71 259 8 9 0.010330209
1003 257 21 36 0.010329493
1004 45 20 32 0.010329081
846 591 8 13 0.010328404
311 462 80 105 0.010328404
780 180 11 16 0.010327137
348 138 85 127 0.010325567
1001 0 23 18 0.01032526
1006 364 18 31 0.010323933
706 539 37 43 0.010323415
548 0 49 47 0.010321069
65 144 74 102 0.010320285
25 676 19 23 0.010319697
414 603 7 9 0.010319271
817 456 14 15 0.010318072
730 128 22 24 0.010317694
984 478 16 20 0.010317656
794 545 29 40 0.010316418
821 203 11 14 0.010316148
715 514 8 10 0.010315901
735 671 48 33 0.010314884
659 595 10 11 0.010314762
20 690 25 14 0.010311684
915 468 7 10 0.010311489
924 425 19 22 0.010310768
814 365 11 14 0.010303792
803 608 20 24 0.010303622
282 5 28 32 0.01030196
991 566 10 10 0.01030007
126 601 160 103 0.01029864
758 132 15 18 0.010297013
104 345 36 51 0.010295396
158 4 30 34 0.010294024
1005 582 19 28 0.010291
60 422 44 55 0.010290585
875 73 19 29 0.0102898935
140 421 47 59 0.010288541
23 574 17 13 0.0102867875
687 433 13 16 0.010284409
32 610 29 32 0.010282546
623 490 8 12 0.010282487
821 630 12 13 0.010278392
21 412 40 58 0.010278123
59 178 23 32 0.010277435
655 655 19 24 0.010275875
955 555 13 16 0.01027535
915 490 20 25 0.010275332
287 138 84 127 0.010275242
651 628 9 12 0.01027495
219 563 25 28 0.0102731595
152 173 71 97 0.010270133
302 675 9 11 0.01026757
86 167 22 32 0.010266692
988 429 19 21 0.010264648
999 264 25 49 0.0102624
690 583 8 10 0.010260585
992 79 11 13 0.010258344
389 138 85 126 0.010255853
905 377 23 29 0.0102548245
704 572 23 27 0.010252831
889 528 14 18 0.010251259
91 487 21 18 0.010248149
836 338 15 10 0.010247548
733 472 11 12 0.010245002
829 523 40 51 0.010243588
804 543 29 39 0.01024101
620 538 19 24 0.010240923
764 690 10 11 0.010240015
41 259 15 21 0.010239976
760 113 14 20 0.010239018
131 610 40 44 0.01023849
821 637 9 11 0.010236273
106 173 22 31 0.010235586
328 337 8 10 0.010233776
470 607 16 18 0.010232359
20 473 15 15 0.010230617
53 554 37 43 0.010230285
986 565 20 22 0.010227403
818 569 20 29 0.01022582
722 327 13 9 0.010224703
839 572 14 20 0.010221228
894 525 14 17 0.010220164
661 0 28 24 0.010215039
747 364 11 13 0.0102150375
956 538 12 12 0.010214445
625 493 10 10 0.010214072
921 597 13 16 0.010213232
791 196 11 15 0.010213136
334 405 72 95 0.0102124745
23 440 38 49 0.010210213
933 466 8 12 0.010207713
974 432 12 14 0.010204968
932 521 15 14 0.010204589
703 388 7 9 0.010202057
925 459 10 10 0.010201063
780 95 13 24 0.0102001075
766 98 12 15 0.010199928
921 239 42 58 0.010196335
320 351 38 57 0.010195503
710 605 12 15 0.010194134
458 334 22 29 0.010192891
35 542 13 16 0.010192646
236 685 7 10 0.010191135
844 590 8 11 0.010187566
799 473 23 34 0.010186274
775 168 11 13 0.01018407
654 505 22 28 0.0101789655
917 407 26 32 0.010176484
684 274 24 33 0.010176136
660 472 12 10 0.010173198
940 569 17 19 0.010171721
658 280 23 32 0.01016861
362 295 23 30 0.010168315
1004 530 13 14 0.01016782
120 401 45 57 0.010166543
773 85 7 9 0.010165927
299 362 38 56 0.01016498
705 323 14 11 0.010164426
363 538 21 22 0.01016326
222 255 11 16 0.010157229
524 632 104 72 0.010156781
488 318 13 15 0.010155482
751 220 25 29 0.010153188
567 638 100 66 0.010152802
790 641 11 14 0.01015079
801 419 13 13 0.010150698
629 439 13 14 0.010150328
756 216 13 15 0.010150109
901 502 20 21 0.01014929
949 426 12 15 0.010147591
518 379 68 96 0.010142927
587 435 19 17 0.010142614
191 90 71 103 0.010142016
61 479 22 27 0.010141481
851 443 9 9 0.010141212
600 8 48 65 0.010140722
840 551 25 30 0.010139392
171 70 70 103 0.010138566
865 394 13 13 0.010138322
766 231 15 13 0.010137758
353 342 118 145 0.010137523
240 256 11 15 0.010137134
75 162 23 33 0.01013511
640 440 9 10 0.010132414
478 111 70 103 0.010130894
792 427 14 11 0.010128991
909 447 8 12 0.010128843
893 220 57 75 0.01012824
157 144 57 77 0.010127467
792 43 10 9 0.010125304
120 638 10 9 0.010124436
95 314 37 48 0.010124396
823 372 12 16 0.010124107
724 453 15 19 0.010122893
900 174 27 36 0.010120128
651 614 12 12 0.010119564
809 509 61 83 0.010119332
569 0 48 47 0.010119286
969 370 14 22 0.010115562
67 213 22 28 0.010114342
176 302 17 23 0.0101140095
854 404 12 12 0.010113791
459 535 38 44 0.01011128
667 380 17 19 0.010110221
940 430 11 16 0.010109849
650 673 15 30 0.010108668
641 8 47 63 0.010108262
774 212 15 15 0.010107813
219 626 8 10 0.0101064425
21 581 23 29 0.010103485
902 452 12 11 0.010098263
808 204 11 13 0.0100980485
871 451 24 27 0.010097686
370 479 82 110 0.0100976685
875 557 18 18 0.010097137
73 0 99 64 0.010095469
510 324 11 10 0.010095277
64 521 76 107 0.010093929
697 311 14 9 0.010090975
842 447 6 10 0.010090955
711 597 11 13 0.0100907115
752 554 23 25 0.010090465
809 460 13 16 0.010087153
868 576 25 27 0.010085013
1 413 37 55 0.010084944
924 480 16 19 0.0100833345
662 476 10 9 0.010082549
218 290 24 32 0.010079605
683 429 10 9 0.010079182
908 499 12 13 0.01007878
200 250 53 71 0.010078594
284 437 11 15 0.010078473
815 286 24 21 0.010073091
761 363 27 35 0.010070935
466 600 11 11 0.010070366
764 121 15 24 0.010067797
0 403 21 33 0.010066345
888 430 19 22 0.010065889
720 505 11 15 0.0100644855
95 614 10 11 0.010063771
682 596 10 10 0.01006367
820 652 18 29 0.01006288
724 439 8 9 0.010060738
444 255 23 32 0.01005732
439 309 21 18 0.010057241
333 5 30 33 0.010054673
680 635 7 11 0.0100533115
800 23 20 18 0.010052801
712 504 57 72 0.010048283
480 320 11 12 0.010048194
994 121 20 33 0.010047658
55 342 116 176 0.01004625
802 566 18 23 0.010044968
573 160 86 123 0.010044331
767 90 11 16 0.010043556
1005 470 14 12 0.010040651
84 346 36 50 0.010038641
688 403 12 17 0.010036167
624 562 31 35 0.010035918
127 182 22 33 0.01003568
749 151 70 90 0.010035311
968 554 21 27 0.010034339
989 465 11 12 0.010032995
839 577 8 11 0.010032414
660 555 16 22 0.010031435
722 506 17 22 0.010030489
505 613 11 16 0.010029507
544 478 37 49 0.010028391
344 451 32 44 0.010028085
330 441 80 105 0.01002704
65 162 22 33 0.010024594
653 362 26 34 0.010023524
891 440 13 17 0.010019137
652 682 9 19 0.010017824
579 8 49 65 0.0100149475
962 176 50 67 0.010014351
744 361 16 18 0.010013203
46 542 12 18 0.0100126425
504 434 38 52 0.010012391
695 487 11 10 0.010012306
257 620 31 36 0.010010375
388 590 44 54 0.01000835
695 604 8 9 0.010005804
674 382 14 16 0.010005606
161 422 19 21 0.010003999
590 0 48 47 0.010002513
33 574 12 11 0.010002251
605 262 61 82 0.010001205
393 255 22 32 0.010000761