24_Soldier_Firing_Soldier_Firing_24_523
474
312 177 208 114 0.6419899
249 180 238 172 0.08597749
352 289 65 43 0.08463253
362 225 128 119 0.055026457
258 426 11 15 0.04659414
323 181 128 83 0.04468471
378 182 182 152 0.04185808
338 257 114 88 0.041440316
486 362 59 65 0.03877033
0 0 138 179 0.036726337
264 29 262 240 0.035997126
829 0 195 184 0.03442582
314 184 270 274 0.034275405
279 194 130 110 0.033951934
239 193 102 126 0.033531547
0 0 91 122 0.030648932
422 219 101 127 0.029029427
833 395 191 181 0.028722856
0 376 134 200 0.028440293
313 248 168 164 0.028296402
930 0 94 87 0.028207835
345 131 285 228 0.027652347
232 225 231 246 0.02752293
396 264 113 101 0.027508846
381 235 159 180 0.02739578
324 201 127 124 0.026727363
0 470 68 106 0.025990987
348 286 120 85 0.02586459
259 429 8 10 0.025560508
328 0 270 187 0.025474802
239 232 95 159 0.024626544
917 471 107 105 0.024504643
419 163 109 103 0.024449944
255 419 18 24 0.024417093
297 237 102 128 0.023656797
195 0 261 198 0.023619693
289 0 132 103 0.023616357
413 0 135 100 0.022270624
507 0 257 172 0.021750461
573 0 134 100 0.021717833
29 0 253 188 0.021564495
1002 59 7 9 0.021160506
436 459 170 117 0.021023089
489 0 136 98 0.0207356
324 202 72 57 0.020702798
215 0 132 98 0.020329865
0 0 55 75 0.020302122
269 430 114 112 0.020298023
512 451 172 125 0.020223923
663 375 31 32 0.020222522
648 0 19 17 0.020192603
378 233 72 80 0.020178322
400 261 70 72 0.020103198
321 448 120 119 0.020076502
228 398 103 127 0.019999115
0 562 7 14 0.019959647
335 0 115 82 0.019841757
664 0 267 177 0.019703025
137 0 124 97 0.019488236
250 406 52 78 0.019313278
664 396 257 180 0.01928843
379 0 116 81 0.019283848
78 298 157 199 0.01910667
260 270 110 134 0.019042237
250 425 19 24 0.019041961
694 0 126 98 0.018994404
239 216 52 98 0.018972654
375 295 117 107 0.018906407
435 392 263 184 0.018770767
262 306 252 270 0.018721655
273 0 96 72 0.01869901
911 123 113 216 0.018698633
134 0 216 152 0.01856728
592 448 163 128 0.018560063
451 122 176 162 0.018372668
541 0 115 81 0.018260796
625 0 18 11 0.01821916
603 0 216 137 0.018208671
0 111 74 172 0.018129501
49 0 138 104 0.017918883
365 326 101 115 0.017899023
770 0 128 93 0.01787048
977 0 47 49 0.017859276
183 0 105 80 0.017742801
792 0 182 122 0.017652972
1019 0 5 15 0.017635178
50 224 42 59 0.017601874
468 0 95 65 0.017567756
52 252 25 33 0.017474748
396 203 305 327 0.017355686
853 475 139 101 0.017312218
1005 0 19 26 0.017292593
833 53 191 364 0.017283343
971 487 53 89 0.017189506
40 387 243 189 0.017182674
261 423 13 16 0.017173624
356 459 172 117 0.017087828
462 190 80 135 0.016901245
625 0 95 68 0.016900405
0 61 133 350 0.016882345
22 264 29 30 0.016879452
208 389 230 187 0.016771337
256 429 11 17 0.016770918
659 0 112 81 0.016611159
0 314 64 178 0.016447358
408 183 70 52 0.01636824
178 211 193 192 0.016301932
928 313 96 174 0.016278088
509 0 94 63 0.016273404
255 428 10 12 0.016271649
94 464 140 112 0.016211787
713 449 159 127 0.016160006
159 446 175 130 0.016105156
922 26 102 207 0.016100656
18 299 28 31 0.016098894
741 0 106 83 0.016096469
334 280 68 65 0.01608003
304 306 48 52 0.016076587
109 76 37 40 0.016051099
490 249 44 82 0.01604559
1020 561 4 15 0.016031068
0 0 35 49 0.016011594
271 7 37 50 0.015897969
14 297 142 216 0.015823705
254 103 187 178 0.015770437
627 13 13 13 0.015685601
0 138 48 120 0.015647711
181 147 220 193 0.0155287115
854 79 72 43 0.015461064
50 248 37 49 0.015443802
117 0 90 68 0.015408087
338 410 108 118 0.015364859
820 0 108 74 0.015362263
361 134 133 122 0.015353432
246 0 20 14 0.01527453
328 296 101 121 0.015237395
1021 0 3 10 0.015166548
701 407 12 19 0.015118165
859 0 114 78 0.015083345
373 294 66 54 0.015061692
507 50 43 48 0.015043707
958 0 47 35 0.014994856
458 248 102 123 0.01478717
18 0 114 87 0.014700847
421 287 104 119 0.014684326
497 144 291 321 0.01466766
31 497 92 79 0.014637859
424 492 118 84 0.014473746
0 184 65 175 0.01443707
956 377 68 119 0.014385992
122 318 110 119 0.014366811
832 509 98 67 0.014260966
410 0 32 27 0.014254104
863 252 161 298 0.0142170265
286 482 113 94 0.014189509
0 0 201 312 0.014165652
0 64 106 174 0.014161269
554 143 98 109 0.014127253
814 79 93 102 0.014083461
634 87 284 365 0.014035719
573 0 272 273 0.0140266735
441 0 74 56 0.014024117
18 331 9 9 0.014001269
0 37 64 151 0.013998011
345 212 82 77 0.013965212
261 429 14 16 0.013928594
146 498 101 78 0.0139021175
257 425 20 29 0.013889375
154 296 169 207 0.013889296
614 3 12 13 0.013887295
236 0 36 26 0.013856202
219 0 74 56 0.013824985
154 255 44 55 0.013802749
262 429 9 10 0.013700445
358 0 75 55 0.013629518
359 307 35 25 0.0136204
49 0 25 18 0.01359441
0 512 37 64 0.013592156
104 59 59 76 0.013550938
23 255 10 11 0.013511715
317 0 80 60 0.013482221
49 200 11 12 0.013439386
233 487 101 89 0.013406676
74 497 95 79 0.013389413
480 376 74 92 0.013382172
292 416 72 87 0.013366024
734 390 85 116 0.013354562
975 21 49 110 0.013345305
573 488 95 88 0.013306095
72 0 94 64 0.013291315
254 416 34 51 0.013249429
312 130 126 117 0.0132343555
689 366 140 178 0.013224571
954 424 70 121 0.013182094
85 2 139 151 0.01310728
224 362 87 121 0.013082634
19 224 10 13 0.01306477
0 298 41 119 0.01304984
44 0 71 51 0.013036298
139 70 30 39 0.013033951
469 220 155 179 0.013030194
757 304 241 272 0.013021663
590 0 20 14 0.01299867
782 501 107 75 0.0129771475
0 403 54 148 0.012966731
858 0 72 51 0.012937344
400 0 73 55 0.01291719
507 290 271 286 0.012914904
24 311 13 16 0.012906376
193 496 101 80 0.0128723895
663 483 110 93 0.012872051
625 6 18 20 0.01285337
235 429 54 63 0.012843799
930 223 94 174 0.012836704
980 206 44 111 0.012834004
150 0 37 29 0.012785411
24 112 40 45 0.012722724
260 0 73 56 0.012711686
979 141 45 115 0.012696001
304 316 29 17 0.012682465
1010 543 14 33 0.012676042
343 363 102 121 0.012632136
64 76 40 55 0.012625145
0 558 14 18 0.012616697
389 97 181 181 0.01257377
367 339 224 237 0.012560253
745 133 241 369 0.012550076
0 380 21 50 0.012539605
8 564 9 11 0.012536036
0 549 24 26 0.012533889
815 113 139 241 0.012512407
346 238 65 75 0.012509713
201 430 97 121 0.012490259
62 239 150 184 0.012485705
0 245 20 29 0.01247291
558 0 74 54 0.012465725
420 234 66 82 0.012443043
966 0 32 22 0.012436082
277 109 12 12 0.012417095
128 334 237 242 0.012336282
408 327 95 114 0.012299735
809 449 144 127 0.012283437
0 0 22 31 0.012262011
296 318 77 92 0.012241987
731 434 90 119 0.01220223
75 314 105 132 0.01218103
586 146 114 112 0.012144127
140 50 306 275 0.012144105
531 150 143 156 0.012122804
14 209 151 229 0.012119927
515 35 11 13 0.01210652
0 215 42 118 0.012094789
1003 0 18 13 0.012062534
537 213 92 110 0.012039921
980 69 44 106 0.01200199
165 302 95 117 0.011988493
380 419 107 121 0.011980782
248 260 62 97 0.011974723
531 491 95 85 0.011915382
307 329 94 126 0.011912153
0 228 101 182 0.011908977
444 342 87 96 0.011901923
1018 0 6 30 0.011868598
306 0 38 27 0.011862559
304 310 32 35 0.011855031
799 0 72 54 0.011846822
499 30 64 79 0.011829638
231 303 131 166 0.011828857
602 308 150 184 0.011789047
285 225 81 106 0.011765445
32 211 20 25 0.011762073
671 0 15 11 0.011733311
534 103 90 119 0.011694194
507 236 92 113 0.01165544
261 431 7 11 0.011652823
212 0 52 40 0.011616906
1013 280 11 47 0.011607961
955 0 58 62 0.01160619
515 64 239 266 0.011591171
212 428 51 57 0.011566909
873 387 87 112 0.011536532
43 132 147 193 0.011532013
889 557 26 18 0.0115304915
366 302 39 38 0.011524002
515 348 159 194 0.011501935
115 0 18 13 0.011487111
723 349 79 99 0.0114757875
558 264 156 184 0.011466046
483 27 146 186 0.011462852
564 27 152 177 0.011461781
619 0 30 27 0.011460926
151 21 57 71 0.011454097
300 455 64 73 0.011448134
486 491 92 85 0.011442564
623 167 101 117 0.011436697
311 271 63 76 0.011434222
1023 564 1 11 0.011431143
278 163 104 104 0.011426
581 0 20 13 0.011422801
352 381 51 66 0.011402514
162 0 74 57 0.011399193
498 370 35 43 0.011351426
698 0 73 55 0.011347118
44 205 69 88 0.011336346
601 471 96 96 0.01132599
698 566 13 9 0.011304292
879 538 54 38 0.0113025205
51 86 44 60 0.011299791
490 212 76 126 0.011296842
20 324 86 128 0.011251724
716 318 140 183 0.011233905
19 377 85 117 0.011233156
454 3 122 141 0.011222733
475 408 89 115 0.011221127
613 25 89 122 0.0112192985
293 207 64 66 0.011217267
23 300 17 21 0.011191655
311 200 53 52 0.011185022
656 348 72 91 0.011172019
319 305 56 55 0.011138983
0 365 6 12 0.011135091
46 178 245 297 0.0111321015
750 359 89 116 0.011104341
353 0 19 14 0.011077306
384 336 63 71 0.011073413
256 422 10 15 0.0110617215
819 0 36 27 0.011044462
637 264 150 190 0.011041896
618 0 18 11 0.011034716
596 367 27 32 0.011025136
507 52 28 29 0.010999106
94 424 99 112 0.01099284
2 289 45 67 0.010962289
715 0 18 11 0.010962017
26 307 12 13 0.010951015
444 290 148 184 0.0109367585
46 67 132 167 0.010916471
828 115 89 129 0.010911359
555 199 70 52 0.010910718
305 378 88 112 0.010898218
338 498 83 77 0.010896289
637 180 151 182 0.010893964
497 106 86 112 0.010893656
571 0 18 13 0.010887978
0 0 9 11 0.010884098
427 0 61 46 0.010880994
491 310 75 99 0.010870256
560 169 159 188 0.0108657
639 0 33 31 0.010864017
976 0 35 24 0.010847267
41 61 66 91 0.010844341
253 404 23 36 0.010825557
976 0 21 14 0.010820299
569 428 100 124 0.010813708
259 419 12 17 0.010811838
263 285 62 87 0.010809269
620 377 46 65 0.010808062
597 79 153 175 0.0108062085
731 490 91 86 0.010800284
754 351 145 180 0.010799906
0 306 5 13 0.010799171
312 220 27 35 0.010794753
15 144 118 159 0.010787554
99 256 82 97 0.010783531
484 0 62 44 0.010766795
0 377 49 99 0.01076593
1017 274 7 44 0.01073972
146 362 97 112 0.01073638
367 359 59 68 0.010718185
402 298 59 51 0.010699834
1003 0 21 57 0.010696546
843 0 61 42 0.0106881205
29 268 19 19 0.010658646
521 413 56 72 0.010656257
828 376 87 118 0.010646137
1021 0 3 21 0.010626134
942 565 15 10 0.010622473
739 308 80 102 0.010619423
964 564 13 11 0.010614439
338 0 18 14 0.010610766
183 220 9 9 0.010597354
57 446 89 111 0.010592727
388 363 94 113 0.010582761
292 334 172 168 0.01057759
968 332 56 108 0.010572126
34 4 50 59 0.0105514955
274 1 28 34 0.010543724
233 293 70 104 0.010534485
658 226 231 307 0.010528372
151 450 84 101 0.010528056
183 395 87 99 0.010518094
694 165 124 165 0.010503484
263 425 8 10 0.01049955
463 137 86 108 0.010497653
634 0 19 12 0.01049605
849 407 90 111 0.010491231
695 388 88 113 0.010490266
115 83 23 27 0.0104736695
174 0 18 13 0.010469975
1020 11 4 36 0.010467532
593 362 40 48 0.010464107
54 202 8 9 0.010449164
1017 358 7 43 0.010444827
515 76 92 118 0.010443449
786 398 95 120 0.0104365945
596 208 159 197 0.010435606
0 327 19 32 0.010415203
991 0 21 13 0.010414573
883 504 83 72 0.010400401
1015 558 9 18 0.010397268
209 566 15 9 0.010396827
318 0 146 171 0.010395651
631 125 91 104 0.010390433
721 288 77 99 0.010385816
592 367 84 109 0.010385591
830 47 86 92 0.010379226
0 446 5 13 0.010371318
362 489 98 87 0.010371222
288 0 61 46 0.010370141
40 0 40 29 0.010360061
140 0 19 13 0.010331558
182 213 11 13 0.010317174
639 32 149 174 0.01031153
383 210 83 80 0.010311025
483 87 22 25 0.010303625
30 0 18 13 0.010300155
105 356 104 118 0.010293707
412 412 136 151 0.010293206
60 289 92 125 0.01027709
20 24 14 17 0.010269121
883 0 20 13 0.010263653
621 343 83 98 0.010261825
301 107 11 11 0.010260324
852 303 131 183 0.010260141
131 0 38 27 0.010254619
855 77 88 79 0.010249373
235 295 13 16 0.010249085
55 0 33 21 0.010229807
994 266 30 67 0.010220297
736 0 76 55 0.010211848
121 74 45 46 0.010202599
573 33 94 114 0.01019543
149 453 51 61 0.010188053
601 0 76 55 0.010174099
763 252 140 193 0.010165856
866 138 88 128 0.010161967
911 380 91 119 0.010160226
6 398 67 101 0.010157815
443 185 44 51 0.010157714
677 379 19 26 0.01015609
43 239 71 89 0.010155015
371 173 84 66 0.010150764
365 303 55 67 0.010147133
389 306 53 67 0.010132503
428 502 53 66 0.010110688
681 211 143 194 0.010110309
216 290 19 25 0.010098702
85 108 139 178 0.010098468
886 420 95 123 0.01008799
917 0 79 55 0.010080865
463 43 21 22 0.010071947
590 110 91 107 0.010069769
19 0 19 14 0.010068697
305 405 47 72 0.010065987
547 58 90 111 0.010057099
667 363 84 108 0.010045919
231 160 63 116 0.010035217
516 44 28 31 0.0100348545
687 440 103 116 0.010027525
55 0 48 33 0.010020538
998 59 8 10 0.010016461
526 0 60 43 0.010004826
785 217 8 9 0.010004042
162 220 11 11 0.010001053