24_Soldier_Firing_Soldier_Firing_24_129
659
338 319 106 137 0.7814618
400 800 41 41 0.13956876
287 265 164 203 0.107938774
406 297 31 65 0.096528724
473 731 9 10 0.051055644
340 707 10 10 0.048801154
460 483 27 40 0.04782594
409 789 54 53 0.047668017
363 263 86 143 0.046623554
316 689 45 35 0.04658906
396 810 30 30 0.04403567
936 130 17 21 0.042890314
594 411 11 14 0.04256993
388 279 51 95 0.04161999
333 705 19 16 0.03625275
472 478 20 23 0.03525577
431 794 38 44 0.033887308
582 526 442 713 0.033855315
471 491 17 27 0.03169611
530 448 58 74 0.029362377
369 352 65 88 0.02902304
469 451 46 32 0.027760899
177 179 12 13 0.02745108
370 385 73 83 0.027450262
545 1213 48 63 0.027121559
935 135 11 18 0.026740566
1 355 95 177 0.025920039
660 467 65 55 0.025832454
408 812 22 25 0.025751056
227 189 267 343 0.025478002
267 324 135 151 0.02468055
102 155 327 420 0.024533015
546 811 11 13 0.024287201
469 728 17 14 0.023930218
469 460 35 39 0.023897324
406 795 23 32 0.02381799
379 268 141 188 0.023722094
413 807 38 39 0.023525644
751 1184 273 354 0.023415623
907 0 117 143 0.022985868
400 818 19 21 0.022621978
1 343 65 94 0.022597995
0 119 302 479 0.02209453
15 192 205 306 0.021796206
173 227 218 266 0.02171396
323 373 94 102 0.021476861
606 439 30 33 0.02143041
441 480 48 55 0.021271016
399 762 78 85 0.021130977
748 713 17 25 0.02107441
118 645 23 27 0.021055369
464 469 30 40 0.020940311
311 699 35 26 0.020897912
0 0 109 136 0.020494636
964 1403 60 135 0.020261066
403 816 27 33 0.02023243
0 370 134 267 0.020195218
560 404 15 17 0.020179559
307 667 63 66 0.019966021
268 645 35 58 0.019940129
543 814 11 13 0.019828632
768 0 256 252 0.019712131
934 129 11 18 0.019681443
0 1148 227 390 0.019433742
517 418 60 85 0.019180717
256 230 149 188 0.019173516
337 699 16 18 0.019144977
375 308 57 101 0.01863953
316 348 86 89 0.01853109
555 269 469 700 0.018406851
386 337 81 104 0.018248709
530 407 90 110 0.01814479
401 812 17 19 0.018026585
940 138 12 16 0.017947135
394 801 25 29 0.01786241
320 617 45 53 0.017843561
108 113 21 43 0.017733911
410 326 26 35 0.01759713
422 800 27 31 0.017538087
623 455 73 63 0.017532732
0 586 357 776 0.017507978
97 654 11 15 0.0173297
782 1393 16 18 0.017299062
9 304 208 315 0.017276471
735 0 186 141 0.017214954
175 176 17 20 0.017198507
0 0 200 275 0.017164482
978 1476 46 62 0.017162833
862 1103 17 20 0.017070096
370 403 87 105 0.017027058
0 236 62 100 0.016825119
707 829 317 419 0.016809626
519 352 20 21 0.016759096
897 150 10 10 0.016728334
76 0 219 158 0.016672365
1004 0 20 66 0.01661986
320 1415 51 54 0.016610656
401 413 97 111 0.016592706
180 0 350 420 0.016542263
19 1109 405 429 0.016466878
314 183 165 248 0.01645153
0 9 38 52 0.016428055
271 630 39 55 0.016417205
380 369 108 124 0.016412495
538 491 35 32 0.016391216
176 0 219 154 0.016386777
484 0 219 168 0.01638218
298 1172 379 366 0.016378915
416 793 25 33 0.016363941
461 79 12 13 0.016267046
0 0 69 92 0.016254164
0 380 311 609 0.016237844
252 419 21 22 0.016206155
0 1363 108 175 0.016166288
888 154 10 10 0.01604507
0 180 99 157 0.015995888
730 123 294 530 0.015952693
418 306 30 47 0.015933588
272 383 186 227 0.015919989
960 0 64 71 0.015903471
288 674 92 108 0.015889617
610 26 414 462 0.015842741
974 15 41 45 0.015673565
542 807 12 16 0.015673395
184 435 83 75 0.015620321
128 127 228 281 0.015561711
0 279 61 97 0.01554774
480 458 45 53 0.015519348
435 772 54 64 0.015490253
468 727 24 23 0.015399899
873 1245 27 36 0.015349572
526 385 72 96 0.015339514
368 435 103 119 0.015293141
382 792 86 96 0.015242682
444 607 74 92 0.015170884
0 0 13 16 0.015143865
518 1180 389 358 0.015142449
338 709 11 13 0.015115684
593 570 82 102 0.015102143
515 0 391 278 0.015096749
491 733 11 16 0.015094862
400 820 11 13 0.015025088
487 459 30 35 0.015005494
414 288 27 56 0.014983693
41 0 95 74 0.014970038
940 125 17 22 0.014933815
473 732 13 17 0.01492737
270 625 13 16 0.014894993
321 704 31 24 0.01482777
494 458 56 61 0.014755905
518 824 16 22 0.0147472005
328 1471 99 67 0.014696456
0 424 58 137 0.0146578895
928 126 20 29 0.0146552315
618 938 242 306 0.014646764
611 979 413 491 0.014642532
0 19 16 35 0.014629364
521 836 24 37 0.014612001
936 125 13 19 0.014548163
446 442 58 68 0.0144767575
261 631 93 108 0.0144684175
402 285 67 104 0.01446606
271 647 60 71 0.014445634
648 213 58 80 0.01443112
461 404 13 13 0.014423033
453 492 26 29 0.014412828
340 708 15 16 0.014372207
445 800 35 38 0.014361661
871 922 50 66 0.014136808
376 816 13 16 0.014134315
285 0 389 285 0.014113069
228 335 188 232 0.014035344
519 466 51 58 0.014021248
619 803 226 326 0.014005082
467 492 25 39 0.014001608
570 0 235 184 0.01397648
298 0 60 44 0.013935118
0 82 141 316 0.013917378
1008 1507 16 31 0.013916266
55 674 222 312 0.013895846
420 746 15 20 0.013891336
400 815 11 13 0.013876752
0 1196 14 39 0.013846154
6 508 110 172 0.013844815
363 725 114 132 0.01383153
388 322 47 44 0.013749545
547 488 44 35 0.013730064
289 667 11 13 0.013711495
85 705 60 78 0.013651695
497 466 19 14 0.013645865
110 640 25 30 0.013638842
306 694 27 26 0.013633442
30 0 174 125 0.013631288
1009 0 15 33 0.013626173
33 361 71 99 0.013616283
490 891 11 15 0.013606271
838 65 186 312 0.013605926
473 424 55 64 0.013567029
555 463 62 67 0.013545167
281 98 329 397 0.013535542
73 0 304 347 0.0135348365
467 1256 266 282 0.013533541
372 773 66 72 0.01352503
52 864 60 86 0.013494244
604 409 102 103 0.013490842
258 0 174 121 0.013486873
392 818 30 36 0.013472521
464 0 156 117 0.0134619
201 4 75 96 0.013435116
0 370 57 117 0.013389849
871 1243 46 55 0.013381959
247 410 33 30 0.013350482
464 730 30 35 0.013335233
298 616 93 115 0.013326721
78 265 93 124 0.013281744
1005 178 8 10 0.013262949
425 1353 214 185 0.013251533
824 191 200 333 0.013224073
0 1455 58 83 0.013167825
924 1305 100 233 0.013115129
0 288 119 198 0.013079375
449 465 36 47 0.0130733475
11 740 220 325 0.013030395
294 729 63 78 0.013022891
301 696 104 131 0.013018724
734 861 49 64 0.013015725
342 704 15 14 0.013015622
157 0 163 108 0.01299634
534 482 55 59 0.012994224
410 397 68 85 0.012987765
523 350 16 15 0.012984358
613 677 225 311 0.012980001
32 854 101 144 0.012978037
467 482 19 25 0.012970716
24 588 217 296 0.012932657
728 1466 16 20 0.012919616
614 1468 88 70 0.012911849
705 731 28 43 0.012864789
591 451 73 70 0.0128540965
406 817 55 68 0.012824631
451 717 44 55 0.01281355
942 134 17 22 0.012813
68 838 33 40 0.012801402
347 832 12 18 0.012799371
476 485 13 16 0.012794794
386 808 49 59 0.012765957
507 381 61 86 0.012759324
590 409 18 21 0.012730426
474 500 11 19 0.012697226
646 1381 25 28 0.012680548
780 1393 22 28 0.012644677
394 752 55 77 0.0126372315
1008 180 7 9 0.012630794
335 704 13 11 0.012628479
0 391 181 434 0.012625519
568 595 128 179 0.012619613
515 360 25 29 0.01260421
950 42 74 156 0.012588372
459 402 60 75 0.012578233
497 459 30 30 0.012569421
997 1492 27 46 0.012561564
249 413 21 21 0.012521933
311 736 36 34 0.012497676
802 367 113 156 0.012476241
472 483 13 16 0.012474613
366 0 102 74 0.012461888
291 689 63 65 0.012444381
763 740 12 16 0.0124418
76 6 35 46 0.012441411
690 1096 154 159 0.01242303
644 592 131 180 0.01242125
349 631 13 14 0.012420755
294 760 64 78 0.012409415
220 1266 270 272 0.012400854
672 475 62 74 0.012398144
932 139 10 14 0.012395459
0 875 175 282 0.012375194
281 737 100 119 0.012357804
445 751 53 68 0.01235035
505 353 61 80 0.0123431645
15 274 30 29 0.012335722
445 0 31 18 0.012324595
286 662 18 23 0.012323264
557 1367 204 171 0.012308078
914 0 84 62 0.012297531
444 776 30 46 0.012286779
1018 0 6 47 0.012255531
407 230 119 164 0.012205635
581 522 22 22 0.0121671865
103 0 54 43 0.012145678
927 219 20 26 0.012144226
323 686 25 20 0.012138641
779 485 119 167 0.0121375285
279 1477 94 61 0.012116421
975 322 35 49 0.012099394
708 747 17 21 0.012083884
417 647 32 44 0.012079028
344 288 80 99 0.01207668
559 397 16 18 0.0120724235
624 559 75 92 0.012071984
694 546 62 92 0.012030247
325 692 24 25 0.012016461
188 246 11 14 0.012011135
0 456 83 187 0.011996803
618 231 12 12 0.011993782
314 0 43 25 0.01197578
781 992 243 357 0.011970287
305 767 106 121 0.011955219
750 721 11 18 0.011941934
769 231 115 137 0.011911437
170 1 83 74 0.011899128
826 497 63 79 0.0118950065
88 122 26 36 0.0118906675
7 1013 115 177 0.011881762
24 343 41 56 0.011830982
316 404 93 108 0.011823883
98 0 101 75 0.011823148
504 363 46 47 0.011789833
974 32 37 56 0.011789027
422 0 368 376 0.011786304
66 1325 232 213 0.011757529
974 1108 50 186 0.011746882
325 705 20 15 0.011738611
520 1410 146 128 0.011733551
0 1059 113 268 0.0117327105
4 698 106 164 0.011730875
398 704 90 118 0.011726378
904 1247 12 14 0.011721939
0 1191 5 11 0.011716009
390 288 38 52 0.011714712
311 793 33 40 0.011711957
706 0 149 103 0.01165475
541 475 38 42 0.011645361
806 431 117 166 0.011640164
37 300 103 137 0.01163665
691 578 70 94 0.011632313
346 799 31 33 0.011622479
63 1079 232 321 0.011594178
626 659 123 178 0.011586964
764 404 260 432 0.011581716
658 410 10 12 0.011581565
0 0 26 37 0.011563511
0 761 114 274 0.011558203
926 351 65 102 0.011557738
650 1405 23 21 0.011555484
182 1344 211 194 0.011555409
513 348 37 34 0.0115444185
271 693 78 96 0.01154139
554 1225 91 120 0.011529383
23 805 16 21 0.011525178
246 182 13 16 0.011523626
956 463 68 168 0.011520827
483 444 36 33 0.011514654
407 1403 151 135 0.01150648
106 0 35 27 0.011475756
522 346 82 107 0.011470261
423 815 40 47 0.011466406
808 0 169 119 0.011457966
1022 0 2 24 0.011449303
759 826 33 41 0.011443725
908 581 116 309 0.011434149
454 0 108 85 0.011421193
643 821 22 29 0.011415496
429 445 87 97 0.011415332
694 0 12 11 0.011415163
314 80 72 91 0.01141405
75 729 62 87 0.011413903
273 736 60 76 0.01140926
245 180 22 24 0.011405008
933 121 28 36 0.011403943
915 815 109 303 0.011400406
322 629 58 72 0.011398322
323 658 99 115 0.011398108
246 638 68 90 0.011397375
305 1407 84 91 0.0113852145
449 770 19 21 0.011379451
420 773 88 97 0.011372102
4 1205 107 166 0.011354026
515 844 23 32 0.011342859
0 325 49 79 0.011339673
418 755 14 18 0.0113396505
928 132 14 19 0.011338278
536 1231 55 73 0.011328677
472 723 10 14 0.011305067
407 817 13 14 0.011297576
523 251 72 91 0.011295511
920 1131 104 286 0.011284371
402 340 47 80 0.011283134
414 614 91 117 0.011274053
968 979 56 205 0.01126851
486 886 17 22 0.011257661
461 485 45 58 0.011254467
408 823 31 35 0.011253724
0 238 6 18 0.011250027
350 755 34 40 0.011236699
125 816 14 21 0.011223264
932 135 20 25 0.011212844
332 687 24 23 0.011202348
39 670 111 163 0.011196783
471 624 48 53 0.011194955
248 678 118 154 0.011192597
24 1070 126 178 0.011181431
275 609 154 200 0.011153506
116 635 20 24 0.011149905
528 350 9 9 0.011144904
578 1244 94 124 0.011138767
920 937 104 295 0.011137531
9 893 114 173 0.011114072
892 152 15 14 0.011113627
464 716 26 27 0.011106093
774 652 124 186 0.011103883
928 299 96 275 0.0110947145
886 478 69 88 0.011094307
199 0 70 53 0.01108577
305 692 18 18 0.011085669
778 1433 18 23 0.011080257
921 67 62 90 0.011080033
565 611 204 296 0.011077562
477 727 10 12 0.011074096
572 1249 11 16 0.011070024
459 970 102 137 0.011069864
461 475 22 28 0.011066163
106 105 39 56 0.011062818
862 1245 67 87 0.011053422
541 811 17 20 0.011051125
424 1045 373 471 0.011044306
431 656 86 115 0.01104423
36 400 66 102 0.011041972
676 1368 209 170 0.011037357
463 498 22 21 0.011035054
523 464 87 100 0.011030811
964 857 60 206 0.011021671
854 491 72 89 0.0110184625
687 240 204 257 0.011012025
294 395 77 84 0.010995615
324 1363 207 175 0.010988127
745 594 126 183 0.010981319
515 612 113 159 0.010981081
847 1111 82 109 0.010973484
61 850 46 63 0.010965856
0 420 27 44 0.010964749
13 473 14 17 0.0109645445
254 571 106 135 0.010961126
92 288 65 68 0.010959709
653 228 11 14 0.010956052
0 622 85 150 0.010953568
0 1215 57 140 0.010950911
656 0 122 112 0.010946307
766 1077 129 162 0.010940091
346 621 20 25 0.010932062
1021 1520 3 18 0.010925188
828 480 126 178 0.010920802
1019 289 5 60 0.01091859
51 980 121 173 0.010918284
998 1323 12 15 0.010902852
616 592 75 102 0.010899536
679 561 122 156 0.010899014
127 0 114 104 0.010878641
274 616 41 50 0.010875382
0 1192 6 16 0.010851533
966 329 58 195 0.010848647
29 1473 95 65 0.010830028
254 244 10 11 0.010828915
757 688 28 42 0.010822969
425 451 59 70 0.01081767
122 0 30 34 0.01079512
304 437 104 126 0.010793396
1 1250 160 243 0.010783684
811 927 118 166 0.010778204
753 0 13 9 0.010774568
923 491 65 90 0.0107659735
447 679 57 76 0.010762331
496 1087 89 110 0.010755395
591 407 13 14 0.010748761
53 872 43 42 0.010747147
156 802 18 16 0.010734691
637 749 16 23 0.010726924
487 31 108 144 0.010723843
175 24 122 162 0.010715211
551 250 24 33 0.010700674
596 476 116 132 0.010698499
192 259 32 38 0.010692056
301 613 15 19 0.010688105
914 461 110 309 0.010685804
63 431 21 25 0.010682648
147 807 38 48 0.0106818
91 207 106 138 0.01067993
324 693 49 47 0.010676584
22 423 105 152 0.010674085
571 415 26 28 0.01066932
673 0 20 27 0.0106622
312 761 32 43 0.010646299
624 484 61 65 0.01064524
584 1320 94 116 0.010641587
651 1413 140 125 0.010639278
0 978 90 150 0.010633737
335 697 28 26 0.010626239
477 492 20 26 0.010618373
719 1446 122 92 0.010606927
801 533 125 183 0.010600593
400 333 29 30 0.010598223
618 133 31 32 0.010587774
488 180 95 120 0.01057073
533 289 36 36 0.010567254
626 171 180 221 0.010560581
725 1483 74 55 0.010558339
227 434 155 191 0.010548494
470 735 15 22 0.010534422
479 593 108 145 0.0105328215
415 818 22 26 0.010528156
430 145 43 42 0.010526773
685 511 56 81 0.010520663
431 1181 204 261 0.010515936
93 651 19 23 0.01051164
34 933 121 168 0.010505497
366 660 99 129 0.010496398
459 589 22 32 0.010492287
957 155 67 151 0.010477363
396 0 108 93 0.010474497
270 763 60 77 0.010469048
336 799 46 52 0.010456769
0 770 56 134 0.010455036
746 194 113 149 0.010454581
401 288 22 24 0.010450811
326 309 75 99 0.010450281
275 671 62 74 0.010443682
743 929 118 163 0.010442869
11 0 14 11 0.010438579
807 290 119 150 0.010434075
701 0 56 46 0.010428991
281 632 26 30 0.010423866
951 288 73 164 0.010415197
26 162 163 195 0.010408612
395 1004 192 282 0.010403251
423 81 60 89 0.010403076
152 438 63 72 0.010401445
778 745 120 175 0.010399732
239 1454 116 84 0.010395227
959 1224 65 203 0.010389756
387 713 22 30 0.010386353
916 30 69 96 0.010375614
413 786 22 31 0.010361625
298 1 76 75 0.0103593245
673 657 128 179 0.0103480825
672 389 236 302 0.010341582
465 912 107 138 0.010341164
623 1436 20 15 0.0103409635
813 709 66 92 0.01033981
625 559 116 150 0.010335422
0 865 11 21 0.010335243
376 596 99 123 0.010329662
362 1452 113 86 0.010329125
5 857 33 38 0.010326631
489 477 32 39 0.010326081
553 437 44 40 0.010322146
596 0 122 115 0.010320812
649 719 123 175 0.010318007
169 434 64 55 0.010315458
520 823 11 15 0.010315385
409 275 27 43 0.010315341
311 775 37 44 0.010314777
552 448 22 22 0.010314744
296 794 63 78 0.010311868
0 1261 90 159 0.010310685
353 0 65 53 0.010306562
968 336 36 52 0.010304236
596 52 117 162 0.01030208
703 257 16 21 0.010296591
648 1478 87 60 0.010296432
510 341 27 28 0.010289856
0 1525 14 13 0.010289723
560 408 26 27 0.010289323
277 662 24 31 0.010289168
1023 1523 1 15 0.0102870725
0 25 44 89 0.01028159
960 567 64 208 0.010277557
20 982 222 317 0.01027751
44 1207 166 216 0.010276601
302 242 13 19 0.010273958
294 32 117 149 0.010263685
602 1255 20 29 0.010258587
540 0 111 85 0.010252575
57 1126 129 180 0.010251915
957 791 67 163 0.010242479
306 638 54 69 0.010242255
384 810 31 30 0.010241986
971 97 53 119 0.010241189
994 1405 30 90 0.010240196
217 640 179 234 0.010231512
165 0 39 41 0.010225038
378 241 70 103 0.010224003
443 499 35 44 0.010221188
319 760 72 83 0.01021672
643 1082 128 164 0.010215575
904 1466 95 72 0.010214493
799 1346 209 192 0.01020689
875 715 67 99 0.010193744
468 651 14 17 0.010193169
0 466 40 83 0.010191323
729 374 33 45 0.010190054
648 170 117 137 0.010184136
0 914 56 139 0.0101829
646 417 80 83 0.0101825
698 67 275 304 0.01018081
853 1088 64 95 0.010178063
1001 24 23 98 0.01016674
301 322 70 95 0.010166236
480 480 24 22 0.010165573
0 1153 56 140 0.010163059
900 793 30 43 0.010159317
431 947 99 130 0.0101477485
37 617 105 152 0.0101453625
498 947 211 283 0.010142731
572 877 222 314 0.010142557
472 1375 70 93 0.010142419
861 437 128 166 0.010125124
284 1412 139 126 0.010119213
693 619 69 97 0.010117384
33 54 106 136 0.0101165725
150 1013 406 525 0.010114586
552 398 22 27 0.01010728
458 77 18 20 0.010105814
126 29 119 152 0.010105188
243 398 49 48 0.010104398
306 587 60 76 0.010104324
771 1431 127 107 0.010090553
84 642 62 85 0.010086113
514 759 385 526 0.010082533
509 468 20 22 0.010081938
598 411 12 12 0.010076413
512 292 57 68 0.010074344
720 2 80 84 0.010073292
342 798 97 118 0.0100603355
0 821 91 153 0.010053349
481 386 53 63 0.010052729
576 1196 97 127 0.010052432
845 1244 104 141 0.010051026
668 541 67 78 0.010049297
477 0 57 43 0.010047775
940 138 24 28 0.010044917
748 695 29 41 0.010042179
493 383 26 30 0.010036845
219 79 67 95 0.010036122
512 1126 87 113 0.010035003
325 798 35 38 0.010030467
906 669 63 91 0.010029926
0 181 11 22 0.010025619
967 310 35 51 0.01002414
94 253 66 80 0.010020144
604 1222 100 127 0.010017597
555 244 189 233 0.010017038
0 68 27 49 0.010016218
257 661 37 48 0.010012283
451 622 52 52 0.010005601
938 691 11 14 0.010005468
622 298 215 263 0.010003452
676 8 141 150 0.010002721
339 1211 100 141 0.010002286
484 1004 105 144 0.010000789