9_Press_Conference_Press_Conference_9_66
1357
214 175 76 81 0.8639908
885 268 75 85 0.8390562
450 281 57 81 0.71273345
235 347 95 114 0.17049965
135 67 19 45 0.13181178
41 248 11 15 0.12553573
781 383 24 38 0.087527655
73 109 36 51 0.082523294
28 253 8 10 0.08097205
794 174 10 16 0.0749703
99 238 40 48 0.07118329
400 459 10 14 0.058517825
411 539 21 10 0.057961788
33 248 15 16 0.05625652
645 165 24 24 0.05332391
29 251 11 13 0.051661696
98 235 59 74 0.050441947
630 176 9 18 0.04908072
77 115 24 33 0.046028025
94 234 28 36 0.045497786
433 158 37 57 0.045020413
87 37 11 18 0.044097435
31 250 20 24 0.04232212
412 292 78 92 0.042202685
789 177 15 20 0.04179939
422 202 28 34 0.040503185
796 169 11 19 0.040085908
373 201 44 54 0.039210636
115 327 47 63 0.038993325
56 367 46 54 0.038805872
436 177 23 39 0.038079947
778 168 12 17 0.03796184
433 476 12 17 0.037672937
32 254 13 13 0.037284493
119 1 42 42 0.03725559
252 374 58 67 0.036556914
827 190 51 58 0.03643945
562 422 13 16 0.035935454
75 121 13 17 0.035771437
409 236 86 110 0.03519039
399 143 51 59 0.03338646
429 187 24 41 0.033113394
782 393 16 25 0.032967832
644 174 22 23 0.032811426
172 182 93 93 0.032600332
852 262 91 106 0.032521416
985 486 39 63 0.032520544
404 334 53 58 0.03249847
30 256 8 10 0.03223321
474 288 65 85 0.031658087
122 73 34 58 0.031613342
105 218 53 60 0.031119902
922 272 73 85 0.031082317
77 102 56 67 0.030623993
795 179 13 19 0.030078152
781 174 19 20 0.029676901
822 400 20 30 0.029052962
222 140 84 102 0.028153956
769 513 57 36 0.027918093
254 408 113 136 0.027917197
955 264 69 97 0.027847202
202 198 83 95 0.027783416
392 204 53 49 0.027716381
897 285 82 93 0.02762916
42 247 15 19 0.02747465
651 215 55 57 0.02737128
924 0 100 101 0.02730803
877 215 81 108 0.027232822
808 178 58 67 0.027084613
399 191 70 88 0.02704809
90 219 41 53 0.026840162
216 265 117 156 0.02679567
365 187 68 82 0.026602684
236 184 86 88 0.026486825
386 135 20 24 0.026457394
88 138 12 13 0.026427377
369 483 9 12 0.026412733
875 351 149 198 0.026356556
39 250 7 10 0.026225206
2 244 37 64 0.026032422
40 511 16 17 0.026005697
788 393 23 27 0.02589379
953 460 71 89 0.025847035
211 323 96 119 0.025730398
163 80 17 21 0.02571714
407 164 50 51 0.02564552
438 195 72 102 0.025499884
386 276 72 91 0.025348386
79 121 16 20 0.025176698
75 127 10 12 0.024875566
74 124 17 20 0.024836065
125 272 10 11 0.024808977
0 307 48 100 0.024576366
165 82 12 13 0.024384262
68 370 58 62 0.024359223
86 35 7 15 0.02415756
78 78 46 65 0.02397069
380 197 27 38 0.023930466
61 328 67 87 0.023848426
975 0 49 53 0.02384024
303 453 53 69 0.023822289
0 0 70 93 0.023724226
262 379 79 88 0.023622056
694 232 19 37 0.023480007
823 0 201 196 0.023331488
207 382 22 34 0.023251614
143 7 20 26 0.023189299
0 431 68 118 0.02307854
396 309 54 70 0.023048606
0 0 140 184 0.023039296
0 246 51 114 0.022742756
120 37 36 73 0.022658579
248 436 33 25 0.022634616
403 532 28 17 0.022561124
788 169 23 36 0.022531575
92 77 51 61 0.02252506
207 449 13 17 0.02246141
0 494 36 55 0.022454713
834 266 16 25 0.022268878
166 244 16 22 0.022248534
95 0 51 39 0.022172589
556 422 17 21 0.022039287
356 218 90 112 0.021986635
467 267 45 69 0.021951644
268 153 84 96 0.021919629
34 253 9 9 0.021884399
387 174 107 140 0.021873463
155 22 10 13 0.02183561
381 492 11 15 0.02172822
412 207 28 30 0.021469
123 232 52 61 0.021465387
101 255 68 96 0.02141594
189 385 128 147 0.021271853
652 345 37 46 0.021241687
775 171 17 21 0.021196697
449 320 56 75 0.021152899
21 242 35 46 0.021117643
792 380 41 46 0.021107962
78 123 8 11 0.02109066
634 169 11 20 0.021090155
23 491 73 58 0.021065146
19 519 11 12 0.02106165
101 62 49 57 0.021042652
800 190 43 51 0.021020418
346 169 105 128 0.020990036
113 197 70 88 0.020979283
787 166 16 22 0.020968417
562 425 8 11 0.020967029
85 122 36 42 0.020929456
86 0 72 72 0.020914067
382 216 46 49 0.020840183
794 352 45 63 0.020824928
447 250 92 132 0.020822324
394 182 48 47 0.020779526
245 461 93 88 0.020734
192 265 45 69 0.020715188
41 253 7 10 0.020714108
155 239 26 32 0.020694938
140 70 22 39 0.02068445
638 163 33 39 0.02055394
11 505 52 44 0.02041784
613 30 117 138 0.020374425
816 143 70 98 0.020329036
796 254 63 89 0.020269478
636 163 14 21 0.020245751
413 0 131 96 0.020193085
434 253 52 70 0.020133916
935 118 89 167 0.019974144
141 60 14 38 0.019960878
402 460 13 17 0.019950246
107 254 34 44 0.019893643
96 237 16 24 0.019825893
445 179 24 37 0.019437779
60 232 19 28 0.019437071
83 122 23 31 0.019375628
0 0 44 61 0.019371495
95 331 43 57 0.019357363
564 483 66 66 0.019346533
120 8 39 69 0.019312788
148 6 13 16 0.019310867
94 92 70 84 0.01930748
466 216 59 93 0.019306306
562 502 39 47 0.019174011
332 0 133 94 0.019138262
148 240 37 52 0.019135518
841 294 85 98 0.019117327
158 320 198 226 0.019108519
563 419 21 28 0.019085351
1017 291 7 34 0.019082796
380 149 53 62 0.019073626
362 302 78 97 0.019001795
84 199 40 56 0.018982986
196 153 77 90 0.018949684
48 426 8 11 0.018904261
370 173 37 60 0.018858075
100 246 30 27 0.018808981
200 497 12 13 0.018790074
413 128 64 83 0.018754277
406 176 61 67 0.018747032
84 21 73 89 0.018675698
773 271 73 100 0.01860471
895 318 72 86 0.018599872
158 25 8 12 0.018597629
961 190 63 104 0.018586218
202 479 82 70 0.018584602
148 0 13 12 0.018537248
734 508 47 41 0.018508838
10 230 52 72 0.018504653
780 165 14 17 0.0184962
249 406 58 69 0.018467475
529 0 130 92 0.018465837
910 257 51 71 0.018369928
840 174 53 68 0.018367046
783 171 15 15 0.018351005
38 254 7 10 0.018230561
786 491 80 58 0.018214261
190 254 102 126 0.018184703
821 261 34 50 0.018171845
88 161 67 94 0.018170612
869 1 87 94 0.018163579
628 211 81 98 0.018155575
214 57 120 153 0.018144663
955 304 69 99 0.018134577
0 295 147 254 0.018117322
250 8 129 159 0.018104723
94 298 67 88 0.01809077
141 81 13 31 0.018063242
391 204 26 34 0.018039998
60 486 80 63 0.018004451
476 293 40 57 0.018000012
97 102 49 52 0.017907893
139 485 78 64 0.017884461
642 230 18 35 0.017879209
0 68 99 176 0.017866123
736 273 74 92 0.017855857
42 347 18 37 0.017854236
75 0 54 47 0.017826261
77 131 40 54 0.017813567
210 0 134 97 0.017799525
83 125 68 91 0.017723152
34 245 13 13 0.017622994
923 281 45 62 0.01762288
487 163 10 11 0.017620992
656 162 18 24 0.017555816
102 483 79 66 0.017553244
178 145 135 147 0.017545395
247 157 124 139 0.017525988
454 11 133 166 0.017511923
570 434 130 115 0.017499387
624 172 18 23 0.017473284
877 0 51 51 0.017419955
433 198 28 35 0.017408047
800 174 6 14 0.017402655
725 313 7 10 0.017389527
486 496 68 53 0.01738801
95 396 40 47 0.017362108
366 258 64 88 0.017305633
396 339 82 100 0.01729737
610 0 132 94 0.017254256
428 317 91 120 0.017185003
156 81 19 17 0.01716456
646 174 18 12 0.017163694
270 89 54 68 0.017145718
777 157 10 13 0.017136056
754 401 33 42 0.017114352
795 311 63 88 0.01707751
195 74 83 109 0.017074486
156 83 8 11 0.017073937
724 314 9 17 0.017066171
415 268 55 69 0.017058669
0 168 55 100 0.017047718
873 252 61 75 0.017041933
37 257 13 15 0.016995845
260 192 45 60 0.01693305
639 167 17 20 0.016930103
52 505 55 44 0.016929107
14 437 129 112 0.016919829
418 197 26 30 0.01690618
218 420 18 20 0.016904838
298 452 85 97 0.016828133
384 0 111 75 0.016806474
639 211 46 53 0.016777914
350 272 60 88 0.01676456
0 338 28 67 0.016756851
637 496 71 53 0.016746763
774 394 24 35 0.016733056
232 207 56 60 0.016727434
427 226 51 68 0.016724415
431 477 9 15 0.016708456
86 34 19 23 0.016686583
867 487 64 62 0.016677111
633 514 49 35 0.016673507
481 264 58 78 0.016643487
82 252 54 69 0.016624767
413 207 44 51 0.016600046
462 0 109 75 0.01659443
115 0 258 178 0.016594393
347 275 116 150 0.016586564
27 256 6 9 0.016583517
383 189 28 34 0.016582362
733 440 125 109 0.016579514
28 245 16 17 0.016570807
903 204 81 106 0.016546628
793 398 24 31 0.016537836
32 317 65 93 0.016536655
31 75 109 153 0.016532958
110 0 74 82 0.016530078
593 25 257 298 0.016517969
723 0 132 96 0.016505968
0 0 28 40 0.016467618
144 413 15 14 0.016408375
928 33 96 169 0.016402634
270 312 78 109 0.016395945
137 256 48 59 0.01634103
0 107 56 108 0.016336758
0 229 22 62 0.01633507
151 15 13 19 0.016319955
689 35 117 149 0.01631287
37 257 21 25 0.01629143
859 427 130 122 0.016257599
832 270 20 33 0.016253535
0 158 43 72 0.016245004
66 40 74 93 0.016234368
797 179 7 13 0.016234115
123 158 71 92 0.01623126
24 0 109 80 0.016210353
140 0 22 22 0.01620395
152 22 13 20 0.016158592
786 400 15 23 0.016140703
641 148 32 40 0.016139688
27 250 7 11 0.016114961
855 0 48 43 0.016109738
166 74 19 24 0.016078794
633 178 7 13 0.016078101
373 187 25 38 0.016047508
859 228 137 150 0.0160254
91 225 26 35 0.016020726
304 0 111 75 0.015997903
844 346 61 77 0.015997691
933 321 91 163 0.015988244
522 19 128 149 0.015981514
103 133 73 95 0.01597338
770 165 14 27 0.015941473
13 259 44 65 0.015898367
795 200 20 40 0.015887778
853 503 44 46 0.015874073
781 169 8 11 0.015869478
93 503 56 46 0.015843369
69 94 32 50 0.015836343
379 2 132 165 0.015835186
136 438 129 111 0.015814042
45 251 10 14 0.015810704
873 283 141 174 0.015792392
416 226 44 55 0.015783953
351 0 92 61 0.015782747
99 239 11 14 0.015757432
973 355 51 94 0.01573492
171 246 9 15 0.015726855
438 331 20 39 0.015722265
137 0 128 95 0.015653007
747 488 73 61 0.015648168
133 80 16 26 0.015644444
137 44 9 12 0.015569506
45 348 79 99 0.015565558
222 0 72 53 0.015562555
53 233 67 87 0.0155178495
619 176 19 23 0.015513743
15 40 234 260 0.0154831745
808 371 39 52 0.015481962
394 463 14 20 0.0154774785
197 0 81 82 0.015461124
247 49 73 103 0.0154447965
293 394 76 96 0.015439449
95 207 105 136 0.015410475
648 436 131 113 0.015397691
391 470 10 14 0.015391184
469 310 40 54 0.01538558
161 223 85 102 0.015362266
0 278 89 155 0.01534874
34 260 12 12 0.015341454
259 0 114 76 0.015338168
965 20 59 120 0.015333069
764 241 72 94 0.015326535
139 58 114 149 0.015320636
151 195 16 22 0.015319061
822 272 65 88 0.01531525
30 258 10 13 0.0153138125
62 240 12 16 0.015285954
638 176 20 20 0.015275859
69 266 68 96 0.015266844
640 68 72 107 0.015247054
0 30 41 100 0.015243086
757 287 256 262 0.015238739
237 167 49 50 0.01523204
82 130 16 21 0.015224866
692 5 91 111 0.015219044
72 112 19 28 0.0152107505
434 506 10 14 0.015185543
423 40 123 161 0.015169826
973 240 51 88 0.015155485
727 285 54 70 0.015132205
124 352 28 35 0.015129155
130 502 57 47 0.0151172755
935 239 70 91 0.015115038
422 336 61 67 0.015111075
68 387 32 34 0.015101067
398 453 16 20 0.015099971
782 159 20 25 0.015097039
780 362 35 55 0.015091038
280 353 83 95 0.015089713
843 203 46 54 0.015078449
857 120 120 173 0.0150641585
420 214 25 36 0.015060747
119 82 76 98 0.015043175
176 5 123 156 0.015041357
751 382 42 52 0.015031237
259 387 36 40 0.015019694
477 228 41 57 0.015007918
913 311 47 51 0.014995696
897 491 72 58 0.014987432
634 267 66 98 0.014967873
3 39 74 117 0.01496596
819 415 15 16 0.014959141
1021 293 3 28 0.014953733
236 417 90 107 0.014945939
152 322 123 146 0.014941408
0 396 36 88 0.014935758
180 186 49 62 0.014921288
228 187 49 53 0.01491909
162 266 79 99 0.01491031
857 512 10 18 0.014895802
408 494 65 55 0.014891172
44 239 17 22 0.01488994
86 243 40 48 0.014877566
474 510 48 39 0.014873613
32 249 8 10 0.01485563
391 338 40 49 0.014844118
583 0 107 74 0.014843227
670 44 84 110 0.014843209
455 443 122 106 0.014820977
219 379 61 71 0.014812796
236 220 73 87 0.014765126
349 319 6 10 0.014753533
969 102 55 114 0.014737472
0 164 23 62 0.014713816
399 458 8 10 0.014706875
396 134 15 22 0.014696633
106 346 41 47 0.014696615
26 176 63 89 0.0146815535
626 181 11 14 0.01468054
98 274 48 67 0.014676761
297 50 118 155 0.01466389
826 0 103 74 0.014658594
110 234 28 30 0.014651646
23 92 72 95 0.014645147
150 80 20 25 0.0146087585
640 136 18 17 0.014605015
407 129 38 48 0.014598194
778 222 109 133 0.01458499
401 463 8 15 0.014576212
812 392 28 34 0.014559077
87 30 12 18 0.014531726
132 66 42 57 0.014527536
856 15 83 122 0.014507927
172 504 54 45 0.014506778
769 308 64 84 0.014504783
793 181 9 11 0.014495198
778 392 14 23 0.014486049
581 0 127 140 0.014473719
408 177 29 33 0.014452587
193 501 56 48 0.014450457
0 71 40 99 0.014450285
404 204 27 28 0.014445001
367 485 8 10 0.014443491
614 246 105 142 0.014443352
274 45 82 109 0.014439939
653 160 28 37 0.014436271
382 211 21 28 0.01443465
708 496 65 53 0.014426823
110 261 9 9 0.014420398
888 306 57 66 0.014403609
802 119 67 104 0.014402991
633 174 33 39 0.01440295
60 234 37 46 0.014402687
596 489 80 60 0.014396896
810 312 28 36 0.014385669
357 271 41 56 0.014367018
799 307 41 60 0.014352128
308 487 50 62 0.014344742
512 0 91 61 0.014342977
716 0 84 75 0.014331195
0 262 22 63 0.014322729
891 16 90 126 0.014312197
988 329 36 63 0.014299273
818 411 21 26 0.014293861
680 0 73 55 0.014292857
853 147 78 101 0.014279456
254 96 124 146 0.014278184
109 205 43 51 0.014273455
205 417 12 14 0.014267537
135 10 35 50 0.014264708
100 245 17 22 0.014260587
772 162 26 37 0.014250677
389 144 15 20 0.014245678
976 412 48 109 0.014234818
91 40 11 13 0.014230805
331 424 128 125 0.014207412
133 0 38 35 0.014192909
670 227 40 41 0.014192244
445 495 67 54 0.0141916
610 170 219 304 0.014187158
189 127 67 93 0.014177574
784 377 18 30 0.0141710965
187 352 74 83 0.014164143
122 302 48 67 0.014144961
266 398 14 17 0.014138885
76 80 152 163 0.014123629
778 0 108 72 0.014122082
827 237 28 25 0.014112946
150 37 18 28 0.014109001
0 197 33 91 0.0140996855
104 398 65 74 0.014098667
817 209 28 30 0.014095804
449 160 25 47 0.014090259
53 268 8 9 0.014087913
29 259 6 9 0.014066367
368 151 35 57 0.014057424
154 259 47 62 0.014054405
466 175 60 83 0.014039186
560 0 73 56 0.014039152
280 328 123 147 0.01402012
426 203 49 63 0.014015904
75 387 62 71 0.014011156
430 213 20 28 0.014009546
162 247 26 39 0.014008161
24 270 68 100 0.013993002
212 372 23 35 0.013983453
152 0 38 44 0.013970464
368 95 72 99 0.013967999
987 485 26 37 0.013959226
74 131 8 10 0.013957131
833 466 87 83 0.013954472
829 504 50 45 0.013940716
309 462 10 12 0.013921543
792 181 81 101 0.013911505
0 524 25 25 0.013904696
630 0 89 59 0.013897444
951 0 49 48 0.013884111
52 60 65 90 0.013876595
440 252 24 33 0.013875339
204 477 13 17 0.013862811
390 267 50 63 0.013844147
325 185 75 95 0.013835754
41 239 34 43 0.013831931
185 0 69 54 0.013819471
790 173 11 13 0.013810973
835 105 76 115 0.013807299
105 256 18 16 0.013801746
912 136 86 115 0.013801504
701 241 13 26 0.013788918
630 164 54 67 0.013762697
0 119 32 83 0.0137583045
248 331 60 88 0.013745712
552 491 13 16 0.013741855
948 268 46 61 0.013734849
76 129 187 206 0.013732892
453 164 114 161 0.013700972
789 147 62 86 0.013688393
88 104 33 40 0.013682738
136 218 70 84 0.013679673
343 497 11 14 0.013664961
792 156 9 10 0.013659164
557 422 12 13 0.0136506865
822 216 62 76 0.013648567
146 222 37 46 0.013647889
631 168 10 17 0.013638065
713 468 86 81 0.013637143
565 86 42 58 0.013637041
775 165 12 17 0.013630432
982 283 42 71 0.013614948
605 291 67 87 0.013614814
399 224 36 38 0.01361456
987 399 37 75 0.01360638
874 56 150 213 0.013601673
442 295 44 54 0.013571798
343 21 103 132 0.013571357
32 227 56 72 0.0135653075
1010 531 14 18 0.0135342935
876 61 83 118 0.0135210445
252 0 279 205 0.013519939
794 166 10 14 0.0135186035
637 171 72 92 0.013517339
854 444 9 12 0.013515692
459 259 43 53 0.013512063
395 200 20 25 0.013509298
503 518 46 31 0.013497766
584 503 57 46 0.013497557
6 222 77 111 0.013490142
114 172 51 64 0.0134782
744 263 38 62 0.013476467
860 0 29 26 0.013475208
396 514 43 35 0.013473249
823 314 62 84 0.013465524
898 0 48 53 0.0134537155
0 429 36 90 0.0134408325
59 17 113 136 0.013435712
649 177 24 27 0.013413376
13 0 51 48 0.013409135
748 367 17 19 0.013402497
670 511 49 38 0.013396816
927 321 46 57 0.013379983
639 317 62 74 0.013378914
158 306 80 100 0.013354541
156 47 12 20 0.013348973
397 64 78 115 0.0133471275
190 294 25 33 0.013345831
692 511 48 38 0.013321731
435 25 92 115 0.01330808
302 0 73 54 0.013300912
809 266 38 55 0.01326984
0 303 28 75 0.01326109
431 508 16 22 0.013260282
644 135 19 25 0.013258262
203 135 10 18 0.013255806
414 246 47 60 0.01324748
568 433 69 100 0.013245328
775 527 36 22 0.013218224
650 236 49 59 0.013207658
171 80 12 13 0.013201554
347 404 60 78 0.013189971
472 176 41 53 0.013189825
145 1 68 77 0.013149706
622 216 21 24 0.0131482035
636 197 42 50 0.013138953
358 223 39 54 0.013137998
437 156 71 96 0.013130418
800 221 63 79 0.013127061
111 124 50 60 0.013126053
772 317 119 150 0.013117447
246 434 39 45 0.013116055
551 418 17 20 0.01311371
816 443 27 25 0.013109603
851 285 50 62 0.013107765
148 78 61 83 0.013101125
780 173 8 12 0.013095978
651 355 44 59 0.013081559
761 358 62 77 0.01307172
928 512 48 37 0.013057376
374 306 49 65 0.0130444635
863 369 47 58 0.013036134
49 272 10 10 0.013031785
0 365 50 96 0.013029394
371 203 27 34 0.013007556
663 199 50 59 0.013002267
467 475 69 74 0.012995942
146 22 21 33 0.012962873
822 388 20 31 0.012962227
457 230 45 60 0.012961629
544 52 72 98 0.012960734
0 425 24 62 0.01295391
59 266 40 53 0.012941062
434 508 46 41 0.01293442
31 17 89 110 0.012911486
894 95 85 120 0.012909765
362 495 65 54 0.012896279
613 173 10 15 0.012885795
420 131 110 155 0.012878146
75 165 51 73 0.012878048
79 126 11 13 0.012842853
1015 280 9 36 0.012839195
637 109 36 52 0.0128331
61 106 36 49 0.012826306
440 110 70 100 0.012825777
648 0 278 197 0.012818179
607 308 41 61 0.012808339
1022 302 2 23 0.012798621
44 257 9 11 0.012793997
94 0 31 27 0.012782793
103 216 28 39 0.012771217
127 255 39 44 0.012750995
806 338 40 61 0.012748124
494 323 44 57 0.012742739
804 206 26 34 0.012737735
90 29 21 24 0.012734142
990 207 34 67 0.012732994
1005 0 19 26 0.01272749
687 285 7 9 0.012726095
770 26 234 301 0.012722748
777 173 35 50 0.012711894
474 192 72 102 0.012707721
352 336 96 122 0.012694668
761 235 44 55 0.012679973
373 446 9 14 0.012673529
21 130 68 98 0.012658711
695 389 125 154 0.0126549285
275 223 80 98 0.012650114
84 84 30 39 0.012619911
412 147 28 38 0.012608514
528 490 63 59 0.012608275
827 396 12 19 0.012602428
892 8 43 68 0.012585756
467 332 54 70 0.012582073
656 109 41 57 0.01258074
126 413 68 82 0.012574385
462 281 34 48 0.012569202
672 341 60 63 0.012568735
874 356 68 81 0.012564846
0 25 24 66 0.012564821
373 249 46 60 0.012561453
42 255 13 19 0.01256022
870 321 51 60 0.0125588
371 481 8 11 0.012550812
491 4 91 112 0.012550393
832 253 39 53 0.0125437165
410 357 47 58 0.012534849
246 498 61 51 0.012526893
545 455 27 34 0.01252262
50 0 65 59 0.012520025
939 276 35 53 0.012507262
827 340 10 14 0.012501149
504 275 65 89 0.012498645
988 141 36 74 0.012491276
879 413 7 12 0.01248862
422 371 67 83 0.012468457
131 120 62 78 0.012460341
130 39 17 20 0.012456272
26 429 71 92 0.012446519
316 18 86 120 0.01243699
129 95 37 56 0.012425879
68 127 30 48 0.012423162
458 77 76 113 0.012420836
676 96 234 301 0.012409793
630 307 52 65 0.012406847
897 354 72 88 0.012402397
788 157 9 9 0.012386736
523 226 74 105 0.012383918
350 243 59 79 0.012380061
457 173 41 51 0.0123725245
913 460 77 89 0.012372016
426 419 64 81 0.0123662185
78 355 82 95 0.012351081
51 306 58 82 0.012332669
299 296 63 84 0.0123256305
724 313 13 35 0.012320513
88 43 7 12 0.012315727
583 256 73 99 0.012314959
248 0 60 43 0.012312806
657 468 75 81 0.012311129
348 102 110 137 0.012310079
85 346 49 58 0.012292667
32 261 9 12 0.012289089
459 209 43 54 0.0122864405
822 244 61 82 0.012286305
196 135 44 59 0.012284673
476 340 79 98 0.012282884
501 62 119 161 0.012281267
47 155 62 91 0.01228123
348 115 65 92 0.012274536
799 173 13 18 0.01227338
167 125 60 86 0.012271634
836 194 76 99 0.0122679975
0 66 24 66 0.012267959
388 129 31 38 0.01226498
769 396 126 153 0.01226114
226 466 46 61 0.012253778
641 232 13 24 0.012245136
598 291 247 258 0.012244824
608 399 132 150 0.012242944
203 371 24 33 0.0122391805
79 331 42 60 0.012233593
441 0 74 57 0.01221989
208 230 60 75 0.0122190835
120 306 74 93 0.012214551
75 309 49 64 0.0122119095
0 184 19 32 0.012207194
931 0 48 50 0.012203072
388 464 15 19 0.012202197
851 509 17 27 0.01220138
806 289 39 56 0.012192757
879 453 72 94 0.012182325
262 170 56 64 0.01218203
61 357 120 144 0.012181457
192 484 38 50 0.012179626
57 370 22 25 0.01216954
855 504 23 30 0.012166864
718 240 70 93 0.012160919
37 263 11 12 0.012147035
389 237 53 61 0.012145079
939 171 69 92 0.012122731
650 157 20 25 0.012116703
335 226 40 53 0.01211477
627 113 60 86 0.012114551
390 457 16 21 0.012109344
93 91 31 40 0.01209298
411 162 31 40 0.012089999
0 106 24 67 0.012081078
109 239 12 17 0.012077579
780 156 19 18 0.012073129
883 391 18 26 0.012072402
406 455 19 22 0.012069993
743 338 64 85 0.012065986
637 391 10 16 0.012054769
157 72 38 50 0.012054038
801 170 8 16 0.012047588
760 0 134 164 0.012044929
35 182 105 140 0.012031143
141 411 12 16 0.012030111
0 187 21 61 0.012023448
336 536 9 12 0.012019928
29 280 112 151 0.012015426
500 160 78 108 0.012014074
981 378 9 9 0.0120120235
36 249 7 9 0.012010659
976 72 48 99 0.012009432
677 413 74 90 0.0120045105
779 167 7 11 0.012002433
779 161 9 15 0.011999919
17 340 39 65 0.011989741
918 487 14 17 0.011986214
224 21 78 107 0.011983717
789 388 16 25 0.011982084
347 353 62 81 0.011974768
388 366 10 21 0.011973451
322 79 74 108 0.011970308
426 458 15 18 0.011964839
84 35 6 12 0.011960836
356 508 45 41 0.011957651
704 213 116 151 0.011953437
147 77 12 25 0.011952531
79 55 46 59 0.011941897
37 236 17 22 0.011941453
793 184 12 19 0.011941248
326 135 66 90 0.011938299
622 212 39 50 0.011938287
786 215 24 28 0.011926201
169 70 31 38 0.011925524
272 151 49 61 0.011917702
824 274 22 30 0.0119082555
636 425 82 102 0.011905543
517 511 49 38 0.011896036
723 313 7 9 0.011895237
110 261 15 16 0.011886154
770 534 18 15 0.011885841
271 107 35 47 0.011882348
782 379 13 24 0.01188066
567 399 64 85 0.011877992
71 67 40 60 0.011872666
50 263 10 12 0.011870107
414 203 21 22 0.011863728
296 298 41 48 0.011862937
719 304 44 56 0.011858688
703 128 69 95 0.011857491
0 0 16 25 0.011856859
404 214 28 31 0.011850158
328 503 19 24 0.011838794
503 440 117 109 0.011838194
375 345 45 54 0.011837211
382 398 65 81 0.011836516
134 79 50 69 0.011833436
218 244 75 90 0.011818102
498 518 14 17 0.011816063
273 224 46 58 0.01181478
189 290 42 58 0.01181295
648 261 48 67 0.011803916
1019 301 5 33 0.0117956
797 397 40 41 0.011790741
300 140 116 139 0.01178987
431 206 18 24 0.011777396
349 252 12 18 0.011771578
473 476 37 43 0.011768316
940 294 39 55 0.011757859
355 307 45 64 0.011755604
639 215 134 181 0.0117491465
1019 539 5 10 0.011748939
212 168 47 59 0.01174154
777 186 44 57 0.0117410105
39 264 39 53 0.011739907
754 413 21 27 0.011739415
119 17 29 35 0.011738399
52 204 59 76 0.011734351
441 348 21 38 0.011729653
623 174 29 41 0.011729505
394 180 25 32 0.01172242
615 314 114 148 0.011719166
940 194 44 64 0.011708862
204 114 41 52 0.011706561
165 282 47 53 0.011705882
830 397 13 25 0.011701678
104 81 32 37 0.011682054
788 178 12 11 0.011678357
831 0 52 53 0.011669368
700 84 74 100 0.011668795
444 183 14 28 0.011668366
142 425 77 96 0.011657906
326 379 65 88 0.011657315
674 351 40 42 0.0116479155
486 280 31 45 0.011638825
414 359 120 159 0.011627333
76 85 27 40 0.011619472
521 139 80 110 0.011617823
136 88 23 41 0.011606803
391 459 90 90 0.011598566
823 174 114 151 0.011596751
47 250 7 10 0.011594843
17 215 41 56 0.011592329
499 0 285 191 0.0115765715
623 195 37 47 0.011574648
305 176 62 83 0.011567219
402 190 30 32 0.011562927
437 184 38 52 0.011550326
860 434 70 95 0.011546854
157 108 45 62 0.011533407
730 56 78 104 0.01152483
759 0 72 63 0.011516134
725 311 25 42 0.011504322
233 0 49 34 0.011502163
260 261 102 133 0.011501196
151 20 98 129 0.011495747
687 274 67 92 0.011493288
839 44 75 115 0.011492301
900 391 77 105 0.01148838
641 213 23 38 0.011485164
761 438 70 87 0.011470987
659 63 63 80 0.011467663
89 35 8 12 0.01145292
0 379 28 74 0.011445985
600 0 54 56 0.011440285
135 39 27 52 0.011439747
400 209 20 25 0.0114172455
53 281 54 73 0.011415855
666 0 60 45 0.0114153465
438 506 8 12 0.011413461
640 392 74 91 0.011413183
149 42 59 78 0.0114093395
876 160 78 105 0.011408528
929 57 47 64 0.0114052305
211 198 10 19 0.011401686
696 220 21 39 0.011374734
833 308 43 58 0.0113641275
198 431 83 103 0.011360589
193 365 45 56 0.011353619
58 192 41 56 0.011351671
288 0 60 43 0.011351135
451 77 57 77 0.011346757
331 259 58 81 0.011346439
326 233 58 79 0.011327089
357 339 7 9 0.011319191
936 422 76 111 0.011316237
463 371 69 83 0.011308915
802 378 57 70 0.011302329
798 162 201 229 0.011299553
631 188 31 39 0.011293269
112 401 20 31 0.011291567
147 198 57 72 0.011291294
888 345 48 54 0.011287406
161 25 6 10 0.011278655
72 122 11 16 0.011277829
212 0 50 35 0.011277799
424 210 18 22 0.01127133
832 251 21 37 0.011270777
623 157 37 47 0.011265468
117 250 33 38 0.011260744
855 214 27 37 0.011260001
503 206 71 99 0.01125968
733 386 61 74 0.01125788
305 54 69 90 0.011257428
374 219 30 42 0.011257253
420 181 26 36 0.011256863
332 503 46 46 0.011251988
173 324 46 50 0.011251215
821 431 70 89 0.011248112
705 40 61 77 0.0112460125
632 179 11 18 0.011245359
402 27 73 99 0.0112441825
744 359 35 39 0.011241796
697 324 122 151 0.011240256
919 75 47 65 0.01123826
403 456 6 10 0.01123205
327 414 64 83 0.011226263
951 14 45 66 0.011221155
761 259 48 58 0.01122106
231 61 62 82 0.011215423
476 99 80 112 0.011205115
836 367 49 58 0.0112010185
1015 307 9 36 0.011199328
127 211 45 52 0.011197615
159 46 10 12 0.011191824
272 497 59 52 0.011184665
678 354 24 27 0.011184015
148 138 65 87 0.011172289
78 285 44 58 0.011161389
79 119 11 13 0.011160682
309 172 40 57 0.011152239
305 204 112 147 0.011146792
210 455 8 10 0.0111450665
75 36 32 44 0.011141739
617 168 20 22 0.011141193
940 35 45 66 0.011135766
509 440 63 84 0.011134405
637 202 31 28 0.011133797
158 377 87 104 0.011130678
465 132 42 64 0.011125481
444 434 64 80 0.011123454
648 76 42 65 0.011118182
602 62 79 106 0.011102021
930 176 46 64 0.011100355
211 270 48 57 0.011098123
116 28 76 101 0.011093928
591 280 106 139 0.011092292
659 356 128 155 0.011066143
865 262 41 60 0.011064426
828 127 49 72 0.011057191
680 241 240 304 0.011053509
824 0 23 32 0.011053078
10 129 177 233 0.011051196
224 495 48 54 0.011046053
40 377 55 62 0.011044029
55 267 9 12 0.011038886
695 118 114 152 0.011038766
70 519 42 30 0.011030994
832 346 48 61 0.011029536
411 133 27 27 0.011026647
97 415 45 60 0.0110203605
384 197 15 23 0.011016531
470 334 29 35 0.011014772
950 510 49 39 0.011012404
371 394 125 155 0.011012167
697 393 71 86 0.011001632
410 437 62 80 0.010999886
264 106 69 92 0.010997551
91 251 9 13 0.010995916
827 324 100 123 0.010995131
145 258 27 35 0.010989889
951 216 42 56 0.0109879235
806 416 29 25 0.010987769
799 401 16 20 0.010987081
365 378 66 84 0.010984348
747 313 59 75 0.010970214
854 192 32 45 0.010969547
699 354 68 75 0.010968484
958 148 66 99 0.010964957
32 514 21 22 0.010964242
205 398 82 100 0.010957336
45 247 7 10 0.010949205
49 360 25 28 0.010940863
658 249 66 93 0.01093814
976 363 44 44 0.010934881
28 0 58 54 0.010922234
904 288 46 56 0.010921723
121 381 68 79 0.01090965
72 355 42 52 0.010899546
454 319 35 43 0.01089708
335 0 280 273 0.010893964
909 343 47 55 0.010893737
660 174 34 42 0.01088461
135 148 52 66 0.010880253
493 247 44 61 0.0108742565
36 528 26 21 0.010869227
390 354 18 30 0.010858372
120 447 79 101 0.010855603
455 314 121 152 0.010852017
795 167 36 52 0.01085044
366 418 60 77 0.010849192
750 0 18 13 0.010839676
1002 521 22 28 0.010834325
483 391 66 85 0.010829996
40 345 39 60 0.010823594
55 237 15 22 0.0108195925
824 233 25 21 0.0108087575
168 206 9 11 0.010808223
30 453 42 57 0.01080489
174 133 39 50 0.010801526
486 157 15 19 0.010801284
96 393 124 153 0.010796809
644 161 16 21 0.010784459
431 367 47 55 0.010783808
0 466 23 60 0.010771355
580 383 65 79 0.010764328
883 22 39 65 0.010758144
558 272 76 99 0.010755571
728 357 125 153 0.010755032
569 460 20 35 0.010754913
920 48 74 102 0.010754894
733 364 34 37 0.010754471
882 129 68 93 0.01075413
55 138 52 72 0.010753597
737 272 121 149 0.010752918
750 364 39 49 0.010750209
465 410 66 84 0.010749059
817 394 128 155 0.0107475305
213 420 16 14 0.010745849
942 334 69 87 0.010743276
408 378 55 70 0.01074218
277 205 38 52 0.01074119
500 89 74 95 0.010740579
215 135 50 68 0.010734657
616 371 42 50 0.010730684
561 467 38 68 0.010727429
80 156 36 43 0.010723936
0 365 88 143 0.010720143
420 2 57 62 0.010719277
153 82 13 18 0.010719163
91 38 8 10 0.01071479
850 446 13 14 0.010709487
701 311 65 78 0.010708241
6 395 62 88 0.010705009
608 325 67 83 0.010700768
399 138 9 15 0.0106932
702 169 69 91 0.010692234
791 456 47 56 0.0106897615
47 261 10 12 0.010687116
427 452 62 80 0.010685111
605 231 72 100 0.010684108
147 280 47 53 0.010683585
881 147 45 62 0.010683238
124 387 16 17 0.010681959
880 504 11 15 0.01068164
97 253 18 20 0.010679699
172 77 9 11 0.010669417
1019 0 5 14 0.010664944
735 0 19 13 0.010663685
793 383 27 32 0.010663079
306 459 32 39 0.0106606195
909 95 47 65 0.0106594525
832 232 15 14 0.010657989
620 2 53 61 0.010657048
658 97 72 106 0.010655484
150 2 12 16 0.010654727
244 467 46 58 0.01065284
801 415 67 82 0.010651625
151 426 52 61 0.0106514525
300 504 41 45 0.010649921
93 245 12 20 0.010648132
335 535 7 10 0.01064247
560 427 8 11 0.010639887
160 82 11 11 0.010632828
77 132 8 9 0.010632516
783 171 9 10 0.010630146
848 327 46 59 0.010629597
154 0 10 11 0.010629277
25 525 27 24 0.010627623
357 346 43 55 0.010623392
848 2 45 68 0.010621261
777 174 10 15 0.010618947
776 464 67 78 0.010616161
741 218 67 85 0.010606734
275 350 50 64 0.010605683
839 412 67 91 0.010604214
106 425 72 95 0.010601438
175 80 14 19 0.010601291
777 210 14 14 0.0106009105
370 181 22 34 0.010599832
820 350 34 51 0.010598157
420 98 67 93 0.010597532
40 522 40 27 0.01059255
863 112 67 92 0.010591758
301 107 73 104 0.010588493
672 198 71 80 0.010586427
858 383 67 90 0.0105823595
502 528 32 21 0.010577503
81 39 13 17 0.010572314
306 341 56 77 0.010564027
828 383 21 34 0.010563651
737 134 111 141 0.010559761
196 387 27 30 0.01055924
449 152 46 61 0.01055799
26 253 18 28 0.010553925
647 122 37 51 0.01054991
497 149 119 172 0.010548177
242 363 48 67 0.010542819
720 0 19 13 0.010540356
380 173 27 35 0.010539444
28 392 67 83 0.010538577
506 0 61 45 0.010538472
430 60 59 75 0.01053587
770 0 19 14 0.0105289575
84 233 11 17 0.010520653
29 263 10 16 0.010518869
383 183 17 31 0.010512474
783 0 60 44 0.010504086
795 159 15 26 0.0104961
329 294 62 90 0.010496054
499 50 74 97 0.0104937125
872 0 38 30 0.010487328
873 299 23 39 0.010484991
781 208 24 28 0.010483961
463 532 27 17 0.010482056
742 308 49 50 0.010478036
46 252 13 18 0.010477147
660 213 33 39 0.01047677
757 154 40 53 0.010476605
470 51 47 61 0.010473484
383 139 14 17 0.010471757
760 157 74 93 0.010471567
767 198 61 75 0.010471118
172 4 55 63 0.010456738
1016 0 8 26 0.010453097
680 369 70 87 0.01044572
877 282 51 59 0.010443228
411 494 12 17 0.010438451
160 0 26 26 0.010433232
947 165 47 64 0.010432347
745 411 64 81 0.010431793
741 0 54 52 0.010431609
543 413 22 27 0.010429258
642 139 59 84 0.010427538
490 0 52 52 0.010422141
624 378 15 18 0.010414775
454 184 22 34 0.010408622
818 407 17 20 0.010406381
161 58 65 85 0.010405699
462 130 68 96 0.010402142
836 267 26 31 0.010401927
569 516 48 33 0.0103947865
285 265 65 79 0.010392277
881 378 26 45 0.010386448
142 47 30 51 0.0103838835
592 413 79 98 0.010382493
122 381 26 26 0.010381822
397 288 46 62 0.010379642
328 334 62 84 0.010377725
664 301 63 81 0.010377705
429 468 15 22 0.010373999
912 185 44 60 0.010373064
237 291 46 45 0.010365767
140 380 30 31 0.010361915
109 393 46 52 0.010356005
646 234 27 30 0.010354318
381 48 71 97 0.010352186
611 267 50 70 0.010347024
659 265 29 32 0.010343531
760 0 19 13 0.010341461
633 364 11 15 0.0103371125
213 104 52 71 0.010332293
31 264 7 9 0.010330159
55 386 35 41 0.010329953
927 232 49 63 0.010329648
48 267 11 12 0.01032436
56 0 48 33 0.0103229415
789 0 180 129 0.010318671
633 239 51 66 0.010314901
0 538 9 11 0.010312097
686 18 60 78 0.010311181
198 223 49 62 0.010307292
817 82 120 174 0.010306226
818 326 23 35 0.0103045795
101 102 31 36 0.010304295
889 125 47 66 0.010302422
550 84 73 102 0.010299436
424 506 27 33 0.010297506
154 27 9 13 0.010293987
804 0 58 53 0.010292421
448 199 39 48 0.010284301
939 74 47 66 0.010283188
624 0 187 128 0.010275914
89 234 17 28 0.010275732
41 218 38 50 0.0102730375
723 0 47 43 0.010271747
795 0 18 14 0.010271014
69 408 67 86 0.010270956
227 94 67 93 0.010266962
390 86 53 75 0.010266637
273 0 49 34 0.01026432
898 249 49 57 0.010260053
391 430 43 53 0.010254872
392 383 85 109 0.010254745
263 257 68 80 0.010251609
996 267 28 57 0.010250545
720 433 70 91 0.0102494145
623 348 67 81 0.010249404
790 161 12 16 0.010249178
274 56 44 65 0.010245614
527 423 59 81 0.01024435
208 194 10 14 0.010242769
444 393 68 83 0.01023913
118 359 41 48 0.010238573
891 174 44 61 0.010238489
660 173 15 23 0.010238145
82 451 78 97 0.010234333
615 345 46 55 0.010232108
99 186 14 17 0.010229976
922 489 13 19 0.010226751
636 392 6 11 0.0102184415
905 158 58 75 0.010218146
688 97 56 71 0.010217742
476 27 76 103 0.010217121
433 483 7 11 0.0102135865
787 369 20 31 0.010213345
472 207 15 19 0.010211809
685 481 60 68 0.010209975
924 338 56 67 0.010206434
190 64 239 251 0.0102063855
448 221 43 51 0.010203109
511 436 15 13 0.0102014635
262 392 22 27 0.010193136
780 0 19 13 0.010189955
501 371 66 82 0.010174984
491 463 59 75 0.010167505
128 0 26 21 0.010166708
614 174 17 20 0.010166084
617 203 60 73 0.010164395
514 268 46 63 0.010163663
0 286 5 12 0.010163225
349 314 252 235 0.010161633
1022 0 2 9 0.010157615
778 98 113 155 0.010156413
776 210 37 47 0.010155039
348 0 60 44 0.010153848
602 376 67 80 0.010151713
836 235 33 22 0.010151672
405 446 8 10 0.010150459
700 0 19 13 0.010147117
103 186 37 52 0.010144047
237 445 45 55 0.010142245
766 359 36 52 0.010141427
239 137 9 17 0.01013301
408 355 9 12 0.0101304585
494 241 116 155 0.010129222
453 501 7 10 0.010128186
472 144 83 112 0.01012707
146 188 14 18 0.010124883
51 269 11 14 0.010121205
399 464 8 11 0.010119792
524 71 75 94 0.010118079
165 415 14 14 0.010116427
767 467 47 56 0.010105713
106 120 26 35 0.0101046255
812 407 40 49 0.010095026
51 455 43 57 0.010094164
386 122 22 27 0.010093103
167 249 11 14 0.010092626
741 357 24 27 0.01009106
216 347 57 71 0.01007322
400 1 54 59 0.010073031
504 116 45 61 0.01005733
123 321 30 46 0.010056272
825 394 67 82 0.010054709
710 0 19 13 0.010052018
129 284 52 65 0.0100479955
572 39 44 63 0.010047087
763 220 41 47 0.010045825
344 235 24 35 0.010043679
386 133 14 17 0.010037427
92 46 46 58 0.01003507
860 514 13 18 0.010034944
864 184 53 64 0.010034471
704 216 17 32 0.0100294165
37 287 45 60 0.010027821
820 240 24 21 0.010023014
126 26 26 36 0.01002231
110 0 24 19 0.010018515
146 378 66 80 0.010017854
13 191 42 52 0.010008167
209 396 16 22 0.010007151
448 361 54 67 0.010002893
88 43 11 17 0.010001596
72 468 44 55 0.010000852