9_Press_Conference_Press_Conference_9_595
263
251 161 327 438 0.860859
842 540 182 379 0.07251961
906 583 118 249 0.051218405
278 36 286 389 0.04813125
739 0 285 511 0.047807276
36 700 329 231 0.040746663
842 0 182 187 0.038655818
0 652 183 279 0.037014414
458 195 357 452 0.036262706
803 213 221 417 0.0359431
340 359 230 267 0.03574267
0 0 188 245 0.033798024
810 380 214 433 0.033463705
93 10 382 498 0.031826362
584 640 370 291 0.03062809
0 0 121 158 0.029755719
247 645 372 286 0.029268619
184 0 303 246 0.027582739
754 691 265 240 0.027354099
588 0 367 263 0.027162887
173 730 265 201 0.027081128
534 721 254 210 0.02551693
346 0 366 284 0.024922298
902 797 122 134 0.024917092
92 0 247 165 0.024882594
301 0 252 200 0.0246815
0 186 191 464 0.0246563
613 102 377 496 0.024456227
637 0 247 153 0.023942832
0 76 298 458 0.02373936
185 301 275 312 0.02358329
397 679 313 252 0.023109509
617 0 131 78 0.022642087
0 415 170 467 0.022569291
513 0 288 176 0.022524333
459 430 140 188 0.02218525
460 2 381 493 0.022183158
1007 0 17 16 0.021938577
903 0 121 89 0.021914275
0 0 52 61 0.021791449
165 322 370 466 0.021732913
0 375 116 319 0.021332469
135 551 361 380 0.02109141
330 362 367 455 0.020825746
379 147 230 353 0.020814195
416 0 244 159 0.02068418
888 450 136 303 0.020536179
487 550 350 381 0.019947764
0 151 130 332 0.01927529
0 0 80 100 0.019096846
695 153 56 91 0.018888948
99 352 264 319 0.018824462
606 403 355 444 0.018631354
525 168 235 326 0.018593842
406 481 148 176 0.018408468
343 126 177 230 0.01838961
953 0 71 64 0.018025126
692 360 296 321 0.018023241
548 375 217 295 0.017546184
702 785 233 146 0.017411858
0 0 34 40 0.017349502
233 86 223 293 0.017347576
649 274 256 331 0.017240278
546 487 225 295 0.016935445
958 647 66 145 0.016764892
0 796 108 135 0.016655775
1018 0 6 9 0.016553089
255 269 189 244 0.016188001
293 64 169 203 0.016076379
0 836 69 95 0.01607469
898 302 126 264 0.01558514
45 412 359 450 0.015519958
788 825 156 106 0.015451441
807 628 175 230 0.015420611
940 684 84 186 0.015183175
965 877 59 54 0.0151555855
220 417 253 275 0.015135564
472 343 203 275 0.0150613105
426 0 14 9 0.014922447
997 0 27 24 0.014825199
299 0 114 75 0.014538691
314 769 226 162 0.01444967
544 0 14 9 0.014383374
433 499 207 259 0.014350781
280 0 172 123 0.014320622
5 0 15 10 0.014206587
20 361 238 316 0.014154219
620 821 163 110 0.014136201
648 59 271 345 0.014054993
457 0 115 75 0.014015797
0 0 9 9 0.013859979
0 0 12 16 0.013851099
996 908 28 23 0.013827477
18 777 230 154 0.01378028
572 0 123 73 0.01375777
657 0 169 94 0.013620376
95 220 223 324 0.013529812
537 0 15 9 0.013456012
489 453 200 253 0.013406686
1005 919 19 12 0.013388968
281 809 165 122 0.013367405
675 833 167 98 0.013238339
399 292 204 275 0.01319631
912 653 96 129 0.013184646
754 0 14 9 0.01316844
777 0 204 123 0.013140832
345 0 112 72 0.013069319
109 795 214 136 0.013038473
725 0 16 10 0.012976529
956 606 68 112 0.012928609
747 0 14 9 0.012909992
13 0 53 41 0.012899879
405 0 14 10 0.012882548
0 451 70 175 0.012787474
969 0 26 18 0.012779816
495 0 24 18 0.012765201
182 138 198 271 0.012752387
79 0 113 73 0.012741095
502 0 199 124 0.012690887
903 200 121 268 0.012680072
689 0 15 10 0.01261752
397 72 163 213 0.012552634
803 0 49 30 0.012512615
811 0 14 9 0.012457498
594 0 29 17 0.012422523
673 0 13 9 0.012411915
689 0 27 18 0.01239836
466 826 149 105 0.012304449
48 449 141 183 0.01227635
524 825 150 106 0.01227149
419 1 51 36 0.012219424
32 0 106 71 0.0121441865
741 0 14 9 0.012022019
829 0 14 9 0.012016331
12 0 15 9 0.01200855
206 285 141 193 0.011993894
53 2 271 334 0.0119721675
0 512 104 258 0.011912168
760 0 14 9 0.011876381
732 0 15 9 0.0118746
728 389 175 197 0.01184987
725 0 114 75 0.011849143
561 0 27 21 0.011830719
406 0 105 69 0.011768762
853 0 14 9 0.011756065
596 0 14 9 0.01175417
931 586 90 81 0.011666615
530 0 15 9 0.011611457
0 0 20 25 0.0115635265
684 0 14 10 0.011560235
19 0 15 9 0.011553069
309 0 59 37 0.011550199
388 0 84 56 0.011535889
1019 802 5 19 0.011467286
786 377 184 226 0.011410901
26 0 15 9 0.011397824
509 0 115 74 0.011365978
822 0 14 9 0.011358379
931 484 93 185 0.011344257
320 481 227 276 0.0113200685
0 87 98 268 0.011290869
485 564 216 262 0.0112781
357 825 150 106 0.011273393
249 0 109 68 0.011268024
344 0 171 115 0.011259203
0 461 7 18 0.011221824
358 0 29 19 0.011137458
823 0 29 21 0.011135578
695 0 15 9 0.011133593
555 0 14 9 0.011116947
0 329 85 221 0.011097558
175 0 14 10 0.011039613
842 0 118 71 0.011014036
754 7 162 181 0.011007385
682 336 157 200 0.010999993
791 0 14 10 0.010981493
67 487 163 201 0.010973248
375 0 14 9 0.010952829
334 0 60 37 0.010951619
528 756 74 87 0.010894507
497 0 14 11 0.010892018
806 0 14 9 0.010879576
331 0 28 18 0.0108702965
525 500 132 171 0.010865986
661 633 197 239 0.010848384
0 526 6 18 0.010830468
0 878 34 53 0.010828171
478 154 200 280 0.010801844
0 605 8 20 0.0108002415
302 184 181 239 0.0107669
162 0 27 18 0.010760529
96 0 54 41 0.010755114
0 489 24 51 0.01071388
459 0 55 41 0.010703998
32 0 15 9 0.010681547
835 0 14 9 0.010630232
68 0 54 41 0.0106264865
775 0 70 45 0.010625592
679 0 26 17 0.010622332
23 0 166 110 0.010614266
205 771 148 160 0.010608307
601 0 16 9 0.010606676
974 0 14 9 0.010605067
0 560 66 171 0.010561328
61 180 191 293 0.01056106
471 552 134 171 0.010542388
919 0 28 17 0.010536607
868 68 156 326 0.010516752
664 420 198 227 0.010482501
734 3 130 131 0.010463167
718 476 213 233 0.010451547
775 0 14 9 0.010450387
667 0 14 9 0.010446255
862 857 115 74 0.010434855
0 535 7 19 0.010424616
981 0 27 17 0.0104097845
974 0 50 37 0.010394809
243 0 14 9 0.010376181
947 0 27 18 0.01037531
381 0 15 9 0.0103576295
905 0 57 37 0.010353875
144 285 133 189 0.010351825
737 712 157 201 0.010348742
128 0 26 21 0.010336231
978 0 18 12 0.010336137
540 388 123 189 0.010311876
781 0 14 9 0.010304986
355 0 14 10 0.0102866925
589 0 13 9 0.010268794
189 0 177 120 0.010267412
476 0 75 48 0.010240618
601 561 215 264 0.010231246
605 0 30 17 0.010231208
768 0 14 9 0.010230058
0 130 62 173 0.010227961
345 0 28 18 0.010227284
0 452 6 18 0.010223658
583 0 52 33 0.010216631
0 510 7 19 0.01020967
0 905 24 26 0.010206188
0 542 13 35 0.010195742
212 0 14 9 0.01019531
781 0 108 70 0.010193202
732 275 171 214 0.010171145
683 0 82 54 0.010157574
562 0 13 9 0.01013351
846 0 15 9 0.010128808
46 0 15 9 0.010084217
122 475 187 227 0.010074486
955 668 65 62 0.010073441
223 0 13 9 0.010073345
447 649 189 229 0.010053145
730 589 202 230 0.010053045
620 361 194 240 0.010052077
798 0 14 9 0.0100320745
297 0 26 19 0.010031935
5 0 29 20 0.010030318
182 0 14 9 0.010025446
709 886 18 19 0.010024946
727 33 130 191 0.010009499
641 876 21 18 0.010007485
718 0 15 9 0.010005265
936 158 88 212 0.010000915