9_Press_Conference_Press_Conference_9_114
403
462 94 214 315 0.9041872
977 0 30 23 0.061345577
0 0 205 267 0.045202274
770 0 254 248 0.039193437
0 0 105 141 0.037561044
0 813 202 369 0.036430426
464 0 241 212 0.03637295
911 0 113 146 0.035078917
470 232 235 321 0.033657715
264 75 240 320 0.03335969
453 79 163 223 0.033125736
450 808 448 374 0.033033114
720 779 304 403 0.032590054
739 660 275 332 0.031632397
950 1036 74 146 0.031137412
54 0 369 272 0.030854551
321 843 401 339 0.030673897
565 104 226 280 0.030085854
0 986 115 196 0.029960304
0 0 66 90 0.029740361
978 0 17 15 0.029478142
974 1 48 31 0.027261358
71 0 215 163 0.026173659
761 46 263 440 0.02603363
549 0 204 138 0.02551874
410 980 255 202 0.024850573
0 98 215 512 0.024590278
990 0 26 16 0.024322946
77 840 373 342 0.024302391
708 0 256 161 0.023936009
233 910 301 272 0.023412198
509 988 260 194 0.023324575
328 0 194 140 0.02300619
318 0 344 274 0.022786839
885 694 139 291 0.022717532
0 43 120 278 0.022604596
553 0 313 201 0.022418218
965 0 59 74 0.022200389
0 457 193 521 0.022124683
365 283 243 314 0.022115888
528 634 443 459 0.021993572
0 155 120 283 0.021962048
194 0 207 158 0.02194444
191 376 360 479 0.02184912
631 0 167 106 0.021550491
0 277 117 280 0.021415664
323 404 304 389 0.021172144
291 479 385 519 0.021095477
694 0 169 116 0.020887854
758 223 266 485 0.020807179
868 993 156 189 0.020736624
401 350 382 493 0.020694448
506 0 171 110 0.02068166
647 403 364 496 0.02053889
44 0 147 107 0.020519394
0 396 113 274 0.020408008
505 93 337 421 0.02016821
104 0 147 103 0.020120224
645 994 226 188 0.019862982
63 978 230 204 0.01974216
41 87 352 489 0.019519942
808 0 175 124 0.019389417
196 1004 218 178 0.019186947
273 0 166 120 0.019104525
164 0 148 103 0.019069782
592 303 248 306 0.018886326
584 0 137 82 0.018838456
219 274 294 384 0.018765226
897 32 127 270 0.018673433
764 0 143 99 0.018561054
1000 0 16 10 0.018497545
909 524 115 311 0.018431246
0 522 110 274 0.018256411
0 347 305 502 0.018209832
0 828 106 266 0.01820072
512 227 167 190 0.018138094
845 0 25 23 0.018067483
193 640 409 507 0.018042848
0 667 130 348 0.017951183
30 1015 172 167 0.017924838
467 0 136 88 0.01783176
928 871 96 280 0.017765008
980 0 12 9 0.017735686
0 612 303 492 0.017678978
408 0 135 93 0.017592633
1018 1156 6 26 0.017591653
917 414 107 279 0.01753331
1002 0 22 30 0.01750861
825 447 199 352 0.01744797
908 272 116 287 0.017413208
0 383 69 183 0.017365262
0 84 69 186 0.01735468
51 461 365 507 0.017331505
0 201 69 187 0.01709832
1022 0 2 21 0.01707989
337 1044 172 138 0.01707886
919 141 105 275 0.017016003
940 733 84 215 0.016939946
985 0 15 11 0.016780747
711 0 41 50 0.016600233
669 745 267 270 0.016525231
959 23 65 162 0.016488189
1021 1160 3 22 0.01627172
824 1052 140 130 0.016171474
459 418 258 327 0.01616797
598 573 309 365 0.016014295
954 501 70 200 0.01600531
592 432 269 338 0.01584935
756 1047 151 135 0.015813205
0 503 67 183 0.015675876
952 317 72 192 0.015671
911 0 15 12 0.01562918
0 0 43 58 0.015628895
976 1113 48 69 0.015596405
173 1045 157 137 0.015559003
0 660 88 226 0.015338593
941 0 23 22 0.015226306
0 807 67 188 0.014970447
819 0 27 19 0.014897567
973 0 14 11 0.014885179
949 621 75 217 0.014811042
956 851 68 198 0.0147684235
534 232 370 466 0.014733192
422 223 168 205 0.014599036
728 36 215 269 0.014525687
0 0 13 17 0.014442952
728 0 28 22 0.014436785
629 0 119 61 0.014414736
560 39 157 206 0.014384685
51 57 255 348 0.014324127
410 312 142 173 0.0143123865
688 0 16 10 0.01425571
801 180 199 258 0.014253506
772 0 30 20 0.0141491825
894 0 13 10 0.01412112
168 121 245 321 0.014022767
338 176 177 231 0.013965116
547 333 205 244 0.013915373
55 295 238 322 0.013695374
363 603 236 314 0.01365618
449 750 257 301 0.013626142
57 823 229 294 0.013618082
0 0 28 37 0.013585576
613 210 193 249 0.013443143
0 1095 56 87 0.0134319635
630 0 59 32 0.013415415
645 0 17 10 0.0134112835
242 0 14 11 0.013409512
583 0 15 10 0.013365978
851 573 135 230 0.013365484
577 310 140 175 0.013339797
1010 1146 14 36 0.013281046
119 0 14 11 0.013252621
239 202 214 281 0.013239392
134 0 14 11 0.013216041
924 0 24 19 0.013212738
599 0 15 9 0.013192453
929 0 16 9 0.013186517
230 0 15 10 0.013162684
416 0 32 21 0.013155197
290 0 15 11 0.013111689
112 0 14 11 0.013083965
966 170 58 182 0.013079526
521 380 143 161 0.012992825
453 351 173 197 0.012984251
447 544 290 356 0.012978325
873 1143 68 39 0.012969861
563 0 32 19 0.012962128
649 0 70 40 0.012913263
201 0 14 11 0.01289598
1011 206 13 40 0.012881169
531 689 271 300 0.012873761
818 0 16 10 0.012864257
906 0 15 11 0.012857155
95 432 259 343 0.012848469
74 0 15 11 0.0128259435
249 0 15 10 0.012824264
97 0 14 10 0.012815198
298 0 14 10 0.012809168
965 0 25 19 0.012806758
812 282 193 244 0.012785851
535 0 64 41 0.012774843
981 824 43 133 0.012774245
834 0 14 10 0.012769227
104 0 15 10 0.012756625
794 0 13 9 0.012744597
687 0 106 70 0.01271811
283 0 15 11 0.01271512
323 344 194 237 0.012714899
263 563 224 286 0.012714692
765 1 49 35 0.01271328
127 0 14 10 0.012693267
904 0 26 18 0.012692113
223 0 15 11 0.012665174
164 0 14 11 0.012662065
687 704 18 23 0.0126545625
257 0 15 10 0.012649622
272 0 14 10 0.012643126
995 0 14 9 0.012638518
999 465 18 17 0.012636708
545 137 144 227 0.012622272
264 0 15 10 0.012606751
455 67 117 139 0.012604597
89 0 15 11 0.012603144
82 0 14 11 0.012589135
63 0 15 10 0.012579031
396 0 168 180 0.012544001
175 0 14 11 0.012541349
212 0 15 11 0.012518074
463 268 162 198 0.012469847
971 259 53 187 0.012446343
695 0 16 9 0.0124217635
305 0 15 11 0.012421542
141 0 15 11 0.012408941
997 183 27 97 0.012394459
193 0 15 11 0.012383483
533 0 32 20 0.01232416
826 0 15 10 0.012320802
576 0 17 10 0.012297146
33 173 175 235 0.012294367
784 0 16 10 0.012287426
129 564 221 293 0.012230018
63 639 218 287 0.012194772
156 0 15 11 0.012167217
149 0 14 11 0.012139727
68 202 215 286 0.012123618
350 0 14 11 0.012082439
817 627 162 270 0.012072239
877 0 58 40 0.012040225
342 0 15 11 0.0120365
249 473 219 279 0.012029596
182 0 15 11 0.0120265605
423 845 213 263 0.011989351
639 0 23 17 0.01197812
437 127 113 190 0.011977935
55 0 15 11 0.011971896
875 0 14 10 0.011956861
48 0 15 11 0.011922361
14 424 217 316 0.0118794395
316 0 15 11 0.0118624605
677 112 197 259 0.011861387
740 0 23 16 0.011855068
361 0 15 11 0.011815697
456 1069 165 113 0.011802612
681 0 16 9 0.01176756
41 0 14 11 0.011760344
33 358 170 225 0.011749077
335 0 15 11 0.011740628
721 538 77 119 0.011735845
870 0 109 80 0.011723539
730 29 147 167 0.011689496
26 0 14 10 0.011660855
838 0 23 17 0.011638655
530 509 242 296 0.0116287265
308 756 229 292 0.011605565
0 0 8 11 0.011603048
771 0 21 13 0.011595502
849 0 57 39 0.01158201
672 1079 139 103 0.011574875
167 247 234 303 0.011535319
964 0 15 9 0.011516424
442 0 15 10 0.011489043
877 0 30 24 0.011472685
34 0 14 10 0.011462437
986 892 38 108 0.011457964
731 468 214 293 0.011435004
663 236 69 93 0.011423309
727 0 54 42 0.01140892
178 395 221 288 0.011399811
19 0 14 10 0.011390991
734 0 19 13 0.011388932
352 332 132 162 0.011386267
807 792 183 222 0.01138405
716 0 29 22 0.011367667
543 0 14 11 0.011366807
853 0 14 9 0.011364699
246 0 29 22 0.011364294
250 1079 176 103 0.011360957
323 0 15 11 0.011344883
910 1149 52 33 0.01133888
807 0 29 19 0.011336201
128 703 218 288 0.011327321
971 1164 45 18 0.011325214
987 327 37 118 0.011318027
368 0 15 11 0.011264167
786 65 145 177 0.011251007
41 0 95 70 0.011249333
560 0 65 43 0.011247328
911 0 57 40 0.011243507
193 819 221 289 0.011215085
606 0 16 9 0.011196207
562 0 15 10 0.01115245
803 1091 116 91 0.011149922
198 623 215 293 0.011129702
147 15 181 203 0.01112445
388 488 190 236 0.011114362
613 1031 172 151 0.011090943
812 0 16 10 0.011086446
242 0 116 84 0.0110781705
569 0 17 10 0.011078134
662 520 132 164 0.011070124
11 0 14 11 0.011064904
500 425 176 206 0.0110457055
887 0 14 9 0.011043232
728 0 89 58 0.011021335
0 1168 13 14 0.011007222
644 34 139 169 0.01099566
446 0 87 59 0.010987635
416 0 60 42 0.0109745525
461 1 61 36 0.0109721655
853 0 18 15 0.010971297
968 578 56 164 0.0109675275
0 762 56 146 0.010962852
458 0 16 10 0.010946234
977 96 47 126 0.0109423
592 0 15 9 0.010940188
744 342 214 258 0.010938334
548 0 35 19 0.010861053
841 0 15 9 0.010855561
753 0 14 11 0.010833878
425 712 208 259 0.010767972
674 0 14 9 0.010763535
873 1162 45 20 0.010746529
856 0 28 19 0.010742795
637 145 140 187 0.010725642
0 1139 29 43 0.010724787
957 0 15 10 0.010716978
1015 0 9 20 0.010704163
576 0 34 19 0.010697987
858 509 133 201 0.010692236
4 0 14 11 0.010670006
538 1075 170 107 0.010639142
19 955 141 181 0.010634235
404 380 138 163 0.010625487
641 719 16 27 0.010613009
886 1116 73 66 0.010589825
1006 0 16 9 0.010569613
319 819 128 164 0.01056165
535 0 16 11 0.010555746
519 326 144 149 0.010544718
783 0 24 15 0.010519221
663 0 43 25 0.010513892
0 1096 33 63 0.0105058765
1022 384 2 36 0.010504333
450 0 15 9 0.010484962
376 0 15 10 0.010484163
435 0 15 10 0.010481563
681 287 194 241 0.010466358
946 0 14 11 0.010462652
955 0 25 20 0.010439887
867 0 27 20 0.010432252
916 0 12 9 0.010382113
979 772 45 132 0.010378335
260 0 30 21 0.010372556
948 480 15 21 0.010367184
977 650 47 135 0.010366768
1019 209 5 31 0.010360805
860 217 21 26 0.010341849
289 321 142 176 0.010340857
920 1088 35 48 0.010333143
754 235 193 231 0.010328519
952 429 72 176 0.010326564
910 0 88 61 0.010325858
527 755 148 177 0.010323834
729 0 15 11 0.010286728
257 696 219 294 0.0102809705
215 0 29 22 0.010272451
0 999 8 22 0.0102551365
338 558 170 208 0.010254097
824 1160 45 22 0.01025133
215 541 181 234 0.010243886
0 346 58 149 0.010220958
653 0 16 10 0.010217149
899 0 46 31 0.010199781
331 0 108 81 0.010188182
499 0 14 9 0.010185563
858 1079 39 38 0.010176723
632 871 152 177 0.010172982
352 793 129 154 0.010156615
527 0 89 70 0.0101555195
740 670 25 27 0.0101520475
21 1077 129 105 0.010141031
722 0 16 11 0.010140669
901 137 26 31 0.010139951
484 0 15 12 0.01013871
1023 388 1 34 0.010135619
856 1116 75 66 0.010129656
161 681 147 190 0.010123117
789 1111 84 71 0.010112186
109 120 141 186 0.010099392
654 263 124 165 0.010098105
792 0 54 38 0.010097911
23 609 183 244 0.010093583
990 0 34 54 0.010087962
161 0 95 69 0.010073169
283 0 31 22 0.010072446
937 0 16 9 0.010070803
0 584 60 148 0.010046467
102 0 95 68 0.010032322
0 813 37 99 0.010025582
223 1100 100 82 0.0100213615
992 1162 32 20 0.010011793
628 435 173 208 0.0100098085