9_Press_Conference_Press_Conference_9_182
522
439 153 94 130 0.86866635
524 581 110 104 0.06665805
241 345 36 59 0.05100064
258 353 19 38 0.050798263
217 348 55 74 0.03619736
934 0 90 80 0.03334137
0 0 70 92 0.03160351
389 577 17 27 0.030079108
831 0 193 163 0.029837482
821 479 203 206 0.028446093
0 0 133 179 0.028425204
984 0 40 43 0.028172959
925 591 99 94 0.027127426
359 0 238 175 0.02657984
427 214 104 143 0.026339976
0 0 44 60 0.025021004
486 150 118 158 0.024917072
459 545 185 140 0.02476278
423 78 119 181 0.02472287
29 615 8 10 0.024414828
955 366 67 101 0.02438895
0 476 140 209 0.02390301
404 197 99 119 0.023422396
53 0 137 107 0.022893012
358 134 143 175 0.022688365
0 591 68 94 0.022399085
194 354 63 79 0.022223597
574 600 101 85 0.021794537
694 0 131 90 0.021162532
133 0 136 108 0.021022737
614 0 131 92 0.020929253
210 0 137 108 0.020831386
0 634 34 51 0.020723663
290 0 134 102 0.020550027
197 0 254 190 0.020494178
774 0 129 88 0.02042863
978 629 46 56 0.02040894
455 0 129 96 0.02035134
535 0 130 95 0.020350186
374 0 131 99 0.020161187
215 328 55 62 0.02006612
454 118 79 111 0.019977007
21 0 115 88 0.019858705
762 142 262 358 0.019784816
663 457 272 228 0.019641764
511 0 249 186 0.01952419
473 207 55 74 0.01941454
855 0 129 86 0.019313049
954 368 44 60 0.019187542
506 616 97 69 0.019093545
297 511 250 174 0.018970033
1020 673 4 12 0.01881214
314 43 209 274 0.01877512
745 0 107 71 0.018772297
261 0 114 85 0.018694686
102 0 117 87 0.018661736
295 0 205 142 0.018624332
479 160 51 82 0.018593555
937 56 87 165 0.018531345
343 0 111 79 0.018476948
394 257 89 109 0.018419813
664 0 109 73 0.018406011
135 482 237 203 0.018376917
946 0 67 48 0.018343264
606 588 143 97 0.018278046
425 0 109 78 0.018263616
584 0 110 75 0.018193368
507 0 106 75 0.018135784
401 569 149 116 0.018003784
453 0 207 142 0.01796681
1022 0 2 15 0.017888537
30 0 255 186 0.017875118
497 548 107 103 0.017872823
861 0 72 49 0.017853485
778 441 89 101 0.017829506
555 629 70 56 0.017802456
11 619 9 10 0.017559733
415 268 124 161 0.017481314
670 0 260 169 0.017220583
850 588 144 97 0.017171165
474 0 90 61 0.01706401
392 0 92 63 0.016972918
24 617 17 22 0.016869605
985 383 39 94 0.01685383
768 300 256 340 0.01678697
0 428 72 182 0.016726572
783 0 68 46 0.01668985
686 595 140 90 0.016687876
190 0 98 72 0.016561799
767 589 144 96 0.0165277
0 155 70 175 0.016473321
901 0 68 47 0.016214129
744 0 68 47 0.016209196
0 348 74 184 0.016192274
823 0 70 47 0.016167436
17 581 133 104 0.01616043
279 577 148 108 0.016132133
404 272 26 23 0.016112674
991 356 33 63 0.016050085
0 0 28 39 0.015993446
211 577 144 108 0.015989553
1010 0 14 25 0.015911426
0 30 70 178 0.015880939
666 620 103 65 0.015770264
334 566 149 119 0.015742805
606 514 215 171 0.015671005
938 488 86 162 0.015664967
1013 666 11 19 0.015598023
461 233 102 135 0.015539597
647 231 312 335 0.015473022
34 506 206 179 0.015459024
0 268 73 184 0.015303836
28 609 10 12 0.015295406
0 157 121 332 0.015287234
638 0 79 66 0.015277476
954 0 34 18 0.015251912
487 183 74 100 0.015120473
256 611 110 74 0.015078155
662 0 71 49 0.0150436945
703 0 70 48 0.014988121
313 173 186 245 0.014964979
85 587 140 98 0.014925278
977 14 47 97 0.014887775
28 612 13 15 0.014886153
85 0 70 56 0.014823405
244 334 30 47 0.014751272
624 626 76 59 0.014707923
66 618 103 67 0.014642877
784 380 91 118 0.014619373
956 0 22 12 0.014468769
955 31 69 115 0.014453044
967 562 57 107 0.014432391
163 0 71 59 0.01442424
123 0 71 58 0.014373987
481 462 74 85 0.014364727
959 316 65 115 0.014303268
852 33 172 252 0.014288861
502 666 8 9 0.014288505
747 623 99 62 0.0142675545
735 461 45 69 0.014238323
206 374 65 90 0.0142347505
529 571 15 15 0.014232699
793 619 88 66 0.014200363
899 618 84 67 0.014186138
2 614 36 49 0.014144795
925 147 99 194 0.014106418
266 361 12 28 0.014086294
255 339 30 54 0.014049301
936 415 88 176 0.0140435025
594 490 76 83 0.0139929075
450 267 20 22 0.013987571
166 0 145 164 0.013946758
593 186 85 111 0.013942672
834 619 85 66 0.0139366165
199 334 52 67 0.013929805
769 0 57 38 0.013894292
45 0 69 54 0.01388996
26 617 9 10 0.0138507625
780 341 80 92 0.013845385
950 265 74 117 0.013760748
421 615 78 70 0.013758299
781 480 66 71 0.01374868
383 570 18 33 0.013713353
975 515 49 97 0.013693521
0 0 8 11 0.0136166215
225 356 36 42 0.013604169
735 23 270 310 0.013563649
650 107 291 324 0.0135525195
954 125 70 130 0.013470147
403 577 15 9 0.013468769
815 0 130 118 0.013440126
610 0 209 144 0.013423529
480 625 76 60 0.013423376
0 17 46 121 0.0134157
954 349 23 24 0.013350286
586 563 20 22 0.0133497305
604 636 66 49 0.013349413
2 348 193 305 0.013336221
195 616 107 69 0.013319108
204 87 245 310 0.013306933
490 497 87 97 0.013306536
601 0 72 51 0.013300254
973 76 51 104 0.01329837
930 0 57 38 0.013288647
891 0 49 32 0.013264406
28 619 9 11 0.013245149
0 523 59 99 0.013216771
31 617 9 10 0.013210859
501 557 36 21 0.013198181
652 645 52 40 0.013192688
981 472 43 103 0.013160019
384 287 105 131 0.013111054
900 374 113 155 0.013108683
242 0 72 59 0.0130731175
976 190 48 99 0.013056866
974 0 22 12 0.013033832
1005 533 19 62 0.013006366
0 142 43 116 0.013003855
251 363 22 29 0.012959619
137 159 140 191 0.0129485475
507 471 52 59 0.012903979
693 646 54 39 0.012899779
929 643 54 42 0.012863261
986 555 38 80 0.012845301
35 630 7 11 0.012830603
976 242 48 99 0.012827025
864 60 119 152 0.0127973445
462 91 142 172 0.012793871
0 11 194 305 0.012741754
554 20 85 113 0.012734257
316 619 83 66 0.01272429
434 88 211 267 0.012689615
0 417 45 123 0.012681841
148 0 60 47 0.012680605
729 0 58 39 0.012670708
984 295 40 92 0.012628336
189 0 59 47 0.012618684
181 329 104 134 0.012609641
561 0 71 60 0.012595968
632 23 89 115 0.012586611
178 370 59 79 0.012575382
947 0 22 12 0.012573202
329 562 14 16 0.012519902
511 566 36 26 0.012499095
381 147 198 275 0.012479451
735 341 90 112 0.012479323
0 217 45 122 0.0124751385
545 566 67 91 0.012465236
148 620 103 65 0.012448986
685 299 160 200 0.012439056
339 455 75 98 0.012437863
737 457 125 146 0.012403634
118 623 81 62 0.012386462
808 354 53 62 0.012371394
133 16 251 300 0.012364959
592 22 88 113 0.012356899
0 337 45 123 0.012353142
826 639 62 46 0.012345931
630 159 94 123 0.012344993
812 0 49 32 0.012340639
474 472 51 56 0.01233108
282 0 71 57 0.012326018
688 0 58 39 0.012316788
844 273 180 243 0.012295028
383 621 84 64 0.012290357
346 354 70 85 0.012281679
71 0 58 44 0.012279929
706 198 172 221 0.012269213
0 636 5 12 0.012267208
329 293 154 205 0.012234404
595 124 86 112 0.012213331
761 397 133 163 0.012212911
0 471 39 95 0.0122003285
519 21 82 110 0.012184785
892 216 125 167 0.012162981
410 137 94 114 0.012162905
0 118 36 93 0.012155482
672 646 54 39 0.012144799
324 0 69 54 0.0121359285
17 300 141 217 0.012117367
991 160 33 71 0.01210673
852 0 50 33 0.012072405
236 368 32 45 0.01207237
340 243 118 152 0.012044063
428 14 106 130 0.012041507
967 0 38 24 0.012035765
418 410 125 156 0.012034807
0 74 100 182 0.012026326
18 518 78 112 0.0119736325
636 173 171 208 0.011960901
605 374 13 16 0.011960488
0 624 5 11 0.011946894
0 391 39 96 0.01193044
201 146 144 185 0.011919885
455 470 48 56 0.011917206
247 357 41 63 0.011884018
228 0 60 47 0.011882109
488 464 236 221 0.011878746
992 53 32 66 0.011870946
580 390 69 101 0.01187034
132 66 140 190 0.011847749
388 581 12 20 0.01184673
452 640 56 45 0.011846287
0 0 18 25 0.011823622
2 240 76 121 0.011816353
489 645 49 40 0.011814293
875 0 41 25 0.011809672
580 152 79 112 0.011806808
174 0 49 37 0.011805245
993 27 31 65 0.011803861
0 645 5 10 0.011777374
570 302 9 10 0.011773457
44 179 222 307 0.011761853
810 550 147 135 0.011745726
331 260 51 61 0.011736743
628 0 59 41 0.011734312
927 279 71 92 0.011702408
853 427 127 159 0.011682054
801 0 72 63 0.011673269
721 631 77 54 0.011655004
194 552 95 120 0.011654902
867 642 59 43 0.011647478
653 47 88 114 0.011644546
343 387 77 98 0.011615425
13 134 141 219 0.011613854
95 0 49 35 0.011609341
519 434 45 49 0.011604387
0 291 39 97 0.011593846
130 169 235 313 0.011591938
910 397 75 100 0.011591258
711 27 93 116 0.011582845
548 548 121 130 0.011572294
495 547 65 57 0.011562189
993 253 31 65 0.011557331
254 364 25 46 0.0115478765
364 0 70 53 0.011541184
431 245 24 27 0.011534831
0 72 35 95 0.011533862
3 543 80 125 0.011528903
6 635 11 16 0.011517534
134 0 49 37 0.0115024205
114 0 50 36 0.01149153
615 217 84 114 0.011486079
991 207 33 65 0.011484652
1 649 18 28 0.011479875
900 533 116 140 0.011470785
795 498 80 96 0.011451281
1020 662 4 23 0.011447784
944 633 65 52 0.011446959
34 615 9 10 0.011441481
10 616 10 10 0.011440325
263 370 13 24 0.011425274
287 638 61 47 0.011420746
235 363 63 90 0.011418901
720 1 74 71 0.011416938
1023 0 1 19 0.011403504
890 643 57 42 0.01140076
912 100 85 118 0.0113861505
377 47 131 181 0.011383258
504 423 66 88 0.011349702
726 558 142 127 0.011334149
660 323 81 114 0.0113183595
29 0 59 43 0.011282785
380 435 126 160 0.011269504
648 255 159 209 0.011268757
669 567 90 105 0.011244037
669 138 96 123 0.011242134
384 457 71 92 0.011240148
984 115 40 93 0.0112359235
16 458 81 120 0.011224227
339 566 28 31 0.011220793
214 0 49 37 0.011209773
209 272 70 99 0.011200084
97 518 83 118 0.011194848
403 277 15 15 0.011191357
760 490 78 90 0.011188045
341 336 104 127 0.011187798
350 645 54 40 0.011164455
652 235 87 119 0.011163213
884 433 82 104 0.011159835
514 644 55 41 0.011159259
770 49 136 159 0.011153024
709 136 95 125 0.011132252
647 76 147 180 0.011132252
178 513 89 123 0.0111290775
111 645 57 40 0.011126765
750 466 80 80 0.011104594
573 184 141 170 0.011091656
798 464 90 94 0.01109009
1022 0 2 31 0.011085165
713 113 166 203 0.011084894
490 239 48 61 0.011071442
586 207 58 72 0.011071114
0 620 11 22 0.011060655
795 314 75 94 0.011039717
816 341 76 90 0.011030898
439 222 245 311 0.011022492
688 43 139 164 0.011008994
16 318 83 122 0.011006889
984 0 22 12 0.011006541
0 123 4 12 0.011002944
125 540 157 145 0.010997904
749 28 94 115 0.010989378
15 378 83 122 0.010969534
510 456 71 89 0.010961631
337 492 79 99 0.010944568
322 537 83 85 0.010943035
755 408 93 115 0.0109387245
264 275 63 90 0.01093151
964 397 60 122 0.010929871
515 216 83 108 0.010924955
780 522 78 97 0.010919937
47 193 141 194 0.010904185
165 439 139 192 0.010895802
902 257 79 102 0.010883608
45 624 75 61 0.01087669
0 56 4 11 0.010870738
1000 0 21 13 0.010868398
656 280 83 115 0.0108656725
938 0 20 11 0.010849741
414 641 58 44 0.01084842
0 538 30 76 0.010846651
451 437 128 157 0.010838671
0 650 5 14 0.0108278
529 0 58 52 0.010807251
610 465 78 94 0.010804659
245 263 63 82 0.0107933665
411 490 143 166 0.010772976
583 218 73 103 0.010754321
817 77 133 167 0.010753034
481 246 68 84 0.010748051
231 395 48 70 0.010733059
748 135 96 124 0.010726482
0 192 38 96 0.010725043
99 0 20 14 0.010718383
174 329 69 90 0.01071417
55 0 48 34 0.010707265
85 426 151 203 0.010707171
582 540 27 35 0.010705698
790 32 93 112 0.010702395
379 390 77 105 0.010669167
565 358 127 178 0.0106530385
918 0 37 24 0.010645121
990 427 34 83 0.010643531
945 0 29 21 0.010630576
444 153 60 72 0.010610719
6 636 57 49 0.010608155
394 646 55 39 0.0105977785
388 562 22 38 0.010581058
459 340 80 106 0.010575656
788 190 158 192 0.010573052
0 61 5 12 0.010571512
653 0 49 33 0.010568009
746 296 163 198 0.010545778
869 537 96 114 0.010543686
443 0 72 52 0.010543108
593 359 13 15 0.010534882
690 172 94 127 0.010532738
0 150 23 62 0.010531853
471 74 83 121 0.010531607
352 307 87 108 0.0105282245
254 0 49 37 0.01052735
789 134 94 124 0.010526243
377 559 21 37 0.010517711
0 668 13 17 0.010510047
936 387 57 81 0.010508417
16 623 7 9 0.010480047
871 499 92 108 0.010479897
247 113 138 173 0.010476639
330 320 66 87 0.010474371
871 35 90 104 0.010459223
0 119 3 10 0.010459209
309 0 58 44 0.010445171
209 67 141 188 0.010438349
691 234 89 122 0.01043618
604 246 68 90 0.010428568
428 460 71 82 0.01042583
254 192 123 164 0.010376601
22 97 76 105 0.0103621315
19 397 118 169 0.010358683
213 357 34 44 0.010334544
411 463 55 65 0.010330836
312 267 68 88 0.010328314
804 387 149 172 0.010321107
0 51 4 11 0.010316012
274 0 49 36 0.010312781
179 132 121 155 0.0103095155
443 486 86 97 0.010301846
152 646 54 39 0.010293802
0 128 4 12 0.0102829
603 123 154 182 0.010281322
1020 546 4 34 0.010280139
816 526 81 96 0.010264783
241 31 143 180 0.010254356
810 235 90 126 0.010253879
0 616 23 34 0.010252405
375 363 128 169 0.010246714
441 422 73 98 0.010245682
926 0 21 11 0.01024456
544 554 36 24 0.010243344
350 0 58 42 0.010234861
242 628 80 57 0.010217647
991 354 26 32 0.010204587
700 381 146 182 0.010200829
611 303 149 196 0.010200441
694 547 82 100 0.010198866
562 490 123 150 0.0101816
968 386 30 48 0.010175634
398 418 78 107 0.010168806
831 55 92 107 0.010166234
52 69 136 186 0.010158719
363 374 67 80 0.010154204
869 457 72 87 0.010151792
390 339 90 112 0.010151688
194 483 92 120 0.010150556
372 646 53 39 0.010147927
95 119 138 184 0.010139642
521 535 57 55 0.010139178
0 439 31 79 0.0101390835
0 619 4 12 0.010135141
238 274 46 57 0.010134775
730 172 94 127 0.010134005
193 642 57 43 0.010122749
223 330 37 38 0.010109193
70 0 20 14 0.010108967
60 522 81 111 0.010105618
80 477 83 121 0.01008511
219 170 74 95 0.010069285
535 326 126 174 0.010054049
619 364 79 112 0.010054047
19 240 118 168 0.010052455
1021 512 3 35 0.010049919
885 278 75 100 0.010048584
633 105 88 110 0.0100461375
443 365 77 104 0.010044791
916 0 21 10 0.010037586
4 119 71 102 0.010033095
576 70 81 106 0.010028849
262 212 70 91 0.010027473
10 320 56 78 0.010022217
1023 674 1 11 0.010019355
692 343 86 110 0.010008423