9_Press_Conference_Press_Conference_9_883
283
273 193 287 369 0.9035417
766 0 258 267 0.04537555
0 0 190 268 0.0435507
771 1188 253 338 0.039805666
0 1177 196 349 0.03691979
0 0 126 173 0.035554387
144 209 354 429 0.03502323
274 0 371 286 0.03489018
973 1493 24 22 0.034757867
902 0 122 162 0.033254188
351 203 366 450 0.032713167
534 0 371 264 0.032675713
53 0 374 262 0.030171111
954 1391 70 135 0.0299359
72 1118 391 408 0.029302444
202 0 312 225 0.028853856
0 0 85 111 0.028661141
443 0 312 201 0.02853809
747 573 277 536 0.028220672
0 369 188 484 0.028122447
0 113 181 471 0.027981747
762 790 262 561 0.027533714
473 1139 443 387 0.027412312
772 371 252 489 0.026842833
586 0 259 170 0.026746215
250 1107 462 419 0.026604073
0 223 114 212 0.025918132
334 0 259 176 0.025854774
825 69 199 342 0.025142137
839 195 185 334 0.024803033
0 573 200 505 0.024629552
0 551 140 337 0.02449454
0 1407 75 119 0.023832789
270 196 155 241 0.023551615
403 67 318 409 0.022840371
0 302 120 332 0.022741767
0 814 195 523 0.02272972
269 101 210 281 0.022319647
931 1285 17 21 0.022223439
292 474 355 446 0.022110138
140 100 274 345 0.021853996
830 1020 194 374 0.021546796
885 1424 17 28 0.021233976
294 379 248 278 0.020990295
0 983 70 189 0.020858226
77 0 200 141 0.020217644
0 251 313 449 0.019997286
424 1228 323 298 0.019962685
912 1307 112 219 0.019920863
1006 1286 18 22 0.019874359
100 423 263 320 0.019758394
468 277 215 272 0.019732675
209 688 346 438 0.019658592
468 546 256 315 0.019644134
620 928 404 556 0.01957484
28 0 168 126 0.019502092
373 308 218 263 0.019479986
0 769 129 357 0.019407984
0 1019 130 344 0.019307245
494 798 434 561 0.019106878
353 101 209 275 0.019081078
987 729 37 99 0.019059515
561 0 183 134 0.018802539
908 636 116 294 0.018601459
597 83 245 323 0.018548433
982 1449 42 77 0.018377839
62 843 380 509 0.018361764
526 567 398 501 0.01834009
669 11 352 453 0.018280871
738 0 202 147 0.018274495
574 548 272 333 0.018228784
876 315 148 311 0.018112527
121 1149 243 287 0.01803383
11 993 338 473 0.01797759
655 403 67 103 0.01759896
0 684 298 522 0.01744972
250 807 430 534 0.017346704
910 934 114 299 0.01733662
260 0 202 148 0.017317366
237 571 266 325 0.017300539
234 153 157 215 0.017269334
69 521 308 393 0.017235506
398 361 371 450 0.017191246
522 0 149 102 0.017121674
859 159 14 13 0.01708574
896 1159 128 312 0.016973874
0 1366 167 160 0.016737312
892 29 132 281 0.016706184
58 196 217 320 0.016573988
319 679 256 310 0.016567625
687 0 170 120 0.016545283
636 0 149 103 0.016530314
956 0 68 84 0.016528541
894 782 130 326 0.016508382
0 463 118 260 0.01647318
391 675 406 512 0.016438112
531 115 356 471 0.016419886
896 532 128 296 0.016268596
1006 1492 18 34 0.016265
924 190 100 223 0.016234348
669 232 12 14 0.016211187
460 0 167 118 0.016179565
157 0 168 113 0.016146407
937 768 87 235 0.016019981
943 1084 81 222 0.016007015
663 244 357 472 0.015888186
924 418 100 219 0.015871609
998 1471 26 55 0.015748909
1022 0 2 24 0.01571265
145 258 233 290 0.015634142
944 914 80 217 0.0155620035
822 0 146 101 0.015408058
17 889 12 17 0.015358452
427 455 205 248 0.01533756
695 545 284 356 0.01533493
100 736 302 398 0.01528244
0 251 55 73 0.015254056
390 0 171 117 0.015204513
0 0 54 72 0.015192839
0 58 110 277 0.015132891
665 1347 212 179 0.01505792
407 192 158 233 0.01504213
533 1325 236 201 0.014901328
766 0 138 94 0.014897288
597 310 234 305 0.014868836
0 1072 84 232 0.014853564
0 304 72 191 0.014839212
0 444 69 179 0.01482772
340 0 143 96 0.014797863
0 1175 103 267 0.014711951
737 433 14 15 0.014664574
384 1002 399 456 0.014627157
64 1337 244 189 0.014578031
912 511 15 18 0.014373091
593 81 14 21 0.014301584
0 1466 42 60 0.014184396
453 426 141 177 0.01405713
299 0 128 85 0.0140149025
244 89 86 69 0.013969188
53 382 218 277 0.0139190275
227 0 145 94 0.0139095895
169 1331 241 195 0.013867774
1003 0 21 41 0.013826349
0 859 67 196 0.013775076
5 140 20 25 0.013774791
715 190 252 327 0.013764324
578 755 285 359 0.01367361
976 1497 15 14 0.013574681
18 545 219 271 0.0135353105
934 1448 16 19 0.013494078
458 765 272 335 0.013382499
726 689 230 308 0.013371603
970 720 54 179 0.013361596
0 1217 66 179 0.013352282
355 1329 247 197 0.013258597
566 894 293 364 0.013223943
818 1401 152 125 0.013216533
0 0 14 18 0.013170406
542 1020 315 378 0.013168447
849 107 18 24 0.013128446
953 346 44 52 0.013102063
0 712 96 239 0.012980865
988 772 36 105 0.012960527
762 1401 146 125 0.012926785
359 506 237 263 0.012878072
842 130 46 40 0.012834529
238 306 228 268 0.0127535565
450 903 294 358 0.012712047
210 877 290 353 0.012623661
128 903 230 329 0.012556387
633 1398 161 128 0.012476948
0 94 71 187 0.012466815
0 25 70 176 0.012435534
1011 0 13 27 0.012403131
518 1390 167 136 0.012388623
992 679 32 119 0.012346718
0 564 68 179 0.012296978
745 1048 27 32 0.012294111
522 615 127 176 0.012283638
994 1028 30 85 0.012196667
904 515 12 15 0.012190559
559 169 207 284 0.012172015
734 847 230 309 0.012158279
651 241 213 269 0.012082759
92 592 155 170 0.012010109
214 1397 161 129 0.011946976
196 1050 272 334 0.011880269
0 879 7 19 0.011834049
495 555 152 180 0.011833075
0 0 34 46 0.011815177
999 762 25 65 0.011799148
72 665 216 316 0.011786313
967 1495 27 31 0.011731274
927 1445 23 32 0.011661594
596 668 236 306 0.011653736
951 651 73 186 0.011648618
642 646 161 198 0.011620126
168 314 140 197 0.011560733
417 1039 256 312 0.011551983
70 500 190 209 0.011523281
861 1389 42 49 0.011478171
396 481 153 177 0.0114539005
625 86 18 20 0.011392146
91 0 115 84 0.011384969
0 887 7 18 0.011362501
320 43 189 230 0.011316157
325 596 167 189 0.0112996325
366 939 232 284 0.011290371
717 0 110 83 0.0112842005
839 1486 17 24 0.011282516
0 936 144 278 0.011233301
357 788 236 287 0.011221178
272 1444 75 81 0.0112152
723 1101 236 316 0.011201561
918 509 13 17 0.011190063
248 1304 54 42 0.011170892
0 1403 31 66 0.011167182
800 765 201 270 0.011160727
128 1265 219 238 0.0111352885
571 83 21 25 0.011117398
620 55 174 221 0.011066283
133 1114 152 192 0.011042409
415 731 236 286 0.011021294
153 0 111 79 0.010992899
26 286 173 233 0.01099097
921 418 31 34 0.010975357
1017 1444 7 51 0.010972058
598 0 115 80 0.010945632
0 872 7 19 0.01090618
723 975 234 314 0.010885963
85 490 72 100 0.01087333
298 993 242 302 0.01086549
31 888 15 17 0.010860754
688 435 31 40 0.010841152
253 1408 31 46 0.010829978
927 1287 23 32 0.010800467
346 1154 260 315 0.010754462
279 1102 263 312 0.010737415
206 863 134 175 0.010681333
728 466 211 275 0.010672935
412 618 250 296 0.01064024
114 1090 134 156 0.010622622
173 205 141 200 0.0105916215
232 430 142 172 0.010572137
200 449 208 253 0.010566206
756 444 15 18 0.010538417
0 146 8 18 0.010524685
20 138 21 27 0.010502903
482 828 87 103 0.010470642
924 0 28 21 0.010438086
757 679 157 204 0.010432504
806 650 196 264 0.010394766
10 516 21 25 0.010392935
281 0 99 66 0.010385766
1023 0 1 31 0.010367119
205 1248 174 164 0.010350658
554 0 79 54 0.010347804
9 1463 99 63 0.010325663
455 893 187 228 0.010320016
565 337 16 31 0.010317326
335 1395 165 131 0.010283208
164 0 29 21 0.010282578
878 0 29 20 0.0102538485
0 0 8 11 0.010217029
60 0 29 25 0.010208865
134 0 28 22 0.010196169
848 114 30 39 0.0101899635
51 291 16 23 0.010183849
498 0 16 10 0.010145898
0 523 9 18 0.010113745
573 0 96 65 0.010111424
686 362 149 180 0.010109268
807 931 192 266 0.010109198
885 0 15 12 0.0101030925
652 72 17 22 0.010085466
842 0 14 11 0.01006726
849 0 15 12 0.010062649
57 1193 210 240 0.010051055
0 894 7 19 0.010049747
89 136 17 23 0.010036325
848 0 29 22 0.010033939
949 959 20 25 0.010030802
165 898 146 194 0.010010687