9_Press_Conference_Press_Conference_9_520
518
282 486 198 271 0.87079054
851 344 61 65 0.09952692
857 1175 58 71 0.067884125
208 1366 284 170 0.059293874
866 325 67 88 0.05174967
188 461 226 289 0.0464273
766 0 258 280 0.04107924
184 1240 404 296 0.039870836
855 354 33 42 0.03833418
0 0 200 269 0.036466427
321 373 222 323 0.035469957
863 494 12 14 0.03484082
836 1274 188 262 0.0329625
833 350 66 80 0.031438354
938 1366 86 170 0.030224087
882 359 38 43 0.02883019
904 0 120 153 0.028149627
936 678 45 56 0.02721662
842 1187 77 92 0.02716064
834 334 58 64 0.026874341
855 322 48 67 0.026695019
0 0 104 140 0.026342308
176 0 379 269 0.026302224
412 0 377 276 0.026080836
0 1165 214 371 0.025291279
249 623 229 304 0.025011703
295 448 154 210 0.0244579
701 115 24 33 0.024230974
920 365 104 213 0.02416003
872 1199 54 57 0.024076276
950 492 44 43 0.024015397
839 345 37 45 0.02374191
890 1199 38 39 0.023384122
326 0 312 221 0.02301657
663 1218 361 318 0.02289869
0 830 104 273 0.022871608
711 1343 252 193 0.02279845
76 0 318 224 0.022765119
863 1193 35 39 0.022539737
760 701 264 513 0.022292884
159 265 40 46 0.022282396
559 0 318 223 0.022105215
860 337 101 117 0.02175229
273 1421 188 115 0.021382455
487 433 221 293 0.021170776
976 1442 48 94 0.021134995
0 1357 109 179 0.021008952
0 0 65 90 0.020887224
490 1367 226 169 0.02084752
777 952 247 499 0.020685464
780 476 244 488 0.02066255
886 33 138 315 0.020459125
137 351 229 304 0.020441128
0 923 146 284 0.020434745
898 232 126 312 0.020424489
433 360 335 436 0.020384992
705 0 32 30 0.020307189
328 629 145 151 0.020215614
55 1280 289 256 0.020148134
494 699 51 43 0.020114634
889 345 49 58 0.019931434
341 1396 200 140 0.01972137
883 861 141 325 0.019719662
0 826 59 121 0.019654695
0 350 191 501 0.019160388
535 333 165 213 0.019101784
595 1338 265 198 0.018940482
15 1076 357 441 0.018901007
317 0 200 154 0.01887273
0 612 314 479 0.018831406
286 106 28 38 0.018736621
139 1016 389 429 0.018673277
684 0 194 156 0.018641876
996 1361 28 53 0.018564867
557 0 196 143 0.01855147
946 0 78 77 0.018535204
306 12 350 482 0.018506223
0 111 187 516 0.018471217
358 1248 362 288 0.018463178
806 129 218 476 0.01841327
426 456 194 260 0.018360583
471 59 10 15 0.018337646
441 0 199 152 0.018311014
0 974 73 188 0.018305754
871 337 37 49 0.018283224
889 740 135 328 0.018254481
880 305 66 85 0.018192144
247 241 235 347 0.018056866
0 719 97 254 0.01782225
140 0 200 155 0.017625073
894 364 25 28 0.017474353
936 130 88 221 0.01739414
245 489 142 196 0.017329622
0 340 112 269 0.01732507
906 1198 118 278 0.017267069
892 299 108 127 0.017223205
17 836 231 324 0.017216
845 1490 88 46 0.017161388
47 771 81 67 0.01711458
70 62 203 246 0.017047914
864 362 36 40 0.017022444
992 1480 32 56 0.016960446
893 1035 131 294 0.016935652
224 391 186 254 0.016906193
908 419 116 297 0.016778454
296 715 360 448 0.016750067
933 962 91 222 0.016694589
0 428 129 329 0.016693031
849 363 37 55 0.016589435
1003 1499 21 37 0.016545068
903 619 121 293 0.016490428
574 323 253 333 0.016469732
0 821 34 60 0.016424958
182 58 217 261 0.016404092
1010 1357 14 51 0.01639907
0 97 116 258 0.016357582
556 526 328 407 0.016357545
17 990 205 270 0.01635059
168 749 359 455 0.016314318
481 227 271 376 0.01625418
835 1131 135 162 0.016248338
347 240 232 326 0.016218433
989 1355 35 106 0.016059063
0 581 104 253 0.016056346
0 0 280 453 0.016050557
0 1043 103 264 0.016026445
846 1187 36 43 0.015887031
495 0 207 209 0.015882168
645 601 349 443 0.015839096
1022 0 2 23 0.015809651
0 631 139 419 0.015781665
275 0 169 125 0.015763288
608 1442 157 94 0.015625218
111 672 251 316 0.015619953
0 969 43 105 0.0155955795
354 653 234 298 0.015590029
906 1208 22 20 0.015554565
396 0 166 121 0.015541672
891 366 37 54 0.015367797
14 895 310 441 0.015319701
835 1139 86 109 0.015304571
0 240 109 257 0.015296741
836 380 64 85 0.015287988
84 519 189 256 0.0152235655
942 304 82 102 0.015212486
0 378 70 190 0.015143527
937 719 87 221 0.015070384
1020 1522 4 14 0.015053787
808 1490 92 46 0.015042784
635 0 165 118 0.0150407115
81 798 305 381 0.014978793
913 683 63 76 0.014958396
12 767 112 103 0.01487017
643 382 320 425 0.014824965
675 681 261 253 0.014816162
834 341 26 48 0.014814836
985 1368 28 67 0.014811647
347 0 140 99 0.014761301
426 609 340 421 0.014739287
0 866 65 152 0.014725409
472 0 16 10 0.0146150505
544 24 341 478 0.014593196
460 59 278 379 0.014559247
0 564 71 181 0.01453564
33 0 169 128 0.014507759
0 1181 111 271 0.014491338
96 0 170 123 0.014460332
811 0 175 124 0.01438093
944 561 80 206 0.014343791
533 1112 378 424 0.014331402
1022 1525 2 11 0.014256062
79 139 337 494 0.014250721
896 351 64 68 0.014243481
759 0 142 103 0.014211435
492 729 42 53 0.014197286
527 0 140 96 0.014143768
939 1160 85 201 0.01410559
348 431 124 171 0.014093655
829 471 13 14 0.014085436
467 0 140 97 0.014083944
2 778 65 82 0.014051889
890 1 64 44 0.01404918
851 336 29 44 0.014014855
442 1407 184 129 0.01399433
157 98 158 190 0.01398166
0 804 53 90 0.013981042
692 57 13 21 0.013979049
31 1360 163 176 0.013973531
169 0 139 96 0.013889923
112 1031 160 165 0.013883241
25 879 160 195 0.013857852
0 85 75 189 0.01380189
7 1272 144 227 0.013781327
168 280 27 30 0.013745047
0 864 40 105 0.013725439
19 532 176 248 0.0137117775
836 305 159 207 0.013642238
469 343 193 268 0.013631303
836 357 19 29 0.013628932
377 956 381 481 0.0136058405
932 329 92 141 0.013593895
550 684 350 457 0.0135694025
844 1434 142 102 0.013550412
712 401 116 146 0.01352017
675 24 218 284 0.013423598
663 847 234 319 0.013417721
0 274 69 177 0.013409645
167 1055 148 167 0.01335947
0 928 55 118 0.013330193
1002 1358 18 22 0.013303809
227 0 142 97 0.013294578
154 571 199 250 0.0132855335
883 327 27 42 0.013241724
544 629 254 225 0.013137482
597 0 123 99 0.013112205
17 124 195 269 0.013105202
813 1168 87 102 0.013102724
867 1474 102 62 0.013067335
89 1368 179 168 0.013007824
867 373 47 63 0.012972705
374 455 152 208 0.012967668
242 574 177 207 0.012965758
467 275 172 227 0.012946859
272 1476 109 60 0.012930742
1014 1344 10 47 0.012920927
943 43 16 16 0.012905417
645 386 131 162 0.0128687015
0 203 68 176 0.012867633
777 1494 85 42 0.012866024
227 1057 142 169 0.012861026
1002 0 22 42 0.012852929
544 54 193 236 0.0128174815
917 313 70 85 0.012774394
975 756 49 91 0.012766916
566 936 202 280 0.0127603235
949 887 17 17 0.012754729
507 1434 164 102 0.012753296
0 1222 68 178 0.012743553
618 696 216 193 0.012743019
670 398 196 268 0.012730123
738 1491 78 45 0.012717371
9 999 18 16 0.012688368
478 219 128 160 0.012682127
339 1189 239 274 0.012662946
738 419 142 168 0.012654462
339 975 236 286 0.012645258
881 339 21 22 0.012605759
883 0 118 91 0.012584025
883 0 13 9 0.012578428
376 870 140 162 0.012568291
613 131 16 23 0.0125676785
979 1168 45 90 0.012548486
349 990 148 165 0.01253315
0 1087 167 287 0.012529103
483 570 225 284 0.012528807
987 1357 29 42 0.012507523
469 0 27 16 0.01248184
876 0 14 9 0.012479913
469 770 241 314 0.0124772
858 339 21 20 0.012474243
404 397 135 193 0.012433391
115 0 15 9 0.012429821
122 0 15 9 0.012424013
241 62 245 327 0.012397698
0 1155 65 180 0.012366222
19 655 188 237 0.012343481
833 1216 77 100 0.012322756
1017 1360 7 42 0.01231931
479 730 34 51 0.012259266
244 1016 242 281 0.012256236
0 805 39 55 0.012255125
476 0 58 44 0.012244427
0 0 14 17 0.01223477
514 1011 194 251 0.012233361
844 249 99 139 0.012176836
816 366 62 79 0.012143866
153 238 49 67 0.012126097
946 0 14 9 0.012115812
59 1 58 38 0.012113639
109 1039 226 249 0.012093685
521 696 153 174 0.01208533
287 347 146 196 0.012058339
473 141 129 169 0.012057789
646 623 225 224 0.012048526
17 800 136 172 0.012031926
363 757 76 107 0.012031559
951 472 43 48 0.012015778
918 1481 67 55 0.011988102
132 911 150 178 0.011986757
881 517 143 289 0.011985671
888 404 121 134 0.011973399
297 1094 236 304 0.011940086
902 363 19 21 0.011933311
406 926 235 295 0.011930454
45 0 15 10 0.011910899
953 0 14 9 0.0119106565
15 245 191 261 0.011880395
1018 1179 6 52 0.01187145
859 372 23 34 0.011854856
1011 0 13 28 0.011834871
994 1353 28 35 0.011828655
449 47 195 243 0.011821604
987 0 14 9 0.011782324
790 1179 206 268 0.011773846
950 1134 74 104 0.0117632765
397 592 119 161 0.011754052
196 1172 143 160 0.01175165
500 717 21 22 0.011743009
939 0 14 9 0.0117400335
875 315 33 44 0.0117237
841 354 24 31 0.011722141
332 712 167 194 0.011703994
1015 1370 9 55 0.011685096
870 1184 35 38 0.011652223
222 1443 145 93 0.01163865
491 709 36 50 0.01161535
566 400 153 208 0.011595466
502 96 186 241 0.01157869
994 1387 30 121 0.011548957
512 193 179 241 0.0115440935
592 0 14 10 0.011533572
1011 1383 13 63 0.01151682
965 0 14 9 0.0115141375
979 0 14 9 0.01148496
37 750 134 163 0.011466728
374 940 142 160 0.011447635
835 1503 57 33 0.011442382
230 668 146 176 0.011435941
0 1010 33 49 0.011431823
761 1134 185 230 0.01142379
696 0 27 20 0.011416531
705 1478 84 58 0.011413948
0 0 43 58 0.011389622
646 1472 99 64 0.011383301
890 0 13 9 0.011383014
603 0 14 10 0.011369594
15 1428 130 108 0.01136447
931 0 14 9 0.011335167
206 1318 154 210 0.011322496
0 422 36 103 0.011318617
972 0 14 9 0.0113062365
201 1104 141 166 0.011298332
70 758 80 65 0.011281256
994 1358 17 24 0.011272705
174 995 135 168 0.011265878
373 1044 144 174 0.011261432
794 823 214 278 0.011257819
602 274 183 232 0.011249715
858 1177 31 42 0.011205778
459 712 189 223 0.011199163
473 437 132 187 0.0111943465
0 840 35 85 0.011181492
704 1449 139 87 0.0111618135
584 0 15 10 0.011158899
775 1447 148 89 0.0111461
0 1458 95 78 0.011141462
498 0 16 10 0.011130515
746 13 166 196 0.011095383
644 0 14 10 0.011090306
196 769 205 260 0.011074378
792 607 183 226 0.011069166
856 1157 47 59 0.011067218
701 192 264 381 0.01104832
156 0 15 9 0.011037398
894 373 24 33 0.0110355355
325 1324 150 191 0.0110351
824 385 198 265 0.011034224
707 12 17 24 0.011026112
187 944 233 287 0.011001781
290 1027 144 165 0.0109929405
1021 1184 3 46 0.010979931
610 0 15 10 0.010972737
73 946 165 197 0.010971394
23 657 115 141 0.010947551
0 667 57 140 0.010943386
163 0 15 9 0.010941843
259 7 196 232 0.0109384125
659 0 14 9 0.010933853
48 41 18 20 0.010929278
845 1210 50 64 0.010926255
0 972 18 36 0.010912554
959 392 65 122 0.010910214
620 52 188 235 0.010901916
81 0 15 9 0.0108965095
92 1118 139 169 0.010896153
1023 1187 1 39 0.01089322
37 0 15 9 0.010892014
434 1449 84 87 0.010888364
52 0 14 9 0.010885803
318 900 148 162 0.010867688
227 348 139 181 0.01085767
426 0 107 80 0.010852651
735 61 234 332 0.010852287
348 861 238 304 0.010849903
577 0 14 10 0.010848634
897 1207 36 47 0.010846599
705 559 206 242 0.01083315
275 855 140 166 0.01082631
714 0 26 20 0.010824597
985 67 39 108 0.010819473
1019 1346 5 40 0.010780211
618 0 14 10 0.010766915
86 1133 77 99 0.010765249
0 0 26 34 0.010757133
650 1201 123 159 0.010752789
905 1197 30 35 0.0107439365
175 0 14 9 0.010741023
0 1478 39 58 0.010731939
651 0 15 10 0.010722848
444 580 63 96 0.010722294
1023 1362 1 34 0.010721998
376 804 136 159 0.0107210195
489 833 106 127 0.010720577
0 984 8 19 0.010720336
569 0 15 10 0.010712591
289 741 141 162 0.010707342
438 26 136 191 0.0107071735
897 0 14 9 0.010698882
674 0 14 9 0.010680935
406 674 139 172 0.010672122
981 1181 37 43 0.010656383
611 687 53 35 0.010650213
489 1194 221 271 0.010643974
494 743 17 32 0.010638699
636 0 15 10 0.010638175
184 1296 131 180 0.01063813
606 459 234 295 0.010633285
972 339 52 105 0.010623885
639 630 172 131 0.01062275
832 323 44 58 0.01062065
231 0 63 43 0.010618626
292 969 143 157 0.010614736
73 0 16 9 0.010601304
562 0 14 10 0.010578464
979 1230 45 98 0.010563716
629 0 15 10 0.01055947
127 0 108 78 0.010556645
292 0 28 21 0.010542677
1021 1302 3 42 0.010511847
1004 313 20 86 0.010477213
0 1003 6 17 0.010474657
34 0 110 83 0.010467662
865 1199 98 119 0.010460241
177 885 138 174 0.010449702
477 681 102 94 0.010447155
612 1197 221 269 0.010424934
800 301 108 137 0.01041591
73 29 147 198 0.010412763
600 38 109 139 0.010397132
580 228 142 182 0.010389842
337 774 71 84 0.010389241
224 1220 142 174 0.010387647
865 1507 52 29 0.010384296
271 130 159 196 0.010383864
316 0 15 10 0.010379095
1000 1184 24 88 0.010378698
314 758 218 268 0.010374521
418 836 135 155 0.010367402
193 0 15 9 0.010355248
506 701 32 26 0.010352185
558 821 211 275 0.010344983
321 1079 144 165 0.010340989
879 1170 47 59 0.0103297215
0 992 7 18 0.010326861
318 51 194 246 0.010322663
869 0 13 9 0.0103217205
481 0 16 10 0.010314363
6 1001 12 13 0.010306639
719 772 213 241 0.010295776
971 338 39 44 0.010292001
1023 1311 1 36 0.010289186
783 703 210 246 0.010282231
881 0 24 18 0.010280738
845 454 51 77 0.010269194
786 1204 116 142 0.010262287
896 383 41 50 0.010261102
557 49 13 22 0.010257062
1023 1348 1 33 0.010248049
67 0 15 9 0.010227851
718 0 112 92 0.010227632
1023 0 1 28 0.01022563
0 728 79 107 0.010225249
328 1462 107 74 0.010224194
867 1207 24 33 0.010219971
30 0 14 9 0.010216203
447 806 175 231 0.010215889
765 310 165 206 0.010199886
324 0 15 10 0.01019686
182 504 139 190 0.010194575
554 0 15 11 0.010192978
588 735 153 151 0.010192747
640 909 161 210 0.010182392
581 0 94 67 0.010168538
662 0 105 79 0.010160193
712 0 58 39 0.01015938
762 490 124 166 0.010158359
1007 473 17 51 0.010157845
835 1222 112 154 0.010154305
946 662 46 64 0.0101409685
208 0 15 9 0.01013754
637 770 180 181 0.010124463
99 679 161 189 0.010124312
23 750 82 76 0.010116206
201 0 14 9 0.010116162
1013 324 11 64 0.010112566
506 0 15 10 0.0101119755
448 254 130 165 0.010106058
398 411 66 91 0.010088907
247 27 19 18 0.01005425
574 140 148 185 0.010053691
888 1129 65 81 0.0100504225
887 1500 67 36 0.010048908
249 878 236 294 0.010048855
547 0 15 11 0.010045544
1020 1248 4 49 0.010039551
973 287 51 90 0.01002066
1011 1192 13 62 0.010014845
131 260 62 69 0.010011438