9_Press_Conference_Press_Conference_9_74
1029
139 274 80 90 0.86396223
460 259 80 114 0.863095
856 276 78 91 0.85582
971 556 14 19 0.048151482
16 465 9 14 0.047941715
881 522 11 12 0.046504993
659 481 15 16 0.045701154
812 191 12 19 0.04354066
12 509 51 85 0.04352062
973 191 11 18 0.04314479
923 116 11 17 0.043073226
202 118 11 16 0.042228803
697 267 12 16 0.040671043
990 191 11 18 0.039520074
914 466 10 13 0.038572736
755 266 12 17 0.038330637
703 117 12 17 0.037764
359 117 10 16 0.037557743
887 464 10 13 0.037521087
964 470 13 14 0.03746286
16 483 24 27 0.037271217
691 342 12 17 0.036527317
524 191 11 17 0.03599731
514 42 11 16 0.03584131
611 41 10 12 0.035335377
255 268 11 16 0.035248592
43 268 12 17 0.034933187
941 193 12 18 0.034535144
864 117 11 17 0.034424916
422 341 11 16 0.033981286
687 415 11 18 0.033462476
773 267 11 17 0.03300511
172 43 11 16 0.03264575
918 501 10 12 0.03238922
466 192 11 17 0.032294575
45 194 11 17 0.03209716
917 520 10 12 0.03182874
940 116 12 16 0.03152441
0 0 77 100 0.030806025
548 495 14 15 0.030190708
538 265 13 19 0.02993992
801 116 10 14 0.029456964
880 117 12 18 0.029418195
673 41 11 17 0.029402876
665 268 13 17 0.029383
498 729 14 15 0.02931957
19 417 12 18 0.029237192
907 0 117 100 0.028754937
271 267 11 17 0.028102849
541 192 11 18 0.028036468
463 609 14 13 0.02759294
309 192 12 18 0.02743486
690 41 11 17 0.027326904
29 194 10 17 0.026975544
22 476 12 15 0.026733622
20 462 17 20 0.02667613
19 487 15 19 0.026617635
449 311 89 121 0.026593821
0 457 69 128 0.026565084
106 277 99 118 0.026541773
74 192 12 14 0.02632361
978 724 46 44 0.025814338
972 558 10 13 0.025811294
0 516 9 19 0.025592368
457 250 57 87 0.025433527
135 321 88 112 0.025404755
732 42 11 16 0.025169672
0 0 40 51 0.024971182
954 256 70 114 0.02491857
532 699 11 15 0.024824833
937 700 87 68 0.024764461
297 117 12 14 0.024750318
176 298 49 63 0.024483217
957 463 15 18 0.024394102
865 495 38 50 0.024245739
842 0 182 202 0.024206802
1015 413 9 26 0.024162339
416 117 11 17 0.024107715
667 607 14 13 0.024004523
571 190 12 15 0.023980876
802 265 12 15 0.023966694
503 710 9 10 0.02386828
920 468 12 12 0.023819372
417 271 102 133 0.023744982
17 44 11 17 0.02373625
891 298 49 65 0.023679303
966 0 58 55 0.023582388
483 191 12 19 0.023552774
94 608 13 13 0.023541985
153 242 74 101 0.023440963
988 310 36 82 0.023394316
419 223 91 123 0.023323398
670 416 12 18 0.023282463
375 117 11 18 0.023174284
676 490 12 15 0.023125721
868 308 79 96 0.023116756
0 665 80 103 0.022735199
129 273 52 73 0.022691287
878 241 60 87 0.02268704
13 523 10 11 0.022622185
961 474 13 17 0.02260917
714 266 12 18 0.0225179
844 532 180 236 0.022407804
0 519 140 249 0.02224781
230 43 10 16 0.022115959
532 256 86 113 0.021973738
955 490 13 17 0.021841237
287 341 11 14 0.021808
929 187 95 180 0.021786733
450 188 89 140 0.02176693
156 285 91 108 0.02173673
348 342 11 19 0.0216995
19 468 20 24 0.021680864
966 554 13 18 0.021630274
857 258 113 142 0.021398509
728 416 11 16 0.02136798
847 240 71 102 0.021297146
966 475 9 11 0.021239396
370 0 150 102 0.021161668
115 294 61 72 0.021155108
275 41 11 13 0.021135304
104 227 96 124 0.021064669
433 116 11 17 0.021050138
596 0 151 107 0.020991283
0 0 150 206 0.020987956
788 341 11 14 0.020982113
970 115 12 14 0.020948922
14 459 16 20 0.020927953
566 682 52 56 0.020917095
16 466 14 19 0.02088689
61 0 149 106 0.02088687
0 98 29 68 0.020821529
151 0 149 105 0.020809587
909 190 12 15 0.020784412
848 180 92 137 0.020693045
928 465 9 12 0.020674752
688 0 148 108 0.020672368
283 0 151 108 0.020660136
2 468 44 80 0.020565303
510 0 149 108 0.02051354
775 0 149 109 0.020476904
841 607 14 13 0.020457938
850 341 13 15 0.0204316
779 40 10 13 0.020420548
0 711 42 57 0.020340504
998 336 26 69 0.020333719
435 192 12 18 0.020262111
829 288 73 83 0.020087712
1 456 20 29 0.020076895
74 0 78 59 0.02005423
134 179 91 129 0.019965278
916 85 108 202 0.019913165
642 42 11 16 0.019880908
28 0 78 57 0.0197996
188 43 11 16 0.019767925
0 545 9 19 0.019643642
489 253 56 85 0.019506393
29 519 37 60 0.01948099
635 265 12 15 0.019434372
400 728 50 40 0.019344551
6 513 39 59 0.019343253
968 498 12 15 0.019338863
0 0 25 34 0.019315578
214 266 11 14 0.019308131
405 342 12 18 0.019287394
586 0 79 59 0.019208424
684 480 21 31 0.019189792
364 342 12 18 0.019179996
653 0 79 59 0.019088686
1018 418 6 18 0.019083088
385 0 79 55 0.019057948
0 483 10 28 0.01899081
476 304 59 73 0.018982783
140 0 78 57 0.018933443
111 43 11 12 0.018868173
255 0 121 86 0.018813413
544 494 22 25 0.018811403
924 263 100 172 0.01866194
462 116 12 14 0.018643519
745 0 123 88 0.018640656
38 522 13 18 0.018608432
565 0 124 87 0.018583657
874 460 9 13 0.01842572
46 541 12 13 0.01836812
142 214 119 153 0.01832733
542 0 79 59 0.018287273
430 0 77 56 0.01825671
116 0 125 85 0.01820734
29 464 11 14 0.018168947
1023 403 1 9 0.018094774
432 0 121 79 0.0180579
654 0 125 86 0.018054225
899 0 80 56 0.018037194
141 257 55 67 0.018016418
478 0 120 83 0.017988045
6 515 72 129 0.017972855
13 520 15 18 0.017952885
399 337 95 118 0.017917655
864 657 153 111 0.01789383
27 0 126 89 0.017861564
965 464 16 18 0.017793894
439 744 9 10 0.017713968
996 747 28 21 0.0176446
186 0 78 57 0.01762866
832 0 127 88 0.017591985
885 467 9 11 0.017559327
915 501 15 19 0.017408594
327 118 12 17 0.017355867
422 743 29 25 0.017319996
700 0 78 59 0.01731878
635 662 151 106 0.01731578
931 465 11 15 0.017300595
917 467 10 11 0.01718702
856 149 168 302 0.017184293
218 0 103 69 0.017066678
586 667 45 57 0.017057171
955 340 13 14 0.016908592
879 459 16 16 0.01688406
663 481 11 10 0.016840467
342 0 78 57 0.016835153
855 0 77 57 0.016808046
832 118 12 17 0.016768
0 93 49 92 0.016751917
962 547 11 10 0.016726471
414 0 65 44 0.01668072
404 191 13 14 0.016672678
274 607 14 14 0.016658647
0 223 74 182 0.016652066
967 558 9 13 0.016543021
856 344 75 98 0.01648595
971 194 9 13 0.016451644
4 480 34 43 0.016424537
11 0 65 48 0.016401684
714 331 48 68 0.016389778
0 286 39 97 0.01638889
508 265 133 167 0.01634156
614 0 67 48 0.016313577
122 0 67 47 0.016275547
943 342 81 115 0.016259216
296 0 76 61 0.016255615
20 470 13 14 0.016228944
813 208 113 159 0.016219147
14 666 151 102 0.016212514
169 0 65 46 0.016162425
916 515 15 19 0.016070202
552 662 156 106 0.016060598
300 266 12 14 0.016056392
87 340 95 116 0.016005509
13 460 10 17 0.015968818
0 520 5 13 0.015958434
908 462 14 18 0.015928648
516 284 74 95 0.015925251
45 257 87 111 0.015915003
370 709 78 59 0.015874553
683 0 65 46 0.015847301
1 437 40 67 0.015807359
951 522 10 12 0.015760161
883 0 65 44 0.01574377
619 695 121 73 0.015740572
0 321 27 68 0.015711062
749 40 11 16 0.015672404
0 176 40 98 0.015665704
627 452 21 29 0.01564385
197 0 151 142 0.015615473
513 183 134 179 0.015610631
919 496 12 14 0.015600228
486 326 91 117 0.015548511
788 0 76 64 0.015516473
837 313 80 100 0.0155027555
0 94 137 358 0.015494225
479 0 299 221 0.015491197
9 509 28 38 0.015470117
962 191 62 105 0.015468161
874 499 12 14 0.015454026
238 341 11 14 0.01543229
1010 404 14 31 0.0153547805
551 494 9 10 0.015333117
526 0 65 48 0.01528529
327 0 154 141 0.015270449
982 269 42 78 0.015265013
966 451 58 101 0.015207126
564 692 80 76 0.015205239
0 243 39 101 0.015181769
105 0 56 40 0.015175865
900 453 70 93 0.015162502
561 40 10 13 0.015158442
966 559 16 20 0.015128818
0 43 73 189 0.015127522
960 458 16 17 0.015119565
970 562 9 12 0.015104256
354 191 13 15 0.015104175
61 0 56 39 0.01509351
956 469 12 16 0.015085015
460 0 63 45 0.015054509
695 265 10 14 0.015036894
794 283 76 97 0.015002295
106 663 151 105 0.0149906855
743 0 77 57 0.014956115
956 460 11 16 0.014872004
881 516 16 20 0.014864873
888 700 107 68 0.014786294
552 544 14 18 0.01478433
777 658 157 110 0.0147816045
959 554 13 20 0.0147508755
32 467 11 15 0.0147389285
994 0 30 29 0.014720869
928 22 96 136 0.014713203
374 0 55 37 0.014709691
665 0 55 38 0.01470288
155 77 142 198 0.014685738
0 129 72 195 0.014670223
743 334 129 162 0.014645098
1012 204 10 10 0.014637766
902 485 40 53 0.01461305
701 254 102 125 0.014601024
214 0 295 216 0.014600187
963 477 9 10 0.014588169
575 0 56 40 0.014583803
907 449 11 13 0.014568073
0 488 6 16 0.014553641
460 709 76 59 0.014550315
963 637 61 107 0.014540507
819 342 12 17 0.014536423
196 0 55 36 0.0145321125
468 350 139 174 0.014506109
664 482 18 21 0.0144777475
995 716 19 19 0.014466701
574 546 285 222 0.01446476
896 453 20 24 0.014463969
45 298 88 113 0.014461873
638 415 14 19 0.014450712
111 320 52 64 0.014445775
356 256 87 108 0.01443224
758 259 83 104 0.014413779
26 702 87 66 0.014373567
642 0 55 38 0.01436989
378 529 274 239 0.014355048
897 451 40 46 0.014344294
12 466 31 39 0.014338863
312 225 51 66 0.014310242
1010 0 14 15 0.014304427
149 327 59 71 0.014289411
850 703 91 65 0.014258335
205 704 85 64 0.014253221
0 620 44 101 0.014243731
22 480 13 19 0.014218241
92 703 90 65 0.014197999
916 456 18 21 0.014151608
0 326 39 101 0.014123526
911 0 54 35 0.014109898
131 338 55 67 0.014109749
1021 402 3 11 0.014101917
0 278 26 71 0.014099914
51 513 268 255 0.01406303
0 396 42 72 0.01405911
938 194 11 14 0.014011874
685 700 88 68 0.014001524
397 486 106 115 0.014001
6 455 32 38 0.013999387
340 327 127 163 0.013989242
468 742 8 10 0.013971662
32 0 293 214 0.013967002
905 456 15 20 0.013966929
760 304 86 106 0.013966167
691 489 15 21 0.013935359
976 559 12 16 0.0139341
110 353 133 175 0.013921424
175 338 90 110 0.0139155565
163 708 81 60 0.013890542
235 0 65 46 0.013884703
655 0 303 209 0.013866224
969 74 55 116 0.01385374
754 394 42 56 0.013841686
324 0 66 47 0.013833834
218 0 55 37 0.01382864
497 707 28 30 0.013818414
545 713 73 55 0.013810342
930 725 60 43 0.01380905
977 501 47 69 0.013788383
785 701 88 67 0.013769659
31 460 12 15 0.013752831
357 297 90 110 0.013746753
463 324 60 73 0.013715569
839 0 65 47 0.013676131
657 485 12 14 0.013658049
710 0 55 37 0.013638296
971 409 53 92 0.013636193
632 450 38 47 0.013634095
900 327 124 201 0.013632699
555 231 136 176 0.013627505
0 546 48 135 0.013610877
978 33 13 18 0.013600703
17 495 20 24 0.013592733
988 194 9 13 0.0135844955
933 0 56 36 0.013570514
170 46 9 12 0.013542535
958 493 15 18 0.013537699
849 340 19 23 0.013526776
983 192 15 21 0.013524951
942 191 9 13 0.013523435
35 206 150 172 0.013512061
244 658 154 110 0.013495723
872 464 10 15 0.013484092
911 555 17 23 0.013471449
979 682 45 74 0.013458421
892 341 87 110 0.013448474
196 319 49 64 0.0134307975
421 288 67 83 0.0134269
141 44 12 17 0.013425623
0 354 54 105 0.013421127
826 73 144 216 0.013415287
464 668 150 100 0.013405495
0 187 9 26 0.013401432
331 657 147 111 0.013390996
487 0 54 37 0.013374102
753 269 9 13 0.013363328
293 701 83 67 0.013362373
888 459 14 19 0.01334841
0 25 48 130 0.013343481
716 24 83 104 0.013334699
673 415 43 58 0.013298443
903 381 47 76 0.013296459
562 83 140 193 0.013290901
542 496 16 17 0.013288639
964 559 10 14 0.013287968
0 210 25 68 0.013280433
669 42 12 15 0.013278904
909 319 51 65 0.013260281
924 423 100 164 0.0132577475
918 486 106 192 0.013229059
509 0 54 38 0.013227953
890 442 59 72 0.013196096
1 515 30 43 0.013183843
973 500 9 11 0.013169035
814 0 66 49 0.013152016
193 724 60 44 0.013150843
969 458 13 15 0.013132473
455 527 24 23 0.0131244855
966 473 15 19 0.013123291
0 314 108 192 0.01307911
817 342 17 27 0.013079093
841 723 65 45 0.013065193
16 526 9 10 0.013056162
884 723 66 45 0.013055009
861 249 48 60 0.013051048
914 460 12 15 0.0130496295
980 52 44 83 0.013048262
123 722 66 46 0.013047164
832 296 122 160 0.013046414
957 471 22 27 0.013045725
1022 408 2 10 0.013042599
424 81 134 198 0.013000238
554 494 10 10 0.01297904
45 542 8 10 0.012973719
209 540 34 36 0.01296676
0 519 42 98 0.012964613
466 43 140 191 0.012950517
775 0 63 49 0.012945858
799 260 214 298 0.012944118
885 518 9 12 0.012939063
809 195 11 14 0.01293706
248 700 89 68 0.012930354
875 464 12 12 0.012920552
461 564 58 65 0.012915334
0 120 41 107 0.012911702
961 549 63 118 0.012892896
654 234 133 166 0.012872728
865 511 34 60 0.012853824
373 47 146 195 0.012851714
691 152 239 299 0.012850986
149 724 62 44 0.012834966
823 312 64 78 0.012830795
439 221 136 186 0.012825305
286 0 53 40 0.012793714
505 709 13 13 0.012792089
397 748 41 20 0.0127885835
206 24 85 106 0.012788172
584 670 33 37 0.0127810035
732 0 54 38 0.012778945
286 21 9 12 0.012756883
803 301 49 65 0.012750764
689 344 9 13 0.012749541
85 381 95 121 0.012748678
891 170 91 127 0.012715968
27 468 13 16 0.01270593
719 502 16 14 0.012705229
172 337 53 66 0.0127037065
6 208 238 292 0.012692199
596 45 155 198 0.012690476
317 343 12 18 0.012688874
21 492 9 12 0.012688285
718 0 83 81 0.012674294
149 716 16 21 0.012669996
776 724 60 44 0.012669062
505 565 44 53 0.012657912
230 515 277 253 0.012650055
81 283 76 96 0.012649166
923 458 13 17 0.012646553
333 197 130 164 0.012634331
434 370 114 140 0.012631775
58 722 64 46 0.012609526
15 722 62 46 0.01260662
879 119 9 13 0.0126000745
799 347 93 113 0.012573395
43 344 93 120 0.012573142
389 281 74 99 0.0125687355
0 419 91 229 0.012559223
237 723 63 45 0.012545095
964 467 10 12 0.012542433
745 416 12 17 0.012527471
737 340 13 15 0.012514649
382 504 141 168 0.012502125
915 519 9 10 0.012498289
639 1 160 190 0.012481396
859 190 12 15 0.012464916
174 169 90 121 0.012455035
505 204 9 10 0.012451273
973 188 9 14 0.01243943
502 713 8 9 0.012434992
673 255 87 110 0.012432783
62 42 10 13 0.012432021
959 488 13 16 0.012416325
662 721 73 47 0.012415084
560 656 55 65 0.012414072
481 179 89 131 0.012409959
791 135 131 198 0.012403994
640 608 14 14 0.012394091
544 674 67 83 0.012392157
246 42 11 16 0.0123918615
805 168 90 129 0.012386956
892 18 97 113 0.012381897
0 424 32 55 0.012358383
158 395 19 16 0.012350834
29 544 76 109 0.012347742
0 494 8 23 0.012344915
699 264 8 13 0.012320684
186 38 154 206 0.012311022
960 548 13 16 0.012307335
41 540 21 28 0.012295975
700 117 11 14 0.012291335
77 141 126 187 0.012284972
129 0 285 293 0.012279032
0 264 136 365 0.012274193
512 244 76 101 0.012270551
886 467 12 16 0.012268603
933 114 15 20 0.012265174
664 270 9 12 0.012261373
0 464 17 29 0.012260435
392 703 100 65 0.012258561
984 396 40 61 0.012258451
691 325 134 167 0.012258283
88 267 12 14 0.012252198
938 118 9 12 0.012247996
563 717 12 13 0.0122301
285 724 61 44 0.012220122
2 393 78 138 0.012211671
0 39 222 327 0.012204397
19 451 21 26 0.012197172
0 61 25 67 0.012191
303 320 68 87 0.0121829165
896 464 16 22 0.01215268
327 248 56 74 0.0121507775
429 758 26 10 0.012142817
352 716 17 17 0.012136888
522 194 9 12 0.01212744
0 473 10 27 0.012123567
206 266 19 27 0.012119336
853 278 48 61 0.012117324
863 449 81 102 0.012116623
975 616 49 82 0.012107366
108 44 147 203 0.012099758
0 716 13 15 0.012095984
582 122 83 115 0.012088962
985 362 39 65 0.012077102
754 0 54 37 0.012076557
419 9 149 181 0.012066619
880 448 117 161 0.012044556
712 52 9 11 0.012037925
931 384 67 88 0.012020929
41 268 17 26 0.012020614
586 141 261 321 0.012005982
1019 411 5 16 0.012000085
714 353 89 107 0.011983211
29 513 28 42 0.011980757
538 739 59 29 0.011965082
508 594 233 174 0.011960526
911 304 28 41 0.011958041
397 387 97 115 0.011957021
888 332 48 53 0.01195286
0 482 5 15 0.0119507555
979 233 45 80 0.01193064
614 336 46 67 0.011930587
303 284 109 130 0.01192314
490 712 79 56 0.011910536
14 490 29 41 0.011907698
584 265 13 15 0.011896135
0 0 10 13 0.011892052
674 296 90 112 0.011873814
924 594 100 164 0.01186386
448 558 83 107 0.011862423
264 0 53 38 0.01186031
728 43 11 13 0.0118578775
198 116 12 15 0.011857518
549 0 154 180 0.011857275
1009 368 15 38 0.011852833
920 518 10 11 0.011849157
630 649 88 106 0.01184822
741 704 85 64 0.011846133
534 695 11 15 0.011837797
0 635 26 70 0.01182636
558 682 36 47 0.011826118
506 306 44 67 0.0118182665
874 499 25 30 0.011818062
541 484 29 27 0.0118149305
654 482 17 23 0.011803731
674 35 159 204 0.011795639
503 239 55 77 0.011794756
610 548 80 101 0.011790364
41 268 9 13 0.011775297
133 154 258 295 0.011769049
915 450 41 47 0.01176785
150 308 135 166 0.01176762
654 479 29 32 0.011738336
204 114 12 17 0.011724919
993 188 14 18 0.011717065
750 115 11 15 0.011698986
331 82 147 197 0.011684588
236 279 8 11 0.011680627
954 483 20 25 0.011672382
0 167 24 69 0.011664687
500 727 9 12 0.011658524
446 730 54 38 0.011657712
201 132 138 200 0.011652407
452 476 85 95 0.011651291
297 207 56 75 0.011646274
18 470 9 11 0.011624458
275 264 40 52 0.011603366
982 134 42 75 0.011590983
577 392 47 70 0.011588909
473 76 80 110 0.011586767
396 19 92 109 0.011580036
726 723 63 45 0.011576785
890 108 101 137 0.011560518
773 29 161 216 0.011550279
325 726 59 42 0.011544348
308 0 276 279 0.011539787
229 258 80 110 0.0115351165
595 120 148 198 0.011528554
383 615 81 107 0.01151594
45 185 45 59 0.011514099
251 269 11 14 0.011513142
755 273 10 13 0.01150963
451 272 46 73 0.011505608
534 338 91 115 0.011503055
0 494 3 10 0.011499489
118 273 39 62 0.011487648
896 562 16 19 0.011482007
860 367 164 344 0.011476813
1014 382 10 23 0.011471108
344 547 149 184 0.011470831
60 627 155 141 0.011455149
923 471 11 12 0.011449215
90 128 80 104 0.011449017
832 371 127 168 0.011441975
677 492 15 20 0.011437155
530 94 114 156 0.011437058
793 63 231 311 0.011434476
978 171 46 73 0.011428672
974 551 18 23 0.0114185065
876 553 82 103 0.01141367
305 337 109 135 0.011410875
245 318 137 168 0.011405895
158 312 57 61 0.011398444
0 671 35 86 0.011396758
406 561 97 115 0.01139184
628 260 43 55 0.011387373
430 749 33 19 0.011383724
698 733 47 35 0.011375663
886 522 10 11 0.011369351
356 0 92 96 0.01136597
987 443 37 64 0.011363051
410 627 44 62 0.011363039
779 204 9 10 0.0113623645
1 494 30 42 0.011361069
549 700 13 17 0.011346232
763 264 16 20 0.01134533
903 259 55 73 0.011342245
137 379 73 96 0.011334704
985 411 22 30 0.011328874
652 523 150 193 0.011320069
660 480 10 9 0.011318198
698 505 78 105 0.011316557
354 728 60 40 0.011307972
27 478 9 11 0.01130605
969 466 9 12 0.011305315
134 119 92 127 0.011301083
806 399 50 72 0.011299137
663 453 12 15 0.011297526
0 10 26 66 0.011297335
695 481 23 22 0.0112950485
846 110 100 140 0.011293701
671 482 26 31 0.011284972
0 367 25 71 0.011283929
493 329 50 55 0.01126425
925 118 14 18 0.0112581225
531 696 10 11 0.011237655
607 709 62 59 0.011231631
639 41 10 14 0.011212737
10 181 68 91 0.0112098865
161 461 6 10 0.011204673
859 116 13 16 0.011204666
952 464 13 18 0.011197411
326 347 50 63 0.011189865
151 23 9 10 0.011187927
865 735 57 33 0.011163294
6 587 80 119 0.011163081
162 408 14 14 0.011159784
384 527 91 115 0.011144251
277 295 72 90 0.01114285
955 396 48 58 0.011139029
969 301 50 73 0.0111361975
52 0 20 15 0.0111229345
397 192 34 46 0.011122155
749 211 103 130 0.01112167
689 422 47 59 0.011101866
346 455 145 178 0.011101169
920 33 12 14 0.011100455
135 15 87 106 0.011089594
468 191 16 22 0.011078885
506 200 265 316 0.011071432
664 27 53 68 0.011069575
753 405 26 37 0.011069513
660 486 16 20 0.011041042
934 467 11 17 0.011039569
0 536 14 30 0.011035764
648 451 140 181 0.0110317
247 116 12 15 0.011029255
128 254 45 62 0.011021061
692 220 88 110 0.01101768
71 89 83 112 0.011013285
917 487 12 17 0.011012503
63 256 47 63 0.011009595
937 464 39 48 0.011004729
21 415 8 13 0.011001475
705 113 14 19 0.010999228
414 463 141 163 0.0109878825
0 539 23 57 0.010986251
951 340 19 23 0.010978903
302 214 110 134 0.010972045
450 243 47 65 0.010971342
548 501 13 15 0.010967193
898 405 81 106 0.010958824
447 304 66 77 0.010952555
884 358 61 77 0.010944371
662 453 21 28 0.010935727
415 123 9 13 0.010930828
342 615 84 110 0.010929069
927 470 9 11 0.010927893
770 269 9 13 0.010923282
0 27 31 84 0.0109198475
663 426 40 52 0.010914665
529 702 11 15 0.010914134
357 626 48 64 0.010912511
40 0 20 14 0.010900138
0 139 25 72 0.010892836
173 267 46 61 0.010887518
710 302 58 77 0.010882536
829 116 12 16 0.010879412
0 265 6 15 0.010875735
175 380 94 118 0.010875337
37 528 14 19 0.010874377
271 547 85 112 0.010873744
904 280 36 56 0.010873312
204 717 12 12 0.010872203
969 192 17 27 0.010859791
684 417 11 14 0.01085975
40 388 94 126 0.010858406
210 54 8 10 0.010857524
220 209 261 317 0.01085235
921 121 10 15 0.010849801
824 377 78 101 0.010848979
303 354 67 88 0.010844194
196 304 28 42 0.010839398
577 157 99 130 0.01083792
359 0 40 29 0.010831862
27 199 11 15 0.010822922
613 243 117 145 0.010821103
89 527 89 112 0.010806875
1009 416 15 34 0.010804279
326 120 9 12 0.010792073
388 138 133 194 0.01079184
464 710 16 27 0.010789134
300 530 82 105 0.010783676
283 37 159 208 0.010779123
516 487 51 58 0.010775211
1022 396 2 12 0.010768617
48 542 15 15 0.010766405
16 481 133 182 0.010764429
145 614 157 154 0.0107643865
480 53 9 10 0.010763504
0 461 26 66 0.010762967
39 22 22 28 0.0107612545
521 370 115 143 0.01075719
122 0 22 15 0.01075393
928 438 61 75 0.010744891
670 171 87 107 0.010743994
870 546 23 28 0.010743224
511 41 10 14 0.010742665
521 566 30 33 0.010741876
163 25 52 68 0.010741384
670 461 39 49 0.010739788
959 332 57 80 0.010738561
150 369 52 65 0.010731853
902 463 15 20 0.010730638
26 148 80 112 0.010724933
602 414 19 23 0.010716235
635 560 52 64 0.010712969
378 49 92 124 0.010712134
870 476 40 55 0.010705792
470 34 12 16 0.010704096
99 24 46 66 0.010697184
428 606 87 112 0.010688102
482 355 63 74 0.010682452
479 462 80 91 0.010682065
174 0 20 15 0.010679437
155 447 24 36 0.010676145
90 170 87 122 0.010675032
485 740 52 28 0.010663986
640 586 48 63 0.010655802
25 493 18 24 0.010652601
0 445 14 31 0.010651151
0 188 6 17 0.010649296
946 519 12 13 0.010640209
47 575 41 57 0.0106358975
904 128 8 10 0.010633605
22 460 14 14 0.0106239775
444 340 53 66 0.010623647
253 191 136 175 0.010619401
29 191 9 13 0.010613328
524 197 9 14 0.010609778
35 505 18 28 0.010608473
25 324 152 209 0.010601059
269 325 49 63 0.010594375
13 510 18 24 0.010590621
579 300 90 112 0.010588511
0 217 6 14 0.010588144
370 398 73 91 0.010586241
292 617 85 110 0.010585097
190 0 21 15 0.010578517
0 549 10 29 0.010572993
814 193 16 20 0.010570185
467 709 9 11 0.010567739
280 240 76 106 0.010558757
390 534 55 80 0.010558088
678 419 29 38 0.010555116
686 572 235 196 0.010548472
624 667 53 71 0.010543173
921 115 9 13 0.010540061
17 476 34 41 0.010536782
23 83 132 194 0.010518614
474 604 49 72 0.010502745
947 154 75 107 0.010502436
478 266 47 77 0.010500033
509 714 12 13 0.010494361
851 466 58 83 0.010489025
728 111 14 20 0.010481553
649 451 38 47 0.0104810605
530 475 46 53 0.010478264
200 123 9 12 0.010458779
957 506 67 101 0.010458245
829 99 87 111 0.010457882
675 608 89 126 0.01045602
554 314 134 171 0.010453901
965 480 8 11 0.0104535455
369 744 56 24 0.010445236
800 319 58 74 0.010434229
823 493 145 189 0.010432908
605 0 41 29 0.010429807
971 197 11 16 0.010428995
252 264 12 16 0.010425751
849 341 8 12 0.010418137
540 31 49 62 0.010416209
553 492 16 16 0.010411859
964 33 11 14 0.010409621
416 41 250 322 0.0104038315
222 338 91 116 0.010401156
660 385 75 88 0.010391957
604 480 142 185 0.010391099
3 718 7 10 0.010390059
285 331 55 67 0.010384973
897 716 16 23 0.010383806
671 25 93 121 0.010382282
675 525 85 114 0.010379653
687 514 61 81 0.010371889
522 152 212 245 0.010371708
203 229 128 168 0.010368722
538 270 8 13 0.010364666
561 258 44 58 0.010362975
413 119 11 13 0.010362134
931 462 8 12 0.010361617
0 31 11 27 0.0103574535
731 47 9 13 0.010355232
687 403 144 189 0.010351243
623 168 88 111 0.010350655
434 122 9 14 0.010341819
27 105 84 110 0.01033854
10 206 8 10 0.010337391
354 116 12 15 0.01033551
909 464 48 60 0.01033538
972 465 9 10 0.010329027
581 642 74 89 0.010321791
320 295 68 85 0.010320295
743 286 70 87 0.01031971
821 224 73 106 0.010315714
0 24 5 13 0.010315298
57 124 82 108 0.010311593
959 487 8 12 0.010308712
878 580 15 18 0.010306156
878 33 11 13 0.010305323
24 0 39 29 0.010302925
756 264 8 13 0.010299175
872 47 92 125 0.0102974055
88 300 49 65 0.010293163
497 718 20 25 0.01029053
12 0 20 15 0.010285062
875 26 58 69 0.010281563
793 185 12 20 0.0102769425
64 522 151 190 0.010276112
258 270 10 12 0.010271826
576 208 97 124 0.010268065
158 28 88 115 0.01026786
33 540 42 67 0.010263379
43 522 10 14 0.010259071
971 411 29 36 0.010256318
243 715 18 20 0.010252748
662 401 42 53 0.010248315
998 420 26 57 0.010245327
922 390 47 66 0.0102379965
421 346 9 13 0.010232239
11 442 33 42 0.0102256695
552 499 13 14 0.010223868
917 481 14 18 0.010221725
55 32 46 60 0.010221296
0 742 23 26 0.010220695
485 710 10 15 0.010220504
516 17 86 107 0.0102173695
41 510 84 103 0.010217128
151 0 20 15 0.010216345
158 0 41 31 0.010213141
720 0 22 16 0.010211462
226 41 11 16 0.010210088
993 415 14 21 0.010209785
199 345 48 60 0.010208529
1019 723 5 18 0.010198596
23 486 63 90 0.010188615
680 126 150 199 0.010188369
163 0 21 15 0.010186603
621 208 100 127 0.010177384
48 55 82 110 0.010170888
397 96 89 114 0.010169379
486 108 94 129 0.010166627
17 416 10 14 0.010163109
573 734 56 34 0.010162412
457 180 45 57 0.010161233
42 329 53 65 0.010158615
973 465 12 16 0.010157395
313 182 75 99 0.010153491
286 635 55 70 0.010151431
602 409 138 178 0.010144734
457 485 143 182 0.010144566
726 418 8 12 0.010141183
681 108 13 19 0.010137544
492 731 10 11 0.010133166
771 15 79 100 0.010132541
533 471 34 34 0.010129097
113 107 84 108 0.01012769
962 558 8 13 0.010125304
918 28 59 68 0.010123507
974 186 13 17 0.010115586
26 457 15 16 0.010113421
0 719 6 12 0.010108509
623 118 90 117 0.010106804
0 579 33 88 0.010105408
727 275 62 80 0.010101247
536 261 13 16 0.010101099
722 492 154 191 0.010100111
630 705 62 63 0.010096783
477 374 73 93 0.01009313
725 72 155 212 0.010089712
0 0 15 21 0.010089549
647 139 88 116 0.01008765
747 536 51 66 0.010086914
488 477 96 112 0.01008654
410 611 153 157 0.010083723
672 47 9 13 0.010080212
565 693 11 12 0.010079829
0 751 15 17 0.010078994
35 530 21 27 0.01007898
763 659 92 109 0.010073546
50 576 29 33 0.010073481
914 305 39 56 0.010072023
59 449 146 189 0.010068682
346 345 8 13 0.010068395
12 280 8 9 0.010059475
22 634 89 110 0.010052962
13 416 46 64 0.010048743
920 523 10 11 0.010048449
748 256 153 186 0.010048315
503 285 40 66 0.010044988
888 469 8 11 0.010044887
665 0 21 16 0.010043092
31 487 13 20 0.010042454
540 720 10 10 0.01003841
42 189 13 18 0.010038216
353 107 50 66 0.010035785
510 343 50 62 0.010031041
27 19 81 99 0.01003085
682 472 67 86 0.010026936
921 266 73 98 0.010025199
629 428 40 53 0.010024689
698 0 21 16 0.010019466
0 258 15 29 0.010015844
514 98 90 113 0.010014172
286 612 159 156 0.01001214
681 404 48 56 0.010011535
40 513 15 23 0.0100042755
126 364 63 80 0.010002974
1011 201 13 21 0.010001781
513 47 9 13 0.010000372