9_Press_Conference_Press_Conference_9_521
250
332 164 292 367 0.88855606
0 0 138 180 0.046535917
823 0 201 184 0.044077434
345 439 276 241 0.042846747
814 434 210 246 0.04057104
0 0 88 118 0.03913087
0 458 146 222 0.038355805
452 644 13 14 0.03452761
388 58 257 371 0.034180164
810 223 214 375 0.032210726
667 0 266 190 0.03195051
813 53 211 384 0.031243963
239 87 306 381 0.031176655
510 0 262 184 0.030652896
27 0 262 190 0.02935519
177 492 268 188 0.029090337
340 0 268 192 0.028917033
509 475 257 205 0.02877403
777 0 191 131 0.028603652
24 463 272 217 0.028519906
0 60 157 352 0.02828014
674 454 271 226 0.027901653
923 0 101 109 0.027857153
468 524 180 156 0.027264707
381 298 282 340 0.026987266
293 179 179 271 0.026650764
133 0 219 142 0.02646357
196 0 257 177 0.02646026
385 527 189 153 0.026206195
0 216 149 360 0.026143262
611 0 221 150 0.026060909
445 0 217 143 0.02534864
291 0 215 140 0.025059525
548 0 179 116 0.02488326
0 36 97 239 0.024535263
381 0 180 110 0.02447621
307 537 181 143 0.024012087
0 300 233 362 0.023321383
280 0 269 319 0.022800827
658 47 281 371 0.022732846
496 11 275 352 0.022546327
630 524 180 156 0.022265349
0 355 91 241 0.022139562
133 533 196 147 0.022116791
939 599 85 81 0.02193614
0 190 92 243 0.02139523
473 291 170 244 0.021251474
674 220 274 361 0.021081295
0 584 77 96 0.021078667
108 219 278 350 0.020855064
585 135 255 348 0.020425387
449 157 172 245 0.020276077
753 2 245 293 0.020223776
551 49 175 233 0.019696118
0 0 56 77 0.019500552
0 615 49 65 0.019350983
22 126 263 362 0.019250283
903 19 121 247 0.018668978
979 627 45 53 0.018514413
390 123 180 216 0.018177494
597 393 259 287 0.01805874
232 47 185 240 0.017425261
633 362 168 226 0.017333316
103 1 270 343 0.017281184
406 0 91 55 0.017228283
972 0 52 57 0.017035075
707 358 195 245 0.01684667
489 0 125 79 0.016760195
209 264 301 350 0.01667194
1019 0 5 14 0.016568115
254 137 156 250 0.016555846
628 197 164 232 0.016418122
144 277 182 234 0.016338862
7 571 149 109 0.016281057
643 0 148 99 0.015974212
262 236 150 243 0.015934736
574 0 119 77 0.015924424
537 345 177 234 0.015874317
611 22 227 285 0.0158415
996 655 28 25 0.015777307
33 223 177 235 0.015699126
1005 665 19 15 0.015648013
903 526 121 154 0.015647085
904 166 120 221 0.015631335
279 0 151 100 0.015366291
464 0 104 62 0.015273423
230 343 192 237 0.015098487
43 0 152 112 0.015013133
71 277 177 225 0.014945774
320 13 84 49 0.014942262
711 33 178 226 0.014927797
24 32 195 261 0.0148609
542 0 102 62 0.014827122
78 573 169 107 0.014741592
1006 0 18 28 0.01472234
140 121 184 241 0.014721394
0 300 80 191 0.014702816
752 576 165 104 0.014685346
352 508 89 162 0.014595701
626 0 95 60 0.014586488
719 0 154 110 0.014511947
530 197 115 198 0.014501492
334 0 125 76 0.014475021
665 285 193 222 0.014418975
0 0 9 11 0.014405761
311 398 206 245 0.014242226
701 194 192 249 0.014136001
332 120 162 204 0.014119876
209 210 149 228 0.014092566
891 287 133 228 0.014060214
769 331 220 224 0.014056506
54 611 117 69 0.014015835
836 563 162 117 0.014012573
1022 0 2 9 0.0138807995
316 275 127 213 0.013844076
988 0 36 35 0.013776522
109 200 174 222 0.013674457
0 0 36 47 0.013641575
668 0 94 60 0.013611264
509 107 160 253 0.0134755885
144 610 113 70 0.013433022
257 0 77 51 0.013333057
286 584 144 96 0.013199329
364 197 187 245 0.013180236
500 190 202 268 0.013133959
672 128 171 228 0.012979608
0 155 66 164 0.012929719
200 585 156 95 0.012889234
402 267 192 235 0.012811874
1018 593 6 35 0.012728364
79 173 155 197 0.012723041
112 361 177 220 0.0127141625
708 0 97 64 0.012638855
492 104 109 131 0.012608376
738 115 188 229 0.012599351
423 0 60 37 0.0125980275
214 0 127 85 0.0125928
777 243 200 234 0.012586536
886 371 138 239 0.012517352
1019 583 5 34 0.012464526
0 210 48 129 0.012459715
0 413 49 128 0.01238846
385 0 73 44 0.012354985
0 333 47 124 0.012264909
75 0 80 55 0.012258128
220 0 77 51 0.01219034
766 424 46 60 0.012178217
0 471 65 165 0.012177382
306 213 105 165 0.012131936
737 610 117 70 0.012123509
296 0 81 52 0.012113043
463 405 154 166 0.012054834
0 0 18 22 0.012001003
272 210 98 153 0.011963968
271 0 51 31 0.011960525
817 613 109 67 0.011929138
856 0 121 84 0.011920705
180 247 112 141 0.011916012
45 340 148 189 0.011912926
546 287 93 156 0.011900717
784 0 98 66 0.0118245045
444 591 143 89 0.011803117
227 32 126 123 0.011768187
937 281 87 149 0.011721548
366 85 157 183 0.011686279
121 0 76 54 0.011658364
451 647 9 10 0.011622848
0 493 4 11 0.011555965
347 607 102 73 0.011501332
101 321 112 144 0.011474661
96 0 122 84 0.011470238
0 473 5 10 0.011458265
1020 561 4 29 0.011436623
0 644 25 36 0.011431578
686 504 105 119 0.011339453
160 0 75 52 0.011328506
330 355 91 154 0.011319815
27 0 101 73 0.01131942
840 180 150 185 0.011301857
559 572 153 108 0.011300571
59 273 119 152 0.011300247
824 0 97 65 0.011282159
837 95 153 197 0.01126213
461 0 71 41 0.0112619335
745 0 100 68 0.011249517
935 0 61 63 0.011231561
264 616 105 64 0.011179108
336 27 26 36 0.011160931
490 0 55 33 0.011072634
0 91 49 133 0.011057032
290 0 53 31 0.011031769
1022 596 2 26 0.011016941
51 151 132 165 0.011008331
18 184 124 173 0.010992094
139 206 116 147 0.0109814815
142 402 116 143 0.010974505
686 587 143 93 0.0109373545
302 41 50 60 0.010932251
994 523 30 61 0.010917045
143 325 111 141 0.010867339
539 606 107 74 0.010867227
859 609 111 71 0.010866928
1023 565 1 21 0.010857787
364 0 25 13 0.010856303
313 31 169 198 0.010852576
601 295 158 208 0.010843583
325 0 65 41 0.010769527
42 415 152 193 0.010745115
126 457 149 186 0.0107344
445 0 57 34 0.010725561
374 594 136 86 0.010723311
590 246 79 112 0.010698992
311 0 52 31 0.010656187
790 53 159 196 0.010648668
739 79 109 139 0.010646339
86 33 106 129 0.010612987
517 0 70 44 0.010605607
234 212 98 146 0.010598084
232 0 52 32 0.010551956
694 323 122 146 0.010519387
255 48 54 65 0.01046541
935 361 89 150 0.010437599
640 0 20 13 0.01043444
1021 584 3 30 0.010433936
699 244 116 143 0.010431588
1022 571 2 20 0.010420856
537 351 100 155 0.010410652
165 420 145 182 0.010398153
594 122 153 234 0.0103896
1023 590 1 26 0.010385503
1019 573 5 28 0.010346197
467 21 170 218 0.010344901
660 605 115 75 0.010334492
805 370 140 143 0.010331588
849 0 21 15 0.010321543
357 511 25 35 0.010262498
1023 560 1 22 0.010245711
281 659 67 21 0.010189616
1013 594 11 40 0.010156053
339 26 60 57 0.010154299
284 54 58 61 0.010145884
1020 279 4 33 0.010123934
512 0 47 27 0.010119443
932 446 92 157 0.010110651
207 0 62 40 0.010109701
70 585 13 14 0.0101031065
22 315 114 155 0.0100958785
351 0 53 33 0.010076249
0 469 5 10 0.010063985
809 0 20 14 0.010039969