9_Press_Conference_Press_Conference_9_424
552
491 60 149 241 0.838431
57 335 88 149 0.7678075
789 537 32 37 0.091762416
812 614 37 52 0.08565285
0 335 67 162 0.042571876
789 429 72 98 0.03935293
850 691 31 36 0.038116112
531 40 168 217 0.037741613
439 116 148 200 0.035816304
493 146 200 278 0.034757208
0 1001 13 40 0.033755813
450 0 185 194 0.033701595
552 3 247 276 0.03237873
73 292 137 185 0.032165345
919 0 105 151 0.031588044
0 0 142 125 0.031579833
0 0 198 278 0.031205824
0 246 87 231 0.030854193
945 530 44 67 0.030824741
490 789 209 255 0.030470872
871 359 153 260 0.030294852
921 2 67 78 0.030260723
0 92 77 142 0.029856835
54 256 114 186 0.029310798
945 923 79 121 0.029183144
761 711 263 333 0.028778845
744 412 112 142 0.028768627
752 0 272 289 0.027726376
0 889 99 155 0.02760384
380 0 197 156 0.026537545
78 800 92 121 0.025964385
546 0 205 153 0.025883129
0 700 196 344 0.02551972
474 0 129 105 0.025257193
565 108 154 184 0.025093611
520 690 357 354 0.024922775
89 375 87 113 0.024465503
1 33 127 169 0.024335302
185 684 30 45 0.024206694
513 177 97 130 0.023974635
334 0 332 257 0.023481099
79 320 68 94 0.022961281
706 371 74 83 0.022921925
42 394 99 143 0.02263996
903 818 121 226 0.022521887
184 0 362 253 0.022400962
906 41 118 299 0.022208478
738 0 194 150 0.022063099
0 0 75 88 0.02201474
525 0 134 104 0.021957304
791 354 233 426 0.021861956
27 876 187 168 0.021861717
0 114 44 107 0.021572027
780 869 219 175 0.021542288
112 823 60 82 0.021349661
844 691 52 81 0.021341734
621 0 197 141 0.021221707
811 632 29 30 0.02111508
915 660 109 264 0.021094574
961 0 63 77 0.020841796
797 599 68 101 0.02072439
975 996 49 48 0.020337522
263 0 196 152 0.02024931
694 497 127 183 0.02000825
917 433 107 239 0.019995213
0 630 14 25 0.019933298
341 0 155 119 0.019895619
77 0 338 366 0.019885758
0 324 127 274 0.01986278
709 378 114 132 0.019733509
0 1001 7 20 0.019619184
0 641 24 57 0.019571338
907 257 117 298 0.019564241
713 433 123 166 0.019551856
0 108 101 259 0.01949745
831 669 81 121 0.019464422
139 868 210 176 0.01941553
793 552 23 28 0.019364936
0 997 31 47 0.019287057
777 185 247 436 0.019280897
930 0 47 49 0.01913598
99 373 127 160 0.019133622
676 875 223 169 0.019120136
56 791 146 198 0.018994223
312 680 366 364 0.018990988
414 194 139 175 0.018932233
800 530 27 39 0.018857978
586 0 133 85 0.018724274
949 142 75 215 0.018656183
758 919 162 125 0.018590378
229 43 269 344 0.01846
544 873 213 171 0.018441405
70 160 327 418 0.018420648
810 604 87 130 0.018363861
805 598 38 54 0.01825775
149 0 186 142 0.018255776
779 484 53 84 0.018182866
815 0 144 101 0.018167995
914 511 110 283 0.018123202
409 0 130 90 0.018076327
575 374 15 17 0.018043423
0 423 121 320 0.018028094
0 428 70 209 0.0178747
0 345 177 494 0.017829955
58 701 378 343 0.017787533
21 106 169 270 0.017738631
765 445 70 82 0.017595464
661 118 102 152 0.01757954
384 171 217 295 0.017488226
254 862 219 182 0.01731379
713 0 142 97 0.017077804
531 244 365 459 0.016999187
609 0 87 58 0.01698927
519 905 148 139 0.016978495
0 146 65 173 0.016915042
13 215 123 217 0.016850064
0 587 96 255 0.016841315
141 358 198 252 0.016744593
0 17 275 431 0.0167432
826 618 24 37 0.01663335
79 816 193 228 0.016502045
172 131 361 469 0.016487887
0 216 59 169 0.01646789
93 509 198 277 0.016442291
82 40 192 272 0.016383644
465 222 156 215 0.016241195
0 136 173 452 0.016174134
650 0 134 86 0.016160259
474 85 102 175 0.016138837
225 0 140 96 0.016138753
781 544 28 28 0.016109401
107 922 141 122 0.015946383
698 58 186 237 0.015842648
611 53 129 164 0.015842272
690 93 99 153 0.015806496
102 562 40 54 0.015758993
779 523 37 48 0.01574253
787 83 203 279 0.01569354
328 114 188 242 0.01558676
97 0 163 116 0.015577896
948 632 76 190 0.015553562
822 635 28 31 0.0155403055
942 524 32 50 0.015538837
554 153 297 352 0.015509444
0 704 99 263 0.015456804
730 502 88 116 0.015425455
0 297 46 134 0.015405829
669 700 198 242 0.01538505
1000 0 24 43 0.015374952
777 571 76 112 0.015341378
41 566 174 264 0.015322524
53 0 112 80 0.01529606
32 316 80 122 0.0152833965
805 410 90 138 0.015263965
623 146 127 163 0.015237804
640 928 153 116 0.015233209
291 246 369 476 0.015206324
0 568 64 180 0.015193383
201 0 202 197 0.015190444
874 383 104 157 0.015130115
59 409 70 84 0.015110692
177 336 130 167 0.0150649445
579 531 199 231 0.014954277
515 19 100 145 0.014953905
721 760 52 65 0.014920221
758 650 168 214 0.014871485
269 166 196 243 0.014856937
559 371 65 90 0.014827032
500 584 131 168 0.014817018
925 504 84 125 0.014804374
133 832 47 56 0.0148003185
226 920 150 124 0.014723374
487 299 226 300 0.014605724
633 511 117 145 0.014591966
61 429 116 165 0.014531996
597 671 81 110 0.014444396
73 197 181 246 0.014442113
252 673 233 309 0.01442571
774 464 15 21 0.014363305
424 521 334 470 0.014338398
952 573 72 174 0.014325182
794 525 22 37 0.014314393
0 973 85 71 0.014311597
737 757 31 49 0.014283228
869 154 155 311 0.014270524
578 612 128 143 0.014230184
108 239 216 255 0.014224421
818 599 61 75 0.014199218
503 484 121 158 0.014161751
691 745 92 100 0.014120046
771 0 125 104 0.014089717
486 665 212 274 0.014082909
773 90 126 174 0.014046237
0 615 22 39 0.014026092
1003 1031 21 13 0.01399425
949 727 75 170 0.013946554
376 882 207 162 0.013930041
17 809 118 170 0.013912121
955 520 69 137 0.013903681
0 1000 5 13 0.01385355
0 361 37 111 0.013805721
609 829 224 215 0.013772636
748 32 124 166 0.013755834
187 0 108 84 0.013746688
891 0 78 67 0.013744509
86 407 200 258 0.013722324
950 811 74 172 0.013717019
564 713 204 237 0.013692728
44 474 180 258 0.0136800585
723 379 49 56 0.013669972
645 494 365 467 0.013635042
642 0 55 41 0.013618053
0 0 13 17 0.013592238
769 455 100 150 0.0135729015
0 808 63 175 0.013548013
955 321 69 161 0.013484836
922 12 41 51 0.01347832
618 702 14 15 0.0134468945
0 0 41 44 0.013444541
656 562 132 158 0.013415891
295 555 240 324 0.013401082
621 666 191 220 0.013384921
0 682 64 177 0.013347002
534 525 124 158 0.013345492
14 103 118 140 0.013339948
33 175 117 172 0.013337188
0 405 88 125 0.013328958
724 111 113 157 0.013319044
412 965 120 79 0.013307017
790 543 45 56 0.013306976
732 443 79 89 0.013303194
800 817 130 161 0.013302207
773 369 100 143 0.013268906
718 776 63 83 0.013267133
585 218 127 146 0.013261723
112 448 135 169 0.013254005
684 153 107 156 0.01314613
233 60 130 175 0.013129988
568 340 94 126 0.013107976
276 72 174 218 0.013082747
795 622 44 55 0.013066471
344 930 148 114 0.013057008
816 642 24 29 0.013038065
500 534 205 259 0.0130298
824 609 23 33 0.0130159175
29 941 118 103 0.012995818
570 974 110 70 0.012975961
928 27 47 66 0.012974294
695 317 107 118 0.012972366
586 772 40 48 0.012961643
95 821 53 74 0.01295985
828 954 126 90 0.0129589
795 45 126 159 0.012918995
552 178 117 140 0.012873019
812 702 106 149 0.012870642
953 252 71 167 0.012863693
538 633 129 140 0.012858231
770 543 46 60 0.012856684
320 236 192 241 0.012852361
665 823 18 22 0.012852157
683 329 175 205 0.0127915405
239 178 126 172 0.0127777085
479 522 120 163 0.012768656
298 0 119 106 0.012762612
0 632 18 45 0.012742762
184 497 236 309 0.0127410125
0 986 19 49 0.012718159
209 778 190 239 0.012706056
0 25 68 148 0.012697879
334 17 160 200 0.012693907
757 378 178 216 0.012672594
76 15 131 157 0.0126572335
1009 0 15 29 0.012651507
516 771 145 176 0.012646781
836 525 188 342 0.012615804
823 443 39 79 0.012614466
550 442 15 14 0.012605215
566 497 119 150 0.012599167
972 656 52 124 0.012597736
107 301 75 68 0.012593995
994 1021 30 23 0.012549787
760 823 108 133 0.012548121
633 399 114 138 0.012539366
703 0 89 66 0.012536363
87 630 187 263 0.012527825
576 0 77 60 0.012505898
213 304 122 167 0.012484768
676 469 114 143 0.012474815
68 976 109 68 0.012456073
952 408 72 170 0.012397119
703 814 16 26 0.012362872
806 759 118 147 0.012357428
1021 0 3 20 0.012353772
142 712 206 270 0.01235363
420 583 216 289 0.012341544
74 347 366 480 0.012335324
252 0 89 66 0.01232925
533 452 117 148 0.012316517
95 625 118 163 0.012263124
519 371 133 171 0.01225162
885 68 29 26 0.01223385
668 579 17 30 0.012228806
200 615 219 301 0.012228033
353 311 247 316 0.0122111235
154 374 114 146 0.012204144
95 282 95 128 0.012202079
0 1034 17 10 0.012200125
201 235 202 258 0.012199366
901 418 97 165 0.0121931415
707 594 77 108 0.012170109
730 471 177 234 0.012162908
587 1000 76 44 0.012153146
633 733 129 137 0.012148928
171 514 35 48 0.012146575
150 95 196 266 0.012140748
513 974 112 70 0.012130945
0 758 34 92 0.012111672
468 325 152 195 0.012100457
610 653 124 129 0.012093206
976 308 48 114 0.012084403
668 67 93 136 0.012078516
892 7 92 120 0.012044849
181 471 385 506 0.0120118195
179 24 129 175 0.012001501
971 718 53 122 0.011985958
525 259 134 170 0.011983539
970 485 54 119 0.011968007
724 348 63 79 0.011934024
635 970 112 74 0.011929826
597 534 123 152 0.011918195
718 960 123 84 0.011917137
90 178 117 163 0.011915905
641 673 19 19 0.011897561
209 125 124 166 0.011869815
704 696 132 155 0.011849944
62 706 111 166 0.011848441
115 822 98 123 0.011848046
591 740 63 83 0.011845741
504 409 92 113 0.011844867
350 210 137 166 0.011841228
525 0 83 64 0.011835608
0 1024 25 20 0.011835602
0 1008 8 25 0.011815091
155 295 110 140 0.011804452
483 455 113 148 0.011795538
237 677 130 184 0.0117939785
0 960 40 84 0.011762912
264 232 127 177 0.01176047
585 316 248 303 0.011754279
0 767 56 135 0.011752705
427 44 116 184 0.011742873
45 71 137 170 0.011715366
565 417 203 255 0.011710742
613 775 116 126 0.011695746
560 28 114 141 0.0116866985
0 549 65 109 0.011650836
676 548 87 110 0.011623343
825 93 131 177 0.011614993
1 597 32 50 0.011601998
683 159 188 234 0.011598673
791 986 90 58 0.011594599
746 556 170 221 0.01158224
133 337 77 102 0.011576899
756 528 81 118 0.011574182
297 958 126 86 0.011555731
974 245 50 115 0.011531851
0 634 41 99 0.011525851
787 234 68 96 0.011520097
707 0 32 22 0.011508434
570 422 107 135 0.011497735
83 1003 75 41 0.011496912
679 404 106 122 0.01148004
575 0 26 17 0.01147025
819 593 41 58 0.011457117
215 246 117 159 0.011454338
234 384 133 182 0.011453931
50 1001 76 43 0.011441472
571 435 286 365 0.011427444
938 552 41 68 0.01141476
741 325 114 142 0.011410292
852 664 46 62 0.011402161
166 810 149 183 0.01137717
596 941 120 103 0.011369045
82 449 70 88 0.011358707
842 910 69 88 0.011356681
632 801 73 89 0.011346597
628 601 168 195 0.011345623
364 0 107 77 0.011311497
802 548 25 28 0.011266718
775 457 41 54 0.011260882
252 289 212 272 0.0112551795
209 818 57 69 0.011238659
947 67 77 174 0.011238559
289 29 137 181 0.011235512
262 737 135 187 0.011229232
576 365 18 25 0.0112223625
154 499 163 205 0.011220667
96 776 93 114 0.01121078
0 76 39 106 0.011210573
881 352 89 120 0.011210122
69 592 114 168 0.011197409
750 148 121 172 0.011194859
0 208 43 114 0.011191998
853 684 23 31 0.011186214
765 615 92 134 0.011157047
694 391 70 84 0.0111355
601 464 113 147 0.011113564
725 564 82 112 0.011107321
821 200 135 177 0.011098501
0 420 40 105 0.011092724
617 1000 75 44 0.011090458
0 20 14 32 0.01108974
662 0 38 26 0.01108527
0 252 33 92 0.011077715
1023 0 1 16 0.01106503
809 692 26 44 0.011053098
896 506 84 111 0.011052887
259 617 137 193 0.011052821
185 678 50 63 0.011027499
891 963 119 81 0.011023239
0 138 28 75 0.0110159535
117 567 127 177 0.011014729
727 802 41 53 0.011007733
153 964 118 80 0.010996248
691 263 114 134 0.010995859
0 0 30 23 0.010961769
108 417 73 93 0.010951691
110 1001 79 43 0.010940856
736 0 77 77 0.010933073
944 1 56 57 0.010924111
818 249 66 95 0.0109015545
119 225 105 146 0.010875104
797 141 132 183 0.010871858
0 993 10 21 0.010851788
843 94 57 71 0.010851688
701 504 49 64 0.010850256
291 263 145 179 0.010847228
761 687 102 131 0.01082193
589 361 107 132 0.0108083
0 0 8 11 0.0108009875
149 570 181 245 0.010800079
435 473 198 275 0.0107848225
82 532 66 81 0.01078105
69 333 48 66 0.010771332
177 95 124 161 0.010771181
53 355 55 96 0.010766983
287 677 139 191 0.010764431
970 21 54 124 0.010737671
947 0 38 30 0.010722559
0 1019 9 21 0.010719968
205 446 132 179 0.010718362
0 489 63 100 0.010710152
668 585 42 50 0.010706456
103 334 73 91 0.010702723
213 966 121 78 0.010696963
311 246 67 95 0.010694524
575 291 119 141 0.010677507
573 402 44 65 0.010676997
528 380 87 107 0.010668949
468 626 138 168 0.010662349
633 813 108 122 0.010656274
723 746 94 121 0.01064706
553 845 128 151 0.010645528
791 94 87 111 0.010643931
698 112 66 103 0.010639974
460 996 81 48 0.010638403
95 504 115 141 0.010632631
849 990 88 54 0.010625369
243 401 232 308 0.010623894
446 553 131 173 0.010618092
261 442 134 184 0.010617985
973 186 51 115 0.010611788
215 748 121 165 0.010610175
675 997 81 47 0.010589938
33 6 20 19 0.010586525
331 722 166 214 0.010580928
188 687 19 26 0.010578283
686 855 116 143 0.010578079
229 0 76 56 0.010556272
851 761 23 25 0.010549816
971 895 53 121 0.010549018
404 264 140 172 0.010547253
140 998 81 46 0.010536186
994 5 30 96 0.010533617
141 126 124 159 0.010530302
755 752 97 131 0.010526434
682 47 69 92 0.010522111
0 580 39 97 0.010516188
794 473 51 75 0.010515535
0 463 33 88 0.010502531
15 699 47 60 0.010497237
765 585 43 62 0.010476035
34 11 21 22 0.010454204
646 554 75 93 0.010453083
464 0 86 63 0.010451354
834 613 21 30 0.010441898
633 884 114 141 0.010427497
72 686 92 118 0.010425512
0 26 10 20 0.010416864
233 560 132 188 0.010388151
664 344 124 143 0.0103466455
811 538 92 127 0.010335115
497 998 73 46 0.010317769
681 0 71 49 0.01031415
0 626 9 18 0.010308999
694 981 102 63 0.010306011
803 518 49 61 0.010295042
85 572 40 50 0.010290929
41 508 99 132 0.010281079
115 853 60 82 0.010266337
646 375 159 190 0.010262142
974 394 50 119 0.010259769
783 576 47 67 0.010252123
756 178 156 204 0.01024321
699 805 152 184 0.010231088
553 224 195 238 0.010227373
842 0 29 22 0.010215517
919 512 54 69 0.010201293
0 456 292 511 0.010198802
0 694 37 95 0.010197386
781 558 31 38 0.0101854075
458 496 112 145 0.010175943
735 994 84 50 0.010158895
10 165 90 122 0.0101582715
0 186 34 96 0.010156632
155 815 61 68 0.010151517
0 2 18 38 0.010148737
131 804 68 83 0.010147094
318 616 140 194 0.010146612
758 580 37 52 0.010138285
478 161 82 130 0.010127538
765 0 76 53 0.010117768
595 0 30 19 0.010117693
170 997 81 47 0.010115256
200 998 83 46 0.010114905
712 541 33 36 0.010107908
648 0 13 9 0.010087317
862 891 66 77 0.010082021
851 0 87 64 0.01007544
121 849 113 145 0.010064928
179 915 118 129 0.0100510875
529 998 75 46 0.010048771
794 872 16 30 0.010046692
852 443 109 161 0.010044555
168 0 87 66 0.010044376
825 285 160 218 0.010038069
745 0 58 44 0.010036353
271 136 113 151 0.010013863
730 647 99 135 0.010012081
282 234 67 91 0.010010411
0 653 14 35 0.010005014
405 992 93 52 0.010000032