48_Parachutist_Paratrooper_Parachutist_Paratrooper_48_321
790
123 21 39 52 0.85446113
895 23 35 54 0.8436575
349 25 30 53 0.78969514
639 30 16 36 0.06724749
599 23 28 42 0.039712902
581 295 20 28 0.039621994
607 28 16 27 0.03807398
351 20 22 39 0.035372205
342 36 25 40 0.033905234
349 48 21 30 0.03231551
352 8 39 62 0.032312244
877 28 51 67 0.031121433
879 13 43 52 0.030961407
624 35 30 34 0.030156244
329 21 41 63 0.02862184
901 19 24 40 0.028194066
128 44 37 45 0.027759202
0 0 34 46 0.026974887
982 0 42 46 0.026259474
118 0 42 35 0.026196543
647 461 24 37 0.025810689
0 0 136 173 0.025687503
611 33 33 37 0.025535364
896 454 37 25 0.025358303
898 31 53 70 0.025144527
0 338 112 184 0.025082406
588 28 29 46 0.024804147
645 29 13 30 0.024118306
617 14 35 50 0.023895945
898 0 53 70 0.023484044
83 237 20 35 0.02335919
869 23 21 37 0.022852976
346 457 26 19 0.02241197
377 414 12 15 0.022197153
602 31 16 32 0.022167206
643 36 17 34 0.021936892
823 0 201 178 0.021882117
908 43 23 35 0.021638615
991 493 33 29 0.021630239
466 0 62 50 0.021397796
360 32 38 45 0.021287935
0 0 68 85 0.021226522
723 0 64 51 0.021120733
609 12 24 36 0.02097773
129 5 42 59 0.020729676
228 0 61 49 0.020706799
896 242 13 19 0.020596523
633 25 32 48 0.020501068
614 456 26 36 0.020478122
0 0 21 30 0.020387545
354 18 57 71 0.020215644
1009 509 15 13 0.020028895
169 287 24 38 0.020009866
350 0 50 42 0.019982986
104 0 276 186 0.019963212
892 0 41 31 0.019806834
1007 0 17 23 0.019732064
928 0 96 87 0.019577174
815 302 209 220 0.019532045
854 133 18 21 0.019499669
110 26 37 46 0.019445734
0 474 34 48 0.019321157
389 417 43 43 0.018865412
924 0 61 46 0.018716091
350 60 34 42 0.018633656
859 30 39 50 0.018575884
616 22 26 31 0.01854023
0 17 34 84 0.018422442
666 0 259 176 0.018414004
892 63 42 54 0.018279977
80 220 29 47 0.01827865
329 0 58 55 0.018206393
136 0 41 31 0.01817718
762 0 63 51 0.018111315
743 0 64 69 0.018013809
908 0 50 36 0.017984312
489 0 53 41 0.01795894
138 490 18 12 0.017836519
870 13 34 45 0.017619891
503 0 62 49 0.017529024
907 28 32 44 0.0174526
337 0 39 34 0.01741382
24 259 229 263 0.017369533
213 0 51 39 0.017320164
144 26 35 45 0.017279351
862 0 63 49 0.01725567
606 30 62 68 0.017244179
96 34 57 73 0.017121295
835 0 103 112 0.017096024
102 0 54 69 0.01704844
251 0 51 40 0.017012578
609 0 34 25 0.016985793
609 36 21 30 0.01693753
664 0 62 49 0.016874526
626 5 32 47 0.016803076
582 183 37 48 0.016711954
616 1 35 38 0.016381301
643 38 11 22 0.016346466
887 22 27 34 0.01630852
144 17 58 74 0.016302038
1019 0 5 13 0.01630054
353 51 26 36 0.0162624
637 9 32 46 0.016245067
541 0 118 83 0.016196959
265 0 61 46 0.016121158
426 0 62 50 0.016094256
708 0 53 40 0.016070414
187 0 63 47 0.016036693
389 26 21 34 0.015970983
84 234 32 44 0.015949097
114 11 69 89 0.015915133
599 7 40 51 0.015883895
931 437 93 85 0.015876932
903 55 59 77 0.015860345
349 462 16 14 0.015827978
1019 8 5 34 0.01577272
109 52 60 75 0.015757672
346 50 63 85 0.015757307
288 0 60 47 0.015727185
546 176 38 56 0.015610513
451 0 52 40 0.015585614
375 402 22 28 0.015564146
70 0 61 48 0.015562235
545 0 62 46 0.015561167
907 64 31 39 0.015510118
12 0 52 42 0.015483723
0 11 23 58 0.015479673
1019 0 5 28 0.015393736
583 6 34 48 0.015322391
354 9 24 38 0.015273025
26 0 62 49 0.01521848
751 0 46 35 0.015142193
977 8 47 80 0.015116645
356 66 42 52 0.015027996
360 0 33 25 0.015008027
0 56 34 86 0.015004301
149 0 61 45 0.01499575
365 13 36 43 0.014951065
607 40 11 19 0.01494981
370 0 52 36 0.014900189
855 50 39 50 0.014852626
375 388 33 43 0.014846564
640 15 18 34 0.014823101
0 505 19 17 0.014815444
1022 0 2 9 0.014759493
651 0 50 39 0.014747541
633 46 22 32 0.014729362
258 0 121 83 0.014726912
428 0 264 186 0.014675256
824 0 61 46 0.01459815
386 0 61 45 0.014582071
346 8 23 35 0.014563988
871 68 44 52 0.014554286
617 41 37 46 0.014505477
137 36 30 37 0.014497442
892 232 19 28 0.0144310845
585 0 99 107 0.014427278
602 37 35 44 0.014371411
587 298 15 17 0.014319234
0 512 13 10 0.01430001
606 273 36 36 0.014282314
600 19 17 33 0.014221388
456 0 120 85 0.014208316
336 0 116 86 0.0141786365
357 114 75 118 0.014139862
688 0 53 40 0.014117759
614 0 125 85 0.014113511
0 48 21 59 0.014057841
156 13 39 51 0.014049543
962 476 62 46 0.013984625
139 52 35 41 0.013965453
913 68 40 51 0.013960483
122 63 34 38 0.013950541
723 20 67 85 0.013895345
93 0 51 37 0.013875786
0 423 70 99 0.013859116
857 358 66 92 0.013806851
628 0 33 24 0.013776301
337 65 41 54 0.013773718
647 29 27 42 0.013759876
840 67 76 93 0.013759658
362 8 27 33 0.01375051
313 0 49 39 0.013737193
947 0 52 39 0.0137146935
145 0 182 117 0.013667093
358 68 73 114 0.013652705
932 0 42 29 0.013628589
528 0 53 38 0.013595172
1019 23 5 33 0.013560992
596 135 33 44 0.0135465525
143 252 65 97 0.01346642
106 243 269 279 0.01346165
695 0 119 88 0.013461392
579 277 27 43 0.013460194
883 35 33 40 0.0134415785
813 51 211 371 0.013406879
648 35 17 28 0.01340097
0 0 14 19 0.013397944
141 276 39 43 0.013347988
240 0 35 26 0.013316062
632 125 37 46 0.013311717
70 247 23 34 0.013295439
483 9 59 70 0.013258987
297 0 41 30 0.013242618
850 0 49 37 0.013241868
412 0 52 39 0.013232501
786 0 53 40 0.013230318
652 16 34 49 0.013206694
479 0 35 26 0.013196258
623 469 63 53 0.013181442
120 22 22 32 0.013107936
572 0 50 37 0.013103491
15 0 123 77 0.013079322
727 0 35 26 0.013054589
97 159 21 27 0.013048885
211 0 34 26 0.0130433785
499 0 34 27 0.013017901
881 78 61 81 0.012983505
102 464 70 58 0.012981424
707 0 35 26 0.012971615
459 0 34 26 0.012948168
344 476 65 46 0.012945273
899 189 11 14 0.012942514
878 0 32 24 0.012844786
683 245 41 58 0.012829674
246 40 43 60 0.012808428
899 0 86 96 0.012798116
595 43 26 38 0.012776938
380 403 43 45 0.012768738
560 104 19 45 0.01276573
343 56 22 28 0.012764206
839 347 101 155 0.012752702
583 475 64 47 0.012746629
380 0 33 24 0.012741671
0 96 36 89 0.012692353
172 0 52 39 0.012680186
642 43 23 37 0.012680181
687 0 35 26 0.012668194
20 48 151 183 0.01266743
706 8 61 71 0.012647655
53 0 52 38 0.012645278
601 0 217 138 0.012636434
390 44 18 24 0.012603938
158 0 41 29 0.012574774
411 0 34 27 0.0125591075
191 0 34 26 0.012543246
1021 16 3 28 0.012531083
439 0 35 26 0.012518948
400 303 20 39 0.012518279
539 184 30 46 0.012470177
387 478 64 44 0.012454987
590 188 25 27 0.012439678
807 0 53 39 0.012432706
590 0 31 24 0.012420974
975 59 49 95 0.012409672
331 0 32 26 0.012403926
630 0 49 39 0.012332653
973 94 51 103 0.012330318
134 372 44 51 0.012323523
1019 38 5 32 0.01231898
776 0 35 27 0.012317449
860 474 66 48 0.012316514
467 21 61 76 0.012315276
577 207 71 84 0.012314401
213 9 56 68 0.0123141315
859 321 63 85 0.012306489
360 0 62 68 0.012302235
825 37 113 143 0.012291133
255 60 43 59 0.012289234
237 22 42 58 0.012288272
903 477 61 45 0.012266069
1015 3 9 35 0.012264625
847 382 59 83 0.012263951
606 31 10 22 0.012261852
584 282 37 43 0.012226544
135 59 25 31 0.012199566
668 0 34 27 0.012180519
873 378 69 90 0.012154628
0 165 145 344 0.012152989
73 64 55 73 0.0121502895
6 474 69 48 0.012150238
133 0 130 82 0.012138871
571 492 47 30 0.012117551
770 0 123 80 0.012106029
12 0 35 27 0.01210174
353 0 27 20 0.012086711
133 61 50 61 0.012078859
731 12 47 55 0.012078642
256 21 42 60 0.012043033
227 42 41 57 0.012041954
78 10 48 60 0.012028693
323 4 92 125 0.012025176
650 0 33 26 0.012022828
494 31 42 58 0.011976366
659 284 283 238 0.011969415
79 0 41 31 0.011958951
907 6 29 45 0.01195406
93 64 51 62 0.011945526
372 0 28 19 0.0119441515
762 30 43 60 0.011935196
279 0 225 179 0.011934761
0 88 22 60 0.011926207
395 20 18 31 0.01192329
0 135 37 89 0.011907224
741 470 72 52 0.011907137
736 0 38 35 0.011904397
575 46 44 57 0.011903146
602 0 27 20 0.01189989
737 32 71 95 0.011898509
973 408 51 98 0.01189558
1019 53 5 32 0.011884326
972 150 52 106 0.0118734315
518 0 35 27 0.011871394
355 72 23 28 0.011870586
373 412 18 21 0.011859086
324 311 117 197 0.011846244
501 468 74 54 0.011841123
0 333 34 89 0.011836619
796 0 35 27 0.011832003
612 28 21 26 0.01182132
575 423 115 99 0.011810457
0 412 35 89 0.011803155
899 0 27 19 0.01180071
965 0 35 27 0.011795351
475 15 44 51 0.011785824
641 47 11 21 0.011784974
623 0 23 16 0.011778775
270 0 35 26 0.011777942
581 208 38 49 0.011777032
351 26 15 24 0.01177226
972 330 52 105 0.011770358
37 493 48 29 0.011766828
593 491 43 31 0.011753177
664 298 64 79 0.011749209
910 59 23 30 0.01174509
553 0 44 29 0.011744076
901 54 25 32 0.011730275
275 262 236 260 0.011729269
0 373 34 89 0.011727302
714 31 41 58 0.011721514
0 19 242 282 0.011718204
755 16 68 87 0.011681353
336 490 43 32 0.011674818
103 259 6 9 0.011669122
909 0 27 20 0.011656814
684 125 37 52 0.011641653
113 361 59 72 0.011625986
549 49 57 69 0.01161481
97 486 50 36 0.011611136
353 366 53 72 0.011610613
9 31 40 58 0.011597055
65 212 35 53 0.011594538
733 30 42 60 0.011579727
614 0 23 16 0.011570185
648 311 60 78 0.011567473
236 61 43 58 0.011564915
720 55 72 96 0.011563598
68 472 69 50 0.011562586
561 0 76 57 0.011553215
66 171 49 86 0.011547687
540 472 71 50 0.011532502
0 293 36 89 0.0115260575
1019 68 5 32 0.011519896
375 294 42 52 0.01151931
484 51 42 58 0.011510177
327 128 82 98 0.011498211
57 492 46 30 0.011489219
98 156 31 38 0.011484427
77 491 46 31 0.0114680035
282 473 68 49 0.011465739
1022 13 2 24 0.011458933
288 419 128 103 0.011438983
244 470 72 52 0.011428793
0 0 8 11 0.011427318
12 111 152 223 0.01142624
265 41 42 58 0.0114244055
465 42 41 57 0.011423821
858 0 31 24 0.011414787
848 344 57 81 0.011403337
345 216 61 80 0.011397339
880 30 25 31 0.011382678
632 43 43 57 0.011377853
838 181 46 42 0.011376936
551 491 50 31 0.011375212
423 470 70 52 0.011372818
1021 30 3 28 0.011368569
701 469 73 53 0.011366413
613 488 44 34 0.011365684
375 491 45 31 0.0113622565
81 0 158 118 0.011361683
907 448 36 34 0.011348376
153 281 44 55 0.011344456
664 471 69 51 0.01134342
772 50 43 60 0.011337931
900 457 23 18 0.011334395
623 512 25 10 0.011331879
594 293 42 51 0.01132825
972 210 52 106 0.011325909
831 493 43 29 0.011322167
293 491 48 31 0.011312465
548 17 114 125 0.011307189
752 50 43 60 0.011305547
930 322 94 174 0.011304957
602 0 31 38 0.0113045415
144 338 68 90 0.011284614
343 0 27 20 0.011274663
0 254 36 90 0.011273683
790 491 50 31 0.0112678725
0 174 36 89 0.011248896
223 0 193 145 0.011247729
78 242 28 44 0.011244182
31 0 35 27 0.01124353
265 80 43 60 0.01124308
344 67 27 35 0.011240788
1006 6 18 51 0.011239771
127 371 64 82 0.011239723
892 489 44 33 0.011220042
456 22 40 56 0.011218648
326 364 61 81 0.011217682
183 325 77 109 0.011213978
140 240 98 144 0.011211975
619 13 21 25 0.011211576
988 51 36 64 0.011196832
648 23 18 29 0.011188516
549 121 59 80 0.011184241
703 81 42 58 0.011181882
359 251 260 271 0.011180291
586 226 46 47 0.011176957
463 468 74 54 0.0111765815
972 269 52 106 0.011175431
751 490 51 32 0.01117433
779 474 70 48 0.011171897
416 492 45 30 0.011170144
676 156 36 67 0.01116932
128 18 29 33 0.011167898
876 337 68 91 0.011163933
498 257 268 265 0.011161422
1019 84 5 31 0.011157469
884 442 53 49 0.011149324
958 365 66 107 0.011141343
886 63 33 40 0.011130893
826 0 35 27 0.011126645
141 16 27 37 0.01111283
117 6 30 41 0.0111099165
1019 442 5 30 0.011100151
608 175 18 20 0.011096855
633 25 19 28 0.011093791
233 0 29 21 0.011092791
219 53 39 56 0.011081206
363 59 25 31 0.011071968
183 193 34 68 0.011060123
845 414 120 108 0.0110588735
355 35 19 36 0.011037609
678 304 74 98 0.011028783
524 46 60 75 0.011024412
315 491 44 31 0.011021245
579 124 40 49 0.011020231
843 179 60 64 0.01101937
114 0 30 25 0.011014109
0 37 18 46 0.011012506
723 51 42 58 0.011008725
84 60 75 97 0.011000143
1022 23 2 23 0.010989145
185 469 72 53 0.010984296
860 407 67 76 0.010980825
681 245 67 92 0.010979151
866 239 60 78 0.010974912
67 174 31 61 0.010967805
511 489 52 33 0.010961989
491 0 30 22 0.010950042
679 367 77 106 0.010946231
870 294 41 47 0.010942688
1019 427 5 30 0.010941687
146 474 69 48 0.010941333
383 383 60 74 0.010929741
551 102 108 132 0.010928492
0 48 96 212 0.0109259905
377 6 35 43 0.010924592
16 493 48 29 0.010919467
396 72 41 55 0.010914641
0 434 19 46 0.010913696
705 52 40 57 0.01090977
337 12 28 46 0.010907909
485 80 42 60 0.010896903
2 499 39 23 0.010893625
531 490 51 32 0.010874236
1019 457 5 30 0.010871971
9 61 40 58 0.010867086
846 506 37 16 0.010847718
920 0 27 21 0.0108475825
45 400 128 122 0.010847201
762 69 43 60 0.010846942
1019 99 5 31 0.010845609
770 422 130 100 0.010841387
644 181 44 57 0.010836327
0 414 18 46 0.010833162
0 215 36 89 0.010832179
621 376 64 87 0.010831546
323 230 65 86 0.01082782
627 57 59 76 0.010823498
0 77 18 45 0.010799406
471 0 30 22 0.010798063
585 260 61 71 0.010796445
934 105 41 55 0.010787631
147 8 21 28 0.010783576
742 70 43 59 0.0107811075
1019 223 5 31 0.010778799
1019 322 5 31 0.010775223
1019 238 5 31 0.010773367
223 32 37 48 0.010763713
1019 307 5 32 0.010762237
1019 253 5 31 0.01076056
1019 208 5 31 0.010760431
313 86 117 162 0.010760412
1019 337 5 31 0.010759058
704 6 40 52 0.010756778
428 320 40 56 0.010751489
0 394 19 47 0.01075011
1019 268 5 31 0.010749628
359 25 27 36 0.0107471775
1019 293 5 31 0.010746355
1019 412 5 31 0.01074305
879 227 28 30 0.010741363
0 454 19 46 0.010730505
0 374 19 47 0.010730191
882 254 64 80 0.0107297655
958 0 29 22 0.0107294945
363 239 23 27 0.010724885
493 257 45 62 0.010718199
677 257 35 57 0.010715942
1019 193 5 31 0.010714602
723 498 44 24 0.010712411
1019 352 5 31 0.010711106
326 41 28 38 0.010709798
713 100 43 59 0.010706728
711 248 45 59 0.01070641
436 336 42 60 0.010703318
120 414 69 90 0.010699438
245 80 44 60 0.010697309
263 0 29 21 0.01069459
964 500 44 22 0.010694126
613 511 26 11 0.010691718
254 491 50 31 0.01069028
227 498 44 24 0.010685906
202 301 77 109 0.010684395
233 329 182 193 0.010680697
1019 178 5 31 0.010677411
133 489 48 33 0.010672914
0 128 22 61 0.01067234
612 22 15 22 0.010660928
1019 163 5 31 0.010657032
1019 367 5 31 0.010655667
772 10 42 60 0.010655478
192 213 22 33 0.010652543
1019 397 5 31 0.010651808
0 116 18 46 0.010650499
1019 114 5 31 0.010634881
145 304 64 89 0.0106326295
1019 382 5 31 0.010625344
1019 149 5 31 0.0106223915
7 385 74 104 0.010609502
494 498 45 24 0.010607024
355 62 14 18 0.0106045315
357 56 16 21 0.010604292
0 354 19 47 0.010602472
891 0 23 15 0.0105932
203 0 30 21 0.010590797
1021 46 3 27 0.010583876
431 0 30 22 0.010582266
393 0 27 19 0.010581075
77 124 19 35 0.010577669
624 19 20 25 0.010577238
606 324 13 15 0.0105755
1019 134 5 31 0.0105709955
645 17 52 71 0.010568576
0 151 57 97 0.0105676595
417 300 38 55 0.010563462
912 141 38 56 0.010563446
852 492 43 30 0.010559099
475 498 44 24 0.01055838
704 499 44 23 0.010554442
88 360 62 76 0.0105540175
222 75 74 96 0.010551979
987 384 37 71 0.010549042
685 319 40 57 0.010548126
207 498 44 24 0.010544741
618 506 35 16 0.010542945
583 504 38 18 0.010542402
1022 0 2 21 0.010541281
697 284 78 104 0.010539912
514 22 41 57 0.010532531
989 444 35 66 0.010528793
455 498 45 24 0.0105275065
749 0 30 22 0.010526607
870 0 27 19 0.01052559
451 0 30 22 0.010525213
148 10 33 46 0.010520604
223 0 100 68 0.010514997
306 252 117 192 0.010513642
220 436 131 86 0.010511915
125 0 27 19 0.01051176
614 277 36 44 0.010509807
349 264 62 79 0.0105094975
697 230 75 98 0.010506858
154 214 73 97 0.010506793
604 53 61 77 0.010506567
368 68 94 167 0.010505835
680 0 29 22 0.010502124
191 222 35 62 0.010493829
439 340 78 111 0.010491281
527 141 60 82 0.010491002
782 31 41 59 0.010489881
888 198 57 72 0.010488441
500 40 62 80 0.010488302
28 22 40 57 0.010487763
345 163 71 94 0.010484366
4 57 63 87 0.010481646
745 0 19 14 0.010475015
282 15 92 110 0.010467277
723 129 43 60 0.010465956
611 38 14 16 0.0104642045
80 174 67 89 0.010463401
99 390 41 49 0.010458661
735 0 19 14 0.010456544
755 0 19 14 0.010453336
697 321 78 111 0.010452898
598 295 60 76 0.010451777
633 93 45 56 0.010450937
752 89 43 60 0.010450376
242 125 78 111 0.010441904
321 198 68 84 0.010438907
492 0 18 14 0.010432226
940 111 76 104 0.010431422
851 72 41 51 0.010430167
365 0 23 15 0.010427452
584 373 65 87 0.010421492
897 294 8 15 0.0104191955
569 278 59 76 0.010417232
169 281 151 222 0.010412165
606 399 60 85 0.010411549
14 10 45 57 0.010411125
0 166 18 47 0.010410529
429 244 22 31 0.0104056895
177 339 42 58 0.010402376
765 0 19 14 0.01040193
334 50 32 44 0.010401134
255 99 44 60 0.010400455
0 265 18 47 0.01039518
0 334 19 47 0.010395053
928 238 96 173 0.0103948945
482 0 19 14 0.010383359
491 366 131 156 0.010382325
82 198 35 52 0.010382271
502 0 18 14 0.01037773
924 502 41 20 0.010374735
608 447 59 75 0.010374639
552 163 55 72 0.010373782
355 22 13 21 0.0103696035
209 61 65 85 0.010362512
565 63 58 70 0.010362129
769 0 30 22 0.010357304
362 391 35 45 0.0103559205
725 0 19 14 0.010354798
583 313 63 81 0.010349696
720 87 75 107 0.010347363
944 94 40 56 0.010345986
521 225 64 81 0.010342647
484 277 44 61 0.01033869
161 239 133 181 0.010334824
916 36 18 34 0.010328666
0 185 18 47 0.010324632
0 245 18 47 0.010318436
1021 61 3 27 0.010317975
475 247 43 61 0.010312196
858 211 166 243 0.0103121465
193 246 42 58 0.010310628
455 62 41 57 0.01030372
641 353 67 90 0.010300042
218 100 41 57 0.010295478
661 324 71 95 0.010294218
0 285 19 47 0.0102859195
891 13 26 29 0.010278731
695 417 82 105 0.010278232
435 498 45 24 0.010278092
943 500 42 22 0.010277826
567 32 74 80 0.010275021
773 498 44 24 0.0102746
544 376 112 146 0.010271759
945 418 39 56 0.010266133
775 0 18 14 0.010265888
464 208 43 62 0.010264898
568 253 27 47 0.0102638295
987 325 37 73 0.010263187
9 418 41 58 0.010262721
216 268 44 59 0.010261728
896 435 36 37 0.010259948
483 426 44 60 0.010253826
705 122 40 55 0.010249286
484 110 43 60 0.010245781
902 162 28 40 0.010242417
601 352 65 88 0.010241181
0 192 57 97 0.010236995
819 230 115 175 0.010236047
437 368 41 58 0.0102346465
226 81 43 58 0.010230334
752 426 44 60 0.0102271475
243 0 19 14 0.010224193
1022 32 2 24 0.010220305
987 205 37 73 0.010220225
722 80 43 59 0.01021848
890 214 12 15 0.010217563
276 499 45 23 0.010216784
472 0 19 14 0.0102164075
0 314 19 48 0.010213518
226 169 43 59 0.01021295
504 426 43 61 0.010209486
0 271 59 100 0.010207946
323 19 33 48 0.010203656
789 0 29 22 0.010199948
349 451 39 31 0.010198553
932 12 40 52 0.01019535
0 205 18 47 0.010193411
404 0 27 20 0.010191171
0 225 18 47 0.010189465
575 249 39 51 0.010184132
511 0 19 14 0.010181608
557 73 79 93 0.010180381
640 221 55 67 0.0101786805
890 209 13 14 0.010174446
987 265 37 72 0.010173655
233 0 19 14 0.0101700695
523 81 60 78 0.010169104
908 459 35 45 0.010168109
863 273 61 80 0.010161616
643 394 66 90 0.010156973
715 0 19 14 0.010153552
685 500 43 22 0.010147962
237 188 43 60 0.010147582
942 119 42 59 0.010147551
697 23 37 54 0.010146478
144 222 18 29 0.010143638
447 43 39 55 0.010133421
163 351 75 103 0.010132474
253 0 19 14 0.010132068
651 454 25 32 0.0101296585
666 122 57 84 0.010128997
503 82 111 145 0.010122127
0 350 58 100 0.010122052
732 426 43 60 0.0101201795
723 267 43 60 0.010111414
577 253 18 31 0.010111262
370 0 212 143 0.010103877
951 368 42 59 0.0101036485
862 183 60 70 0.010093524
650 477 17 22 0.010090012
881 276 48 48 0.010082728
582 156 38 49 0.010079456
167 500 43 22 0.010076098
369 415 61 70 0.010075047
102 181 104 143 0.010071948
351 295 61 83 0.01006887
464 178 43 61 0.010063833
556 12 46 60 0.010056751
479 60 66 87 0.01005675
188 110 67 92 0.010050582
624 424 56 77 0.010047048
464 416 43 60 0.010046825
606 46 19 27 0.010045776
479 443 80 79 0.010045504
9 358 41 60 0.010042117
379 34 34 43 0.010036308
493 407 44 60 0.010035249
503 239 45 61 0.01003398
465 267 43 60 0.010031537
25 448 73 74 0.010030166
446 387 42 59 0.010029172
1021 76 3 27 0.010028897
642 0 27 19 0.0100242365
941 0 24 18 0.01002357
436 299 42 58 0.010022532
407 402 65 80 0.010019161
644 135 33 40 0.010018332
895 398 68 84 0.010014017
942 258 42 59 0.010013776
181 379 79 111 0.010012291
188 499 43 23 0.010012253
255 307 44 61 0.010010786
624 138 33 43 0.01000862
446 13 39 55 0.010003895
539 157 35 61 0.010002189