59_peopledrivingcar_peopledrivingcar_59_283
723
204 71 154 217 0.82738394
472 154 84 141 0.6773117
582 0 110 93 0.07466591
619 0 53 67 0.0657493
356 130 144 190 0.0594451
125 68 175 205 0.051612355
705 0 107 95 0.050352268
561 0 193 138 0.047489736
125 0 81 66 0.047081064
352 169 52 84 0.046821684
0 162 73 146 0.045738455
745 307 80 78 0.04456591
500 133 110 163 0.04386885
4 40 153 216 0.04184728
857 0 167 203 0.041644886
439 123 105 150 0.04145973
634 0 141 88 0.038821544
10 89 95 153 0.038292408
286 113 132 180 0.037894066
135 0 241 215 0.03776153
535 1 119 106 0.03729218
504 201 55 97 0.03727359
681 401 50 63 0.03656033
598 323 173 193 0.03624162
78 115 11 23 0.035436466
864 493 160 221 0.03500946
952 653 72 61 0.034969002
647 374 107 125 0.034479164
748 0 91 82 0.033528622
739 0 58 64 0.03340956
705 309 113 122 0.033039086
4 0 163 124 0.032964963
266 138 96 154 0.032840613
414 170 132 158 0.03283672
147 19 139 165 0.032489877
0 51 216 316 0.03156133
343 153 90 133 0.031034427
927 0 97 100 0.030495416
257 16 125 198 0.030452136
77 110 19 34 0.030057883
624 0 33 24 0.030027125
984 669 40 45 0.02997977
111 0 119 121 0.029821174
788 287 70 88 0.028841903
499 126 65 131 0.028622607
640 0 71 51 0.028418059
216 53 113 156 0.028193308
552 338 15 14 0.028031914
631 0 219 144 0.02746338
340 213 157 202 0.02742991
582 0 28 28 0.027194912
217 197 145 186 0.027041422
369 0 261 183 0.026802132
669 308 40 45 0.026653308
696 0 277 197 0.026602285
15 461 275 253 0.026351437
0 211 84 233 0.02619764
704 301 26 41 0.026172472
715 327 14 13 0.026093274
0 617 69 97 0.026009787
77 312 32 38 0.025739033
612 499 273 215 0.02562288
493 1 116 98 0.02555134
411 70 177 247 0.025389303
866 45 158 384 0.025299318
266 0 134 109 0.025144495
878 269 146 330 0.024899574
0 211 53 131 0.024898244
0 151 137 351 0.024890097
667 0 61 38 0.024885543
522 97 106 152 0.024756277
278 206 94 127 0.024744507
0 0 74 93 0.024621852
0 530 107 184 0.024563126
72 93 49 72 0.024401896
919 333 105 191 0.024380004
640 283 180 200 0.024367642
338 0 166 206 0.024062948
179 500 267 214 0.02404786
925 595 99 119 0.023993252
76 84 75 121 0.023887573
0 0 101 206 0.02360028
695 0 13 9 0.023574645
355 205 95 119 0.023378031
735 0 188 125 0.023212653
77 0 114 79 0.023044718
550 0 65 45 0.023029424
60 5 151 167 0.02300271
49 98 145 185 0.022924723
628 1 38 41 0.022921208
160 147 132 156 0.022908062
306 158 79 133 0.0226892
140 547 208 167 0.022639452
507 0 181 171 0.0225849
0 0 48 61 0.022492165
570 376 142 150 0.022347068
910 100 114 223 0.022337586
350 0 135 105 0.022130411
223 605 142 109 0.022071142
528 361 22 31 0.022003258
7 188 111 167 0.0219808
17 0 89 58 0.021974498
670 619 150 95 0.021927003
529 29 251 293 0.021819746
713 314 19 25 0.021695396
0 164 43 110 0.021629933
274 472 269 242 0.021603681
916 188 108 221 0.021498363
157 0 76 61 0.02140727
337 132 73 112 0.021365948
322 0 112 85 0.02132809
732 259 117 128 0.021309152
447 487 268 227 0.021258231
456 91 206 289 0.021234212
80 197 187 235 0.021071248
662 270 254 293 0.021014107
177 0 144 112 0.020966785
724 13 97 146 0.020947691
202 649 95 65 0.020919092
846 0 143 111 0.020916922
552 336 26 18 0.02090225
170 657 89 57 0.020799989
234 0 116 83 0.020759549
368 188 59 72 0.02073529
923 442 101 188 0.020676216
610 0 45 50 0.020649115
743 551 185 163 0.02064569
481 159 50 86 0.020590037
0 106 55 129 0.020531878
554 620 155 94 0.020165782
36 652 93 62 0.020163853
195 138 234 302 0.019917466
686 402 35 40 0.019896211
847 616 140 98 0.019882916
414 0 173 122 0.019864393
451 189 78 98 0.01985272
124 57 109 140 0.019819712
212 257 251 331 0.019749563
0 258 214 368 0.01972481
0 382 36 68 0.019686734
511 227 164 210 0.019653535
471 51 123 186 0.019641133
729 647 109 67 0.019640714
294 610 146 104 0.019622166
557 78 130 177 0.019517144
939 404 85 153 0.019417541
754 620 141 94 0.01937348
263 226 134 171 0.019346535
657 382 147 179 0.01928062
57 616 134 98 0.01914931
584 0 51 47 0.019013831
524 285 208 242 0.018985765
550 529 225 185 0.018983394
273 640 105 74 0.018957298
63 0 86 54 0.018945925
800 353 224 323 0.018936388
442 229 111 150 0.018914877
514 169 43 98 0.018696954
90 21 87 114 0.018691164
646 646 118 68 0.018579975
78 652 93 62 0.018545415
248 647 11 16 0.018544637
707 416 264 298 0.018367983
980 0 44 58 0.018346021
285 0 94 66 0.018337214
0 0 30 38 0.018221915
780 0 82 65 0.018107949
91 75 54 76 0.018021196
713 42 151 209 0.018000662
513 240 48 72 0.017971877
822 652 96 62 0.017959893
880 592 8 11 0.017937569
950 354 74 107 0.017916916
268 80 80 148 0.01779063
600 0 13 12 0.01768996
0 317 103 186 0.017669747
436 622 137 92 0.017663006
559 29 97 141 0.017616259
817 0 115 82 0.01754606
719 326 9 10 0.017507331
542 354 117 142 0.01749004
434 195 54 70 0.017400393
534 650 108 64 0.017384922
699 0 75 60 0.017370766
365 406 239 305 0.017367605
892 439 21 23 0.017306313
946 273 78 143 0.017294206
618 10 258 311 0.017203366
772 300 96 119 0.017203035
388 160 211 295 0.017150387
867 652 96 62 0.017138219
0 666 39 48 0.017120685
945 179 79 148 0.017069302
0 154 20 52 0.017065564
798 50 166 224 0.017013898
607 112 252 329 0.016989755
376 0 79 59 0.016969541
94 370 279 335 0.016945254
856 414 60 53 0.016934086
0 386 99 249 0.016912833
682 303 42 54 0.01685423
406 531 183 183 0.016845603
124 656 91 58 0.016844785
308 51 118 166 0.016761476
689 288 38 49 0.016562603
200 0 97 63 0.016535051
942 49 82 153 0.016487908
756 0 50 42 0.016460028
199 186 118 144 0.016454602
2 462 79 137 0.01642048
0 364 70 186 0.01641026
16 437 148 211 0.016375002
685 339 105 132 0.016356286
592 0 21 19 0.01634226
136 272 224 288 0.016288232
311 388 201 261 0.016259706
123 126 106 145 0.016240506
803 165 221 352 0.0162394
558 163 129 172 0.016200462
518 326 11 12 0.016186763
683 0 40 25 0.016170932
451 0 104 71 0.016169509
970 428 54 99 0.016150031
120 0 59 40 0.016095426
0 263 50 128 0.016081162
328 310 172 228 0.016079249
798 484 153 191 0.016066734
499 653 97 61 0.01602378
725 248 169 208 0.016014244
737 383 183 221 0.015988452
493 230 55 79 0.015977163
194 33 106 115 0.015959555
255 0 76 55 0.0159127
1011 688 13 26 0.015905496
1016 429 8 27 0.015892973
98 46 54 71 0.015890067
455 653 93 61 0.015830291
700 71 259 348 0.015829576
19 257 102 138 0.015822873
386 202 57 65 0.015745262
64 304 192 251 0.015731893
770 238 113 141 0.015694411
0 351 50 127 0.01569331
369 157 57 74 0.015663749
641 63 148 193 0.015646655
371 249 95 95 0.015595763
405 0 100 72 0.015594879
411 654 92 60 0.015594783
629 0 22 14 0.015561891
944 6 55 71 0.015534869
837 450 154 195 0.015491135
679 95 144 200 0.015476298
251 651 10 13 0.015405199
768 306 78 56 0.01539153
11 356 142 203 0.015378918
156 14 32 33 0.0153416
381 193 104 116 0.01532326
146 2 54 43 0.015315054
594 118 140 177 0.015296695
724 453 140 182 0.015260291
52 405 161 210 0.015260029
465 110 72 114 0.015243598
366 651 97 63 0.015240448
637 0 44 31 0.015162439
949 536 55 69 0.015047153
666 303 68 85 0.015029226
574 0 47 68 0.014954702
225 445 153 202 0.014947701
484 247 104 142 0.0149333505
967 513 57 102 0.014884632
74 120 11 18 0.014851731
0 432 48 129 0.014815285
514 193 126 166 0.01475376
972 463 52 110 0.014744571
403 406 108 120 0.014709948
32 0 59 38 0.014668606
554 9 64 85 0.014668602
0 204 31 81 0.014588667
577 149 90 118 0.014574422
759 83 154 217 0.014568378
886 419 26 29 0.014537786
563 520 99 115 0.014496045
720 152 140 193 0.014480134
810 8 140 160 0.014479159
64 1 50 25 0.014472446
196 683 62 31 0.01446174
331 179 45 88 0.014448659
255 653 7 9 0.014435817
78 116 25 42 0.014409347
847 365 143 173 0.014371629
433 283 133 176 0.014366315
499 361 208 241 0.014351075
49 519 152 195 0.014332009
145 13 47 55 0.014326683
610 21 66 87 0.014323052
524 342 9 10 0.014297202
785 483 86 103 0.014249939
0 499 55 156 0.014177039
701 393 105 116 0.014161682
453 536 96 122 0.014141348
304 139 55 111 0.014140424
149 600 134 114 0.014112747
179 0 53 37 0.014110393
693 0 24 16 0.014086008
399 66 126 162 0.01408331
188 84 108 149 0.0140646575
366 114 92 127 0.014062829
563 410 85 110 0.014038701
409 195 58 64 0.014032373
346 123 56 73 0.014023815
122 436 154 201 0.014018418
345 152 44 85 0.013956722
254 663 85 51 0.013850011
15 425 90 129 0.013839174
148 674 85 40 0.013823399
0 684 68 30 0.013802921
684 31 99 126 0.013792619
368 253 242 320 0.013786525
813 259 56 107 0.013767112
666 324 82 123 0.0137635665
33 127 97 153 0.013735687
810 0 79 55 0.013734241
1023 0 1 15 0.013723056
202 419 84 126 0.0136977285
804 525 92 119 0.013691285
758 48 95 137 0.013688212
477 324 141 179 0.013628039
126 275 87 108 0.013566961
807 132 145 214 0.013534636
173 399 151 196 0.01353034
717 323 18 18 0.013521467
0 25 54 121 0.013495312
751 10 35 47 0.013474944
857 126 115 152 0.013448631
579 426 158 186 0.013425821
869 0 91 78 0.013382232
75 0 57 36 0.0133570945
53 230 140 180 0.01335055
762 324 136 173 0.013311224
571 324 102 132 0.013306833
504 252 67 89 0.0132920435
241 255 100 121 0.013275033
51 96 72 107 0.013264424
94 586 140 128 0.013256562
610 26 99 133 0.01323596
356 187 33 55 0.013233127
96 70 26 36 0.0131952865
247 545 91 111 0.0131867705
900 441 15 18 0.0131836375
286 543 95 118 0.013156983
740 0 46 36 0.013127213
666 0 78 68 0.013123618
869 447 91 107 0.013115783
298 677 64 37 0.013111111
184 3 73 77 0.013105454
129 366 157 195 0.013098683
680 307 91 103 0.013097002
932 671 64 43 0.013095339
740 340 91 125 0.013093069
863 395 97 114 0.013065789
978 610 46 86 0.013052482
63 673 82 41 0.013037243
1009 0 15 30 0.013033873
77 302 50 58 0.013026515
425 374 143 211 0.012996379
819 176 14 16 0.012957337
913 355 44 52 0.012954985
852 502 97 114 0.012951299
0 557 45 127 0.012948191
970 17 54 131 0.012939728
637 0 25 14 0.012937375
654 0 45 28 0.012933847
284 0 54 39 0.012904158
0 180 20 45 0.012880278
97 0 59 37 0.012879882
122 222 87 126 0.012840255
665 306 28 39 0.012838431
753 231 80 101 0.012813612
41 402 90 118 0.012802224
106 672 81 42 0.01279906
990 507 34 73 0.012759233
102 153 84 156 0.012749006
338 0 76 54 0.012746182
950 557 27 32 0.012739478
510 0 76 48 0.012732835
632 147 145 188 0.012719245
849 182 146 215 0.01271896
807 179 11 15 0.012707185
289 446 90 120 0.012700981
219 281 142 184 0.012690963
822 218 9 12 0.012690045
680 492 144 188 0.0126872985
973 380 51 112 0.012676333
708 300 16 16 0.012666632
707 0 15 15 0.012660888
589 250 150 195 0.012651218
175 328 149 188 0.012632729
536 361 14 19 0.012611285
822 275 80 113 0.012600319
496 352 94 118 0.012565423
389 363 95 123 0.012550961
132 26 63 82 0.012544414
651 296 57 74 0.012540725
836 381 78 87 0.012522122
937 193 11 14 0.012511196
895 426 90 101 0.012475693
389 433 102 132 0.012472574
750 489 92 104 0.012464935
528 121 66 93 0.012458496
1 79 68 110 0.012448799
681 0 14 10 0.012446011
741 441 96 122 0.01244505
54 683 61 31 0.0124427285
441 214 52 77 0.012431467
476 585 148 129 0.012400734
523 218 59 86 0.012393431
400 12 110 120 0.0123816095
52 291 70 81 0.012368803
83 58 48 68 0.0123652425
618 185 90 118 0.0123266075
396 176 52 68 0.0122739775
188 239 126 149 0.012254442
108 321 26 43 0.012244683
915 518 90 101 0.012223974
666 413 51 67 0.012206556
766 523 94 115 0.01218619
710 257 96 106 0.012184281
491 542 93 115 0.012182168
1019 433 5 36 0.012140773
0 370 25 61 0.012140734
0 405 41 97 0.012136486
77 19 75 83 0.0121239005
537 319 93 121 0.012122541
665 66 15 11 0.012111844
388 0 54 38 0.012095932
814 399 91 101 0.012083472
136 683 59 31 0.012074826
215 41 61 69 0.0120653715
703 655 90 59 0.012043096
108 300 85 103 0.012042028
780 0 55 40 0.012040079
722 511 90 108 0.01202631
414 221 54 66 0.012016558
88 66 26 33 0.012004481
56 80 54 72 0.011986986
305 495 87 111 0.011984342
62 382 91 113 0.011979378
0 127 32 85 0.011967697
528 397 93 112 0.011957703
442 382 102 122 0.011954404
633 18 34 50 0.011946925
667 260 71 87 0.011940527
365 66 97 128 0.011929393
818 482 104 128 0.011928333
587 196 75 100 0.011909872
508 104 63 105 0.0119074965
550 342 13 14 0.011894426
1022 434 2 21 0.011871472
459 455 151 197 0.011850839
517 346 10 11 0.011850348
543 45 78 112 0.011847904
372 222 57 66 0.011830327
891 273 84 114 0.011816061
34 459 96 128 0.011802781
810 246 121 174 0.011802465
583 105 82 113 0.011793926
156 214 107 127 0.011793439
442 437 97 116 0.011780882
1001 238 19 24 0.011748686
538 273 87 114 0.011745316
926 366 25 28 0.011741723
151 53 74 97 0.0117351925
493 117 53 85 0.011714929
655 139 102 130 0.0117082475
131 307 11 13 0.011707775
34 364 91 106 0.011706341
424 0 64 47 0.011705824
775 383 83 103 0.011688995
918 349 83 96 0.011687681
881 488 98 115 0.011681609
214 365 151 198 0.011658125
240 0 61 43 0.011656664
1015 0 9 20 0.011652321
788 656 81 58 0.011650672
625 433 12 12 0.0116381915
162 507 82 128 0.011627569
196 0 59 44 0.011626083
813 424 120 146 0.011622182
79 120 8 15 0.011612091
591 403 61 76 0.011605278
620 0 24 15 0.011585609
848 540 95 120 0.0115843015
335 579 149 135 0.011556332
582 326 8 10 0.011540531
1007 661 17 53 0.011537328
972 255 52 116 0.011534154
62 424 92 123 0.011516265
575 275 92 121 0.01151619
519 341 17 13 0.011478255
1020 615 4 35 0.011475512
800 449 91 107 0.011474903
87 291 69 82 0.011470708
465 176 50 76 0.0114705525
1020 629 4 38 0.011455608
593 512 125 147 0.011443604
962 367 13 13 0.011440613
101 359 95 113 0.011437749
408 0 54 37 0.011428222
640 0 15 9 0.011399526
813 338 130 164 0.0113907
990 60 34 87 0.0113711655
324 546 94 115 0.011358447
90 42 26 32 0.0113554895
464 142 52 72 0.011346705
736 130 102 136 0.011332598
111 65 60 76 0.011326841
755 306 61 40 0.011319778
354 438 97 123 0.0113052735
394 248 122 140 0.011302168
578 231 90 117 0.011298233
843 76 99 137 0.011294548
697 466 92 109 0.011284913
724 330 62 74 0.0112779625
1019 422 5 28 0.011268262
78 125 9 16 0.01125662
85 688 79 26 0.011248632
541 508 7 9 0.011232221
0 392 20 52 0.011210829
0 329 37 98 0.011188344
598 2 11 13 0.011183003
805 173 19 22 0.011180345
850 284 140 193 0.011179475
216 463 58 84 0.011169873
19 16 82 89 0.011165837
406 301 17 16 0.011153045
571 453 95 126 0.011151085
619 657 89 57 0.011122347
735 671 67 43 0.01111619
540 364 12 21 0.011115587
554 396 10 10 0.011098907
514 565 96 116 0.011090069
480 20 88 108 0.011067549
885 100 99 134 0.011066967
911 30 95 140 0.011051079
615 329 103 132 0.01104673
359 155 41 65 0.011042861
782 559 97 125 0.011032456
134 279 148 186 0.011031079
0 482 11 26 0.011021313
0 480 40 110 0.010980894
96 439 102 136 0.010974431
604 546 64 75 0.010949055
609 101 103 126 0.010947731
439 413 55 71 0.01093936
244 678 56 36 0.010937441
730 306 62 66 0.010925386
769 0 33 28 0.0109088365
618 417 107 123 0.010888823
1003 0 21 70 0.010879511
605 567 110 130 0.010872417
910 249 92 122 0.010871281
581 656 91 58 0.010869369
971 105 53 128 0.010868744
802 0 54 38 0.010863905
702 380 70 81 0.01086074
1021 643 3 42 0.010850668
364 139 53 66 0.010835809
1003 429 21 71 0.010835599
595 0 13 9 0.010835225
722 321 10 15 0.010833937
370 338 93 119 0.010832646
80 102 28 39 0.010832342
542 195 77 109 0.01082419
416 533 90 120 0.0108170835
527 344 9 10 0.010813421
1023 437 1 23 0.010807463
93 485 133 180 0.010805705
952 618 54 67 0.010803593
664 215 82 109 0.010788016
4 248 71 112 0.010771109
644 0 29 19 0.010769475
116 269 66 86 0.010769033
0 289 31 81 0.010766838
72 117 20 37 0.010766655
550 137 69 94 0.010761753
992 597 32 63 0.010752612
815 343 75 100 0.010752293
519 0 48 28 0.010743618
25 47 79 101 0.010720141
26 311 72 83 0.01071746
332 655 85 59 0.010716609
879 425 36 36 0.010715712
0 232 20 38 0.0107146865
9 184 59 75 0.010714081
950 645 43 58 0.010708374
822 582 99 122 0.010707523
1017 557 7 47 0.0106890015
96 107 80 131 0.01067997
974 342 50 87 0.010677563
883 465 58 69 0.010674527
35 97 64 82 0.010670133
166 409 95 129 0.010665171
821 222 10 13 0.010662562
651 541 66 82 0.010661708
782 264 61 78 0.010653975
475 506 89 119 0.010643987
685 567 91 112 0.010637365
1010 537 14 68 0.010628919
658 311 26 41 0.010620646
776 170 113 164 0.010619919
319 110 66 110 0.01061262
888 535 94 116 0.010603559
264 418 96 124 0.010598876
824 123 93 126 0.010596566
191 500 129 168 0.010594502
691 367 61 68 0.0105821965
754 48 65 95 0.0105798915
953 179 13 16 0.010573375
139 440 103 132 0.0105721
19 202 70 91 0.01052917
386 145 51 67 0.010510056
1011 607 13 38 0.010507634
773 433 82 104 0.010507608
764 12 44 59 0.010506749
1022 609 2 32 0.010501002
415 102 87 103 0.010495202
297 190 60 92 0.01049335
718 564 99 123 0.010485681
6 553 74 103 0.010484829
0 461 28 74 0.010475429
320 0 61 43 0.01047207
292 653 11 16 0.010455933
40 324 82 99 0.010450802
0 319 23 64 0.010429438
674 410 64 98 0.010415992
662 530 44 57 0.010407173
685 0 17 12 0.010401294
61 474 97 131 0.010399279
982 553 42 86 0.0103970505
213 544 83 107 0.010396776
769 29 68 92 0.010388874
681 427 32 44 0.010387623
663 27 84 98 0.010383193
64 345 84 102 0.010375402
87 322 83 102 0.010371827
454 339 91 112 0.010371385
168 29 78 95 0.010367094
1016 635 8 48 0.010366032
712 224 76 96 0.010363577
411 335 92 118 0.010354142
356 163 22 37 0.010353115
517 525 90 107 0.010350599
170 690 70 24 0.010345841
207 0 36 27 0.010345467
602 0 28 21 0.010337853
644 448 120 149 0.01033238
698 32 65 84 0.01033042
930 439 61 73 0.010328472
60 124 14 14 0.010327611
0 695 33 19 0.010327201
77 219 97 128 0.010302453
574 24 62 89 0.010286413
674 411 34 41 0.010284333
571 220 70 90 0.010280104
646 0 14 9 0.010271153
324 463 90 114 0.010268717
557 669 68 45 0.010268495
557 373 18 12 0.010258761
1022 0 2 24 0.010251561
342 215 71 93 0.01024677
784 77 95 132 0.01024397
140 312 93 113 0.010239907
1021 0 3 32 0.01023675
136 381 94 122 0.010234344
353 271 91 105 0.010221812
583 559 80 101 0.010217978
0 184 28 69 0.010214267
377 409 85 105 0.010211472
293 490 145 184 0.010210693
0 633 5 13 0.010209212
766 670 71 44 0.010196791
778 11 29 36 0.010192891
670 558 78 92 0.010189674
797 471 60 72 0.010188603
0 655 5 12 0.0101875905
366 670 60 44 0.010186782
853 258 83 115 0.010184299
159 0 47 30 0.010182181
823 216 8 9 0.010174181
314 230 79 102 0.010162748
234 0 16 13 0.010157592
870 418 65 72 0.010152027
673 325 42 51 0.010151546
207 315 99 117 0.010151122
270 687 72 27 0.010148526
920 31 11 13 0.010147669
586 451 65 80 0.010123828
631 0 15 9 0.010107945
490 397 92 111 0.010107045
448 671 62 43 0.010105496
1019 1 5 40 0.01008757
549 340 26 25 0.010086625
554 336 9 10 0.010086075
966 160 26 33 0.010083069
597 420 86 97 0.010073436
400 484 135 181 0.010071429
917 154 80 107 0.010070656
550 377 70 90 0.010068863
989 251 35 82 0.010064188
877 183 14 16 0.01005309
449 435 57 72 0.010052315
212 0 19 13 0.010050144
377 473 94 129 0.010049939
526 448 85 96 0.010043128
567 356 70 92 0.010036839
289 28 86 126 0.010036271
694 392 47 51 0.010032855
519 323 9 10 0.010026923
741 236 62 75 0.010024362
245 453 93 115 0.010012732
365 0 41 30 0.010008672
202 0 14 12 0.010006323
910 430 14 18 0.010002895