59_peopledrivingcar_peopledrivingcar_59_704
1175
863 134 66 87 0.87023205
625 14 54 74 0.8619401
101 203 65 74 0.8592195
165 81 55 76 0.82826895
476 38 46 61 0.8279461
442 181 61 84 0.8228287
766 92 50 66 0.82168573
330 88 46 51 0.8153099
438 132 70 101 0.039960474
133 447 75 72 0.036823567
847 88 71 101 0.036613367
930 0 94 92 0.031079225
626 0 55 55 0.030712739
471 177 65 85 0.030617626
131 108 69 92 0.029528592
186 100 40 55 0.029451767
887 142 60 72 0.029302457
322 62 46 63 0.028894315
177 51 62 90 0.028729293
455 215 48 54 0.028474117
0 0 35 46 0.028296253
475 5 45 67 0.028198542
870 160 75 97 0.027942808
133 197 66 82 0.02767465
978 0 46 51 0.027590185
587 0 62 43 0.02758855
987 603 37 35 0.027546795
600 3 62 80 0.027541172
500 37 59 75 0.02727132
797 81 60 76 0.02720098
656 17 63 80 0.026988275
326 103 60 76 0.02662476
777 107 57 71 0.026317824
826 0 198 177 0.026118249
202 350 71 114 0.025673166
614 0 45 32 0.02551151
152 76 46 62 0.025485303
743 83 58 76 0.02545188
447 64 65 93 0.025412288
458 63 47 56 0.025207108
201 78 61 79 0.02515263
552 94 20 36 0.025017794
0 0 66 87 0.024948582
301 85 52 61 0.02450943
472 72 51 68 0.024468409
432 186 44 60 0.024436183
903 142 79 97 0.024404969
142 103 51 61 0.024233777
28 142 22 29 0.024183122
423 162 66 92 0.024119161
338 0 121 87 0.02410057
797 114 74 90 0.024027
349 106 44 52 0.023896718
175 120 43 47 0.02382308
0 591 36 47 0.023185872
0 0 22 30 0.022984479
82 220 58 63 0.022923527
835 147 64 83 0.0226622
760 117 65 86 0.022628356
0 0 137 176 0.02260998
103 233 68 86 0.022553865
360 128 24 39 0.022497064
482 0 62 52 0.022384958
357 131 41 51 0.022357464
338 115 38 45 0.022255933
467 193 41 63 0.022200027
113 170 68 92 0.022166152
0 606 23 32 0.02212252
925 554 99 84 0.021675482
138 44 78 107 0.021553662
852 0 125 97 0.021507971
486 55 46 58 0.02140777
738 106 45 56 0.021376027
675 0 73 86 0.021357603
0 551 71 87 0.02132512
345 0 66 49 0.021311758
774 0 123 94 0.021278135
516 0 71 84 0.021236466
50 191 84 93 0.02121176
796 408 228 230 0.021028444
217 0 123 88 0.020974992
730 104 69 86 0.020956958
505 0 63 47 0.020899247
861 0 67 52 0.020871347
466 156 48 71 0.020866433
329 38 52 76 0.020728702
645 0 54 39 0.020626828
855 172 51 63 0.020614445
147 0 65 49 0.020574627
247 0 62 49 0.020556057
187 0 65 50 0.020507986
191 77 38 60 0.020483214
630 49 48 64 0.020452775
821 0 66 52 0.020437745
0 453 36 86 0.020430466
148 94 20 40 0.02039496
601 58 71 96 0.020348156
782 0 66 50 0.020203745
25 0 68 51 0.020168837
85 0 67 52 0.02013226
421 202 52 63 0.020051558
151 383 110 130 0.02005082
474 0 43 31 0.019879814
826 84 57 76 0.019831348
555 242 23 33 0.019807788
307 0 63 49 0.019799506
640 385 287 253 0.019771127
352 118 26 31 0.01973063
744 0 63 48 0.019712359
958 150 66 101 0.019705843
130 424 112 117 0.019667797
636 57 72 96 0.019628568
1007 624 17 14 0.01951457
597 236 42 45 0.019476358
886 105 74 94 0.01946664
783 133 65 81 0.019465623
835 36 73 98 0.019415347
748 78 87 111 0.019401446
161 473 30 35 0.019382589
571 0 52 38 0.019341378
339 50 110 137 0.019313762
936 49 88 155 0.019249776
313 119 52 64 0.019225271
842 167 77 98 0.019215588
86 117 74 101 0.019186035
712 284 15 18 0.019181887
168 63 45 62 0.019104702
955 112 69 102 0.01910007
665 0 62 46 0.019044919
813 129 41 55 0.018977469
453 91 44 53 0.018949991
458 0 114 82 0.01894061
678 72 75 93 0.018926313
488 20 42 61 0.018925047
492 49 33 42 0.018900461
0 480 24 63 0.018898832
365 121 25 35 0.018894447
427 0 62 46 0.018876687
498 0 113 148 0.018853446
595 0 42 28 0.018810583
807 0 55 42 0.018756183
971 574 53 64 0.018710282
346 103 27 35 0.018705755
796 41 74 93 0.018697562
99 189 49 62 0.018612113
910 0 89 64 0.018607821
133 0 54 40 0.01860739
860 81 123 152 0.018595448
82 255 80 98 0.018587608
865 120 44 60 0.018570164
370 0 56 41 0.018569147
160 191 71 91 0.01853448
823 0 102 76 0.018534457
374 126 24 31 0.018517623
704 0 64 52 0.018478941
308 0 100 71 0.018438362
953 26 71 106 0.018401092
385 0 64 49 0.01829985
171 0 57 41 0.018295297
783 98 43 50 0.018288415
770 119 34 42 0.018247858
530 0 52 39 0.018229797
675 112 75 94 0.01822388
772 78 41 56 0.01820372
229 364 43 83 0.018178606
140 0 122 87 0.018168356
888 0 47 34 0.018080378
614 63 46 59 0.01807214
407 115 72 99 0.017990163
232 0 56 40 0.017983738
846 0 58 43 0.017979912
1006 0 18 27 0.017939674
906 113 48 62 0.017931383
426 219 68 85 0.017928483
375 131 40 51 0.01791383
958 189 66 101 0.017894175
161 149 69 94 0.0178671
545 0 64 48 0.017866848
122 242 44 46 0.017866118
333 0 47 33 0.017858958
111 0 56 40 0.017834775
452 159 104 135 0.01782762
9 0 57 43 0.017794475
350 73 72 85 0.01778069
0 56 39 88 0.017711336
80 69 75 95 0.017678222
560 94 11 22 0.01765159
727 0 54 41 0.017650625
851 205 46 56 0.017616713
945 0 58 46 0.017604347
81 184 109 132 0.017603347
565 0 72 84 0.017588431
617 0 83 115 0.017527414
329 136 62 79 0.017498251
166 121 63 84 0.017475022
51 0 57 41 0.017395966
20 0 124 89 0.017343365
0 452 149 186 0.01733517
266 0 101 74 0.017310288
649 41 37 47 0.017273359
764 0 63 64 0.017259954
693 0 126 91 0.01725678
146 80 31 50 0.01715119
321 105 42 47 0.017115831
915 157 35 51 0.017096447
0 352 38 90 0.017082652
770 0 47 34 0.017054427
873 31 76 103 0.017018573
0 193 39 92 0.01701408
296 105 49 61 0.017012835
509 10 50 67 0.017000722
393 123 20 31 0.017000666
808 142 50 67 0.016993284
187 0 102 72 0.016989315
0 15 37 91 0.016978094
0 532 36 91 0.016973458
749 129 88 115 0.016963538
242 154 39 48 0.016955763
737 549 116 89 0.016850984
471 55 79 108 0.016829873
451 233 48 61 0.016788308
359 152 73 93 0.016751735
973 72 51 104 0.01671318
491 76 27 33 0.016694406
490 80 50 66 0.016691133
467 96 60 85 0.016684195
519 72 73 93 0.016664127
354 42 73 86 0.016604617
292 0 54 39 0.016588684
561 98 13 28 0.016562503
0 292 38 89 0.016539657
213 0 48 34 0.016499016
637 0 36 30 0.016496118
515 0 43 29 0.016486758
613 26 40 54 0.016484754
0 232 39 91 0.01645842
835 456 55 51 0.016434569
904 0 57 43 0.016432969
492 0 43 30 0.016425377
357 111 74 91 0.01638732
673 9 42 57 0.016322648
618 83 112 145 0.01631969
22 582 77 56 0.016309056
972 365 52 107 0.016293345
539 542 13 10 0.016270865
724 39 71 90 0.016200958
6 55 67 95 0.016197713
272 0 46 34 0.016185416
914 582 80 56 0.016182024
0 131 39 92 0.016167717
217 71 41 58 0.016148835
0 93 40 93 0.016135046
774 53 106 135 0.016124718
427 87 54 69 0.01607605
420 593 73 45 0.016052892
0 286 24 62 0.016031591
552 187 35 51 0.01603138
444 97 60 85 0.01601407
60 42 113 149 0.015954144
352 142 50 63 0.015951158
511 66 49 62 0.015947286
451 0 52 38 0.015870757
836 130 45 61 0.015870325
0 186 23 61 0.015862033
419 554 121 84 0.015825428
717 147 74 96 0.01579983
856 582 79 56 0.015779575
98 558 125 80 0.015757037
75 0 48 34 0.015722461
11 553 136 85 0.015699366
0 67 25 62 0.01569639
326 87 23 33 0.01567947
358 192 74 95 0.015671426
592 33 61 78 0.015668923
627 80 55 67 0.015598367
535 392 21 17 0.015591671
979 215 45 97 0.015522389
4 462 70 97 0.015515381
408 0 53 39 0.015495195
674 0 42 30 0.015494626
0 487 36 92 0.015465715
0 448 22 64 0.015438516
279 147 75 96 0.015421669
363 0 16 13 0.015419984
348 56 44 59 0.0153522445
310 62 87 109 0.015349341
0 203 69 158 0.015348071
138 127 44 56 0.015326025
751 52 59 89 0.015315249
296 556 130 82 0.015313979
167 319 95 125 0.015308637
915 186 77 96 0.015297048
109 76 65 85 0.015282948
656 45 117 147 0.015275795
240 115 75 92 0.015275132
0 365 23 63 0.015265415
125 249 65 81 0.015256508
0 565 22 62 0.015243981
477 111 73 97 0.015239337
0 83 67 158 0.015237117
436 76 39 50 0.0152165685
978 320 46 98 0.015216105
320 584 75 54 0.015193846
83 581 78 57 0.015189743
223 586 71 52 0.015187513
204 152 73 92 0.015177798
473 373 22 25 0.015129447
970 505 54 108 0.015119197
352 219 90 115 0.015079211
400 305 14 13 0.015078641
969 465 55 107 0.015058249
186 16 65 88 0.015041533
111 0 36 27 0.0150393415
676 72 41 52 0.015015338
513 39 20 32 0.015007417
0 8 24 60 0.01500258
574 9 45 55 0.015001892
819 18 111 144 0.014972544
0 226 24 64 0.014956314
437 53 41 52 0.014899556
411 610 57 28 0.014897942
986 145 38 71 0.014888959
18 523 81 106 0.014883248
930 0 48 35 0.014872642
752 146 45 55 0.0148643
928 436 96 167 0.014862228
604 254 29 32 0.014857445
108 0 258 172 0.014810446
494 550 130 88 0.0148061775
214 558 127 80 0.01477877
558 583 76 55 0.014758545
536 95 38 49 0.014756244
517 93 42 52 0.014751255
884 117 49 60 0.0147321755
0 390 35 92 0.014721677
834 186 43 56 0.014721042
651 66 45 56 0.014671011
197 39 74 94 0.014665151
447 605 54 33 0.014655356
78 243 48 57 0.014643307
620 95 71 92 0.014634798
981 251 43 98 0.014633698
389 199 108 138 0.014627838
800 109 39 51 0.014617828
0 146 23 62 0.01461692
1011 47 13 39 0.014616093
200 109 73 90 0.014602475
763 101 34 46 0.014600638
190 137 60 79 0.014595794
851 145 37 56 0.01458406
572 552 131 86 0.014583708
842 485 38 20 0.01458113
239 149 75 93 0.014559429
282 584 77 54 0.014559246
122 583 77 55 0.014535691
383 127 25 29 0.014532836
538 173 43 62 0.01452165
107 0 103 72 0.014500588
0 163 99 155 0.014481653
856 552 130 86 0.014466996
110 153 55 78 0.014462319
85 205 38 56 0.014442624
735 126 42 55 0.014430115
721 591 70 47 0.0144256335
444 0 233 177 0.014418658
502 583 75 55 0.014416302
18 84 73 101 0.014416293
675 50 40 54 0.0143879065
44 222 86 98 0.014384498
782 124 34 37 0.01438448
671 83 55 67 0.014382145
806 426 121 170 0.014368633
16 80 112 154 0.014348222
619 584 74 54 0.014334703
401 0 73 88 0.014321291
971 426 53 105 0.0143078305
169 404 116 162 0.014291963
343 126 111 143 0.014278219
388 199 62 80 0.014270883
218 151 43 52 0.014270774
585 81 59 78 0.0142625
692 0 45 34 0.01426079
620 480 229 158 0.014219627
911 18 96 121 0.014208027
278 98 88 107 0.014207978
909 185 46 57 0.01419901
170 27 57 82 0.014198553
711 262 45 60 0.0141907185
269 150 20 32 0.014184795
0 325 23 62 0.014177025
163 584 74 54 0.014176112
607 245 45 48 0.014165874
938 204 86 155 0.01416036
823 592 73 46 0.014135785
19 31 74 103 0.014131936
151 215 92 113 0.014113342
459 224 68 83 0.014111868
242 373 19 27 0.014097613
504 90 111 148 0.014093333
133 465 40 45 0.014091997
257 142 36 47 0.014073515
852 196 119 158 0.014069637
913 119 67 86 0.014052645
931 361 93 166 0.014041083
407 293 11 10 0.014023252
0 0 14 19 0.014021153
682 590 73 48 0.014003762
13 605 55 33 0.013963906
463 27 41 56 0.013963601
405 36 71 89 0.013960465
760 17 64 86 0.013935716
343 133 37 44 0.013927667
660 32 26 38 0.013912912
500 38 38 49 0.013906266
294 128 46 60 0.013898845
879 2 65 73 0.013897417
227 83 59 75 0.0138939405
899 0 29 25 0.013887451
764 589 69 49 0.013882264
854 318 123 160 0.013868243
0 506 59 103 0.013856863
941 595 68 43 0.013855921
73 442 123 134 0.013854506
868 198 49 60 0.013852941
433 20 60 80 0.013838154
989 186 35 70 0.013834665
758 0 34 28 0.013832092
7 260 55 72 0.0138192475
61 0 36 27 0.013817398
460 586 73 52 0.013801962
653 8 36 49 0.013788311
587 101 91 117 0.013759059
1018 0 6 13 0.013739148
59 0 115 120 0.0137311835
451 134 47 65 0.013727774
426 48 104 150 0.013725186
708 88 51 64 0.013705117
883 407 51 62 0.01370354
908 519 83 110 0.013696013
656 556 129 82 0.013691938
11 0 34 27 0.013684555
850 92 45 59 0.013666068
894 163 117 145 0.013664307
112 602 55 36 0.013660099
118 90 42 56 0.013642866
187 116 52 66 0.013631172
149 236 59 77 0.013606731
986 24 38 74 0.013595966
0 307 57 103 0.013591006
0 107 24 64 0.013581063
276 138 38 49 0.013559661
711 607 54 31 0.013553984
415 225 47 57 0.013540926
691 607 52 31 0.01353547
0 405 22 61 0.013518219
259 0 39 34 0.0135044
330 605 54 33 0.013501215
320 0 34 28 0.013496819
25 449 256 189 0.01349392
116 341 122 154 0.013465816
601 200 44 59 0.013465172
154 603 55 35 0.01346163
449 9 84 121 0.013443646
292 49 68 80 0.013442149
751 609 49 29 0.013437002
834 110 41 58 0.013434294
31 146 94 113 0.01342724
178 48 104 136 0.0134147145
848 605 55 33 0.013408612
928 282 96 171 0.013395636
233 402 39 77 0.0133946575
18 481 79 106 0.013389957
926 603 56 35 0.013376949
991 311 33 69 0.013338412
393 256 96 116 0.013336697
735 69 51 70 0.0133305425
387 595 74 43 0.013318106
796 116 29 38 0.013304731
241 37 74 89 0.013301338
629 605 53 33 0.013287526
419 312 117 139 0.013276761
9 494 44 63 0.013274883
690 71 49 62 0.013272562
857 214 71 88 0.013266664
348 11 35 44 0.013244986
508 98 59 76 0.01323867
987 544 37 72 0.013227241
19 139 34 45 0.013225804
148 72 86 117 0.013222216
612 88 46 55 0.0131923165
223 530 74 93 0.013181397
224 376 56 120 0.0131794205
94 434 89 90 0.013174639
863 16 63 81 0.013164359
210 5 50 58 0.013142254
133 604 54 34 0.013137431
0 76 128 331 0.013135318
59 285 115 157 0.0131328525
420 395 124 165 0.013129947
289 231 36 50 0.013128972
106 481 118 142 0.013114402
51 603 55 35 0.013100936
882 164 47 55 0.013100605
0 0 9 11 0.013098006
276 0 250 172 0.013091178
42 73 73 94 0.01309099
214 604 54 34 0.013086516
218 52 120 146 0.013042744
145 247 115 152 0.013025575
671 607 52 31 0.01301928
835 0 34 30 0.013008376
636 53 34 38 0.012994903
433 133 44 57 0.012994534
0 525 22 61 0.012987892
125 141 63 88 0.012983432
593 73 42 53 0.012977381
722 18 57 76 0.012967505
521 148 72 95 0.012956554
440 251 71 87 0.012955754
342 26 63 83 0.012938529
497 83 35 41 0.012936286
456 89 111 152 0.012934907
788 171 96 121 0.012930858
301 0 34 28 0.012923026
458 430 124 169 0.012911426
41 0 36 27 0.012907989
0 622 20 16 0.012903539
660 124 108 141 0.0129014915
59 531 129 107 0.012892955
896 487 75 102 0.012890615
905 601 57 37 0.012872133
440 619 51 19 0.012863541
131 0 35 26 0.012856109
527 602 57 36 0.0128545435
696 350 74 98 0.012848447
46 615 46 23 0.01284629
139 523 119 115 0.012839832
915 466 78 105 0.012833466
485 217 62 76 0.01283182
70 2 66 75 0.012826525
58 210 45 56 0.012804455
649 606 53 32 0.012796379
655 397 118 161 0.0127850715
73 603 55 35 0.012777955
299 485 77 104 0.012769467
844 533 71 92 0.012761313
715 236 70 90 0.012753303
291 605 56 33 0.012748834
270 79 60 77 0.0127465995
19 235 68 91 0.012743224
160 267 42 53 0.012733443
481 0 30 20 0.01271808
151 0 35 26 0.012717909
149 79 20 34 0.0127125885
495 108 43 56 0.012703543
128 441 46 53 0.012700581
971 1 30 36 0.012693394
239 356 61 95 0.012692726
370 0 35 26 0.012690134
890 366 66 102 0.012686251
789 288 117 166 0.01267108
248 381 13 20 0.012665904
484 220 36 48 0.012655059
353 167 46 57 0.012654011
544 18 64 78 0.012651634
710 274 25 40 0.012642494
38 268 82 102 0.012630561
567 43 59 76 0.012616336
542 445 74 103 0.012607726
447 0 36 26 0.01259952
519 526 75 98 0.0125901485
865 0 35 29 0.012588014
366 108 22 28 0.012571874
588 603 55 35 0.0125637585
915 0 36 25 0.012543953
123 349 78 106 0.012536369
454 522 119 116 0.012524375
205 103 22 35 0.012522889
407 337 75 86 0.012521871
192 604 55 34 0.012509472
779 574 89 64 0.012492398
126 15 69 92 0.012491683
663 33 36 49 0.012486126
560 97 27 47 0.012482657
198 131 36 44 0.012476378
210 105 33 46 0.012465375
549 603 56 35 0.012461099
706 37 59 77 0.012456924
351 605 52 33 0.012452641
826 13 57 76 0.012450491
42 0 245 253 0.01244212
559 15 89 113 0.012437579
0 357 63 166 0.012431384
95 264 48 56 0.012428011
797 0 33 28 0.012426275
316 148 43 55 0.012415306
352 90 34 42 0.012413905
590 35 35 47 0.012409614
631 0 29 21 0.012401418
67 376 121 142 0.012395722
235 538 50 57 0.012394757
572 74 47 58 0.012386901
165 98 38 48 0.012385646
317 503 81 108 0.01237867
329 521 130 117 0.012373939
2 616 43 22 0.012368579
59 485 79 101 0.012366711
106 284 121 162 0.012351483
259 532 77 95 0.012340515
376 608 49 30 0.012335217
140 0 17 13 0.012333746
768 469 117 161 0.012332683
652 86 46 57 0.012325071
252 605 52 33 0.012323851
110 403 82 94 0.012322522
352 0 32 26 0.012320473
655 315 115 167 0.012313265
9 121 54 72 0.01231182
336 168 45 57 0.012305435
493 603 53 35 0.012291917
280 510 77 100 0.012285646
298 431 128 177 0.012277829
804 310 37 60 0.012259344
247 146 51 66 0.0122474935
803 279 68 95 0.012236018
391 286 113 141 0.012231718
819 96 21 31 0.012207916
250 152 24 36 0.0122074885
826 463 64 79 0.012207036
394 66 89 119 0.012202152
310 202 107 145 0.012173957
3 170 70 99 0.012166235
280 463 75 101 0.012164157
456 244 120 147 0.012159371
164 0 20 12 0.012158436
482 202 25 39 0.012158162
430 165 42 60 0.01215616
612 430 128 171 0.012143044
409 0 34 27 0.012138767
960 500 23 31 0.012129101
144 474 46 57 0.01211896
330 214 66 96 0.012118198
242 75 74 91 0.012111645
585 154 65 87 0.012079835
860 509 76 101 0.012076461
837 479 69 96 0.012071274
110 464 79 88 0.012069749
422 177 34 51 0.012069321
321 78 22 34 0.012061029
905 19 56 74 0.012054002
714 195 77 103 0.0120485835
378 117 26 33 0.0120333135
473 371 17 13 0.01202702
583 230 42 49 0.012022976
218 110 39 53 0.012021577
700 234 105 152 0.012007645
161 125 44 49 0.012005147
396 191 41 54 0.011999187
480 432 72 97 0.011994932
766 165 56 69 0.011990464
246 524 61 74 0.011980958
384 18 65 86 0.0119763585
801 87 40 51 0.011973968
583 557 44 61 0.01197001
1002 614 22 24 0.011967181
681 329 71 98 0.011949304
737 0 35 26 0.011941783
269 597 64 41 0.011941216
557 483 78 107 0.011941186
21 306 76 105 0.011927113
893 249 116 170 0.0119192945
189 63 33 48 0.011912844
1021 0 3 9 0.011908008
86 471 77 93 0.011902105
321 465 77 104 0.0118971355
514 248 43 52 0.011892614
146 223 36 50 0.011885999
389 0 35 26 0.011876912
967 8 40 55 0.011876606
599 0 239 170 0.01186888
225 326 58 95 0.01186577
282 618 49 20 0.011861389
558 113 75 96 0.011853335
97 230 116 148 0.011846084
319 36 41 58 0.011843342
531 248 41 50 0.011835043
711 234 48 67 0.011826773
371 434 129 174 0.0118198125
605 102 58 76 0.011819449
474 131 43 58 0.011808379
118 475 46 63 0.011800609
787 604 53 34 0.011799713
177 615 44 23 0.011793746
182 568 103 70 0.011783645
8 236 41 54 0.011782744
930 0 29 22 0.011745038
577 460 79 109 0.011740914
619 133 75 95 0.011731025
231 309 26 35 0.01172847
98 0 41 37 0.011718483
784 117 113 139 0.011715908
922 138 34 56 0.011714419
237 373 28 45 0.011709144
129 0 18 13 0.011686043
851 275 47 64 0.011654787
238 617 44 21 0.011643254
716 328 71 98 0.011638122
540 325 51 63 0.011637631
259 487 78 100 0.011632077
531 513 132 125 0.011631599
733 167 112 150 0.011627074
553 64 91 117 0.01162412
716 0 36 27 0.011619437
712 75 41 53 0.011619426
148 271 64 80 0.011618983
25 494 46 64 0.011612031
220 417 113 168 0.011604079
538 504 77 101 0.011594756
840 614 46 24 0.011587672
352 587 91 51 0.011573472
390 156 28 39 0.0115678115
493 170 43 61 0.0115529755
826 196 60 79 0.011551581
561 427 75 103 0.011549915
184 67 28 34 0.011545434
198 169 43 66 0.011543064
471 41 23 33 0.011539782
586 178 41 59 0.011538578
251 430 20 44 0.011538075
849 383 125 162 0.011535392
904 148 35 49 0.011524616
105 488 48 65 0.011524115
786 217 100 126 0.011514089
880 533 71 89 0.011513311
793 80 36 44 0.011501057
612 617 49 21 0.011493113
430 0 35 26 0.01148891
569 0 34 28 0.011484575
378 94 37 50 0.011484132
796 0 19 14 0.01147636
821 504 67 94 0.011469391
200 191 75 95 0.011467643
19 249 38 52 0.01146266
110 0 16 12 0.01145307
898 456 71 92 0.011452279
226 13 69 86 0.011450966
435 349 82 89 0.011446929
612 0 28 20 0.01144242
265 290 67 90 0.011441244
774 49 66 89 0.01143768
700 311 70 96 0.011427647
264 352 69 94 0.011423504
227 496 69 91 0.0114222765
304 370 69 90 0.011418692
914 386 69 98 0.011418002
496 285 49 58 0.011417787
250 278 61 81 0.011412768
807 606 53 32 0.011410183
903 0 21 15 0.0114093395
681 384 72 96 0.011408857
156 228 42 55 0.011405829
324 427 73 96 0.01140268
67 98 60 75 0.011399349
454 356 123 156 0.011395591
474 245 44 55 0.011380672
333 67 30 38 0.01137656
592 188 80 94 0.011371773
389 350 69 82 0.011370968
439 452 316 186 0.011369286
582 617 47 21 0.011366116
0 37 208 281 0.011363568
860 256 48 64 0.011359484
842 442 77 72 0.0113594355
379 11 114 147 0.011359053
556 332 71 88 0.011346871
542 0 29 29 0.011340352
497 230 41 52 0.011336416
779 0 19 13 0.011332605
501 25 26 36 0.011331973
27 440 42 51 0.011331232
38 453 73 93 0.011328262
46 16 68 86 0.011298365
913 73 79 103 0.011295956
569 91 21 35 0.0112949135
838 362 84 110 0.011293071
260 16 65 85 0.011292556
555 206 36 47 0.011290955
83 0 31 23 0.011290353
779 521 67 88 0.011286092
707 248 35 61 0.01127261
512 234 37 41 0.011269335
229 277 57 76 0.011266899
171 0 35 26 0.011253502
568 96 33 51 0.011248485
213 198 48 61 0.011246819
871 47 47 61 0.011244813
827 205 197 298 0.011235713
597 21 20 30 0.01123461
837 234 74 95 0.011219687
403 21 28 39 0.011219651
342 619 45 19 0.011212818
498 457 69 100 0.011209252
155 190 44 59 0.0112089915
152 140 54 68 0.0112059405
506 64 34 43 0.011204155
614 463 81 109 0.011199988
813 21 46 62 0.011198883
609 520 130 118 0.01119473
308 160 63 86 0.011189222
20 435 72 93 0.011183355
961 504 13 17 0.011182735
381 360 123 154 0.0111731775
600 47 35 46 0.011167782
420 429 77 103 0.011165905
494 209 42 55 0.011161935
254 92 34 45 0.011143743
181 206 108 143 0.011141386
3 344 71 104 0.011139941
45 325 75 100 0.011137192
333 401 125 169 0.011131748
526 45 57 74 0.011127437
6 381 38 50 0.011127291
643 618 45 20 0.01112507
818 396 79 100 0.011123052
850 21 50 67 0.011112043
273 110 48 61 0.011111246
461 616 47 22 0.011110523
304 196 65 91 0.011104376
367 242 57 75 0.011104107
618 355 119 165 0.011101834
456 168 40 61 0.0111015905
697 430 71 93 0.011099608
268 362 40 49 0.011097819
783 345 127 182 0.011094472
304 410 71 92 0.011091606
72 163 70 93 0.011089611
471 310 48 57 0.011086648
84 347 74 102 0.011084293
484 559 65 79 0.011082594
384 113 24 27 0.011081497
562 0 16 12 0.011081405
563 250 13 17 0.011074729
493 0 25 15 0.011070931
199 0 37 26 0.01106947
0 314 18 42 0.01106784
609 194 266 388 0.011065585
574 390 128 173 0.011065218
13 405 125 151 0.011062918
724 620 44 18 0.011060273
244 387 32 59 0.011056216
497 397 123 170 0.011052182
743 30 19 25 0.011047716
699 446 122 158 0.011047688
673 206 107 148 0.011040829
1005 0 15 14 0.0110360645
137 476 74 99 0.011016149
121 0 17 12 0.011015315
793 310 62 87 0.011011004
60 96 39 54 0.011008099
149 0 19 12 0.011003541
56 250 45 56 0.010996588
662 422 38 52 0.010982185
817 97 33 46 0.010980717
835 93 189 288 0.010975942
327 178 64 89 0.0109711215
323 389 70 93 0.010969337
577 202 115 142 0.010968769
275 547 43 59 0.010963236
235 335 40 62 0.010959364
642 29 36 47 0.010958664
475 334 81 90 0.010956114
74 195 38 56 0.010954649
350 73 28 38 0.010954008
717 19 38 51 0.010953638
530 9 36 45 0.0109511465
374 10 44 49 0.010947842
117 131 42 55 0.010945566
277 218 58 79 0.01094345
632 565 45 60 0.010941546
741 180 69 86 0.0109376
29 70 53 67 0.0109347915
439 375 50 55 0.010932834
341 441 78 107 0.010929355
349 255 58 80 0.010929279
914 225 82 106 0.010929195
358 479 81 112 0.010927573
373 0 18 12 0.01092587
67 615 46 23 0.010922358
624 0 23 16 0.01091682
498 249 43 52 0.010916488
127 617 46 21 0.010913494
715 369 73 96 0.010909076
174 468 116 166 0.010908484
780 178 65 83 0.010901043
486 253 68 81 0.010897238
167 257 59 74 0.010895355
891 617 45 21 0.010886927
661 0 28 28 0.010882716
152 61 39 52 0.010880616
512 0 29 20 0.010867743
421 96 39 49 0.01086587
769 0 19 15 0.010860229
244 463 73 99 0.010857842
778 443 80 95 0.01085399
65 133 68 96 0.010844335
408 319 43 59 0.010843527
809 437 77 82 0.0108435005
36 443 27 31 0.010843397
357 14 41 51 0.010832913
761 82 34 50 0.010830723
279 430 72 96 0.010830302
599 20 12 14 0.010822394
212 524 58 73 0.010812678
0 419 47 86 0.010811768
144 335 78 98 0.010806551
125 190 39 51 0.010801547
475 63 34 38 0.010800816
924 521 53 70 0.0108000375
678 446 74 99 0.0107990755
523 466 71 101 0.010797875
156 30 47 60 0.010797753
751 171 45 57 0.010793396
900 45 69 98 0.010791179
398 552 81 86 0.010787321
141 427 46 61 0.01078465
249 237 61 83 0.0107818805
379 136 24 35 0.010777877
79 501 81 107 0.0107755875
803 0 21 14 0.01077526
588 201 41 55 0.010774145
474 0 24 16 0.01076891
597 17 34 52 0.010764564
97 614 46 24 0.010744235
900 557 61 76 0.01074331
873 0 21 15 0.010737283
792 169 46 56 0.010732953
194 138 26 30 0.0107325995
149 244 35 44 0.010726569
553 162 42 61 0.010725696
594 521 81 106 0.01072338
1002 42 22 52 0.010720121
71 0 17 14 0.010719817
595 420 78 109 0.0107152425
395 616 49 22 0.010713808
619 220 67 79 0.0107120285
283 333 70 96 0.010711551
15 69 44 61 0.010710329
872 387 49 66 0.010706011
98 153 45 59 0.01069654
872 617 47 21 0.010694892
59 138 39 49 0.01068922
533 536 44 50 0.010688738
7 395 41 60 0.01068656
461 457 73 104 0.010685694
497 226 23 27 0.010684997
545 98 61 80 0.010684347
90 0 17 13 0.010683429
195 433 76 99 0.010682319
269 347 37 45 0.010680135
746 23 53 69 0.010677072
920 432 73 99 0.010676675
733 149 43 55 0.010674429
373 211 47 59 0.010673998
462 0 29 20 0.0106653385
394 231 43 55 0.010664586
224 29 43 55 0.010660184
664 618 45 20 0.010651786
972 616 47 22 0.010651506
819 253 76 100 0.010635115
484 297 48 57 0.010632542
308 0 18 12 0.01062577
506 208 57 72 0.010623513
294 212 44 60 0.01062082
241 0 35 27 0.0106195
550 0 28 22 0.010610292
598 219 35 44 0.010608248
931 619 45 19 0.010606723
17 512 44 62 0.010603477
80 299 69 86 0.010602988
695 357 119 169 0.0106029725
25 317 113 160 0.01059943
265 16 42 57 0.01059933
562 618 49 20 0.010597868
229 0 18 12 0.010592371
303 535 69 86 0.010586574
490 16 29 37 0.010580874
61 53 74 96 0.010579748
462 535 67 91 0.010579691
702 135 61 81 0.010576951
392 251 45 57 0.010575448
595 264 44 54 0.010567168
378 384 46 56 0.010566984
903 58 39 56 0.010564778
467 234 32 35 0.010559906
266 165 109 147 0.010553814
776 388 77 105 0.010553651
613 189 44 58 0.010553561
381 27 30 38 0.010553301
50 0 18 14 0.010549719
583 38 108 144 0.010546838
785 18 57 71 0.0105358595
828 8 39 56 0.010534829
343 280 117 149 0.010533299
299 284 116 158 0.010532318
633 242 42 49 0.0105321575
834 285 81 108 0.010530314
211 136 33 42 0.0105229905
828 118 120 144 0.010521055
248 313 64 91 0.0105193965
526 18 24 32 0.010516067
345 130 25 29 0.010503457
190 429 267 209 0.010503025
577 191 38 51 0.010503013
382 0 18 14 0.010502861
939 489 70 94 0.010493998
655 465 79 105 0.010493843
24 8 47 62 0.010492091
500 317 74 88 0.010488192
38 545 44 61 0.010486299
617 279 119 163 0.010484473
146 618 46 20 0.0104783485
207 618 47 20 0.010471829
226 359 35 45 0.0104706725
404 237 65 82 0.010466594
744 519 72 90 0.010465716
86 485 47 60 0.010464782
371 341 62 79 0.010461176
93 91 129 152 0.010457443
643 120 48 61 0.010454736
32 0 16 13 0.0104507785
805 177 60 79 0.010443693
210 262 60 75 0.010443141
190 141 37 45 0.010441051
5 626 32 12 0.010437526
740 399 127 175 0.010436374
145 457 42 50 0.010435297
315 618 48 20 0.010434802
0 352 20 48 0.010433514
222 289 37 50 0.010431739
744 312 122 178 0.01043042
814 302 78 106 0.010426601
298 360 118 161 0.010412816
341 353 69 90 0.010412044
208 295 62 89 0.010400741
849 228 48 59 0.010400463
370 0 13 9 0.010399388
269 254 65 91 0.010392283
156 93 28 39 0.010391844
186 128 114 147 0.010391357
640 115 76 95 0.010388152
379 351 21 33 0.01038726
241 85 37 47 0.010384025
702 395 46 58 0.01037288
25 282 63 82 0.010367726
602 250 65 80 0.01036295
287 21 62 85 0.0103581855
841 431 46 61 0.010356376
25 464 48 62 0.010353191
66 471 45 58 0.010348478
951 620 44 18 0.010347401
690 107 47 60 0.010340567
138 0 12 9 0.01033625
404 297 74 95 0.010334777
562 532 68 87 0.01033399
802 621 47 17 0.010327917
92 108 48 60 0.010327513
889 206 47 56 0.010322652
504 0 24 16 0.010318857
911 618 46 20 0.010315506
227 237 60 80 0.010314483
843 296 44 63 0.010312355
964 273 60 106 0.010310489
364 269 64 84 0.010307077
691 0 217 245 0.010306736
618 170 70 88 0.010306337
663 347 72 97 0.010300868
604 331 67 94 0.010292706
270 29 105 128 0.010289842
897 172 43 54 0.010287731
459 271 79 96 0.010287353
813 54 43 58 0.010286334
876 233 81 100 0.010284722
262 356 33 44 0.010275578
579 0 14 13 0.010274439
0 553 19 49 0.010269855
418 152 42 59 0.010269104
226 174 63 85 0.010267416
24 0 30 23 0.010267246
55 545 45 60 0.010264371
96 467 53 61 0.010263276
561 102 9 16 0.010258866
574 168 43 58 0.010258367
443 0 26 18 0.0102491025
452 47 36 47 0.010243097
7 0 24 19 0.010241867
227 435 65 102 0.010239749
14 272 34 45 0.010227884
325 266 71 93 0.010225678
579 351 72 88 0.010220561
1003 4 21 54 0.010212825
511 547 51 64 0.0102116745
944 417 66 86 0.010208277
239 0 18 13 0.010204087
520 430 72 100 0.01020212
556 78 40 50 0.010195009
750 0 17 14 0.010191979
157 170 42 56 0.010189267
133 208 37 54 0.010186188
744 622 45 16 0.010186171
613 555 45 59 0.010185447
52 458 47 60 0.010184675
842 259 48 61 0.010183601
861 294 45 63 0.010171537
1000 271 24 57 0.010169443
93 180 39 53 0.010168906
505 458 44 66 0.010166627
261 338 34 45 0.010164985
796 11 35 52 0.010162514
865 0 18 13 0.010161584
579 246 43 51 0.010159522
624 125 45 62 0.010158993
508 20 34 47 0.010156895
320 335 69 91 0.010152411
938 5 44 54 0.010149365
634 496 81 113 0.010147294
513 618 50 20 0.01014224
42 514 69 86 0.010141747
66 437 72 88 0.010137802
956 493 35 48 0.0101350965
34 97 34 47 0.010133661
948 43 54 72 0.010131512
876 437 70 82 0.01010578
0 512 18 47 0.010103686
42 445 47 60 0.010103129
662 312 69 93 0.010100371
816 0 36 27 0.010086181
523 332 72 85 0.010082233
24 200 60 78 0.010079595
398 0 18 14 0.010079528
658 426 77 103 0.010078763
802 250 44 57 0.010077604
254 113 47 60 0.010072319
0 350 13 33 0.010070115
140 260 39 46 0.010069973
102 0 16 12 0.010068489
851 410 80 81 0.0100661935
635 137 46 61 0.010063788
805 278 38 67 0.010059125
720 531 78 95 0.010058966
642 327 70 95 0.010058869
704 176 64 87 0.0100565385
251 336 31 42 0.01005481
37 212 126 167 0.010052348
532 0 30 22 0.010052084
214 295 105 156 0.010050508
479 511 71 97 0.010050233
692 563 39 59 0.010048185
480 217 26 39 0.010046822
486 196 35 51 0.010039355
251 509 50 61 0.010039245
701 543 44 60 0.010027941
296 545 43 62 0.010027886
423 297 48 59 0.010025718
375 111 22 27 0.010021744
383 255 63 82 0.010020546
613 402 77 102 0.010017142
1010 33 14 39 0.010015438
194 0 19 13 0.01001292
694 9 45 57 0.010011436
478 291 80 96 0.0100105405
299 55 41 55 0.010010161
1015 0 9 30 0.010008459
911 208 46 56 0.010008451
352 191 48 61 0.010006284
22 195 32 39 0.010000768