54_Rescue_firemanrescue_54_153
737
263 105 101 165 0.80066836
387 414 113 75 0.30842713
336 391 197 147 0.0877191
140 427 10 11 0.061726846
140 382 11 13 0.05636535
291 77 141 169 0.053341635
387 432 75 49 0.052613385
153 372 21 20 0.051068652
65 305 13 15 0.04982108
398 425 159 145 0.04765204
352 399 116 84 0.044476055
90 375 14 20 0.04095259
412 431 81 85 0.035626113
275 71 82 134 0.035489775
113 376 13 21 0.035217438
140 375 11 13 0.033846226
735 285 10 15 0.033703282
813 0 211 178 0.03245621
258 144 71 117 0.031790335
232 145 121 172 0.031012626
142 548 11 12 0.030474411
308 144 101 126 0.029967064
449 420 167 198 0.029631529
142 366 35 44 0.028787212
926 0 98 92 0.028371174
138 384 9 10 0.028090168
0 0 65 87 0.02747596
827 457 197 226 0.027392678
280 173 66 95 0.026716245
338 431 274 252 0.026416056
950 623 74 60 0.026103662
466 423 109 121 0.02591941
0 0 136 176 0.025862882
34 639 13 17 0.025670238
83 374 16 22 0.025344761
208 76 121 182 0.025266431
362 314 142 153 0.02513358
651 0 284 214 0.024947522
140 380 8 11 0.024798386
948 551 76 131 0.024501918
92 379 19 25 0.024430191
0 472 137 211 0.024425678
982 641 42 42 0.023257686
253 182 142 194 0.023142535
138 372 10 10 0.02284644
949 481 75 160 0.022707721
415 0 130 101 0.022688283
0 0 43 59 0.022644268
388 331 238 261 0.022614602
315 416 124 104 0.022517586
353 439 116 108 0.02249185
364 78 88 95 0.022342747
364 449 166 173 0.022230644
100 374 18 22 0.022137055
109 584 149 99 0.02211601
142 429 12 12 0.022079064
738 284 8 11 0.022028508
55 0 130 99 0.022019474
289 0 133 92 0.021983704
216 0 126 97 0.021787597
685 0 142 105 0.02154974
802 335 14 19 0.021506654
735 284 8 10 0.021462642
931 108 93 200 0.021386873
487 0 140 110 0.021318147
415 396 73 75 0.021288088
0 588 70 95 0.021243067
517 0 268 204 0.021236366
0 107 67 115 0.021193683
0 446 80 149 0.021095129
210 0 236 199 0.021080695
0 201 5 11 0.02097826
829 251 195 352 0.020914296
764 0 147 107 0.02090578
666 474 258 209 0.020324314
114 623 13 15 0.020087231
127 0 135 98 0.019955676
384 0 107 77 0.019888064
606 0 140 108 0.01983543
140 385 13 16 0.019701457
159 397 124 108 0.019698951
434 328 151 185 0.019632917
342 0 108 73 0.01959752
0 176 45 77 0.019571569
136 361 51 72 0.019560209
317 44 137 147 0.019506766
64 635 11 15 0.019403955
306 345 164 143 0.019357504
188 0 107 78 0.019301865
296 207 201 225 0.019098533
263 0 106 75 0.019063637
140 547 15 18 0.01906358
144 375 22 22 0.018903606
209 584 135 99 0.01888899
37 493 225 190 0.01872847
5 19 81 117 0.018690001
143 426 8 9 0.018554242
403 590 133 93 0.018530726
534 496 86 147 0.018495884
722 440 9 10 0.01844676
196 655 15 16 0.01840451
792 322 13 19 0.018396823
737 0 119 84 0.018389242
1 162 71 120 0.01832942
844 0 145 105 0.018218555
441 400 78 81 0.018214086
0 0 30 37 0.018191347
33 0 246 174 0.018123303
103 0 99 68 0.018113779
784 315 20 21 0.018090572
658 0 116 84 0.018083628
305 316 8 11 0.018046854
286 323 12 13 0.01791482
262 381 194 184 0.017813992
143 378 11 14 0.017801438
539 0 116 85 0.017799156
403 292 96 101 0.017702395
784 565 9 13 0.017626595
290 499 228 184 0.01760069
2 154 8 10 0.01758171
431 369 10 12 0.017547661
982 546 42 103 0.017538102
469 508 167 175 0.017517578
334 583 147 100 0.017489787
192 273 10 12 0.017484391
919 377 105 229 0.017479926
683 570 160 113 0.017469494
967 136 8 9 0.01742577
897 600 125 83 0.0173923
518 469 245 214 0.01733591
807 56 217 365 0.017303228
707 0 96 66 0.017277123
470 0 93 69 0.017236793
110 624 13 17 0.017143315
33 20 93 116 0.017126415
349 0 258 175 0.017116213
735 290 8 13 0.016971048
757 278 134 183 0.016924685
137 395 14 14 0.016872546
252 0 125 157 0.016827952
599 570 158 113 0.016791327
180 65 184 278 0.016783921
356 424 66 59 0.01677487
158 371 14 13 0.016734598
124 543 34 31 0.016706573
978 0 46 51 0.01661405
692 506 11 14 0.01660295
531 562 142 121 0.016598223
893 351 53 65 0.01659803
935 51 89 171 0.01651651
509 0 95 68 0.016509725
451 583 135 100 0.016470676
334 71 97 79 0.016461847
311 0 91 59 0.01640431
288 0 204 154 0.016398646
372 436 69 63 0.016385965
754 584 144 99 0.01637235
871 633 7 9 0.016356569
639 0 154 146 0.01635579
67 311 9 10 0.016323524
786 0 99 67 0.016249463
734 287 14 23 0.016212175
2 60 75 121 0.01606982
17 2 92 91 0.016068622
442 452 57 67 0.016061967
97 380 13 17 0.016012438
946 339 78 136 0.01598359
341 222 251 279 0.015977727
823 628 94 55 0.015963778
0 122 7 10 0.015936138
588 0 96 67 0.015929727
77 611 116 72 0.015916632
359 82 126 149 0.015895778
33 635 10 17 0.015873102
0 127 47 65 0.015853187
109 381 15 21 0.015803583
627 0 96 68 0.015753942
202 166 89 120 0.015719442
463 348 97 121 0.015700502
514 28 140 163 0.015691796
663 612 112 71 0.015569168
13 582 149 101 0.015555217
949 196 75 151 0.015445202
183 612 107 71 0.015345165
920 216 104 211 0.015345071
740 170 248 341 0.015343568
162 315 152 188 0.015334384
139 662 7 9 0.01531997
137 427 10 10 0.015290761
632 90 157 170 0.015262823
945 152 10 15 0.015241344
825 0 100 67 0.015239726
999 657 25 26 0.015233413
137 0 202 146 0.01521931
136 379 10 13 0.015212321
735 280 10 12 0.015180699
431 450 89 116 0.015118098
118 378 12 19 0.015078307
505 389 100 153 0.015065535
67 300 12 16 0.014987673
1007 666 17 17 0.014970449
491 490 13 16 0.014966439
144 534 169 149 0.014949223
437 503 97 125 0.014948329
314 619 96 64 0.01492756
730 322 50 72 0.0149176745
74 33 89 127 0.014875491
963 137 10 9 0.014846626
64 310 8 9 0.014836124
779 523 183 160 0.014835388
1019 0 5 17 0.014801423
229 110 78 127 0.014800166
723 301 91 119 0.014780891
157 438 9 10 0.014776267
327 397 90 84 0.014755659
0 186 65 176 0.014739683
111 13 96 122 0.014711479
865 0 100 67 0.014642089
582 604 109 79 0.014631486
166 212 148 200 0.014599935
264 615 95 68 0.014553348
340 478 126 142 0.014536335
68 668 43 15 0.014526077
106 370 25 31 0.014427638
153 634 9 13 0.014418379
145 371 87 114 0.014409243
6 0 49 35 0.014401851
260 198 79 107 0.014320033
109 372 14 20 0.014319569
424 438 60 49 0.014245755
513 352 96 121 0.014205155
0 630 35 53 0.014185216
468 172 9 10 0.014179443
387 483 107 120 0.014136872
324 182 135 161 0.014109107
0 487 52 125 0.014074408
398 111 68 101 0.01405046
302 194 99 124 0.014036919
465 12 126 144 0.014025872
87 396 14 23 0.014017536
0 322 119 321 0.013988233
469 618 93 65 0.013978603
152 376 10 14 0.013950958
1011 51 9 11 0.013926609
147 655 12 16 0.013911377
873 629 89 54 0.01388682
411 531 95 121 0.013881825
0 176 16 26 0.013869126
794 294 77 107 0.013827984
941 573 40 68 0.0138211185
657 417 74 102 0.013810215
143 540 18 22 0.01380285
0 197 8 14 0.013801159
154 371 12 13 0.013773923
717 447 83 116 0.013771567
151 281 13 14 0.013742555
383 77 62 59 0.013742307
634 130 88 112 0.013702107
373 395 69 66 0.013696197
0 19 188 293 0.013692156
232 369 51 59 0.013687073
262 182 48 76 0.013681158
312 456 98 109 0.013664778
510 612 98 71 0.013632449
96 78 87 117 0.013631568
432 180 60 72 0.013530765
569 59 159 185 0.013528414
138 304 122 162 0.013525038
918 636 83 47 0.013518342
131 527 48 51 0.013508601
142 616 89 67 0.013505729
142 373 10 10 0.013494412
0 170 28 63 0.0134867225
196 258 9 11 0.013482309
351 306 105 120 0.013433115
156 375 20 28 0.013420534
135 102 129 176 0.013412781
162 371 17 16 0.013404633
0 18 45 114 0.0133968685
512 306 94 108 0.013338207
921 0 54 53 0.013325862
313 497 88 110 0.013304525
484 271 133 207 0.013299096
882 321 9 12 0.013288325
137 389 13 16 0.013286085
511 75 92 118 0.013264888
52 83 224 303 0.013248408
0 236 98 177 0.01321237
146 412 10 14 0.013202683
62 75 84 112 0.01319765
391 156 52 73 0.013193393
432 366 70 92 0.0131922765
667 60 273 328 0.0131896995
880 308 144 207 0.013174866
496 330 88 105 0.013160837
1007 0 17 28 0.013147266
738 292 7 10 0.013097667
32 620 80 63 0.013084767
633 507 174 176 0.01306261
669 511 24 31 0.013055005
257 470 132 168 0.013016481
89 384 17 28 0.013010521
94 277 74 97 0.01298195
427 367 11 13 0.012965418
972 139 52 118 0.012964983
141 548 8 9 0.012940679
831 45 160 208 0.012923507
136 373 9 12 0.012915763
117 373 11 17 0.012907906
234 533 178 150 0.012907657
0 77 117 324 0.012903635
98 386 20 24 0.012891033
0 404 69 128 0.012865682
808 339 10 14 0.012853049
343 476 19 39 0.012822867
48 0 86 71 0.012821985
546 79 87 115 0.012821854
95 369 28 34 0.012797172
572 528 93 132 0.012786874
92 391 20 26 0.012782998
403 153 65 88 0.012771961
335 532 93 114 0.012758035
269 339 19 24 0.012751129
195 274 12 13 0.012720787
86 137 149 194 0.012704334
126 390 241 291 0.012653235
722 442 146 187 0.012649551
0 305 67 184 0.012602225
61 303 13 15 0.012592189
770 316 85 123 0.012583854
137 370 14 15 0.0125730615
288 75 54 74 0.012556193
863 95 93 123 0.012550262
12 504 86 123 0.0125232255
606 527 102 113 0.012487659
472 252 89 114 0.012481661
0 154 6 10 0.012471003
526 316 121 222 0.012465881
145 384 9 10 0.0124598015
35 642 8 12 0.012451796
86 370 23 29 0.012444556
389 372 73 83 0.012403991
306 311 15 18 0.012394088
138 387 10 12 0.012393136
798 459 18 24 0.012391138
370 536 97 117 0.012376202
88 400 9 15 0.0123716
791 96 88 112 0.01234919
132 511 75 85 0.012329729
971 87 53 113 0.012322205
118 633 35 37 0.012317273
251 367 54 68 0.012289754
183 0 73 55 0.01228632
488 483 17 19 0.012280661
791 246 145 187 0.0122674545
294 399 9 10 0.012261009
1022 0 2 10 0.012220241
35 635 20 24 0.01221504
695 505 10 13 0.012200592
127 328 73 99 0.012200344
6 145 51 66 0.012182339
682 320 59 76 0.012181034
223 318 75 98 0.012175909
70 373 18 23 0.012158393
69 304 9 10 0.01215633
77 372 27 37 0.01214912
95 473 131 172 0.012145778
449 200 65 69 0.012138636
702 487 85 121 0.012127713
486 493 105 135 0.012119507
201 359 82 92 0.012092172
119 628 22 25 0.012091833
425 214 69 80 0.012090951
831 228 82 111 0.012087813
0 274 58 105 0.012082415
405 461 73 79 0.012064901
836 272 149 191 0.012064171
653 245 22 33 0.012050904
798 311 156 212 0.012046855
468 173 11 15 0.012039029
759 0 74 56 0.012030265
678 438 82 108 0.012028895
272 421 95 106 0.012026121
64 347 8 9 0.012019008
434 256 91 119 0.012008504
202 264 7 9 0.011988255
539 417 86 162 0.011976814
0 215 42 117 0.011969566
729 643 71 40 0.011964428
787 567 12 14 0.011953843
678 308 258 339 0.011945096
169 649 52 34 0.011943017
77 0 80 57 0.011913753
205 294 73 91 0.011905426
675 29 154 174 0.011890716
201 63 87 129 0.011889911
680 0 73 55 0.01188569
620 91 85 114 0.011884756
198 654 19 24 0.011866627
711 84 162 193 0.011862778
660 103 92 114 0.011857424
622 307 121 176 0.01185724
139 370 24 22 0.011856342
839 419 79 104 0.011847722
951 564 25 28 0.011845119
84 63 153 194 0.011814887
0 200 3 9 0.011807514
485 209 118 150 0.011791422
348 175 88 106 0.011789935
582 232 8 9 0.01178598
311 78 86 93 0.011770246
197 268 11 12 0.011747297
540 430 75 59 0.0117380945
470 386 51 70 0.011734323
0 179 10 15 0.011718539
756 229 80 114 0.011704857
970 464 54 125 0.011701795
85 378 9 13 0.011696903
441 0 72 55 0.011692839
124 546 15 13 0.011678923
420 619 86 64 0.011677437
200 430 86 80 0.011655739
295 581 19 27 0.011655238
769 333 10 12 0.011636174
652 34 86 122 0.011626891
733 218 134 193 0.011617337
280 372 36 49 0.011615508
142 391 13 15 0.011612415
722 3 149 159 0.011595607
277 158 11 18 0.011589001
426 141 63 84 0.01157745
564 2 143 155 0.011577392
441 645 27 33 0.011558007
83 237 147 194 0.011556233
155 488 85 93 0.011555269
215 353 59 66 0.011550223
0 240 4 10 0.011542596
797 385 73 102 0.011507278
265 463 24 34 0.011505924
244 54 79 118 0.011503698
120 547 43 52 0.011502979
522 503 48 79 0.011501296
477 73 85 113 0.011476202
303 315 12 16 0.011472803
759 27 154 177 0.011471434
760 644 71 39 0.011454481
579 243 11 13 0.011436064
512 266 89 104 0.011426489
655 511 31 33 0.011422691
277 468 83 102 0.011408287
834 345 12 16 0.011390626
140 435 79 109 0.011379328
145 545 9 12 0.011377336
383 0 70 52 0.0113718435
808 264 86 119 0.011367694
869 470 81 108 0.011330538
144 421 9 13 0.011316355
974 45 50 112 0.011304474
724 281 27 37 0.011300399
661 370 14 17 0.011294131
57 636 18 23 0.011291753
477 304 84 99 0.011283483
807 330 51 73 0.01128065
560 0 74 56 0.011274034
486 478 47 60 0.011264445
693 32 86 124 0.011252315
593 134 102 116 0.011242046
665 161 84 103 0.011230036
422 318 83 111 0.011214341
0 181 5 11 0.011211101
815 406 80 101 0.011209329
200 267 9 9 0.01120842
0 185 191 291 0.011197274
0 123 10 14 0.011195764
964 133 10 11 0.011189364
761 281 7 11 0.011184972
428 202 23 38 0.011175147
273 248 89 113 0.011172906
664 281 123 161 0.011172267
333 0 19 14 0.0111702075
0 454 52 99 0.011168436
193 646 47 37 0.011157212
781 316 13 16 0.011150517
852 556 132 127 0.01114769
711 540 89 116 0.011140335
119 540 85 108 0.0111202765
1002 83 11 14 0.011117514
812 10 124 135 0.011114045
752 73 86 118 0.011114043
645 542 91 115 0.011111028
242 0 72 53 0.011104636
733 523 121 148 0.011099454
48 643 55 40 0.011093809
473 207 62 62 0.0110871615
113 625 17 23 0.011077326
375 272 99 103 0.011073789
0 24 25 65 0.011073258
939 451 22 27 0.011069619
800 429 146 188 0.011065383
100 136 82 113 0.011059998
784 570 11 12 0.011051506
684 400 21 28 0.011043357
316 557 84 114 0.011042579
0 117 35 46 0.011038376
90 672 26 11 0.011021603
22 299 129 196 0.011021217
193 389 160 154 0.011014917
736 296 7 9 0.011013919
968 317 56 112 0.01100996
34 549 83 107 0.011002887
153 14 87 120 0.010977997
737 270 7 11 0.01096589
160 415 146 166 0.01094995
642 430 147 183 0.010942302
144 375 9 11 0.010941779
480 336 225 299 0.010937462
404 84 52 68 0.010937051
789 650 68 33 0.010934602
156 369 13 12 0.010928594
701 642 69 41 0.010927767
130 643 58 40 0.010910084
811 0 18 13 0.010897884
1017 0 7 30 0.010894632
910 0 17 14 0.0108816875
629 396 11 12 0.010842536
277 343 13 21 0.01084203
777 253 83 116 0.010834969
535 127 74 100 0.010831497
944 151 17 25 0.010827329
20 198 75 110 0.010821355
154 343 42 49 0.010814012
0 123 20 28 0.010813936
805 340 9 10 0.010799235
240 294 75 99 0.010792193
635 184 82 100 0.010785802
59 199 125 175 0.010779632
834 112 93 112 0.010779314
36 644 14 17 0.010779263
717 454 11 11 0.010772756
178 507 80 92 0.010757998
565 439 126 194 0.01075494
636 0 19 14 0.010752101
323 0 19 14 0.010750425
924 0 18 13 0.010747766
0 206 5 11 0.010747462
87 353 67 95 0.01072251
795 317 13 17 0.01071824
0 199 27 66 0.010708846
146 415 6 9 0.010701665
617 37 83 117 0.010701614
648 457 83 103 0.010701009
609 165 240 327 0.010699466
535 239 122 173 0.01069541
112 388 13 18 0.010695284
17 63 128 175 0.01069479
0 0 9 11 0.010689695
53 274 43 58 0.010681692
884 0 18 14 0.010677524
648 340 129 175 0.01067699
313 0 19 14 0.010672011
86 379 16 25 0.010665163
445 424 49 58 0.010660988
695 0 20 14 0.010659741
142 0 74 54 0.010658463
329 97 253 300 0.01065338
281 198 11 13 0.010651234
723 270 10 16 0.010644502
467 0 19 14 0.010643627
285 324 8 9 0.010642843
0 671 13 12 0.010641861
0 0 19 23 0.010641368
335 280 85 98 0.010635717
717 268 10 17 0.010630976
697 320 136 186 0.010618304
901 0 16 13 0.010612888
262 454 71 97 0.0106101995
556 308 76 110 0.010607548
120 643 20 28 0.010602088
0 507 33 88 0.010598602
200 652 13 15 0.0105976565
0 116 5 11 0.010596146
199 276 140 175 0.010594791
234 598 13 16 0.010586369
890 496 89 120 0.010583599
839 343 10 17 0.010575023
810 460 22 24 0.010573678
19 441 95 124 0.010570921
139 60 84 120 0.010570163
720 0 20 14 0.01056974
581 155 29 20 0.010567823
646 0 19 14 0.010565058
481 130 77 102 0.010564511
132 392 72 116 0.0105643105
803 338 19 25 0.01056209
191 200 102 140 0.01056108
222 238 109 137 0.010559699
749 279 83 115 0.010559589
403 190 69 85 0.010554383
117 460 77 103 0.010550348
393 438 43 36 0.010549212
705 0 20 14 0.010531359
148 549 8 10 0.010531021
661 0 19 14 0.010524563
964 466 19 22 0.010519989
136 654 15 17 0.010510981
671 0 19 14 0.010507828
934 475 49 62 0.010507468
0 664 19 19 0.010505189
0 402 48 78 0.010495178
869 324 72 95 0.010494991
798 428 70 99 0.010493619
0 87 47 75 0.010490806
856 496 79 112 0.010490173
343 0 19 14 0.010485965
785 0 19 14 0.01048397
402 0 19 14 0.010480914
264 416 69 85 0.010480273
954 417 70 127 0.0104751885
715 97 84 111 0.010471787
626 0 19 14 0.010469885
376 35 111 118 0.010467355
183 0 20 14 0.01046525
82 114 82 110 0.010464272
269 543 89 119 0.01046136
65 437 118 157 0.010459413
1015 52 9 12 0.010458454
278 147 8 9 0.010456256
138 541 29 30 0.01044493
728 443 46 54 0.010444639
686 0 19 14 0.010436162
145 384 13 15 0.010434376
64 306 8 10 0.010416237
476 198 84 102 0.010410644
171 535 12 13 0.010404594
637 378 86 115 0.0104023395
345 355 88 104 0.010400848
113 296 73 93 0.010399195
616 0 19 14 0.0103923
377 617 93 66 0.010388324
795 0 18 13 0.010365468
0 150 25 58 0.010359857
730 0 20 14 0.010350307
19 284 72 101 0.01034894
519 46 76 102 0.010342076
412 0 19 14 0.010336947
457 0 19 14 0.010334165
273 0 19 14 0.010333439
453 191 44 52 0.01033265
570 102 85 107 0.010323446
0 203 9 20 0.01032258
615 392 126 174 0.010317486
795 310 53 69 0.010316534
860 0 17 14 0.010312272
119 623 12 14 0.010310941
745 0 20 14 0.010303008
464 165 69 81 0.010297309
695 130 111 120 0.010296887
436 206 45 57 0.010289883
303 0 19 14 0.010287831
420 37 137 160 0.010285701
234 0 19 14 0.0102808615
455 381 12 12 0.010270345
449 237 65 86 0.010270009
94 382 11 15 0.010260232
366 67 59 50 0.010253126
843 188 145 205 0.010236973
962 135 14 16 0.010232119
372 494 64 46 0.01022557
634 596 92 87 0.010219861
601 238 8 10 0.0102067515
198 255 10 12 0.010205912
128 382 9 10 0.010192583
699 411 79 106 0.010190719
45 63 72 96 0.0101901265
204 0 19 14 0.010172148
581 0 20 14 0.010170676
314 300 95 113 0.010169524
518 234 76 87 0.010168809
0 334 42 121 0.01016829
606 0 20 14 0.010167055
355 444 52 59 0.01016659
437 202 22 33 0.010166519
898 8 111 129 0.01016551
286 197 10 12 0.010159285
164 376 15 19 0.01015238
720 259 69 114 0.01015058
617 247 125 170 0.010149582
949 559 34 47 0.010149197
2 337 9 11 0.010144552
287 375 26 28 0.0101443725
372 152 124 157 0.010142939
114 371 10 13 0.010141693
419 165 120 149 0.010140234
90 380 8 12 0.010140087
149 364 23 23 0.010136976
32 641 9 14 0.010135976
137 193 124 175 0.010132113
823 533 10 12 0.010128074
97 392 12 16 0.010119813
0 174 9 13 0.010119342
571 0 20 14 0.010116687
135 497 46 60 0.010116567
767 335 17 32 0.01011204
796 209 86 108 0.010096338
591 0 20 14 0.010096043
422 0 20 14 0.0100950645
129 180 47 60 0.010094012
775 0 19 14 0.010092462
263 0 20 14 0.010089387
290 48 89 98 0.010086629
921 524 77 105 0.010083988
816 657 49 26 0.010081672
61 266 207 282 0.010079155
85 417 13 27 0.010077899
978 184 46 105 0.010076413
391 454 61 66 0.01007544
251 323 159 166 0.010075391
159 0 19 14 0.010063484
679 137 148 188 0.010060883
793 622 85 61 0.010058484
149 0 19 14 0.010052749
99 180 82 109 0.010052717
775 496 105 128 0.010047948
505 98 62 77 0.010045021
477 0 19 14 0.010044348
0 553 16 25 0.010041751
531 0 20 14 0.010039543
744 451 88 106 0.010037183
761 373 146 205 0.010034714
679 640 64 43 0.010034345
979 9 45 94 0.010019757
487 287 26 38 0.0100166835
23 0 72 51 0.010013703
481 390 14 18 0.010010203
561 0 20 14 0.0100101475
193 0 20 14 0.010006295
71 307 8 10 0.0100021865