54_Rescue_rescuepeople_54_926
691
529 199 95 130 0.85999775
155 94 99 114 0.8385586
366 196 73 97 0.807126
205 420 17 17 0.06579542
823 299 70 90 0.051124852
9 485 28 22 0.047744732
335 533 17 13 0.036061354
321 532 37 24 0.03462929
159 50 84 122 0.03302024
252 500 25 21 0.032165896
496 185 99 132 0.03155414
0 0 127 177 0.031108893
433 189 76 97 0.030961614
357 169 65 101 0.030342015
924 0 100 101 0.030332102
257 542 13 9 0.02998163
292 87 15 20 0.02951966
0 0 67 87 0.028651845
313 100 41 45 0.02796464
943 606 81 74 0.027466252
0 509 15 29 0.027364029
268 0 97 95 0.027166044
334 203 88 111 0.02703572
823 0 201 180 0.026845753
139 116 122 152 0.026814608
358 236 80 105 0.026117496
823 462 201 218 0.026031645
526 232 122 163 0.025606759
359 226 59 73 0.025574485
360 122 79 118 0.025528414
30 409 24 18 0.025466764
382 161 82 110 0.02542319
189 128 69 80 0.02518811
556 188 102 124 0.025078028
0 0 44 59 0.024630627
286 69 77 103 0.023792583
171 149 83 91 0.023670463
0 513 18 44 0.023590064
360 204 46 72 0.023348682
798 232 106 157 0.023182252
235 423 10 17 0.023138687
203 421 22 26 0.023131395
444 1 85 88 0.023058971
198 0 240 176 0.022851903
36 0 9 10 0.022679396
0 466 136 214 0.022642259
532 102 115 178 0.022540484
410 192 120 146 0.02227524
982 635 42 45 0.021947196
316 110 18 27 0.021892142
0 591 75 89 0.021876624
201 426 16 14 0.021739377
561 235 77 97 0.021605039
714 626 88 54 0.02156626
229 104 84 106 0.021407822
171 0 126 139 0.021406122
811 343 24 29 0.021315802
237 0 95 65 0.021226676
63 0 226 175 0.021017537
514 277 90 117 0.02095234
317 114 12 18 0.020808762
291 415 14 14 0.020774662
435 0 242 194 0.020767657
155 3 90 115 0.02068001
267 87 106 144 0.02061252
5 136 79 119 0.020609291
253 458 12 13 0.020573236
790 310 234 303 0.020572871
532 261 82 93 0.020485288
481 251 87 111 0.02034823
0 619 50 61 0.020185841
976 0 48 51 0.02017197
823 0 50 52 0.020100644
511 482 238 198 0.02005169
773 0 114 76 0.020047229
327 153 80 109 0.019899271
63 0 120 96 0.019831615
126 30 95 130 0.01976177
910 531 114 149 0.01960575
292 412 23 18 0.01940832
210 45 123 154 0.01934369
223 6 126 144 0.019307936
392 120 80 113 0.0192893
298 0 103 76 0.01922774
210 423 10 11 0.019074045
390 223 69 82 0.019044975
0 465 36 61 0.018961735
0 90 10 25 0.018822363
18 429 24 32 0.018730376
479 4 134 152 0.018680505
315 0 53 41 0.01867189
188 4 50 46 0.01866152
69 98 101 122 0.018589614
914 20 110 198 0.01848078
358 0 81 85 0.018472409
817 337 50 50 0.018432148
807 324 76 92 0.018430714
417 137 111 148 0.018315528
906 433 118 204 0.018224131
411 208 75 92 0.018124383
193 0 90 62 0.018077971
666 622 107 58 0.017993694
578 246 92 114 0.017990308
11 582 142 98 0.017876996
293 440 238 240 0.017806605
20 115 96 119 0.017774804
323 525 46 40 0.01776251
121 577 153 103 0.017707627
719 2 84 87 0.01768736
299 494 12 12 0.017682951
356 622 82 58 0.017639136
727 605 113 75 0.017598197
314 88 61 65 0.017571405
787 0 137 118 0.017335389
300 25 85 103 0.01729428
108 464 266 216 0.017265512
0 155 68 167 0.017242543
604 589 154 91 0.01716096
661 0 67 49 0.01714129
227 423 14 15 0.017095614
670 469 256 211 0.017079612
0 33 97 250 0.017078226
103 657 12 20 0.017056726
451 32 124 173 0.01702094
582 0 120 91 0.01699108
524 572 160 108 0.016950473
29 0 102 72 0.016845545
1002 664 22 16 0.016773948
684 0 244 186 0.016758278
214 113 121 147 0.01673649
650 1 47 44 0.016705802
0 0 28 38 0.016564572
809 592 130 88 0.016512392
541 55 103 143 0.016498314
76 265 86 112 0.016387988
376 593 126 87 0.016309595
703 3 120 134 0.016301807
908 343 116 185 0.016282607
291 48 109 148 0.016194627
20 154 102 138 0.01615572
795 624 83 56 0.016150143
846 577 145 103 0.016098903
463 199 61 92 0.016091723
0 6 7 19 0.01607997
204 414 8 9 0.01605884
0 643 25 37 0.016055455
679 0 84 88 0.016008073
517 114 84 117 0.01599425
800 112 224 317 0.015992846
380 237 103 124 0.01593664
51 0 19 12 0.015934465
0 211 46 124 0.015913306
720 18 10 16 0.015901899
849 0 135 96 0.015877934
786 28 156 196 0.0158498
288 84 15 19 0.015845926
834 335 54 59 0.015831271
32 410 12 13 0.015830755
472 1 102 97 0.015815845
210 419 26 24 0.015783899
339 538 10 9 0.015723936
113 615 109 65 0.015704488
114 177 92 110 0.01568772
913 186 111 186 0.015648738
891 285 132 167 0.015638882
338 223 48 64 0.015617498
53 0 27 17 0.015605605
204 0 15 12 0.015562818
203 416 13 16 0.015554743
371 273 130 162 0.015508702
383 0 195 146 0.015482074
0 16 195 291 0.015473859
200 414 36 39 0.015425485
0 220 67 176 0.0153881
451 20 88 120 0.01538743
493 225 69 95 0.015371909
239 428 6 12 0.015312173
18 615 88 65 0.015298129
913 96 111 207 0.015296715
115 0 49 44 0.015274584
336 48 117 166 0.015252591
0 508 8 21 0.01523049
379 44 123 175 0.015229802
537 149 78 107 0.015227979
810 352 11 18 0.015220143
396 0 84 87 0.015149817
211 419 12 13 0.01507491
111 111 74 90 0.015062967
289 0 67 54 0.015058893
0 153 124 327 0.015016907
241 585 144 95 0.014998924
356 258 49 60 0.014967703
473 298 85 108 0.014933749
195 65 67 97 0.0149111785
107 0 105 80 0.014910343
121 86 212 269 0.01489186
578 609 119 71 0.014858834
576 41 119 169 0.014853364
0 17 31 78 0.014812387
0 0 17 25 0.0147712175
374 1 52 50 0.014759758
54 157 121 156 0.014759427
779 149 127 199 0.014716548
149 0 68 47 0.0146500375
511 63 88 117 0.0146371005
314 104 76 107 0.014586592
207 426 9 9 0.0145304
392 201 55 72 0.014519644
436 260 81 102 0.014480858
0 464 69 175 0.014468152
663 26 16 19 0.014467199
455 591 134 89 0.014449423
518 237 70 93 0.014445465
21 0 71 51 0.014439061
832 242 123 162 0.01434998
0 479 54 97 0.014313176
0 520 11 27 0.01428064
0 169 38 69 0.014272532
135 194 125 160 0.014268716
0 418 5 13 0.01426017
372 157 52 74 0.014204123
68 618 109 62 0.014191978
114 267 84 109 0.014179799
278 0 216 238 0.014178944
867 0 93 59 0.014173836
240 183 79 102 0.014132586
225 40 172 212 0.014118182
0 354 64 172 0.014115754
395 0 32 24 0.014110687
0 106 47 111 0.014101648
546 0 107 75 0.014091434
98 292 81 106 0.014068148
176 0 48 35 0.014040434
261 501 18 14 0.0140389
242 488 12 16 0.014023962
310 533 47 39 0.0139967315
533 0 205 147 0.013995495
863 615 104 65 0.013982326
0 428 37 66 0.013972344
314 623 89 57 0.013945415
43 540 163 140 0.0139446
321 494 62 70 0.013926504
81 21 77 106 0.013917368
91 230 87 108 0.013905201
772 383 129 173 0.013891165
689 0 49 35 0.013883327
832 51 162 214 0.01385583
821 356 72 92 0.013841899
505 0 95 63 0.013835136
2 78 77 109 0.0138273565
769 221 211 259 0.013819001
343 266 68 84 0.013796351
512 613 106 67 0.0137885185
843 344 26 30 0.0137817515
0 531 19 41 0.013775288
457 163 28 36 0.013765354
0 10 52 137 0.01375298
0 423 6 13 0.013739939
219 104 225 277 0.013736576
17 472 83 112 0.013722205
187 17 45 52 0.013706323
296 75 18 28 0.01370332
278 184 77 100 0.013696688
1019 0 5 14 0.013608844
0 509 34 86 0.013578259
569 266 127 159 0.013571826
937 0 75 57 0.0135641275
94 0 52 49 0.013557686
494 308 126 167 0.013541814
85 12 52 78 0.013541558
280 146 76 100 0.013539969
260 277 115 154 0.013518141
0 0 8 12 0.013507358
135 82 75 93 0.013449726
180 155 105 132 0.013441678
130 0 55 37 0.013439867
825 388 84 120 0.013428674
756 15 243 328 0.013402579
364 45 205 273 0.013398276
288 93 15 15 0.013395532
344 289 103 130 0.013392901
0 515 7 19 0.0133760255
407 169 53 70 0.013371184
873 494 90 124 0.01336251
692 62 135 193 0.013359402
106 656 12 15 0.013322556
343 559 117 121 0.01331889
231 509 181 171 0.013301199
636 0 43 32 0.01328909
157 203 157 198 0.013274524
697 0 67 49 0.013267999
496 512 20 36 0.01326388
473 145 99 135 0.013249835
210 425 15 14 0.013233668
967 46 57 110 0.013206964
189 0 14 15 0.0131945945
86 206 157 204 0.013181036
943 414 81 132 0.013175406
755 251 123 155 0.013153912
747 3 49 51 0.013137714
428 215 46 59 0.0131311435
0 415 5 9 0.013128523
0 99 7 14 0.0131215
615 401 89 121 0.013095875
221 201 117 146 0.013095514
56 625 73 55 0.013062833
354 68 80 107 0.013055529
131 30 168 227 0.013034843
0 65 43 111 0.01301574
305 458 70 92 0.012966785
581 150 91 116 0.0129516125
833 265 67 98 0.012928387
521 122 178 251 0.0129017895
807 338 35 49 0.0128761325
665 34 13 13 0.012869746
235 0 52 49 0.012863986
428 621 91 59 0.012851855
841 137 146 202 0.012824874
316 358 187 250 0.012824836
194 0 18 14 0.012819352
317 302 83 105 0.0128165465
207 413 18 21 0.01280364
856 530 88 124 0.012782149
3 459 60 82 0.012770497
175 618 85 62 0.012764031
297 423 13 14 0.012752713
1005 0 19 28 0.012729428
82 67 81 106 0.012725568
530 476 140 156 0.01270503
60 311 132 170 0.01268308
605 0 235 257 0.01261942
16 492 17 14 0.01261871
211 428 8 9 0.012612727
202 431 12 11 0.012591535
0 447 25 60 0.012581607
302 237 116 147 0.012581495
356 650 50 30 0.012581173
613 0 42 24 0.012571264
270 256 91 115 0.012560267
712 304 224 296 0.012548115
134 105 20 41 0.012534118
0 294 43 121 0.01253398
0 191 41 91 0.012532991
808 623 8 11 0.012528891
914 341 83 111 0.012525651
261 506 12 12 0.012525275
632 617 92 63 0.012505762
426 288 100 128 0.012495992
754 10 96 101 0.012477033
327 79 80 80 0.012456392
10 638 60 42 0.012453347
207 422 10 10 0.012436049
971 324 53 104 0.012429162
662 34 126 176 0.012409298
689 148 127 178 0.012375844
58 34 7 11 0.012365275
14 167 50 64 0.012342304
967 467 57 114 0.01233605
593 297 85 106 0.0123349
333 0 40 27 0.012322479
818 345 16 18 0.012321162
271 616 92 64 0.012314207
480 388 82 110 0.012275529
0 534 44 119 0.012274092
843 368 78 97 0.012273129
835 0 70 56 0.012269139
755 395 85 126 0.012264457
801 418 146 189 0.012261233
69 646 52 34 0.012240722
0 45 22 64 0.012222041
309 212 65 85 0.012215361
485 97 73 89 0.012205881
209 0 52 49 0.012197218
355 0 51 48 0.012181916
969 121 55 112 0.012177494
970 169 54 109 0.012154962
218 383 238 297 0.012152114
300 65 21 29 0.01214193
383 502 186 178 0.012120216
798 385 11 20 0.012117179
387 250 53 66 0.01211421
840 380 158 199 0.012109195
360 366 76 98 0.012085156
13 410 42 56 0.01208108
339 150 129 169 0.012068052
811 346 15 20 0.012067802
764 628 70 52 0.012065967
24 434 16 20 0.0120486375
828 355 51 59 0.012041683
20 176 33 32 0.0120363
552 18 92 112 0.011983372
201 416 8 14 0.011980596
138 247 82 103 0.0119762765
380 198 42 58 0.011964998
752 643 51 37 0.011924878
437 114 80 108 0.011920817
894 457 92 123 0.011911409
56 149 83 103 0.011900536
325 533 23 16 0.011899346
72 0 55 40 0.011885058
264 152 139 167 0.011868191
790 97 87 120 0.011853798
317 115 24 33 0.011849195
511 390 84 111 0.011844885
49 0 58 41 0.011839485
773 458 133 185 0.011832673
125 237 242 309 0.011824287
517 343 227 294 0.011820878
628 11 84 102 0.0118161915
117 319 78 94 0.011815985
22 398 9 11 0.01179918
0 341 103 271 0.011798362
424 183 59 77 0.011793361
404 474 129 146 0.011792692
833 494 86 120 0.011781484
144 155 80 95 0.011766394
293 109 59 76 0.011764852
333 317 131 175 0.011749453
822 431 92 127 0.011742842
0 482 24 61 0.0117415525
477 0 76 55 0.011737547
160 0 40 32 0.011734258
724 0 15 12 0.011727914
852 358 23 25 0.011723133
836 620 83 60 0.011720547
0 275 92 159 0.011719593
212 421 16 14 0.01171346
17 480 16 18 0.011694436
123 636 63 44 0.011683717
17 0 41 37 0.011678774
357 152 46 63 0.011673466
0 425 19 44 0.01167076
476 63 188 262 0.011641171
765 309 87 102 0.011616387
316 0 154 118 0.011615313
1021 0 3 9 0.011608656
0 351 35 91 0.0115755815
218 209 80 97 0.011567899
492 497 35 67 0.011564914
734 414 137 183 0.0115591725
896 394 87 119 0.011554567
339 460 135 171 0.0115482295
824 35 92 126 0.011537399
160 187 77 91 0.011514657
823 184 92 131 0.011505254
788 34 91 125 0.01149704
0 565 9 18 0.011489255
75 456 160 200 0.011487837
91 348 137 173 0.011480706
172 55 54 71 0.011474708
446 230 65 85 0.011464954
846 457 91 121 0.011464254
217 135 64 78 0.011463336
759 0 75 53 0.011455028
604 157 127 163 0.011451729
234 429 8 11 0.011450992
634 0 165 114 0.011450543
627 4 64 69 0.0114405025
30 459 12 13 0.011439422
808 112 122 168 0.011433856
513 189 55 74 0.011433458
575 402 90 120 0.01143112
587 278 50 65 0.011428247
330 345 45 52 0.011420526
339 330 75 88 0.011401897
845 307 145 176 0.011390646
708 45 93 129 0.0113855265
0 416 10 20 0.01138499
861 50 109 139 0.011377992
288 481 74 85 0.011357659
649 432 82 115 0.011352341
0 80 27 75 0.011344728
222 447 72 98 0.011343011
971 382 53 112 0.011335592
213 362 126 162 0.011328204
970 247 54 110 0.0113143185
37 497 86 111 0.01131311
733 534 124 146 0.011312331
36 392 262 288 0.011311094
176 209 85 101 0.011310404
396 398 141 173 0.011296305
0 186 19 45 0.011295685
214 424 10 9 0.011290136
843 353 13 18 0.011289988
0 543 21 60 0.011289476
890 527 91 128 0.011277493
0 508 5 13 0.011276706
411 564 126 116 0.011265333
659 14 22 28 0.011256875
277 229 78 96 0.011256266
320 434 74 99 0.011250416
827 100 88 118 0.011228524
59 31 7 10 0.011223634
457 207 43 63 0.011181128
162 0 14 15 0.01117429
323 347 67 82 0.0111732185
577 495 93 105 0.011158581
25 150 58 65 0.011156585
192 398 57 59 0.011156313
21 430 81 109 0.0111381365
250 0 57 41 0.011135498
734 92 141 203 0.011120864
727 43 54 77 0.011114959
847 309 61 72 0.011114275
217 614 94 66 0.01111396
175 139 56 66 0.011109799
603 0 67 50 0.011094464
610 239 117 152 0.011082289
873 361 86 107 0.011079154
271 114 64 83 0.011065375
90 347 76 91 0.011059673
20 542 83 110 0.011057282
336 0 21 14 0.011028879
833 357 23 40 0.011025513
476 621 77 59 0.011024962
68 303 78 105 0.011024389
576 99 235 303 0.011024287
526 358 138 183 0.011021613
326 0 29 23 0.011016847
703 646 74 34 0.011013082
233 424 9 12 0.010993766
839 328 78 91 0.010992194
0 269 44 83 0.0109839
270 61 68 84 0.01098324
425 0 68 52 0.010978396
804 260 71 98 0.010970581
657 116 124 174 0.010961571
796 380 86 108 0.01095756
805 0 18 14 0.0109478235
894 18 85 124 0.01094639
16 0 16 14 0.010938696
439 58 81 106 0.010931405
144 0 19 13 0.010926568
750 308 148 190 0.010914526
39 247 92 107 0.010897144
104 653 20 27 0.01089666
804 641 52 39 0.01089128
126 274 131 164 0.0108865565
294 419 35 41 0.010869412
861 362 15 17 0.010860339
295 95 8 11 0.010847228
975 572 49 96 0.010847136
380 220 43 61 0.01084628
328 0 20 14 0.010833451
609 636 58 44 0.010824943
612 14 60 76 0.01082369
285 432 70 94 0.010822235
909 357 57 73 0.010821472
1014 670 10 10 0.010818441
637 523 146 157 0.010814804
52 387 141 185 0.010813694
535 368 84 111 0.010801019
736 375 81 123 0.010789933
396 294 154 202 0.010788979
12 491 22 25 0.01077968
71 670 37 10 0.010772747
588 436 89 124 0.010769179
51 127 56 66 0.010768949
338 537 16 16 0.010755932
37 206 91 109 0.01075216
496 127 48 60 0.010744082
691 240 126 163 0.01074137
223 404 70 76 0.010739678
736 435 81 118 0.010737907
0 84 17 45 0.010731848
449 394 135 166 0.010719919
66 120 65 79 0.010718323
989 656 35 24 0.010714936
988 377 36 75 0.010712784
219 0 10 11 0.010696069
159 287 78 97 0.010691995
774 223 83 115 0.010685915
218 479 79 107 0.010674805
780 0 19 14 0.01066589
230 428 16 21 0.0106478
175 246 83 103 0.01063593
334 30 80 97 0.010630213
465 247 65 84 0.0106299035
616 80 123 174 0.010607923
205 424 9 10 0.010607204
0 406 27 71 0.010606498
565 0 66 49 0.010598092
298 157 201 263 0.01058771
918 282 79 109 0.010575703
403 160 34 43 0.0105671
612 551 89 108 0.010555652
245 234 69 85 0.010530658
623 272 68 89 0.010529003
172 387 136 173 0.010518163
241 261 82 102 0.010517122
106 367 77 92 0.010516646
338 190 46 65 0.010509433
16 345 130 184 0.010504746
923 0 62 45 0.010500512
222 86 57 79 0.010497627
301 413 72 89 0.0104964655
599 368 88 115 0.010485067
877 330 76 97 0.010484954
301 442 133 164 0.010468705
379 53 73 90 0.010463935
0 49 5 11 0.010461261
650 427 121 172 0.01044208
794 196 82 113 0.01043538
285 416 59 72 0.010433963
196 18 32 30 0.010432894
953 281 71 118 0.010424927
528 6 89 97 0.010423569
608 466 138 176 0.010417349
319 6 43 63 0.010409161
359 89 48 42 0.010403168
900 249 72 99 0.010401742
895 116 82 118 0.010393927
728 0 56 42 0.010389863
318 117 9 11 0.010387355
222 172 72 88 0.010383237
811 165 83 109 0.010381004
688 48 79 107 0.010370549
953 78 71 123 0.0103666745
946 494 78 128 0.010358232
328 248 65 85 0.010346909
495 439 144 162 0.010342178
32 78 84 106 0.01033015
0 416 17 31 0.010327829
364 228 26 44 0.010321965
632 300 83 104 0.010315732
75 375 95 117 0.01031462
0 531 11 28 0.010312446
670 516 89 109 0.010304071
736 0 16 13 0.010298378
466 165 63 94 0.010294354
324 391 74 90 0.01028889
138 212 80 97 0.010272677
0 229 201 311 0.010272071
249 21 76 101 0.010271954
183 165 54 50 0.01026991
862 222 93 122 0.010254312
738 31 8 12 0.010252879
109 656 8 10 0.010251243
38 51 8 12 0.0102481125
690 388 135 179 0.010243914
486 141 66 93 0.010235778
868 99 85 117 0.010224999
295 91 20 21 0.010212176
238 423 12 16 0.010212074
589 0 55 39 0.010201569
846 0 52 33 0.010191853
1 475 27 29 0.010190825
0 477 6 14 0.010187695
0 145 27 74 0.010183174
404 47 75 99 0.010176983
603 252 59 81 0.010175194
531 175 55 73 0.010170616
978 213 46 91 0.0101655675
595 70 80 101 0.010161893
707 222 87 114 0.010156737
372 282 49 55 0.010151669
291 420 11 11 0.010144368
715 400 81 118 0.010143508
787 201 49 58 0.010141641
299 353 133 180 0.010130007
295 420 10 12 0.010116921
191 553 92 117 0.010111311
22 420 23 31 0.010108271
101 662 10 17 0.010105392
216 412 22 23 0.010094643
410 0 54 50 0.01009221
0 556 27 75 0.010088325
555 303 79 86 0.010087534
541 511 91 99 0.010087004
428 121 18 23 0.010086418
263 214 65 86 0.010082691
259 509 15 15 0.010078031
564 176 56 67 0.010077885
757 78 84 120 0.010075177
213 418 8 10 0.010072667
22 483 18 20 0.010059533
384 11 47 62 0.010059479
972 17 52 96 0.010058217
0 571 6 13 0.01005579
0 61 4 11 0.010055493
651 2 78 88 0.010053816
191 179 52 59 0.010049991
747 0 22 21 0.01004733
818 536 78 118 0.0100376895
0 346 22 61 0.010033269
58 375 77 96 0.010025477
297 437 17 22 0.010025097
367 180 44 59 0.0100212395
685 639 64 41 0.01001707
328 515 79 76 0.010012822
276 424 12 16 0.010010804