1_Handshaking_Handshaking_1_313
604
635 106 76 124 0.8220648
257 38 91 143 0.82201236
0 340 15 38 0.306864
546 410 46 38 0.07161155
324 315 18 23 0.06705639
476 414 53 60 0.05017674
211 25 109 134 0.04668545
285 88 60 96 0.03803613
0 343 29 51 0.036527853
467 280 29 37 0.03609286
253 0 115 125 0.034323454
224 67 122 164 0.034056205
202 76 103 122 0.033766102
615 82 78 129 0.032786228
530 395 67 71 0.031331517
477 406 48 38 0.030800303
48 473 26 23 0.030685917
0 0 71 88 0.030492654
635 146 44 85 0.03010371
0 320 31 54 0.02930262
277 55 109 153 0.029137522
0 0 146 174 0.028304718
486 340 15 16 0.027439337
816 474 208 204 0.02732875
930 0 94 93 0.027159767
178 0 130 110 0.026598483
643 102 55 80 0.026255528
294 0 128 96 0.025740325
820 0 204 186 0.025579346
0 0 44 58 0.02547475
939 613 85 65 0.025051089
150 0 219 171 0.024806852
651 0 126 90 0.024172902
301 61 54 97 0.023552308
2 342 60 94 0.023414347
162 30 123 156 0.023390781
657 90 89 103 0.023101524
284 26 61 110 0.022961391
1 357 37 59 0.02266747
734 0 126 94 0.02245433
623 0 106 75 0.022342436
0 585 80 93 0.022251295
675 86 115 153 0.022247067
503 453 42 26 0.022190752
0 322 14 42 0.022171734
634 47 83 128 0.021944828
347 0 104 81 0.021789659
237 0 89 78 0.02150591
892 270 6 10 0.021391068
0 356 12 31 0.02134359
370 0 129 102 0.021314139
2 357 21 27 0.02128756
144 498 215 180 0.021162463
704 0 104 73 0.021102486
538 0 125 97 0.021054171
271 109 86 120 0.021037942
640 127 115 148 0.021028064
0 615 50 63 0.020641685
0 470 150 208 0.020326698
432 0 244 171 0.020227138
315 0 85 61 0.020078786
456 0 126 95 0.019950323
986 640 38 38 0.019851167
779 0 106 75 0.019637775
590 0 252 177 0.019580124
4 302 59 84 0.01911347
661 137 79 96 0.019084947
932 15 92 161 0.018986855
876 565 148 113 0.018887447
425 0 106 75 0.018816438
583 0 107 79 0.01881142
131 262 83 104 0.018713983
482 401 73 79 0.018641766
0 36 80 174 0.018618189
336 3 123 160 0.01842683
502 0 108 77 0.018299019
311 82 65 102 0.018227369
566 404 23 27 0.018107664
511 466 252 212 0.018058479
993 0 31 31 0.01804307
808 0 133 91 0.017889762
51 0 134 93 0.017762575
248 144 124 156 0.017551636
951 0 51 54 0.017516255
653 145 52 80 0.017476818
0 0 28 38 0.017431024
371 39 129 168 0.017425459
450 583 142 95 0.017415278
18 0 115 83 0.017415194
669 465 263 213 0.01738252
549 409 65 68 0.017355526
642 574 134 104 0.017226022
357 464 257 214 0.01721499
3 367 68 113 0.017086472
194 0 87 64 0.0170626
0 13 200 301 0.017060425
470 284 18 25 0.017042419
469 285 39 48 0.016991924
800 565 160 113 0.016903684
932 201 92 183 0.016880251
49 568 142 110 0.016851315
62 413 18 29 0.016831787
548 87 110 150 0.016752502
968 0 33 22 0.016694766
376 120 127 163 0.016678866
18 81 114 144 0.016648091
309 322 61 72 0.016543992
374 590 139 88 0.016337223
483 380 70 63 0.016277779
912 424 112 197 0.016199363
0 367 19 32 0.016166221
34 0 254 170 0.016150208
209 580 136 98 0.016128844
959 292 65 123 0.016108187
0 108 76 180 0.016094688
824 231 200 326 0.016091494
0 454 45 121 0.015960524
656 33 102 132 0.01591088
502 0 68 51 0.01585403
196 133 89 109 0.015818842
24 0 71 53 0.015810285
729 575 148 103 0.015794339
487 435 58 44 0.01570925
865 0 109 76 0.015692517
664 114 50 72 0.015686374
800 0 68 50 0.015642446
476 405 30 27 0.015621623
636 615 98 63 0.015613742
293 0 224 277 0.015546168
447 28 222 284 0.015543398
761 0 68 51 0.015481621
626 166 66 93 0.015462924
247 472 274 206 0.015406424
0 60 48 123 0.0153932115
292 593 135 85 0.015393151
0 380 20 35 0.015370379
924 106 100 200 0.0153262755
1017 0 7 14 0.015278325
935 308 89 174 0.015227956
236 279 140 162 0.01518103
539 0 192 140 0.015121487
831 379 162 202 0.015072625
152 0 103 76 0.015058473
598 137 103 151 0.015037357
902 317 13 15 0.014963976
380 474 17 24 0.014934456
10 143 127 182 0.014893658
519 580 148 98 0.014879848
65 0 70 51 0.014876312
650 268 16 21 0.014800948
310 36 75 108 0.014788177
473 491 160 187 0.014787253
23 604 116 74 0.014763245
828 0 90 58 0.014743716
168 130 151 200 0.014727611
318 55 144 178 0.014717676
281 0 72 89 0.014659166
493 409 45 29 0.014578436
509 407 66 53 0.014577261
105 0 68 51 0.014436224
427 618 104 60 0.014410793
106 607 96 71 0.014390893
651 185 128 164 0.014378182
0 417 54 117 0.014354077
614 50 173 231 0.014344763
698 616 102 62 0.014272401
0 644 24 34 0.014240914
235 616 91 62 0.014228243
0 296 88 149 0.0142213795
542 0 69 51 0.014220893
0 182 101 186 0.014216599
617 168 120 163 0.014212271
265 0 67 53 0.01420877
404 76 142 176 0.014179377
784 610 108 68 0.014177584
506 390 111 126 0.014169441
501 618 103 60 0.014150614
105 0 107 73 0.014144187
832 77 192 326 0.014138146
848 71 136 181 0.014128412
0 136 47 124 0.014124013
950 83 74 140 0.014113634
859 607 116 71 0.014109069
271 618 87 60 0.014102831
637 184 37 55 0.014053159
487 52 130 168 0.014045578
464 365 13 13 0.014022422
162 94 83 107 0.014022235
146 0 67 48 0.014000792
581 0 70 55 0.01399398
749 615 101 63 0.013914629
84 537 189 141 0.013906278
372 0 201 142 0.013904928
463 5 28 31 0.01388899
1007 665 17 13 0.013856321
0 462 71 181 0.013828158
609 501 204 177 0.013806572
366 320 24 32 0.013754264
502 368 79 72 0.0136615615
1021 0 3 9 0.013616305
176 278 149 171 0.013599666
327 306 17 26 0.013591637
36 353 76 97 0.013537241
974 25 50 99 0.0135035645
1009 0 15 22 0.013455458
0 615 9 18 0.013442888
232 177 89 103 0.013436306
58 202 119 171 0.013433576
954 379 70 121 0.013433378
0 252 31 93 0.013380604
786 0 57 41 0.013360548
185 48 74 115 0.01334721
836 319 141 186 0.01332633
698 0 208 140 0.013305778
570 404 15 17 0.013305515
361 0 70 50 0.013293672
639 203 71 82 0.013287846
479 342 20 19 0.013279571
18 20 83 111 0.0132763265
488 116 123 159 0.013242176
471 302 40 49 0.01323864
302 410 85 104 0.013209091
159 131 23 31 0.013191934
0 394 92 178 0.013188446
793 180 79 99 0.013175311
1004 0 20 53 0.013155504
507 216 87 116 0.01315005
178 617 82 61 0.013120638
246 215 130 166 0.013117629
76 43 167 203 0.013116842
526 0 58 40 0.013113139
358 59 79 111 0.013111038
629 75 58 88 0.013109805
313 624 91 54 0.013101333
622 0 69 51 0.013096255
813 46 128 167 0.013096124
139 305 73 89 0.013093512
173 0 53 40 0.013084753
252 28 63 93 0.013070223
355 623 95 55 0.013067844
592 621 97 57 0.01305229
3 350 16 24 0.013036439
7 344 22 28 0.013019157
291 101 126 161 0.013009986
469 412 39 49 0.012972898
392 102 94 119 0.012967003
137 252 127 165 0.012966392
811 119 127 161 0.012922423
15 540 85 120 0.012859623
50 0 58 41 0.012829422
468 489 104 132 0.01281719
682 94 58 64 0.0127968015
452 397 73 89 0.012770102
202 471 77 104 0.012742428
970 59 54 114 0.012725907
421 172 95 120 0.012713456
304 285 64 89 0.012667763
23 362 61 73 0.012649839
0 285 44 77 0.012633507
829 180 86 108 0.012628413
543 622 100 56 0.0126163075
509 14 83 104 0.012606758
5 241 69 105 0.012602522
0 200 59 108 0.012538529
724 0 66 52 0.012531504
0 327 9 27 0.012500049
708 70 80 109 0.012498028
791 283 19 39 0.012494621
0 32 38 94 0.012463032
474 275 33 37 0.012460356
529 199 123 163 0.012448277
175 0 17 12 0.012441014
825 0 56 40 0.012416156
486 334 74 85 0.012415436
8 0 59 43 0.01240355
208 0 40 29 0.012383799
585 17 113 165 0.012376999
649 171 79 93 0.012373435
675 310 137 177 0.012362348
13 334 37 51 0.01236015
114 285 77 96 0.012353665
48 56 118 141 0.012331462
485 332 19 21 0.012317504
680 0 67 51 0.012297099
15 366 42 54 0.01227943
157 323 74 93 0.012267838
470 165 108 140 0.012245059
410 434 141 174 0.01223949
425 64 100 123 0.012238436
571 400 71 73 0.012234861
240 531 119 130 0.012231382
978 422 46 110 0.012216944
360 143 85 109 0.012209509
226 0 66 49 0.012201448
511 467 13 9 0.012171061
790 25 87 108 0.012164103
556 414 31 24 0.012162112
869 11 112 137 0.012147482
977 480 47 115 0.012146995
154 234 78 102 0.012135127
218 498 78 101 0.012114649
802 71 66 95 0.012089508
56 223 23 32 0.012074435
554 397 31 34 0.012071653
635 288 76 93 0.0120700775
113 231 84 115 0.012061203
328 323 15 20 0.012044651
564 535 157 143 0.012034597
314 135 83 107 0.012020565
517 335 73 91 0.011996202
95 67 43 65 0.011992265
822 373 105 131 0.01198655
776 347 140 186 0.011982446
80 622 90 56 0.011971233
296 298 89 113 0.011963987
975 163 49 93 0.011899047
897 288 6 10 0.011880365
102 306 42 58 0.01185218
813 278 126 174 0.011848464
848 146 131 180 0.011841794
578 190 119 158 0.0118377665
307 119 52 81 0.011833944
915 35 78 117 0.01183342
200 82 203 282 0.011797083
954 270 7 10 0.011790879
208 321 148 191 0.011782645
427 22 97 117 0.011771122
403 0 71 51 0.011758906
18 495 80 116 0.011752198
606 0 58 42 0.01174287
65 0 18 13 0.01173463
847 0 54 39 0.011726933
316 341 66 79 0.011724754
551 433 45 60 0.011715607
190 0 37 25 0.011702675
35 217 86 119 0.011696046
717 114 64 90 0.01169422
320 471 85 90 0.011693157
0 320 125 329 0.011669909
916 0 36 27 0.011660584
0 314 20 36 0.011657292
373 461 139 175 0.01164335
490 0 56 40 0.0116363
77 227 82 113 0.0116279
441 0 68 51 0.011625493
510 465 32 24 0.011616375
185 442 69 83 0.011611413
535 387 53 52 0.011603464
856 487 117 143 0.011597623
41 102 130 171 0.011592589
97 266 66 90 0.011569879
0 532 47 124 0.0115687745
630 114 40 70 0.011560134
950 282 11 16 0.011556814
691 144 71 96 0.011555915
0 0 9 11 0.011541544
95 0 49 34 0.011526977
55 33 82 101 0.011521512
585 129 71 102 0.011506627
769 412 150 204 0.0115003195
497 42 78 116 0.011464412
418 521 129 157 0.011460473
34 0 49 33 0.0114543885
43 207 39 51 0.011438849
827 24 92 113 0.011429718
54 0 20 13 0.011429155
488 234 124 174 0.0114278775
28 270 67 95 0.011413473
105 282 118 156 0.011392418
562 88 193 261 0.011389979
339 393 70 97 0.011387476
559 73 80 110 0.011369263
191 523 120 136 0.011365433
396 108 48 61 0.011358572
47 363 23 26 0.011357785
138 210 78 106 0.011344144
0 592 12 31 0.01133722
640 439 140 185 0.01133665
624 311 66 84 0.011320855
251 0 55 39 0.011317534
552 0 47 33 0.011316572
176 640 51 38 0.011311035
74 0 19 13 0.011307508
972 342 52 104 0.011299807
555 419 37 51 0.011296539
464 335 67 80 0.011293077
2 333 19 30 0.01128177
0 403 41 68 0.011273162
562 398 23 20 0.0112660015
676 26 229 281 0.0112605225
181 30 41 71 0.011257695
984 0 40 70 0.0112568885
888 272 7 10 0.011254838
498 445 36 29 0.011247303
1018 501 6 37 0.011217393
703 136 48 68 0.011215565
193 0 49 53 0.011204618
598 399 68 78 0.011188386
466 362 19 17 0.011185756
55 406 24 30 0.011184852
988 409 36 70 0.011179673
806 117 8 10 0.011177963
965 250 59 107 0.01117656
269 638 55 40 0.01117422
171 295 78 95 0.01117386
850 234 121 168 0.011172636
201 329 78 96 0.0111696385
22 95 73 96 0.011168174
0 341 10 21 0.011167916
333 641 53 37 0.011165657
398 617 81 61 0.01116527
22 187 78 109 0.01115999
821 445 110 140 0.011139021
994 456 30 79 0.011138752
861 345 96 119 0.011133988
786 90 64 91 0.011129842
881 0 69 49 0.011128018
290 0 56 41 0.011123098
492 418 37 38 0.011113914
230 0 36 24 0.0111137
1014 7 10 36 0.0111128595
465 291 20 25 0.011107693
164 0 18 12 0.0111041
315 307 24 28 0.011103024
891 276 45 56 0.011095766
553 373 66 71 0.011091204
342 434 122 149 0.011083127
110 0 18 13 0.01108183
115 183 85 110 0.011080102
223 292 75 95 0.011061239
76 68 41 55 0.011058678
259 314 85 92 0.011041989
141 199 216 272 0.0110210115
572 408 48 48 0.011018144
971 521 53 111 0.0110109495
888 278 8 13 0.010999631
278 388 81 95 0.010993318
771 521 137 157 0.0109759215
308 31 49 82 0.010973755
568 412 26 31 0.010957331
713 227 85 107 0.0109488545
68 253 61 92 0.010946202
0 321 5 12 0.010942054
455 248 57 76 0.010934159
21 356 113 154 0.010925816
673 169 226 305 0.010914481
713 179 83 104 0.010905614
133 0 48 33 0.0108959535
463 402 19 29 0.01088327
627 493 106 131 0.010880509
205 460 138 163 0.0108789615
259 273 78 95 0.010875631
668 82 50 58 0.010872658
21 323 64 84 0.0108606545
0 24 24 64 0.010843178
50 471 17 15 0.010834396
287 478 125 147 0.01082897
335 561 138 117 0.010823129
935 0 40 27 0.01081685
751 0 48 35 0.010804544
186 13 44 64 0.010795151
316 1 30 30 0.0107937325
399 24 84 115 0.010790678
558 25 83 108 0.01076315
777 85 117 157 0.010753239
455 543 84 107 0.010741823
505 192 66 92 0.010740415
653 94 45 51 0.010727498
475 282 11 15 0.010725013
404 99 64 83 0.010717292
539 0 35 27 0.010714375
187 165 103 130 0.010704219
832 614 85 64 0.010687806
22 432 71 103 0.010686142
0 378 11 19 0.010674942
41 113 72 92 0.010670962
565 407 17 17 0.010668009
869 263 83 109 0.01066592
355 463 79 96 0.01066483
793 434 82 117 0.010661595
290 201 124 161 0.010647465
520 435 142 182 0.010644724
140 346 72 89 0.010638457
618 326 147 166 0.010626073
483 425 29 34 0.010624753
875 184 71 97 0.010618491
891 370 125 157 0.010617297
141 181 70 80 0.010614783
29 390 65 89 0.010613228
818 84 71 97 0.010609297
183 347 72 91 0.010597429
63 76 67 87 0.010579204
0 388 25 43 0.010573881
317 372 74 97 0.010572849
124 639 62 39 0.010571888
156 194 73 88 0.010571438
459 287 127 158 0.010566597
454 403 124 143 0.010564791
607 383 145 174 0.010564757
90 298 39 59 0.010562348
346 151 120 154 0.01056086
812 343 86 117 0.0105357105
236 330 82 94 0.010526918
322 324 15 19 0.010520386
474 325 41 50 0.010516045
452 0 16 14 0.01051303
488 345 13 15 0.010512503
875 64 74 104 0.010509524
405 181 132 174 0.010507778
44 373 38 46 0.0105039505
790 190 49 64 0.010500578
603 318 215 281 0.010499729
171 0 37 27 0.010498927
0 217 30 80 0.010495567
11 355 31 39 0.010495438
412 276 127 165 0.010490717
813 288 11 23 0.010488566
274 0 47 31 0.010483597
0 0 18 23 0.01048324
622 415 72 91 0.010478267
799 129 9 10 0.010472512
38 90 237 320 0.010470841
0 245 21 63 0.0104661165
476 419 26 32 0.010463176
161 9 17 21 0.010448133
724 337 139 188 0.010447925
487 442 34 30 0.01044539
574 404 24 29 0.010439191
472 102 98 125 0.010433958
325 579 68 93 0.010420833
707 0 56 40 0.010419034
240 257 74 90 0.010418212
377 405 126 158 0.010415997
16 235 123 177 0.0104051465
10 359 20 23 0.010403593
681 632 68 46 0.010391278
669 643 56 35 0.010390264
524 363 120 123 0.0103692915
210 641 60 37 0.010368713
970 208 54 109 0.010367597
591 646 51 32 0.010363584
174 17 64 111 0.010358797
871 64 8 10 0.0103574395
892 286 9 13 0.010354236
807 87 11 14 0.010341884
199 0 19 12 0.010337765
571 0 49 34 0.01032145
71 184 87 115 0.0102966055
600 473 75 104 0.010292755
27 190 43 59 0.010291069
904 29 64 94 0.01029055
868 0 48 46 0.010286409
99 0 19 14 0.01028512
343 512 64 54 0.010284122
326 480 62 50 0.010282106
181 216 70 89 0.010281286
334 442 76 93 0.0102807535
0 110 40 99 0.010280331
486 400 34 30 0.010278643
675 303 237 322 0.010264403
986 152 38 71 0.0102643985
705 20 100 129 0.010263738
591 0 49 35 0.01026347
0 311 4 12 0.010263248
232 539 76 87 0.010240855
1018 518 6 35 0.010234203
396 214 86 110 0.010227697
802 109 67 93 0.010204925
0 317 4 12 0.010201697
577 482 125 154 0.010200662
450 312 61 79 0.010195369
913 512 89 120 0.01019334
202 415 72 87 0.010192226
618 453 78 103 0.010189589
367 392 67 90 0.010176291
818 21 62 79 0.010172226
608 334 63 81 0.010143738
338 321 62 76 0.010141697
677 369 143 193 0.010140787
377 237 123 165 0.01013293
806 41 12 14 0.010130627
203 367 73 91 0.010125703
773 82 21 26 0.010115783
316 502 80 92 0.010111087
711 377 82 109 0.010103253
354 0 49 35 0.010102329
886 276 13 19 0.010100217
227 565 27 33 0.010098071
796 0 35 24 0.010097517
414 87 44 57 0.010095977
231 44 67 86 0.010087755
102 449 73 96 0.010084041
397 571 74 97 0.010081958
983 321 41 75 0.01007822
653 270 81 95 0.010067114
518 638 62 40 0.010062902
827 626 54 52 0.010048424
127 294 50 63 0.010047699
640 108 39 53 0.010042828
10 404 46 49 0.01003674
830 496 85 120 0.010035683
139 159 120 159 0.010034254
288 257 69 91 0.010024861
521 445 28 31 0.01001157