36_Football_americanfootball_ball_36_631
420
420 111 155 200 0.84818333
0 439 21 36 0.09137132
0 0 140 173 0.047328476
828 0 196 168 0.046023604
392 92 24 33 0.043670136
0 0 89 114 0.037624266
929 0 95 96 0.037251107
359 125 167 200 0.036292132
433 17 184 255 0.035489835
0 385 135 174 0.035197124
419 94 104 151 0.03386463
426 198 10 12 0.032894757
0 0 57 72 0.03277628
0 448 14 24 0.032152057
518 0 248 174 0.030917099
808 366 216 193 0.03073943
400 95 23 35 0.030307649
486 109 152 185 0.030057723
0 442 87 117 0.029393306
947 489 77 70 0.029008212
667 0 260 178 0.028946543
448 0 202 152 0.028885396
30 0 264 177 0.028268347
0 60 134 346 0.02742716
7 440 14 16 0.027370755
108 391 252 168 0.027076965
451 163 163 202 0.027006958
611 0 207 147 0.02689668
637 297 88 122 0.02677725
529 38 193 243 0.02586853
783 0 186 118 0.025676461
832 75 192 338 0.025491117
518 295 103 103 0.025242794
0 500 44 59 0.025171574
195 0 247 185 0.025039086
0 243 18 49 0.02496193
133 0 214 145 0.02488739
51 0 137 97 0.024563404
376 0 201 164 0.024349991
554 0 169 112 0.024048988
727 0 137 98 0.023852492
4 424 8 11 0.02367673
0 234 73 174 0.023396349
692 347 235 212 0.0231147
470 94 104 140 0.022853428
391 98 15 23 0.022789583
869 43 155 226 0.022784498
6 450 22 29 0.0227452
248 0 136 103 0.022637865
12 460 17 22 0.022540644
0 459 12 16 0.022517877
0 71 74 167 0.02230625
19 0 115 78 0.022120457
269 392 247 167 0.022007251
391 72 38 56 0.021928208
181 0 117 89 0.021728713
906 148 118 184 0.02141713
818 0 113 76 0.02136451
0 449 4 9 0.021293648
104 0 113 82 0.021289457
919 418 105 141 0.02108909
0 116 85 233 0.021063238
923 22 101 185 0.020957286
219 453 178 106 0.020915026
658 0 115 87 0.020813974
484 176 108 134 0.020756759
752 0 254 318 0.020744516
490 0 133 95 0.020710262
374 396 26 32 0.020627221
732 461 140 98 0.02062534
606 373 241 186 0.020583076
0 0 214 329 0.020269865
546 349 11 12 0.020216877
4 536 45 23 0.020117298
915 230 109 200 0.020047083
911 305 113 210 0.020040264
410 0 135 97 0.020036884
444 392 237 167 0.019956069
0 304 74 178 0.01991752
0 438 14 22 0.019765165
71 0 95 62 0.019384949
75 443 184 116 0.019323977
0 62 47 117 0.019303896
151 0 95 69 0.01929708
229 0 97 69 0.019288696
707 492 112 67 0.019278111
544 349 24 31 0.019246414
311 454 170 105 0.019228676
628 0 95 70 0.01921791
189 251 245 308 0.019188158
788 0 94 61 0.01916987
498 236 101 121 0.0190982
866 0 95 61 0.019037437
747 0 94 63 0.019003946
542 0 112 80 0.018897714
0 0 34 47 0.018775726
159 446 163 113 0.01876056
394 449 169 110 0.018734327
976 0 48 54 0.018728467
396 273 169 215 0.01868814
591 0 92 67 0.018682793
707 0 94 66 0.018664317
394 102 10 12 0.018554963
335 0 131 91 0.018534224
270 0 94 67 0.01853022
347 74 145 194 0.01852634
14 468 12 16 0.018484397
554 445 171 114 0.01847782
493 474 130 85 0.018407837
0 259 45 120 0.018217798
115 160 252 330 0.018174544
301 0 110 77 0.01814759
0 527 24 32 0.017910473
0 142 210 347 0.017885746
651 458 150 101 0.017881151
292 0 204 151 0.0178546
196 87 238 308 0.017800307
459 0 113 73 0.017752547
34 59 259 349 0.017743615
0 132 46 123 0.01749489
786 450 153 109 0.017470883
322 193 174 215 0.01746656
513 506 88 53 0.017424466
40 326 253 233 0.017390061
121 7 248 312 0.017380564
982 515 42 44 0.017227659
740 209 240 325 0.017218212
0 414 16 19 0.017043747
639 299 163 214 0.017037213
536 342 41 50 0.017006548
512 184 139 168 0.016879544
412 64 14 13 0.016864467
0 411 27 53 0.016861118
129 24 155 203 0.016857639
451 253 138 167 0.016845323
391 115 70 118 0.016814908
36 221 156 206 0.016616188
458 216 108 133 0.01661413
940 213 84 133 0.016612519
478 279 159 204 0.01660254
237 136 157 196 0.01653293
608 310 88 117 0.01644192
558 223 155 195 0.01640393
510 0 91 60 0.016396135
239 64 154 190 0.016383564
44 28 146 181 0.016276484
404 102 15 24 0.016111411
145 490 113 69 0.016093798
700 287 17 27 0.016058782
394 90 15 23 0.016044619
385 0 109 74 0.016006904
0 453 6 17 0.015860679
547 504 98 55 0.015782349
13 289 145 208 0.01569687
0 333 46 121 0.015689949
0 442 30 51 0.015622129
668 496 109 63 0.0155362105
602 6 230 295 0.0155065
221 487 115 72 0.0154626975
534 533 40 26 0.015460445
359 326 235 233 0.015450193
497 59 102 144 0.01543611
429 0 93 59 0.015306906
457 33 106 143 0.01530467
3 519 72 40 0.01520397
945 97 79 124 0.015154023
893 256 9 11 0.014886675
845 117 144 174 0.01488413
806 32 139 177 0.014878854
6 547 31 12 0.014871412
563 297 157 201 0.014800815
408 137 81 131 0.014782097
726 261 56 64 0.014750433
585 504 101 55 0.014731016
652 443 6 9 0.01466573
628 504 104 55 0.014659691
292 264 207 263 0.0146146985
476 502 89 57 0.014611396
0 64 49 42 0.014472724
536 58 49 63 0.014470724
0 0 21 31 0.014463798
552 264 85 108 0.0144585995
234 214 165 211 0.014414867
9 430 32 46 0.014374213
637 32 145 187 0.014357479
448 458 32 48 0.014319256
0 402 52 143 0.014290026
389 501 93 58 0.014178673
676 84 246 336 0.014171234
303 496 99 63 0.014143552
811 493 110 66 0.014140324
545 349 15 20 0.0140984515
132 131 149 211 0.014053097
402 77 87 131 0.014049526
1005 547 19 12 0.014013184
123 0 74 56 0.013996969
44 142 148 196 0.0139765525
535 281 125 149 0.013900213
72 251 168 217 0.013896212
31 500 95 59 0.013842165
439 360 44 47 0.013827471
792 311 156 222 0.013787479
13 422 7 9 0.013676355
82 177 158 205 0.013666291
348 501 95 58 0.013658898
15 413 13 13 0.013648623
75 496 100 63 0.013618306
587 437 13 17 0.013578017
0 466 35 68 0.013577811
997 540 27 19 0.013553497
387 86 18 25 0.01354731
1019 0 5 14 0.013532587
2 411 25 21 0.013498035
1005 0 19 28 0.013387903
458 455 17 25 0.013290137
815 154 118 145 0.013252258
323 536 40 23 0.013227304
689 246 130 165 0.0132127255
430 499 93 60 0.013202897
200 0 76 57 0.013190428
720 31 141 182 0.013186826
592 275 93 118 0.013182148
148 290 181 229 0.013113416
126 207 160 218 0.013039052
657 277 94 115 0.013029203
302 209 104 130 0.012983627
93 95 150 200 0.0129203405
354 369 93 109 0.012861647
0 462 6 16 0.012816117
678 0 75 56 0.012777002
440 364 33 24 0.012772592
101 7 127 148 0.012755646
48 346 134 177 0.012725023
0 454 16 36 0.012700003
683 330 92 122 0.012695436
866 494 99 65 0.012653883
717 411 26 34 0.0126528945
676 317 16 12 0.0126409
785 128 178 231 0.012633537
772 82 134 172 0.0126288785
509 318 77 69 0.012603747
737 275 32 27 0.012578194
712 245 177 230 0.0125565
0 219 35 80 0.0125427805
388 89 12 16 0.012496968
69 291 97 131 0.0124531705
51 329 96 133 0.01244813
646 212 132 161 0.012446105
567 76 23 43 0.012418258
0 413 11 13 0.012410958
840 273 155 222 0.012400945
430 197 9 11 0.012395424
550 217 87 114 0.012390458
402 113 11 18 0.012387788
17 202 126 167 0.012377971
15 73 115 154 0.012345169
456 443 16 15 0.0123138605
388 77 24 42 0.012260701
171 105 133 182 0.012252474
856 187 129 163 0.0122346105
0 453 4 10 0.0122258095
283 103 142 190 0.012216647
334 472 23 30 0.012209422
3 418 9 12 0.012206432
475 298 92 108 0.012194918
840 0 67 48 0.012183929
0 443 6 17 0.012173696
386 401 17 21 0.012097339
637 131 158 205 0.012063275
864 59 99 122 0.0120593775
534 335 70 80 0.0120356465
24 417 39 56 0.012033917
13 418 10 12 0.012022227
2 427 10 13 0.012021787
861 15 105 121 0.01197578
45 0 70 53 0.0119448835
823 15 101 118 0.01189202
0 423 9 12 0.011887825
353 172 94 123 0.0118659735
458 463 18 29 0.01184761
404 121 47 78 0.01184328
440 443 52 69 0.011838732
1021 0 3 9 0.011817736
626 345 85 123 0.011770162
714 265 78 103 0.011702799
91 330 96 132 0.011684218
678 69 135 177 0.011669502
410 210 9 10 0.011646237
0 0 9 12 0.0116439825
176 544 34 15 0.011630838
0 463 10 22 0.0116141625
67 96 101 123 0.011551555
361 0 73 53 0.011527846
903 108 100 118 0.011508794
176 194 126 170 0.011507755
703 363 86 110 0.011505263
382 225 124 149 0.011470906
14 276 91 124 0.011456438
0 458 22 52 0.011447379
62 218 106 131 0.011445162
15 457 12 17 0.011430426
151 370 96 132 0.011419758
664 98 98 127 0.0114031825
456 457 13 18 0.011393063
150 125 105 142 0.011267973
614 221 112 140 0.01126168
0 445 3 9 0.011229122
10 445 15 22 0.011219811
10 407 8 9 0.011200209
401 120 10 14 0.011178817
824 108 96 117 0.011165012
206 34 143 180 0.011151075
110 295 95 128 0.0111174965
0 185 5 11 0.011107785
0 423 18 31 0.011088918
798 233 147 203 0.011083414
975 176 49 107 0.011056782
785 15 99 118 0.011054918
10 444 9 11 0.011052788
939 0 72 56 0.011040565
794 142 95 116 0.011038002
0 472 5 12 0.011037313
45 88 69 99 0.011036995
380 109 11 12 0.011035911
0 407 4 9 0.011027386
729 197 132 177 0.011013609
591 225 86 112 0.011002473
559 317 78 81 0.0109974295
90 258 91 119 0.010981717
130 330 96 132 0.010980598
5 422 10 12 0.010973729
330 273 134 170 0.010967117
18 481 20 40 0.010963575
971 39 53 119 0.010951057
109 0 60 45 0.01095096
847 421 133 138 0.0109466445
0 433 8 19 0.01094645
397 28 93 124 0.010944235
0 422 5 10 0.010943537
619 98 126 164 0.010937669
0 255 12 31 0.010885614
586 420 15 12 0.010879699
753 516 58 43 0.010875409
521 41 73 102 0.010870311
647 525 54 34 0.010869938
729 106 133 172 0.010867228
426 56 99 124 0.010861894
0 484 12 25 0.0108562345
484 0 63 44 0.010855007
13 233 88 104 0.01080966
457 444 18 27 0.0108082695
864 41 55 71 0.010798135
14 448 17 25 0.010794776
541 40 27 26 0.010783945
0 438 7 10 0.010755695
392 376 78 96 0.0107225785
153 211 103 134 0.010715844
584 0 63 47 0.010711035
2 457 15 16 0.010669454
394 93 40 59 0.010668312
494 528 52 31 0.010659788
382 388 22 27 0.01064402
557 74 26 38 0.010634501
542 357 28 41 0.010628133
170 9 96 133 0.010552796
623 386 116 145 0.010526656
0 109 39 92 0.010510499
385 63 24 20 0.010509408
624 0 62 46 0.010455447
49 79 52 68 0.010453715
114 94 101 129 0.010449339
0 475 10 22 0.010442995
672 318 61 77 0.010442664
0 486 24 55 0.010437344
955 234 15 15 0.0104115745
698 14 106 129 0.010410707
15 413 35 51 0.01038542
0 413 5 11 0.0103797475
388 94 12 20 0.010371543
726 341 97 126 0.010363814
825 206 98 126 0.01036261
292 179 89 120 0.010358251
19 329 87 129 0.010348199
780 499 87 60 0.01033359
190 50 94 133 0.010329552
787 59 96 123 0.010328104
210 10 96 131 0.010323572
394 88 9 9 0.010322321
547 529 52 30 0.010313454
860 360 109 160 0.0103027355
736 403 26 37 0.010299819
13 463 11 14 0.010298778
547 100 89 124 0.010293445
544 367 15 16 0.010290218
0 232 56 90 0.010253262
110 369 96 130 0.010251896
0 72 39 62 0.010249291
328 460 40 35 0.01024726
432 294 94 112 0.010208653
866 0 55 39 0.010198687
5 445 12 15 0.0101800915
0 440 5 12 0.010171361
404 90 15 27 0.010168997
272 217 95 116 0.010166366
171 330 95 134 0.010162868
376 357 130 170 0.010139063
464 455 13 18 0.010132732
406 0 62 44 0.010109271
424 250 11 14 0.01010576
458 438 25 22 0.01009535
0 546 19 13 0.010088721
825 0 56 39 0.010082199
396 104 14 17 0.010075492
530 157 78 121 0.010072471
714 400 20 37 0.01005273
610 464 89 95 0.0100420015
307 0 61 46 0.010041201
373 332 88 108 0.010036844
373 392 20 25 0.010027164
0 132 4 12 0.01002629