36_Football_americanfootball_ball_36_27
792
651 43 71 88 0.77575564
183 207 62 80 0.7547149
508 0 58 38 0.09961473
0 163 56 132 0.06455923
1 0 75 81 0.061210208
625 4 128 140 0.048639577
977 86 34 38 0.04859714
975 622 47 67 0.045646958
26 17 28 29 0.045541536
352 155 25 30 0.043247342
994 448 30 61 0.041253917
653 74 74 98 0.0379502
647 17 56 86 0.03710376
522 0 74 48 0.03669647
160 187 75 89 0.035258524
912 470 59 71 0.03415809
253 121 37 57 0.034091193
200 7 24 29 0.033901267
20 18 39 53 0.033276387
889 0 27 15 0.033095863
470 0 30 21 0.032570235
318 203 40 56 0.03136745
525 230 28 62 0.031286776
956 124 67 106 0.03097839
521 417 42 73 0.030758094
1 209 73 137 0.030082008
181 0 51 43 0.029565105
674 38 84 97 0.029543612
834 208 36 52 0.028953372
1 159 50 63 0.028950905
96 1 91 90 0.028546343
940 319 20 23 0.028050425
465 0 19 15 0.027225884
178 224 81 99 0.026591104
57 89 55 67 0.026512427
208 223 54 68 0.025925757
143 160 70 91 0.025836814
370 126 31 34 0.02556863
530 425 107 107 0.025568098
479 0 66 44 0.025548747
501 0 42 29 0.025141614
354 119 45 55 0.02466176
450 137 63 91 0.024652796
970 74 53 69 0.02423635
258 29 54 66 0.02416284
770 19 32 47 0.02413711
493 0 88 68 0.023898654
1 457 73 122 0.023588957
35 1 52 57 0.02350998
599 26 98 113 0.02281785
797 234 28 33 0.022763334
426 0 28 26 0.02274253
518 0 35 23 0.022503287
381 275 51 79 0.022500133
886 4 81 89 0.022415875
308 313 44 56 0.022325208
559 0 183 194 0.022274064
0 24 61 94 0.022240575
181 153 75 114 0.022172196
198 234 42 61 0.021818766
839 15 45 59 0.021629917
0 0 147 211 0.021610253
975 643 49 82 0.021540398
518 362 80 121 0.021157412
668 80 45 63 0.021133523
973 724 51 44 0.021097759
470 0 47 30 0.020799212
392 0 30 25 0.020710127
532 0 41 26 0.020524647
197 191 44 70 0.020516384
918 166 32 45 0.020061899
22 77 76 108 0.020031657
967 0 57 58 0.019976303
983 94 21 24 0.019882215
204 0 42 40 0.019842386
26 7 40 47 0.019779237
298 0 54 38 0.01972091
353 331 28 29 0.019590748
151 221 78 97 0.019568255
591 209 53 44 0.019509034
978 121 46 75 0.01949262
627 100 91 115 0.019464483
202 209 89 101 0.019448701
506 5 44 54 0.01942333
67 31 22 30 0.019200778
4 139 116 168 0.01916525
524 449 31 44 0.019033149
370 53 51 63 0.018978918
756 0 26 12 0.018946515
37 54 79 100 0.018873466
981 414 43 95 0.018797094
990 467 34 67 0.018727934
368 0 22 17 0.01867139
2 689 102 79 0.018651638
257 0 27 21 0.018628547
661 0 58 81 0.018615413
981 626 31 39 0.018436821
260 144 29 39 0.018401286
356 145 34 40 0.018321296
509 417 85 96 0.018299714
823 511 201 257 0.01826043
673 13 64 87 0.018254379
89 0 62 71 0.018189754
0 433 41 77 0.018050585
235 13 90 100 0.018019853
130 0 89 76 0.017961625
45 0 273 212 0.017922312
492 386 66 101 0.017909877
143 172 54 33 0.017887635
718 319 39 45 0.017829742
978 59 42 60 0.01777601
396 71 307 388 0.017718188
935 699 89 69 0.01770723
339 136 46 58 0.01764643
135 131 117 154 0.017543633
0 520 166 248 0.017477814
525 109 184 280 0.017256571
958 115 23 27 0.017220117
315 67 32 39 0.017191002
840 0 184 210 0.017175866
520 0 102 90 0.017147735
364 145 84 109 0.01711166
885 0 38 25 0.01703998
169 3 37 42 0.01699406
587 1 96 103 0.016976342
901 488 55 67 0.016970169
996 418 25 26 0.016947882
165 86 41 55 0.016920384
424 100 31 37 0.016869714
658 83 103 131 0.016865753
920 83 33 37 0.016832102
502 326 82 122 0.016753905
0 727 30 41 0.01674948
472 0 17 11 0.016673263
660 0 293 209 0.016655091
801 16 31 40 0.01654494
12 138 55 67 0.016481204
525 447 53 64 0.016445937
257 39 39 42 0.016441057
0 255 45 80 0.016264992
872 206 45 59 0.01622678
901 0 24 14 0.016202802
0 211 39 105 0.016184958
56 19 34 45 0.016076861
908 391 46 63 0.015954064
237 122 392 372 0.015945414
580 123 92 112 0.015844306
0 58 53 85 0.015800012
6 648 141 120 0.015794009
0 182 35 77 0.015760776
894 435 98 109 0.015744168
911 473 40 50 0.015726505
874 442 39 56 0.015713349
992 85 32 36 0.015705086
15 206 132 183 0.015658617
741 604 43 53 0.015631776
37 0 89 93 0.015583037
136 194 75 94 0.015570144
0 9 44 60 0.0155595
221 476 50 70 0.015555945
664 109 53 66 0.015550678
392 301 48 63 0.015540652
317 7 84 94 0.015517385
352 45 53 63 0.015502329
372 139 30 39 0.015499713
820 93 51 61 0.015458449
89 0 178 139 0.015451085
0 720 61 48 0.0154501
158 64 44 58 0.015422378
402 200 43 68 0.015413919
399 0 51 44 0.015357888
152 0 107 95 0.015323757
912 0 112 101 0.015287172
265 4 85 93 0.015189425
911 415 47 65 0.015184275
996 751 28 17 0.015168393
643 36 40 58 0.015098487
750 0 38 23 0.015080766
511 0 20 17 0.015063516
489 643 45 52 0.015048245
745 158 40 65 0.015006426
448 138 47 54 0.015002847
170 258 64 81 0.014965411
32 111 81 109 0.0148971435
679 62 52 59 0.014872823
19 167 71 109 0.014868272
456 0 227 250 0.014855526
202 53 28 34 0.01484938
899 0 17 10 0.014847477
1011 0 13 17 0.0148017015
466 243 37 54 0.014775668
618 66 82 103 0.014738813
850 0 95 76 0.0147306705
918 412 29 32 0.014719111
1002 470 22 34 0.014707257
669 7 130 163 0.01463325
643 0 22 15 0.014632218
959 550 53 68 0.014553538
682 96 56 62 0.014529662
402 153 46 61 0.01449619
614 0 24 14 0.014493509
243 81 58 94 0.01449347
702 0 203 132 0.014467826
645 116 52 64 0.014467393
817 106 33 45 0.014460154
559 401 156 175 0.014435103
778 9 40 50 0.014434715
1011 557 13 26 0.014419269
835 0 127 130 0.014408547
467 0 12 10 0.014376208
0 507 51 89 0.014342022
388 245 79 108 0.014322181
932 471 64 77 0.014285239
942 136 26 29 0.014282114
462 0 179 139 0.014281652
955 323 69 112 0.01427977
755 10 51 71 0.01427399
828 588 85 95 0.01425085
215 245 52 67 0.014247153
875 400 33 44 0.014231305
886 309 66 92 0.014195116
553 440 63 73 0.014159566
12 90 25 32 0.014159506
556 1 50 41 0.014154787
675 102 29 39 0.0141500225
330 220 48 68 0.014135802
351 107 89 106 0.014110921
0 512 80 125 0.014105375
447 307 36 41 0.014090983
906 362 50 68 0.014080305
818 0 69 63 0.01407364
307 0 337 347 0.014060869
560 443 95 120 0.014055456
975 572 48 65 0.014052689
226 216 46 65 0.014014474
400 0 18 17 0.014012714
871 0 19 16 0.014010642
130 213 124 153 0.013997613
470 5 55 57 0.013969977
415 624 143 144 0.013950273
22 213 62 94 0.013949714
945 602 79 132 0.013931445
679 380 91 121 0.013931046
846 607 89 96 0.013920803
585 133 61 69 0.013917908
0 0 26 27 0.013891611
28 104 51 63 0.013890362
530 171 82 110 0.013881435
971 371 53 113 0.0138788
507 443 151 182 0.013865982
0 90 59 100 0.013853568
542 58 60 39 0.013836367
971 96 34 40 0.0138275875
363 0 32 25 0.013800323
617 560 25 27 0.013798609
210 215 38 53 0.013779063
313 2 60 56 0.013764225
806 83 49 65 0.013755547
481 0 25 16 0.013741198
0 0 47 40 0.013729946
114 8 51 58 0.013729251
524 189 108 143 0.013726679
914 376 32 36 0.013682172
979 246 16 18 0.013674456
365 189 79 119 0.013663992
904 50 120 247 0.013657439
649 324 143 189 0.013643626
0 28 235 327 0.013625938
196 269 52 65 0.013566529
899 317 95 124 0.013555299
212 174 54 74 0.01353298
86 110 221 272 0.013511848
773 286 106 124 0.013508536
953 160 55 85 0.013501167
677 477 85 118 0.013446196
865 661 148 107 0.013435482
663 48 37 53 0.013412198
555 474 301 294 0.013391927
683 0 57 63 0.0133642955
519 305 88 108 0.01335778
498 519 48 61 0.013319051
460 1 98 90 0.013299203
888 0 17 10 0.013292727
380 0 49 34 0.013258052
157 503 58 73 0.0132576525
196 37 43 57 0.013249896
0 398 81 118 0.013249377
883 0 54 46 0.013214396
715 364 57 61 0.013210109
514 465 97 113 0.01320037
296 599 80 103 0.013186603
900 0 36 21 0.013168959
465 398 74 101 0.013134286
358 586 42 53 0.013111254
531 331 166 203 0.013097796
462 658 149 110 0.013090273
434 0 40 29 0.013067989
756 0 47 36 0.013035424
236 453 15 16 0.013033664
971 0 32 24 0.013031413
892 445 51 66 0.013017335
171 202 48 60 0.013011308
551 648 163 120 0.012994318
179 63 43 58 0.012974386
459 0 30 21 0.012958253
328 180 45 61 0.012955451
431 0 19 16 0.012949452
220 0 38 36 0.012946393
371 0 69 64 0.012934158
23 515 315 253 0.012921391
224 180 73 97 0.012875945
920 492 71 89 0.0128697865
71 697 112 71 0.012848691
971 161 53 101 0.012836193
413 0 56 52 0.012799879
393 70 27 32 0.012760998
833 393 26 30 0.012738051
287 600 170 168 0.012698138
65 0 51 60 0.012687964
28 150 65 80 0.012653987
800 61 48 64 0.0126452055
725 0 58 45 0.01261464
348 75 58 80 0.012604259
512 375 51 86 0.012580516
275 499 57 77 0.012572258
296 0 23 15 0.012559004
819 275 45 56 0.012531845
327 175 89 112 0.012510078
548 713 67 55 0.012507695
264 147 20 25 0.0124992
337 184 15 17 0.012495486
561 95 135 171 0.01248222
74 171 139 173 0.012481201
169 218 26 45 0.012478922
953 112 34 39 0.012477501
437 688 106 80 0.012468612
0 445 110 181 0.0124597065
138 161 50 64 0.0124389855
874 265 73 101 0.012424955
311 634 46 60 0.012417385
990 6 34 70 0.012413701
0 37 77 188 0.012407361
876 700 91 68 0.012382273
833 180 57 81 0.012379133
315 76 40 56 0.012364015
600 0 54 46 0.012360702
173 157 53 72 0.012326938
680 94 30 37 0.012312974
507 197 75 113 0.012299771
623 3 59 68 0.012299575
187 179 130 153 0.012283097
369 234 68 107 0.012274317
995 190 29 77 0.012273389
140 255 79 101 0.012268111
784 0 140 102 0.012262289
614 0 30 24 0.012258938
537 459 58 70 0.012250608
115 30 76 96 0.012250134
221 82 27 36 0.012241831
839 17 31 35 0.01224008
200 527 307 241 0.012227137
198 6 44 60 0.012222746
300 133 21 21 0.012215393
94 206 92 111 0.012213747
564 474 56 70 0.01218619
333 423 39 54 0.012183934
201 702 96 66 0.012172836
826 88 67 88 0.012171305
455 0 20 14 0.012165887
1004 176 20 50 0.012156376
1007 758 17 10 0.012142347
532 439 39 47 0.012141113
481 587 72 90 0.012138415
341 10 50 70 0.012138087
1008 87 16 38 0.012122196
233 106 57 88 0.012105498
0 132 47 57 0.012104235
1016 562 8 19 0.01208341
989 189 15 19 0.012079861
312 321 25 29 0.012077842
943 323 14 15 0.01207239
544 527 168 224 0.012065088
1018 0 6 13 0.012064613
549 261 154 202 0.012056359
139 11 27 35 0.0120522315
647 712 68 56 0.012050067
207 256 76 97 0.012047209
0 442 14 33 0.012033268
368 203 114 166 0.012027492
691 72 53 65 0.012014618
210 0 299 224 0.012012335
69 259 45 54 0.011997465
29 20 56 69 0.011993725
683 328 87 125 0.0119915875
689 438 90 119 0.011978497
300 291 46 64 0.0119723715
49 562 82 110 0.011952447
238 460 49 64 0.011951359
351 159 40 51 0.011945571
260 73 47 73 0.0119455345
718 330 50 65 0.011943537
369 713 66 55 0.011943068
103 169 86 103 0.011940385
39 701 95 67 0.0119327195
968 25 56 86 0.011895346
55 608 84 111 0.011883124
933 313 30 36 0.011876794
585 182 75 72 0.01185997
996 0 28 32 0.011838338
0 0 10 13 0.011830763
154 638 148 130 0.011820401
548 382 101 121 0.011817561
790 577 88 112 0.011814211
496 521 76 99 0.011809374
354 149 18 23 0.01176672
515 109 130 164 0.011729656
0 251 110 197 0.011722752
657 420 86 110 0.011716772
338 588 83 107 0.011715788
624 645 158 123 0.011715141
139 26 67 79 0.011715008
802 0 23 12 0.011703421
798 3 67 81 0.011697759
114 714 60 54 0.0116958935
23 296 28 29 0.011680219
677 449 54 71 0.011676318
62 171 37 53 0.011674177
439 0 22 16 0.011672739
998 71 26 40 0.0116701815
568 124 53 74 0.011655378
985 607 39 59 0.011650691
125 84 33 44 0.011639209
658 9 41 33 0.011638998
456 208 61 91 0.011637821
468 348 179 203 0.011625617
786 396 45 51 0.011622987
126 0 39 34 0.011617973
2 79 32 48 0.011615259
232 452 8 9 0.011603559
936 0 61 50 0.011599338
347 162 29 37 0.0115932
725 14 51 72 0.011583107
583 175 53 52 0.011582347
920 355 47 55 0.011580201
300 0 37 22 0.011577513
848 505 48 61 0.011555893
284 350 38 39 0.011550352
975 245 23 30 0.011545153
292 714 64 54 0.011542879
916 0 22 15 0.011527282
831 67 193 390 0.011523667
893 99 49 64 0.011522307
32 722 69 46 0.011521396
776 29 42 63 0.011517084
636 238 82 102 0.011512539
57 232 68 83 0.011509037
706 361 88 116 0.011501664
70 61 58 78 0.011500561
682 711 65 57 0.011496766
407 0 21 16 0.011486651
70 530 88 113 0.011484922
82 338 75 99 0.011468429
798 47 41 54 0.01145924
808 278 65 84 0.01145687
973 306 51 82 0.011449972
429 256 45 60 0.01144939
373 0 12 9 0.01143922
236 657 158 111 0.011434363
975 345 24 27 0.011417301
50 255 25 34 0.011413326
916 672 56 58 0.011413252
871 623 83 98 0.011409323
209 11 19 22 0.0114064505
359 265 94 118 0.011400263
206 0 71 53 0.011391053
296 198 61 82 0.011372478
404 119 23 29 0.011365507
159 704 95 64 0.011365194
0 598 7 14 0.011364222
886 227 26 30 0.011357209
502 19 29 39 0.011355203
106 30 136 181 0.011353269
362 498 85 110 0.011347159
286 386 55 70 0.011339879
861 205 69 92 0.011339262
351 58 33 43 0.01133914
464 0 11 9 0.011338501
986 497 38 67 0.011335644
142 0 234 166 0.011321918
793 29 67 87 0.011319007
0 280 25 50 0.011318661
987 228 37 66 0.011313602
869 566 52 65 0.011304905
950 495 52 65 0.011303914
775 642 156 126 0.011294978
704 375 52 62 0.011292602
929 722 65 46 0.011291131
822 206 62 86 0.011283538
3 346 81 112 0.011257733
420 0 22 16 0.011255158
874 0 31 19 0.011247215
895 198 23 28 0.011244855
373 0 146 101 0.011231011
86 213 28 33 0.011218968
114 0 295 303 0.0112139275
34 160 41 55 0.011213886
54 28 71 94 0.011207939
693 1 82 97 0.01119617
561 0 15 11 0.011193736
695 49 47 63 0.0111917
201 478 48 84 0.011182266
345 0 71 52 0.011161184
556 219 131 165 0.011160969
957 117 16 18 0.011152369
428 575 76 99 0.01114718
220 80 42 54 0.011145798
390 165 75 118 0.01113518
0 389 46 78 0.011133337
987 101 19 24 0.011132743
230 240 71 87 0.011130001
255 0 73 55 0.011121867
854 49 38 47 0.01111386
569 161 98 121 0.011107595
125 65 68 89 0.011105434
178 496 58 78 0.011104902
296 322 65 87 0.01109864
77 238 117 144 0.011097327
514 713 65 55 0.011087703
433 373 86 108 0.011081633
665 0 51 39 0.011080147
274 0 20 13 0.011076691
447 312 50 53 0.011073576
0 466 40 99 0.011072534
918 0 32 24 0.01107007
678 78 26 41 0.011068451
900 31 63 86 0.011061256
676 495 53 72 0.011057667
481 220 63 91 0.011054913
186 221 42 54 0.011053741
1017 1 7 21 0.01105135
265 0 15 11 0.011042717
480 373 52 75 0.011039401
574 0 33 27 0.011037913
1018 610 6 22 0.011036189
437 119 101 138 0.011030528
326 304 50 60 0.011029396
13 172 54 66 0.011027029
911 0 19 11 0.011025113
420 577 54 67 0.011019694
377 28 67 84 0.011010712
995 654 29 49 0.011009721
860 0 55 46 0.01100491
393 204 39 49 0.011004639
299 24 71 87 0.011000625
948 483 38 47 0.010982769
523 59 116 143 0.010980116
358 286 56 69 0.010979601
787 560 143 166 0.010976504
380 262 45 57 0.010975325
476 624 49 59 0.010972307
660 442 51 64 0.010965664
60 30 37 49 0.010961928
844 556 86 108 0.01096097
513 20 61 58 0.010956624
708 135 72 91 0.010953588
0 29 31 65 0.010945235
861 489 72 89 0.010943842
24 0 39 33 0.010938755
787 222 41 54 0.010937472
276 46 52 66 0.010936815
743 601 67 88 0.0109304655
806 269 218 384 0.010905815
0 428 23 47 0.010901856
206 43 123 175 0.010897248
240 701 88 67 0.010889768
126 50 27 28 0.010887522
499 427 48 70 0.010882027
832 685 89 83 0.010853533
679 647 54 67 0.010850199
119 414 56 87 0.010849867
360 163 20 24 0.010832533
775 229 60 78 0.010825912
438 274 44 58 0.01080177
551 0 35 22 0.010800884
932 321 22 23 0.010800808
978 70 29 38 0.010797214
695 279 132 179 0.010796339
23 407 144 182 0.010795105
69 630 49 66 0.010778443
652 595 47 58 0.01077788
478 0 17 12 0.01077434
868 402 90 112 0.010762833
649 0 43 32 0.010757871
796 0 37 31 0.010757121
184 62 74 95 0.010744683
214 38 76 100 0.01073946
255 0 41 38 0.010736631
685 528 68 93 0.0107333455
925 418 17 18 0.010732758
377 464 83 108 0.010726956
0 339 8 14 0.010725955
109 46 52 68 0.010720457
157 185 8 10 0.010719651
768 0 69 49 0.010719583
600 214 89 104 0.010709796
614 130 56 67 0.010696693
910 0 58 56 0.010693646
983 98 41 60 0.01068483
529 693 114 75 0.010675847
488 629 70 85 0.010669064
159 177 13 12 0.010665273
607 261 85 102 0.010662889
159 130 23 30 0.010653939
291 616 52 68 0.010651155
346 30 87 109 0.010650092
110 17 30 31 0.0106481025
362 153 18 23 0.010639325
942 35 82 126 0.010632027
47 352 85 109 0.010630185
285 0 22 14 0.010623829
156 220 31 48 0.010622363
813 313 62 73 0.010621018
325 390 63 84 0.01061778
711 222 52 67 0.0106151635
207 417 76 110 0.0106117055
587 485 51 69 0.010606312
55 579 163 189 0.010604208
717 698 91 70 0.01059067
724 35 71 90 0.010589478
765 0 28 17 0.01058639
17 448 80 98 0.010585356
432 185 96 144 0.010582784
770 624 81 115 0.010581466
432 6 74 80 0.010580681
639 553 141 183 0.010577509
709 479 90 112 0.010571819
706 405 89 116 0.010570515
640 486 78 98 0.010566149
389 690 112 78 0.010562139
994 633 30 46 0.010561867
765 256 89 110 0.010560567
592 214 151 205 0.010556607
83 724 65 44 0.010554549
165 55 114 154 0.010539555
113 328 89 118 0.010533067
804 60 26 34 0.01052236
506 593 55 65 0.010517861
135 670 94 98 0.010512708
776 317 73 80 0.0105121415
210 252 32 35 0.01049758
778 501 83 110 0.010495527
969 514 55 91 0.010490697
484 341 66 96 0.0104847085
69 480 155 182 0.0104788495
328 301 150 189 0.010478013
336 713 66 55 0.010468
221 203 40 58 0.010466139
963 105 26 33 0.010465861
0 191 11 22 0.010464933
1017 656 7 22 0.01045965
267 90 33 42 0.01045638
693 82 80 95 0.0104559865
656 0 25 14 0.010455048
788 636 54 71 0.010451917
929 90 21 23 0.010451656
552 480 92 122 0.010444646
793 407 62 77 0.010440822
3 563 84 136 0.010436969
989 155 35 76 0.010435683
562 214 87 96 0.0104338145
0 515 12 24 0.010433559
542 567 85 112 0.010423158
806 610 92 111 0.010422938
0 328 24 35 0.010421776
474 29 84 104 0.010417263
806 701 84 67 0.010417141
430 101 21 24 0.010411455
373 129 49 59 0.010410382
340 592 53 68 0.010408386
23 328 86 110 0.010405291
220 98 30 41 0.010402584
668 416 50 61 0.010396303
1016 97 8 20 0.01039442
670 470 52 78 0.010382583
318 651 52 65 0.01038025
228 494 56 79 0.010377351
19 124 47 52 0.010377247
355 69 37 45 0.010372389
503 392 41 70 0.010370428
995 30 29 67 0.010365395
383 564 86 114 0.010365117
968 121 15 20 0.010362275
159 55 26 27 0.010353691
253 125 59 85 0.010353358
339 414 138 167 0.010350134
895 643 53 60 0.0103491675
331 668 141 100 0.010342926
472 249 48 62 0.010341296
962 513 33 41 0.010341127
558 308 90 101 0.010340825
934 536 68 88 0.010335834
397 267 27 33 0.010335467
327 650 22 31 0.010333977
316 0 32 21 0.010332653
351 574 164 194 0.010321789
482 198 131 185 0.010316715
123 237 76 94 0.010307311
573 0 54 50 0.010301687
807 243 20 22 0.010296401
860 232 76 110 0.010292058
351 408 68 88 0.010291111
336 178 13 15 0.010287596
449 465 49 76 0.01028357
351 439 80 104 0.010283138
454 8 13 19 0.010280802
159 280 81 112 0.010277923
765 8 34 43 0.010277424
506 239 46 74 0.010270792
344 212 54 68 0.010269899
974 0 19 15 0.010269258
235 557 69 92 0.010268149
212 136 69 99 0.010264183
519 549 84 108 0.010262318
871 0 11 9 0.010249972
722 593 54 69 0.010245601
978 235 25 31 0.010243257
256 0 18 15 0.01024083
235 0 17 17 0.010240588
457 553 75 100 0.01023832
544 491 52 64 0.010238049
42 506 87 108 0.010237031
760 701 89 67 0.010235996
919 162 105 196 0.010232748
805 537 86 113 0.0102316765
445 0 52 50 0.010229521
0 161 145 392 0.010228509
939 135 42 51 0.010227315
95 366 36 57 0.010216024
636 302 82 102 0.010215802
616 712 67 56 0.010213288
233 452 12 13 0.010213127
476 657 53 64 0.010211326
321 0 43 29 0.010210653
69 581 87 109 0.0102099525
673 670 77 88 0.010198361
367 113 30 39 0.010195868
319 100 48 63 0.010186994
0 468 21 42 0.010186872
865 722 62 46 0.0101823965
951 268 72 110 0.010178007
0 23 11 33 0.010166514
281 346 52 69 0.010159754
296 547 79 111 0.010156412
0 9 23 51 0.0101539595
106 0 22 16 0.010148868
889 66 67 89 0.01013398
29 8 21 30 0.010132448
563 585 88 116 0.0101290615
282 0 16 11 0.010128123
624 112 24 32 0.010120819
902 358 122 165 0.010119304
571 427 57 67 0.010112098
402 711 63 57 0.010098441
658 363 88 110 0.010098074
986 126 35 43 0.010086854
177 181 10 13 0.010085802
471 509 147 208 0.010083064
260 16 41 55 0.010075538
432 425 79 99 0.010071834
702 299 63 88 0.010060297
528 219 45 74 0.010058881
700 0 45 41 0.010058828
0 668 45 100 0.010058512
317 269 71 92 0.01005589
190 725 70 43 0.010054782
22 369 90 113 0.010051016
50 199 70 92 0.010050612
800 493 49 65 0.010045929
633 439 148 184 0.010044965
520 0 18 13 0.01004094
569 353 104 123 0.010037203
728 3 296 345 0.010035412
843 723 58 45 0.010031526
0 454 28 76 0.01003128
1009 622 15 36 0.010028908
310 201 241 258 0.0100232335
822 394 39 46 0.0100186225
398 137 40 53 0.010014492
465 727 59 41 0.010012938
1011 475 13 26 0.010007178
829 33 69 92 0.010005906
210 0 25 28 0.010004534