15_Stock_Market_Stock_Market_15_460
1126
212 38 58 81 0.8791808
449 138 52 68 0.8738935
335 119 56 73 0.8652742
774 69 62 76 0.85806394
577 112 55 73 0.8539362
147 126 58 74 0.84329724
156 95 65 91 0.045374263
182 35 66 95 0.039546423
530 109 68 88 0.03414784
349 104 66 84 0.031885173
294 113 72 88 0.031239333
568 132 62 84 0.029781185
765 91 66 86 0.029388998
415 119 63 87 0.029270707
0 0 35 48 0.028814591
987 647 37 36 0.028630596
979 0 45 51 0.028176796
930 0 94 93 0.027894946
454 170 43 46 0.027844409
0 0 130 180 0.027683428
0 0 69 92 0.026526257
125 117 90 108 0.026400147
762 12 73 97 0.026380563
229 22 68 90 0.026122248
201 0 76 65 0.025923766
826 0 198 180 0.025861504
348 149 45 50 0.02577734
769 0 122 90 0.025610367
224 68 50 56 0.025167791
469 116 74 86 0.024930423
164 157 42 51 0.024786012
522 233 7 9 0.024779703
175 119 63 81 0.024576763
729 67 76 92 0.024575837
952 629 72 54 0.024564661
241 111 74 90 0.024070172
782 0 65 50 0.024041843
746 0 99 72 0.023886306
0 0 22 31 0.023784356
212 0 53 33 0.023526592
226 0 63 44 0.023333607
329 69 62 99 0.023305243
201 106 72 91 0.022673054
122 137 59 66 0.022555362
743 0 65 51 0.022098083
807 0 55 41 0.021793157
93 114 84 93 0.021751415
169 0 61 44 0.021476826
823 0 65 50 0.021473488
442 97 66 96 0.021417806
441 172 70 93 0.021332873
0 633 36 50 0.021303156
324 115 45 60 0.021212842
767 0 55 41 0.021198584
900 316 14 13 0.021195633
325 0 64 52 0.021129517
282 143 79 95 0.021038966
337 106 43 57 0.021009991
268 0 63 48 0.020696033
363 138 55 68 0.020600662
701 0 67 52 0.020569323
252 0 52 35 0.020494983
662 0 68 54 0.020369401
593 126 65 80 0.020331081
537 0 122 95 0.02029399
1005 663 19 20 0.020256536
107 0 65 56 0.020231504
898 308 17 19 0.02016149
379 0 123 101 0.020106211
224 49 86 108 0.020035498
388 138 58 78 0.019858066
198 78 50 62 0.019837739
622 0 68 54 0.019833904
861 0 67 53 0.019729022
563 43 70 103 0.019679574
511 0 257 171 0.019582754
816 430 208 253 0.019569661
524 233 8 11 0.019568121
455 0 126 98 0.019523654
145 0 63 51 0.019493775
242 59 57 71 0.019455258
311 0 55 42 0.019395892
57 0 125 89 0.019317182
582 0 69 53 0.019311342
727 0 55 42 0.019237708
925 151 99 180 0.019230194
296 0 121 95 0.019184599
694 0 122 84 0.019165425
522 0 68 53 0.01916303
617 0 124 95 0.019136569
65 0 68 55 0.019103419
366 0 67 53 0.01910167
102 152 37 53 0.01907903
360 0 238 175 0.019062124
277 183 82 100 0.0189724
422 0 69 55 0.018955056
919 402 105 197 0.018912522
318 175 79 99 0.018895239
793 96 45 50 0.018857183
483 0 68 54 0.018827515
896 606 125 77 0.018765686
348 0 56 42 0.018721957
217 25 43 64 0.018682912
847 0 56 42 0.018677944
195 582 23 34 0.018670432
174 90 46 62 0.018652566
579 0 119 128 0.018620651
515 232 12 12 0.018613486
0 13 39 93 0.018495185
257 87 42 55 0.018453194
90 0 56 44 0.018446002
241 150 75 92 0.01842119
436 183 46 57 0.01839908
687 0 57 43 0.018397693
193 0 52 33 0.018390352
25 0 70 56 0.01838894
0 596 72 87 0.018321643
590 87 66 89 0.018317202
141 0 123 87 0.018292014
235 0 44 27 0.018272063
900 0 69 54 0.018244557
923 79 101 177 0.018216219
854 0 126 98 0.01818071
193 110 45 58 0.01816204
558 82 83 114 0.018136144
215 0 122 92 0.018128969
236 490 290 193 0.017992545
776 56 44 54 0.017954186
357 179 82 98 0.017925901
584 98 42 53 0.017885799
0 372 37 90 0.017860837
647 0 57 43 0.017839557
0 291 39 93 0.01782577
135 0 46 36 0.017767793
590 145 40 45 0.017750114
0 112 38 94 0.017747512
519 146 76 95 0.017736336
295 0 46 33 0.017629534
591 158 46 59 0.017574333
0 252 39 92 0.017476149
779 87 86 106 0.01743718
122 174 77 97 0.017407125
0 152 37 93 0.017393218
607 0 58 44 0.017363518
557 142 51 59 0.017301584
146 571 41 48 0.017297285
283 76 69 91 0.017248068
464 117 49 67 0.017241953
0 331 37 93 0.017208884
23 627 79 56 0.017197913
419 11 115 151 0.017194886
178 67 44 58 0.017188933
1005 0 19 28 0.017187912
0 73 38 94 0.017186832
568 0 57 43 0.01716266
885 0 57 43 0.017158803
72 119 116 145 0.01715727
454 621 28 34 0.017138
0 460 145 223 0.017112086
225 636 69 47 0.017079955
782 631 72 52 0.017057326
930 228 94 177 0.016946383
408 0 58 45 0.016905617
588 254 11 11 0.016897941
488 143 50 66 0.016887164
757 101 51 61 0.016848492
0 192 37 93 0.016832532
508 0 57 43 0.016832087
304 628 68 55 0.016822893
344 134 90 106 0.016743751
920 632 75 51 0.01674324
433 145 43 53 0.016667131
468 181 33 39 0.016660867
166 635 68 48 0.016617484
425 0 104 79 0.016601106
193 636 21 25 0.016562842
195 0 234 176 0.016553946
982 322 42 84 0.01651462
10 0 57 46 0.016489437
0 471 40 90 0.016487623
61 627 79 56 0.016426621
311 369 60 72 0.016389094
448 0 58 44 0.01634713
989 244 35 70 0.016343525
816 57 65 84 0.016341152
0 551 38 89 0.016307196
762 132 65 83 0.016294193
742 632 70 51 0.016195755
122 634 71 49 0.016182058
484 620 29 34 0.01618014
0 411 38 94 0.016151529
993 372 31 60 0.016112003
817 630 77 53 0.016095292
805 76 40 57 0.016075483
858 630 76 53 0.01606928
973 546 51 99 0.016067376
267 634 69 49 0.016040012
760 75 43 58 0.01603844
316 164 47 56 0.015947536
393 0 48 36 0.015943278
981 378 43 92 0.015937343
931 328 93 181 0.015926244
644 584 137 99 0.015873652
150 164 55 73 0.015868945
814 606 127 77 0.015823018
191 0 17 18 0.015822478
151 0 181 223 0.015813954
772 112 119 150 0.015807118
405 630 70 53 0.015797585
541 0 72 70 0.015766524
677 69 78 93 0.015766157
880 299 37 45 0.015736004
146 56 64 91 0.015735442
58 52 122 148 0.0157351
631 0 48 35 0.015704488
292 0 211 250 0.015698519
807 645 54 38 0.015697671
618 0 199 138 0.01568314
221 557 141 126 0.0156411
343 0 116 132 0.015614946
415 159 52 65 0.015609135
365 633 68 50 0.015600776
770 647 51 36 0.015555938
583 625 65 58 0.015555106
387 100 59 81 0.015553337
562 114 43 58 0.01554202
166 627 9 10 0.0155360885
39 0 237 186 0.015507583
0 503 59 107 0.015490952
269 0 101 74 0.0154709285
640 72 71 95 0.015435964
703 466 12 16 0.0154207945
552 0 48 34 0.01541741
224 89 64 83 0.015417117
386 0 69 71 0.01539084
50 600 133 83 0.015364366
269 121 59 74 0.015348949
0 484 25 63 0.015343944
925 0 59 44 0.015323221
0 565 23 62 0.015318064
491 485 278 198 0.015317409
565 173 62 80 0.015316288
598 1 77 86 0.015258164
578 558 130 125 0.015256479
154 650 48 33 0.0151948985
978 265 46 95 0.015168513
818 0 120 123 0.015140372
977 472 47 98 0.015125095
976 508 48 101 0.015111984
0 386 22 61 0.015094809
357 73 13 17 0.015088611
432 0 48 35 0.015075652
398 181 78 98 0.015072295
215 649 49 34 0.015069905
128 32 72 97 0.015069018
295 647 51 36 0.015065124
13 646 57 37 0.015064295
118 162 48 58 0.015053729
607 646 11 10 0.015003734
195 649 47 34 0.014990109
112 648 53 35 0.014981553
849 645 56 38 0.014975657
18 6 83 110 0.014972989
491 581 137 102 0.014968884
492 0 48 35 0.01495388
700 629 72 54 0.0149260955
0 34 73 172 0.0149204815
971 188 53 108 0.014916659
254 650 49 33 0.014864958
921 477 103 195 0.014860743
882 328 15 17 0.014838837
51 645 59 38 0.014765175
727 594 131 89 0.01476318
0 285 23 63 0.014744616
468 195 60 75 0.014730465
0 430 57 106 0.014718241
473 0 47 34 0.014713351
18 500 82 115 0.0146984095
979 428 45 106 0.014696129
0 26 24 65 0.01469549
910 0 47 34 0.01467624
434 646 51 37 0.01467368
396 131 40 55 0.014658073
969 26 55 113 0.01464819
910 646 55 37 0.014630157
432 121 84 111 0.014588562
503 626 70 57 0.014559155
210 384 62 77 0.014544705
993 310 31 61 0.014543354
220 82 116 150 0.0145378895
596 36 74 101 0.014484678
34 0 49 35 0.014474822
947 61 77 123 0.014467915
327 16 63 87 0.01446481
410 616 40 49 0.014421238
492 227 25 33 0.0143966125
1011 0 13 18 0.014391954
752 44 97 122 0.014381347
554 170 43 53 0.014352389
0 269 71 177 0.01434183
633 24 94 118 0.014340161
107 9 112 154 0.014327307
603 152 64 80 0.014306647
55 0 49 36 0.014300721
443 626 72 57 0.014297631
498 12 113 146 0.014274424
970 107 54 111 0.014259247
0 127 23 63 0.014243402
330 618 36 46 0.014224284
356 649 47 34 0.014223298
2 467 72 106 0.014209514
354 167 40 45 0.0142011065
0 167 23 62 0.01419796
0 326 23 62 0.014197486
0 604 22 61 0.014192968
662 626 74 57 0.014190533
886 645 57 38 0.014160481
130 556 12 12 0.014153696
394 647 50 36 0.014142719
377 168 42 53 0.014130849
239 45 40 60 0.014123874
986 607 38 69 0.014096272
113 0 90 96 0.014058983
249 125 40 45 0.0140239475
387 544 67 88 0.014001349
836 32 75 95 0.014000854
811 42 119 152 0.013997426
573 320 80 104 0.013966225
0 246 22 62 0.013964873
0 206 23 63 0.013962778
297 130 43 56 0.013954037
834 69 74 95 0.013946261
247 0 62 66 0.013938289
156 49 45 61 0.013917849
469 161 37 45 0.013900265
316 28 85 120 0.013891999
170 136 40 56 0.013886696
511 233 11 13 0.013886405
5 245 77 110 0.013865536
141 461 77 107 0.013855349
949 0 50 36 0.013833493
367 578 23 26 0.013830464
0 87 23 63 0.013822467
263 191 37 46 0.013821789
992 419 32 75 0.0138100935
331 647 49 36 0.013805212
4 543 73 105 0.013800238
6 123 73 110 0.013790374
474 187 43 54 0.013752949
467 23 95 115 0.013749843
133 577 138 106 0.013740905
83 182 81 100 0.013737256
396 169 40 52 0.013650546
200 147 73 91 0.013645809
90 162 39 53 0.013645718
180 0 33 26 0.013623818
0 425 22 63 0.013564596
5 381 74 112 0.0135233225
727 647 53 36 0.013508908
507 120 58 77 0.013483383
329 574 43 53 0.013470694
0 524 23 63 0.013469653
345 169 62 79 0.013426795
657 339 81 110 0.0133886
275 567 142 116 0.0133858165
257 111 43 53 0.013358978
843 1 69 84 0.013344547
282 31 68 96 0.01333422
20 61 79 116 0.013325759
459 120 113 135 0.013313845
371 580 134 103 0.0133104585
215 102 47 59 0.013262147
836 0 37 28 0.013252263
19 563 81 103 0.013244169
754 129 44 55 0.013236762
855 0 38 28 0.013202588
816 0 37 28 0.013194533
497 112 42 57 0.013173344
875 0 38 28 0.013158177
243 397 68 82 0.01314357
36 586 86 97 0.013140198
393 20 95 131 0.0131187085
531 148 50 61 0.0131086735
1019 0 5 14 0.013103846
766 0 37 28 0.013098863
359 108 41 59 0.01309683
527 234 7 9 0.013089523
260 6 114 153 0.013088603
454 208 44 52 0.01308809
365 12 72 94 0.013086843
895 0 37 28 0.013084336
689 0 215 178 0.013075859
493 210 42 50 0.013071751
786 0 37 28 0.013056027
585 587 59 79 0.013055447
451 55 117 146 0.013055412
440 21 75 103 0.013034144
0 586 5 10 0.013022507
893 22 82 115 0.013010873
227 377 43 56 0.012998243
520 232 13 15 0.012996339
321 345 64 78 0.012985971
888 311 39 46 0.012985024
985 21 39 78 0.012967261
674 33 79 94 0.01296355
462 552 66 86 0.012962064
987 183 37 76 0.012942344
979 76 45 92 0.012941466
527 645 50 38 0.012936879
940 570 75 96 0.012933943
343 3 63 75 0.012925336
389 51 63 94 0.012909027
298 336 113 141 0.012901237
658 381 76 104 0.012895882
577 282 122 156 0.012894459
1017 673 7 10 0.012882962
309 211 95 126 0.012876228
515 184 79 98 0.012868254
746 0 37 28 0.012847417
120 115 55 63 0.01284726
914 159 82 115 0.012834203
10 0 38 28 0.012822564
276 149 42 52 0.012800637
578 582 37 54 0.0128005585
587 0 38 28 0.012796481
302 583 27 33 0.012791697
538 313 121 160 0.012789757
422 152 106 144 0.012777919
295 391 65 80 0.012774021
203 408 45 54 0.012773635
615 168 42 53 0.012773041
317 359 46 53 0.012766059
716 0 38 28 0.012752156
919 470 75 99 0.012746319
374 658 43 25 0.012737518
0 208 58 104 0.012701268
578 153 42 48 0.012678263
538 0 37 28 0.012671725
162 0 35 27 0.012666768
108 134 39 56 0.012665538
606 163 37 41 0.01265938
404 379 66 81 0.012652667
593 636 32 27 0.012639709
436 470 77 102 0.0126309
189 562 37 51 0.012623191
458 0 38 28 0.012616465
811 117 126 158 0.012602976
657 0 37 28 0.012600575
677 0 37 29 0.012594645
434 207 45 53 0.012589295
596 125 41 52 0.012585542
623 14 66 86 0.012582419
658 427 71 98 0.012569099
387 178 58 74 0.012530094
696 0 38 28 0.01250952
518 0 37 28 0.012503902
265 357 120 152 0.012503227
657 40 119 152 0.012474088
418 0 38 28 0.012471446
629 657 34 26 0.012469582
607 0 38 29 0.012458937
0 0 14 19 0.0124580925
962 292 62 91 0.012447495
452 579 28 29 0.012438155
254 145 50 60 0.012435274
935 0 37 28 0.012430528
697 93 66 86 0.012427323
385 612 71 71 0.012423398
472 642 54 41 0.012419146
331 374 43 47 0.012415212
579 644 45 39 0.012410336
510 578 8 10 0.012392215
501 88 109 138 0.012392168
418 265 10 13 0.012387357
6 583 45 66 0.0123842945
816 78 208 323 0.01237386
10 268 125 181 0.01236901
459 20 210 232 0.012368401
456 565 48 60 0.01236667
303 374 44 54 0.012359017
778 155 72 89 0.0123540545
859 44 124 161 0.012347561
917 394 75 98 0.012341435
476 77 77 97 0.012336893
225 14 43 48 0.0123264855
195 147 42 57 0.012322631
405 80 69 100 0.012319355
575 155 118 146 0.012311261
623 631 71 52 0.012303277
858 119 127 165 0.012299624
690 645 55 38 0.012291369
638 541 76 100 0.01228996
423 547 73 92 0.012283735
536 288 31 32 0.012279833
142 419 70 93 0.012248588
898 127 76 109 0.012247252
106 176 30 41 0.012231716
696 283 124 167 0.012231268
337 47 42 56 0.012217191
880 2 67 79 0.0122148935
652 450 278 233 0.012204404
221 406 71 86 0.012187455
912 41 85 118 0.012184087
545 179 59 75 0.01218292
276 220 82 105 0.012170703
183 125 39 54 0.012170328
56 487 78 104 0.012155492
865 266 59 75 0.012138741
587 273 13 12 0.012122472
599 374 50 60 0.012113027
891 313 23 23 0.012109054
941 244 73 98 0.012105995
942 209 69 92 0.012100481
502 3 68 77 0.012096484
853 565 130 118 0.012080354
262 527 45 63 0.012072226
0 30 217 279 0.01206817
560 293 81 101 0.01206098
541 632 68 51 0.012058242
463 434 72 83 0.012057568
598 668 30 15 0.01205631
368 88 55 73 0.012052608
814 209 76 100 0.012051029
609 651 14 11 0.012045527
1004 361 20 58 0.012044324
610 644 12 11 0.012040345
637 109 71 94 0.012032967
938 656 50 27 0.01202957
55 546 82 103 0.012025441
361 518 238 165 0.012007046
742 207 48 59 0.012002826
266 383 63 78 0.011998318
489 577 29 36 0.011997301
363 417 69 81 0.011972129
493 478 132 168 0.011965295
834 232 73 94 0.011960937
15 565 48 63 0.011959351
764 472 135 171 0.01195581
852 366 137 199 0.011951465
472 173 94 114 0.011948463
269 62 56 78 0.011944185
610 645 49 38 0.011941336
456 114 40 54 0.011938605
534 130 44 56 0.011938335
191 413 69 84 0.011928136
0 663 19 20 0.011911098
183 551 62 82 0.011910942
0 354 108 191 0.011908972
412 184 51 64 0.011891369
681 2 67 78 0.01189053
269 90 107 136 0.011886377
878 393 69 95 0.011879284
821 155 68 88 0.011849813
711 92 96 120 0.011843339
810 236 128 170 0.011839368
486 164 33 46 0.011830818
619 315 127 169 0.011828055
260 411 70 86 0.011826212
878 47 74 105 0.011823224
221 163 116 146 0.01181311
277 110 42 55 0.01181051
130 567 67 85 0.011808293
671 618 44 54 0.011807671
801 1 67 74 0.011805623
801 133 67 84 0.011797524
645 599 71 84 0.011785143
749 145 53 67 0.011783397
380 495 75 100 0.011778892
652 347 133 181 0.011774353
653 644 53 39 0.011769651
142 548 40 60 0.011769399
612 471 134 178 0.011767689
567 562 62 84 0.011763815
602 639 10 11 0.011757345
716 344 77 111 0.011755876
107 453 74 96 0.011755077
26 370 68 93 0.011753192
687 468 146 184 0.0117528085
62 12 70 92 0.011743804
426 258 44 57 0.011741598
435 565 49 58 0.011741283
18 419 79 111 0.0117399935
305 553 69 88 0.01173682
854 264 44 51 0.011733853
461 591 73 92 0.011733051
37 574 48 64 0.011726966
229 86 34 36 0.011712557
538 533 74 94 0.01171085
602 534 73 94 0.011697257
655 128 118 149 0.01169021
328 157 12 16 0.011687245
331 152 46 51 0.011680688
521 235 7 11 0.011666193
691 404 44 58 0.011660315
336 522 133 159 0.011649281
899 198 72 103 0.011645986
895 404 76 106 0.01162106
543 657 41 26 0.011612378
258 170 41 51 0.011602993
96 658 51 25 0.011600029
484 418 67 69 0.01158029
325 318 46 59 0.011577226
520 14 68 87 0.011564457
940 523 74 99 0.011562325
82 75 82 96 0.01155279
179 356 127 165 0.011544399
614 326 80 103 0.011519005
267 19 62 85 0.01151896
446 420 68 73 0.01151407
918 220 74 100 0.011508178
761 544 67 88 0.011503221
587 180 54 66 0.01150312
742 159 66 85 0.011499115
162 507 74 98 0.011498967
137 97 53 70 0.01149387
145 536 68 88 0.011489161
389 92 100 134 0.011486182
135 67 47 59 0.01146967
455 529 43 56 0.011467582
320 0 36 28 0.011466706
895 468 44 58 0.011462323
790 148 47 55 0.011462154
222 362 65 84 0.011456761
304 311 47 58 0.011449192
118 665 39 18 0.01144477
81 0 37 29 0.011443766
837 189 74 97 0.011436649
339 377 69 83 0.0114247585
142 612 70 71 0.011422722
1022 0 2 9 0.011418245
481 431 52 43 0.011417826
80 472 74 97 0.0114166085
309 0 17 11 0.011414728
882 167 72 101 0.011413024
403 469 76 102 0.011398823
325 289 16 11 0.011391386
335 187 45 53 0.011391331
107 413 67 88 0.011385026
393 20 53 72 0.011382769
117 409 42 55 0.011381829
261 496 73 93 0.011371208
376 487 122 157 0.011364137
697 379 78 106 0.0113634635
923 548 67 88 0.011361472
576 354 127 170 0.011346032
856 188 130 175 0.011342587
0 670 12 13 0.011342497
322 396 57 68 0.0113424035
555 593 108 90 0.011338809
614 81 119 153 0.011332032
295 388 124 167 0.011327113
479 468 78 99 0.011325806
669 425 50 65 0.0113248
698 123 117 148 0.011320861
341 195 119 155 0.011319637
255 392 46 55 0.011318596
345 613 70 70 0.011316146
768 555 132 128 0.011315361
539 440 73 86 0.011313751
808 530 47 59 0.011311212
614 20 228 269 0.011308819
724 240 65 86 0.011302937
361 136 36 48 0.011301323
0 0 9 11 0.011286469
313 25 53 72 0.011285791
382 586 11 17 0.011271339
215 328 126 155 0.011270284
359 470 75 98 0.01126995
1000 470 24 58 0.011269392
135 185 48 56 0.011267937
858 207 71 97 0.011263949
452 328 46 59 0.011250225
485 215 63 80 0.011245374
244 618 72 65 0.011243765
14 118 122 164 0.011238655
454 56 45 62 0.0112346
49 582 57 69 0.011233762
877 325 40 51 0.011232576
368 609 33 43 0.011219955
889 278 41 51 0.011216726
40 473 270 210 0.011215711
881 109 72 104 0.011213654
583 198 67 85 0.011211095
732 88 46 59 0.011207593
296 5 26 34 0.011201586
353 72 44 62 0.011200713
49 318 131 176 0.011199261
652 402 51 66 0.011195289
145 468 47 66 0.0111884
285 538 71 91 0.011185312
676 448 75 98 0.011181944
45 2 70 81 0.011180678
20 321 80 114 0.011176996
813 247 78 98 0.011171216
517 511 76 100 0.011170239
780 100 36 44 0.011168236
798 175 73 92 0.011165656
592 298 76 96 0.0111587895
1001 270 23 57 0.011158198
569 21 55 69 0.011157939
469 42 55 70 0.011157288
736 447 74 98 0.011149334
599 231 68 91 0.011143234
908 614 49 60 0.011141984
540 322 81 101 0.0111419745
479 284 80 103 0.011124218
110 181 40 47 0.0111177135
346 577 44 52 0.011116586
440 122 40 55 0.011115685
157 106 42 49 0.0111100525
366 379 67 83 0.011108629
615 395 129 171 0.011103793
481 187 27 36 0.011102475
535 173 41 51 0.011100302
797 659 39 24 0.011098882
415 210 43 53 0.011095481
129 402 64 84 0.011095263
425 464 47 62 0.011092686
613 133 35 49 0.011090878
42 532 71 92 0.011084661
822 252 202 339 0.011083271
1002 388 22 57 0.011080721
772 196 125 168 0.011080592
505 545 72 95 0.011080575
649 429 137 180 0.0110777365
229 138 63 74 0.011076469
442 216 67 84 0.011075141
627 52 66 96 0.011073494
162 398 70 87 0.0110728005
679 368 70 92 0.011067576
416 268 79 102 0.011063923
271 0 36 26 0.011060812
341 551 69 88 0.011060675
338 67 100 132 0.0110563245
203 327 68 89 0.011053908
498 343 73 102 0.011048635
411 56 182 244 0.01104552
444 241 12 16 0.011039416
189 593 119 90 0.011039375
272 165 48 61 0.011033389
64 135 64 85 0.011028736
498 281 124 161 0.011020293
769 161 34 40 0.011020254
212 388 132 178 0.011016298
455 655 44 28 0.01100607
186 614 68 69 0.010987479
395 577 45 57 0.010986605
881 314 59 73 0.010983587
731 314 130 178 0.0109833
215 420 48 58 0.010960365
798 53 43 53 0.010959148
408 384 46 52 0.010957375
281 472 75 94 0.010956813
647 301 42 65 0.010954924
311 397 43 54 0.010951709
296 171 42 52 0.010950223
18 208 77 108 0.010948967
616 0 20 14 0.010941827
894 275 126 181 0.010935836
1 539 35 56 0.010934257
365 394 10 20 0.010933127
10 298 59 79 0.010932539
1 236 39 64 0.010931296
130 510 70 94 0.010917762
812 127 44 55 0.0109176785
134 23 51 71 0.010912655
653 446 49 63 0.010912577
496 169 40 53 0.010909208
490 42 55 71 0.010898653
484 378 70 87 0.010897397
367 568 71 91 0.010891615
329 669 10 10 0.0108871665
277 655 41 28 0.010882632
339 0 37 29 0.010879903
103 554 72 90 0.010877414
201 290 74 95 0.010874067
169 494 146 169 0.010872049
642 310 76 102 0.010870195
502 48 67 99 0.010864833
478 227 42 52 0.010864357
404 217 65 85 0.010861498
582 257 70 95 0.0108602485
880 365 64 87 0.010855558
130 399 136 180 0.0108548
250 154 36 35 0.010849345
808 501 135 171 0.01084869
462 196 117 150 0.010847923
335 355 125 162 0.010844335
442 310 47 63 0.010844041
393 666 29 17 0.010842196
176 185 43 55 0.010839923
959 657 53 26 0.010831847
881 230 66 91 0.010830678
10 101 57 77 0.010827736
625 0 21 14 0.010826468
381 0 35 28 0.010823807
76 507 75 102 0.01081799
340 437 123 166 0.010814586
303 2 45 55 0.010811164
807 318 133 187 0.010810717
323 147 18 25 0.010808578
541 241 117 154 0.010806162
153 0 30 23 0.010805083
30 502 57 71 0.010804733
90 156 62 77 0.010804247
189 395 37 47 0.010794821
863 17 65 87 0.010792801
479 217 31 43 0.010790267
802 464 43 58 0.01078198
798 600 73 83 0.0107789785
900 580 68 84 0.010778926
7 175 45 66 0.010777114
272 567 63 83 0.010775817
0 413 19 47 0.010773675
193 45 37 57 0.010771952
487 180 57 75 0.010770269
563 419 67 83 0.010767056
55 237 120 165 0.010766507
628 635 12 13 0.010764453
91 362 132 174 0.0107612545
209 15 41 45 0.010760625
768 279 129 176 0.010756032
0 273 20 49 0.010747724
250 447 131 178 0.010746885
308 225 59 70 0.010745714
223 0 29 21 0.010731063
421 435 74 92 0.010724948
20 165 76 107 0.01071963
428 19 58 75 0.010719116
458 187 39 46 0.010717675
840 274 70 85 0.010713739
571 0 20 14 0.010712466
205 39 36 55 0.010711893
319 590 67 87 0.010711307
677 312 76 105 0.010710033
211 375 45 54 0.01070676
619 514 77 97 0.010706279
7 66 45 66 0.010704806
444 666 28 17 0.010701813
486 271 43 58 0.010697867
733 242 126 170 0.010696456
76 567 80 99 0.010691542
605 0 21 14 0.010689236
622 94 64 85 0.010680462
163 268 74 95 0.010677779
286 590 69 88 0.010672365
512 149 46 62 0.010672152
343 309 49 62 0.010669025
79 351 70 91 0.01066474
7 145 45 66 0.0106625445
262 450 73 92 0.010661954
379 271 78 99 0.01066176
718 426 73 100 0.010661351
861 153 71 96 0.010660687
768 346 138 195 0.010660683
481 531 73 93 0.010654982
523 545 45 64 0.010641059
625 435 69 90 0.010639866
668 394 50 60 0.010637454
619 571 71 91 0.010633387
635 0 21 14 0.01063295
263 290 70 90 0.010632934
26 535 47 62 0.010631464
438 287 76 100 0.01062909
106 48 68 93 0.010613732
226 572 65 84 0.010611147
185 152 36 49 0.010608656
362 665 34 18 0.01060828
941 318 65 84 0.010607319
192 567 27 32 0.010605112
535 192 42 52 0.010599919
558 511 75 96 0.010598156
341 494 75 96 0.010597334
163 472 48 64 0.0105924485
145 506 45 61 0.010583971
434 56 44 61 0.010582249
882 555 42 53 0.010582184
371 158 25 34 0.010579098
901 313 12 11 0.010575398
140 658 41 25 0.010575241
762 218 46 59 0.010572741
1003 334 21 52 0.010557219
602 636 17 19 0.010552205
380 447 75 96 0.010551479
504 272 73 95 0.010547467
742 564 71 94 0.010545036
292 341 64 80 0.010543495
40 450 78 104 0.010541511
796 331 76 104 0.010536739
526 0 21 14 0.0105347335
588 355 51 63 0.010530905
614 187 45 55 0.010527635
485 66 44 63 0.010527299
485 588 35 54 0.010526624
452 625 38 50 0.010521538
581 439 66 84 0.010520566
536 400 124 163 0.010519269
661 552 43 61 0.010515186
306 61 63 90 0.010512985
37 382 80 107 0.0105097275
8 352 66 93 0.010505098
174 470 78 99 0.010504043
581 0 20 14 0.010502036
263 0 30 21 0.010499909
25 595 47 60 0.010498778
717 468 73 98 0.010495093
403 307 46 64 0.010494622
96 195 40 50 0.010493325
769 168 48 59 0.010490618
558 225 80 102 0.010489086
600 360 72 94 0.010488238
0 374 5 10 0.010482294
25 155 46 66 0.010482247
343 449 74 93 0.010482057
517 653 43 30 0.010479203
56 43 78 107 0.0104763545
683 174 64 87 0.010475483
723 120 63 81 0.010473603
82 430 72 96 0.010468851
645 0 21 14 0.010465031
242 190 48 51 0.010463625
758 177 72 91 0.010463423
459 257 76 97 0.01046264
281 273 71 91 0.010455976
658 247 119 159 0.010455548
498 436 74 87 0.010454945
7 205 45 65 0.010450862
304 175 64 81 0.010442886
870 466 44 59 0.010442424
458 431 44 46 0.01043933
46 393 140 187 0.010438791
25 256 91 124 0.010438772
778 208 77 98 0.010437419
300 253 72 89 0.010431198
0 234 19 49 0.010428034
517 467 79 94 0.010425012
418 357 67 86 0.010424238
658 569 74 97 0.010424198
756 345 78 110 0.010422723
658 466 73 95 0.010422623
740 213 70 92 0.010419927
420 503 77 101 0.010418139
276 189 41 52 0.010417878
310 660 40 23 0.010417868
661 654 7 12 0.010414972
93 147 34 47 0.010410648
243 216 68 88 0.0104104495
245 456 50 56 0.010409139
561 0 20 14 0.0104085775
925 583 60 72 0.010408125
146 382 63 83 0.010407774
360 287 75 96 0.010407603
174 295 44 61 0.010406799
944 378 68 91 0.010406366
27 490 44 62 0.0104032615
0 97 109 275 0.010402953
532 283 40 58 0.010396954
682 413 63 81 0.010396142
0 194 19 50 0.010395969
89 260 61 84 0.010392637
939 175 46 66 0.0103908125
478 567 74 95 0.010390424
516 0 21 14 0.0103891175
302 512 75 99 0.010386342
444 519 43 56 0.010386059
937 427 77 113 0.010385596
595 0 21 14 0.010384958
667 21 57 75 0.010384728
191 357 65 84 0.010378565
403 329 69 92 0.010368915
25 125 46 66 0.010368893
529 619 42 50 0.010366313
83 394 69 87 0.010364815
812 287 78 99 0.010364761
656 298 29 32 0.010358527
721 272 68 96 0.01035737
377 145 34 47 0.0103572775
735 159 121 162 0.010351322
958 152 66 99 0.010340566
890 86 46 66 0.01034029
899 451 73 102 0.010338933
918 0 31 23 0.010332284
25 85 47 67 0.010330124
576 433 126 166 0.0103239175
684 612 37 46 0.010320721
822 93 23 34 0.01032007
108 515 136 162 0.010316391
355 211 42 53 0.010313018
46 65 46 66 0.010313008
413 326 46 58 0.010312865
735 379 77 108 0.010310788
898 401 45 59 0.010310564
78 24 77 106 0.010310513
54 0 31 23 0.010309127
102 486 75 98 0.010307155
445 259 45 56 0.010306481
418 658 40 25 0.010304628
536 0 21 14 0.010304105
25 56 47 66 0.010300228
940 146 45 65 0.010298523
251 553 66 85 0.010297624
778 566 70 91 0.010296487
200 492 71 89 0.010295092
63 565 49 65 0.010293603
828 144 53 66 0.010291779
90 74 142 176 0.01028983
674 525 80 101 0.010286692
672 542 44 58 0.010284025
314 144 33 41 0.010283158
881 606 64 74 0.010282102
687 382 142 197 0.010280147
174 175 27 34 0.010277599
200 449 73 94 0.010277111
975 0 38 29 0.0102658905
625 382 70 95 0.010264838
59 406 75 99 0.010263468
243 427 71 91 0.010260713
515 299 80 107 0.0102563845
940 115 46 66 0.010255511
622 297 71 93 0.0102533065
46 35 46 67 0.01025277
700 0 20 14 0.010250346
16 35 46 67 0.010248339
407 30 63 88 0.010247474
279 216 23 29 0.01024706
690 0 20 14 0.010242345
290 5 41 65 0.010241306
900 66 46 66 0.010240579
402 571 62 78 0.010239638
97 172 25 34 0.01023566
349 40 53 74 0.010232528
457 510 74 97 0.01022262
950 226 45 62 0.010219143
116 189 45 54 0.010217924
235 211 45 55 0.010217203
0 511 20 49 0.0102167325
231 129 46 48 0.010214111
443 466 49 61 0.010210779
782 530 69 84 0.010202736
843 138 66 85 0.01019318
593 36 45 61 0.010191917
35 106 46 66 0.0101912655
462 309 47 64 0.010189006
778 444 74 100 0.010183238
617 588 35 48 0.010182395
205 557 65 82 0.010172491
177 515 46 61 0.010170392
824 94 32 47 0.010167754
506 0 21 14 0.010167561
558 453 73 89 0.010159702
290 185 52 63 0.0101588275
237 93 35 39 0.010158426
34 0 31 23 0.010156703
140 442 45 64 0.010155907
821 97 61 80 0.010155322
244 473 72 93 0.010154163
113 211 95 125 0.0101534175
810 667 29 16 0.010146837
139 315 127 165 0.010141968
723 207 45 59 0.01014173
401 0 31 23 0.010140231
570 0 32 23 0.010138624
221 232 74 96 0.010133066
858 475 43 59 0.010131587
859 579 70 84 0.010131388
713 595 77 88 0.01012872
131 0 24 27 0.010127188
906 181 55 73 0.010125549
457 313 127 167 0.0101230545
689 618 45 53 0.010122564
234 32 38 52 0.010120472
939 132 72 98 0.010119115
199 247 78 103 0.0101189725
656 614 43 51 0.010116412
255 141 37 39 0.010111789
717 653 43 30 0.01011011
710 0 20 14 0.010108897
40 110 76 102 0.010103861
600 453 68 88 0.0100956885
237 168 43 53 0.010094657
890 46 46 66 0.010092159
758 425 75 100 0.010089585
396 92 44 59 0.010089043
910 86 46 66 0.010088901
426 600 66 79 0.010088069
75 172 42 53 0.010086532
0 655 5 11 0.010085978
417 396 124 167 0.010084427
378 275 120 160 0.010082787
900 254 65 83 0.010079758
704 218 65 87 0.010070632
919 607 45 48 0.010070509
750 191 48 59 0.010070367
481 0 21 14 0.010066226
655 0 21 14 0.010060591
146 284 69 90 0.0100580575
546 0 21 14 0.0100579
441 0 31 23 0.010055445
99 0 37 30 0.010054544
756 466 75 100 0.010049542
635 148 76 95 0.010046478
496 0 21 14 0.010046168
683 115 64 85 0.010043725
459 302 76 100 0.010043604
670 0 21 14 0.0100422455
155 493 46 62 0.010039912
766 659 39 24 0.010036495
955 293 39 49 0.010035925
496 354 126 167 0.010033172
548 20 55 71 0.010032343
653 77 45 64 0.010032228
1000 528 24 59 0.010032014
680 0 21 14 0.010031777
949 195 46 65 0.010030158
940 65 46 66 0.010028493
142 238 118 156 0.010028337
333 230 46 55 0.010027899
661 277 71 97 0.010025047
1010 293 14 41 0.010023317
185 306 44 59 0.010022118
7 404 42 62 0.010019796
261 285 120 153 0.010018541
241 271 74 96 0.010009612
347 95 39 49 0.010006432
491 0 31 23 0.010005364
132 406 27 39 0.010004383