40_Gymnastics_Gymnastics_40_659
1562
615 324 41 57 0.8794907
455 350 40 48 0.8774762
413 478 45 60 0.8705427
676 180 34 49 0.8705417
566 162 33 46 0.8675084
354 314 37 50 0.8674119
756 292 37 51 0.86309785
285 192 33 43 0.8543557
484 216 34 45 0.85304385
412 186 33 44 0.838289
233 314 34 44 0.83679825
802 329 20 38 0.041550186
549 157 40 51 0.035798375
292 424 17 16 0.03574439
947 344 77 246 0.03528862
297 189 36 47 0.034717333
452 216 41 52 0.033298053
212 309 43 52 0.030220414
449 323 43 59 0.029658742
283 207 36 49 0.028492535
434 350 45 54 0.028465647
514 198 42 52 0.02827585
589 328 48 57 0.027912555
386 477 54 68 0.027431434
671 205 42 56 0.02740068
220 176 18 25 0.027218396
688 184 37 50 0.026997909
759 315 42 56 0.02679724
561 185 40 53 0.026774425
968 0 56 56 0.026612578
0 0 37 51 0.026256679
484 225 45 57 0.025689946
342 344 14 18 0.025593735
569 176 37 46 0.024946038
357 339 42 56 0.024866281
390 178 41 51 0.024549792
404 208 40 54 0.023837285
862 563 162 205 0.023363516
616 353 40 50 0.023250507
500 220 37 46 0.023119865
240 294 38 55 0.02299807
291 213 26 26 0.022916568
982 732 42 36 0.022770446
1001 748 23 20 0.022696542
657 187 43 55 0.02263593
739 322 44 55 0.022612372
489 182 42 58 0.022574553
794 510 19 25 0.022532925
287 394 32 39 0.022349462
415 507 41 50 0.022286719
997 0 27 30 0.022253705
0 0 24 33 0.022218285
814 337 11 21 0.022059325
568 184 27 27 0.021971209
239 321 40 51 0.021899588
419 192 38 47 0.021446735
403 352 42 53 0.021445964
474 182 39 55 0.021440865
576 159 35 44 0.021433314
462 362 45 53 0.021099603
822 0 202 226 0.021048004
268 195 37 47 0.020977173
500 0 75 56 0.020853713
388 0 75 56 0.020820836
638 303 53 72 0.020803576
602 365 46 59 0.020705732
287 160 40 60 0.020512974
543 0 77 59 0.020472638
789 0 77 59 0.02044111
230 0 77 58 0.020391457
834 0 77 60 0.020384783
464 317 42 58 0.020375138
425 214 42 53 0.02036808
449 198 39 51 0.020309592
321 0 74 56 0.02026909
0 0 162 204 0.020265473
745 0 76 57 0.020247826
678 0 75 55 0.020199206
435 460 53 71 0.020062365
276 0 76 58 0.019994672
225 268 42 60 0.019975413
251 194 42 53 0.019959558
608 296 44 68 0.01991679
336 345 45 55 0.019913781
352 333 31 34 0.019897869
561 166 25 34 0.01986154
624 219 44 55 0.019844223
633 0 75 56 0.019809272
433 0 73 54 0.0196693
878 0 78 60 0.01954578
793 321 26 34 0.01949771
0 0 15 21 0.019274823
1005 526 19 41 0.019270979
227 333 38 48 0.019189639
336 323 34 44 0.019085761
808 519 11 16 0.019044984
588 0 76 56 0.019008892
968 490 56 97 0.01898385
296 391 32 31 0.0189231
417 205 24 28 0.018903473
746 591 34 46 0.018890865
0 714 37 54 0.018850015
187 0 75 57 0.018833935
536 194 44 54 0.018758373
941 708 83 60 0.018653154
468 287 42 55 0.018626405
415 453 40 64 0.018592821
447 391 45 56 0.01853832
470 259 44 56 0.018457474
503 184 63 80 0.018409958
923 0 78 61 0.018391773
679 206 27 28 0.018391285
241 336 25 26 0.018277647
527 0 64 46 0.018203543
484 0 61 44 0.018191356
477 222 25 32 0.018125486
802 515 14 20 0.018003652
741 718 30 35 0.017957073
372 0 61 45 0.017944114
544 459 30 31 0.017826665
721 285 44 55 0.017785117
415 166 33 52 0.017758012
923 426 101 231 0.017745448
416 0 62 44 0.017737927
774 285 44 54 0.017736528
352 309 29 39 0.017723547
479 354 37 47 0.017705102
317 306 45 57 0.017682493
406 482 25 36 0.017664108
0 745 21 23 0.017636877
588 182 25 32 0.017632622
10 0 70 58 0.017608263
910 0 114 110 0.017538618
370 306 46 56 0.01746921
605 215 43 54 0.017455287
571 144 33 50 0.017403528
259 0 64 46 0.017385436
214 0 64 47 0.017373098
556 142 53 76 0.017317023
965 379 59 109 0.017312072
259 0 40 31 0.017293034
973 630 51 90 0.01729082
401 0 277 216 0.017268313
448 175 38 53 0.01725467
304 0 63 46 0.017212193
516 173 43 55 0.017206918
706 0 63 44 0.017180739
491 331 42 54 0.0171773
662 0 62 44 0.017168941
737 297 37 49 0.017164318
475 235 37 47 0.017119972
773 0 63 47 0.017114487
571 0 63 46 0.017095866
0 383 14 30 0.01707954
424 395 45 58 0.017064676
461 0 38 29 0.017063767
205 291 43 54 0.016992964
874 0 39 31 0.016992955
0 753 13 15 0.016990514
281 0 40 31 0.01697978
438 0 40 30 0.016966619
692 214 43 54 0.016958794
625 196 44 53 0.016855331
539 0 39 30 0.016840154
449 349 22 34 0.016831024
416 0 39 30 0.016807437
817 0 65 48 0.016801383
618 0 62 45 0.016797923
505 0 39 30 0.016773103
237 0 39 31 0.016745271
918 0 40 31 0.016735783
896 0 39 30 0.016715644
0 584 114 184 0.016701916
0 0 10 13 0.016679531
648 362 24 31 0.016678564
851 0 40 31 0.016678272
611 333 22 36 0.016676387
628 0 39 30 0.016627252
304 0 40 30 0.016604949
862 0 64 48 0.016585093
483 0 39 29 0.016547836
278 227 25 31 0.016544398
974 736 9 11 0.016542843
829 0 39 30 0.016535567
401 520 48 60 0.016531974
311 176 43 52 0.016494589
144 0 72 55 0.016493281
646 215 46 56 0.016470563
677 175 57 74 0.01643601
581 193 42 52 0.016422011
580 174 25 31 0.016421981
393 0 40 30 0.016390735
659 366 22 27 0.016380958
484 251 37 45 0.01632498
778 303 45 55 0.016324315
0 309 20 50 0.016302882
807 0 39 31 0.01629051
402 373 44 56 0.016289197
614 321 27 39 0.016286114
0 86 39 99 0.016277658
372 0 39 30 0.01627603
969 436 55 117 0.016263176
651 0 38 29 0.016261278
1012 0 12 15 0.016225262
245 239 44 58 0.016215617
204 0 294 217 0.016214408
349 0 39 31 0.016213313
380 216 44 57 0.016193992
784 0 40 30 0.016186975
460 382 39 46 0.016160931
382 351 44 53 0.016153656
326 0 40 30 0.016094014
671 129 42 63 0.016039688
172 0 61 45 0.01600949
561 0 39 30 0.01600409
447 286 42 57 0.015989305
95 0 74 63 0.015977912
673 0 39 29 0.015965095
964 528 60 98 0.015963012
907 0 64 48 0.01594254
940 0 40 31 0.01592421
355 267 43 63 0.015916537
631 341 41 48 0.015897708
675 173 28 34 0.01589268
362 489 44 54 0.015857164
376 325 47 55 0.015853884
583 0 39 30 0.015845068
347 205 63 87 0.015833661
219 175 29 36 0.015818544
983 430 41 77 0.015781099
0 356 20 49 0.015749037
717 0 39 29 0.015645837
962 17 62 113 0.01564192
965 583 59 97 0.015641596
0 466 37 96 0.015631787
0 39 38 101 0.015599648
403 331 42 53 0.0155706825
715 743 48 25 0.01554889
761 0 40 30 0.015548309
841 658 29 32 0.015538609
0 489 20 50 0.015502582
0 131 22 51 0.01549987
411 410 27 33 0.015495339
767 314 29 32 0.015476971
0 8 21 49 0.015475215
0 130 41 98 0.015473877
606 0 39 29 0.015473503
288 408 22 32 0.0154422745
345 338 24 26 0.015438332
163 681 30 24 0.015428234
993 500 31 61 0.01542432
643 233 53 67 0.015374481
414 35 234 340 0.01533788
0 444 20 49 0.015313159
468 344 29 40 0.015295709
404 188 23 33 0.015288405
71 0 37 31 0.015287793
624 309 37 55 0.015281361
654 342 13 16 0.015275613
809 328 17 28 0.015262565
448 262 43 57 0.015258828
698 709 70 59 0.015257703
1 659 40 56 0.015253204
274 0 21 16 0.01523128
0 288 20 51 0.015217296
681 166 34 52 0.015206908
965 174 59 103 0.015198706
576 0 298 213 0.015196617
716 330 44 54 0.01519498
0 332 20 51 0.015179176
344 0 76 74 0.015171308
963 0 40 32 0.015170591
577 194 17 18 0.015158816
339 299 59 74 0.015157637
894 740 45 28 0.015141691
733 0 53 36 0.0150989285
783 327 42 53 0.015086872
995 659 29 52 0.015076509
661 689 121 79 0.015056284
0 53 22 51 0.015047348
861 736 46 32 0.015032572
726 335 66 80 0.015031926
603 346 31 38 0.015028178
0 377 20 49 0.01500361
453 366 36 44 0.015003041
582 371 45 56 0.014985189
469 204 38 48 0.014982167
0 287 37 97 0.014975491
0 172 41 100 0.0149475625
0 397 11 22 0.014945441
972 673 52 89 0.014932699
695 0 40 30 0.014932624
0 374 12 25 0.014912595
192 0 38 31 0.014894569
7 701 92 67 0.014875072
0 420 37 96 0.014856749
0 243 37 96 0.014849529
53 0 77 60 0.014844851
223 239 44 60 0.014843228
378 499 49 60 0.014838348
408 177 27 37 0.0148209315
810 341 14 26 0.0147935515
0 703 21 48 0.014789476
763 279 31 46 0.014764243
245 306 26 36 0.014758363
263 0 21 15 0.014749187
0 511 21 50 0.014737617
402 395 44 58 0.014729205
536 217 44 54 0.014726976
283 200 24 30 0.014699272
285 0 21 15 0.0146939065
658 226 65 86 0.01469084
942 742 40 26 0.014686427
368 310 28 36 0.01466375
304 208 35 45 0.014657197
360 527 41 54 0.014656499
0 0 61 93 0.014612003
542 0 20 15 0.014604582
691 743 50 25 0.014560702
373 361 65 83 0.014532847
0 343 5 14 0.0145275565
0 109 21 52 0.014517669
281 380 52 67 0.014491561
621 0 32 24 0.014482154
0 29 22 53 0.014466964
455 0 74 70 0.014461193
489 243 25 25 0.014460681
792 741 45 27 0.014456177
621 233 51 68 0.014454616
425 369 48 58 0.014448698
490 257 44 54 0.014426995
453 0 32 24 0.014418943
475 0 32 24 0.014417892
903 220 121 376 0.014394231
642 0 33 24 0.014390599
995 538 29 59 0.014375035
652 155 47 65 0.014366147
0 510 38 97 0.014364919
962 77 62 116 0.014363665
746 586 25 34 0.0143621145
355 496 58 76 0.014360369
745 494 59 82 0.014352507
770 740 48 28 0.014338577
916 742 42 26 0.014334618
296 0 21 15 0.014332566
335 342 22 27 0.014331055
244 267 41 57 0.014295236
665 0 32 23 0.014283915
92 0 39 30 0.0142694395
276 194 21 31 0.014267263
268 236 45 56 0.014264522
712 354 45 52 0.014264071
851 0 87 103 0.014257759
866 0 33 25 0.014257568
0 604 22 48 0.014249992
735 746 41 22 0.01423548
531 0 33 24 0.0142135965
961 125 63 115 0.014206958
827 0 20 15 0.014206937
113 738 44 30 0.014188292
756 317 30 37 0.014185987
668 540 35 41 0.014184053
347 743 43 25 0.0141642
0 354 37 97 0.014144065
252 0 20 16 0.0141234975
1010 561 14 33 0.014122126
346 356 66 85 0.014120952
0 6 14 34 0.014118393
296 0 33 25 0.0141007295
353 457 65 79 0.014099353
0 466 19 50 0.014095243
910 0 33 24 0.014091616
215 0 39 30 0.014073036
56 745 41 23 0.014068172
408 0 33 24 0.01405966
654 0 21 15 0.0140459305
843 0 33 24 0.01404021
308 0 20 15 0.0140087055
497 0 33 24 0.01400207
821 0 33 25 0.013989598
325 742 45 26 0.0139874
807 0 86 101 0.013978624
124 0 62 46 0.013953431
966 242 58 101 0.013949998
310 206 24 31 0.013948813
459 273 60 87 0.013941971
0 266 20 49 0.013941177
493 206 26 34 0.01393329
214 741 42 27 0.013924074
329 366 54 66 0.013919049
121 572 71 83 0.0139165195
348 322 23 32 0.013882197
34 0 62 47 0.01385863
381 240 43 55 0.013857804
554 0 20 15 0.013842697
0 677 21 53 0.013839698
0 399 20 50 0.013839142
212 224 64 92 0.013826855
0 497 256 271 0.013812895
682 225 65 84 0.013810322
201 348 46 57 0.01381017
278 450 14 15 0.013808557
981 229 43 70 0.01380579
419 414 50 73 0.013797307
0 656 23 50 0.013793218
855 0 20 15 0.013787429
158 740 44 28 0.013787147
109 597 67 85 0.0137856975
81 743 42 25 0.013784795
827 737 45 31 0.01377322
699 21 81 106 0.013770371
228 42 244 326 0.013759096
26 0 38 32 0.013748851
410 78 73 106 0.01374439
799 0 32 24 0.013739593
0 421 20 51 0.01373395
401 461 70 96 0.013733807
816 0 20 15 0.013723541
576 0 20 15 0.01371819
0 186 21 52 0.013714354
0 152 21 53 0.01370216
771 0 21 15 0.013701851
62 0 126 109 0.0136954775
5 742 38 26 0.013687063
173 0 37 30 0.013684603
1016 372 8 25 0.013677851
906 720 66 48 0.013670185
468 154 42 57 0.013649436
685 80 69 101 0.013637366
486 146 54 72 0.013621535
288 360 44 53 0.013613695
458 0 21 15 0.013610831
794 0 20 15 0.013604306
456 218 24 31 0.013592551
805 0 20 15 0.013588067
229 0 33 25 0.01357639
522 0 82 97 0.013576253
0 533 21 50 0.0135743
319 0 21 15 0.013567574
296 222 30 37 0.013564293
517 153 42 53 0.013563886
984 545 25 31 0.013556848
587 153 26 34 0.013548999
515 13 126 177 0.013533808
0 74 21 54 0.013531809
0 583 38 91 0.013527866
244 327 25 28 0.013517326
776 0 33 24 0.0135119865
0 567 20 50 0.013506471
580 196 21 24 0.0134965265
363 0 33 25 0.013488601
838 0 20 15 0.01348693
503 0 249 297 0.013475662
345 349 25 31 0.013474814
0 60 13 35 0.013471931
729 578 61 80 0.013462438
0 451 12 34 0.013451019
436 0 21 15 0.0134499725
432 486 65 81 0.013444342
312 0 259 302 0.013426225
38 746 39 22 0.013420507
565 0 20 15 0.013416342
597 0 33 24 0.013409046
749 287 33 44 0.013398417
9 56 78 115 0.01339738
291 742 43 26 0.013392473
1010 546 14 35 0.013389603
549 445 39 38 0.013382616
962 741 44 27 0.013365219
11 10 76 111 0.013363798
665 0 21 15 0.013362257
149 0 36 29 0.013353617
0 231 22 50 0.013346016
330 0 21 16 0.013341318
707 316 64 82 0.013339986
531 0 20 15 0.013339451
278 178 34 47 0.01333513
485 344 51 65 0.013333382
0 25 13 36 0.013332963
364 344 28 34 0.013332143
549 742 43 26 0.013320171
393 742 43 26 0.013318304
486 0 21 16 0.013314046
783 0 20 15 0.01331293
0 209 22 52 0.013304071
305 187 54 65 0.013293449
493 533 29 38 0.013290198
1003 359 21 41 0.013283343
358 197 44 54 0.013279228
581 741 45 27 0.013275815
347 0 20 16 0.013265055
425 201 22 28 0.013262361
595 0 147 105 0.013245668
1009 574 15 31 0.013241093
719 0 83 100 0.013230023
955 0 33 25 0.01322909
29 143 80 110 0.013228794
242 210 54 69 0.01322722
764 0 84 99 0.013213344
513 231 12 18 0.013209098
693 238 44 55 0.013202426
0 720 13 33 0.01318685
274 173 56 77 0.013181812
520 0 20 16 0.013170788
0 317 12 35 0.013161601
743 0 32 24 0.01315959
236 742 43 26 0.013157692
280 219 23 26 0.013143092
772 313 65 82 0.013135922
414 0 20 16 0.013135678
0 9 246 332 0.0131331235
960 597 19 26 0.013124782
369 743 44 25 0.0131236315
0 360 14 30 0.013099545
594 185 62 80 0.013099243
866 0 20 15 0.013098509
688 0 20 15 0.013092641
145 45 228 307 0.013091612
999 563 25 44 0.0130893905
410 503 65 86 0.013087436
111 314 45 66 0.013079606
469 0 21 15 0.013064749
447 0 21 15 0.013056643
707 751 40 17 0.01305173
425 0 20 15 0.013039221
281 715 73 53 0.013037818
265 212 31 39 0.01303017
308 349 53 64 0.013021935
566 54 76 107 0.013013762
0 0 6 9 0.013012941
53 718 68 50 0.0130127445
858 635 64 80 0.013006771
482 742 41 26 0.013006628
0 496 12 34 0.01299664
992 299 32 59 0.012996193
308 377 45 53 0.012993112
11 671 138 97 0.012986362
134 740 47 28 0.012979462
301 103 72 101 0.012976815
627 174 43 55 0.012976137
636 707 77 61 0.012975673
676 0 21 15 0.012971954
260 223 64 86 0.01297149
205 0 83 95 0.012963208
10 614 39 52 0.012962775
429 341 24 37 0.012959106
905 0 20 15 0.012944354
265 199 59 74 0.012941794
980 74 44 77 0.0129376035
922 0 20 15 0.012931645
757 503 44 47 0.012925911
672 742 47 26 0.01291464
993 184 31 61 0.01291114
197 312 63 79 0.012911034
270 741 45 27 0.012906796
364 0 20 15 0.012900874
643 0 20 15 0.012892774
569 153 25 30 0.012892406
0 622 23 49 0.012890323
96 752 32 16 0.012868463
193 742 42 26 0.012867039
222 198 44 55 0.012851069
467 391 45 55 0.012850025
375 0 20 15 0.012833505
939 366 48 68 0.012832992
247 21 130 172 0.012831453
938 654 41 57 0.012826538
509 0 20 16 0.012822406
27 75 84 121 0.01281584
499 15 82 108 0.012815251
241 0 20 15 0.012800866
799 508 23 24 0.012795334
403 417 43 61 0.012793629
301 220 19 21 0.012786157
0 138 13 36 0.0127830375
47 0 39 30 0.012775176
879 0 28 20 0.012772105
604 543 37 43 0.012772083
430 175 26 36 0.01276987
0 342 31 56 0.012760306
435 362 24 32 0.012755265
449 154 40 57 0.012753048
644 351 26 33 0.012747597
628 352 30 31 0.012729433
747 563 62 82 0.0127228815
258 102 67 100 0.012706519
991 475 33 62 0.012701027
505 230 22 29 0.0126983365
1001 325 23 41 0.012695131
386 0 20 15 0.012687116
292 430 11 10 0.012685835
559 0 85 99 0.012684576
862 513 65 91 0.012676056
52 754 30 14 0.012659503
591 710 74 58 0.012655837
894 0 20 15 0.0126557965
554 753 32 15 0.01264641
402 0 21 15 0.012645031
591 195 23 29 0.012637669
576 199 30 37 0.012616955
188 717 71 51 0.012614215
0 439 59 101 0.012612394
942 559 77 99 0.01260911
971 530 43 59 0.012608668
516 741 43 27 0.012606412
949 389 47 67 0.01260562
341 752 34 16 0.012605009
320 713 73 55 0.012600628
699 0 20 15 0.0125906775
967 290 57 97 0.012586055
114 0 38 30 0.012584415
0 407 13 34 0.01258344
285 182 24 28 0.012572353
123 663 71 73 0.012572076
638 745 43 23 0.012570776
808 326 28 40 0.0125663495
900 752 33 16 0.012563475
547 203 64 82 0.012537275
774 178 69 95 0.012533994
486 65 119 166 0.01252751
375 0 143 101 0.012524699
441 354 22 33 0.012524221
337 347 15 17 0.012521538
753 339 55 68 0.012514648
758 243 42 62 0.012509066
600 392 47 57 0.0125076715
0 264 59 101 0.012505232
32 506 75 100 0.012495804
0 219 59 101 0.012495325
230 306 26 36 0.012483588
60 365 14 19 0.012478483
877 750 34 18 0.012476987
273 76 78 110 0.012473956
364 752 31 16 0.012460411
436 741 44 27 0.01245618
0 487 59 101 0.012451369
38 370 23 33 0.0124351885
0 699 13 34 0.012434362
476 0 78 91 0.012433636
643 366 36 42 0.0124334665
0 340 12 34 0.012429838
498 0 20 15 0.0124295475
29 462 80 106 0.012429052
286 0 145 102 0.012418904
547 443 61 74 0.012418024
615 248 59 92 0.012417659
0 308 59 103 0.012412311
631 0 21 15 0.012411453
321 753 31 15 0.012404784
993 38 31 63 0.012402843
445 230 51 68 0.012400128
935 0 28 20 0.012389107
415 227 63 88 0.012385707
922 753 30 15 0.012366422
631 367 32 38 0.012365142
593 554 62 84 0.012358045
1018 581 6 18 0.012348034
542 28 81 115 0.012344821
507 137 63 86 0.012342039
747 456 66 94 0.012339196
590 627 70 89 0.012326069
471 366 28 32 0.012322099
28 419 78 102 0.012310079
686 751 37 17 0.012304348
0 116 13 35 0.012298937
393 318 61 81 0.012288049
254 592 79 106 0.012285448
8 644 43 59 0.012281713
857 716 67 52 0.012277969
455 709 74 59 0.012276214
8 159 79 113 0.012267676
305 214 21 25 0.01226695
281 366 24 32 0.01225859
749 525 62 90 0.012256212
507 217 19 31 0.012252114
0 530 12 34 0.012249977
961 544 42 56 0.012246162
633 754 32 14 0.01224447
597 558 42 45 0.012243422
938 543 42 57 0.012242782
403 198 32 36 0.012241157
687 0 321 312 0.012232009
604 743 44 25 0.0122279255
1018 363 6 24 0.012221274
206 0 33 25 0.012198925
573 201 65 82 0.012185599
63 0 32 25 0.01217892
8 103 79 113 0.012175215
490 281 44 56 0.012175126
576 753 32 15 0.012173882
856 372 80 106 0.012171018
517 402 28 38 0.012167152
119 702 47 57 0.012167091
989 550 27 33 0.012166771
460 742 44 26 0.012161404
0 382 6 18 0.012150318
1004 678 20 42 0.012146923
245 348 44 53 0.012146549
4 300 35 49 0.01214376
817 342 13 18 0.012139107
972 0 21 16 0.012137481
118 751 32 17 0.012125842
861 551 68 94 0.012122643
209 751 31 17 0.012116236
837 532 67 91 0.012116168
171 677 39 39 0.012104397
452 338 26 35 0.012098359
541 630 70 86 0.012098206
0 493 11 19 0.012094582
946 0 28 19 0.012091037
287 751 32 17 0.012088727
829 73 84 118 0.012088205
223 178 11 17 0.012080437
979 574 45 67 0.012080381
0 397 59 100 0.012070852
28 26 84 124 0.012069544
612 602 68 88 0.012066126
415 742 43 26 0.012059885
738 650 42 52 0.012045504
103 293 43 63 0.012045267
975 540 25 31 0.01204379
104 747 38 21 0.012036247
357 240 44 58 0.012032054
582 214 44 54 0.012024584
164 0 79 92 0.012013442
759 598 40 49 0.0120108435
280 291 66 86 0.012009532
248 0 85 99 0.0120050255
568 608 70 89 0.012004457
9 670 45 63 0.012004295
21 735 49 33 0.012004198
194 247 64 94 0.011999402
163 0 30 23 0.01199461
0 531 58 98 0.011991158
909 660 40 53 0.011990037
992 149 32 63 0.011989403
35 607 68 92 0.011989228
477 751 31 17 0.011988951
992 104 32 63 0.011988042
0 619 14 35 0.0119787585
203 211 41 55 0.011975069
599 753 32 15 0.011965627
256 515 72 88 0.011965465
273 615 82 107 0.011962825
651 13 135 180 0.011961915
812 101 81 114 0.011958885
0 474 12 34 0.011958621
0 252 30 52 0.01195595
595 87 66 101 0.011950171
683 543 36 44 0.011943636
188 0 26 21 0.011942699
500 713 73 55 0.011929844
325 254 25 32 0.011925493
926 554 43 56 0.011923907
395 69 67 92 0.011919288
618 357 54 68 0.011915767
580 189 18 20 0.011914685
907 84 117 186 0.011914418
545 714 73 54 0.011911444
74 753 31 15 0.011908898
308 752 33 16 0.011908141
722 133 28 42 0.011904757
587 0 21 16 0.011904336
849 50 88 122 0.011901234
760 0 20 15 0.011901002
376 528 47 59 0.011900769
761 709 40 51 0.011897272
33 352 23 34 0.011893203
769 582 68 86 0.011884285
383 14 84 110 0.011879661
487 305 52 68 0.011876748
315 327 44 54 0.011872099
225 279 62 82 0.011869761
1004 609 20 36 0.011867888
413 716 71 52 0.011867857
1002 429 22 40 0.011866946
1014 572 10 21 0.011858353
533 121 61 85 0.011846268
970 350 54 84 0.0118459435
627 16 81 105 0.011845204
288 124 46 66 0.011839948
230 752 31 16 0.011838896
234 574 77 100 0.011823867
793 715 64 53 0.011817509
1 686 39 59 0.011815063
60 364 21 30 0.011814227
0 663 14 35 0.011811284
234 715 74 53 0.011811068
251 640 81 104 0.011808196
412 472 28 34 0.011795984
373 405 72 101 0.011794694
1003 587 21 37 0.011793173
40 729 57 39 0.011779439
312 124 49 64 0.01177215
13 286 42 56 0.011762041
741 757 33 11 0.011753969
277 405 42 57 0.0117538115
480 244 62 83 0.011753423
210 184 67 88 0.011746835
0 429 12 35 0.011746246
153 752 32 16 0.011746104
294 597 81 104 0.011744969
871 25 91 128 0.011736129
558 104 45 66 0.011729791
1017 346 7 19 0.011722315
310 186 24 33 0.011717021
11 364 22 32 0.011710738
381 444 43 59 0.011710425
96 273 74 97 0.011709537
79 601 71 91 0.011709438
275 395 74 96 0.011707578
353 287 32 47 0.011705395
734 0 27 19 0.011705273
1002 450 22 41 0.011704868
33 331 23 33 0.0117013035
547 85 66 103 0.011700089
844 656 63 80 0.0116972225
425 239 44 56 0.011695707
0 194 12 35 0.011689493
210 599 73 97 0.011682529
1018 723 6 20 0.01167895
446 419 44 55 0.0116759995
638 247 65 88 0.011670954
184 10 82 108 0.0116707245
145 490 68 87 0.011669448
122 505 70 93 0.011668418
0 296 12 34 0.011666712
203 263 43 59 0.01166291
643 187 36 46 0.0116474
712 0 28 20 0.011644383
8 539 29 39 0.011641285
0 371 7 22 0.011641272
949 554 44 58 0.011636168
755 332 31 37 0.011635174
361 547 40 56 0.011633661
962 460 45 64 0.01163259
408 752 33 16 0.011629513
115 161 84 112 0.011626804
275 208 23 28 0.011626069
359 176 44 53 0.011623814
980 0 27 20 0.011619641
342 24 128 180 0.0116168
175 750 32 18 0.011614831
605 339 21 31 0.011613524
304 0 17 12 0.011605365
470 222 20 29 0.011604667
445 441 79 99 0.011603722
659 602 67 88 0.011596415
353 356 31 36 0.011593551
213 492 64 82 0.0115935225
388 752 32 16 0.011591099
689 214 26 32 0.011588118
717 651 39 49 0.011586522
432 667 138 101 0.011585828
51 625 70 93 0.011583557
460 138 62 89 0.01158089
0 22 12 17 0.011578601
895 517 42 59 0.011578169
32 754 28 14 0.011576032
632 559 13 17 0.011571366
752 273 63 84 0.01157132
214 329 64 82 0.011568412
927 596 73 95 0.011567797
837 391 45 66 0.011567625
420 179 24 30 0.011564503
850 73 174 433 0.011563334
1018 568 6 19 0.011559611
911 688 37 40 0.0115525145
284 229 54 70 0.0115523
18 0 32 25 0.0115505755
962 655 44 59 0.0115469145
0 575 12 34 0.011542264
86 0 27 20 0.011541402
21 753 27 15 0.011539889
580 14 86 111 0.011538728
294 56 84 116 0.011535632
88 48 88 127 0.011525126
793 221 69 97 0.011522071
28 280 83 113 0.011515498
7 242 76 104 0.011513095
234 57 80 110 0.011512825
221 0 27 19 0.011505742
231 621 78 101 0.011505097
253 298 26 36 0.011503828
242 653 25 31 0.011502245
762 216 41 58 0.01150005
956 751 31 17 0.011498408
38 324 24 34 0.011492986
283 230 36 45 0.011491383
786 95 141 185 0.011489733
614 694 74 74 0.011483648
763 503 61 87 0.011481558
661 63 74 106 0.011479485
971 557 44 56 0.011478969
856 750 33 18 0.01147178
309 730 54 38 0.011466773
951 533 41 55 0.011462694
356 0 46 50 0.011460315
91 186 81 111 0.011454595
400 478 24 33 0.011454278
257 694 77 74 0.011454219
42 0 229 179 0.011450355
431 498 38 44 0.011447814
234 472 63 81 0.011446235
101 95 140 186 0.0114443945
490 358 12 17 0.011440876
0 631 33 57 0.011440011
569 195 23 26 0.011437239
227 323 25 29 0.011433988
994 612 30 53 0.011431555
254 555 77 98 0.011430751
346 347 15 18 0.011425714
677 272 67 87 0.011421402
8 125 45 65 0.011418213
391 534 66 86 0.011412245
386 627 67 90 0.011405568
154 0 25 18 0.011396764
243 348 26 32 0.011394006
669 214 27 32 0.011392161
604 152 40 54 0.011391955
28 213 81 112 0.011386275
745 570 25 30 0.011381427
462 229 23 30 0.011381253
549 0 17 12 0.011379957
68 265 127 150 0.011378316
720 53 80 111 0.011373475
403 491 34 43 0.011370123
722 586 39 48 0.011368485
283 477 61 79 0.011364061
559 333 43 52 0.011362228
435 484 32 42 0.011360289
524 612 70 87 0.011358325
568 205 25 30 0.011356919
253 337 26 32 0.011354122
923 213 80 105 0.011353607
4 610 33 44 0.01134986
0 594 16 42 0.011347218
401 240 43 56 0.011343813
604 261 44 61 0.011332961
606 237 44 58 0.011329855
671 649 41 53 0.011329037
471 303 26 35 0.01132802
121 617 43 54 0.011324811
968 553 29 36 0.011320125
872 94 88 122 0.011318322
265 751 31 17 0.011314561
223 336 29 33 0.011313843
513 239 43 53 0.011312787
648 129 43 60 0.011306925
785 27 85 119 0.011305747
457 662 70 83 0.01130463
757 189 54 74 0.011303177
792 152 78 105 0.011301437
272 0 14 10 0.011300568
481 542 293 226 0.011298545
730 540 62 84 0.011295303
498 752 31 16 0.01129083
187 174 27 34 0.011286816
342 332 18 25 0.011285238
799 752 32 16 0.0112723205
522 646 72 89 0.011258798
207 189 36 52 0.0112554915
935 753 31 15 0.011248101
838 611 67 85 0.011244558
177 0 26 19 0.011238281
679 726 51 42 0.0112354215
136 593 73 93 0.011233798
447 440 44 60 0.011233564
5 0 31 25 0.011231303
991 275 33 61 0.011231302
926 531 43 57 0.011230822
521 752 31 16 0.0112287635
655 754 33 14 0.011224601
0 94 12 36 0.01122112
704 102 68 104 0.011219988
663 259 57 74 0.011218519
576 541 62 76 0.011218375
705 204 62 84 0.011217808
6 375 22 32 0.01121635
35 628 43 58 0.011216306
676 527 326 241 0.011213466
243 345 16 18 0.011208129
833 750 32 18 0.011207647
568 653 73 88 0.011196515
1003 725 21 37 0.0111919455
623 369 27 33 0.011191941
749 601 65 86 0.011190966
904 541 43 59 0.011189584
573 208 37 46 0.011188429
277 0 14 10 0.011186431
666 752 34 16 0.011186199
640 328 28 39 0.011183421
295 639 80 105 0.011183173
692 127 44 61 0.011180992
140 0 32 23 0.011178222
402 418 29 28 0.0111771645
720 712 45 40 0.011175689
410 649 27 35 0.011175507
1018 561 6 18 0.011174206
785 319 25 31 0.01117385
743 648 10 12 0.011173767
964 532 25 33 0.011171787
961 0 21 15 0.011169607
1004 376 20 41 0.01116028
0 160 13 36 0.011156189
0 273 12 34 0.011155312
954 560 23 32 0.011151941
566 124 59 82 0.01114749
114 348 42 64 0.01114547
2 406 40 58 0.011142691
639 112 64 94 0.0111393565
728 641 40 52 0.011133416
10 214 43 60 0.011133209
268 112 45 62 0.011130801
591 175 13 19 0.011128128
141 752 32 16 0.011122306
48 47 88 126 0.011119517
414 115 45 59 0.0111194765
154 681 26 23 0.011117836
454 751 32 17 0.011116665
55 326 22 30 0.011115979
175 8 37 49 0.011113158
348 119 55 77 0.01110096
577 76 52 69 0.011100927
0 217 13 35 0.01109786
938 521 42 56 0.011097732
738 599 29 38 0.011094999
996 8 28 53 0.011094251
1008 756 16 12 0.011092357
185 2 33 38 0.011091009
671 103 47 65 0.011087033
716 241 43 55 0.011085859
275 533 75 94 0.011081186
781 346 45 56 0.011079345
34 345 20 27 0.011078418
0 400 17 26 0.011076571
270 353 43 54 0.011076523
978 670 38 49 0.011074411
143 713 70 55 0.011073361
303 226 63 85 0.0110725975
429 22 123 173 0.011072494
275 404 29 35 0.011071708
722 113 30 44 0.011071285
415 141 39 59 0.011066
1001 472 23 42 0.011054492
998 87 26 53 0.011050541
379 308 21 30 0.01104725
294 0 14 10 0.011047031
120 627 72 85 0.01104683
841 745 39 23 0.011037755
293 222 17 18 0.0110370135
211 687 43 55 0.011034839
788 510 32 34 0.011031399
15 89 126 174 0.011024785
438 92 60 85 0.011018943
72 247 79 106 0.011015511
367 714 72 54 0.011014307
962 508 44 61 0.011010129
957 517 24 32 0.0110100955
580 105 45 62 0.011007429
772 505 39 37 0.011007168
191 629 69 88 0.011003324
163 337 72 90 0.01100319
35 644 70 98 0.010998525
289 0 14 10 0.010993012
234 534 70 90 0.010992403
334 175 45 56 0.010987743
477 257 29 36 0.010987248
594 524 60 74 0.010981737
333 123 48 66 0.010980584
480 206 27 31 0.010979443
434 197 21 29 0.0109787565
779 327 27 32 0.0109787015
0 239 13 35 0.010978561
937 564 45 58 0.010977602
267 11 89 117 0.010975161
712 54 45 67 0.010968797
958 574 46 59 0.010966708
31 661 47 64 0.010965053
894 47 92 129 0.010963042
421 525 28 33 0.010961939
150 678 42 41 0.0109604085
266 0 14 10 0.010956826
995 701 29 56 0.010955579
819 629 66 83 0.010951744
754 232 37 51 0.010951446
88 138 88 117 0.010943095
188 684 44 53 0.010939693
424 17 82 105 0.010935104
421 216 17 18 0.010935072
948 555 22 32 0.010934491
948 584 43 58 0.010934266
851 0 17 12 0.01093364
201 174 23 31 0.010930728
283 0 14 10 0.010930305
951 700 19 24 0.010927016
20 622 43 53 0.01092633
698 0 138 148 0.010923521
26 359 25 33 0.010920945
981 751 32 17 0.010920371
951 669 38 51 0.010915157
753 753 33 15 0.010914221
128 0 32 24 0.010908876
0 264 15 23 0.010905262
792 603 68 86 0.010905089
194 221 37 50 0.010901855
598 0 21 16 0.010901587
997 132 27 53 0.0109003745
882 528 75 98 0.010900257
628 645 41 54 0.010898341
264 317 10 24 0.010895322
957 342 50 68 0.010892621
14 267 39 52 0.010891331
991 252 33 60 0.010889461
602 159 12 18 0.010884263
176 732 49 36 0.01087997
26 325 23 32 0.010879207
634 623 71 91 0.010879156
262 76 58 75 0.010876661
544 174 36 46 0.010873022
992 395 32 64 0.010872194
143 702 44 52 0.010868406
242 672 140 96 0.010866094
432 751 31 17 0.010864393
49 322 22 29 0.010861433
117 302 32 43 0.010861427
387 329 11 16 0.010861417
570 92 43 58 0.010860023
347 162 65 85 0.010856345
620 0 20 15 0.010851358
781 212 45 64 0.010849176
618 161 63 83 0.010848709
731 603 39 55 0.010847665
317 580 76 99 0.010847616
814 553 69 90 0.010844256
558 192 26 32 0.010837636
997 65 27 53 0.010836685
500 249 25 31 0.010834954
39 361 20 28 0.010832813
610 656 71 86 0.0108233215
4 390 34 47 0.010822484
309 144 55 71 0.010815458
12 351 41 56 0.010798585
997 208 27 54 0.010798054
313 218 43 53 0.010796374
849 415 44 61 0.010791932
453 378 26 27 0.01079136
28 373 79 105 0.01078932
741 10 137 183 0.010788982
632 60 74 108 0.010788356
711 564 62 78 0.010787934
868 510 46 62 0.010787544
780 0 149 151 0.010784334
502 87 70 102 0.010782204
623 728 53 40 0.010781582
65 509 45 58 0.010778813
200 679 43 46 0.010774303
581 627 42 52 0.010773267
882 628 63 83 0.010772797
0 552 12 34 0.010771698
44 684 45 62 0.010770991
799 309 30 44 0.010769378
1002 236 22 41 0.010769042
188 199 69 95 0.010768307
801 345 20 32 0.010767246
227 355 37 46 0.010764978
960 426 47 65 0.010763973
20 365 24 32 0.010761296
1018 633 6 21 0.010760897
118 685 38 41 0.010758342
711 254 60 80 0.01075809
928 671 40 49 0.010754591
360 514 35 45 0.010754313
98 541 72 87 0.010753384
211 650 71 89 0.010746987
506 538 65 81 0.0107462695
772 132 73 102 0.010741131
227 552 33 37 0.010737099
4 320 34 49 0.010736113
294 182 24 26 0.010732451
201 699 43 56 0.010729008
598 167 52 68 0.010727174
834 575 70 93 0.010723637
926 271 45 60 0.010721108
337 58 79 114 0.010718898
360 365 40 47 0.010713203
373 335 28 35 0.010709733
637 610 43 56 0.01070628
44 610 44 58 0.010704067
1018 0 6 11 0.010703637
920 643 39 53 0.010702495
299 501 66 82 0.010698209
648 284 44 62 0.010695516
34 367 21 28 0.010695498
459 495 61 80 0.010694861
237 433 64 77 0.010692952
447 125 45 66 0.010691584
862 666 42 50 0.010688971
664 219 35 43 0.0106864
116 394 41 57 0.010685356
991 365 33 59 0.010682556
514 346 16 19 0.010678386
84 727 55 41 0.010677108
522 56 47 67 0.01067671
848 635 44 53 0.010671082
817 323 26 30 0.010668993
527 0 17 13 0.01066419
758 649 39 51 0.010663181
166 658 69 79 0.0106609585
130 317 45 62 0.01066017
920 534 77 99 0.010659914
874 215 79 102 0.010658275
345 421 48 58 0.01065604
0 576 31 56 0.0106505845
393 105 64 103 0.010649238
938 339 47 67 0.010646266
300 0 14 10 0.0106442915
836 122 47 66 0.010641313
39 339 20 28 0.010638438
613 215 24 32 0.010637802
428 522 33 39 0.010633703
436 513 66 85 0.010630757
508 748 36 20 0.010629897
120 293 45 64 0.010629792
188 580 70 91 0.010629114
294 406 30 42 0.010624703
753 723 23 30 0.010622484
109 0 27 20 0.0106222825
246 686 44 58 0.010620502
437 406 63 85 0.010619387
323 604 45 60 0.010615157
255 329 21 29 0.010613485
965 570 24 32 0.0106120035
934 553 29 37 0.010610894
167 698 44 56 0.010605118
681 581 67 86 0.010599899
751 304 26 33 0.0105963955
64 361 14 19 0.010596157
109 95 89 121 0.010595631
12 442 42 56 0.010591147
184 124 34 45 0.010589692
12 396 42 57 0.0105886115
11 328 42 58 0.010587264
927 380 46 65 0.010585811
468 0 45 48 0.010584826
1020 568 4 13 0.010583533
191 669 69 83 0.0105811
843 500 62 85 0.010578624
11 519 41 57 0.010576971
22 686 43 58 0.010576097
216 145 34 50 0.010576021
692 265 45 57 0.010573631
895 564 42 56 0.0105730295
618 749 39 19 0.010572981
65 162 85 112 0.010571362
556 177 20 27 0.010569248
294 556 77 97 0.010568575
357 154 44 55 0.010566989
1012 682 12 18 0.010566645
827 140 86 117 0.010566595
508 399 28 36 0.010566125
377 287 44 58 0.01056601
684 172 25 25 0.010564793
261 0 14 10 0.010563022
335 197 45 56 0.010562095
418 442 23 29 0.010560798
561 522 30 26 0.0105572
41 0 27 20 0.010553225
210 691 73 77 0.010547278
723 67 47 67 0.010547141
224 57 44 61 0.010545721
502 630 73 87 0.010545707
840 339 74 100 0.010543309
0 359 6 19 0.010536457
967 752 32 16 0.010533115
1 226 40 56 0.0105313845
849 161 86 114 0.010530096
678 226 15 16 0.010527983
707 102 43 63 0.01052706
914 181 110 193 0.010521827
756 591 24 30 0.010521144
807 128 44 62 0.010519836
388 404 38 45 0.010517697
311 0 14 10 0.010517342
179 208 44 59 0.010517292
5 387 22 32 0.010515422
331 126 230 324 0.010511324
163 174 78 102 0.010509223
928 647 67 90 0.0105067445
342 605 76 100 0.010504475
894 113 91 124 0.010501705
1019 587 5 19 0.010501119
612 470 68 82 0.010499899
557 61 127 171 0.010499053
392 46 44 65 0.010495547
19 653 46 59 0.010492437
9 644 69 96 0.010491855
845 362 16 19 0.010491438
259 95 40 54 0.010489237
269 307 40 55 0.01048858
135 14 83 110 0.010488387
46 375 17 22 0.010488003
43 399 23 31 0.010486192
706 467 70 94 0.010483298
10 179 44 65 0.010483201
906 625 66 87 0.010478547
748 738 47 30 0.01047845
318 620 81 103 0.010476881
212 555 70 92 0.010474294
0 641 13 35 0.01047367
958 542 28 36 0.010473167
655 0 121 81 0.010471142
861 477 67 91 0.01047044
253 245 117 146 0.010467926
604 327 21 33 0.01046456
766 752 35 16 0.010462329
900 241 76 99 0.010461268
915 563 43 56 0.010460874
73 6 23 34 0.010458027
0 404 7 18 0.010454108
636 582 69 87 0.010452386
761 53 82 111 0.010451893
782 182 45 63 0.010450507
434 217 24 30 0.0104471985
174 126 30 39 0.01044559
742 146 127 178 0.010442201
116 252 72 97 0.010441135
463 376 29 26 0.010439683
231 666 75 92 0.01043814
72 648 71 89 0.010437905
291 383 28 32 0.010431117
28 323 81 111 0.010431003
949 642 42 59 0.010430342
41 352 17 22 0.010430285
748 0 21 16 0.0104260165
4 367 34 48 0.010418779
634 332 66 80 0.010414449
522 55 76 111 0.010413135
255 0 14 10 0.01041208
534 558 48 58 0.010411726
163 474 70 88 0.01041134
536 340 22 32 0.01041121
586 524 16 20 0.010409831
308 485 44 57 0.010409822
271 619 42 57 0.010408883
693 649 42 52 0.010407904
726 182 67 92 0.010404308
360 0 17 12 0.01040262
255 150 102 141 0.010402311
553 197 35 44 0.010399664
142 537 74 92 0.0103990715
830 0 14 10 0.010393367
469 238 26 32 0.010391527
906 574 72 94 0.01039097
803 327 43 56 0.010389551
636 694 42 48 0.010385533
742 464 110 144 0.010385469
44 315 22 30 0.010384086
781 265 43 57 0.010384007
547 270 75 94 0.01038189
613 114 65 90 0.01037462
1020 725 4 14 0.010374119
1015 552 9 24 0.010373091
457 606 70 90 0.010370947
660 727 46 41 0.010370751
660 634 43 59 0.010368702
345 335 12 16 0.010363573
65 359 24 32 0.010362264
631 551 13 19 0.01036107
897 188 82 109 0.010360988
107 344 36 49 0.010358809
815 574 46 59 0.010358684
499 661 149 107 0.010357387
746 404 37 47 0.010356598
25 279 39 52 0.010355224
49 488 77 99 0.010345567
849 658 41 44 0.010342471
259 125 41 59 0.010340056
111 580 50 58 0.010339863
770 517 39 57 0.010336418
10 91 45 65 0.010334254
928 584 43 57 0.010330845
578 148 24 27 0.010330568
606 614 208 154 0.010326575
364 34 82 113 0.0103254095
1018 537 6 18 0.0103231175
215 726 60 42 0.010314966
810 525 8 9 0.01031354
130 691 48 52 0.010312346
923 162 84 115 0.01031117
545 0 14 10 0.010310539
666 182 21 33 0.010309109
984 545 17 21 0.010305088
5 213 32 44 0.0103044305
289 627 43 59 0.010303539
503 11 45 64 0.010301133
67 329 23 33 0.010299508
829 372 43 65 0.010298363
830 187 81 107 0.010296674
751 342 37 45 0.010296645
885 0 17 12 0.010296353
533 730 51 38 0.010296191
225 163 33 43 0.010294591
608 37 78 108 0.010292952
375 143 62 84 0.010287848
658 293 66 88 0.010286388
794 295 62 82 0.010286312
45 182 83 115 0.010282421
49 299 85 114 0.010282147
391 581 67 92 0.010278795
0 392 6 19 0.010278338
14 309 37 48 0.010277508
426 532 40 47 0.0102728
549 414 40 47 0.010269108
65 617 46 63 0.010265618
874 568 38 53 0.010264129
825 0 14 10 0.01026095
916 359 47 66 0.0102589745
403 102 43 61 0.010256211
694 200 23 30 0.010255702
741 3 25 33 0.010255618
880 495 73 96 0.010253932
7 605 68 90 0.010250031
13 394 19 27 0.010249242
179 23 44 61 0.010248796
80 561 72 85 0.010247669
560 481 40 45 0.010247097
163 507 73 91 0.010245222
219 178 12 20 0.010244627
922 492 79 102 0.010243346
761 531 40 59 0.010241996
299 112 47 63 0.0102417385
382 156 42 56 0.010237793
600 397 26 34 0.010237169
498 352 72 95 0.010235127
796 556 43 55 0.010230379
599 586 55 73 0.010229255
591 175 19 28 0.010227241
737 527 47 58 0.010226797
77 558 120 153 0.010221676
477 39 76 111 0.010221296
427 410 123 164 0.010220001
316 0 14 10 0.010218726
33 313 24 32 0.010218483
407 609 43 54 0.010211926
760 475 13 16 0.010206636
457 86 70 104 0.010205426
10 496 44 60 0.010201945
517 227 12 17 0.010199201
612 372 27 32 0.010199002
788 76 81 113 0.010197011
250 509 40 52 0.010195489
1019 372 5 20 0.010193417
114 464 119 141 0.010190546
1010 390 14 36 0.010189142
32 392 24 32 0.010189126
598 91 32 42 0.010187307
161 2 36 43 0.010186159
860 601 24 34 0.010185249
193 514 22 32 0.010181568
1013 534 11 23 0.010180654
683 144 37 57 0.010179595
1002 273 22 39 0.010178797
322 0 14 10 0.010176135
473 0 137 147 0.0101748295
837 412 76 99 0.010167413
464 689 48 65 0.010161164
344 447 49 59 0.010159525
856 676 62 81 0.010159433
963 587 24 33 0.010159204
798 541 21 37 0.010156259
67 92 90 123 0.010155268
814 143 47 67 0.0101538645
1013 340 11 22 0.010153759
18 1 37 45 0.010150395
29 350 20 26 0.010149344
1018 550 6 17 0.010148537
101 493 69 89 0.010145892
1020 574 4 12 0.010143517
413 603 68 88 0.01014177
112 275 42 60 0.010139144
948 316 76 106 0.0101385685
901 513 76 97 0.010135356
627 154 42 53 0.010134027
682 666 71 84 0.010132332
595 494 65 78 0.010132016
846 78 48 67 0.010125358
745 358 70 89 0.01012426
230 565 24 24 0.010117785
975 574 25 34 0.010115758
419 404 27 37 0.01011409
10 404 23 32 0.010112509
301 605 46 59 0.010111345
252 487 40 54 0.01010605
612 538 65 82 0.010105711
289 224 24 27 0.010105313
694 417 45 57 0.010105215
819 677 132 91 0.010103059
519 92 41 61 0.010101183
836 0 14 10 0.010101097
328 0 14 10 0.010099746
880 265 74 101 0.010099204
713 79 43 67 0.010097902
677 318 66 83 0.010097582
884 699 63 69 0.010095933
67 387 22 33 0.010095731
876 680 137 88 0.010092947
954 608 24 36 0.010089847
141 187 79 108 0.0100852195
5 135 33 44 0.010082684
324 185 67 85 0.010082602
4 280 34 46 0.0100785205
32 4 67 84 0.01007612
998 640 26 49 0.010071702
425 309 43 58 0.010071521
477 382 25 32 0.010068978
1011 365 13 30 0.010065509
919 548 36 46 0.010063069
874 0 16 12 0.01006112
558 78 45 63 0.010060778
816 517 68 88 0.0100606065
256 451 64 79 0.010055556
793 313 19 23 0.010054761
880 122 48 66 0.010051578
366 301 26 32 0.010050121
852 689 42 54 0.010049896
650 600 43 55 0.010049466
301 445 65 87 0.010047927
236 619 42 56 0.010047133
959 701 20 25 0.010042049
808 0 14 10 0.010041626
891 526 30 40 0.010040443
157 148 129 173 0.010039961
586 201 20 25 0.010036414
322 135 69 94 0.01003559
53 0 27 19 0.010034742
213 47 42 60 0.010030367
600 213 21 31 0.0100281695
768 338 26 30 0.0100267315
787 619 37 49 0.010025364
88 109 48 69 0.0100246
0 159 162 395 0.01002425
45 509 45 58 0.010023585
118 380 35 49 0.010021844
728 632 63 87 0.010017761
249 0 14 10 0.01001736
176 682 18 18 0.010016346
33 555 72 96 0.010016206
571 506 104 153 0.010016131
215 453 65 80 0.010015336
819 0 14 10 0.010013359
746 24 48 66 0.010011212
791 0 14 10 0.010010264
1012 584 12 28 0.0100088725
223 186 14 21 0.010008041
237 68 43 61 0.010007758
6 353 23 33 0.010007356
360 387 42 49 0.010005562
915 520 43 56 0.0100054
238 522 39 49 0.010004228
1019 577 5 16 0.010003668
701 51 124 180 0.01000344