40_Gymnastics_Gymnastics_40_642
3148
86 277 47 60 0.8825869
784 297 48 60 0.8794945
868 245 56 67 0.87557817
415 272 45 58 0.8746769
626 289 48 61 0.87253433
336 315 41 52 0.86599624
264 341 39 47 0.8635695
207 272 41 54 0.86221874
527 291 48 53 0.85568666
297 294 16 25 0.6633976
271 287 12 21 0.2750341
261 286 19 28 0.20081836
70 325 23 27 0.18767805
613 297 11 13 0.18544143
128 299 15 21 0.1735037
1014 292 8 11 0.1659301
274 290 15 18 0.13690542
199 265 22 28 0.13580313
263 296 13 17 0.13034834
0 297 8 16 0.12442433
991 296 13 17 0.12066872
330 299 17 25 0.11483124
249 282 26 37 0.10324633
127 296 12 16 0.095806226
295 288 14 25 0.090275615
254 293 14 20 0.086040296
267 293 15 20 0.08474171
0 312 14 20 0.08329526
13 332 12 18 0.08268902
120 297 22 32 0.08219721
614 295 15 18 0.079986304
330 303 11 16 0.07516167
281 287 17 27 0.074630246
196 268 13 21 0.07298744
996 290 9 10 0.071358
294 283 15 20 0.071195364
863 750 22 13 0.07084083
332 300 25 37 0.07037155
266 281 16 24 0.068486184
1008 287 6 9 0.06830927
294 283 27 38 0.06740155
150 345 18 21 0.06721273
0 299 10 23 0.067154355
611 299 8 11 0.06678605
201 262 37 51 0.0633065
132 297 7 10 0.06301243
323 324 42 53 0.062690064
249 286 11 15 0.061323058
145 374 17 19 0.0610629
827 272 8 10 0.06043789
851 752 33 16 0.05999684
1018 345 6 14 0.059666794
275 288 35 47 0.059350397
995 293 9 12 0.058023877
244 284 14 21 0.056388505
1010 290 8 11 0.05633782
1017 290 7 9 0.05508101
973 300 24 25 0.05484195
1000 289 8 9 0.054441083
133 296 18 29 0.05430614
615 290 22 28 0.054286927
1005 288 7 9 0.054132182
277 285 13 17 0.053365964
292 298 16 23 0.052239534
246 266 39 50 0.052151784
299 298 21 26 0.052081075
21 367 16 20 0.051650878
0 315 17 29 0.051621802
77 314 40 47 0.05160557
350 280 20 23 0.051602192
986 301 15 18 0.05107707
581 297 26 22 0.05104141
982 297 15 16 0.049276344
293 274 20 23 0.04831647
276 292 9 15 0.0480144
827 316 13 18 0.04752795
288 329 43 52 0.047456052
996 298 9 12 0.046780262
133 293 11 16 0.046497997
583 285 38 52 0.046436403
105 292 41 50 0.046414163
973 294 16 16 0.04617308
543 283 51 57 0.045429077
1018 293 6 11 0.045425173
258 299 15 19 0.04499288
15 311 10 13 0.044927374
270 291 9 15 0.04397781
0 301 4 11 0.043957833
847 293 12 13 0.043283317
247 287 39 52 0.043194782
1001 285 11 12 0.043060135
1013 346 9 11 0.042814966
329 298 11 16 0.04259046
994 302 9 11 0.04244897
772 312 10 12 0.042429827
972 332 43 59 0.04194043
617 295 9 13 0.041673187
1015 294 9 16 0.04165696
1004 283 8 9 0.04162839
300 279 19 23 0.041568097
15 330 8 13 0.041437328
998 291 9 13 0.041384034
2 301 10 11 0.041221157
1022 285 2 9 0.04116021
294 308 39 52 0.0406037
605 291 20 26 0.04022977
1020 287 4 13 0.04010212
994 288 7 9 0.04002943
25 364 14 17 0.039781347
271 298 15 19 0.039537992
1009 287 15 24 0.039309107
958 279 7 9 0.03930685
281 283 12 16 0.039306555
829 273 10 11 0.039003894
993 294 8 9 0.038762897
301 289 18 22 0.038757484
826 284 44 56 0.03866969
291 287 13 19 0.03855998
830 270 8 10 0.038544565
272 278 12 21 0.038044095
253 315 41 54 0.03795893
141 329 40 59 0.037481725
1013 287 8 12 0.03740042
611 292 10 16 0.037207372
254 285 14 20 0.037199505
1011 294 8 11 0.03695265
593 292 20 23 0.036924
1015 340 9 16 0.036861707
244 289 21 27 0.0364232
618 295 23 35 0.03626854
289 348 44 53 0.036080714
280 289 12 16 0.03607677
973 684 13 17 0.03594833
127 292 28 41 0.035926025
298 273 18 18 0.035908815
333 309 9 13 0.035906885
293 304 17 25 0.03572887
607 304 22 33 0.035662014
37 341 16 19 0.03560397
17 367 23 30 0.03550026
611 286 18 23 0.035143558
17 328 8 11 0.035133097
287 285 11 16 0.03512705
1009 328 11 16 0.03492535
385 281 44 55 0.0347419
4 312 19 22 0.03440389
2 322 21 30 0.034306068
989 293 21 28 0.034281347
311 347 43 55 0.034172148
336 265 42 56 0.033686593
199 262 14 24 0.033654332
139 311 38 53 0.03349518
847 289 12 13 0.033455953
80 295 10 18 0.03335466
342 296 40 58 0.033128504
838 277 8 9 0.033082847
134 300 9 13 0.03300782
0 309 8 17 0.032917712
278 297 12 15 0.032891363
1007 290 9 13 0.032817103
203 271 12 17 0.03267402
292 294 11 18 0.03260854
146 362 23 29 0.03192237
0 303 6 15 0.0319163
1 304 14 22 0.031852018
1010 333 12 19 0.031841185
137 297 7 9 0.031631034
188 274 51 62 0.03156977
119 283 21 33 0.031511948
528 305 54 65 0.031440258
412 316 8 10 0.031375695
822 298 52 67 0.03128904
613 301 8 11 0.03128477
259 278 19 25 0.0309952
264 300 16 22 0.03094409
962 322 62 91 0.030942261
296 287 10 13 0.030667847
986 285 19 23 0.030661281
994 284 18 23 0.0306523
273 327 41 53 0.030629117
149 350 22 32 0.030597638
267 360 43 54 0.03058579
1020 343 4 11 0.03057906
406 291 8 10 0.030485133
275 297 8 14 0.030452717
331 298 8 9 0.03024402
979 292 15 15 0.03023216
291 276 13 18 0.030159844
333 309 13 22 0.030097615
134 302 11 16 0.03002837
974 297 33 42 0.029963631
975 290 14 13 0.02992785
0 335 22 38 0.029814556
420 294 44 51 0.02970317
609 297 7 11 0.029632948
897 243 66 83 0.029566664
618 292 14 17 0.02953813
310 289 21 27 0.029518684
342 290 7 10 0.02951064
314 269 36 50 0.029499538
411 315 25 32 0.029463638
335 334 43 56 0.02935557
298 287 13 13 0.029333206
72 326 15 17 0.029332316
274 285 8 16 0.029297147
984 293 15 15 0.02926023
866 287 8 10 0.029234603
142 333 23 30 0.029227654
1002 287 12 15 0.029138392
571 298 31 30 0.029135091
990 289 11 13 0.029098652
195 265 9 20 0.02897987
18 333 9 14 0.028905442
214 251 45 64 0.028881975
77 323 17 20 0.028808026
246 309 23 30 0.028772166
154 313 42 55 0.028736519
303 271 14 14 0.028700823
319 287 12 19 0.028695665
322 338 29 34 0.028687086
607 301 15 22 0.028673388
997 284 10 12 0.028545039
17 337 8 14 0.028526857
719 294 18 22 0.028522037
829 291 20 29 0.028444152
190 327 14 21 0.028431397
48 283 43 56 0.028369404
771 310 16 19 0.028256131
605 315 21 30 0.0280872
289 317 25 32 0.028034652
194 271 19 27 0.027993249
998 301 10 13 0.02783626
0 292 17 28 0.027687015
334 305 9 11 0.027638806
829 261 43 57 0.02762683
306 283 20 24 0.02755162
89 306 42 51 0.02752935
971 308 40 62 0.0275275
724 296 8 9 0.027486641
284 278 13 18 0.027411133
225 330 46 53 0.02735709
837 320 24 31 0.027315851
381 304 43 55 0.027245905
986 730 38 38 0.027138056
65 324 47 57 0.027116943
555 268 46 58 0.027018663
309 270 9 10 0.026945038
810 300 40 50 0.026924903
0 319 8 15 0.026903225
693 268 8 10 0.026889643
309 331 15 16 0.02686137
18 313 10 15 0.02686058
408 302 38 47 0.0268156
789 272 53 72 0.026813794
1014 332 7 11 0.026807027
0 0 39 50 0.026784027
615 292 39 48 0.026746718
301 318 23 32 0.026727615
77 298 38 44 0.026607044
266 300 9 11 0.026595488
284 293 11 15 0.026451875
287 295 12 17 0.02642268
573 261 61 78 0.026399156
334 304 17 16 0.026388409
238 288 18 24 0.026326645
289 285 42 55 0.026323922
316 289 39 53 0.026195008
306 297 14 18 0.02613523
0 295 6 11 0.026131826
622 286 26 36 0.026098317
332 312 21 35 0.026073985
133 288 18 24 0.026010858
1019 337 5 16 0.02597015
559 238 17 19 0.025954349
329 308 9 12 0.025941065
977 300 16 16 0.025931377
850 273 51 61 0.02589377
990 302 10 12 0.025797835
212 297 40 50 0.025775373
1017 362 7 18 0.025760913
154 397 13 18 0.025643297
154 417 12 14 0.025602115
604 297 12 15 0.02559961
121 314 25 34 0.025596388
252 291 10 17 0.025545442
990 297 9 11 0.025540005
61 328 26 30 0.025513496
255 305 23 30 0.025484074
1003 294 11 14 0.025440948
1000 297 7 9 0.025438512
130 306 16 24 0.02531677
843 293 17 19 0.025282197
991 304 13 18 0.025110984
971 0 53 52 0.025102513
136 292 7 11 0.024989195
514 318 49 60 0.024943413
837 279 10 19 0.0248984
338 310 29 39 0.024743568
866 289 10 13 0.024704728
413 274 25 41 0.024683317
523 249 59 86 0.024679143
606 318 12 20 0.024671303
598 300 36 46 0.024644667
249 279 13 19 0.024552416
510 293 8 11 0.024508681
222 288 32 39 0.024487874
0 332 17 26 0.024402028
701 273 8 10 0.024358343
326 293 12 15 0.024331411
146 323 56 79 0.024319923
266 293 10 13 0.024285777
277 277 14 17 0.024269685
354 158 16 20 0.024240231
333 342 30 37 0.024213068
868 754 15 12 0.024124324
501 305 9 13 0.024117552
1018 21 6 24 0.023975171
962 291 8 9 0.023851814
144 376 24 31 0.023745451
269 299 9 12 0.023745202
311 369 45 55 0.02357214
9 337 14 19 0.023567164
851 293 12 13 0.023551943
825 268 9 11 0.023548078
324 305 15 16 0.023526939
0 286 23 57 0.023520619
595 299 24 26 0.023470541
1010 331 14 35 0.023460777
0 712 40 56 0.023372337
6 303 8 10 0.023233883
866 247 25 41 0.023227511
155 349 17 21 0.023165535
1006 266 18 31 0.023162339
736 316 19 21 0.023128774
1000 297 11 14 0.023115495
1003 292 8 11 0.023112323
630 304 63 77 0.023078926
1021 339 3 11 0.02307132
770 306 10 11 0.023010267
932 285 11 16 0.02297287
999 748 25 20 0.022932185
298 303 11 17 0.022924665
245 318 62 82 0.022924412
780 340 49 60 0.022909109
728 315 21 21 0.022892574
276 303 17 22 0.022869023
80 332 33 38 0.022815323
668 282 43 57 0.022809694
286 288 8 12 0.022808027
619 299 9 12 0.022799354
718 300 22 25 0.022798562
824 282 21 28 0.022780223
280 305 22 29 0.022719571
1015 328 9 18 0.022700047
343 178 10 13 0.022684492
380 329 7 9 0.022630936
841 278 6 10 0.022625225
897 262 43 50 0.022622919
1014 297 10 24 0.022605931
627 315 42 52 0.022600073
105 270 41 53 0.022573221
832 268 7 9 0.022520162
861 194 67 100 0.02250122
413 310 8 11 0.022501048
597 333 13 20 0.02242384
113 327 46 58 0.022406925
307 335 15 17 0.022396397
973 293 11 12 0.022269556
306 276 14 15 0.022267506
132 306 9 13 0.0222288
929 278 14 18 0.022218518
429 259 54 69 0.022203809
247 367 45 56 0.022176499
191 269 28 41 0.02210339
624 249 47 69 0.022102464
302 306 13 17 0.02206637
570 286 25 33 0.02205519
130 301 9 14 0.022035245
0 0 24 33 0.022028837
137 342 71 92 0.022001797
407 302 7 10 0.02198204
835 295 20 22 0.021943074
850 268 12 13 0.021941045
801 265 73 88 0.02191413
1012 298 10 14 0.021909272
830 275 14 16 0.021864207
231 303 26 34 0.021841846
601 285 32 41 0.021833505
11 362 22 28 0.021832433
415 315 37 46 0.021817353
233 256 60 76 0.021810845
25 368 10 11 0.021798043
1017 305 7 9 0.02179047
159 406 16 18 0.021772338
910 239 46 60 0.021756252
852 289 11 11 0.021743469
260 296 10 12 0.021721527
491 299 56 63 0.02167756
196 258 11 23 0.021673907
137 285 39 53 0.02164174
589 289 16 24 0.021615617
0 0 156 214 0.021555081
999 0 25 25 0.021551777
768 0 15 9 0.021543536
0 297 4 10 0.021531858
307 324 34 45 0.021517124
871 751 13 10 0.021498246
761 320 50 58 0.02149137
602 318 49 59 0.02148597
846 306 45 57 0.021472434
670 308 13 20 0.021456594
871 539 153 229 0.021444723
0 286 9 24 0.021435004
518 305 20 32 0.021379244
97 0 75 55 0.021370122
483 168 14 17 0.021363728
831 283 13 18 0.021343142
817 281 32 47 0.021338396
292 371 42 53 0.021332486
1019 297 5 12 0.021329157
142 0 75 54 0.021321546
730 0 41 32 0.021307062
274 322 28 39 0.02129368
48 305 41 54 0.021264998
266 305 8 11 0.021192962
21 330 6 9 0.021186128
259 298 34 49 0.021170752
1016 508 8 22 0.021129152
293 269 18 19 0.021099038
5 332 16 18 0.021093532
262 306 11 14 0.021080183
260 344 25 34 0.021066234
130 293 8 13 0.020993141
357 266 41 52 0.020958176
255 295 9 14 0.020885931
5 305 11 13 0.02086753
231 0 74 54 0.020857876
0 346 24 62 0.020834818
657 300 39 48 0.020807909
187 0 75 55 0.020729072
10 322 17 26 0.020727756
136 297 12 17 0.020717837
145 348 18 23 0.020695647
846 0 178 213 0.02066655
331 290 11 14 0.020652601
411 0 73 49 0.020647917
352 296 27 38 0.020627553
1007 348 17 38 0.020622985
998 246 26 49 0.020619953
19 362 13 17 0.020592388
564 300 27 37 0.020536143
277 0 74 52 0.020535454
582 325 43 55 0.020535091
984 343 39 60 0.020486053
996 305 9 11 0.020467244
14 323 11 15 0.020429917
13 314 12 17 0.02041511
780 283 39 55 0.020391012
0 0 76 99 0.020382583
793 311 49 60 0.020379221
30 363 15 17 0.020299476
404 292 10 17 0.020284249
53 0 74 53 0.020276027
149 378 10 12 0.020272171
403 283 41 51 0.02026463
1007 369 17 34 0.020257372
266 305 23 29 0.020249981
344 0 73 53 0.020228319
133 293 7 11 0.02018119
1016 350 8 24 0.020179342
988 299 26 37 0.020151686
456 0 73 52 0.020138968
246 266 22 33 0.020111594
500 310 9 10 0.020109573
523 0 74 54 0.020037325
256 281 16 17 0.020019231
1006 33 18 39 0.020016197
869 280 31 33 0.020011771
963 291 12 13 0.020006472
0 304 30 55 0.01999209
827 317 20 29 0.019907884
967 292 14 14 0.019903822
1013 309 11 29 0.019897535
1015 338 7 12 0.019893823
864 283 58 75 0.019867746
296 308 11 14 0.019866114
104 309 30 30 0.019847577
299 280 14 15 0.019846793
524 293 27 38 0.019832052
13 307 11 12 0.01982899
961 290 23 24 0.019823998
151 331 24 33 0.019794
1002 281 13 14 0.019744681
64 290 38 48 0.019722836
137 365 25 28 0.019717302
613 293 7 10 0.019712195
319 303 13 16 0.019696828
320 290 17 22 0.019668004
292 273 11 11 0.019622168
190 293 14 14 0.019546714
537 264 40 56 0.019544214
255 319 24 31 0.019537872
1022 281 2 10 0.019518586
724 0 72 50 0.019517694
487 302 7 10 0.019508876
711 279 31 40 0.019499483
263 294 9 12 0.019472815
0 273 5 12 0.019453263
236 273 22 31 0.019452892
834 273 9 10 0.019408762
8 304 19 25 0.019394198
830 265 9 10 0.019378014
607 310 15 21 0.019357398
270 285 9 13 0.019305771
491 325 47 58 0.019298432
614 276 23 31 0.019293113
597 327 23 31 0.019288344
333 327 22 31 0.019270642
867 282 11 15 0.019247597
83 281 27 37 0.019240888
242 301 21 29 0.019228756
771 307 42 50 0.019217774
405 0 39 27 0.019186573
842 276 9 10 0.019185625
1012 341 8 12 0.019173555
137 289 8 11 0.019173024
308 304 17 21 0.019144693
298 326 28 39 0.01913611
801 302 76 94 0.019091237
1001 282 8 9 0.019072734
13 340 9 13 0.019035785
990 287 8 9 0.019031154
40 338 10 17 0.01902943
424 254 37 53 0.019008556
1004 289 20 39 0.018986912
23 370 9 13 0.018937314
996 276 8 9 0.018918982
213 266 33 36 0.018913517
293 265 31 42 0.01891286
962 24 62 101 0.018912474
908 465 32 40 0.018897815
0 428 14 33 0.018895384
568 0 74 53 0.018894255
278 264 11 13 0.018880269
0 40 6 16 0.018860534
124 0 64 44 0.018825553
309 313 12 15 0.018821374
333 300 10 12 0.018806621
81 0 62 44 0.018786704
297 318 19 22 0.018731264
170 0 62 44 0.01872928
991 264 33 50 0.01871711
0 0 15 20 0.01870936
997 279 9 12 0.018692415
133 326 27 32 0.018664798
91 284 61 75 0.018640805
846 256 35 47 0.018632932
281 300 15 20 0.01863191
562 264 13 25 0.018630961
259 0 63 42 0.018622631
864 757 14 11 0.018594105
844 321 28 35 0.018578943
370 290 66 83 0.018558748
998 273 16 21 0.018547632
347 334 32 35 0.018541494
820 318 35 45 0.018501189
296 282 9 13 0.018480955
268 302 10 15 0.018479526
407 312 10 13 0.018475855
858 234 44 60 0.018447446
626 309 28 38 0.018446805
304 0 62 43 0.018436743
157 287 41 52 0.018434182
678 0 74 53 0.018401379
376 307 12 18 0.018398691
10 330 11 14 0.018391555
656 289 65 83 0.01835736
149 359 15 22 0.018342957
0 312 33 90 0.018319653
739 329 42 52 0.01830566
440 0 61 40 0.01830494
283 283 8 12 0.018300228
225 351 44 53 0.018262552
826 231 63 82 0.018239021
327 0 63 43 0.018208262
1017 307 7 16 0.01820037
869 281 14 19 0.018192643
152 407 13 21 0.018185185
1009 296 9 13 0.018181838
913 272 26 35 0.018132491
987 298 9 11 0.018121108
457 278 13 21 0.018105365
76 297 67 87 0.018088086
76 309 23 32 0.01808099
610 0 74 54 0.018065527
791 0 74 54 0.01802706
251 301 15 19 0.018009167
8 313 13 13 0.018006153
841 285 7 13 0.017961409
1016 367 8 23 0.017952258
380 0 41 28 0.017937463
1021 305 3 9 0.017921709
845 265 13 13 0.017901355
394 0 62 40 0.017869856
40 290 61 82 0.01786719
825 300 20 32 0.017863393
615 292 8 12 0.017826727
359 317 30 38 0.017807718
115 347 47 61 0.017807454
826 275 8 10 0.017805573
781 244 46 64 0.01778665
596 297 11 16 0.017785737
270 754 16 14 0.017785363
612 320 24 29 0.01777145
7 368 27 36 0.017767336
1016 278 8 16 0.01775856
264 308 12 16 0.017745243
915 0 109 104 0.017711777
0 327 12 21 0.01768604
316 293 14 19 0.0176766
737 330 24 29 0.017674057
843 268 9 9 0.017662983
370 0 63 42 0.017659493
18 368 11 15 0.017651673
323 288 9 14 0.017650224
623 300 14 23 0.017627979
302 308 19 24 0.017610855
107 0 323 231 0.017610524
834 0 75 55 0.017599534
411 313 14 16 0.01757873
349 290 10 10 0.017571494
975 297 9 11 0.017558934
0 286 5 9 0.01754353
211 287 62 77 0.017537892
189 276 20 28 0.017533973
0 0 9 12 0.017525263
769 301 14 18 0.01750958
35 0 63 43 0.01750188
312 324 14 18 0.017500833
723 314 32 33 0.017490953
304 268 12 11 0.017487025
860 240 26 38 0.017478012
972 356 44 57 0.017471487
288 290 8 13 0.017435223
972 280 22 24 0.017428303
51 0 27 26 0.017411437
605 326 26 33 0.017409353
404 317 22 29 0.017404644
807 134 10 11 0.017404556
450 0 37 28 0.017403832
182 245 44 59 0.017393269
934 288 7 10 0.017339341
740 321 12 14 0.017325372
263 366 26 28 0.017323982
45 328 44 54 0.017312197
506 0 62 42 0.017303972
596 0 60 44 0.01729864
853 754 18 11 0.01728081
302 334 18 13 0.017278155
271 305 12 15 0.017224003
723 297 10 15 0.017211258
550 0 62 43 0.017199727
148 371 12 15 0.017187603
279 271 21 29 0.01717361
154 346 26 31 0.01715836
375 328 12 14 0.017155431
818 0 38 29 0.017140076
401 324 47 57 0.017136551
755 0 44 34 0.017100243
16 666 15 20 0.017088523
1018 325 6 18 0.01705463
750 383 10 13 0.017053345
277 273 12 12 0.017037561
0 289 6 10 0.017035794
963 302 29 33 0.017023362
998 354 9 9 0.017018396
867 289 14 17 0.017016554
781 290 25 36 0.016993804
982 290 10 12 0.016967695
200 329 46 55 0.016958479
926 718 71 50 0.01695638
988 221 36 60 0.016945314
227 307 37 46 0.016943447
224 374 44 54 0.01693949
642 282 40 53 0.0169386
0 106 40 99 0.016929066
219 0 53 37 0.016920464
793 236 62 86 0.016910732
0 505 159 263 0.016904756
843 736 51 32 0.016903637
308 256 57 81 0.01689549
137 292 11 14 0.016888984
940 734 44 34 0.016887803
747 339 25 29 0.016882513
245 345 38 46 0.016859444
0 743 24 25 0.016848722
514 301 40 43 0.016824204
293 0 312 233 0.016823333
291 282 9 14 0.016822273
1020 348 4 16 0.016801273
201 255 19 28 0.016785262
263 260 56 74 0.016783852
404 302 10 16 0.016778564
986 290 9 11 0.016775692
984 33 40 60 0.016766153
312 305 22 30 0.016751181
254 304 16 20 0.01674424
103 336 77 97 0.016740546
42 334 22 27 0.016722571
326 311 19 31 0.016718425
843 271 10 10 0.016691906
40 681 11 16 0.016682142
956 281 10 14 0.016680995
927 367 25 32 0.016677022
601 290 13 19 0.016669756
584 279 29 38 0.016658343
1000 305 9 11 0.016650971
197 279 18 27 0.016644422
925 0 72 56 0.016637824
242 319 21 25 0.016633103
314 284 15 17 0.0166233
4 312 12 13 0.016595565
827 324 44 56 0.016594147
12 0 63 45 0.016582916
400 318 33 43 0.016580768
280 333 28 34 0.016580764
664 0 60 43 0.016574863
720 17 83 106 0.016574385
721 309 15 12 0.016565353
782 303 26 36 0.01653464
475 0 75 71 0.016522005
82 300 11 18 0.016518679
824 274 17 20 0.016513951
427 0 39 26 0.016506732
244 394 46 56 0.01649307
0 150 38 99 0.016490111
0 352 35 92 0.016486112
863 286 9 13 0.016471306
77 329 25 28 0.01646998
985 417 39 64 0.016469223
512 345 48 59 0.016468242
757 347 47 58 0.016465481
880 0 74 55 0.016451992
339 295 9 11 0.016407892
968 277 33 37 0.016398264
759 317 28 35 0.016392305
0 663 74 105 0.016377179
297 294 8 13 0.01636365
500 304 35 41 0.01634205
329 356 32 38 0.016321149
962 77 62 115 0.016318435
125 305 14 19 0.016309021
554 305 41 48 0.016302703
428 235 127 152 0.016279869
176 303 49 58 0.016268926
773 295 18 26 0.016266584
929 288 13 19 0.016266514
831 309 21 28 0.016258644
263 376 32 38 0.016248707
1015 374 9 27 0.016241554
958 284 11 13 0.016234642
275 358 31 32 0.01623314
867 418 9 12 0.016219957
542 0 78 76 0.016185518
0 533 38 95 0.016181491
825 265 7 9 0.016179066
310 275 8 10 0.016178764
821 320 21 33 0.016148977
347 254 63 81 0.016148679
0 363 16 30 0.016147848
291 304 11 17 0.016141124
1020 28 4 22 0.01614105
601 297 10 15 0.016133947
517 248 45 61 0.016126169
388 263 65 82 0.016119303
329 362 54 68 0.016116401
610 271 36 47 0.016114771
221 276 31 36 0.01611245
335 312 9 14 0.016111942
282 300 9 12 0.016105533
955 290 14 15 0.01604396
1013 304 7 9 0.016033178
348 289 20 20 0.016031943
471 0 312 228 0.016031822
445 302 45 56 0.016028324
343 291 9 11 0.016023764
533 0 51 35 0.016021974
41 757 27 11 0.016009644
284 318 14 16 0.016008282
453 21 78 103 0.016004324
486 0 52 35 0.016000118
665 298 19 29 0.015971653
188 291 31 38 0.015966164
995 345 14 16 0.015958805
1022 277 2 10 0.01595665
1001 299 16 20 0.015950602
174 329 48 57 0.015945192
298 344 15 21 0.015943985
766 310 14 15 0.01593517
587 305 18 19 0.015917677
588 307 34 45 0.015912438
701 0 75 68 0.015899563
255 371 27 33 0.01589859
481 17 17 22 0.015887754
297 261 19 23 0.015881272
44 469 14 18 0.015876705
336 298 12 14 0.015872104
20 326 7 9 0.01587164
9 714 66 54 0.015853887
818 0 62 44 0.015852818
288 310 17 22 0.0158488
819 722 71 46 0.015844768
418 238 9 10 0.015828194
135 262 41 55 0.01581815
519 310 15 19 0.015810063
0 306 4 11 0.015803862
22 354 15 17 0.015762728
555 273 26 38 0.015756816
828 266 13 18 0.015750201
1002 307 10 11 0.015745757
247 270 12 21 0.01574521
499 1 81 99 0.015735853
252 283 8 13 0.0157341
343 287 8 11 0.015732767
271 311 65 82 0.015705459
521 0 12 16 0.015693555
774 0 61 43 0.015672551
325 335 18 23 0.015663266
640 0 61 42 0.015662482
743 0 75 70 0.01565851
0 20 39 97 0.015651066
353 272 18 22 0.015631076
836 265 25 34 0.015628815
99 304 70 92 0.015625363
13 0 38 29 0.015616582
0 348 14 35 0.0156082455
380 327 44 56 0.015606828
139 361 39 63 0.015594624
277 306 11 14 0.015592028
1012 24 12 36 0.015590379
1019 312 5 18 0.015582627
635 330 67 84 0.015581304
915 279 45 59 0.015565399
0 576 38 96 0.015564302
557 325 46 56 0.015563141
971 311 29 37 0.015558876
55 338 26 31 0.015555877
269 280 10 13 0.015553359
208 266 25 27 0.015549169
983 206 10 12 0.015539244
846 289 7 10 0.01553891
262 333 28 34 0.015532038
572 285 13 21 0.015529579
579 325 12 23 0.015528039
824 321 13 20 0.0155270705
297 300 9 14 0.015519236
0 569 24 64 0.015518121
0 610 11 23 0.015509298
413 298 26 32 0.015500229
848 274 10 11 0.015497784
277 283 8 12 0.015490531
1007 280 10 12 0.015482047
338 290 9 12 0.015477735
810 318 26 37 0.015470122
622 318 22 32 0.015464321
290 341 23 30 0.015463905
690 264 11 13 0.015453599
588 1 78 94 0.015452849
765 3 81 96 0.015434891
0 277 5 14 0.015434552
979 295 10 11 0.0154285645
928 32 42 58 0.015426379
44 254 62 83 0.015426285
42 682 14 18 0.015414348
911 677 113 91 0.015412181
469 306 43 54 0.015401594
958 273 8 12 0.015397057
767 278 38 53 0.015387299
303 315 13 15 0.0153871495
104 264 31 41 0.0153792
801 345 47 59 0.015378552
82 325 18 20 0.015373198
280 313 15 19 0.015369212
870 416 10 13 0.015357203
998 363 26 56 0.015347516
326 287 11 15 0.015347005
265 284 12 13 0.015345693
865 263 21 38 0.015342485
336 307 10 11 0.015336906
863 287 21 28 0.01533426
926 107 98 167 0.015306684
559 737 50 31 0.015300799
854 5 79 93 0.015293337
877 19 79 101 0.015273091
0 753 14 15 0.015272618
508 0 148 106 0.015271071
977 696 47 72 0.015257851
835 319 18 22 0.015251946
851 292 79 102 0.015245231
774 306 22 27 0.015238798
523 330 66 84 0.015238421
3 306 8 10 0.015231163
288 320 14 19 0.015230819
841 0 38 28 0.015228556
968 509 56 98 0.015215781
22 361 31 40 0.015212702
306 326 16 16 0.015202039
294 320 14 18 0.015189765
384 96 130 190 0.015185091
145 80 14 18 0.015168121
191 288 19 22 0.015167608
371 291 10 12 0.015167412
0 64 40 99 0.015157641
201 222 45 66 0.0151404785
673 15 83 108 0.015140214
738 309 42 52 0.01513921
0 198 36 97 0.015124253
0 622 40 98 0.015122919
2 320 13 14 0.015118031
252 345 20 29 0.01511527
243 311 32 44 0.015110408
760 310 23 28 0.015105449
1011 496 13 36 0.015098902
281 308 11 13 0.015093019
310 318 24 32 0.015089794
995 284 8 10 0.015084334
615 303 9 12 0.015081399
0 274 45 83 0.015080604
468 325 45 57 0.0150754
35 343 22 27 0.01506655
518 18 84 111 0.015066005
726 327 26 30 0.015058122
184 324 14 20 0.015053624
1016 36 8 28 0.015044907
830 321 12 18 0.015025481
964 577 60 109 0.0150233805
472 0 39 29 0.015018331
0 166 20 48 0.0150028
252 65 80 102 0.015001812
699 294 9 10 0.0149990525
470 35 85 114 0.014992155
670 290 18 28 0.014985169
27 369 10 12 0.01498389
19 309 9 13 0.01497353
595 316 22 30 0.014960435
565 281 19 31 0.014951032
1012 275 12 24 0.014949527
627 324 13 20 0.014939956
1005 441 19 39 0.014937142
224 395 44 56 0.014924784
324 280 20 28 0.014923718
816 311 22 33 0.014915806
855 722 76 46 0.014908814
829 327 21 29 0.014898542
862 0 62 44 0.01488386
848 278 8 10 0.014865982
140 292 15 19 0.014864026
436 2 76 91 0.01485608
785 17 85 107 0.014852745
834 248 33 46 0.014849384
35 749 38 19 0.014845208
15 333 15 22 0.0148421945
699 0 19 13 0.014841341
1021 308 3 14 0.014837814
128 273 30 43 0.014835844
625 16 86 110 0.0148348315
546 287 30 37 0.0148332575
247 289 9 14 0.014828202
655 1 79 94 0.0148179885
91 328 40 47 0.014814254
157 394 17 19 0.014811103
601 303 14 18 0.014809293
808 1 84 97 0.014804744
409 289 72 96 0.014785557
549 719 71 49 0.01478254
975 690 9 11 0.014778479
629 323 28 32 0.014772534
0 121 24 68 0.014772327
412 214 61 95 0.01477129
359 0 41 31 0.014770105
365 307 26 36 0.014769628
190 298 11 14 0.014768155
846 265 18 19 0.014762903
850 328 39 47 0.014757375
1009 336 9 12 0.014751886
122 287 14 21 0.014750345
446 288 37 46 0.014746962
580 345 46 59 0.01474201
966 131 58 105 0.014741792
479 166 23 29 0.01473775
453 494 305 274 0.014735616
0 473 6 13 0.014730192
220 314 27 32 0.014729484
974 288 10 11 0.014728116
922 281 32 36 0.01472014
0 398 37 94 0.014717853
209 312 28 34 0.014714278
354 346 46 56 0.014711567
1001 344 14 16 0.014702343
75 335 71 90 0.0146958735
712 304 33 34 0.014689543
0 389 24 65 0.014687665
850 297 13 15 0.014665121
949 265 74 107 0.014663972
978 287 12 11 0.014661425
1008 415 16 38 0.014660567
23 285 42 55 0.0146578895
563 433 14 20 0.014649387
80 288 19 30 0.014648774
324 740 47 28 0.014631406
302 337 15 18 0.014626472
293 0 38 28 0.014622945
403 745 44 23 0.014619053
257 377 65 83 0.0146188345
661 0 305 220 0.014612681
89 252 43 62 0.01459872
1012 349 11 15 0.014587094
777 449 247 319 0.0145864645
324 311 13 15 0.014585648
725 0 30 25 0.0145821795
199 274 8 15 0.01457993
791 719 72 49 0.014577283
313 341 24 32 0.014564797
1020 364 4 14 0.014561051
893 104 22 28 0.01455836
175 83 15 20 0.014553362
741 712 79 56 0.014550582
0 443 38 97 0.014549721
887 98 13 17 0.014549678
605 314 10 16 0.014549053
431 311 29 35 0.014539141
973 178 51 97 0.014538673
816 277 24 32 0.014535375
0 188 20 49 0.014516215
879 270 41 44 0.014513667
659 279 37 51 0.0145106455
268 736 47 32 0.014505027
305 277 9 11 0.014485587
889 756 28 12 0.014482629
833 270 9 10 0.014480292
772 0 39 26 0.014477332
939 50 43 59 0.014476759
274 276 10 13 0.014469962
1019 515 5 18 0.014442503
3 297 8 10 0.014439348
984 504 40 65 0.014429012
832 0 33 23 0.01440929
981 287 42 62 0.014409167
0 18 8 16 0.014407225
1021 332 3 11 0.014406923
0 489 39 99 0.014389591
547 323 29 26 0.014387848
1018 335 6 11 0.014387641
158 263 40 52 0.014380328
432 288 35 41 0.0143772885
848 264 22 31 0.014374136
23 364 9 11 0.014373861
338 279 21 28 0.014370917
76 328 10 10 0.014369353
281 303 8 11 0.0143693
0 431 20 47 0.014357468
524 276 26 36 0.014347345
958 0 50 36 0.014339792
288 737 48 31 0.014331935
767 0 27 17 0.014327191
655 231 127 155 0.0143271545
293 278 10 12 0.01432699
35 390 24 29 0.014323276
769 301 10 11 0.014318116
370 320 19 27 0.01431164
60 330 17 20 0.014310559
938 355 7 9 0.014299778
350 252 34 48 0.014299022
297 326 20 20 0.014298008
979 263 33 42 0.014296696
807 173 9 11 0.014296055
959 279 20 23 0.0142868
0 254 18 50 0.014279199
939 287 21 23 0.014275614
161 0 79 89 0.014267045
875 749 39 19 0.0142582
469 0 144 153 0.014255812
1021 275 3 14 0.014254203
339 295 23 26 0.014252398
0 527 25 66 0.014234186
610 325 17 22 0.014225317
1021 519 3 13 0.014223045
248 99 126 179 0.01422251
1007 316 17 31 0.014217797
611 293 6 9 0.014217374
331 312 8 13 0.014216488
0 277 20 34 0.014206457
348 291 13 15 0.014194562
619 337 56 69 0.014192103
975 684 8 10 0.014187282
1010 348 9 10 0.014184942
918 50 40 56 0.014183072
372 9 49 52 0.014179075
661 0 38 27 0.014175687
887 287 31 36 0.014173986
601 346 48 57 0.014173566
355 370 48 57 0.014169507
101 712 76 56 0.014152391
105 321 33 39 0.014150102
604 277 26 35 0.014145857
18 319 7 12 0.014140445
961 48 47 62 0.014136385
206 0 80 86 0.014135114
986 287 8 10 0.014125481
673 301 13 19 0.014117425
71 318 16 19 0.014113842
334 0 145 97 0.01410729
909 0 61 46 0.014106842
804 295 33 44 0.014106077
1000 553 24 60 0.014099099
16 326 7 9 0.014094139
377 321 12 18 0.014094096
135 303 24 29 0.014082369
272 390 37 46 0.0140818795
322 715 75 53 0.0140743395
328 294 8 10 0.01407302
870 112 12 14 0.014060122
845 233 36 53 0.014057508
113 240 125 154 0.014046187
883 416 9 13 0.014035139
36 214 13 12 0.014034204
0 34 24 66 0.014032311
132 288 10 15 0.014027296
354 288 11 12 0.014025898
343 360 27 31 0.0140258465
849 280 10 11 0.014025796
1019 0 5 9 0.0140245315
744 323 7 10 0.01402409
7 305 77 105 0.014016862
139 377 19 21 0.014015966
214 319 38 47 0.014014834
435 306 39 45 0.0140120005
873 217 43 59 0.014006671
974 285 11 10 0.014005282
721 330 39 44 0.014002679
8 99 78 111 0.014000775
770 317 27 34 0.013997049
525 205 63 96 0.013988795
916 219 43 60 0.013983471
361 59 81 107 0.013979503
993 278 16 21 0.013969461
577 240 51 71 0.013968108
244 249 121 148 0.013950623
845 291 10 12 0.013948783
632 715 75 53 0.013947247
536 587 26 33 0.013942617
542 0 31 24 0.0139388805
891 300 47 61 0.013935182
336 297 8 10 0.013932357
112 100 130 185 0.01392966
830 15 86 109 0.013922357
744 319 8 9 0.0139178485
224 737 44 31 0.013907907
794 335 40 48 0.013906927
835 287 13 20 0.013900119
56 308 27 35 0.013900102
120 310 16 22 0.013897964
150 381 25 37 0.013897545
79 297 7 12 0.013894038
64 0 146 100 0.013890747
123 270 62 81 0.013889567
258 298 9 13 0.013885859
888 99 21 29 0.013880586
490 346 48 61 0.01387996
1003 278 9 11 0.013875807
323 351 26 36 0.013873496
278 271 9 9 0.013872533
984 296 8 10 0.013870166
87 218 47 64 0.013869302
396 0 33 21 0.013867386
993 13 31 55 0.013867378
569 495 50 63 0.013865569
574 310 23 37 0.013864153
295 412 26 37 0.013856726
304 297 35 43 0.013855961
0 571 15 42 0.01385362
839 48 43 57 0.013851566
38 337 31 38 0.013844336
704 715 76 53 0.01383765
259 323 15 16 0.013830379
933 330 70 83 0.013823178
988 313 31 47 0.013811264
351 745 42 23 0.01380724
27 351 30 37 0.013802275
248 0 39 29 0.013796446
982 58 42 66 0.013794517
622 330 32 40 0.0137944445
740 32 86 117 0.013791742
149 332 15 23 0.013787392
968 296 14 17 0.013787192
1006 394 18 39 0.013784577
615 200 66 100 0.013780657
344 350 26 27 0.013776805
314 297 22 26 0.013774922
1014 285 9 11 0.013768141
567 296 18 25 0.013762959
125 43 281 353 0.0137581695
97 324 28 33 0.013752096
934 0 28 27 0.013750622
563 0 36 28 0.01374946
967 622 57 104 0.013748248
797 0 38 29 0.013746426
66 298 24 33 0.013743456
288 351 23 33 0.0137391975
0 276 3 10 0.013733229
1022 270 2 12 0.013721017
0 615 25 65 0.013720806
994 656 30 57 0.013720681
18 343 31 42 0.013717878
743 150 120 168 0.013690682
1003 297 7 9 0.013687062
900 291 28 34 0.013683721
932 746 41 22 0.013682187
245 313 14 19 0.013674076
872 85 43 57 0.013670734
993 279 10 14 0.013670575
273 45 81 100 0.013670253
411 254 33 46 0.013669827
334 319 13 20 0.013669
255 717 69 51 0.013662205
517 0 38 28 0.013660109
366 288 14 12 0.01365995
523 167 12 17 0.013659377
158 0 41 31 0.013653289
20 374 28 38 0.013651014
161 81 16 19 0.013639575
49 192 234 265 0.013636454
592 307 23 29 0.013633379
811 336 27 33 0.01363072
686 0 38 28 0.013628825
903 208 66 89 0.013628163
199 256 13 20 0.0136159975
587 717 77 51 0.013615892
0 690 25 51 0.013614561
476 169 12 21 0.013612951
200 301 30 35 0.01361167
769 84 44 57 0.013609297
720 305 12 11 0.013607497
59 341 59 74 0.013606738
902 430 73 88 0.013600239
940 530 80 108 0.01359907
726 294 8 9 0.013593577
21 333 10 15 0.013583618
834 274 16 19 0.013582756
390 286 25 34 0.013580406
660 253 61 85 0.013574966
254 288 8 11 0.013574682
917 25 41 51 0.013573859
512 316 27 33 0.013571352
695 34 85 116 0.013570558
200 351 45 55 0.013567207
206 0 308 319 0.013566041
483 10 19 24 0.013564493
25 1 79 89 0.013563424
707 318 61 76 0.01356342
248 0 80 88 0.0135546075
1019 16 5 22 0.013552905
955 726 59 42 0.013549802
10 336 10 12 0.013548315
699 268 10 13 0.013548284
603 33 86 118 0.013548035
0 342 13 22 0.013540578
355 284 15 14 0.013536915
929 64 42 55 0.013536732
0 374 22 51 0.013533552
484 166 9 12 0.013532146
324 296 11 15 0.013530959
235 316 20 25 0.013522258
786 747 39 21 0.013509522
13 0 319 311 0.013505162
379 347 45 58 0.013503606
842 280 10 13 0.013502114
729 299 77 94 0.0135005675
901 108 15 20 0.013497097
943 288 37 39 0.013490464
916 736 51 32 0.013487436
415 315 9 10 0.013485441
982 570 42 72 0.013467066
894 749 38 19 0.013466802
252 356 20 28 0.01346004
113 294 22 29 0.013458564
0 372 13 36 0.013458233
382 40 79 104 0.013451374
41 682 8 10 0.013441153
949 63 44 58 0.0134400865
1003 83 21 40 0.013426806
768 290 12 16 0.013422188
383 83 82 110 0.013418524
150 400 14 21 0.0134144295
158 355 24 34 0.013413905
777 288 21 29 0.013411371
208 717 71 51 0.013411125
410 296 18 30 0.013410539
1020 322 4 15 0.013405443
30 365 10 12 0.013396396
783 74 42 55 0.013395045
759 74 42 56 0.013392161
320 282 11 15 0.0133920275
613 306 7 9 0.013389472
410 318 9 11 0.0133767035
921 31 89 118 0.013373615
22 331 7 11 0.013372796
0 11 24 64 0.013358856
1020 39 4 20 0.013354288
403 310 10 14 0.01334938
433 56 81 111 0.01334888
841 283 14 20 0.013346068
399 755 31 13 0.013339869
357 150 28 39 0.013334424
338 79 81 110 0.013327506
245 300 13 21 0.01332137
573 301 19 21 0.013317999
771 114 20 28 0.01331732
1019 378 5 21 0.0133171175
643 327 28 28 0.013315018
962 16 38 47 0.013309506
760 298 23 29 0.013306618
107 244 44 62 0.013305814
135 309 11 14 0.0133006135
905 31 41 57 0.013295554
968 287 11 13 0.01329548
125 0 39 30 0.01328842
384 311 6 10 0.01328465
686 267 12 12 0.013279609
292 298 8 12 0.013278757
9 307 11 12 0.013277216
317 329 21 25 0.013275457
361 22 79 98 0.013273222
260 314 14 19 0.013272455
316 60 81 106 0.0132696815
414 308 10 15 0.0132683525
794 84 43 56 0.013257588
438 239 55 72 0.013254422
302 307 8 12 0.01325118
886 237 42 57 0.013243285
121 355 31 32 0.013241996
338 0 39 30 0.013240882
855 0 19 13 0.013240655
271 0 38 28 0.013234885
0 660 25 67 0.013231082
486 253 66 81 0.013230874
191 272 14 21 0.013230646
283 307 7 10 0.01322784
973 445 51 93 0.013226924
858 33 44 57 0.013225902
295 352 14 19 0.013223667
998 276 10 12 0.013223605
80 303 8 13 0.013221231
465 315 7 9 0.013220453
171 153 14 17 0.013219915
27 360 12 15 0.013218471
827 61 42 56 0.013218273
941 23 43 53 0.013214915
995 311 12 16 0.013207205
298 27 77 94 0.013206217
272 301 8 13 0.013202575
843 171 17 22 0.013200545
1012 0 12 14 0.013200254
310 296 14 17 0.013199122
289 298 8 12 0.013198534
64 320 11 18 0.013190116
316 0 37 28 0.013177733
289 391 45 57 0.013176852
375 283 35 46 0.0131753795
12 743 40 25 0.013175016
1015 451 9 23 0.013173657
423 238 13 12 0.013171225
875 750 14 12 0.013170598
974 370 31 33 0.013166444
654 325 28 34 0.013166237
135 734 46 34 0.0131634995
6 352 22 30 0.013162464
753 0 34 21 0.013159386
320 316 13 14 0.0131538045
452 302 82 99 0.01315093
261 301 9 13 0.013148718
443 0 31 22 0.013147606
500 715 74 53 0.013147319
124 201 64 93 0.013147124
248 309 16 17 0.0131468065
627 315 13 21 0.013145961
831 104 120 180 0.013145286
490 493 47 66 0.013138709
859 287 18 22 0.013131206
0 458 24 66 0.013128479
91 0 39 30 0.01312643
771 63 42 55 0.013125287
0 272 9 25 0.013124571
0 408 13 35 0.013123377
695 290 12 11 0.013119198
388 719 73 49 0.0131176
415 306 7 9 0.013115631
849 59 42 58 0.013109631
2 289 12 18 0.013109548
373 305 12 16 0.01310676
469 92 132 204 0.013094972
849 0 42 38 0.013088244
693 0 142 96 0.013087418
524 313 16 20 0.013086105
743 318 27 31 0.013080283
21 366 9 11 0.013069998
328 229 62 87 0.013061884
182 701 17 17 0.013061848
650 34 85 116 0.013058286
727 177 11 14 0.013052425
856 286 9 11 0.013045062
485 0 21 14 0.013040785
184 352 78 97 0.013039933
288 260 20 22 0.013036752
914 328 48 57 0.013036386
4 317 10 12 0.01303325
597 282 85 104 0.013033007
935 280 12 17 0.013029787
968 679 25 31 0.013029687
615 0 39 30 0.013028731
750 63 41 55 0.013027643
624 54 87 121 0.013025103
1010 304 6 9 0.013023454
423 311 27 27 0.013022575
718 311 17 18 0.013022428
815 84 43 57 0.013020755
15 361 11 18 0.013019741
964 295 12 14 0.013018555
294 51 127 187 0.013017792
411 272 17 28 0.013017689
203 0 40 30 0.013017498
859 150 70 100 0.013016526
534 283 33 32 0.013010605
0 195 12 34 0.0130068995
908 286 36 43 0.013004253
555 0 146 147 0.012999489
1019 73 5 17 0.012991821
98 18 78 96 0.012990247
158 417 15 11 0.012989863
375 754 29 14 0.012984748
601 0 12 11 0.01298109
218 303 27 28 0.012977496
813 0 27 20 0.012976066
641 0 37 28 0.012973751
562 317 26 32 0.012964771
321 0 77 87 0.012960802
99 295 31 38 0.012953675
535 736 51 32 0.012953632
168 718 71 50 0.01295001
952 24 13 19 0.012947314
928 14 44 52 0.012941797
257 291 9 13 0.012935274
286 280 8 11 0.012934378
1022 252 2 12 0.012927728
795 64 40 55 0.012926694
251 321 18 19 0.012918857
607 314 8 10 0.012916551
0 518 11 23 0.012915755
866 419 7 9 0.012915713
403 265 12 17 0.012914748
174 167 14 17 0.012913319
149 274 61 79 0.012911995
883 32 43 55 0.012909045
0 40 62 104 0.012899931
585 0 39 36 0.012896837
303 351 12 16 0.012895085
799 277 29 39 0.012891617
912 453 46 54 0.012889625
938 81 45 58 0.012886871
865 285 7 9 0.012884918
353 239 50 65 0.012883386
66 323 17 18 0.012879348
390 275 24 32 0.012875183
945 220 75 103 0.0128732445
270 310 7 9 0.012870673
934 66 19 28 0.012869937
739 73 42 56 0.01286433
26 371 16 18 0.012861026
35 336 66 85 0.012856208
203 47 138 198 0.012855906
257 265 19 25 0.012851758
620 291 8 13 0.012847867
312 317 12 18 0.012847777
0 212 23 67 0.012843195
943 473 77 96 0.012842296
8 0 27 20 0.012839889
350 156 15 17 0.012837041
334 336 13 20 0.012836195
221 223 44 60 0.012835638
733 732 56 36 0.012835011
762 309 11 13 0.012834992
38 684 9 10 0.0128323985
0 78 24 68 0.012828719
643 246 46 62 0.012827995
176 280 33 44 0.012824014
234 296 19 27 0.012822986
310 346 13 15 0.012822111
849 84 44 58 0.01282031
150 365 26 37 0.012816793
625 217 44 62 0.012815181
972 91 21 31 0.012814891
16 355 12 18 0.012809162
44 0 26 19 0.012804065
563 262 33 45 0.01280383
289 308 9 12 0.012798659
997 519 27 70 0.012789015
307 311 11 13 0.012776789
196 313 31 37 0.012776287
204 740 42 28 0.012776226
262 743 36 25 0.012774079
310 389 46 59 0.012773104
325 307 10 10 0.012771241
410 22 77 98 0.012770826
872 63 41 56 0.0127706975
368 745 41 23 0.012770594
156 356 17 23 0.012769166
890 0 51 35 0.012768098
513 588 24 33 0.012767132
495 50 87 121 0.012765495
75 2 76 86 0.012765332
24 100 121 179 0.01276174
738 348 44 56 0.012761037
403 0 19 13 0.01276099
22 315 8 13 0.012756418
487 314 12 13 0.0127552
425 746 43 22 0.01274919
203 283 24 35 0.012745956
193 272 9 12 0.012742642
1020 369 4 16 0.012735606
724 304 12 13 0.01273492
49 749 39 19 0.012734848
514 746 46 22 0.012733195
998 50 26 53 0.012732146
360 559 84 111 0.01272809
272 346 71 92 0.012726446
378 0 145 137 0.01271941
860 752 17 10 0.012715023
4 284 31 46 0.012712991
357 281 20 21 0.012711603
373 296 8 10 0.012710543
204 263 13 17 0.0127105005
282 229 59 85 0.01271032
15 268 61 86 0.012702614
1004 301 10 13 0.012698762
713 733 53 35 0.012697509
5 749 30 19 0.01269414
862 291 11 12 0.012694038
573 730 60 38 0.012693356
356 293 23 25 0.012691083
575 264 34 44 0.012689077
281 275 10 12 0.012688418
281 264 9 9 0.0126878135
838 305 24 31 0.012685077
895 47 41 58 0.012677302
844 0 19 13 0.012677264
0 130 62 189 0.012670364
264 366 12 22 0.012668429
223 752 14 16 0.012667151
856 291 10 13 0.012666523
920 91 13 19 0.012666308
277 383 26 30 0.012665812
656 274 26 37 0.012664425
771 361 67 89 0.012662768
1021 382 3 15 0.012660662
447 324 45 57 0.012655287
226 44 83 99 0.012651576
1007 332 9 10 0.012649581
317 314 21 28 0.012648701
7 140 76 114 0.012645196
772 316 12 18 0.012643442
338 39 82 105 0.012642002
13 329 8 10 0.012634647
1019 46 5 21 0.012634617
288 372 24 31 0.012631647
53 544 46 51 0.012631196
596 0 37 27 0.012630577
161 334 63 84 0.01262933
705 0 39 27 0.012626284
416 313 14 16 0.012623541
268 74 45 55 0.012622885
274 309 11 13 0.012620823
631 276 34 49 0.012619865
422 320 46 58 0.0126192765
658 195 70 105 0.012618628
726 84 43 57 0.012616971
362 300 23 27 0.01261654
843 332 26 35 0.01260585
977 0 34 26 0.012605082
28 0 34 32 0.01260004
309 280 15 15 0.012599573
277 277 69 91 0.012599141
197 263 7 15 0.012589192
942 420 78 97 0.012588383
749 94 43 57 0.012583557
39 320 33 39 0.0125811715
410 171 69 106 0.012574221
906 63 41 55 0.012572417
0 222 54 95 0.012558625
522 324 29 34 0.012555764
0 489 22 48 0.012554287
996 634 28 57 0.012551114
140 302 16 19 0.012546545
914 305 47 59 0.012545218
983 269 22 28 0.012544762
65 342 29 36 0.012535939
3 310 9 11 0.012534396
1021 317 3 13 0.012532267
1010 455 14 32 0.012529659
167 741 45 27 0.012528256
410 334 29 40 0.012525003
662 320 35 44 0.012521109
12 352 11 18 0.012516108
643 734 53 34 0.012513041
836 94 45 57 0.012511048
453 280 18 30 0.012509023
468 39 45 57 0.012507049
49 102 83 113 0.012506727
871 532 80 107 0.012503886
329 4 11 14 0.01250167
559 98 133 197 0.012500836
245 6 142 187 0.012498047
596 287 13 22 0.012496412
613 278 15 21 0.012493281
469 285 43 54 0.012492637
296 250 20 27 0.01248098
6 344 77 110 0.012477291
13 341 14 23 0.012470346
556 256 24 34 0.012464176
1021 265 3 17 0.012458276
431 0 19 13 0.012455125
590 170 71 106 0.0124532245
322 167 70 103 0.012450748
893 334 8 11 0.012446974
884 731 61 37 0.012446893
0 338 10 18 0.012443141
1005 14 19 35 0.012442456
628 396 43 47 0.012439456
640 281 32 34 0.0124368295
907 415 44 61 0.012435439
688 758 24 10 0.012434726
486 333 26 32 0.012433253
758 743 45 25 0.012433052
58 0 38 28 0.012429225
778 291 12 19 0.012420344
0 565 11 22 0.012419809
535 48 88 124 0.01241626
670 316 24 33 0.0124157835
613 336 24 31 0.012415582
458 202 66 94 0.012413531
24 63 79 109 0.012410669
598 736 53 32 0.0124073755
1021 24 3 18 0.0124028055
622 734 54 34 0.012392741
607 291 10 15 0.012391242
889 111 21 30 0.0123886615
283 376 35 45 0.012385778
729 66 39 50 0.012383684
738 281 48 63 0.012378726
710 323 39 42 0.012377913
940 0 40 38 0.012377341
478 310 10 12 0.0123748565
984 301 9 10 0.012371776
921 636 83 115 0.01236773
717 56 86 116 0.012361298
0 119 132 338 0.012360235
378 329 12 16 0.012352656
400 163 12 17 0.012352058
919 133 8 10 0.012351371
782 277 25 33 0.012351112
892 84 44 57 0.012348999
416 294 11 16 0.012342571
937 305 48 61 0.012342569
293 77 83 112 0.012341674
331 264 31 41 0.012338852
255 283 8 12 0.012334274
674 57 84 116 0.012331828
382 311 10 16 0.012331801
229 137 245 321 0.012327903
773 727 61 41 0.012327699
959 81 47 60 0.0123264175
985 210 7 10 0.01232555
805 33 88 116 0.012325378
579 516 55 71 0.012324852
380 304 10 16 0.01232294
541 328 25 27 0.012322098
866 290 26 34 0.0123173185
697 263 12 14 0.012315139
809 92 21 29 0.012311408
289 276 10 10 0.012306796
852 298 9 10 0.012306295
734 103 13 17 0.012302222
34 382 75 91 0.012300609
319 105 78 107 0.012298557
906 332 68 84 0.012287096
915 195 109 164 0.0122870775
529 312 32 34 0.0122848
330 288 9 12 0.012284191
182 390 80 99 0.012277085
455 714 74 54 0.012273174
961 295 11 14 0.012269287
0 318 5 11 0.012267174
99 203 65 91 0.012266932
289 279 9 11 0.012263128
764 568 85 118 0.012261068
251 332 22 29 0.0122601725
563 144 79 111 0.012259466
725 290 17 21 0.012258749
400 346 46 59 0.012257962
72 118 82 117 0.012257149
280 279 8 11 0.0122564435
699 109 126 175 0.012254749
251 103 80 111 0.012249627
761 53 87 118 0.012238504
125 339 28 38 0.012237042
45 400 15 14 0.012235882
567 270 12 22 0.012235279
23 329 43 56 0.01223286
937 754 27 14 0.0122311935
181 20 85 97 0.012230886
388 17 48 56 0.012228359
297 316 13 16 0.012225405
55 333 13 15 0.012224399
442 302 27 31 0.012220191
154 322 25 32 0.0122195035
111 219 43 59 0.012219183
139 286 26 35 0.012215477
775 299 12 17 0.012209768
139 298 8 10 0.012206723
0 37 5 11 0.012205978
0 555 58 97 0.012203136
0 34 9 23 0.012202388
778 0 27 17 0.012199445
912 360 41 47 0.012187001
262 326 15 17 0.0121865515
405 301 7 9 0.012186233
997 611 27 59 0.012183529
462 280 9 16 0.012174036
59 717 73 51 0.0121707795
866 754 10 9 0.012165637
916 73 43 57 0.0121640265
783 236 116 147 0.012161623
376 370 48 60 0.012160736
1022 259 2 12 0.012159716
742 127 13 18 0.01215442
502 309 13 13 0.012145345
243 361 29 37 0.012142877
656 240 14 17 0.0121417055
928 509 77 97 0.01214116
450 342 82 104 0.0121387765
714 94 43 57 0.012127045
872 291 14 19 0.012124272
89 732 53 36 0.012123125
667 734 49 34 0.012122725
241 689 139 79 0.012122206
837 113 21 30 0.012121159
995 145 29 54 0.012118448
811 145 74 105 0.012116576
203 60 84 103 0.0121122
876 0 32 33 0.012111715
677 0 31 22 0.012108857
363 277 18 22 0.012107732
692 733 49 35 0.012105236
928 7 26 35 0.012102346
861 73 43 58 0.012099775
335 66 15 12 0.012097719
675 321 32 38 0.012094702
495 310 12 13 0.012092143
853 53 82 113 0.012090669
316 307 13 16 0.012089311
257 67 43 49 0.012088177
959 432 14 19 0.01208679
48 499 67 88 0.012081051
884 94 19 25 0.012080425
868 326 47 58 0.012080202
632 164 75 110 0.012079378
609 284 13 21 0.012079322
790 292 33 32 0.0120777525
513 302 20 26 0.01207387
715 75 41 54 0.01207303
16 312 16 22 0.01206783
1016 428 8 24 0.01206741
303 289 11 16 0.012064756
301 146 72 104 0.012063944
1019 7 5 20 0.01206379
906 150 69 98 0.012059201
69 744 42 24 0.012056941
469 163 27 35 0.012054121
286 253 32 45 0.012051853
238 207 63 92 0.012051844
498 0 20 15 0.012050461
24 307 41 55 0.012038813
342 753 33 15 0.012028883
1007 304 11 13 0.012024754
677 752 33 16 0.0120200645
571 201 65 95 0.012019593
801 754 27 14 0.012018997
443 0 18 13 0.012015875
353 0 20 14 0.012013443
953 0 37 26 0.012012155
229 82 83 108 0.0120103955
135 17 83 99 0.012009991
269 97 17 16 0.012009914
151 0 151 138 0.012009483
651 106 127 181 0.01199296
201 153 127 172 0.01199228
401 292 18 30 0.011989645
760 261 60 84 0.011988965
924 285 14 20 0.011988913
280 169 69 105 0.011987759
770 280 73 96 0.011979613
388 756 28 12 0.011977309
969 298 19 23 0.011975375
210 210 64 92 0.011974943
1021 39 3 14 0.011973007
447 265 79 89 0.01196925
767 288 20 26 0.011969015
680 509 43 51 0.011967525
99 281 33 37 0.011966009
622 294 14 18 0.011965918
732 270 36 47 0.011962867
651 524 29 35 0.011961526
127 304 10 13 0.011950491
1010 646 14 32 0.011948152
996 689 28 60 0.011947164
191 326 21 28 0.011946694
0 395 13 34 0.011942385
479 299 8 10 0.011939198
534 0 27 19 0.011938087
1019 128 5 17 0.011936902
0 199 31 51 0.011936018
703 84 43 57 0.011933312
19 754 27 14 0.011932204
1004 335 14 19 0.011932098
339 306 22 25 0.011931062
364 338 27 34 0.011930019
1021 33 3 15 0.01192994
845 273 17 21 0.011927041
404 222 43 60 0.01191983
1013 436 11 34 0.011915962
588 334 85 104 0.011915959
167 139 25 35 0.011912728
18 366 8 10 0.011910671
760 312 11 13 0.011910058
269 244 40 56 0.011906473
71 0 40 40 0.011904435
833 286 9 12 0.011901568
315 321 14 17 0.011897995
971 104 22 32 0.011897787
340 287 8 10 0.011897767
927 178 67 97 0.011897746
305 315 9 10 0.0118901115
1002 758 22 10 0.0118885245
42 733 46 35 0.011882962
557 293 24 35 0.011880782
939 92 21 30 0.011875979
95 141 79 115 0.011875973
387 0 28 17 0.01187543
584 323 13 23 0.0118721
1004 579 20 45 0.011871808
355 159 10 12 0.011870964
292 0 144 140 0.011870435
229 0 33 23 0.011866088
899 92 21 30 0.011865619
206 274 22 30 0.011864366
591 300 13 15 0.011863073
32 15 15 15 0.011862713
817 48 42 58 0.011862289
320 364 26 34 0.011860336
54 756 28 12 0.011859524
1020 509 4 15 0.011857719
695 265 9 11 0.011850186
330 372 29 36 0.011846483
784 49 40 55 0.0118410345
976 80 22 31 0.011839411
947 285 23 25 0.011838148
150 79 15 18 0.011835709
35 682 13 17 0.011833371
843 121 181 321 0.011830617
0 528 11 21 0.011828408
0 63 29 50 0.011826803
950 67 23 31 0.011824296
858 757 14 11 0.011820235
218 0 20 13 0.011818594
42 2 31 33 0.0118160015
53 360 72 93 0.01181524
866 114 19 27 0.011814726
609 305 9 12 0.011811228
162 0 21 15 0.011810772
873 415 9 11 0.01180916
839 18 48 61 0.011808057
460 652 151 116 0.011805398
832 103 21 30 0.011803181
415 317 16 21 0.011802958
0 493 13 21 0.011801954
38 526 70 93 0.011800185
152 415 10 13 0.011797802
958 0 26 16 0.011797348
0 3 7 15 0.011796979
837 71 44 59 0.011794927
407 534 82 117 0.011794796
778 755 30 13 0.011792238
435 172 71 101 0.011791093
509 0 31 23 0.011790687
565 752 32 16 0.011788785
342 295 11 13 0.011788693
822 267 28 40 0.0117847305
0 163 13 34 0.011782329
923 0 31 22 0.011780479
574 492 26 38 0.0117803225
281 313 8 9 0.011778461
757 114 14 18 0.011778055
513 283 34 44 0.011774312
244 416 44 57 0.011772415
372 300 9 12 0.01177178
25 737 41 31 0.01176363
838 314 61 78 0.011763225
879 418 10 13 0.011763034
836 287 9 13 0.01176178
844 285 8 12 0.011761694
203 278 11 18 0.011759982
385 124 79 109 0.011757215
861 282 10 13 0.011756541
601 171 12 16 0.011755508
891 102 14 19 0.011754961
1000 351 10 11 0.011753192
337 367 36 44 0.011750236
597 0 246 174 0.011749967
468 263 43 56 0.011748729
450 386 53 53 0.011748518
731 98 19 27 0.011747578
928 159 39 58 0.011744623
881 71 21 29 0.011742935
947 289 16 17 0.011739847
1001 500 23 50 0.011728062
496 0 33 23 0.011723044
834 0 18 13 0.011722749
155 91 43 60 0.011720823
755 280 35 46 0.011719791
897 51 86 116 0.011719475
982 329 26 31 0.011718354
1002 312 11 13 0.011716664
342 0 19 15 0.011715702
752 698 11 12 0.01171558
594 748 43 20 0.0117117595
802 569 88 119 0.011710278
671 244 43 61 0.011709783
903 91 14 18 0.011708309
583 278 19 25 0.011705166
470 747 45 21 0.011702798
8 197 69 100 0.011701101
796 169 99 131 0.011699953
1019 66 5 16 0.01169356
340 299 13 17 0.01169216
604 243 43 61 0.011688813
995 200 29 54 0.011679988
5 291 19 25 0.011679745
741 10 40 44 0.011677309
898 110 21 30 0.011675812
990 307 9 12 0.011675727
267 530 87 113 0.011673296
827 277 9 11 0.01167173
547 333 68 85 0.011668703
31 0 26 18 0.011666738
607 303 8 11 0.011663295
883 310 68 86 0.011660979
920 262 14 21 0.011659869
593 317 13 14 0.011657846
647 309 33 41 0.011656318
312 266 9 13 0.011655352
772 279 19 27 0.011654447
431 43 134 207 0.011651734
760 46 41 57 0.011649459
840 292 12 16 0.0116442125
315 314 11 15 0.011642223
749 113 20 28 0.011640152
699 200 124 160 0.011636623
452 530 83 113 0.011633858
493 748 44 20 0.011633032
1006 299 8 10 0.01163039
683 232 63 88 0.011630019
328 338 11 15 0.011623151
670 326 44 56 0.011617999
609 141 81 114 0.011609565
1005 607 19 41 0.0116090225
419 753 33 15 0.0115953805
299 272 13 12 0.011593293
459 104 42 60 0.0115916
327 671 45 56 0.011590627
959 72 23 32 0.01158658
231 324 30 39 0.011584282
970 0 25 16 0.011582874
984 307 15 17 0.011578878
926 275 13 17 0.011577271
118 323 32 39 0.011576785
802 332 30 30 0.011573709
344 201 67 93 0.011573642
583 72 88 123 0.011572271
980 339 30 34 0.011570581
464 0 19 14 0.011570098
833 124 76 107 0.011566863
769 196 68 104 0.011566365
32 417 75 95 0.011565187
520 145 80 109 0.01156492
911 433 113 147 0.011562024
157 401 8 13 0.011559252
479 306 7 9 0.011556927
726 309 17 17 0.01155652
710 0 19 14 0.011555065
743 74 23 30 0.011554971
677 262 77 90 0.01155224
386 301 10 13 0.01155153
381 310 8 13 0.011550393
379 313 10 18 0.011548997
352 266 7 10 0.011545705
975 677 18 24 0.011544951
539 121 83 116 0.011542193
851 277 10 11 0.011541611
420 0 19 13 0.011541169
846 297 23 28 0.011538732
189 309 24 28 0.011538294
114 737 44 31 0.0115366075
235 65 45 46 0.011530411
259 341 18 25 0.01152793
1021 77 3 13 0.011525817
115 119 84 117 0.0115257595
972 129 13 17 0.011525756
934 288 13 18 0.011525686
994 369 25 32 0.011525664
0 681 47 74 0.01152316
200 372 47 57 0.011522853
231 123 80 112 0.011521735
833 318 9 14 0.011516526
775 108 21 30 0.011514463
382 537 148 212 0.011513829
1021 248 3 15 0.011513457
584 120 84 117 0.011510537
324 377 68 87 0.011510003
1018 1 6 18 0.0115090115
952 379 71 99 0.011508908
76 173 70 106 0.011505632
605 12 44 62 0.011504495
232 255 25 34 0.011502404
136 284 14 19 0.011502399
816 119 21 29 0.011502114
285 0 32 23 0.01149805
616 748 44 20 0.0114959935
1018 80 6 18 0.01149538
168 81 16 19 0.011492852
957 284 7 9 0.01149028
740 52 40 52 0.011490128
626 0 41 39 0.0114799915
942 63 24 31 0.011473492
143 306 23 31 0.011471114
860 261 42 49 0.011471035
597 233 64 94 0.011470087
445 37 54 67 0.011469858
320 58 46 57 0.011467081
319 251 32 46 0.011466682
301 355 12 19 0.011461093
223 415 45 58 0.011460037
559 242 20 31 0.011456157
14 315 32 42 0.011451235
52 143 79 113 0.011450525
549 673 143 95 0.011449932
478 513 81 106 0.011448639
287 90 46 63 0.0114441635
78 288 14 21 0.011438918
444 161 11 17 0.011437361
879 63 145 261 0.011437262
957 296 12 16 0.011426533
545 237 65 85 0.011424178
31 210 19 20 0.011423518
307 349 13 16 0.011422039
67 51 137 196 0.011420566
891 93 13 17 0.0114200525
960 96 23 31 0.011418334
956 296 21 26 0.011416059
870 21 46 56 0.01141498
944 86 21 30 0.011414611
9 326 11 13 0.011414527
909 68 22 31 0.011414095
686 582 44 64 0.011411882
86 270 29 33 0.011410867
376 734 52 34 0.0114102755
704 65 40 53 0.011406751
881 100 44 58 0.011404842
993 93 31 58 0.011403072
13 590 39 51 0.011402527
857 290 7 9 0.011396542
797 120 13 17 0.011395519
118 0 32 24 0.011394857
376 0 29 19 0.011391516
0 707 14 35 0.011390621
716 318 25 26 0.011385868
187 321 32 42 0.0113854185
622 755 31 13 0.0113842245
950 748 37 20 0.01138388
1021 18 3 16 0.0113827605
25 374 9 13 0.011381327
1007 278 8 10 0.01137144
304 197 64 97 0.011370247
863 98 39 49 0.011368843
627 592 83 118 0.011368103
52 444 71 94 0.011366668
241 0 20 15 0.011364573
669 315 13 19 0.011364529
390 288 11 11 0.011362872
309 318 7 9 0.011360151
954 275 30 36 0.011359501
357 13 46 56 0.0113588
1021 130 3 12 0.011357156
717 258 37 51 0.011353077
774 306 12 15 0.01134946
48 14 80 100 0.011348008
938 80 22 31 0.011346529
940 687 45 59 0.01134573
1019 120 5 17 0.011344786
920 570 88 119 0.01134377
458 289 12 18 0.011340496
797 467 16 22 0.011336586
260 250 33 48 0.011336422
254 15 46 59 0.011335145
151 394 14 15 0.011330356
928 253 61 80 0.01132136
425 142 129 180 0.011321076
146 392 23 32 0.011318075
108 0 148 183 0.011316289
230 0 19 15 0.011314915
635 535 46 58 0.011314067
291 552 88 116 0.011313437
156 689 140 79 0.011309254
530 315 14 21 0.011309068
945 0 31 21 0.011308847
77 598 76 106 0.011307662
525 285 95 108 0.0113068735
531 753 34 15 0.011305725
183 142 80 113 0.011305686
892 613 91 118 0.011301632
938 283 14 18 0.011301468
993 119 31 59 0.01129604
565 694 77 74 0.011293997
900 80 20 29 0.011291909
308 262 32 44 0.011291491
753 25 41 49 0.011291067
0 171 9 13 0.011289987
1021 12 3 15 0.011289154
614 683 46 63 0.011289056
744 163 75 110 0.011288983
677 300 10 14 0.011288525
0 374 10 21 0.0112870345
418 271 32 36 0.011286657
892 15 49 63 0.011278471
706 643 22 31 0.01127759
693 293 20 26 0.01127375
126 82 14 17 0.011271751
311 317 8 10 0.011270413
381 243 43 57 0.01126949
1017 317 7 19 0.011269189
950 80 21 30 0.011265978
578 294 20 20 0.011264444
743 0 30 19 0.011264328
960 236 50 65 0.011264293
676 303 80 96 0.011262689
325 295 7 11 0.011261419
823 757 26 11 0.011258474
536 219 44 61 0.011250841
60 0 20 16 0.011250468
879 126 74 104 0.011246301
323 7 45 56 0.011239782
10 205 42 54 0.01123803
330 147 52 69 0.01123795
248 327 13 19 0.011237357
285 305 10 13 0.0112370895
273 310 7 9 0.01123684
767 310 8 10 0.01123674
842 0 13 9 0.011236603
432 484 18 22 0.0112339705
69 304 13 15 0.01122984
868 588 89 121 0.011224982
993 450 27 34 0.01122016
886 118 15 20 0.01121945
805 102 21 29 0.011219407
184 0 34 25 0.011219025
692 94 44 58 0.011218632
0 630 18 31 0.011218054
417 303 12 20 0.011216488
32 370 36 45 0.0112162
617 307 15 22 0.011216055
950 583 48 64 0.011214195
332 675 140 93 0.0112130195
707 632 20 28 0.0112088965
137 342 21 25 0.01120645
1021 72 3 13 0.011206355
903 103 22 29 0.011206227
1019 106 5 16 0.01120197
305 282 12 14 0.011200499
18 0 19 14 0.011197972
497 280 36 47 0.011197595
754 103 21 29 0.011192477
486 305 10 12 0.011192398
694 352 26 32 0.011188992
158 118 84 118 0.011188602
991 333 24 29 0.011186418
97 571 78 110 0.011182326
896 515 78 98 0.011179373
745 321 12 15 0.011175743
975 433 43 60 0.011174823
849 241 23 34 0.011174538
682 63 42 56 0.011173155
74 63 79 108 0.011170319
448 747 45 21 0.011169493
656 0 27 18 0.011165133
174 0 20 15 0.0111626405
350 113 104 151 0.011160524
952 286 14 16 0.011158762
389 290 11 16 0.011158111
930 443 51 62 0.011157073
325 0 18 14 0.011156923
321 307 9 10 0.011151343
899 63 23 33 0.011150248
798 70 22 30 0.01114775
839 155 40 54 0.011144791
1021 45 3 15 0.011143589
789 395 70 93 0.011137558
34 28 43 54 0.011136124
629 340 37 45 0.011136033
571 0 19 14 0.011135548
664 454 15 17 0.0111346515
766 754 31 14 0.011134079
738 105 42 56 0.011133754
343 155 12 13 0.011133347
6 318 13 14 0.011132128
150 0 34 25 0.0111291865
259 263 14 15 0.011126212
62 326 12 18 0.011126138
115 34 81 105 0.01112329
345 175 9 12 0.0111196935
890 547 87 114 0.011117233
201 271 9 13 0.011117052
822 526 156 206 0.011114458
179 705 18 18 0.011113891
996 355 12 18 0.011111766
368 282 14 14 0.011110729
813 97 14 18 0.0111086
966 85 22 31 0.011104077
631 0 32 22 0.011103634
272 278 8 9 0.011101868
577 0 27 19 0.011101631
14 0 16 11 0.011100852
944 73 22 32 0.011098311
479 162 15 21 0.011097896
931 283 9 12 0.011095473
608 755 34 13 0.011093015
806 266 18 18 0.011092343
81 66 11 16 0.0110921
347 274 17 23 0.011091308
293 313 11 14 0.011091237
0 447 15 41 0.011090195
661 6 41 51 0.01108833
975 96 16 20 0.011086052
60 486 50 63 0.011084952
0 716 20 45 0.011081589
869 275 13 18 0.011081069
324 268 21 29 0.011080955
244 754 14 14 0.011079927
835 750 38 18 0.011078445
0 486 95 191 0.011075964
853 0 14 9 0.011074107
823 271 12 14 0.011070291
0 441 29 56 0.011070004
295 276 9 10 0.011069517
441 263 28 38 0.011067118
990 39 29 36 0.011059453
559 96 87 122 0.01105683
634 335 27 33 0.011056672
916 91 20 29 0.011054474
788 0 31 21 0.011052268
714 308 17 17 0.011051024
1019 97 5 17 0.011050398
617 328 15 19 0.011050083
93 83 82 112 0.011049835
828 323 9 13 0.011049535
759 332 24 28 0.011046923
834 699 74 69 0.011046841
322 582 48 67 0.011045742
380 365 13 20 0.011045301
65 754 29 14 0.0110436
8 305 9 9 0.011042484
865 254 16 28 0.0110416645
1001 265 18 23 0.011040014
250 218 39 57 0.011036452
71 335 23 30 0.011035726
370 0 19 13 0.011032127
501 300 11 14 0.011031112
687 264 17 20 0.011030176
19 370 12 21 0.011029234
996 256 20 29 0.011027438
525 261 23 29 0.011026307
1018 532 6 16 0.011025927
302 375 11 17 0.011025264
753 74 24 32 0.011024858
513 524 80 106 0.011022881
1021 110 3 13 0.011022287
992 266 16 22 0.011018836
810 0 20 14 0.011017514
804 86 21 30 0.011017172
808 79 36 47 0.01101714
677 164 77 113 0.0110167125
295 308 8 11 0.01101486
484 323 14 18 0.011014343
827 97 21 30 0.011014336
796 36 41 53 0.011013611
957 673 37 48 0.01101103
773 0 16 9 0.011010592
652 215 40 55 0.011005802
295 140 122 176 0.011005685
408 300 13 24 0.011003023
689 0 19 13 0.01100205
555 0 27 18 0.011002041
996 448 28 58 0.010998201
0 511 22 53 0.01099818
826 338 23 31 0.01099692
509 37 139 210 0.010992256
854 757 12 11 0.010991149
143 145 14 21 0.0109889805
286 276 9 11 0.01098778
247 283 9 13 0.010986947
794 9 45 56 0.010984521
10 11 47 62 0.010983016
80 272 20 31 0.01098226
804 102 44 59 0.010980709
476 0 20 13 0.010979405
893 346 48 59 0.010979198
500 294 16 24 0.010978729
784 532 81 112 0.010976631
912 756 27 12 0.01097458
909 373 41 54 0.010973538
1001 325 21 30 0.010972898
338 536 83 115 0.010972833
700 271 12 15 0.010970288
607 638 80 110 0.010966607
393 542 42 63 0.0109656695
868 232 30 39 0.010963749
612 306 12 14 0.010963149
764 144 80 110 0.010962384
387 315 13 16 0.010961074
370 203 65 93 0.010961074
136 502 86 113 0.010959517
673 74 41 57 0.010954462
718 296 11 13 0.010950965
799 96 21 30 0.010948309
420 500 157 212 0.010947539
534 10 47 66 0.010945825
805 647 46 65 0.010944915
256 386 26 30 0.010943567
0 325 7 12 0.010941541
913 0 27 28 0.0109413825
824 347 13 19 0.01094103
390 514 78 110 0.010938514
210 50 48 56 0.010938162
502 353 66 86 0.010937642
926 756 26 12 0.010935129
541 639 79 110 0.010933141
87 0 26 19 0.010931993
285 60 55 65 0.010930454
900 102 79 112 0.010926858
0 312 4 12 0.010925763
290 317 10 13 0.010922558
913 711 15 18 0.01092227
73 640 75 104 0.010921808
763 74 24 33 0.010921034
552 164 56 73 0.010921019
855 296 14 14 0.010920409
204 475 74 89 0.01091879
202 289 11 16 0.010917857
0 127 13 35 0.010917361
455 313 19 22 0.01091535
781 103 44 58 0.010914497
911 80 21 30 0.010913893
608 310 10 12 0.010910652
770 124 14 19 0.010909092
983 65 20 27 0.010908442
676 615 78 116 0.010907398
826 28 47 58 0.01090586
665 309 19 31 0.010904525
896 115 16 21 0.010904447
103 531 75 102 0.010902902
603 506 138 183 0.01090268
1007 659 17 33 0.010899436
292 292 8 12 0.010899176
692 73 43 57 0.010898475
675 279 12 18 0.0108984355
7 465 76 103 0.010896858
303 320 11 12 0.010893611
548 376 53 64 0.010890542
662 206 42 56 0.010888452
1016 419 8 24 0.010887779
290 303 7 10 0.010886513
894 86 21 28 0.010884925
521 171 12 17 0.010883271
299 13 46 60 0.010883201
1019 283 5 11 0.010882908
458 11 46 62 0.010878246
890 729 22 24 0.010876317
391 17 14 19 0.010875294
11 303 9 11 0.010874105
826 345 46 59 0.010871399
697 594 83 119 0.010870743
240 251 34 48 0.010866789
356 393 49 60 0.010862952
346 258 24 32 0.010858222
119 6 69 77 0.01085759
831 89 22 31 0.010856757
517 95 86 121 0.010856378
845 124 15 19 0.01085561
261 354 15 21 0.010855135
488 303 33 39 0.010854636
411 286 16 26 0.010854192
931 286 36 38 0.010852277
675 20 41 54 0.010848483
931 274 14 14 0.0108478265
482 163 10 12 0.0108464295
277 14 47 60 0.010842782
209 116 45 62 0.010839071
870 169 47 62 0.010837101
193 298 15 15 0.010836398
906 647 24 32 0.01083551
522 690 78 78 0.010833918
1014 44 10 32 0.010832642
891 288 107 125 0.010831652
565 262 13 17 0.010831093
200 95 17 18 0.010831033
0 308 104 233 0.010830775
274 124 79 112 0.010830734
765 101 22 31 0.010829791
188 754 14 14 0.010829755
199 506 86 107 0.010828655
471 562 83 116 0.010828126
850 324 18 22 0.010827641
889 64 23 31 0.0108249355
79 693 77 75 0.010824548
1001 683 23 43 0.010824328
0 181 16 24 0.010823023
943 101 21 30 0.010821792
28 598 77 109 0.010821744
0 213 11 17 0.0108216945
601 30 10 12 0.010818521
1019 137 5 17 0.010817758
156 81 15 17 0.010814019
207 246 31 43 0.010813432
837 96 22 31 0.010812514
878 295 28 29 0.01081124
207 325 31 37 0.010810197
524 480 124 160 0.010809253
467 349 48 61 0.010809003
910 537 44 52 0.010806378
45 679 16 18 0.0108047705
315 268 10 13 0.010803767
37 676 12 18 0.010802779
773 291 11 14 0.010802464
911 681 22 31 0.01080183
502 301 18 23 0.010800439
858 332 68 86 0.010797463
906 671 22 31 0.010795972
1000 309 20 28 0.010795651
203 104 85 112 0.010794777
249 563 84 119 0.0107940985
74 298 13 18 0.010793283
738 117 20 27 0.010793115
333 292 7 10 0.010792834
1004 196 20 38 0.010789138
632 329 13 18 0.010786484
744 292 21 27 0.010786187
52 334 19 23 0.010785768
321 310 10 12 0.010780726
870 109 20 27 0.010780386
233 325 17 22 0.010778879
1018 89 6 17 0.010775527
706 294 24 26 0.010774056
1021 105 3 12 0.010772757
93 85 42 56 0.010772399
0 251 6 11 0.010772093
5 352 14 18 0.0107694175
469 318 13 17 0.010768049
819 750 35 18 0.010767295
489 301 12 12 0.010766994
179 219 44 63 0.0107646715
330 0 32 23 0.010762319
409 266 12 18 0.010760959
484 0 14 9 0.01075898
848 113 22 30 0.0107567245
600 319 14 18 0.01075492
916 471 16 19 0.010753097
1004 166 20 41 0.010751847
1021 125 3 12 0.01075063
381 323 7 12 0.0107483845
1011 633 13 32 0.010747746
258 277 14 14 0.010745194
649 0 19 14 0.010743921
595 336 18 30 0.010742948
68 553 32 33 0.0107428
771 36 41 52 0.010739868
566 385 49 66 0.010737814
438 374 46 56 0.010737766
576 273 24 24 0.010736998
604 152 128 176 0.010736601
299 313 10 12 0.01073581
381 581 86 120 0.010735782
615 260 20 30 0.01073374
8 529 76 102 0.01073354
362 725 44 43 0.010731497
774 128 14 19 0.010727056
0 250 12 34 0.010726848
82 284 13 20 0.010726132
732 658 42 60 0.010723403
622 264 30 40 0.010722491
0 216 13 34 0.010721633
483 26 14 16 0.0107200965
324 282 10 13 0.010719776
980 91 15 20 0.010719433
1003 226 21 42 0.010717056
565 23 75 94 0.010716905
463 122 23 31 0.010714253
650 142 81 114 0.010710843
258 253 20 26 0.010710197
0 248 156 362 0.010707379
136 286 7 9 0.010706154
386 294 12 15 0.0107056135
11 399 70 93 0.010705043
373 301 34 47 0.01070066
806 602 47 66 0.010698624
964 215 41 60 0.010698482
810 107 21 29 0.01069729
829 107 38 48 0.010694348
7 575 73 102 0.01069372
10 0 13 9 0.010693012
803 533 48 59 0.010692784
584 31 14 15 0.010692482
633 20 42 53 0.010692418
30 127 70 96 0.010691402
519 301 13 17 0.010690122
360 277 15 17 0.010688563
609 339 34 45 0.010687982
88 12 44 59 0.010687202
991 399 33 56 0.010686329
394 519 40 59 0.010686062
454 0 19 13 0.010683788
847 344 45 58 0.010683411
867 0 19 14 0.010683141
0 5 13 32 0.010683033
550 503 139 181 0.010682614
872 73 22 31 0.010682501
30 172 74 106 0.010682239
794 111 19 26 0.01067936
317 329 13 15 0.01067825
413 552 47 62 0.010677358
413 331 66 87 0.010677322
460 56 44 61 0.010674143
169 318 22 27 0.010669391
503 317 24 30 0.010664312
465 145 54 71 0.010664066
350 267 7 10 0.010662483
687 8 38 46 0.010660766
478 473 76 101 0.010660593
854 97 80 113 0.010660415
551 746 41 22 0.010659105
785 122 80 115 0.010658125
693 541 45 60 0.010655696
687 632 45 61 0.010655077
76 297 17 26 0.010654555
528 208 42 55 0.010653384
31 659 69 100 0.010653359
334 315 8 13 0.010651507
594 307 15 17 0.010651127
746 533 81 112 0.010649956
692 565 44 61 0.010648378
363 238 109 140 0.010647836
759 108 22 29 0.010647161
416 727 62 41 0.0106462035
878 114 21 28 0.0106456345
874 73 81 113 0.010644025
540 594 81 114 0.010640312
707 0 14 10 0.010640135
162 415 12 10 0.010640004
494 122 84 114 0.010638798
199 263 8 14 0.010637671
834 298 190 373 0.010634741
68 298 13 15 0.0106317485
285 747 35 21 0.01063112
387 305 29 36 0.010630031
77 331 10 11 0.010628226
247 192 43 58 0.010627004
352 356 32 37 0.010626989
1016 492 8 25 0.010626361
201 567 83 117 0.010626339
359 160 17 21 0.010624616
568 662 46 63 0.010623469
425 566 85 118 0.010622709
834 264 19 21 0.010621287
884 192 55 79 0.010620839
500 169 74 105 0.010619401
125 296 9 12 0.0106193
153 354 41 59 0.010618287
0 237 109 162 0.010616705
983 200 11 15 0.010615325
521 298 18 26 0.010614172
187 317 19 28 0.010614117
659 477 74 93 0.0106136715
87 684 48 61 0.01061347
867 652 42 62 0.010610947
827 587 90 120 0.010610075
984 285 9 9 0.01060903
249 511 84 107 0.010605437
36 347 12 17 0.010605337
210 141 45 59 0.010605143
1003 140 21 40 0.010604947
831 551 13 15 0.010604313
118 742 13 18 0.0106020095
143 331 16 21 0.010600562
738 587 88 122 0.010599763
1017 465 7 19 0.0105993645
315 582 86 116 0.010599233
624 329 13 18 0.010599086
315 333 9 12 0.010598747
673 51 41 55 0.010597587
885 80 37 47 0.010597082
329 319 12 18 0.010596466
278 258 11 15 0.010596344
184 330 18 24 0.010594323
207 0 21 15 0.0105938045
295 358 20 30 0.010588026
731 99 13 17 0.01058754
823 32 26 33 0.0105872685
672 94 42 60 0.010586107
422 193 47 64 0.0105840275
413 11 45 56 0.010583476
1003 101 15 21 0.010582197
685 537 14 18 0.01058204
589 754 32 14 0.010582011
905 247 34 46 0.010580955
48 647 39 54 0.010580664
674 369 11 16 0.010578977
916 102 21 29 0.010578614
485 725 62 43 0.010577039
0 577 12 24 0.010573952
527 38 44 59 0.010573742
911 96 21 30 0.01057238
821 678 146 90 0.010571285
829 260 10 13 0.010571003
710 113 20 30 0.010570483
693 50 41 56 0.01056831
889 733 11 12 0.010566808
327 326 15 21 0.010566192
895 233 26 28 0.010562206
477 56 43 57 0.010561347
148 232 61 82 0.010560584
328 152 260 308 0.010557997
606 307 9 11 0.010556667
185 0 20 15 0.010556503
921 96 21 30 0.010556076
484 314 18 22 0.010555925
262 0 33 23 0.010555756
780 216 47 63 0.010552679
953 7 37 45 0.01055226
424 151 44 60 0.010551372
67 150 128 172 0.010550556
843 102 22 31 0.010550218
590 0 27 18 0.010548885
652 752 32 16 0.010547209
718 54 39 51 0.010547024
453 125 79 110 0.010546943
310 337 10 11 0.010546942
597 304 9 14 0.010546272
2 249 40 59 0.010546171
681 339 12 20 0.010543552
948 96 23 30 0.010541588
97 0 27 19 0.010540023
273 702 74 66 0.010538748
812 269 10 10 0.010537221
343 276 7 9 0.010535841
101 204 43 61 0.010535644
860 78 21 30 0.010534563
849 72 22 31 0.010532583
987 305 9 12 0.010530978
470 98 84 118 0.01052791
576 513 32 43 0.010527019
263 315 9 11 0.010526546
821 113 21 30 0.010525805
883 151 41 59 0.010525096
414 342 37 47 0.010524705
364 291 12 13 0.010524425
473 150 35 46 0.010522337
0 472 16 42 0.010519447
75 419 70 91 0.010519153
731 78 23 31 0.010518426
318 751 35 17 0.010517616
813 559 47 68 0.010517046
271 586 83 113 0.010516651
793 114 43 59 0.010515379
727 675 141 93 0.010515102
428 510 82 114 0.010514668
821 276 13 15 0.010513107
919 108 15 19 0.010512126
47 494 45 58 0.010511831
459 1 21 19 0.010510172
443 755 32 13 0.010509678
272 374 24 26 0.010508244
5 328 11 13 0.010506703
291 312 8 10 0.0105037885
18 340 14 20 0.0105033405
750 359 64 85 0.010501894
121 264 24 35 0.010501686
297 315 8 10 0.010500123
214 377 30 38 0.010497951
795 152 41 59 0.01049639
154 70 43 57 0.010495585
661 238 14 17 0.010494046
1022 264 2 13 0.010493785
176 242 97 129 0.01049255
978 686 14 17 0.0104922345
7 621 75 109 0.010492215
405 280 18 29 0.010491426
321 338 14 17 0.010489912
825 328 14 21 0.010487896
684 255 18 22 0.010487716
261 309 8 10 0.010487118
769 114 15 19 0.010486002
260 358 20 28 0.0104850875
9 522 42 59 0.010484532
193 328 9 14 0.010483105
639 207 40 55 0.010474893
444 432 12 14 0.010473931
962 744 40 24 0.010472665
0 21 9 24 0.010468701
115 469 312 299 0.0104667535
878 497 74 98 0.01046595
114 40 41 55 0.010464702
731 42 37 47 0.010463542
582 482 69 89 0.010462975
1006 49 18 36 0.010461513
167 124 39 52 0.0104614785
775 80 22 31 0.010460222
300 352 10 13 0.010458765
867 757 25 11 0.01045738
835 108 15 19 0.010456604
198 328 24 30 0.010453848
266 394 26 32 0.010453387
898 92 13 17 0.010452912
840 276 15 19 0.0104527315
374 330 21 26 0.010450253
39 339 7 13 0.010446635
532 0 19 14 0.010446273
829 288 13 19 0.010445324
764 9 26 31 0.010444327
902 0 27 28 0.01044375
599 51 136 198 0.010443435
698 141 82 117 0.01044307
479 313 11 14 0.010442643
830 103 15 19 0.010441267
1011 622 13 31 0.01043985
48 572 78 108 0.010439561
339 126 78 108 0.01043943
933 118 20 29 0.010438462
740 317 10 12 0.010436613
681 306 34 41 0.010434601
105 58 42 58 0.010434558
680 653 47 66 0.010433839
369 291 9 10 0.010432865
719 120 83 119 0.010429779
905 85 21 30 0.010429218
494 301 12 13 0.010426758
487 755 34 13 0.01042607
268 312 11 14 0.010425285
326 286 6 10 0.01042267
998 268 13 17 0.010419732
871 342 24 32 0.010418854
837 171 27 35 0.010415398
109 684 17 17 0.010414464
732 108 20 30 0.010414112
296 377 13 17 0.010413743
1003 114 21 39 0.010410778
683 38 43 55 0.010410552
908 393 40 54 0.010409799
569 542 80 112 0.010407194
829 73 83 114 0.010405942
770 90 22 31 0.010405509
313 183 42 57 0.010403923
137 545 84 120 0.010403162
919 714 43 48 0.010399668
268 233 15 16 0.010399436
490 312 13 12 0.010398422
931 95 37 49 0.010398421
0 593 15 41 0.0103975935
401 261 31 44 0.010397254
938 111 21 30 0.010397157
156 422 9 11 0.010393934
65 267 38 53 0.010393267
347 103 41 58 0.010393165
322 79 46 65 0.0103928195
204 283 15 23 0.01039239
600 339 25 31 0.010390762
503 106 43 60 0.010390433
457 85 70 96 0.010388336
784 325 12 21 0.01038816
117 317 113 149 0.010386719
393 42 42 53 0.010385778
901 548 47 65 0.010385714
964 286 11 12 0.010385078
746 313 22 25 0.010383193
167 354 19 27 0.010380895
855 118 21 29 0.010380633
545 265 27 34 0.010378875
1021 119 3 13 0.010378176
548 0 20 14 0.010376928
53 0 17 12 0.010375086
837 757 28 11 0.01037416
996 171 28 58 0.0103738215
771 417 74 96 0.010372652
1021 136 3 12 0.010370692
568 461 68 90 0.010370677
1021 141 3 13 0.010369953
32 45 47 63 0.0103697805
151 0 21 15 0.010367202
721 635 83 115 0.010366296
885 81 14 18 0.010365069
726 299 12 14 0.010363604
665 345 25 29 0.010363304
696 314 37 40 0.010359666
700 551 80 113 0.010358313
52 622 74 104 0.010358247
411 490 78 105 0.0103581995
353 423 24 30 0.010357253
1021 83 3 12 0.010356698
705 273 122 154 0.010356529
300 102 45 61 0.0103564765
207 268 16 18 0.010355036
410 114 68 90 0.010354095
190 299 71 93 0.010353579
744 102 21 30 0.010352481
592 323 17 28 0.010351925
386 22 15 21 0.010351452
45 7 39 48 0.010350092
732 107 12 15 0.010349446
455 491 79 106 0.010349084
194 324 14 20 0.010344668
389 573 44 62 0.010343993
340 155 10 12 0.010343665
783 403 50 64 0.010342713
520 618 81 113 0.0103409365
762 108 37 48 0.0103400145
436 11 45 59 0.010339701
262 409 55 70 0.010334993
516 58 42 58 0.010334905
200 60 45 54 0.010333796
162 572 83 115 0.010332311
979 101 16 21 0.010329331
934 102 21 30 0.010328927
932 291 8 12 0.0103268
291 242 21 28 0.0103265885
465 310 9 13 0.010326334
788 0 19 13 0.010325435
267 87 25 28 0.01032306
132 131 44 54 0.010320439
815 86 22 30 0.01031946
735 313 14 15 0.010319028
789 70 22 30 0.010317534
849 0 22 20 0.010315784
42 333 15 18 0.0103145735
607 170 12 17 0.01031423
902 590 47 67 0.010313471
16 319 17 25 0.010312953
690 457 24 32 0.010312092
597 221 38 53 0.010311095
841 228 101 127 0.010310386
336 288 16 21 0.010310202
602 664 45 64 0.010307861
112 13 45 60 0.010307805
448 587 82 115 0.010306569
225 382 27 38 0.010302622
414 69 67 89 0.010302183
158 37 86 105 0.0103017045
804 339 78 105 0.010301116
349 0 16 11 0.010299942
42 380 23 30 0.0102996575
485 159 20 28 0.01029918
385 305 6 10 0.010298422
170 202 65 99 0.010298329
8 605 39 55 0.010296192
194 275 9 14 0.01029531
736 10 24 30 0.010295087
664 43 37 48 0.010292555
952 536 30 35 0.010291668
292 325 13 18 0.010289792
694 275 17 23 0.010289103
807 1 38 42 0.010289007
808 94 82 118 0.010288627
699 97 21 29 0.010286789
496 305 15 21 0.010284973
804 131 13 18 0.010284807
240 748 32 20 0.0102822445
101 619 10 22 0.0102822
294 233 36 52 0.010280827
921 82 20 28 0.010280123
189 288 14 14 0.010279219
12 116 43 61 0.01027625
410 322 13 17 0.010275693
683 242 20 29 0.010275564
76 0 26 18 0.010273958
978 28 29 40 0.010273743
605 567 84 118 0.0102722235
48 563 45 54 0.01027119
253 299 8 12 0.010270439
815 101 22 30 0.010264288
0 8 6 17 0.010264234
345 470 17 16 0.010262757
462 315 11 15 0.010261478
1021 257 3 16 0.010260424
0 322 3 9 0.010257777
1021 99 3 13 0.010256037
0 269 62 180 0.010255991
507 296 10 15 0.010254435
345 59 45 57 0.010253451
1000 310 10 11 0.010252343
968 583 28 32 0.010252308
1010 308 11 13 0.010251339
675 89 22 31 0.010251008
910 636 24 34 0.010250719
842 128 14 19 0.010250176
274 491 76 99 0.0102484515
175 346 21 30 0.010247514
225 528 87 114 0.010246752
267 373 14 17 0.010246634
975 209 39 53 0.010246349
162 375 22 30 0.010245213
842 292 7 11 0.010243807
806 513 80 107 0.010241875
430 313 129 159 0.010241126
559 615 84 115 0.010237652
304 287 9 11 0.010237462
1011 379 13 35 0.010237189
662 236 22 27 0.010236953
921 376 28 31 0.010235183
90 126 44 62 0.0102316
702 294 10 13 0.010230035
353 295 17 19 0.010228554
929 71 20 31 0.010227766
696 108 15 18 0.010227376
765 316 13 14 0.01022594
760 94 22 31 0.01022382
1005 470 19 40 0.01022339
684 523 13 17 0.010222396
812 18 46 57 0.01022152
92 640 45 57 0.010220102
703 113 43 57 0.010219398
386 273 116 155 0.010219334
626 300 21 32 0.010212776
977 300 10 11 0.010211388
717 118 15 21 0.010210041
619 355 36 47 0.010209265
672 119 84 118 0.010208281
104 542 43 59 0.010206739
942 92 14 19 0.010206552
601 515 83 101 0.010204613
273 313 14 17 0.010204122
569 0 13 9 0.010204116
653 549 82 113 0.010203732
416 305 9 12 0.010203454
181 750 36 18 0.010200392
6 298 8 10 0.010200234
955 61 21 28 0.010198893
402 531 44 59 0.0101972865
903 384 75 100 0.010196576
758 153 42 59 0.010195296
311 320 8 11 0.010195029
402 29 42 55 0.0101924585
529 566 41 56 0.010192326
0 509 11 24 0.010191426
7 278 19 27 0.010189337
440 726 62 42 0.0101876585
158 82 24 27 0.010187338
83 207 40 55 0.010184869
486 318 22 29 0.01018388
35 79 46 63 0.0101834545
0 70 14 37 0.010182704
866 85 20 29 0.010181353
588 328 13 19 0.010180392
262 284 10 11 0.010179402
933 68 14 18 0.010178927
436 106 43 58 0.010178238
202 278 8 13 0.01017802
385 306 10 13 0.010175874
42 396 23 28 0.010175474
808 275 24 28 0.010173278
743 325 13 16 0.010172257
0 463 10 23 0.010172046
813 113 14 18 0.010169283
480 106 43 59 0.010167688
101 97 26 34 0.010167435
843 91 21 29 0.010166582
55 297 24 33 0.010166218
284 403 33 43 0.010165797
388 30 288 349 0.010165321
68 380 75 94 0.010164664
265 755 14 13 0.010164086
662 516 45 53 0.010163158
837 178 71 103 0.01016281
260 94 44 59 0.010162787
16 380 38 52 0.010161576
864 68 24 32 0.010161463
712 0 193 133 0.010161251
471 295 10 12 0.01015646
344 205 23 31 0.010156034
764 235 22 29 0.010153766
797 237 34 44 0.010148606
21 361 7 10 0.0101476805
24 276 22 32 0.010147384
903 637 44 64 0.010146032
559 170 11 15 0.010144351
220 465 49 59 0.010144013
419 605 153 163 0.01013916
1022 191 2 10 0.01013862
699 290 19 25 0.010138056
445 314 27 28 0.010136351
1021 376 3 15 0.010135213
974 13 22 35 0.010134597
291 511 82 108 0.010134032
616 383 64 80 0.010133996
830 0 14 9 0.010133797
7 310 8 10 0.010133685
188 23 46 62 0.010132013
760 244 42 60 0.010125876
1021 7 3 13 0.010125811
323 637 46 64 0.010124917
781 75 23 31 0.0101230135
21 0 13 9 0.010122711
791 684 45 56 0.010120966
195 166 13 14 0.010120388
784 604 85 119 0.010120121
935 290 9 13 0.010119405
494 0 17 12 0.010118807
213 193 42 57 0.010117227
42 676 26 36 0.010116572
130 310 8 12 0.010113888
697 292 13 17 0.010111418
250 295 8 13 0.010109895
628 369 38 49 0.010108318
411 0 15 10 0.010104903
472 332 25 31 0.010104533
16 666 138 102 0.010103927
591 323 13 18 0.010103838
307 267 16 19 0.010103629
165 341 23 31 0.010103267
886 106 15 20 0.01010321
287 564 48 61 0.010102136
823 72 29 37 0.01010125
808 137 11 15 0.010099629
486 165 26 31 0.010098748
972 67 22 31 0.010098349
410 692 76 76 0.0100963935
675 122 22 29 0.010092714
151 418 20 21 0.0100917285
825 319 11 13 0.010091285
602 0 22 19 0.010087587
629 532 85 107 0.010084835
897 662 44 62 0.010084102
333 699 48 60 0.01008314
309 0 27 19 0.010083026
321 320 15 16 0.0100823315
614 652 46 66 0.010079382
40 290 34 47 0.010076226
1000 101 22 32 0.010075467
604 175 12 16 0.010075445
518 569 80 113 0.010074259
370 412 46 56 0.010072462
428 101 84 115 0.01007198
483 34 57 72 0.010071593
664 271 22 30 0.010069908
1021 50 3 15 0.010068214
45 669 38 50 0.010067791
834 264 9 10 0.010067687
234 14 46 60 0.010067573
996 305 16 19 0.010064966
305 750 35 18 0.010064099
42 371 52 63 0.010064094
371 309 17 25 0.010063762
166 365 23 33 0.010063478
583 591 85 117 0.01006277
484 514 44 66 0.010062749
361 698 78 70 0.010062126
205 366 25 35 0.010061834
921 108 21 29 0.010059553
0 738 6 14 0.010058851
450 70 42 60 0.01005773
196 0 21 15 0.010057403
401 564 44 60 0.010057239
640 9 57 68 0.010056244
120 374 43 52 0.010055929
0 370 7 18 0.01005566
619 112 22 32 0.010054938
794 91 21 30 0.010054515
907 480 22 27 0.010053474
370 114 69 89 0.01005334
222 440 46 58 0.010052719
336 58 19 15 0.01005219
651 339 37 43 0.010051099
104 606 43 61 0.010050609
578 603 45 65 0.010050575
30 270 147 159 0.010050141
470 585 44 61 0.010049305
600 311 12 13 0.010049102
842 253 23 28 0.010045645
672 151 42 59 0.010043596
785 55 130 180 0.010042237
691 572 30 40 0.010042226
794 194 42 59 0.010041467
5 0 12 9 0.010038286
948 515 50 61 0.010037933
888 461 72 87 0.010037474
910 108 21 29 0.010034028
40 131 11 15 0.010030196
636 530 136 211 0.010030135
156 520 89 120 0.010029657
605 310 8 10 0.01002858
691 17 44 56 0.010028049
78 552 77 103 0.010027984
956 100 31 41 0.010026696
413 520 48 58 0.010025965
488 171 12 17 0.010024295
321 263 19 23 0.010023939
731 0 21 15 0.0100233555
1014 659 10 23 0.0100226095
705 195 42 58 0.010021306
176 301 9 11 0.010018403
284 312 10 12 0.010017922
679 683 76 85 0.010013293
875 228 127 155 0.010009434
977 92 34 41 0.010007125
648 96 87 121 0.010006613
914 672 23 31 0.010006376
849 97 21 29 0.01000626
1017 473 7 18 0.010006044
624 350 25 30 0.010005419
803 671 45 61 0.010004056
759 631 86 116 0.010003308
1022 223 2 12 0.0100016855
833 530 86 115 0.010001154
769 467 74 100 0.0100004915
635 146 43 65 0.01000001