40_Gymnastics_Gymnastics_40_596
1092
568 183 134 140 0.8162896
190 289 18 24 0.15266405
828 239 16 19 0.106945775
110 93 18 23 0.09910896
300 234 21 27 0.09632394
57 68 21 25 0.083101615
996 242 28 69 0.074930325
118 297 18 22 0.0696535
263 81 18 19 0.0684836
67 330 17 17 0.06736617
66 120 17 20 0.06337841
827 247 12 15 0.061419893
516 88 173 222 0.05950143
784 236 15 19 0.059302215
994 240 27 37 0.058365047
193 293 11 13 0.051388834
745 248 15 18 0.050397128
832 233 15 21 0.045824166
182 335 17 19 0.045314625
824 238 13 17 0.0447178
995 247 14 29 0.0440382
526 652 31 22 0.0438195
588 235 91 100 0.04294337
745 223 15 20 0.042553812
878 205 23 30 0.04227931
259 82 14 15 0.042274226
497 660 23 15 0.04174225
178 197 17 25 0.04118972
193 293 21 26 0.039829206
54 64 18 23 0.038784977
62 62 21 27 0.03850773
811 268 39 54 0.038287994
270 85 11 13 0.03821011
62 329 28 33 0.03796407
137 291 15 20 0.037808042
302 238 14 17 0.037297003
264 85 13 12 0.036369782
75 329 23 27 0.036326434
737 231 13 19 0.03613758
932 304 37 45 0.035684537
563 81 211 259 0.03491154
177 75 19 23 0.034661837
823 231 23 29 0.03452937
304 224 27 37 0.033786282
823 232 16 18 0.032875225
811 267 23 28 0.0328746
86 328 12 14 0.031935252
5 3 177 189 0.0318771
556 31 164 229 0.03157629
593 255 61 67 0.030371176
841 0 183 184 0.030203747
607 0 133 100 0.029935446
545 75 32 25 0.029889554
623 201 126 132 0.029884694
105 185 11 13 0.029610937
941 570 83 105 0.029605377
111 82 20 29 0.029596714
198 263 16 19 0.029027948
108 87 15 21 0.028843034
198 237 12 17 0.028465806
821 239 11 16 0.028350385
818 473 206 202 0.028224042
739 224 16 22 0.028093774
194 280 20 28 0.027532244
0 460 138 215 0.027230907
0 548 68 127 0.027101023
925 0 99 107 0.027018989
203 322 11 18 0.026964167
72 326 19 19 0.026674392
121 289 19 26 0.02658737
306 243 17 22 0.026563536
130 293 19 23 0.02630393
832 246 10 13 0.026278028
194 298 13 17 0.026230557
378 447 102 134 0.025909772
389 392 189 228 0.025774114
221 329 14 17 0.025769446
197 263 11 14 0.025629407
824 245 11 13 0.025139019
105 94 16 20 0.024880927
24 421 23 18 0.024863807
0 0 68 97 0.024845287
82 0 312 213 0.02484512
441 650 29 25 0.024353495
127 214 41 58 0.024283364
0 30 107 198 0.024094578
264 331 26 27 0.024027113
135 216 17 21 0.023950292
416 607 123 68 0.023885092
187 283 17 25 0.023828892
683 229 77 101 0.023723558
574 131 103 149 0.023686942
292 237 24 30 0.02338782
179 334 27 30 0.02335181
116 331 19 21 0.023305444
994 254 18 32 0.023297349
787 232 15 18 0.023286045
79 324 20 22 0.02325749
595 276 76 87 0.023170061
930 309 15 25 0.023160074
219 334 18 21 0.023155147
217 217 17 19 0.023090014
328 267 17 23 0.022834422
993 232 22 33 0.02273145
834 239 10 14 0.022667114
576 250 117 143 0.02266121
185 333 13 14 0.022661192
0 25 67 135 0.02254226
110 252 18 24 0.022414993
472 0 199 250 0.022158302
364 433 13 14 0.022095716
308 237 25 32 0.02203992
488 651 31 24 0.02195468
411 524 156 151 0.021900654
516 657 28 17 0.021757232
765 291 23 24 0.021605955
254 324 41 45 0.02129649
534 0 143 96 0.021256374
176 62 24 33 0.021239964
258 90 23 25 0.021222297
67 47 159 192 0.02108792
391 589 95 86 0.021064162
96 0 130 93 0.021037305
524 206 124 123 0.02102312
945 305 23 28 0.020982012
920 304 54 73 0.020918002
533 637 42 36 0.02090508
68 72 16 20 0.020899981
544 184 17 22 0.020893978
115 96 11 14 0.020583203
0 20 218 335 0.020463986
126 197 28 31 0.02033174
0 113 103 207 0.020304348
465 410 164 246 0.020269835
779 231 24 29 0.020262327
609 107 110 157 0.020191276
412 0 129 93 0.020189535
0 0 43 63 0.02013452
330 101 19 22 0.020117506
704 0 32 27 0.020115342
984 247 40 99 0.02007864
819 242 20 24 0.02005301
467 617 88 57 0.020045176
62 110 25 32 0.020017521
874 202 36 47 0.019965084
213 543 147 132 0.019959133
993 257 12 21 0.019954076
138 317 14 18 0.019894285
350 583 86 92 0.019884557
501 656 34 19 0.01976363
8 0 130 114 0.019747471
119 116 18 21 0.019648386
999 246 15 24 0.019634418
47 0 212 140 0.019474324
306 230 17 22 0.019408831
0 350 69 173 0.019365855
581 0 253 221 0.019318856
589 0 102 71 0.019258378
589 531 164 144 0.019206217
119 292 29 33 0.019175027
196 290 11 15 0.019169593
983 219 41 77 0.01907272
47 541 141 134 0.019030785
64 422 18 18 0.018998202
184 292 15 18 0.018986568
297 231 16 20 0.018982658
249 129 17 44 0.018977648
946 0 28 28 0.018939165
187 487 253 188 0.01891889
63 334 17 20 0.018898072
58 56 21 27 0.018848633
133 545 141 130 0.018848132
107 81 34 40 0.018805103
0 139 125 345 0.018781746
836 240 11 18 0.018763894
269 78 17 21 0.018757094
265 75 14 18 0.018698107
632 131 129 161 0.018645605
679 460 237 215 0.018637024
780 376 25 25 0.01857807
505 665 15 9 0.01854784
137 0 205 129 0.018501403
172 244 15 17 0.0184603
193 260 25 34 0.018458193
529 659 19 16 0.018451236
828 229 16 19 0.018422032
50 70 19 23 0.018399576
0 424 73 172 0.018367436
940 315 23 31 0.018314442
820 232 12 16 0.01829736
113 96 25 28 0.018278703
328 543 164 132 0.018249862
189 290 11 14 0.01823573
103 157 113 158 0.018227534
301 247 15 22 0.018210327
331 0 132 96 0.018210024
783 506 37 62 0.018176014
147 0 106 77 0.018149514
404 60 160 187 0.01814849
506 626 58 47 0.018138407
664 0 93 68 0.018116172
830 246 8 10 0.018091815
191 271 17 27 0.018067531
274 81 10 16 0.018016027
117 305 17 22 0.018004805
1005 244 19 27 0.01799643
201 291 16 22 0.01798277
56 72 27 37 0.017847667
102 185 15 20 0.01784506
128 209 27 40 0.017818084
214 221 25 40 0.017814664
263 88 11 13 0.017775953
55 320 43 50 0.017770544
117 91 17 20 0.017740665
965 134 59 134 0.017734123
710 137 157 190 0.017716467
96 92 23 28 0.017624948
386 0 104 76 0.01760271
751 221 16 21 0.017594865
921 435 103 189 0.017538581
126 281 18 21 0.017537136
64 0 108 76 0.017492417
462 0 108 71 0.017490454
248 0 141 103 0.017431878
23 452 281 223 0.017430592
548 84 20 16 0.017430207
114 87 37 42 0.01742111
0 366 21 36 0.01741908
120 190 74 100 0.017391484
614 270 115 139 0.01737858
84 331 19 22 0.017363237
270 79 10 15 0.017328402
932 310 21 31 0.017298453
813 235 17 22 0.01729777
689 0 134 99 0.017279256
981 153 18 32 0.017261248
515 453 228 222 0.01725987
824 241 8 10 0.017229257
782 233 14 16 0.01720254
184 288 31 42 0.017154941
828 237 12 12 0.017122833
933 1 45 51 0.017090747
878 451 16 19 0.017059645
188 299 15 19 0.017058825
268 569 120 106 0.017021839
129 299 28 35 0.016999949
178 318 12 18 0.016931819
132 108 128 175 0.016923605
312 239 16 20 0.016861638
779 241 17 22 0.016833566
871 261 41 52 0.01681857
321 238 31 36 0.016813414
950 27 74 158 0.016812203
687 526 135 149 0.016780194
265 85 19 24 0.016752064
193 578 96 97 0.016746158
293 209 32 48 0.016722424
739 234 18 27 0.016715677
534 56 40 36 0.016713014
0 612 35 63 0.016696928
194 298 8 11 0.0166939
790 235 17 21 0.016676003
776 200 111 148 0.016672011
111 333 30 36 0.016649377
782 293 13 14 0.016639087
795 265 15 20 0.016625876
0 266 72 180 0.016605955
214 126 124 166 0.016600067
638 6 133 155 0.016596174
262 79 10 13 0.01658838
730 34 140 193 0.016573953
952 0 20 15 0.016570475
776 363 43 50 0.016477792
0 180 75 185 0.01647584
794 0 161 131 0.016472403
747 226 18 28 0.016472338
866 0 101 86 0.01645705
966 154 31 46 0.016418455
0 339 44 119 0.016414128
657 246 90 107 0.016383298
148 203 111 155 0.016377755
0 309 215 341 0.016367322
850 551 132 124 0.016342236
199 270 14 19 0.016339665
893 255 17 19 0.016309332
69 332 10 10 0.016269395
255 80 13 16 0.016232183
0 413 46 124 0.016224988
269 3 160 160 0.016212592
760 87 130 178 0.016197875
245 199 132 161 0.016184032
502 0 112 72 0.016157681
822 250 22 25 0.016137423
57 205 22 30 0.01613412
796 225 72 93 0.016112732
180 322 18 23 0.016109232
112 580 94 95 0.016083354
71 169 14 16 0.016037865
195 266 13 19 0.016032701
0 80 51 138 0.0160223
196 280 29 39 0.01599913
946 351 21 28 0.015944337
114 305 27 34 0.015918456
307 387 14 15 0.015909566
106 60 258 311 0.015890447
91 104 20 26 0.015885983
696 0 201 164 0.015857097
773 294 20 18 0.015822502
646 84 245 294 0.015815366
191 0 90 64 0.01578332
876 218 23 36 0.01575337
685 58 73 117 0.015741931
875 0 55 49 0.015707472
931 353 93 168 0.01570662
729 228 128 163 0.015697917
214 333 29 32 0.015696106
231 215 91 116 0.015691904
29 575 99 100 0.015678482
261 84 9 10 0.015659368
794 505 21 27 0.015650561
120 186 42 59 0.015647348
520 661 15 13 0.015642662
1021 660 3 14 0.015588383
647 261 132 166 0.015560104
510 662 17 12 0.015540173
570 305 128 178 0.015539901
537 235 189 226 0.015501439
402 614 58 60 0.015477427
689 215 59 75 0.015455241
303 0 111 79 0.015455131
585 564 105 107 0.015416828
63 70 13 18 0.015398335
107 204 10 12 0.015389511
917 284 39 49 0.015382014
760 484 28 32 0.015371166
815 165 114 160 0.015329772
770 530 142 145 0.01532932
694 84 128 180 0.015327281
220 0 115 79 0.015310377
264 326 21 21 0.015280223
192 304 13 18 0.015232072
398 80 23 29 0.015224893
112 94 11 13 0.015219797
960 205 64 140 0.015210769
171 183 20 26 0.015209441
315 220 37 46 0.0152047975
1008 228 16 34 0.015204705
879 192 25 34 0.015173836
822 242 8 11 0.015164705
815 263 18 18 0.015146296
262 73 26 31 0.015142401
175 79 14 17 0.015138188
484 636 61 37 0.015106792
540 64 122 154 0.015102456
122 302 11 14 0.015089034
138 281 18 25 0.015077967
176 65 8 11 0.015075762
370 407 90 137 0.015071881
68 339 17 20 0.015061118
33 135 247 344 0.01504631
405 130 162 198 0.015018487
538 659 19 16 0.01500523
188 337 11 13 0.014977663
207 183 79 109 0.014970217
304 554 18 23 0.014951989
1012 647 12 27 0.014947828
751 0 227 264 0.014947226
543 269 115 143 0.014942067
971 152 23 29 0.014938997
1008 0 16 24 0.014936298
756 220 84 104 0.014929048
838 232 186 322 0.014899712
353 0 90 62 0.014896478
0 488 45 118 0.014839207
730 231 18 23 0.014832016
267 185 91 112 0.014824424
742 0 18 23 0.014797265
164 232 71 97 0.014788811
589 522 21 26 0.014787842
436 318 158 241 0.014760234
364 12 245 287 0.014760079
178 244 16 20 0.01474311
985 615 39 60 0.014743032
768 290 16 17 0.014724032
175 81 17 27 0.014675039
748 242 15 21 0.014666463
68 123 22 23 0.014648842
218 185 18 25 0.014635134
936 288 31 39 0.014630633
826 250 9 10 0.014623428
0 167 49 128 0.014589328
805 227 19 24 0.014556885
477 662 16 12 0.014546128
165 274 35 46 0.0144977905
245 53 140 166 0.014493552
57 98 78 98 0.014485054
62 124 20 27 0.014474565
825 233 111 151 0.014445249
597 309 73 86 0.014436427
0 333 108 280 0.014432878
749 170 100 129 0.014432681
298 202 122 152 0.0144273825
787 376 17 14 0.014393942
297 393 12 11 0.014349491
933 262 91 177 0.0143479705
267 90 11 13 0.014341023
415 377 91 120 0.014334057
288 391 18 17 0.014332633
71 422 12 14 0.014331929
744 219 12 18 0.014313772
132 509 24 31 0.014311664
740 557 97 118 0.014301054
141 310 24 30 0.014289468
843 235 74 97 0.014262042
136 236 24 32 0.014249344
674 195 130 158 0.014237942
945 323 14 18 0.014213365
109 79 17 22 0.0142125245
131 224 24 37 0.014209278
103 196 14 22 0.0141894715
881 200 15 22 0.014185705
183 342 14 16 0.014167138
224 326 13 15 0.0141590005
66 97 20 25 0.01415129
639 471 158 176 0.014134228
70 62 15 20 0.014115841
588 15 107 104 0.014104025
1019 0 5 14 0.014098754
0 61 45 90 0.014072409
290 194 50 70 0.014066106
765 496 66 110 0.0140653085
300 391 15 12 0.014052112
319 188 84 108 0.014012341
369 314 150 225 0.013995917
197 315 16 21 0.013991735
588 511 96 127 0.013981041
1018 657 6 18 0.013977589
617 259 58 61 0.0139498
566 436 133 183 0.01390119
174 61 137 180 0.013863372
52 18 109 116 0.013852278
724 484 114 150 0.013834446
61 240 20 29 0.0138313165
13 295 136 196 0.0138263125
571 56 43 24 0.013822039
1001 38 23 50 0.013818784
114 295 16 19 0.013811928
180 297 24 32 0.0137857385
546 653 26 21 0.01374313
840 81 184 327 0.013716164
119 305 36 45 0.013713209
197 302 18 24 0.013704805
857 61 123 202 0.013688142
992 147 32 66 0.013686629
141 295 16 20 0.013678524
172 180 16 18 0.013677197
272 0 93 63 0.013674156
60 329 17 17 0.013653078
770 271 127 171 0.013638857
514 139 116 139 0.013638101
197 268 8 10 0.013637116
248 448 136 172 0.013625644
844 450 22 23 0.013611262
196 301 8 11 0.013598995
60 335 32 45 0.01358592
500 568 103 107 0.0135768
42 319 68 83 0.013575034
751 479 42 55 0.013572969
191 277 8 10 0.013571783
50 201 42 53 0.013520015
780 0 111 83 0.01350918
216 204 50 68 0.013501207
470 0 172 121 0.013500439
61 342 22 29 0.013491767
750 224 11 15 0.01345525
90 330 9 9 0.013447796
890 308 125 169 0.013445352
103 239 120 165 0.0134324385
327 274 13 18 0.0134321805
830 250 13 15 0.01340649
514 246 102 116 0.013401212
539 437 95 165 0.013396233
213 227 137 174 0.013394927
54 189 125 178 0.013394104
81 88 69 79 0.0133889215
85 490 149 185 0.013382702
655 567 114 108 0.0132974405
724 400 151 202 0.013295281
539 540 128 135 0.013285981
54 328 83 102 0.013275948
728 232 37 46 0.013269722
139 268 129 171 0.013243085
0 255 46 121 0.013234192
106 291 42 55 0.013229415
103 59 39 52 0.013228766
901 216 15 18 0.013223483
909 106 112 189 0.013218751
447 41 143 147 0.013208345
891 210 21 23 0.013199881
40 404 153 194 0.013164817
903 193 12 17 0.013150632
243 320 61 72 0.013142487
179 334 14 15 0.013139749
212 327 20 24 0.013107549
351 222 85 109 0.013105499
607 285 51 47 0.01309388
621 232 81 82 0.013093441
372 554 85 108 0.013089553
120 307 11 13 0.013086952
1013 64 11 38 0.01308594
73 336 16 18 0.013084195
983 286 41 99 0.013071949
239 259 146 185 0.013041294
159 190 78 105 0.013034257
807 305 133 177 0.013019288
409 487 116 122 0.013008878
73 331 12 12 0.013004823
102 247 25 39 0.012992205
887 209 17 20 0.012990833
372 15 136 161 0.0129896505
833 241 8 9 0.012981393
126 277 14 16 0.0129572395
244 227 25 37 0.01295349
1022 0 2 9 0.012949595
67 58 30 39 0.012940614
974 41 50 106 0.012932221
63 410 14 13 0.012908176
59 424 22 24 0.01290736
220 0 280 223 0.012901846
334 237 125 158 0.012897059
105 277 36 48 0.01288803
841 336 138 181 0.012887725
523 312 133 204 0.012885152
868 366 156 224 0.012882544
76 81 42 46 0.012867608
816 232 11 17 0.012860059
770 289 11 11 0.012854781
114 306 14 15 0.012841754
668 99 92 131 0.01283424
102 77 57 66 0.012809786
486 660 24 14 0.012800929
774 351 67 82 0.012788435
801 225 33 39 0.012782831
22 419 84 122 0.0127600385
1019 3 5 28 0.012759083
964 165 36 76 0.0127576245
66 112 15 22 0.012749986
136 286 30 40 0.012747156
62 607 76 68 0.012740621
122 330 16 16 0.012738938
690 261 80 116 0.012678623
528 42 45 33 0.012675853
537 77 38 39 0.012662526
787 238 9 9 0.012659624
114 342 38 45 0.01265776
825 0 106 83 0.012656051
173 471 149 175 0.012649154
552 642 28 32 0.012647218
1022 11 2 20 0.012646053
188 18 97 108 0.012640434
56 108 121 159 0.012636772
185 315 22 30 0.0126293
772 342 129 174 0.012628475
120 280 17 20 0.012619211
334 88 76 81 0.012618369
360 98 13 17 0.012615916
131 317 19 22 0.012605529
799 283 45 54 0.012587496
975 0 49 49 0.012584777
72 96 32 38 0.012558558
182 316 18 20 0.012556291
56 295 43 55 0.012550306
136 223 11 14 0.012542667
782 148 85 113 0.012537755
272 88 10 15 0.012524675
0 365 31 56 0.012510376
176 320 9 16 0.0125018405
8 623 53 52 0.012501533
503 72 98 112 0.012486368
1023 15 1 18 0.012483035
68 324 13 17 0.012466257
265 337 33 39 0.012465549
772 410 18 22 0.012451457
173 203 18 21 0.012436629
702 0 45 47 0.0124297775
198 293 12 14 0.01242794
325 93 11 13 0.01240969
0 649 13 26 0.012408282
188 327 32 38 0.012400223
818 288 36 43 0.012383751
748 0 93 68 0.012382134
938 162 60 93 0.012368975
987 252 19 30 0.012368385
831 245 17 19 0.012364789
104 82 14 18 0.012331683
137 299 14 19 0.012316112
820 238 8 12 0.012315261
25 653 26 21 0.012305877
231 119 35 60 0.012301255
198 248 18 25 0.012298547
850 494 84 110 0.012292862
734 227 14 19 0.012291636
225 95 62 74 0.012253288
194 240 14 18 0.012250912
931 294 24 33 0.012250711
855 263 121 168 0.012248212
837 244 7 11 0.012202663
423 118 58 71 0.012194839
410 274 137 187 0.012185115
182 240 18 22 0.012179326
629 261 77 85 0.012178819
918 339 74 106 0.012174673
131 222 19 25 0.012173837
330 260 18 24 0.012173174
323 273 13 16 0.012156783
173 324 26 34 0.012114394
834 233 10 15 0.012112569
1005 240 14 20 0.012111517
779 380 28 37 0.012107653
234 500 102 119 0.012106017
177 298 143 181 0.012101703
178 264 47 66 0.0120999925
738 308 130 169 0.012088583
68 328 51 60 0.012081099
904 191 18 24 0.012076488
20 609 78 66 0.012074076
994 209 30 59 0.012056822
755 153 233 300 0.01205317
126 85 27 31 0.012032999
286 241 32 41 0.012019816
793 255 82 106 0.012017743
325 93 18 20 0.012005482
85 301 142 185 0.011999191
335 381 159 204 0.011996602
248 146 22 37 0.011987732
546 60 42 41 0.0119869625
122 320 25 29 0.011986614
92 413 95 131 0.011974609
295 120 127 162 0.01196085
280 154 70 98 0.011958421
136 287 12 18 0.011942421
204 328 11 17 0.011938612
123 200 16 22 0.011934871
103 40 58 80 0.01192831
872 25 82 133 0.01192376
74 342 87 112 0.011921476
959 0 16 11 0.01192047
404 69 88 120 0.011916644
95 111 20 25 0.0119159715
61 73 40 48 0.0119147245
222 540 47 67 0.011902996
736 222 24 35 0.011902382
609 302 50 57 0.011899957
298 274 23 25 0.011883112
416 147 86 131 0.011879744
752 336 233 316 0.011878128
827 238 8 10 0.011875874
884 207 40 50 0.011861363
750 113 95 124 0.011851368
303 380 79 103 0.011849856
57 58 14 19 0.01184492
261 117 37 42 0.011843187
547 41 89 80 0.011838654
345 174 100 130 0.011836411
245 218 21 27 0.011834913
56 624 51 51 0.011828111
710 237 59 73 0.011820086
814 90 111 157 0.0118025
100 203 18 32 0.011797499
108 224 259 347 0.011792729
513 459 87 162 0.0117913475
833 252 9 10 0.011784638
899 451 19 18 0.01178216
1002 251 22 39 0.011773674
40 413 47 57 0.011772455
349 103 50 56 0.011751716
133 30 123 148 0.011747627
385 513 53 66 0.011725659
198 228 17 23 0.011704644
44 60 28 38 0.011701342
975 150 40 57 0.011693801
195 321 21 28 0.011691975
91 321 58 73 0.0116899945
167 137 34 49 0.011685647
378 500 104 124 0.011680313
42 0 83 71 0.011678907
120 89 23 25 0.011670799
933 284 21 29 0.011669042
314 461 16 31 0.011662524
467 152 138 163 0.011661993
54 365 44 58 0.011661574
1015 46 9 30 0.011658996
206 104 206 249 0.011654397
836 233 18 23 0.011647047
17 240 112 157 0.011641417
1018 70 6 29 0.011628899
81 181 86 112 0.011616589
802 0 20 14 0.011615944
425 627 51 47 0.01161475
913 253 40 56 0.01161015
483 665 11 9 0.011609756
410 436 115 129 0.011604608
880 218 16 22 0.011596078
257 75 13 17 0.011591633
618 599 92 76 0.011587716
875 233 69 100 0.011586496
428 647 29 28 0.011583546
951 238 58 74 0.011580701
68 427 17 20 0.011563526
202 541 80 103 0.011561355
388 263 86 108 0.011561009
279 190 36 54 0.011557809
481 63 79 94 0.011557758
352 107 13 19 0.011545526
193 273 10 13 0.011540861
335 64 141 164 0.011537088
202 238 14 17 0.011535638
61 414 18 19 0.01152527
347 436 83 118 0.011519699
99 44 105 124 0.011517261
179 338 35 43 0.011516503
100 106 74 99 0.01151482
217 321 17 22 0.011506933
315 423 51 65 0.011506656
123 304 15 16 0.011485088
365 432 20 22 0.01147715
751 296 91 118 0.011474266
176 65 14 21 0.0114741195
649 181 78 98 0.011469507
829 220 23 31 0.011469391
601 408 130 175 0.011461842
706 182 87 118 0.011457805
265 328 13 14 0.011455556
1007 273 17 48 0.011455424
803 379 141 188 0.011452075
114 105 30 32 0.011450955
432 345 92 113 0.011432156
55 394 91 126 0.011422907
251 85 23 24 0.011422759
803 261 25 26 0.011418096
806 238 14 17 0.01141663
199 298 14 18 0.011412163
1016 56 8 35 0.011411223
98 186 27 36 0.011411069
6 467 47 69 0.0114093
183 205 15 18 0.011402462
923 450 21 25 0.011400691
126 339 37 42 0.011384002
814 270 16 16 0.011378803
60 215 12 19 0.011371289
231 50 105 119 0.0113712475
704 39 86 127 0.011355192
207 321 20 24 0.011355148
249 101 55 65 0.01134745
860 206 103 151 0.011346711
164 0 18 13 0.011346632
154 0 19 14 0.01133944
816 222 19 25 0.011337615
789 240 11 12 0.011324615
487 268 137 188 0.011323424
271 337 24 25 0.011295895
162 289 36 47 0.0112914145
453 654 26 20 0.011290667
202 297 18 24 0.0112864375
29 398 70 89 0.011285057
799 1 49 53 0.011273934
536 69 32 29 0.011271436
124 265 78 103 0.0112479245
295 76 116 133 0.011244565
254 138 13 25 0.0112403855
103 98 22 30 0.011239171
163 584 86 91 0.011238305
506 646 42 28 0.01123188
185 339 9 10 0.011229344
170 248 11 15 0.011225818
688 301 134 174 0.011218164
435 118 91 140 0.011200321
114 88 12 18 0.0111991055
181 61 14 14 0.011192976
538 175 27 38 0.01118801
194 288 8 12 0.011187402
288 176 39 58 0.011185504
174 319 17 25 0.011183975
304 242 8 10 0.011181675
29 417 17 17 0.011179862
370 153 240 316 0.011177622
174 0 19 13 0.011138019
189 310 18 23 0.011137267
191 245 106 137 0.011136614
923 298 23 33 0.011132229
172 340 24 27 0.011123837
940 262 66 81 0.011120536
652 354 129 173 0.011106751
902 280 98 134 0.011104947
63 102 15 21 0.011103867
762 299 24 26 0.011092052
269 82 8 11 0.011091627
524 43 24 22 0.011090989
379 280 110 146 0.011084657
175 98 13 20 0.011083238
197 305 10 12 0.011071903
275 107 82 98 0.011070274
301 189 32 51 0.011064631
66 58 15 19 0.011051946
465 655 25 19 0.01105082
99 179 16 19 0.01104953
787 257 19 25 0.011038608
88 94 20 27 0.011037093
290 218 24 33 0.011033612
658 395 71 90 0.011030518
378 69 45 54 0.011029312
145 210 50 64 0.011016364
591 337 88 113 0.011016045
372 103 11 12 0.011015965
1022 203 2 21 0.011015713
142 176 197 264 0.011012897
774 222 37 46 0.011009442
300 432 141 181 0.010998484
448 377 98 122 0.010996429
778 377 76 99 0.010993349
74 98 48 58 0.010965843
502 0 70 51 0.010962489
61 64 69 77 0.010961507
69 103 23 29 0.010958973
50 66 14 19 0.01095673
203 258 20 25 0.010951312
912 21 86 119 0.010950999
943 308 14 17 0.010949338
68 127 14 17 0.010945272
190 331 13 15 0.010942885
784 504 75 108 0.010935801
1020 201 4 26 0.010930222
827 552 94 114 0.010924826
226 327 20 21 0.0109242
238 90 41 37 0.010906453
373 198 124 154 0.010901734
329 358 31 39 0.010900499
415 325 86 107 0.010898985
468 556 95 109 0.0108977165
43 277 68 90 0.010894414
197 233 20 28 0.01088457
186 275 16 21 0.010866395
129 229 49 65 0.010862907
640 0 55 46 0.010857763
111 315 23 29 0.010851921
189 322 12 15 0.010843259
397 463 68 88 0.010841045
513 395 95 153 0.010839041
977 0 20 14 0.010838369
402 109 16 29 0.010836283
315 606 80 69 0.010834867
628 333 90 112 0.010830786
794 259 27 32 0.010828208
963 154 21 27 0.010825492
137 207 20 25 0.010821412
796 376 11 12 0.010815853
181 86 13 17 0.010805776
356 70 75 88 0.010793115
1022 1 2 21 0.010791544
316 248 29 35 0.010788073
205 209 38 60 0.010786456
52 417 25 26 0.010777112
227 328 104 131 0.010772024
353 621 51 54 0.010764837
203 315 16 21 0.010761259
776 408 24 27 0.010758923
192 254 39 58 0.010754415
75 291 44 54 0.010748931
323 0 19 13 0.010743528
92 624 54 51 0.010742297
671 148 77 112 0.010739652
71 257 54 73 0.0107388
313 0 19 14 0.010727665
140 265 18 20 0.010725371
993 0 31 33 0.010724742
622 59 102 130 0.010717742
623 518 97 116 0.010710749
183 71 16 20 0.010709878
113 274 52 66 0.010709833
0 643 24 32 0.010707748
144 0 19 13 0.010704882
682 440 47 64 0.010704394
17 29 78 108 0.010703041
882 449 15 16 0.0106979
899 190 108 169 0.01068721
260 64 258 313 0.0106815025
115 248 17 24 0.010670874
172 44 32 49 0.010664655
477 651 30 24 0.010662346
236 319 22 22 0.010660921
99 326 34 38 0.010660429
9 311 66 90 0.010655966
297 344 81 104 0.010654305
865 517 96 119 0.010653297
872 463 80 112 0.010649479
772 237 35 44 0.010646897
870 332 91 117 0.010644425
471 115 89 138 0.010643089
117 303 12 13 0.010640769
237 605 88 70 0.010639437
883 194 11 13 0.010638801
883 254 15 15 0.01063171
184 248 13 16 0.010630385
978 0 33 20 0.010628247
521 105 55 65 0.01062394
140 321 16 20 0.010615739
765 297 12 13 0.010611907
812 221 39 47 0.010611611
128 239 23 30 0.010610633
528 40 63 63 0.010608504
814 273 28 28 0.010605795
198 324 14 19 0.010601424
390 631 48 43 0.010599306
703 119 73 103 0.010595568
89 133 41 52 0.010583216
826 231 10 13 0.010568168
498 665 15 10 0.01056806
281 393 19 18 0.0105624255
761 131 45 61 0.010559427
194 232 13 19 0.010551489
827 150 87 116 0.010551121
23 417 17 17 0.010550609
558 281 79 88 0.010550418
233 95 94 118 0.010549596
981 164 20 37 0.010549294
175 308 46 60 0.010547896
184 0 19 13 0.01054438
139 164 71 98 0.010536943
394 191 87 107 0.010536175
764 208 58 73 0.010525597
248 137 14 26 0.010514809
70 335 8 11 0.010513194
190 336 9 9 0.010502433
246 334 35 37 0.010500169
696 250 51 66 0.010499627
332 0 20 14 0.0104959905
317 153 80 98 0.010495876
850 329 72 97 0.010494493
112 232 32 47 0.010487627
362 122 21 29 0.010483788
565 54 94 93 0.010479093
264 84 34 41 0.010470612
131 182 14 15 0.010465884
122 132 73 108 0.010460877
140 340 36 41 0.010459359
744 480 66 98 0.010457404
299 287 24 30 0.010451625
75 69 13 19 0.010450476
52 416 10 12 0.0104397135
108 301 22 23 0.010434375
146 279 14 14 0.010433592
416 306 43 57 0.010427109
552 82 28 25 0.010425971
822 370 99 123 0.01042565
554 86 12 12 0.010414031
177 289 19 24 0.010411357
300 551 29 34 0.010405294
978 211 35 57 0.01039878
907 0 58 53 0.010395043
130 219 14 17 0.010394655
825 235 8 12 0.01039311
323 420 83 107 0.010391576
23 0 75 54 0.010388088
122 425 148 178 0.010384196
545 0 59 53 0.010378948
0 661 6 14 0.010374034
116 458 85 113 0.010373874
330 273 20 26 0.010372286
325 202 44 58 0.010370072
1015 266 9 32 0.010357415
706 288 94 119 0.010352589
51 423 31 37 0.010352571
696 50 48 70 0.0103460755
677 465 84 105 0.010340907
18 101 79 101 0.01033681
29 645 34 30 0.010336795
462 0 19 14 0.010330051
715 595 80 80 0.010326191
791 238 9 10 0.010324316
144 296 10 13 0.010316993
25 335 79 108 0.010311116
125 112 24 25 0.010310867
578 379 107 153 0.010309318
929 347 19 28 0.010309058
0 613 5 10 0.010298414
103 338 65 83 0.010289241
1017 31 7 32 0.010289072
378 481 55 82 0.010287751
872 593 86 82 0.010287665
600 320 12 18 0.010287561
197 291 35 46 0.010287402
793 664 14 10 0.010282988
166 318 67 88 0.010281222
0 118 18 36 0.010276583
254 93 39 52 0.010266228
98 82 21 28 0.010264731
181 236 35 54 0.010263532
27 481 45 58 0.010262796
259 80 8 11 0.01025448
422 0 19 14 0.010252352
0 548 35 91 0.010244986
771 408 12 18 0.010243914
261 536 90 107 0.010240455
186 580 46 58 0.010234081
224 330 9 10 0.010229239
55 654 20 20 0.0102259
48 320 34 40 0.010223068
156 260 53 75 0.010220046
198 298 8 11 0.010219672
153 338 37 42 0.01021923
924 66 51 70 0.010216766
715 0 44 36 0.010211415
932 377 43 50 0.01020917
376 431 32 37 0.010209109
0 0 9 11 0.010205485
370 85 48 58 0.010204729
64 76 17 26 0.010203636
89 326 8 11 0.010202556
780 389 36 44 0.010198153
305 410 235 265 0.010189452
1019 50 5 20 0.010181374
177 239 13 18 0.010180969
62 645 38 30 0.010180222
672 238 241 306 0.010176061
635 0 20 13 0.010175314
404 373 72 89 0.010164855
301 243 11 14 0.010164525
229 325 12 15 0.010164149
303 0 19 14 0.010163992
41 363 78 105 0.010162132
688 289 55 75 0.010161661
663 102 45 59 0.010153264
105 272 20 26 0.010151715
392 0 20 14 0.010147959
929 252 42 58 0.010145676
770 299 22 22 0.010144609
113 346 87 110 0.01014164
271 330 18 18 0.010130322
195 96 90 119 0.010129806
327 500 39 50 0.010124608
46 43 65 82 0.010124445
1023 662 1 13 0.010117377
363 26 76 97 0.010115118
60 121 16 17 0.010114664
316 551 92 117 0.010114641
866 93 63 93 0.010111839
760 235 34 45 0.01011095
999 275 25 72 0.010110884
241 477 86 94 0.010109311
314 251 14 18 0.010108781
560 109 53 65 0.010104931
135 495 78 98 0.010104139
946 296 26 26 0.010099345
887 249 20 22 0.010094554
908 528 95 127 0.010091045
1021 17 3 23 0.010090271
275 360 81 105 0.0100876335
551 0 19 14 0.0100802975
120 312 16 22 0.010080026
531 0 49 33 0.010079609
787 410 51 55 0.010078138
592 60 43 37 0.010076487
208 373 142 187 0.01007631
899 200 19 29 0.01007399
112 99 11 15 0.010068353
176 70 35 43 0.010066849
188 341 14 15 0.010064921
535 59 72 78 0.010062636
893 307 73 91 0.010062382
997 234 13 20 0.010060269
409 532 49 59 0.010056786
122 244 37 53 0.0100549655
784 298 9 10 0.010054007
129 415 91 125 0.010053609
878 461 11 12 0.010053073
780 53 102 135 0.010049393
200 278 13 18 0.010048117
194 264 10 13 0.010044613
110 308 13 17 0.010042161
930 316 31 44 0.010041113
816 338 88 108 0.010041083
621 1 54 55 0.0100337
282 297 148 198 0.01002751
141 277 25 31 0.010023618
283 0 19 14 0.010020733
749 251 9 10 0.010019786
527 634 24 32 0.010012477
119 95 8 11 0.010009425
276 80 20 24 0.010007061
884 449 25 23 0.010006365
566 0 19 14 0.010004343
628 304 49 57 0.010000665