40_Gymnastics_Gymnastics_40_727
3233
696 557 36 37 0.8099911
215 539 38 39 0.7961819
79 476 30 35 0.75138634
867 434 25 30 0.6989143
667 173 17 21 0.6981947
322 124 15 17 0.66578084
590 75 18 18 0.33384135
409 128 8 11 0.32396722
110 448 11 11 0.20791629
418 125 12 15 0.16938685
536 197 10 12 0.16878852
412 123 16 18 0.14018887
417 118 14 18 0.13384232
654 548 25 31 0.13294072
513 194 7 10 0.13153255
109 444 10 12 0.11036268
416 109 16 20 0.109899506
594 67 17 21 0.0966806
359 185 19 18 0.09124078
411 128 8 12 0.088135526
702 518 12 11 0.08584538
406 126 9 13 0.08501907
342 132 7 9 0.08476804
419 122 10 11 0.07818801
694 41 11 17 0.077428736
589 4 12 17 0.07685535
539 195 10 13 0.074350275
423 120 10 14 0.07356539
594 77 14 12 0.07354927
403 140 10 14 0.07303659
247 502 20 20 0.07229598
113 446 8 9 0.07037729
430 193 9 13 0.069339335
22 487 19 25 0.06628603
411 104 16 21 0.06604346
587 68 17 21 0.062529296
424 127 9 13 0.06199292
499 333 12 18 0.06006499
736 332 11 10 0.05952305
339 128 9 12 0.05934565
687 10 16 29 0.058484383
29 0 25 33 0.058031153
108 442 15 18 0.05802982
417 127 8 11 0.056568988
671 177 12 14 0.0565244
510 191 12 16 0.055804327
591 80 13 16 0.055277895
533 194 11 14 0.05405786
630 111 16 19 0.054019745
0 0 19 28 0.053921968
327 121 15 18 0.053693246
686 23 14 26 0.053400453
653 218 17 23 0.053040702
407 131 10 15 0.052924823
688 5 12 15 0.0521764
573 91 10 13 0.051583577
738 180 17 22 0.051470507
106 449 13 13 0.050699905
209 7 11 14 0.050289996
872 446 15 17 0.05007624
363 108 16 19 0.049149025
201 42 16 18 0.04782933
662 234 12 18 0.047517672
432 90 7 11 0.04668553
598 62 14 19 0.04623256
903 61 21 29 0.04615222
580 106 14 18 0.04596469
592 72 12 13 0.04528106
595 42 15 17 0.044573843
1 107 26 35 0.044508323
393 156 15 21 0.04390392
591 63 15 20 0.043860525
210 385 11 9 0.043576863
847 404 9 9 0.043494593
595 50 16 24 0.043204837
398 113 9 11 0.04314321
301 520 29 28 0.04313924
576 112 22 29 0.04291322
630 106 16 15 0.042744424
683 198 15 22 0.042491224
543 196 8 10 0.041378006
323 128 17 19 0.041329533
513 198 8 10 0.040903226
768 665 18 19 0.04085241
272 522 19 23 0.039966863
221 521 50 54 0.039894365
186 365 24 34 0.039727457
73 464 45 52 0.03971216
673 171 12 18 0.039648097
350 187 23 21 0.039565437
333 125 10 13 0.03928708
337 126 8 11 0.0391895
422 120 8 10 0.039157577
0 19 56 89 0.039108522
679 399 14 18 0.039017767
528 196 12 14 0.038882863
402 122 17 20 0.03880269
497 339 10 15 0.038793642
405 542 14 11 0.038346943
505 195 8 9 0.03833056
876 427 21 34 0.0380566
480 389 22 28 0.037963796
254 530 20 30 0.03777085
420 131 9 13 0.037728753
195 8 11 13 0.03745316
508 189 11 13 0.037361138
274 499 9 11 0.03696026
382 135 10 12 0.036842506
515 190 9 13 0.036469664
363 191 14 17 0.0361944
429 453 13 13 0.03606682
424 116 10 12 0.036039907
522 218 9 10 0.035980694
752 672 11 10 0.035763383
590 25 11 11 0.035426132
416 130 8 12 0.03532808
410 196 9 12 0.03509542
627 112 13 15 0.035037715
405 144 11 17 0.03478173
211 539 25 30 0.03476391
339 132 10 13 0.03466224
411 133 8 11 0.034591373
665 180 15 18 0.034461953
412 115 24 29 0.034413252
330 128 14 17 0.034383334
604 6 12 15 0.03409453
739 333 12 13 0.033795066
361 103 16 17 0.03378295
648 527 36 43 0.03374372
393 153 11 13 0.033732224
106 42 10 17 0.033702727
857 426 29 32 0.03366654
411 124 7 13 0.03352519
657 238 14 15 0.033520762
732 177 16 22 0.03347231
691 537 35 51 0.033403013
254 504 13 15 0.03339776
584 75 14 18 0.03305763
385 109 7 11 0.03300159
361 98 11 12 0.032835167
83 491 21 27 0.032786176
327 129 12 12 0.03275494
903 20 61 77 0.032606535
363 188 11 13 0.03252689
515 195 9 12 0.03249968
700 511 16 19 0.03243613
14 1 38 44 0.032302063
198 81 10 13 0.03205624
846 407 8 9 0.03204055
596 80 9 10 0.032000147
108 5 12 15 0.03198363
904 45 30 47 0.031751443
368 102 13 14 0.03174788
877 439 13 21 0.03171528
735 171 19 24 0.031705838
136 450 8 11 0.031599358
594 79 19 21 0.031380028
702 568 25 31 0.03135769
0 1 35 44 0.031178348
212 65 9 11 0.031171693
112 440 11 13 0.03113396
414 133 6 9 0.031124149
423 190 15 19 0.030835789
690 1 11 15 0.030778643
905 76 14 17 0.030575909
411 194 13 16 0.03056691
347 113 13 16 0.03056287
740 188 11 16 0.03055736
476 190 10 12 0.03054258
345 95 13 13 0.030295439
409 130 13 18 0.03019035
589 69 11 14 0.030107887
925 2 38 54 0.030070484
118 475 19 30 0.03006915
587 64 11 17 0.029944828
576 102 21 28 0.02988005
936 0 24 28 0.02983341
599 74 16 18 0.029801954
325 132 10 12 0.029777592
603 59 11 17 0.029698268
289 155 14 15 0.029691115
500 335 8 11 0.029637316
502 193 8 10 0.029564489
636 105 10 10 0.029514942
605 26 13 23 0.029463982
421 87 10 10 0.029457008
691 8 13 19 0.029400835
741 340 11 12 0.029331753
17 102 22 33 0.029310647
198 449 19 25 0.029230606
324 128 9 11 0.029197084
110 442 8 10 0.029153468
718 216 12 14 0.029080063
367 187 13 14 0.028999945
581 153 8 14 0.028977431
657 227 13 19 0.028973877
408 547 11 12 0.028962977
843 433 22 31 0.028959334
866 448 20 24 0.028888438
428 190 16 21 0.0288698
603 66 12 18 0.028867885
259 536 21 29 0.02879577
198 63 9 13 0.028782824
596 69 12 14 0.028779013
319 128 14 15 0.02874788
683 546 19 32 0.028745145
365 99 12 14 0.028558193
193 26 13 20 0.028550366
582 72 24 28 0.02854139
733 327 11 13 0.02828373
424 134 11 16 0.028206978
542 199 7 10 0.0281551
405 133 19 24 0.028111827
664 164 17 26 0.028078431
212 550 36 45 0.02805022
739 329 10 10 0.028039334
907 65 13 16 0.028026573
587 4 17 28 0.028015314
772 419 33 31 0.028009834
740 346 11 10 0.027913347
420 114 10 13 0.027871361
685 260 12 11 0.027785648
668 184 15 19 0.027765105
686 80 14 22 0.027716203
660 224 16 27 0.027682805
342 189 21 21 0.027556267
577 111 15 17 0.027505152
746 336 10 13 0.027503457
875 452 13 15 0.027441524
90 460 41 47 0.027401261
106 443 9 11 0.027357856
622 115 13 17 0.027346298
425 119 17 22 0.027286349
552 209 9 11 0.02728226
114 444 12 15 0.027280176
218 555 25 29 0.027255826
413 125 7 10 0.027240783
732 330 15 17 0.027234681
686 546 53 62 0.027210189
661 169 10 15 0.027044365
664 115 19 22 0.027032765
678 205 18 23 0.027030472
337 132 9 10 0.026971046
362 93 12 14 0.026862696
658 393 45 38 0.026836088
722 241 10 13 0.026816672
646 92 15 18 0.026811678
646 215 19 23 0.026782257
396 148 16 22 0.026687918
655 217 8 9 0.026659258
99 231 18 17 0.026642783
933 264 14 17 0.026634103
662 536 24 36 0.026572362
319 120 12 16 0.026561823
354 175 27 29 0.026538294
392 122 10 12 0.026532613
442 501 14 13 0.026500642
335 118 13 18 0.026387425
419 104 13 18 0.026348136
873 447 20 27 0.026208948
411 99 14 18 0.026207726
509 197 9 10 0.026162485
366 111 18 22 0.026157642
579 118 26 31 0.026117602
110 449 13 16 0.026063453
71 482 31 36 0.026052112
529 403 10 13 0.025960205
535 201 13 16 0.025945961
500 324 12 20 0.025926791
427 194 9 12 0.025919367
344 129 6 10 0.025907494
419 128 15 20 0.025750304
889 0 30 25 0.025713049
88 484 31 32 0.025712473
502 338 8 12 0.02567847
12 489 27 30 0.025430577
844 408 8 11 0.025384
649 227 15 17 0.02534906
245 512 12 14 0.025244044
407 139 11 14 0.025132827
426 123 9 14 0.02508619
707 227 9 10 0.025066508
402 126 9 11 0.025050065
483 401 20 18 0.025046907
650 233 15 17 0.025019594
697 571 36 44 0.025013296
581 60 20 25 0.024941318
536 201 7 10 0.024875881
249 539 25 32 0.024821227
333 184 18 17 0.024723828
40 482 18 23 0.02471276
499 193 8 11 0.024591979
527 199 7 10 0.02457562
500 204 14 20 0.024571138
426 132 7 9 0.02455437
111 64 11 13 0.024544638
167 437 10 16 0.024462856
417 92 17 24 0.024398174
389 155 23 32 0.02439487
662 171 13 17 0.02439026
426 129 10 15 0.024304738
836 185 19 18 0.02429971
899 0 33 28 0.02422659
389 124 9 11 0.024220044
662 172 28 37 0.024197191
596 83 12 13 0.024153672
913 13 40 56 0.024100646
371 120 12 14 0.024098437
207 444 17 28 0.024077035
14 144 12 13 0.024052244
561 169 8 11 0.024041675
872 424 17 32 0.024036877
730 170 16 22 0.023975467
654 219 11 16 0.023923447
673 181 13 17 0.023904296
733 333 9 9 0.023837792
284 470 36 44 0.02378973
523 194 9 12 0.023774337
427 121 7 10 0.023668932
331 132 16 19 0.023542766
337 124 7 9 0.023519157
699 215 9 10 0.02351699
259 521 22 31 0.023464741
26 102 17 29 0.023420867
382 111 9 11 0.023405697
569 92 11 14 0.0233576
336 140 12 14 0.023328073
0 0 11 19 0.023230126
586 70 10 17 0.023186607
578 117 16 16 0.02312538
538 192 7 12 0.023069756
676 415 16 15 0.023061557
796 391 23 29 0.023058727
396 116 11 14 0.023047216
423 109 14 17 0.023043297
506 203 11 13 0.02299482
662 553 23 32 0.02293019
687 64 15 28 0.022921769
865 448 15 15 0.022883723
395 147 12 16 0.022875616
628 509 38 51 0.022872435
191 374 25 35 0.022856455
192 443 20 26 0.022810336
291 504 37 39 0.022762919
736 188 11 16 0.022744356
675 177 12 15 0.022734975
660 112 17 22 0.022724213
404 132 9 13 0.022716505
540 201 7 11 0.022703892
635 110 12 14 0.022694856
78 459 27 43 0.022676678
356 84 10 14 0.022676645
689 61 11 14 0.022664372
398 122 10 13 0.022592412
340 121 13 19 0.022561554
526 192 10 14 0.022552138
637 107 12 12 0.02254373
357 173 9 9 0.022516565
530 543 17 11 0.022513326
216 506 42 55 0.022511365
100 221 16 23 0.022507163
693 96 10 17 0.022490008
321 116 23 30 0.022475049
423 134 8 11 0.022456465
706 548 38 44 0.022409357
654 219 7 10 0.022397948
667 208 20 24 0.022375856
386 162 18 25 0.022341996
949 0 13 15 0.022254886
404 138 7 11 0.022251932
625 492 31 39 0.022167735
742 174 9 12 0.022100808
74 476 19 27 0.022047676
423 195 10 13 0.02201005
406 143 19 24 0.022005865
533 182 16 24 0.021997036
103 8 14 22 0.021956515
868 450 32 41 0.021933164
276 497 11 14 0.021918548
699 519 12 13 0.021916017
525 187 16 20 0.021889796
169 433 10 13 0.021886373
692 4 12 15 0.02188282
197 35 15 22 0.021864465
0 2 47 72 0.021827567
418 104 27 36 0.021802895
517 192 11 13 0.021794654
684 405 13 15 0.021789923
690 22 10 12 0.021784957
843 5 75 79 0.021760013
398 131 29 37 0.021721635
845 431 38 41 0.021655584
474 394 20 24 0.021600833
415 197 12 15 0.02159359
705 509 10 12 0.021569856
507 209 9 12 0.021550696
514 201 9 11 0.021527432
0 17 24 36 0.02150896
267 476 12 13 0.021490868
261 538 13 18 0.021477187
195 437 27 34 0.021468572
675 550 21 29 0.021438403
473 401 11 16 0.021430591
206 96 13 15 0.0214249
100 444 16 19 0.02142243
346 107 13 15 0.021397933
880 444 9 11 0.021358544
701 548 27 32 0.021356123
0 494 21 29 0.021330869
382 129 10 13 0.021308454
960 419 10 12 0.021305056
593 49 13 13 0.021259164
862 413 14 16 0.021252034
455 70 10 12 0.021227652
770 658 21 14 0.021225965
454 378 61 74 0.021175528
371 102 8 10 0.021171255
409 111 12 15 0.021167152
319 132 18 23 0.02116366
545 199 9 12 0.021112584
402 119 11 15 0.02110766
870 457 19 23 0.02108923
575 91 13 17 0.021070573
229 544 38 36 0.021044735
540 190 11 15 0.021020528
922 0 26 25 0.02101534
247 518 21 32 0.020982672
502 333 8 11 0.020882118
911 61 15 20 0.020879256
589 18 13 17 0.020854034
333 143 11 13 0.020765312
173 444 10 12 0.020748563
654 535 20 32 0.02074813
365 172 19 24 0.020728773
210 26 10 15 0.020699292
733 141 12 15 0.020686427
1009 669 15 15 0.020678625
381 136 14 19 0.02063001
637 534 35 45 0.020620445
554 236 10 10 0.020619866
90 556 40 43 0.020574847
413 118 12 14 0.020573584
596 197 10 15 0.020566665
114 451 8 10 0.020501569
590 77 10 10 0.020461509
905 68 11 12 0.020425769
416 116 11 12 0.020383468
399 141 12 15 0.020365741
940 4 24 38 0.020319624
673 555 34 38 0.020283319
880 32 78 98 0.020275481
666 215 18 24 0.020237297
689 17 20 38 0.020236619
207 534 18 28 0.020219576
326 125 8 11 0.02021402
377 112 11 13 0.020108921
365 89 10 13 0.020100778
849 406 9 11 0.020094914
686 35 13 20 0.020088129
358 186 28 32 0.020014534
199 543 35 41 0.020002231
873 0 43 33 0.019976234
0 55 41 73 0.019966252
665 189 13 15 0.019927248
673 198 9 13 0.019917436
667 196 20 25 0.019895546
285 518 38 34 0.019862833
343 168 13 13 0.019844433
880 469 7 10 0.019837994
249 427 25 27 0.01978128
858 406 35 45 0.019775352
209 28 14 22 0.01977482
736 335 16 18 0.019759133
29 486 15 20 0.019740026
865 416 19 26 0.01973338
735 323 10 12 0.019719483
191 358 26 35 0.019718885
667 237 7 13 0.01970287
82 484 18 23 0.019662984
879 436 14 17 0.019644557
756 145 11 13 0.019633006
269 511 19 25 0.019608809
630 91 12 14 0.019596359
617 116 12 17 0.01957018
629 110 24 30 0.019558517
415 85 8 11 0.019552592
0 88 24 36 0.019551435
873 456 13 16 0.019545447
358 100 13 16 0.019540502
36 0 31 41 0.01952369
344 40 16 20 0.019515079
501 343 6 11 0.019477269
681 198 12 15 0.019454986
268 528 20 27 0.01945451
511 185 11 15 0.019447412
425 139 11 16 0.019423533
1016 0 8 26 0.019402059
584 119 14 16 0.019346967
463 9 11 13 0.019327825
549 206 9 12 0.019291777
860 417 11 14 0.019288525
384 123 9 12 0.01928506
547 202 9 12 0.01928318
681 533 30 43 0.019264104
653 213 12 13 0.019214835
6 496 26 29 0.019214205
428 115 9 10 0.019202568
339 63 12 13 0.019198747
387 111 9 12 0.019189503
275 436 12 17 0.019186089
630 100 14 15 0.019172952
696 216 10 14 0.019155275
415 135 9 14 0.019153986
0 526 94 158 0.019129902
588 27 13 18 0.019129097
208 543 58 66 0.019127263
805 467 219 217 0.019121163
433 194 10 13 0.019118002
633 390 42 39 0.019106828
341 135 10 13 0.019087968
407 124 6 9 0.019085744
733 169 11 15 0.01903605
273 527 14 14 0.019023472
738 347 13 15 0.018992286
745 340 10 14 0.018981861
666 552 16 22 0.018978916
845 401 9 10 0.018978253
688 208 9 14 0.01895021
678 409 18 18 0.018924879
275 543 25 30 0.018905748
314 125 14 16 0.018905329
355 79 11 13 0.018896313
212 176 8 9 0.018874776
593 8 13 18 0.018865656
572 86 10 14 0.01885532
400 111 18 22 0.018851064
334 131 7 9 0.018839542
355 185 13 14 0.018833946
684 193 13 18 0.018800696
684 29 13 19 0.018799923
301 445 36 40 0.018785054
700 516 10 11 0.018783338
885 432 12 15 0.018769877
206 73 7 10 0.018752258
518 187 16 19 0.018729577
241 508 20 21 0.018728457
3 0 29 23 0.018715605
776 399 36 39 0.018713955
592 0 23 26 0.01871217
423 100 16 22 0.018709743
675 212 20 24 0.018692998
604 105 9 12 0.018689638
270 499 9 12 0.01868659
856 410 19 23 0.018684503
676 535 20 33 0.018621089
822 0 202 308 0.018617146
325 115 14 20 0.018606203
491 190 9 11 0.0185979
106 14 13 21 0.018548984
622 109 11 14 0.018548807
591 0 16 15 0.018539969
363 181 14 16 0.018507317
489 312 28 40 0.018494638
853 1 49 50 0.018461257
104 214 11 23 0.018443124
873 10 70 72 0.01844281
404 146 8 12 0.018437844
736 174 11 14 0.0184372
531 203 12 15 0.018424524
528 202 7 10 0.01840639
588 122 24 30 0.018386666
104 437 15 19 0.01837901
454 95 15 17 0.018361432
600 34 16 23 0.018361151
502 192 13 15 0.018361047
748 669 18 15 0.018359471
385 133 10 13 0.018324869
577 101 12 17 0.018318921
706 517 11 13 0.018309811
679 3 22 32 0.018305467
597 75 10 10 0.018301954
658 182 21 25 0.018295728
655 223 7 9 0.018294504
500 191 8 9 0.018289076
371 104 18 18 0.018271374
214 528 23 29 0.018265449
593 57 13 17 0.018237708
636 467 21 25 0.01823243
358 89 9 11 0.018219654
179 438 30 34 0.018209761
328 136 10 12 0.018207742
6 38 41 52 0.018195473
480 398 29 27 0.018178735
840 425 19 29 0.018152239
689 32 9 15 0.018140156
784 387 33 37 0.018128974
292 480 40 48 0.018127702
557 237 10 10 0.018127007
310 151 16 33 0.018109752
683 397 14 16 0.018104684
734 154 20 25 0.018090386
312 117 22 27 0.018090375
498 526 16 12 0.018049259
664 105 12 14 0.018044576
717 210 10 13 0.017994657
592 39 13 16 0.017993545
375 116 11 14 0.017976496
640 401 28 27 0.017973803
673 192 17 22 0.017953325
267 388 19 23 0.017938057
353 28 15 24 0.017919933
477 195 8 10 0.017911991
840 399 36 44 0.01789713
605 66 7 12 0.017894428
668 190 16 21 0.017892456
656 173 17 20 0.017891984
667 168 9 11 0.017887346
331 139 9 12 0.017875161
724 193 10 14 0.017873395
707 565 26 25 0.017816931
213 80 10 12 0.017799387
196 24 10 15 0.017787946
531 191 17 21 0.017783983
371 132 11 13 0.017775076
207 105 12 15 0.017774269
984 0 40 47 0.017770663
181 377 25 32 0.017770335
201 412 21 27 0.017768573
285 465 27 34 0.017750137
187 343 12 18 0.017729012
198 46 16 19 0.0177169
648 222 20 28 0.017712196
555 454 22 15 0.017662928
598 44 10 10 0.017646765
199 79 8 10 0.017622527
202 10 14 17 0.017604254
582 0 17 20 0.017599076
732 328 7 10 0.017589828
687 215 17 23 0.0175768
59 284 11 13 0.017564142
358 92 12 14 0.017540185
398 92 14 15 0.017537506
871 0 153 149 0.017516177
564 155 8 12 0.01750611
686 205 9 12 0.01750611
663 239 8 11 0.017502284
767 663 13 13 0.017500184
27 5 32 48 0.017496463
398 544 22 16 0.017481381
572 98 11 15 0.017465193
244 435 12 15 0.017455384
393 142 25 34 0.017398844
163 439 9 14 0.017387701
693 220 11 14 0.017387006
246 511 20 27 0.017367862
864 438 20 22 0.017361559
429 89 8 10 0.017350033
542 205 9 13 0.017349763
594 88 10 13 0.017327739
0 94 14 25 0.017312266
627 116 18 22 0.017307501
505 190 10 10 0.01730629
350 115 9 11 0.017293159
581 0 37 44 0.01726745
14 187 11 16 0.017261188
390 155 13 16 0.017242335
16 0 29 23 0.017231328
266 498 9 11 0.017230617
845 410 10 13 0.0172146
791 374 31 42 0.017201403
248 513 15 16 0.017196706
357 177 14 19 0.017186731
449 3 32 48 0.017186614
660 225 10 14 0.01718495
671 532 18 24 0.017183883
418 112 9 11 0.017179832
133 449 13 15 0.017174585
676 199 15 19 0.017172944
478 373 29 40 0.017156957
208 522 37 51 0.017150436
194 554 34 41 0.017135542
97 564 25 28 0.017127048
463 416 17 19 0.017121563
630 469 30 39 0.017114563
359 87 10 10 0.017110202
579 96 12 15 0.017108485
0 235 10 15 0.0170997
366 196 13 16 0.017097676
266 478 18 21 0.017092317
704 514 9 12 0.01709189
880 438 21 26 0.017072534
736 340 11 12 0.017061964
652 239 8 11 0.017039938
268 536 23 30 0.017032914
415 89 6 9 0.017001178
624 174 8 10 0.016978407
906 0 40 45 0.01697435
59 476 33 39 0.016969483
801 326 15 18 0.01696796
869 0 32 25 0.016961291
383 116 10 13 0.016938336
314 142 10 15 0.016909184
347 108 20 24 0.016907351
391 149 11 14 0.016896185
337 191 13 14 0.016893163
363 526 22 24 0.016890515
580 155 6 11 0.01688219
297 431 31 42 0.016868094
536 220 13 14 0.016864004
633 107 9 9 0.016859863
733 137 19 23 0.016828196
419 141 15 23 0.01681592
623 376 68 56 0.016815072
501 340 12 16 0.016812196
0 123 16 32 0.016791565
635 109 9 9 0.016790304
925 0 99 96 0.01678696
619 113 19 27 0.016779836
640 94 18 19 0.016776698
0 113 17 26 0.016773092
279 444 11 17 0.016768966
257 502 10 10 0.016760986
583 98 10 12 0.016751807
1 23 37 41 0.016746538
894 47 30 40 0.016742917
586 61 9 15 0.016733931
416 153 8 11 0.01673157
447 120 12 13 0.016722389
339 2 32 46 0.01671904
803 327 20 27 0.016712205
648 220 12 16 0.016709048
583 46 29 42 0.016708815
376 122 11 13 0.016707977
401 473 294 211 0.016683443
693 10 16 24 0.0166509
617 107 9 13 0.016640387
330 145 11 13 0.016622262
707 578 23 26 0.016619908
124 475 21 32 0.016619602
635 533 19 31 0.016616058
195 82 13 21 0.016613916
509 196 13 17 0.016602429
448 10 12 13 0.01659771
334 137 10 11 0.016586233
259 503 10 12 0.016579777
469 401 18 28 0.016571885
797 340 11 13 0.01657181
667 537 17 25 0.0165658
653 226 12 13 0.016533135
573 34 48 68 0.016530996
633 483 35 45 0.0165303
431 190 7 11 0.016529994
664 229 9 16 0.016527232
883 441 8 11 0.016497683
690 87 12 22 0.016476864
744 172 19 25 0.016462723
410 543 13 12 0.016422415
4 72 27 21 0.01641246
264 516 33 45 0.016406726
541 224 10 17 0.016405698
677 174 9 12 0.016399134
104 452 13 15 0.016393261
464 418 11 12 0.016388863
669 217 10 15 0.016384626
408 145 7 11 0.016367598
692 9 8 10 0.016365979
659 531 21 30 0.016360534
583 152 11 15 0.016345879
424 141 8 11 0.016345873
841 183 15 13 0.016339034
848 407 13 16 0.016321117
414 189 13 17 0.016320953
395 158 9 10 0.01631847
854 415 26 33 0.016304405
762 399 36 39 0.016289832
577 87 22 26 0.016289525
823 511 39 51 0.016283128
703 515 17 21 0.016282432
1 151 9 12 0.01627376
543 201 9 12 0.016244464
349 195 13 16 0.016238771
512 182 15 21 0.016218139
602 188 8 13 0.016215753
380 142 17 24 0.016204039
882 471 7 10 0.016169481
993 648 31 36 0.016144358
859 446 14 17 0.016143484
449 78 11 13 0.016120885
688 48 14 22 0.01611288
428 130 7 10 0.01611065
171 436 11 14 0.01610677
665 195 12 14 0.016103854
690 277 14 13 0.016090173
358 106 15 17 0.016089724
377 157 29 36 0.016083732
672 114 19 23 0.016076708
737 336 8 11 0.016053485
603 17 15 24 0.01604686
739 324 10 12 0.016045569
572 113 13 16 0.016043203
597 139 13 14 0.016038531
846 0 10 12 0.016029855
36 0 23 21 0.01602322
683 222 10 12 0.016014123
109 33 10 13 0.016013956
582 81 11 14 0.016011855
109 24 10 19 0.016007202
796 422 11 12 0.016004957
280 483 23 30 0.01600125
117 445 7 9 0.015986355
387 107 9 9 0.015985016
804 667 9 13 0.015979372
373 97 8 10 0.015970211
590 52 12 13 0.01596193
652 541 41 49 0.015961608
589 58 10 16 0.015954645
392 114 12 13 0.015948769
199 61 13 18 0.015942758
878 455 12 17 0.01593964
105 451 18 23 0.015938021
16 3 66 89 0.015936261
359 189 12 17 0.015922155
204 19 7 9 0.015918301
632 366 27 29 0.015909227
381 134 7 10 0.015907578
646 230 14 20 0.015905255
662 220 13 19 0.015895719
108 7 15 21 0.01588856
8 107 32 47 0.015886271
502 197 7 9 0.01587546
340 144 10 12 0.01587014
607 65 7 10 0.015868638
601 69 9 11 0.015866017
417 87 11 12 0.015865598
850 402 10 11 0.01584127
602 65 8 11 0.015838563
884 428 16 26 0.01583145
668 412 21 19 0.015827628
627 387 14 17 0.01582747
109 479 24 29 0.015825942
169 428 17 22 0.015815217
0 7 13 34 0.015808463
365 92 18 25 0.015804766
399 145 31 37 0.015801053
428 196 10 15 0.015784418
453 184 20 22 0.015779097
299 531 33 38 0.015769562
281 494 35 38 0.015760176
428 119 10 13 0.01575305
704 221 11 14 0.01574113
546 194 9 12 0.015733197
152 304 45 57 0.015726715
678 439 19 32 0.015723431
656 231 10 12 0.0157208
139 452 7 10 0.015713919
496 328 12 18 0.015710542
118 448 18 24 0.015707089
493 79 8 11 0.015703792
237 490 30 32 0.015699023
689 550 29 30 0.015695248
205 564 30 36 0.015691567
586 83 13 16 0.01568846
2 629 91 55 0.015676707
878 253 45 54 0.015672587
844 82 13 18 0.015664529
466 412 49 56 0.015664166
398 128 15 20 0.015641568
710 445 10 11 0.015639722
430 89 11 15 0.015635831
625 193 10 13 0.015633117
799 352 30 45 0.015625658
123 467 17 30 0.015624944
600 0 16 15 0.015622284
413 98 7 11 0.0156047745
333 149 10 12 0.015602181
534 192 7 10 0.015600965
581 96 15 21 0.015598856
413 94 9 11 0.015598577
541 222 8 11 0.0155957425
0 0 143 193 0.015577432
415 83 6 10 0.015576385
88 500 21 24 0.015559991
850 667 25 17 0.015556526
0 117 31 51 0.01554717
449 430 16 11 0.015545674
377 108 17 22 0.0155364685
471 190 9 11 0.0155284
287 459 21 25 0.015526792
589 85 15 19 0.015518157
676 168 11 14 0.0155112315
836 175 18 16 0.015508987
210 80 14 21 0.015506635
375 198 17 18 0.015502868
0 103 10 15 0.015491551
62 156 10 13 0.015488258
0 73 7 10 0.015487335
664 110 14 16 0.015477809
653 561 26 33 0.015451197
345 0 261 186 0.015448789
203 500 38 51 0.0154344905
644 466 22 25 0.015427153
671 242 10 14 0.015424827
640 141 8 10 0.015420324
180 358 23 31 0.015419285
44 138 11 11 0.015418174
378 127 11 13 0.015412905
418 133 19 24 0.015405773
183 559 31 38 0.015401893
96 164 20 24 0.015399988
690 0 11 9 0.015398865
446 503 15 14 0.015392646
6 0 16 13 0.01537209
668 156 27 37 0.015365856
671 153 9 13 0.015354749
409 189 13 16 0.015354408
742 330 13 14 0.015344318
757 184 12 15 0.015337393
657 2 116 152 0.015326889
378 1 39 43 0.015323171
501 322 10 12 0.01532158
342 173 16 20 0.015320728
209 238 8 10 0.01531955
583 68 10 15 0.015317354
359 100 9 9 0.01530417
280 527 36 37 0.015303301
317 453 24 29 0.015296587
479 192 10 12 0.01528936
584 0 55 62 0.015281056
167 224 15 22 0.015280197
625 507 26 44 0.015275231
673 515 53 70 0.015274505
693 206 14 18 0.015274388
865 409 16 18 0.015273248
373 184 7 14 0.0152691845
81 500 35 43 0.015260931
644 523 29 34 0.015257857
339 136 14 19 0.015253512
160 437 10 13 0.0152463075
582 98 23 29 0.015235263
203 422 28 40 0.015234059
488 192 16 17 0.0152327735
543 230 10 13 0.015215374
199 421 21 28 0.015210625
294 145 13 15 0.01520939
507 199 10 12 0.015207479
673 192 10 12 0.015206685
14 467 29 37 0.015196746
367 97 9 10 0.015184489
423 97 8 11 0.015182728
117 438 20 24 0.0151696205
389 173 15 18 0.015165754
345 101 13 16 0.015164583
208 2 11 14 0.015148153
130 450 10 13 0.015142769
368 127 11 13 0.015140278
673 187 14 18 0.015136549
245 435 26 33 0.015130066
510 208 9 12 0.015124522
144 164 13 16 0.015120687
734 319 10 11 0.015114833
410 145 8 12 0.015099864
588 78 8 11 0.015092508
209 418 21 26 0.015083623
209 387 10 11 0.015078041
590 130 13 18 0.015067197
662 544 16 22 0.015063139
652 207 17 23 0.015062392
628 186 9 10 0.015050488
605 60 7 11 0.015049174
353 8 12 15 0.015048045
469 399 42 46 0.015013381
667 225 11 21 0.015004829
340 189 37 42 0.014987786
862 30 44 59 0.014986433
18 23 35 45 0.014983052
165 436 9 12 0.01497959
663 11 32 41 0.014974052
17 86 25 35 0.014965921
183 532 42 49 0.014963418
369 133 17 19 0.014955384
626 189 10 13 0.014952659
116 468 17 27 0.014944377
566 454 17 13 0.014941801
738 169 11 15 0.014939643
882 447 9 10 0.014939597
628 368 21 23 0.014938944
396 97 28 35 0.014935144
869 452 13 15 0.014934823
576 72 16 22 0.014932452
398 109 9 10 0.014927355
538 204 7 11 0.014912279
946 99 9 11 0.014911417
672 237 11 16 0.014904862
388 115 10 12 0.014901651
207 11 13 20 0.014896829
933 267 19 26 0.014890985
841 187 20 22 0.014890314
0 499 183 185 0.0148892915
704 521 9 12 0.014887127
581 265 54 68 0.014877883
515 0 40 45 0.014869385
20 489 29 36 0.014866631
353 193 19 24 0.0148519315
273 491 12 16 0.014828615
686 410 14 13 0.014826882
675 188 10 12 0.014823656
183 343 29 42 0.01482343
666 104 18 20 0.014822112
496 189 13 16 0.014815038
85 665 10 9 0.014813204
274 0 40 48 0.014810381
654 229 19 24 0.014807166
666 214 11 14 0.014803447
493 553 42 37 0.014799652
328 141 11 13 0.014795963
718 224 11 14 0.014794109
61 661 35 23 0.014787623
356 171 14 18 0.014785721
700 219 11 14 0.01477618
6 111 18 22 0.014773323
410 187 21 25 0.014772398
845 404 12 16 0.0147706345
840 21 127 162 0.014749973
76 471 10 15 0.014748905
645 82 16 23 0.014748009
388 109 10 10 0.014729114
258 0 123 101 0.0147190355
81 153 11 14 0.014716626
845 24 80 104 0.01471646
392 127 10 12 0.014713858
585 105 13 15 0.014712843
0 52 11 14 0.014707735
735 345 12 14 0.014701366
692 26 12 18 0.014694225
634 114 9 9 0.01468339
644 219 12 15 0.01467395
204 68 10 13 0.014672434
735 356 12 16 0.014672088
708 239 9 10 0.014671731
685 665 35 19 0.014666127
347 115 9 11 0.014663034
151 167 21 26 0.014657284
10 134 16 22 0.014642116
181 437 21 23 0.014631931
797 333 15 25 0.0146279475
184 424 32 42 0.0146238
503 658 54 26 0.01462235
648 167 20 25 0.0146098165
433 188 18 22 0.014607951
353 114 11 13 0.01460682
590 10 9 11 0.01460527
647 160 30 41 0.014604133
739 178 25 32 0.01459986
593 68 7 11 0.014595784
574 0 17 21 0.014588266
581 123 14 15 0.014574755
600 191 7 11 0.014567757
843 4 14 28 0.014567657
757 606 9 9 0.014563587
715 556 21 27 0.014559468
2 655 42 29 0.014549448
730 189 11 16 0.014548616
206 486 23 26 0.014546329
80 468 19 29 0.014545765
391 128 16 23 0.014541807
414 176 8 10 0.014525265
666 234 13 19 0.014524645
688 221 11 13 0.014524213
681 198 23 35 0.014514485
209 55 17 26 0.01451303
216 424 20 27 0.014511606
940 623 84 61 0.014510552
585 112 13 17 0.01450454
273 438 16 26 0.014503143
306 161 17 28 0.014495109
729 179 24 31 0.01448363
391 111 48 63 0.014482917
367 181 32 37 0.014482119
169 441 12 15 0.0144802155
378 153 21 25 0.014475305
650 69 10 14 0.014465867
552 184 8 9 0.014462858
381 107 9 10 0.014459863
504 337 8 10 0.014446908
255 539 15 17 0.014445818
253 163 9 12 0.014421859
661 555 16 17 0.014410556
76 494 20 26 0.014408185
853 416 52 63 0.014403364
677 196 11 13 0.014401064
552 203 9 13 0.01439683
589 34 11 14 0.014396211
345 195 20 28 0.014391212
359 79 12 15 0.014383597
494 193 9 12 0.014382528
845 0 39 43 0.014373227
308 143 11 15 0.014369541
477 379 19 29 0.014358123
81 539 40 52 0.014350564
880 452 12 13 0.014343271
832 673 24 11 0.014325811
872 466 16 20 0.014324684
364 90 7 10 0.014323102
590 65 7 11 0.014315149
331 125 8 10 0.014313449
664 177 13 14 0.014310118
585 145 20 27 0.014306422
107 36 9 15 0.014296417
874 463 12 15 0.014296094
206 506 24 29 0.014294612
802 330 26 39 0.014278456
98 481 27 29 0.014277649
1000 0 24 31 0.014258226
894 98 12 16 0.014255828
192 2 15 17 0.014255507
105 438 23 27 0.014253524
841 79 22 25 0.014253226
597 91 9 11 0.014240505
858 464 32 42 0.014239746
851 403 17 19 0.014230912
601 82 17 20 0.014227136
408 90 26 35 0.014225174
400 118 8 9 0.014223732
689 198 17 22 0.014223377
875 443 33 38 0.014194746
205 47 13 16 0.014191987
456 137 9 13 0.0141884005
583 126 17 21 0.01418818
878 447 8 11 0.014180225
208 556 23 31 0.014179408
298 454 24 28 0.014177857
591 48 10 12 0.014175189
212 3 14 17 0.014171255
665 201 11 14 0.014169131
626 373 15 17 0.014162718
667 665 41 19 0.014156371
325 136 17 21 0.0141550135
249 497 26 31 0.014154999
598 2 32 41 0.014154489
236 500 40 49 0.014154418
357 164 11 17 0.014153635
579 95 33 43 0.014150305
956 424 18 22 0.014148979
399 102 18 21 0.014133068
324 122 8 11 0.014132203
621 101 16 20 0.014131033
264 109 7 10 0.014129543
126 551 36 48 0.01412509
386 138 14 21 0.014121534
767 657 29 27 0.014119714
364 87 8 9 0.014119172
628 105 102 140 0.014118209
943 0 22 19 0.014112762
258 505 17 20 0.014107787
635 114 16 18 0.014104522
445 14 23 36 0.014091834
681 192 11 14 0.014090304
459 9 31 51 0.014074029
390 139 20 27 0.014073656
514 0 253 177 0.014065382
580 131 12 14 0.014064107
265 164 22 27 0.01406212
416 101 11 15 0.014053329
148 560 22 32 0.014052632
321 250 77 94 0.014050036
1020 65 4 30 0.014046156
473 186 8 12 0.014039321
363 152 31 38 0.014031263
391 545 9 9 0.014029084
448 133 11 13 0.014026133
0 68 28 43 0.014013682
920 572 42 52 0.014013126
599 80 11 11 0.014008869
731 331 8 9 0.014006843
412 138 10 14 0.01399693
855 0 37 29 0.013993876
821 180 41 50 0.013990772
691 278 9 9 0.0139903035
428 134 12 16 0.013988863
598 48 8 10 0.01398826
426 135 18 25 0.01398659
575 259 11 13 0.0139789125
263 0 36 40 0.013977136
683 559 15 25 0.013970476
514 198 14 18 0.013960018
76 666 23 18 0.013955045
338 80 13 22 0.01395192
720 211 12 14 0.013947617
610 91 11 14 0.013947571
491 329 20 26 0.013946201
606 60 14 21 0.0139443185
200 140 39 48 0.013938825
526 205 8 9 0.013934101
662 192 33 42 0.013933222
293 153 13 15 0.013931975
694 0 11 13 0.013923019
95 469 24 31 0.013914079
675 482 18 28 0.013912643
414 140 24 30 0.0139118275
575 85 12 16 0.0139087485
320 127 8 10 0.013905113
808 511 39 46 0.013902811
928 249 18 25 0.013898507
689 2 27 39 0.013897241
886 2 48 48 0.01389554
119 445 9 12 0.013891407
669 171 11 15 0.013891232
594 94 10 12 0.013888041
863 464 23 26 0.013879353
707 565 44 48 0.013879289
344 168 34 42 0.013878738
370 134 8 9 0.013876936
599 89 9 11 0.013874535
655 196 21 25 0.013871053
212 569 34 46 0.013870059
522 0 58 64 0.013853713
427 111 15 18 0.013848025
522 201 9 12 0.013847396
21 640 12 15 0.01384737
607 115 20 27 0.013845391
884 437 11 12 0.013842805
885 82 9 11 0.013835504
591 86 10 11 0.013832867
476 438 43 53 0.013827575
115 199 12 14 0.013807243
268 526 16 19 0.013801944
37 488 19 27 0.013793403
203 0 11 9 0.013789369
903 68 8 10 0.013785141
653 241 9 11 0.01378506
129 200 11 18 0.013779595
686 189 18 25 0.013777612
901 21 38 54 0.013777352
205 8 11 13 0.013776496
878 454 33 40 0.013774574
245 431 19 21 0.013767801
16 76 21 18 0.013766563
193 496 26 31 0.013765043
228 558 24 24 0.013763831
834 180 18 17 0.013763394
58 182 16 18 0.013756173
131 180 9 12 0.013751872
430 112 9 12 0.01374755
450 63 10 12 0.013742535
898 0 13 12 0.013741521
685 42 15 22 0.013741053
878 49 39 46 0.013737858
695 212 9 12 0.013737596
160 437 15 22 0.013735952
260 527 43 54 0.013734268
423 113 8 10 0.013725025
596 54 11 10 0.013718896
417 146 11 16 0.013709067
855 448 26 28 0.013700363
842 403 10 12 0.013700208
732 143 18 26 0.013695839
208 375 13 20 0.013693683
650 556 21 26 0.013687094
372 176 11 18 0.013686187
353 176 13 18 0.013685593
518 207 9 13 0.013685044
816 100 208 355 0.0136806285
900 353 12 12 0.013670238
344 173 11 11 0.013667626
242 424 13 14 0.013666229
647 583 40 44 0.013663138
110 452 8 11 0.013657376
335 151 11 13 0.013654147
201 68 28 42 0.013646834
859 239 19 22 0.013642549
650 466 33 38 0.013636725
487 190 8 10 0.013633676
538 0 116 94 0.013617998
337 149 11 12 0.013608903
278 547 32 35 0.013608359
0 247 15 28 0.013604484
276 455 29 39 0.013603882
878 462 14 18 0.01360205
421 193 9 13 0.013600069
1021 0 3 15 0.013596329
278 490 11 18 0.013595923
390 118 10 13 0.013588207
740 159 10 14 0.013580716
663 672 30 12 0.013580051
733 247 7 9 0.01357334
910 0 29 21 0.013557748
950 0 9 9 0.013555313
736 443 16 12 0.013552269
349 72 8 10 0.013551568
0 202 16 30 0.01355095
615 102 9 13 0.013550103
199 108 13 16 0.013541963
906 67 25 30 0.013540841
187 386 22 29 0.013538525
18 655 51 29 0.013535999
420 591 8 10 0.013527772
495 0 115 93 0.013527209
660 409 39 40 0.013517434
105 664 32 20 0.013515101
377 0 26 25 0.013513048
677 178 30 41 0.013502555
211 12 8 10 0.013502389
291 410 52 68 0.013488298
692 272 19 20 0.013485177
868 418 12 16 0.01348006
732 429 43 50 0.013479843
99 441 12 15 0.013474352
570 5 53 75 0.013470158
831 226 72 82 0.013469401
602 96 10 14 0.013467182
146 164 18 22 0.013466857
202 64 9 11 0.013459491
552 198 8 9 0.013459054
868 361 35 47 0.013458357
488 292 48 65 0.013454647
892 658 31 26 0.013454236
369 13 62 89 0.013453985
430 186 13 18 0.013452822
201 362 21 32 0.013452417
560 163 12 18 0.013446689
928 244 11 15 0.013441199
374 101 7 10 0.0134396795
676 181 16 21 0.013439545
92 501 13 16 0.013437269
637 4 39 41 0.013436817
572 107 12 16 0.013435854
163 306 55 82 0.013431531
0 510 11 17 0.0134300105
80 565 40 44 0.013428299
399 149 11 13 0.013427945
301 479 26 29 0.013427495
768 491 14 17 0.013424569
494 190 9 10 0.013424159
572 118 18 18 0.013423975
353 73 15 20 0.01342114
629 113 9 9 0.013419406
568 96 9 14 0.013418087
623 494 20 31 0.013413769
335 16 28 46 0.013403744
326 139 10 13 0.01340311
297 78 104 129 0.01340293
862 454 17 18 0.013399126
624 528 36 47 0.013397171
78 489 17 21 0.013388543
200 15 10 15 0.013379711
455 1 22 24 0.013379049
648 11 36 43 0.013375424
744 168 10 15 0.013371528
411 119 9 14 0.013368661
205 37 16 20 0.013359508
657 221 8 10 0.013355268
399 156 20 24 0.013348525
658 240 9 11 0.01334811
166 373 35 46 0.013337878
323 135 10 13 0.01332609
109 70 8 11 0.013313767
191 449 12 16 0.013313019
731 164 11 17 0.0133042345
486 386 26 30 0.013299369
624 184 15 22 0.013296711
577 117 10 14 0.013275796
262 146 12 16 0.013272768
731 323 10 13 0.013269062
354 186 8 9 0.013267024
592 136 15 14 0.01326021
599 93 10 12 0.013254313
528 194 6 10 0.013251733
378 121 7 9 0.0132502215
708 460 22 24 0.013245827
659 214 12 15 0.01324316
375 176 21 25 0.013242766
196 73 14 20 0.013242062
711 520 9 11 0.013241253
831 188 22 25 0.013237766
255 0 27 31 0.013226122
589 44 8 13 0.013224343
198 646 13 19 0.013222818
659 192 15 20 0.0132225
363 194 18 27 0.013221986
288 439 29 41 0.013221923
278 392 12 16 0.013221103
548 0 59 65 0.013212933
648 402 36 36 0.013208889
944 0 31 33 0.013205329
202 386 13 15 0.013204987
416 605 138 79 0.013199702
643 238 9 16 0.013195564
690 218 10 13 0.013188171
411 200 30 40 0.013187535
361 185 10 12 0.013185372
385 138 8 10 0.013184429
0 20 78 159 0.013184133
580 0 9 10 0.013179936
296 542 25 29 0.013170681
647 228 10 13 0.01316714
686 512 17 18 0.013166772
688 275 10 11 0.013165711
907 73 10 14 0.013165199
202 461 13 17 0.013163287
650 517 32 31 0.013157296
581 77 9 13 0.013150465
662 562 15 21 0.013150425
483 190 8 11 0.01314821
519 213 9 13 0.013142577
327 183 32 30 0.013140538
876 413 32 42 0.013139099
1012 0 12 38 0.01313672
491 196 10 12 0.013135846
527 414 18 24 0.013135804
783 374 26 35 0.013133343
785 422 29 27 0.013127708
123 469 11 17 0.0131251905
419 86 15 17 0.013121699
783 562 46 57 0.01311421
849 421 20 29 0.013102402
642 126 9 9 0.013102334
336 0 124 96 0.013096718
600 192 10 15 0.013089638
199 54 15 19 0.0130857825
686 565 59 71 0.013083818
563 95 34 45 0.013083095
631 102 20 25 0.013078645
430 526 39 47 0.013066508
631 365 41 50 0.01306559
709 534 27 39 0.013063406
425 88 20 25 0.013061428
424 89 11 10 0.013053721
691 213 8 13 0.0130462125
489 188 9 10 0.013042288
140 260 11 17 0.013041643
360 188 8 10 0.013035181
910 36 73 102 0.013031087
397 155 11 12 0.013030326
598 59 11 13 0.013029307
438 356 93 115 0.0130186295
355 108 11 15 0.0130178025
726 188 10 14 0.013015516
841 421 12 17 0.0130124865
844 417 20 27 0.013012086
853 417 17 20 0.013009706
208 64 10 11 0.013006596
985 559 10 12 0.012998139
741 197 11 14 0.012994073
285 502 24 26 0.012993337
310 104 49 68 0.012992573
531 194 8 10 0.012992392
1018 11 6 33 0.012992336
36 660 44 24 0.01298986
350 185 12 15 0.012988857
399 128 8 10 0.012985803
590 121 16 15 0.012982777
191 444 16 14 0.012974561
327 36 61 89 0.012972234
369 197 19 26 0.01297148
818 527 38 52 0.012967382
511 674 32 10 0.012952961
199 6 34 52 0.012952692
668 115 29 36 0.012950397
380 104 14 16 0.012931661
692 66 12 17 0.012930453
731 175 11 13 0.012926689
773 157 24 28 0.012921143
187 345 19 28 0.012914628
643 595 45 53 0.012905923
498 0 41 47 0.012903363
639 114 8 11 0.0129024
877 454 9 10 0.0128974775
537 213 10 12 0.0128968945
658 116 12 17 0.012895933
605 97 11 15 0.012892446
683 3 13 15 0.012892113
691 273 13 12 0.012889362
584 76 9 12 0.012884256
417 139 10 13 0.0128814615
268 467 19 25 0.012876729
884 600 140 84 0.01287667
259 437 30 40 0.012871211
316 145 11 16 0.01286925
278 504 19 24 0.012866245
621 1 33 35 0.012862039
0 499 35 49 0.01285737
665 517 23 24 0.012857183
242 499 19 19 0.012854964
729 322 16 20 0.0128529705
200 95 14 15 0.0128510455
253 508 15 21 0.01284913
624 458 32 41 0.012848856
966 0 58 74 0.012848486
857 441 11 20 0.012848359
700 0 115 139 0.012840094
578 107 11 13 0.012838356
168 217 9 13 0.012838225
213 60 12 14 0.012835952
671 186 10 12 0.012831646
213 432 23 33 0.012831022
929 17 44 63 0.012830994
731 348 17 21 0.012829711
596 42 9 11 0.01282871
583 16 101 151 0.012825872
735 657 46 27 0.012815506
742 194 8 11 0.012814421
651 150 48 65 0.012813493
603 185 9 13 0.012809134
253 432 16 18 0.012808908
423 100 9 13 0.012806401
390 0 34 25 0.012805899
315 123 8 13 0.012805869
922 81 16 22 0.012799841
353 134 15 19 0.012786884
271 501 16 21 0.012786649
684 0 291 333 0.012786604
669 205 13 18 0.012786478
696 31 16 24 0.0127835795
475 181 11 16 0.012781144
637 352 34 41 0.012776034
447 0 14 12 0.012774769
827 259 197 291 0.012773709
327 201 39 52 0.012769089
761 376 38 45 0.012766788
521 208 9 12 0.012762265
299 410 33 45 0.012762012
931 85 8 10 0.012752651
87 460 22 29 0.012751781
335 90 50 66 0.012750294
348 136 19 25 0.012750141
86 160 27 32 0.0127499625
558 457 11 11 0.012748598
5 591 139 93 0.012747304
665 170 7 9 0.012745904
450 30 30 49 0.012744323
342 0 19 11 0.012733936
78 531 26 32 0.012726881
674 172 8 11 0.01272039
793 341 12 17 0.0127178375
685 213 11 13 0.012713243
312 582 35 40 0.012711827
94 448 17 19 0.01270764
265 108 9 13 0.012700592
721 196 10 13 0.012694277
344 0 25 26 0.012685766
573 116 8 10 0.01268339
681 206 11 13 0.01267962
1004 111 20 55 0.012674804
37 137 11 11 0.012673232
711 0 37 48 0.0126725985
416 141 7 9 0.0126711475
676 530 14 16 0.012663915
0 139 33 49 0.012661644
418 185 25 31 0.012654874
585 109 7 11 0.012653579
414 111 11 12 0.012652811
10 466 21 25 0.012647691
189 431 21 25 0.012640016
359 123 8 11 0.012636535
530 189 10 13 0.0126348
282 449 9 14 0.012629679
116 449 11 13 0.012624222
500 188 20 22 0.012620936
582 8 16 18 0.012613434
198 381 13 17 0.012611087
207 478 22 24 0.012610945
864 328 145 166 0.012610846
14 525 43 49 0.012610325
814 362 17 24 0.012607601
221 188 9 12 0.012605184
188 0 264 190 0.012601891
547 187 10 14 0.012600034
627 97 13 15 0.01259455
212 499 23 26 0.012592958
900 0 17 15 0.01258986
195 21 25 41 0.012586144
452 65 11 14 0.012584442
246 532 19 25 0.012570241
17 0 16 13 0.012563512
532 211 9 12 0.012562763
0 47 28 42 0.012557428
523 215 12 16 0.012555725
240 417 28 37 0.012552631
263 451 29 40 0.012545549
654 673 28 11 0.012544709
393 110 11 11 0.012542587
810 608 143 76 0.01254062
257 500 15 17 0.01254006
736 189 20 25 0.012529039
350 11 32 48 0.012528014
606 8 14 17 0.012521875
185 181 20 30 0.012519981
1023 0 1 10 0.012517684
358 159 19 26 0.0125171
110 5 38 62 0.012516418
343 90 12 17 0.01251581
847 182 22 26 0.0125126075
436 0 51 67 0.012512115
473 183 8 9 0.012507567
852 0 121 97 0.012507525
115 436 15 19 0.012504757
1022 0 2 12 0.012496645
628 247 10 13 0.012493896
661 184 13 15 0.012493551
92 493 31 36 0.012492682
797 505 36 41 0.012490657
780 373 17 29 0.01248967
366 193 9 10 0.012484494
840 0 15 19 0.012484311
319 470 22 26 0.012481502
840 406 14 20 0.012478224
850 453 33 40 0.012478118
858 405 15 19 0.012476108
868 463 13 15 0.012475663
503 330 13 16 0.012475389
309 136 19 26 0.01247137
807 2 75 87 0.0124693755
665 207 11 15 0.0124667445
270 155 18 26 0.012464069
720 186 13 19 0.012462911
254 434 10 12 0.012460994
399 109 13 14 0.012460948
7 670 31 14 0.012459192
497 303 28 42 0.0124589475
816 499 39 44 0.0124492515
686 565 31 33 0.012448425
720 221 8 11 0.012446047
907 85 10 9 0.012446003
340 138 7 10 0.012442004
296 467 19 26 0.012438335
243 429 12 16 0.012436526
705 435 11 13 0.012435833
671 531 13 16 0.012432681
351 111 10 12 0.012432475
766 659 12 12 0.012419419
471 196 9 9 0.012418049
680 171 9 13 0.012416615
203 43 27 42 0.012415135
351 139 10 14 0.012414718
705 196 9 11 0.012411616
269 436 16 22 0.012409937
412 91 14 18 0.012409602
104 216 9 13 0.0124088125
0 172 17 32 0.012408446
801 514 69 83 0.012404549
458 72 9 9 0.012397886
565 58 31 42 0.012396578
948 542 34 42 0.012393093
305 243 71 79 0.012389992
201 78 10 14 0.012389582
815 292 115 161 0.01238813
379 138 11 15 0.012387004
682 417 15 14 0.012386552
207 70 11 14 0.012378659
10 490 14 16 0.012377065
904 332 40 53 0.012373969
892 237 41 55 0.012371551
539 543 173 141 0.012368603
103 211 19 31 0.012367007
78 509 23 29 0.01236249
124 461 10 14 0.01236192
735 160 10 13 0.012359276
210 37 11 14 0.012358484
339 151 12 13 0.012358482
0 69 16 25 0.012353951
465 78 8 11 0.012345188
357 82 17 25 0.012343712
1 103 7 9 0.012342488
641 104 8 9 0.012340514
198 42 23 33 0.012334474
311 145 11 18 0.012333251
530 201 7 9 0.0123291975
104 226 19 22 0.012328404
664 565 23 31 0.012327383
649 96 9 10 0.012325971
392 181 9 10 0.012321313
96 453 19 24 0.012320559
221 532 28 32 0.012314378
240 374 34 41 0.012313973
939 218 22 30 0.012310505
347 131 9 10 0.012310068
865 582 27 28 0.01230427
671 407 30 27 0.012302967
602 19 25 34 0.012301074
641 115 16 19 0.012300496
179 452 21 25 0.01229672
165 430 28 34 0.012296042
99 217 12 18 0.012285331
606 0 270 259 0.012279135
206 548 20 30 0.012277763
630 67 10 14 0.012276708
880 457 8 9 0.012276354
616 0 123 104 0.01227594
86 480 50 55 0.012274605
230 176 11 15 0.01227386
354 174 11 12 0.01227367
929 489 32 40 0.012270495
696 579 24 26 0.012269463
716 215 9 11 0.012268485
430 126 12 15 0.012268179
891 58 51 66 0.012265583
597 60 28 41 0.012261613
488 197 10 12 0.012261546
595 23 26 37 0.012260652
606 0 16 17 0.012259156
612 105 10 15 0.012258944
438 1 22 25 0.012258311
330 140 18 20 0.01225726
662 191 10 12 0.012255084
201 398 20 28 0.012252772
672 421 28 34 0.012252438
48 0 19 25 0.012250412
646 119 10 11 0.012249074
652 428 29 40 0.012237341
212 543 15 18 0.0122371735
736 671 25 13 0.012237088
323 180 10 13 0.012227073
63 440 10 12 0.012226364
394 161 8 12 0.012224892
210 520 20 29 0.012224714
262 466 17 25 0.012221228
361 107 9 11 0.012220047
681 547 13 23 0.012215481
934 271 11 13 0.012213637
490 204 19 23 0.012211396
936 505 33 40 0.012209673
395 140 11 14 0.012208787
405 163 21 26 0.012208056
453 0 16 9 0.01220757
171 443 15 20 0.012203732
579 89 11 14 0.012199749
615 662 44 22 0.012197842
445 1 27 31 0.0121908095
538 225 10 12 0.012188616
911 68 8 11 0.012187245
435 127 11 14 0.012182509
385 0 25 18 0.012181721
310 527 26 28 0.012181082
602 75 11 12 0.01217647
180 569 23 32 0.012176409
665 70 10 16 0.012176331
293 159 12 14 0.012173306
17 481 21 26 0.012168871
890 401 33 44 0.01216313
124 530 42 52 0.012161634
364 131 29 38 0.012161187
814 234 111 142 0.012157843
172 175 32 43 0.012156067
62 660 9 11 0.012152271
373 114 10 11 0.012150197
462 13 15 23 0.012144752
533 203 8 9 0.012139716
386 174 12 13 0.012138569
353 155 29 38 0.012137485
522 664 45 20 0.0121346675
932 565 39 47 0.012134557
842 179 20 21 0.0121340705
939 453 30 37 0.012131724
201 529 20 26 0.012131602
312 162 11 16 0.012129802
341 110 17 21 0.01212738
663 469 29 37 0.012125319
683 184 15 21 0.01212326
782 588 44 55 0.0121225165
434 115 9 11 0.012121456
496 196 25 29 0.012120785
27 635 18 22 0.012118949
365 108 9 10 0.012116511
105 1 11 15 0.012113595
733 171 7 11 0.01211316
610 326 66 89 0.012111014
663 244 7 10 0.012109425
595 145 19 28 0.012107786
494 439 35 44 0.012107249
356 88 24 32 0.012101853
586 92 17 22 0.012101657
569 97 22 28 0.012093644
851 666 12 16 0.01209205
663 589 25 30 0.012091511
198 68 11 14 0.012090084
776 651 19 18 0.012086277
308 486 36 44 0.012085433
726 183 8 11 0.0120853
341 79 10 12 0.012083464
860 439 12 16 0.012080523
640 542 13 19 0.012080332
290 435 53 69 0.012078436
296 441 17 26 0.012076545
74 515 34 44 0.012072778
360 254 72 95 0.012072668
367 157 21 25 0.0120711345
774 5 45 58 0.012062215
294 18 111 141 0.012052537
661 0 33 35 0.01205125
199 10 10 13 0.01205024
951 441 32 40 0.012048916
393 25 47 69 0.0120476065
586 25 20 31 0.012046356
193 15 13 19 0.012045396
0 323 8 14 0.01204323
695 7 35 50 0.01204305
349 31 63 91 0.012037652
562 0 32 34 0.012029736
411 139 7 9 0.012027942
167 220 12 17 0.012026493
395 131 10 14 0.012025212
84 666 11 14 0.012017256
339 667 34 17 0.012011336
33 418 121 137 0.012011122
167 210 7 9 0.0120060425
819 553 11 15 0.012005401
695 224 10 13 0.01200487
648 501 38 37 0.012004715
736 143 13 15 0.012003918
698 208 14 17 0.012000716
463 631 96 53 0.011998085
846 412 11 15 0.011997101
712 467 12 12 0.01199559
313 142 16 32 0.011986946
759 153 34 42 0.011986416
390 111 17 22 0.011984316
424 541 38 46 0.011977055
0 71 11 16 0.011976222
370 193 8 10 0.011974907
181 343 18 26 0.011973281
960 664 41 20 0.011972951
118 488 20 28 0.011970453
938 465 20 23 0.011969766
365 84 10 13 0.011969238
656 526 17 24 0.011965421
464 184 18 21 0.01196439
668 156 15 23 0.0119633945
0 463 20 28 0.011962735
552 194 9 11 0.011954301
116 516 25 31 0.01195035
605 68 16 22 0.011949695
1 142 11 21 0.011947613
162 430 15 21 0.01194583
630 91 18 20 0.011945703
950 208 45 61 0.011945462
216 506 13 16 0.0119436495
489 146 34 49 0.011941045
252 444 29 40 0.011940856
782 165 13 17 0.011937731
741 354 11 15 0.011937577
307 659 41 25 0.011933748
922 0 15 13 0.0119328415
610 453 35 45 0.011930307
683 466 263 218 0.011928134
98 437 38 49 0.011926558
507 206 17 22 0.011926053
681 226 10 12 0.011925734
531 183 12 17 0.0119214365
836 660 46 24 0.011919079
174 538 31 38 0.011918436
643 674 27 10 0.011916056
714 0 27 29 0.011915359
217 0 116 122 0.011914086
357 136 19 26 0.01191317
685 532 19 27 0.01191311
628 10 37 44 0.011910439
671 167 10 12 0.011905041
113 433 30 36 0.011900191
812 520 23 22 0.011898562
661 217 28 36 0.011897638
1023 0 1 16 0.011896898
802 514 23 27 0.0118931895
671 435 20 31 0.011893043
190 115 7 9 0.011889891
190 9 13 15 0.011888866
309 461 36 39 0.011888671
115 457 19 24 0.011883043
254 500 10 10 0.0118828295
668 582 34 40 0.011876897
915 240 19 23 0.011876766
193 432 39 52 0.011872892
197 440 12 15 0.011870111
649 665 41 19 0.0118700005
382 504 15 15 0.011867489
1 446 20 29 0.011866881
235 505 12 15 0.011864172
599 90 17 21 0.011863989
662 406 12 17 0.0118618235
416 152 20 25 0.011859741
670 554 18 24 0.011858678
926 85 9 11 0.0118579315
402 122 6 9 0.011857115
178 427 21 23 0.011856783
199 521 20 25 0.011856429
0 512 15 25 0.011854389
637 540 12 18 0.01185382
853 403 12 12 0.011851521
601 49 15 21 0.011851255
198 97 9 14 0.011848423
198 0 12 11 0.011842662
353 92 13 16 0.011842309
137 524 33 42 0.011840871
0 671 12 13 0.011838581
41 5 15 27 0.011834685
321 156 38 47 0.011834023
861 422 8 10 0.0118338475
939 0 13 12 0.011829386
687 263 10 11 0.011828051
843 512 42 49 0.011827374
372 91 9 13 0.011824959
352 135 10 12 0.011818908
109 439 7 10 0.011817524
641 0 31 28 0.0118168
663 168 7 9 0.011814075
589 136 28 44 0.011811065
661 146 28 42 0.011807549
541 213 10 12 0.01180655
806 187 40 52 0.011805751
653 0 26 24 0.0118052475
845 0 25 28 0.011804243
572 120 23 28 0.01180411
412 146 10 14 0.01179922
652 231 8 9 0.011797772
823 251 24 30 0.011795063
599 195 7 10 0.011792625
392 135 10 13 0.011792079
796 672 21 12 0.0117831305
716 274 10 11 0.0117827235
499 197 7 10 0.01178111
593 26 11 14 0.011780794
915 508 22 23 0.011776461
649 241 10 15 0.011774742
305 141 10 13 0.011773719
441 0 213 251 0.011773621
174 338 48 72 0.011771397
274 440 28 40 0.011769618
113 387 39 54 0.011768583
754 668 11 11 0.011762769
853 658 45 26 0.01176028
568 100 9 15 0.0117596295
585 193 7 9 0.011759139
3 72 13 13 0.011756111
92 216 10 14 0.011750835
326 218 43 58 0.011749762
502 327 8 12 0.01174804
0 188 23 41 0.011746066
264 0 256 277 0.01174549
693 280 13 15 0.011743647
579 68 37 50 0.011742719
602 87 11 13 0.011741066
3 504 65 87 0.011740356
627 393 30 29 0.01173577
660 573 33 42 0.011731614
317 135 12 15 0.011730812
68 555 61 72 0.011727393
276 479 16 26 0.011726559
0 40 3 9 0.011725518
642 494 64 86 0.011725382
678 192 9 12 0.011721146
271 168 22 29 0.011719749
173 432 10 12 0.011716965
56 669 29 15 0.011716529
550 45 98 146 0.011715794
106 555 22 33 0.011713188
789 343 46 66 0.01171002
283 398 34 43 0.011709067
756 564 39 46 0.01170647
528 207 10 12 0.011705725
319 143 10 14 0.011702482
936 262 19 21 0.011701105
700 674 18 10 0.011699781
424 40 11 14 0.011698478
880 446 14 15 0.011698401
932 463 30 38 0.011696197
415 143 9 15 0.011695249
395 151 8 10 0.011694541
233 513 23 28 0.011693568
387 127 11 12 0.011689681
960 534 34 44 0.011685344
194 386 24 34 0.011676851
758 185 8 9 0.011675751
203 73 9 11 0.01167477
883 426 34 40 0.011673933
866 637 62 47 0.011672666
185 334 21 30 0.011671373
824 355 103 135 0.011671334
747 336 13 19 0.011668443
1022 70 2 27 0.011665732
507 213 9 13 0.011664225
503 180 26 30 0.011662076
94 10 67 99 0.011660336
366 2 35 44 0.011658245
380 587 39 47 0.0116578005
85 578 40 52 0.011657464
718 181 8 10 0.011656545
438 131 12 16 0.011653218
708 443 14 16 0.01165276
722 216 9 10 0.011650716
503 0 29 31 0.01165068
479 197 8 10 0.011649081
995 0 20 23 0.011641789
588 43 15 19 0.011641772
421 138 8 10 0.011640345
936 507 19 23 0.011636552
657 117 9 11 0.011635005
290 458 14 16 0.011634377
348 136 10 13 0.011631665
403 192 13 20 0.011630405
902 79 12 14 0.011630399
308 504 34 38 0.011625656
949 486 35 42 0.01162317
501 188 10 12 0.011622936
0 520 41 54 0.011622306
109 29 13 23 0.011621349
213 68 10 13 0.011618967
217 570 22 29 0.011616287
751 428 44 50 0.011612682
665 398 24 27 0.011611921
843 415 14 19 0.011610818
421 119 27 33 0.011610543
683 201 7 9 0.0116088865
317 118 9 14 0.011606853
971 421 53 89 0.011606642
442 525 26 28 0.01160568
947 673 26 11 0.011603616
640 139 12 15 0.011603436
650 521 152 163 0.01160233
622 104 10 13 0.011602153
390 137 9 14 0.011600442
276 153 13 18 0.011600268
4 152 8 9 0.01160004
446 505 8 10 0.011598866
373 107 11 12 0.0115985405
232 524 28 35 0.011598152
0 335 6 14 0.011597725
651 553 16 19 0.011597297
711 463 33 36 0.0115959905
744 347 10 12 0.011590898
539 181 14 19 0.011588652
428 106 10 12 0.011587634
94 496 16 17 0.011583293
765 571 45 50 0.011582998
696 15 9 13 0.011581999
158 311 21 26 0.011580983
474 268 53 78 0.011580338
690 38 7 10 0.011579335
25 504 19 26 0.011577073
757 0 84 90 0.011576783
732 335 9 12 0.011575111
1019 74 5 32 0.011571095
632 673 29 11 0.011570416
382 21 8 10 0.011570112
399 136 10 14 0.011569013
381 166 17 20 0.011568161
689 192 12 15 0.011565319
418 0 122 94 0.011564911
184 445 34 43 0.011562196
279 155 19 22 0.011553771
283 441 17 26 0.011550896
597 663 42 21 0.011549921
687 182 7 9 0.011549615
946 514 36 47 0.011540842
28 492 11 14 0.011538467
16 0 278 208 0.011534232
611 175 11 15 0.011533841
437 190 11 16 0.011530471
307 151 13 25 0.011526761
584 104 8 11 0.011523504
762 620 40 45 0.011523463
644 370 20 25 0.011521623
659 377 15 17 0.01151774
846 409 19 23 0.011513958
476 559 47 50 0.011513317
348 94 17 19 0.011511156
392 156 8 9 0.011508902
16 633 21 25 0.011505986
589 50 8 11 0.01150508
219 428 13 17 0.011501016
41 634 73 50 0.011495846
227 426 12 14 0.011492317
0 185 8 17 0.0114919515
40 136 12 10 0.011491238
943 227 22 29 0.011491125
583 90 14 17 0.011485052
599 13 15 23 0.011484069
644 566 27 32 0.011475762
777 383 21 26 0.011469516
812 365 12 15 0.011466849
287 418 31 43 0.011464797
41 480 29 35 0.011463811
148 377 35 49 0.011461708
657 171 10 15 0.011461257
834 467 41 51 0.011461097
18 239 13 19 0.011459942
585 114 22 25 0.011458167
13 125 18 30 0.011457322
337 127 19 22 0.011455884
6 118 16 24 0.011453386
320 132 32 44 0.011451933
696 216 17 24 0.011450797
520 182 12 17 0.011450256
54 494 32 42 0.011449241
710 639 65 45 0.01144445
411 200 14 16 0.011443691
226 566 15 16 0.011442747
27 0 16 15 0.011441239
499 162 31 41 0.011440683
0 333 139 303 0.011439127
278 446 17 24 0.0114390375
843 411 6 10 0.011433855
728 324 24 31 0.011433789
53 0 38 45 0.011430964
661 203 11 13 0.011429148
681 7 36 58 0.011428831
243 438 18 23 0.011426824
599 115 30 40 0.0114244325
638 572 40 46 0.01142268
66 137 9 9 0.011418388
256 165 22 25 0.011417332
681 0 13 13 0.011416098
773 669 23 15 0.011415436
635 115 11 13 0.011407906
0 20 214 403 0.011405639
816 673 27 11 0.011405339
125 453 15 19 0.011403744
915 67 15 18 0.011402487
766 375 19 24 0.011401675
936 526 37 43 0.011399439
174 557 20 25 0.011394071
304 459 26 28 0.011388171
707 219 11 14 0.011386941
26 149 32 42 0.011385509
812 551 19 22 0.0113854725
488 77 9 11 0.011381582
251 1 40 54 0.011380704
37 507 12 19 0.01137892
379 117 18 22 0.011377863
699 504 26 33 0.011376874
348 100 8 9 0.011375661
725 187 8 12 0.011374517
780 357 32 43 0.011372927
0 475 20 27 0.011372924
567 98 7 12 0.011371435
335 120 8 11 0.011369906
0 208 9 21 0.011368536
933 278 22 29 0.011368158
428 166 18 21 0.011367683
64 502 31 42 0.011367268
361 103 9 10 0.011362028
577 80 10 12 0.011361024
667 443 27 37 0.011360567
651 72 6 9 0.01136053
868 222 14 16 0.011356284
307 0 98 78 0.011355792
985 486 12 17 0.011353392
36 359 27 35 0.011352035
70 487 59 71 0.011349917
569 98 6 9 0.011347846
681 18 17 26 0.011344955
11 107 15 20 0.0113418335
216 477 21 23 0.011340377
560 36 40 57 0.011337313
646 483 39 42 0.011335561
496 335 9 12 0.011333968
880 459 18 24 0.011333693
216 64 11 12 0.011329033
373 469 9 12 0.011327521
860 373 33 47 0.011327424
1006 130 18 58 0.011326507
4 77 51 72 0.0113193095
297 611 82 73 0.011319149
144 477 32 40 0.011318765
18 549 36 42 0.0113172205
259 489 299 195 0.011315311
232 515 69 75 0.01131491
714 569 25 29 0.01130567
1004 106 18 26 0.011305524
899 93 35 46 0.011304078
605 189 10 13 0.011303244
676 160 17 23 0.011302017
398 98 11 13 0.011298687
885 444 8 10 0.011297072
964 37 60 92 0.011295899
729 170 11 16 0.01129588
874 13 40 48 0.011295429
372 103 26 33 0.01129453
676 157 30 43 0.011291889
332 183 13 13 0.011290363
671 231 12 16 0.011288273
684 514 12 14 0.011285483
758 630 21 26 0.011285391
580 446 12 16 0.0112778405
504 212 8 11 0.011275161
358 443 34 46 0.011275076
651 242 7 9 0.011275014
483 456 40 50 0.011274788
833 528 40 55 0.011272528
846 451 60 74 0.011264426
273 521 13 15 0.011263622
803 484 44 50 0.01126086
499 202 10 13 0.011260832
990 610 16 22 0.011260214
73 468 17 25 0.011258998
864 362 24 30 0.011255763
611 96 10 14 0.01125569
210 70 15 20 0.011254036
754 204 25 33 0.011251328
706 230 10 12 0.011251224
259 488 18 22 0.011249333
337 143 7 9 0.011247385
429 103 8 10 0.0112462295
678 212 13 14 0.011243299
869 467 29 36 0.011236575
758 214 9 9 0.011235696
519 218 11 14 0.011233558
954 0 14 17 0.011233541
877 432 14 15 0.011231705
133 448 8 10 0.01123168
550 200 9 12 0.0112287225
182 139 38 46 0.0112278275
800 539 35 42 0.011220304
469 359 49 67 0.011220298
133 563 40 56 0.011219369
426 113 7 10 0.011215778
866 391 147 166 0.011212917
670 121 15 19 0.011211684
512 205 8 11 0.01120744
597 65 8 11 0.01120632
284 138 12 12 0.0112050595
322 142 11 13 0.011202075
397 540 30 27 0.011200101
570 122 13 16 0.011198496
875 574 35 42 0.011197353
189 519 21 25 0.011191129
99 626 72 58 0.011190507
525 190 8 11 0.011188675
717 0 78 88 0.011187406
443 132 10 15 0.01118321
357 470 23 27 0.011183008
0 321 92 166 0.011182236
254 517 12 16 0.011181971
910 80 13 13 0.011181473
520 197 8 10 0.011178972
627 64 16 21 0.01117867
264 378 25 29 0.011176715
589 93 103 145 0.011172963
177 0 123 150 0.011172164
913 570 13 14 0.0111699635
642 450 31 38 0.011159088
856 405 11 13 0.01115868
127 192 16 25 0.011158627
206 194 8 9 0.01115694
0 88 4 11 0.011156661
86 567 28 28 0.011152133
582 148 27 42 0.0111509105
380 492 36 49 0.011150699
401 236 36 45 0.011147683
445 501 9 10 0.011143676
734 0 39 51 0.011141499
503 200 9 12 0.011139685
723 474 14 16 0.011138104
828 553 39 54 0.011137185
665 92 13 13 0.011136799
675 166 10 11 0.011136006
661 209 10 14 0.011135746
657 178 10 14 0.011134703
152 181 10 14 0.011128807
287 29 61 94 0.011128797
136 96 10 13 0.011127814
102 140 21 26 0.01112623
650 224 7 9 0.011122967
112 90 11 17 0.011122686
190 573 35 45 0.011121022
677 185 7 10 0.011119603
506 244 7 13 0.011119502
585 120 8 10 0.011118355
879 439 8 13 0.0111175645
569 73 17 23 0.011116599
330 153 11 13 0.011116176
681 186 10 14 0.011114833
945 0 11 10 0.011113869
442 0 13 12 0.0111134555
354 118 12 15 0.011112155
459 162 17 22 0.011110407
5 173 11 14 0.011108102
926 513 37 44 0.01110802
881 82 11 13 0.011107979
655 366 21 25 0.011107701
919 499 32 37 0.011107688
884 448 19 24 0.011107367
365 185 9 10 0.011106968
330 113 15 20 0.011106775
632 459 44 58 0.011105388
758 0 40 51 0.011103474
36 149 25 29 0.01110308
946 385 35 44 0.011101073
660 108 13 17 0.011100155
398 103 10 13 0.011097328
247 449 21 28 0.011095685
725 244 8 10 0.01109422
268 1 58 76 0.011094075
674 518 21 26 0.011093647
718 230 10 12 0.011092928
717 209 18 24 0.011092485
296 414 24 32 0.011092346
633 0 28 25 0.011091495
419 138 6 9 0.011089875
519 461 38 49 0.011089554
274 145 15 20 0.011083773
589 96 11 14 0.011082903
313 131 11 14 0.011080014
23 115 31 45 0.011078353
276 387 54 68 0.011075579
118 440 10 13 0.011072627
684 539 13 22 0.011068803
562 193 9 13 0.011066252
328 399 37 53 0.011064686
36 136 18 18 0.011064186
801 340 7 10 0.011062041
831 628 26 30 0.011060132
108 42 14 22 0.011059207
944 187 44 62 0.011056876
206 388 12 15 0.011054577
104 470 22 29 0.011054252
675 583 44 51 0.011051783
233 175 17 21 0.011048526
543 218 8 13 0.01104738
212 8 16 20 0.011046455
365 136 18 23 0.011045966
639 145 7 9 0.0110438075
498 189 8 9 0.011043064
551 186 8 12 0.011042415
876 467 18 25 0.011041734
713 120 23 21 0.011040349
938 673 25 11 0.011039748
669 194 9 11 0.011039175
673 547 13 21 0.011038354
238 662 40 22 0.011037237
887 14 12 16 0.011037061
866 209 62 83 0.011036883
848 442 23 29 0.011034574
357 360 41 55 0.011032968
367 119 12 13 0.011032548
446 28 13 19 0.011032451
915 36 33 51 0.01103106
375 175 11 15 0.0110254185
368 135 11 14 0.011024636
366 123 24 31 0.011024293
848 363 34 46 0.011022482
544 551 85 91 0.011017657
369 142 19 24 0.0110161435
267 191 11 14 0.0110149
452 43 16 17 0.011014035
666 99 15 17 0.011013721
662 633 70 51 0.011011175
930 83 8 9 0.011007835
905 575 42 50 0.011007777
299 155 20 28 0.01100686
607 0 60 69 0.011006214
598 132 14 16 0.011003138
295 552 24 28 0.011002551
209 111 11 15 0.011001003
882 0 25 18 0.011000812
702 215 9 10 0.011000452
937 169 41 57 0.01099918
456 49 20 31 0.010999024
944 148 39 51 0.010995633
584 157 12 15 0.010994153
460 168 28 35 0.010994017
992 460 32 45 0.010993718
454 406 31 36 0.010991326
727 193 18 24 0.010990953
632 118 25 31 0.010987522
646 198 20 26 0.0109820645
528 172 18 28 0.010981828
865 437 13 15 0.010981442
323 510 28 35 0.010981094
904 150 37 54 0.010978032
390 129 10 13 0.010977015
697 495 37 51 0.010975994
944 97 9 10 0.01097427
778 491 13 17 0.010973006
423 161 9 9 0.010971736
136 241 10 12 0.010966003
661 124 29 45 0.010965622
520 495 75 80 0.01096162
756 167 24 28 0.010961547
357 105 10 12 0.01095973
607 155 9 11 0.010958846
449 210 23 26 0.010954976
779 537 69 81 0.010954807
476 368 19 30 0.010954417
199 68 19 29 0.010954004
704 205 11 11 0.01095181
802 557 72 84 0.010951651
193 34 11 15 0.010951366
161 315 23 31 0.010949765
345 122 10 14 0.010945868
201 94 19 26 0.010944236
649 108 50 73 0.010943779
719 404 36 40 0.0109385075
682 216 27 38 0.010937826
695 40 8 12 0.01093517
813 370 16 25 0.010934457
669 130 14 20 0.010931324
774 366 49 61 0.010931063
1001 106 8 11 0.010927467
605 90 11 14 0.01092492
342 79 16 23 0.010920643
944 667 43 17 0.010919516
667 318 13 16 0.010919443
787 545 40 48 0.010917745
108 572 13 18 0.010916842
212 61 8 11 0.010916503
611 672 30 12 0.010916289
662 176 10 14 0.010915187
426 190 9 12 0.010915091
600 114 13 16 0.010914347
691 202 9 14 0.010908303
751 408 39 39 0.010904541
230 425 53 69 0.010902186
274 529 23 29 0.010902133
351 455 34 44 0.0109020565
650 115 16 20 0.010894404
471 321 56 82 0.010894161
882 467 11 14 0.010890907
249 383 20 27 0.010890203
475 198 11 12 0.010890069
688 51 28 43 0.010886843
645 358 36 44 0.010885706
803 384 20 29 0.010884592
687 200 10 13 0.01088452
641 480 25 32 0.010884465
753 120 41 49 0.0108838
914 526 40 47 0.010882193
841 15 41 65 0.010881503
973 140 18 24 0.0108805625
907 515 37 44 0.0108788395
679 521 12 18 0.010878427
470 524 13 12 0.010878213
977 133 22 28 0.010878107
735 323 18 21 0.010878029
924 559 36 41 0.010873995
675 568 22 29 0.010873872
293 455 18 22 0.010873605
818 366 11 15 0.010871418
250 435 12 13 0.010869894
665 365 21 26 0.010869128
688 97 13 18 0.010864942
759 171 11 12 0.010863918
342 140 7 11 0.0108628245
676 353 21 29 0.010859813
187 0 15 15 0.01085901
672 113 13 14 0.010858664
395 120 10 13 0.010858256
490 663 48 21 0.0108549455
870 658 11 13 0.010854275
620 402 39 46 0.010853928
279 492 15 23 0.010851076
677 102 17 21 0.010846992
361 243 24 32 0.010845776
610 106 15 22 0.010843402
939 431 32 41 0.010842415
140 261 15 25 0.010841235
983 568 13 15 0.010840614
687 43 20 37 0.010840355
564 99 8 13 0.01084002
3 464 79 107 0.010839044
108 68 11 19 0.010838204
108 459 22 29 0.01083573
906 313 39 51 0.010834358
340 123 7 10 0.010833359
659 188 10 12 0.010833282
698 588 36 47 0.010833057
935 476 35 45 0.010832357
453 73 11 13 0.010832346
522 532 80 83 0.010831584
498 213 17 27 0.010831448
883 275 40 46 0.01082832
548 151 10 14 0.010825887
511 162 31 40 0.010824842
625 92 13 14 0.010823982
338 9 13 15 0.010823455
0 230 8 15 0.0108222375
103 445 10 13 0.010820438
58 490 23 29 0.010820296
924 508 21 23 0.010818753
565 0 18 21 0.010818278
706 271 18 21 0.010817178
481 2 34 48 0.010815678
605 31 16 26 0.010811812
417 82 10 13 0.010811242
311 137 10 16 0.010810417
342 148 11 13 0.010809571
603 109 9 11 0.010807978
217 450 19 26 0.010806239
736 194 10 14 0.010806173
644 0 24 16 0.010805523
130 98 18 25 0.010802485
601 349 16 13 0.0108023165
847 399 15 16 0.010799187
477 183 13 19 0.010798668
587 118 9 11 0.010797396
608 60 9 14 0.010795972
270 173 14 19 0.010793344
415 100 8 10 0.010792663
303 174 12 16 0.010791422
93 534 45 52 0.010789448
617 430 32 45 0.010788552
738 456 37 44 0.010787269
479 547 41 36 0.01078511
7 175 12 15 0.010784886
604 45 11 16 0.010784834
335 74 26 37 0.010784372
590 275 36 45 0.010784326
445 136 10 13 0.010783882
93 438 17 21 0.010783847
462 27 12 18 0.010782109
725 672 23 12 0.010780087
231 506 21 25 0.010779875
622 486 18 20 0.010778538
723 181 14 22 0.010777066
0 471 10 18 0.010775265
371 190 19 19 0.010774291
448 81 11 17 0.010773586
136 0 129 105 0.010769667
379 188 32 38 0.010769114
589 117 11 13 0.010769007
364 445 23 28 0.010766874
909 667 12 15 0.010766198
470 193 7 9 0.010765719
510 225 9 12 0.010765165
447 125 12 15 0.010762398
697 613 39 47 0.010762137
323 490 31 41 0.01076073
261 124 11 13 0.010760269
833 175 40 46 0.010760227
912 85 10 11 0.010759297
472 1 60 76 0.010757377
444 209 18 21 0.01075586
587 164 19 31 0.010755725
682 1 77 91 0.010750936
629 625 83 59 0.010750768
305 247 42 55 0.010750705
598 185 16 26 0.010748753
890 76 33 43 0.01074785
782 666 32 18 0.010747403
9 307 38 48 0.010745643
587 37 11 16 0.010745536
601 262 59 74 0.010745464
447 4 16 16 0.010743897
670 0 21 22 0.010741828
673 390 26 29 0.01074132
652 3 58 84 0.010740583
186 552 23 30 0.010737156
789 644 10 15 0.010735473
528 552 33 31 0.0107320035
953 238 40 58 0.010731307
794 233 18 23 0.010731149
189 475 20 23 0.010730688
615 11 32 42 0.01072923
786 339 107 143 0.010728626
8 70 7 9 0.010727527
338 121 7 9 0.01072724
380 124 9 9 0.010726174
178 326 12 17 0.010725646
125 466 10 14 0.010723149
267 508 16 19 0.010722165
692 211 6 10 0.010720723
87 600 40 52 0.01071872
9 76 24 29 0.010717635
710 532 11 14 0.010717473
225 565 25 31 0.010716602
376 0 124 129 0.010714133
218 187 9 11 0.010713619
688 197 9 11 0.010713192
1012 127 12 41 0.010712898
127 231 58 81 0.0107125295
105 13 9 15 0.010709527
265 239 68 86 0.010708821
680 33 16 24 0.0107084075
673 203 8 11 0.010708058
815 369 10 14 0.010707797
267 485 15 21 0.010705283
688 35 7 10 0.010704908
377 97 10 11 0.010704771
213 242 61 85 0.010704756
754 674 20 10 0.0107025355
148 448 13 13 0.010702365
244 376 22 26 0.010702007
131 0 39 40 0.010701341
633 658 46 26 0.010699107
601 150 11 14 0.010698712
689 75 11 13 0.010697734
384 95 28 37 0.0106977075
931 440 32 40 0.010697562
344 124 15 19 0.010696766
351 427 35 48 0.010696531
12 470 12 14 0.010696411
416 240 11 12 0.010695771
12 0 15 10 0.010695285
151 536 14 16 0.010693454
614 94 8 13 0.010690804
771 667 11 11 0.010689304
0 107 12 21 0.010688065
362 192 8 10 0.010686682
398 1 38 45 0.0106841
533 222 9 12 0.010683852
671 484 125 136 0.01067822
124 135 13 18 0.010677985
546 661 40 23 0.010677624
886 343 39 47 0.010677459
611 114 12 17 0.010675453
485 367 36 43 0.010674892
392 198 33 42 0.010671829
490 201 11 13 0.010671586
945 545 21 23 0.010669472
665 509 24 22 0.010668313
681 396 11 13 0.010668009
856 501 38 48 0.010667976
564 75 33 43 0.010667551
502 501 42 51 0.010665853
654 506 25 25 0.010665208
204 169 39 49 0.0106639275
241 457 31 40 0.010663693
67 648 27 29 0.010662654
426 137 7 9 0.01066225
627 107 12 13 0.010661984
361 197 13 15 0.010660075
164 446 31 38 0.01065955
291 152 10 14 0.010659202
0 157 20 38 0.010658876
307 434 64 77 0.010657956
113 4 59 80 0.010656689
582 118 8 11 0.010656202
927 143 13 15 0.010655399
176 144 25 29 0.010652777
728 179 10 13 0.010652651
892 139 11 17 0.010650412
1020 0 4 29 0.010649344
630 427 33 43 0.0106485905
498 343 11 16 0.010648479
196 570 24 30 0.010645373
135 220 13 13 0.010645207
747 446 35 41 0.010645004
758 231 9 10 0.010642676
878 615 39 49 0.0106397355
189 417 22 25 0.010637616
927 386 31 40 0.010637401
448 420 71 86 0.010634675
124 561 20 29 0.0106342435
521 406 18 24 0.010631631
170 660 37 24 0.01063
508 0 18 15 0.010629858
472 192 14 16 0.010623655
659 539 14 19 0.010621555
218 495 110 127 0.0106207905
23 243 11 13 0.01062057
741 141 33 45 0.01061343
254 665 11 10 0.010612945
909 487 35 42 0.010612707
662 398 55 59 0.01061232
317 141 19 25 0.010612193
329 426 37 49 0.010611929
756 41 20 29 0.010611575
964 376 60 102 0.01061131
696 47 9 13 0.0106109
342 115 30 42 0.01061049
345 100 30 40 0.010607915
809 370 12 15 0.010599508
261 500 9 10 0.010598649
670 197 9 12 0.010597485
0 308 8 11 0.010595844
887 269 28 28 0.010594733
958 433 34 40 0.010589687
465 0 108 122 0.010589592
261 422 29 39 0.010588903
926 134 70 92 0.010587627
845 191 20 29 0.010586724
676 403 14 18 0.010584378
81 166 24 33 0.010583734
511 646 15 16 0.010583157
610 153 8 11 0.010580576
268 469 27 37 0.010580243
80 161 20 25 0.010579438
765 162 38 52 0.010578647
596 46 8 10 0.010577356
187 448 109 137 0.010577174
6 454 22 26 0.010577144
342 23 30 48 0.0105739245
706 216 10 11 0.010573753
19 63 34 50 0.010572509
433 131 12 16 0.010571828
258 602 46 56 0.010570935
953 227 23 30 0.010568905
383 90 13 16 0.010568823
338 155 9 11 0.010568765
381 197 20 21 0.010568492
602 138 8 10 0.010566493
474 374 15 28 0.010565519
21 50 67 93 0.010564327
122 510 23 29 0.010563484
322 385 35 48 0.01055857
943 512 20 24 0.010558401
602 82 11 12 0.010558282
242 416 13 16 0.010557139
79 480 11 18 0.010557114
33 668 33 16 0.010554133
312 145 7 12 0.010553472
610 145 53 72 0.010551118
90 382 25 32 0.0105492445
47 7 12 20 0.0105475355
346 109 10 10 0.010547232
734 420 22 24 0.010546977
86 524 41 50 0.010546838
597 185 9 13 0.010546763
109 558 45 50 0.0105465725
226 178 24 25 0.010545534
587 123 8 10 0.010543514
662 98 109 150 0.010542305
606 145 18 28 0.0105420975
326 459 18 26 0.010541698
685 225 11 13 0.010540603
690 224 12 13 0.010539189
227 616 71 68 0.010537874
349 84 22 29 0.010537134
374 164 17 21 0.010536895
856 673 23 11 0.010535939
649 84 19 23 0.010534745
399 549 21 21 0.0105342185
801 666 10 12 0.010533107
848 400 8 9 0.010531841
937 394 34 43 0.010531405
589 61 6 9 0.010531025
380 198 12 12 0.010530079
422 93 9 12 0.010529972
692 73 13 19 0.01052978
10 574 20 26 0.010529572
859 346 35 44 0.010529418
350 146 10 12 0.010529102
573 77 12 14 0.010526218
384 115 7 9 0.010525314
678 79 18 23 0.010524476
1017 85 7 31 0.01052429
649 180 8 9 0.010518698
910 460 10 12 0.010518576
215 36 10 13 0.010517209
855 241 8 13 0.010516725
707 511 12 14 0.010515648
345 135 8 9 0.010515077
243 440 9 9 0.010514833
593 158 26 46 0.010514339
558 343 36 49 0.010512273
957 674 24 10 0.010512069
649 363 49 56 0.010510951
164 632 61 52 0.010510141
100 429 23 29 0.010509121
404 209 31 40 0.01050791
123 477 10 17 0.010507821
665 199 8 11 0.010507785
754 386 55 63 0.01050507
573 0 12 11 0.010504425
27 564 23 27 0.010503328
841 189 13 12 0.0105032
690 55 15 21 0.010501613
671 304 25 30 0.010500717
642 435 31 40 0.010499526
722 160 29 40 0.010499463
580 12 21 30 0.010497083
724 130 11 10 0.010496191
511 184 27 31 0.010495982
305 109 34 50 0.010495777
988 283 22 29 0.010495415
190 366 16 23 0.010494853
328 122 8 12 0.010494715
349 371 38 53 0.010494047
562 93 14 21 0.010492384
306 631 46 53 0.010492348
328 148 10 13 0.010492198
680 176 9 14 0.010490703
571 84 53 70 0.010488853
463 79 13 16 0.010487202
857 321 29 38 0.010487123
397 503 37 47 0.010486215
475 362 10 19 0.010485277
0 215 6 12 0.010485055
266 363 113 152 0.010483468
344 133 15 20 0.010481815
380 127 18 24 0.010479569
378 631 71 53 0.010478809
424 105 11 14 0.010478497
902 71 54 75 0.010478003
909 152 22 31 0.010476985
994 89 30 67 0.010476774
0 7 8 23 0.0104762055
755 143 9 12 0.0104750125
584 288 60 81 0.010473193
900 535 69 82 0.010472892
5 163 10 13 0.0104717
568 386 13 12 0.010470908
14 144 17 21 0.01047041
112 521 41 50 0.010466929
634 94 10 12 0.010466067
1010 106 10 13 0.01046491
69 498 23 30 0.010464856
523 152 31 43 0.010463321
963 419 12 14 0.010462569
250 514 8 10 0.01046242
51 1 62 83 0.010459914
658 350 61 77 0.010459691
84 430 59 75 0.010459413
313 151 10 19 0.0104582
876 457 7 9 0.010455767
590 83 9 10 0.010454667
310 109 19 25 0.010452814
816 390 7 10 0.010452734
286 497 53 61 0.010452642
353 88 11 13 0.010451298
0 92 9 14 0.010451297
428 95 9 14 0.010448174
0 628 16 27 0.010448107
354 60 11 15 0.010447794
911 54 113 205 0.010447232
733 257 10 12 0.010446729
0 51 6 12 0.010445737
100 672 25 12 0.010445162
417 98 9 11 0.010445145
941 95 9 11 0.010444948
697 1 17 21 0.010443966
405 17 57 84 0.010443171
755 383 19 25 0.01044308
475 581 42 50 0.010442228
326 146 9 12 0.010440661
200 87 9 12 0.010440312
257 459 27 38 0.010440282
4 456 12 15 0.010440076
753 345 55 72 0.010438421
212 550 14 21 0.010437945
13 138 35 45 0.010436115
297 150 12 13 0.010434622
866 416 8 11 0.010434131
205 6 23 33 0.010433764
344 143 10 13 0.010433007
274 418 31 41 0.010432992
322 133 8 9 0.010432853
908 79 8 11 0.010432786
679 222 10 13 0.0104318615
428 629 80 55 0.0104299495
15 517 13 16 0.0104235215
201 16 14 19 0.0104234945
403 545 12 11 0.010422223
877 372 34 46 0.010421886
217 559 15 20 0.010421148
0 83 4 11 0.01041814
393 581 44 51 0.010417854
464 51 20 30 0.0104178265
8 178 15 22 0.010414443
691 81 13 18 0.01041417
168 408 19 26 0.010413859
520 642 49 42 0.010413675
605 164 20 33 0.010413151
596 155 19 29 0.010410522
321 438 35 43 0.010409881
672 104 12 13 0.010407315
489 192 7 10 0.010407086
680 529 18 25 0.0104064
783 338 36 46 0.010405915
689 517 11 14 0.010403038
547 406 35 42 0.01040287
917 477 36 45 0.0104022585
27 290 70 99 0.010402188
966 487 22 23 0.01040189
907 0 87 68 0.010399508
243 514 12 18 0.010399142
0 241 11 17 0.010396195
248 511 8 10 0.010395791
0 193 11 30 0.01039417
1023 71 1 25 0.010393673
358 28 15 20 0.010393398
879 323 9 11 0.01039271
411 231 31 37 0.010392323
421 533 67 77 0.0103894435
740 164 11 17 0.010387402
585 47 10 13 0.010386912
192 23 19 30 0.010386654
342 154 12 14 0.0103855105
938 270 22 29 0.010385464
548 182 10 14 0.010380218
950 410 29 37 0.0103793945
728 243 11 12 0.010379385
717 242 55 71 0.010377226
190 328 33 45 0.010376741
607 34 9 13 0.010375907
1 96 62 85 0.010372468
466 6 15 20 0.010371897
843 443 18 29 0.010367002
916 644 10 10 0.010366683
568 176 18 25 0.0103649
212 179 7 10 0.01036463
190 461 20 27 0.010364281
340 351 39 55 0.010362696
765 52 21 31 0.01036147
208 539 12 17 0.0103614405
718 238 11 13 0.010359854
111 77 11 15 0.010358179
211 91 13 16 0.010358071
171 316 21 33 0.010358008
404 555 69 78 0.010357229
431 122 11 13 0.010356092
870 54 28 36 0.01035583
386 105 33 44 0.010354156
417 589 13 16 0.010354093
67 12 65 96 0.010353362
262 481 14 17 0.010352999
2 263 67 95 0.010351922
219 663 39 21 0.01035116
25 131 33 44 0.010350792
519 204 9 11 0.010349925
423 196 28 41 0.010348691
273 433 10 16 0.010346291
953 0 11 9 0.0103449095
316 230 44 59 0.010343231
766 632 25 26 0.010341716
213 382 8 10 0.010341431
610 490 69 84 0.0103381425
0 387 36 63 0.0103368135
0 54 8 18 0.010335811
357 451 24 31 0.010335164
1018 391 6 31 0.0103346575
476 308 32 40 0.010334311
684 556 11 18 0.010333288
192 344 12 15 0.01033233
39 534 36 42 0.010331777
125 508 33 44 0.0103312135
823 193 22 28 0.010330648
13 69 22 20 0.010327986
262 436 16 20 0.010326165
417 236 20 23 0.010319394
887 305 37 43 0.01031757
198 91 11 15 0.010317394
556 266 54 68 0.010314644
666 163 8 10 0.010314425
219 494 19 23 0.010314419
696 536 11 15 0.01031291
767 668 11 13 0.0103129
702 209 10 10 0.010312822
208 153 23 30 0.01031048
441 503 11 9 0.010310437
682 402 8 11 0.010309756
901 634 74 50 0.010307153
460 179 9 10 0.010305453
0 129 134 366 0.010305371
691 441 11 15 0.010304903
14 163 36 48 0.010303119
0 132 10 21 0.0103008095
564 123 15 16 0.010300511
317 127 8 11 0.010299774
574 111 42 58 0.010298215
270 387 32 38 0.010297742
454 187 12 16 0.010296801
838 10 17 28 0.010296024
581 66 9 14 0.010294243
691 271 33 41 0.010292991
570 631 27 33 0.010292676
662 230 7 10 0.010291954
332 23 21 31 0.010289594
961 93 63 105 0.010289534
397 167 18 21 0.01028889
511 438 15 17 0.010287781
857 485 36 42 0.010287734
413 85 6 9 0.010283258
9 636 24 28 0.010282592
720 183 10 14 0.010282268
789 1 113 130 0.010281758
261 507 7 11 0.010279921
339 435 38 48 0.010279434
629 399 54 54 0.010275809
158 440 23 30 0.010275143
897 351 37 47 0.0102745835
405 113 10 11 0.010274112
259 134 19 27 0.010270991
1017 54 7 38 0.0102695655
885 6 19 26 0.010267496
915 171 20 30 0.010266792
674 580 22 29 0.010266475
345 68 15 19 0.010265643
667 146 52 72 0.010261528
909 80 22 23 0.01026018
291 143 11 15 0.010259574
391 307 22 25 0.010259463
345 181 13 16 0.0102594355
446 469 22 24 0.010253175
881 437 9 10 0.0102520995
597 350 15 14 0.010251799
681 164 18 22 0.010249514
841 0 11 9 0.010249292
16 447 14 17 0.010248177
0 485 11 19 0.010246837
394 186 14 21 0.010245668
663 492 24 31 0.01024553
38 0 14 13 0.010242408
301 399 70 86 0.010240974
650 128 8 10 0.010240742
201 99 29 36 0.010240666
373 149 20 24 0.010240628
811 657 51 27 0.010238593
918 125 11 17 0.010236325
724 327 16 19 0.010234158
107 0 14 13 0.010231884
561 104 9 14 0.010230896
499 331 8 11 0.01022942
1021 57 3 31 0.010225957
836 242 8 12 0.010225559
306 178 13 18 0.010225349
932 517 12 19 0.010223872
281 446 8 10 0.010223805
600 49 10 12 0.010222859
452 75 30 42 0.010222734
741 337 8 10 0.010220005
846 78 13 16 0.01021901
643 121 10 12 0.010218033
267 491 27 36 0.010217411
544 210 8 11 0.010215786
975 116 22 27 0.010215612
356 137 10 12 0.010215147
548 211 8 9 0.010214505
375 122 7 9 0.010214435
723 665 33 19 0.010213151
361 114 17 21 0.010211163
493 83 9 14 0.010210127
320 669 33 15 0.010209651
352 202 19 29 0.010208897
895 658 9 11 0.010208188
694 651 50 33 0.010207087
0 426 10 16 0.010205311
334 167 31 34 0.01020401
718 242 12 17 0.010203791
269 553 29 33 0.010203755
629 118 10 13 0.010201819
409 79 20 27 0.010201686
735 340 7 9 0.010200579
679 169 7 10 0.010198838
641 111 12 12 0.010197024
403 0 28 20 0.010196003
731 337 14 19 0.010194833
595 118 14 15 0.010194153
609 170 11 16 0.0101939235
520 398 32 42 0.010193373
58 461 31 41 0.010192623
718 582 24 27 0.010192269
555 105 52 73 0.010190748
946 425 19 23 0.010190625
942 496 22 27 0.010189345
576 177 18 26 0.010188076
28 578 68 86 0.010185867
1008 92 16 47 0.010185796
821 537 71 85 0.010185567
944 484 16 18 0.010182503
261 391 20 26 0.010182485
359 112 8 11 0.010182202
33 513 14 16 0.010180724
833 390 55 70 0.010180601
848 37 39 54 0.010179209
125 74 35 49 0.0101731
283 452 11 15 0.010171427
1 352 34 53 0.010169327
0 54 12 29 0.010168032
959 478 32 43 0.010166713
750 335 8 12 0.010165592
378 542 43 41 0.010163182
860 392 56 72 0.010162266
1009 468 15 35 0.010161167
238 178 16 22 0.010160864
758 140 12 15 0.010158971
302 441 20 28 0.010156854
312 533 14 17 0.010156211
830 511 26 32 0.010154564
842 400 8 10 0.010154253
845 181 39 51 0.010153009
92 380 35 50 0.010152023
483 592 147 92 0.010151939
718 198 10 11 0.010151779
873 354 23 28 0.010151553
617 1 23 24 0.010151131
983 137 22 31 0.010150164
0 404 18 27 0.010148809
838 257 11 16 0.010146341
131 259 59 83 0.010145629
698 8 11 17 0.010145486
676 20 50 84 0.010145317
200 56 19 29 0.010145084
595 98 11 14 0.010145068
201 376 12 18 0.010144737
157 160 21 26 0.01014449
566 159 6 10 0.010144049
486 590 44 50 0.010141891
700 472 33 43 0.010140396
504 439 23 30 0.010139001
636 555 30 35 0.010138693
679 397 26 28 0.010138407
906 555 37 42 0.010138056
661 220 9 13 0.010137463
722 466 25 23 0.010137441
411 174 14 15 0.010137316
841 503 9 9 0.010135427
278 431 18 29 0.010133551
262 531 12 16 0.010133358
882 80 66 94 0.010133318
702 226 11 12 0.010131169
705 0 23 27 0.01012888
123 286 95 152 0.010128449
611 406 54 66 0.010127094
784 612 40 48 0.010125687
682 150 19 25 0.010121527
1017 31 7 33 0.01012056
328 156 11 13 0.01012037
718 249 17 22 0.010120335
408 272 39 55 0.010119514
474 371 9 18 0.010119259
113 82 11 18 0.010116756
337 4 17 16 0.010115578
672 127 14 18 0.010114963
714 519 8 11 0.010114051
366 173 14 14 0.010113776
689 259 10 10 0.010113415
693 44 8 12 0.010113127
814 399 10 17 0.010112273
627 582 41 47 0.010108725
0 0 8 10 0.010108667
614 150 8 11 0.010108566
578 124 11 14 0.010107914
758 470 35 41 0.0101077
744 176 11 17 0.0101074865
109 11 9 13 0.010107175
110 197 13 15 0.010105454
124 577 43 57 0.0101033505
527 212 9 12 0.01010131
364 465 22 27 0.0101011
804 555 23 28 0.01010018
735 178 7 9 0.0100998385
627 2 60 86 0.010094119
214 449 13 28 0.010093803
209 397 10 15 0.010093796
853 457 22 25 0.0100929225
283 673 22 11 0.010092712
369 422 38 52 0.010090727
618 644 51 40 0.010090017
421 80 13 15 0.010087711
93 112 31 37 0.010084116
563 524 23 26 0.010083455
90 496 14 15 0.010083311
375 142 11 14 0.010082702
822 643 70 41 0.010079977
116 439 9 10 0.010078716
829 569 51 57 0.010076539
626 171 7 11 0.010076381
386 481 39 50 0.010076315
15 455 26 33 0.010074769
870 65 61 81 0.010074605
763 238 44 59 0.010073158
360 173 13 13 0.010073103
747 346 7 9 0.010072661
319 122 8 10 0.010071265
207 453 14 24 0.010070576
782 496 66 79 0.010068902
518 589 48 49 0.010067227
691 37 9 13 0.010066746
202 374 29 41 0.01006643
959 551 35 46 0.010066282
426 102 7 9 0.010063432
609 180 11 14 0.0100631695
249 519 13 16 0.010062785
259 333 37 49 0.01006272
982 214 21 29 0.010062284
0 333 50 88 0.010061433
49 136 7 9 0.010061041
580 123 8 10 0.010060064
324 0 35 39 0.010058706
669 236 7 11 0.010058505
950 553 12 15 0.010058281
168 415 10 16 0.010058063
8 94 22 32 0.01005561
665 117 11 12 0.010055246
109 24 9 10 0.010055147
457 148 10 12 0.010054463
350 105 13 13 0.010054046
655 233 8 10 0.010052951
914 586 40 53 0.010050662
881 363 25 30 0.010050646
678 537 14 20 0.0100498665
677 113 12 15 0.010049105
503 556 28 24 0.01004719
190 256 60 87 0.010047017
736 137 29 36 0.010046561
5 565 31 38 0.010045512
926 392 21 27 0.010044299
1005 152 19 57 0.010044022
416 215 21 26 0.010042605
173 394 32 43 0.010039342
533 673 29 11 0.010038253
366 576 14 14 0.0100371735
0 292 52 91 0.0100367395
672 333 12 14 0.010035025
835 53 10 16 0.010034286
347 145 20 27 0.010033971
686 52 11 16 0.010032199
864 344 20 24 0.010029455
236 500 11 13 0.010029146
535 425 11 14 0.01002756
526 399 17 21 0.01002722
310 66 56 77 0.0100248
574 6 19 25 0.010024258
686 0 11 9 0.010023689
35 10 18 31 0.010022813
658 541 65 78 0.010022139
193 0 102 81 0.010018991
906 396 36 45 0.010018485
592 62 8 11 0.010017058
30 519 12 15 0.01001662
371 108 8 10 0.010015349
955 258 19 27 0.010014687
858 624 13 15 0.010012777
683 0 24 22 0.01001267
842 429 11 17 0.010012447
498 0 18 14 0.010011469
742 187 8 11 0.010011239
204 402 28 40 0.010010896
922 239 20 27 0.0100082755
674 222 21 26 0.010006687
559 239 11 12 0.010006517
846 97 62 86 0.010006478
150 0 38 39 0.010005265
653 581 27 31 0.010004904
730 334 9 10 0.010004545
795 368 13 17 0.010004437
130 479 244 205 0.010004139
130 144 13 18 0.010003956
1010 390 10 12 0.010003873
36 96 34 45 0.010003656
0 122 12 21 0.010002903
728 160 12 15 0.010002481
698 38 19 22 0.010001005
217 0 12 13 0.01000026