40_Gymnastics_Gymnastics_40_484
863
496 267 79 109 0.8737353
830 73 43 56 0.17109989
810 210 42 52 0.1699414
482 80 42 57 0.15784799
139 0 40 46 0.13799016
637 84 57 73 0.12911345
125 103 44 59 0.09322953
984 190 40 61 0.09185635
981 0 43 49 0.07220382
996 94 28 76 0.06980244
102 246 35 48 0.065214455
815 414 69 96 0.06160325
0 0 53 56 0.057750575
595 0 96 59 0.056793977
0 451 73 124 0.053754896
987 315 37 72 0.051822223
644 93 37 48 0.05106567
877 37 49 74 0.050435353
819 407 52 62 0.04703131
832 83 52 73 0.047004446
617 41 85 97 0.045417797
52 474 204 175 0.04521452
317 89 40 50 0.044226702
783 205 54 62 0.043963086
452 0 50 34 0.04197064
751 62 69 99 0.040550344
799 219 48 64 0.03877998
481 70 33 47 0.036530253
0 449 125 169 0.03614235
843 67 41 52 0.035652626
822 204 38 46 0.03490682
129 1 66 72 0.03470856
815 197 56 73 0.034643106
896 0 128 206 0.03425024
653 98 56 69 0.033809498
621 99 68 90 0.03282126
464 0 54 46 0.032461047
0 613 31 61 0.03225542
533 265 84 101 0.032002106
152 0 53 49 0.03189289
415 243 28 31 0.031206543
803 62 63 85 0.030757679
155 0 34 34 0.030508993
146 2 25 31 0.030168606
109 87 67 87 0.030152148
827 567 30 38 0.030035747
471 216 93 137 0.030002346
0 490 155 232 0.029889094
190 0 44 43 0.02952541
818 224 24 29 0.02917121
814 0 45 39 0.028856745
817 84 46 51 0.02876754
125 0 41 38 0.02858819
619 7 83 87 0.028582891
945 0 61 53 0.028335074
885 230 33 36 0.028277377
183 67 55 71 0.027795643
885 158 46 57 0.027744986
974 70 50 99 0.027135016
790 170 63 82 0.026979625
109 234 55 63 0.026830383
463 86 61 81 0.026593627
495 260 55 74 0.026351398
959 1 65 88 0.026324343
998 0 26 36 0.02631105
74 481 284 241 0.02630292
473 85 35 43 0.026264155
67 518 80 122 0.026210599
815 197 32 46 0.026175769
591 0 60 42 0.026096059
871 491 153 231 0.02601658
5 0 84 78 0.025748933
415 44 52 66 0.02543247
822 49 46 65 0.025279477
847 89 35 43 0.025167393
0 0 139 181 0.025140354
763 100 53 76 0.024672471
975 0 35 34 0.024494821
665 63 71 91 0.024484644
648 0 66 51 0.02425656
500 60 66 86 0.024172662
101 220 46 65 0.024137862
765 203 46 60 0.024114797
221 215 45 55 0.024085497
84 376 49 70 0.024081696
459 264 79 102 0.023833713
608 236 50 59 0.023783404
487 102 32 45 0.023738248
474 59 63 91 0.023596507
889 47 55 80 0.023520056
0 0 36 37 0.023319606
687 165 65 82 0.023151672
963 657 61 65 0.022954267
132 115 51 63 0.022637425
0 182 67 108 0.022527155
658 97 37 47 0.02239323
916 290 48 67 0.022366391
590 0 140 135 0.022312745
15 271 73 114 0.021944564
864 18 51 70 0.021634005
922 0 54 52 0.021332083
637 105 37 48 0.021315195
997 211 27 46 0.021262413
819 76 35 41 0.021258412
0 497 55 107 0.021112839
83 97 42 56 0.021103822
870 224 42 52 0.020916361
750 15 76 96 0.020861829
905 35 70 98 0.020812344
494 75 41 51 0.020807499
0 178 35 76 0.020789105
960 508 64 118 0.020693235
417 54 66 86 0.020653412
616 257 47 62 0.020589136
490 97 54 71 0.0205854
526 304 51 76 0.020553367
827 575 36 50 0.020495541
0 574 48 97 0.02046063
440 5 53 52 0.020320382
0 459 49 80 0.020281905
561 0 54 47 0.020267209
768 220 31 38 0.020196613
966 319 58 109 0.020167977
105 0 60 55 0.020153748
923 288 70 88 0.020050041
78 0 53 49 0.020029888
77 629 167 93 0.020018026
812 320 49 62 0.019990813
651 79 34 48 0.01982757
0 151 91 222 0.019827215
929 62 69 99 0.01981406
850 17 82 104 0.019792998
247 43 45 58 0.019742317
976 203 35 45 0.019610493
892 502 49 61 0.019525016
314 84 60 75 0.019498272
583 4 92 95 0.019353645
835 104 33 46 0.019349555
864 174 46 59 0.019297231
798 213 36 41 0.019205442
875 201 49 66 0.019109506
490 97 23 30 0.019050406
73 521 56 79 0.019049704
818 437 124 168 0.018967954
860 52 50 61 0.018930452
829 186 51 64 0.018823637
510 240 85 114 0.018794095
471 0 38 25 0.018745683
999 11 25 47 0.01870629
179 179 42 67 0.018673131
775 595 41 41 0.018665995
651 116 75 94 0.01859923
286 0 94 65 0.018595027
556 627 152 95 0.018576477
886 14 61 86 0.018481208
616 76 59 70 0.01836953
50 303 50 72 0.018303886
0 363 38 71 0.01825509
419 246 122 156 0.018244537
799 441 96 137 0.018171482
458 214 77 97 0.018074663
80 175 36 50 0.01807381
479 310 127 170 0.017999938
742 81 52 77 0.017965034
494 285 50 81 0.017902868
0 15 58 118 0.017866686
975 182 39 53 0.017854078
0 620 45 86 0.017829565
973 262 51 109 0.017705997
974 10 37 48 0.01768433
559 0 199 231 0.017647263
929 102 55 71 0.017621044
175 1 65 70 0.017589632
485 35 64 88 0.017562564
139 300 44 56 0.017488388
775 0 51 49 0.017462373
952 220 72 187 0.01743204
414 17 61 70 0.017418176
841 93 62 84 0.017372357
113 57 31 36 0.017364983
135 87 50 63 0.017353771
858 162 69 89 0.017311651
819 231 33 44 0.017288927
781 96 68 89 0.017273828
639 0 246 194 0.017258761
708 502 263 220 0.017245067
377 0 256 201 0.01723102
45 0 79 64 0.017179271
465 204 55 59 0.017176272
613 103 53 66 0.017164987
827 0 28 23 0.01712175
547 298 77 95 0.017067436
131 92 31 45 0.017017152
831 568 19 23 0.017014736
921 72 50 73 0.016884642
973 206 51 114 0.016884008
300 0 226 276 0.01681265
960 610 27 31 0.016805174
837 87 24 29 0.01678607
827 5 69 85 0.01677164
505 335 79 95 0.016767181
1 232 42 77 0.016762948
524 150 43 49 0.016748952
797 232 69 95 0.016715657
793 0 57 51 0.016690055
998 184 26 45 0.01666681
628 94 36 45 0.016617095
7 248 61 96 0.0165673
235 514 33 42 0.01648716
15 428 80 106 0.016483096
0 180 21 56 0.016482616
831 0 51 47 0.01648098
857 403 121 152 0.01644546
1001 696 23 26 0.016445288
164 36 83 107 0.0164442
457 0 32 21 0.016412385
87 533 106 128 0.016327575
815 560 61 78 0.016283227
121 521 101 118 0.016225614
101 464 85 108 0.016215816
83 0 99 76 0.016196068
287 495 256 227 0.01619505
626 0 60 41 0.016140617
768 560 56 72 0.016107302
538 530 271 192 0.016102374
85 352 71 83 0.016099544
992 408 32 70 0.016071627
144 0 128 98 0.016068222
558 0 82 76 0.016058706
864 63 66 90 0.016053353
518 262 58 73 0.016041677
141 242 45 58 0.015995266
112 255 34 43 0.015984287
490 9 60 69 0.015927715
410 0 71 49 0.01587907
1 57 25 31 0.015848609
89 82 101 133 0.015847417
0 164 126 353 0.015807
6 309 73 113 0.01580359
814 175 46 61 0.01572184
827 398 40 49 0.015702248
638 141 77 99 0.015680455
389 31 97 135 0.015656082
403 80 76 107 0.015635956
811 448 59 85 0.0155988475
731 36 70 106 0.015544754
890 333 134 344 0.015542338
859 266 44 61 0.015539574
178 527 27 29 0.015469921
112 96 44 53 0.015456636
316 91 231 306 0.015454237
388 18 78 95 0.015435154
797 280 74 104 0.015421479
946 302 78 208 0.01542109
1 373 217 273 0.015420769
1005 0 19 19 0.0154171195
664 83 45 56 0.015399008
237 0 134 91 0.01536292
939 591 85 131 0.015357578
0 16 34 62 0.015353536
134 41 74 91 0.015345645
669 96 73 92 0.015309121
96 54 74 96 0.015295472
210 0 259 205 0.015291983
809 613 143 109 0.015247558
880 423 81 102 0.015206093
134 0 28 22 0.015192467
686 598 17 21 0.015181995
0 635 22 35 0.015174509
971 446 53 139 0.01516679
789 0 26 31 0.015165732
581 55 70 91 0.015140515
616 654 100 68 0.015136769
498 134 64 78 0.015097103
706 7 76 103 0.015071713
596 122 73 93 0.015017788
530 56 71 91 0.014995878
806 0 64 72 0.014971639
0 678 25 44 0.014950331
665 0 87 86 0.014949835
620 278 47 61 0.014929794
480 136 117 180 0.014923241
615 610 163 112 0.014922793
858 1 51 57 0.014920032
48 556 84 121 0.014903429
919 436 55 64 0.014870984
72 511 38 46 0.014870313
89 211 41 64 0.014863389
275 76 124 194 0.014860469
324 107 34 44 0.014822924
757 512 74 109 0.0147881415
821 36 101 132 0.014781419
33 593 156 129 0.014754003
764 145 65 91 0.014733479
150 465 163 183 0.014729481
518 51 48 64 0.01470698
1005 118 19 46 0.014704661
903 87 121 332 0.014688506
25 0 279 199 0.014630761
767 181 94 122 0.0146216815
210 281 91 122 0.014582736
903 0 50 55 0.014564836
574 154 70 86 0.014545828
142 21 32 44 0.014533483
634 16 49 54 0.014527511
776 398 108 148 0.014523754
670 183 62 74 0.014520493
978 351 46 120 0.014508356
876 2 51 62 0.014491205
96 653 100 69 0.014486773
807 113 66 97 0.014454285
74 170 55 83 0.014450835
909 275 45 65 0.014393101
475 112 64 93 0.014388805
866 148 46 60 0.014380168
725 338 66 101 0.014342259
776 216 104 144 0.014310306
642 35 34 40 0.01427602
242 0 39 27 0.014237443
310 0 128 94 0.014233291
778 226 51 65 0.014209885
612 231 36 38 0.014196645
948 520 54 69 0.014189088
10 0 37 27 0.014188714
829 426 47 56 0.01417286
674 318 84 107 0.014155734
510 0 190 157 0.014130289
936 336 76 104 0.014113771
353 163 61 91 0.014104693
198 93 38 48 0.014082619
1005 633 19 36 0.014075332
143 270 45 61 0.014044644
252 0 21 17 0.014028236
620 521 92 113 0.014025834
3 368 78 120 0.014000406
801 325 75 105 0.013996561
933 10 71 86 0.013963395
726 604 150 118 0.013925334
883 0 37 24 0.013913783
738 487 82 101 0.013901172
507 10 69 82 0.01388983
156 613 177 109 0.013880097
45 657 110 65 0.013845052
404 144 69 94 0.013842673
80 359 41 65 0.013799819
230 64 208 318 0.013790706
0 481 28 52 0.0137783075
708 54 76 104 0.013774456
635 328 43 55 0.013760712
734 335 42 68 0.013756091
139 656 91 66 0.013744781
92 256 42 55 0.013742538
638 79 33 46 0.013737946
1014 0 10 13 0.013726285
998 308 26 50 0.013718057
926 223 41 55 0.013716265
949 144 75 181 0.01370172
76 43 67 97 0.013677857
858 454 126 166 0.01367464
115 247 63 80 0.013667512
264 103 44 56 0.013656321
777 491 137 186 0.013649168
548 655 107 67 0.0136444
935 381 89 232 0.013640712
1006 413 18 48 0.013639747
864 248 43 59 0.013638739
583 525 98 117 0.013636525
300 612 157 110 0.013624213
164 0 26 19 0.013615127
942 188 66 81 0.013608455
203 289 49 58 0.013597127
982 557 42 76 0.0135679785
623 247 69 87 0.013546762
292 471 93 123 0.013531701
642 178 76 92 0.013507031
585 91 44 58 0.013498826
84 375 78 106 0.01345292
459 353 92 115 0.013438868
715 174 61 81 0.013432194
406 562 198 160 0.01342967
156 14 34 44 0.013428603
297 84 84 124 0.013419322
749 218 69 88 0.013391002
109 492 49 64 0.01338624
117 125 60 89 0.013380591
541 287 45 76 0.013371005
112 367 57 63 0.0133102415
36 0 52 35 0.013277472
86 117 31 39 0.013274123
751 78 103 145 0.013245669
690 148 51 65 0.013240525
370 49 81 101 0.01322861
25 520 90 123 0.01321296
323 0 62 42 0.0131793115
512 117 64 78 0.013168838
67 406 133 156 0.013124716
977 412 47 106 0.0130677
216 217 64 87 0.013064969
424 117 76 100 0.013046356
601 511 55 73 0.0130315395
0 82 44 78 0.013029679
398 76 58 78 0.013029643
16 290 118 164 0.013029277
488 93 93 134 0.013024728
244 0 74 73 0.013013413
731 615 36 43 0.013008986
989 0 25 26 0.012993198
790 650 102 72 0.012972273
883 485 49 60 0.01296999
245 626 91 96 0.012945324
514 188 126 165 0.012934213
181 524 96 118 0.0129308235
990 136 34 74 0.012929694
164 33 55 71 0.012926763
859 0 128 105 0.012920352
712 0 54 59 0.0129200835
838 386 70 83 0.012912869
999 343 25 52 0.012912029
676 577 156 145 0.012911312
422 196 98 135 0.012904355
567 176 126 165 0.012881911
0 665 46 57 0.01286459
68 319 71 89 0.0128438985
378 598 96 114 0.012836378
686 52 50 69 0.012797217
909 378 74 97 0.012791122
928 230 69 101 0.012777415
311 63 51 67 0.012756676
923 430 75 95 0.01274926
734 0 201 158 0.012740364
115 436 92 111 0.012739928
900 196 40 59 0.012734969
771 0 36 28 0.012724249
512 281 126 152 0.012721307
247 278 82 114 0.012711341
498 576 199 146 0.012704577
109 254 24 28 0.012682412
252 425 89 117 0.0126705
579 271 47 59 0.012667992
518 91 48 61 0.012664748
133 593 101 119 0.012656192
295 547 73 96 0.0126297455
826 303 50 69 0.012623791
612 162 77 94 0.01261427
950 677 53 45 0.012606487
355 156 154 191 0.012604228
937 480 78 110 0.0125889825
523 329 132 165 0.012587379
626 301 45 59 0.012574674
123 125 35 47 0.012572724
616 0 43 30 0.012568316
92 175 68 102 0.012561342
76 116 67 92 0.012548807
637 350 44 54 0.0125215715
715 290 79 105 0.012518006
824 219 24 29 0.012503293
651 117 34 45 0.012474406
166 71 31 38 0.012456034
915 575 25 28 0.012451465
719 326 43 57 0.012446088
29 20 93 109 0.012436299
924 244 45 64 0.012428649
59 0 51 36 0.012417751
398 658 91 64 0.012417446
903 0 20 15 0.012403477
721 388 71 97 0.012398283
797 252 47 62 0.012379684
733 383 47 65 0.012379337
421 250 27 30 0.0123685915
2 119 76 124 0.012367564
54 492 69 96 0.012366698
590 286 59 68 0.012360188
7 170 56 71 0.012356466
745 463 117 158 0.012344736
650 265 124 159 0.012333935
394 621 148 101 0.012322834
66 305 121 160 0.012312324
832 196 29 39 0.012308952
476 372 136 175 0.012290449
754 0 54 52 0.012281273
64 68 62 86 0.012280224
89 422 87 99 0.012268741
269 447 96 121 0.012251857
76 138 111 162 0.012250788
359 563 92 115 0.012227126
984 221 32 44 0.012215422
733 314 48 57 0.01216513
965 112 58 80 0.012147707
810 228 25 29 0.012143484
248 31 68 89 0.012142437
277 221 73 111 0.012131689
420 0 172 131 0.012125806
210 581 174 141 0.012124123
363 17 67 82 0.012109026
790 133 47 58 0.012081563
0 29 106 295 0.012077408
79 529 36 48 0.012074028
648 505 86 99 0.012072658
718 0 87 70 0.012064871
122 309 51 56 0.0120537
169 0 38 28 0.012051533
393 681 59 41 0.012040081
827 61 31 41 0.01203174
701 500 82 88 0.012024343
565 66 55 75 0.012018837
837 423 63 72 0.012012291
1011 322 13 37 0.012012197
837 657 87 65 0.011998785
82 549 51 70 0.011991877
577 99 69 88 0.011988014
783 118 45 55 0.0119573185
538 0 66 62 0.011950582
644 37 116 153 0.011927579
301 183 9 10 0.011906107
157 528 63 83 0.011888252
304 180 9 11 0.011881879
684 0 56 55 0.011879568
1000 641 18 24 0.011875344
577 396 10 13 0.011871633
937 49 50 72 0.011861212
103 30 43 56 0.011860087
0 270 48 122 0.01184874
539 157 26 28 0.011817757
95 237 32 41 0.011813129
659 144 105 140 0.011790995
443 662 86 60 0.011786533
544 358 88 109 0.011781444
899 412 61 76 0.011762525
529 19 70 93 0.011758443
908 499 77 95 0.011751288
767 303 33 18 0.011749192
874 652 99 70 0.011733583
527 0 36 33 0.011731633
0 582 26 70 0.011724165
883 0 23 17 0.0117226895
408 286 40 50 0.011721672
870 505 74 106 0.011708127
347 0 57 53 0.011708027
399 0 129 95 0.0117068775
759 495 52 71 0.011705076
837 0 22 16 0.011703281
815 256 47 63 0.011696902
3 3 212 337 0.011693169
698 193 60 82 0.011686955
536 0 20 17 0.01168587
1 46 80 126 0.011669123
297 153 72 106 0.011666649
456 30 66 84 0.011655269
186 636 97 86 0.011654856
437 0 41 28 0.011647213
649 0 23 15 0.011633875
387 119 73 102 0.011626644
83 385 32 47 0.011620075
299 310 78 101 0.011602991
783 585 51 48 0.0115989465
828 231 65 81 0.011584482
528 138 62 74 0.011574641
152 92 71 89 0.011566756
224 303 58 79 0.0115626855
843 165 43 56 0.01155768
907 89 48 66 0.011536038
937 214 56 71 0.011535765
762 0 21 16 0.011527048
461 155 77 111 0.011515091
763 279 80 108 0.011510374
361 48 34 42 0.011500788
578 87 117 158 0.011498257
28 360 102 132 0.0114666885
247 0 48 44 0.0114661595
90 16 73 92 0.011451022
497 20 39 47 0.011445377
342 127 71 100 0.011439947
888 471 67 86 0.01143526
446 0 24 15 0.011434244
428 194 188 245 0.011432603
297 347 83 100 0.01141682
75 488 107 126 0.011411501
23 596 83 108 0.011408855
72 564 48 69 0.011407284
850 197 71 93 0.011394946
104 0 44 33 0.01139385
711 42 55 77 0.011391848
900 390 49 63 0.011387161
739 289 69 72 0.01138343
693 327 49 54 0.011379153
550 21 88 113 0.011364388
913 316 72 93 0.01136385
230 292 122 161 0.0113607915
893 619 45 53 0.01135018
668 636 92 86 0.011349221
999 431 25 78 0.011343131
633 206 72 90 0.011339616
607 48 61 75 0.01133922
452 95 47 54 0.011337783
540 49 48 66 0.011331332
81 65 154 207 0.0113263
1 512 43 56 0.011320179
784 301 110 160 0.0113114985
701 368 71 98 0.0113050295
612 676 71 46 0.011299856
745 46 156 218 0.011279493
185 359 37 46 0.011272777
328 77 78 94 0.01126682
0 203 33 86 0.011266182
865 265 60 83 0.0112649705
749 649 104 73 0.011262605
435 678 61 44 0.011259453
230 53 61 85 0.011253418
338 97 49 54 0.011248721
842 552 83 102 0.0112465955
453 298 75 95 0.011244656
899 221 40 53 0.01124125
770 28 51 65 0.011220615
84 191 22 33 0.011214961
489 667 54 55 0.011212765
385 0 70 69 0.011196514
715 0 20 16 0.01119403
1012 423 12 30 0.011193793
1013 501 11 37 0.011191655
637 319 67 79 0.011176657
450 72 104 164 0.011175113
114 120 34 43 0.011172316
945 339 51 65 0.011164278
311 507 136 167 0.011162101
545 546 95 117 0.011154229
583 144 49 61 0.011147
352 42 52 67 0.011136039
865 569 81 109 0.011132058
34 319 58 80 0.011130309
287 634 99 88 0.011119547
151 10 235 327 0.011113754
242 0 22 16 0.011111074
68 601 77 99 0.011100493
314 80 32 44 0.011098166
114 62 39 54 0.011088216
228 513 84 114 0.011082535
264 149 79 115 0.011080981
414 0 21 15 0.011071659
837 269 58 80 0.0110648
473 621 162 101 0.011056769
22 224 96 140 0.011051806
870 119 63 82 0.0110396985
670 596 40 52 0.011037733
918 390 51 64 0.011037
129 115 29 40 0.0110345
631 276 33 40 0.011023229
0 319 96 241 0.011005381
130 585 43 56 0.011005175
17 137 123 173 0.011004635
545 0 46 34 0.011001471
580 240 71 83 0.010996497
194 179 60 84 0.010980406
251 482 93 130 0.010978739
75 581 58 80 0.010971316
838 125 54 76 0.010966524
241 214 117 171 0.010964735
219 233 34 43 0.010956525
485 1 51 47 0.010955954
697 221 71 95 0.010947011
212 496 155 181 0.010942393
189 278 49 61 0.010937404
997 0 20 15 0.010936611
902 106 60 79 0.010934485
435 137 51 66 0.010933882
472 69 31 39 0.0109247845
624 158 52 64 0.010924024
152 0 20 16 0.010916421
599 159 54 65 0.010911152
994 501 30 67 0.010903403
677 595 28 34 0.010901923
190 0 129 127 0.010899567
0 401 45 79 0.010889281
348 554 153 168 0.010888371
2 653 85 69 0.010876022
0 0 20 29 0.01087421
4 490 55 64 0.010869944
788 0 20 18 0.01086407
628 569 86 111 0.010857226
93 678 67 44 0.01085636
133 590 29 31 0.010854781
270 589 94 115 0.010841024
290 22 49 60 0.010835187
208 99 25 33 0.010827108
436 107 51 68 0.01082051
307 0 39 26 0.010820497
920 367 48 60 0.01081661
618 223 48 49 0.010811889
260 0 21 15 0.01080885
672 270 41 52 0.010808217
764 521 50 70 0.010805778
105 605 82 96 0.010801933
829 677 61 45 0.010796782
161 10 53 57 0.010794737
742 30 52 64 0.0107946955
742 363 70 98 0.010764168
239 498 48 57 0.010763684
15 484 78 104 0.010758951
147 233 36 43 0.010757702
839 67 28 37 0.010755631
927 0 35 31 0.010754985
230 190 73 90 0.010754916
308 178 10 13 0.01075116
891 357 70 89 0.010750277
123 60 48 68 0.010747601
394 160 54 69 0.010743014
0 525 73 189 0.010739097
831 168 110 149 0.010736939
840 47 37 52 0.010735324
292 403 89 115 0.010730084
659 224 73 90 0.010729998
517 162 52 66 0.010727706
1010 107 14 44 0.010726849
832 559 42 49 0.010725829
646 594 88 111 0.0107213985
816 0 28 23 0.010718249
179 292 44 56 0.010714857
1010 432 14 43 0.010700591
430 0 21 14 0.010697056
964 556 60 132 0.010690319
753 384 46 65 0.0106860725
697 411 76 98 0.010672513
554 131 70 88 0.010662428
779 229 28 36 0.010659536
590 477 88 115 0.010659168
924 0 21 13 0.010658719
0 0 9 12 0.010657466
474 309 78 96 0.010656473
865 23 111 146 0.010654889
292 176 45 63 0.010644424
422 87 48 64 0.010638703
821 571 77 102 0.010636831
727 0 38 26 0.010636068
736 443 80 107 0.010633025
802 397 54 59 0.010631482
160 560 97 124 0.010630078
513 282 43 68 0.010619709
926 272 49 70 0.010619191
592 200 71 90 0.010615036
366 159 42 60 0.010613508
93 373 35 45 0.010609555
192 328 39 56 0.010596506
193 305 46 63 0.010586205
949 596 42 54 0.010585426
694 296 116 158 0.010584462
638 178 50 65 0.010583409
799 601 84 110 0.0105791595
824 526 73 94 0.010575246
207 0 93 61 0.010571524
789 676 65 46 0.010570635
273 293 130 169 0.010565118
477 112 41 52 0.0105551975
743 458 56 57 0.010543602
564 293 126 162 0.010540591
774 570 82 98 0.010533976
56 678 61 44 0.010523531
0 152 39 76 0.010523326
257 195 75 110 0.010521104
187 202 47 66 0.010520678
901 679 44 43 0.010517947
759 159 44 62 0.010506453
467 18 30 39 0.010497485
454 70 50 58 0.010494701
609 166 129 163 0.010491545
254 63 56 77 0.010483294
202 453 258 269 0.010482025
334 24 80 100 0.010478322
133 134 70 100 0.010467963
204 564 91 122 0.010466764
697 501 132 173 0.0104663875
357 244 135 171 0.0104641775
0 201 23 58 0.01045639
817 134 45 61 0.010448891
158 679 60 43 0.010443007
647 337 127 164 0.01043915
156 263 47 61 0.010437928
818 473 68 87 0.010437522
544 92 47 61 0.010433113
1007 708 17 14 0.0104278065
728 104 72 104 0.010427662
855 59 29 41 0.010426941
797 0 20 18 0.01041923
124 0 27 18 0.010419181
967 72 46 56 0.010417029
332 88 36 42 0.010412657
300 27 82 96 0.010405677
912 169 62 84 0.010398904
453 124 62 81 0.010392258
0 545 44 81 0.010388321
261 0 11 9 0.010387833
125 497 52 63 0.010381078
370 0 58 42 0.010375419
692 502 57 62 0.010370937
822 347 31 44 0.010369689
358 645 97 77 0.010361982
876 511 50 59 0.010357173
518 0 58 57 0.010347001
160 263 121 160 0.010346086
728 199 66 85 0.010333924
34 437 53 65 0.010320787
131 381 45 66 0.010315935
906 610 49 58 0.010315306
45 419 72 97 0.010314835
354 692 45 30 0.010309183
696 605 78 96 0.010299608
559 677 69 45 0.010298642
723 259 72 82 0.010296224
56 229 67 90 0.010291001
714 361 45 65 0.010285122
1012 485 12 38 0.010284102
670 0 40 33 0.010284051
926 55 43 57 0.010279627
102 384 55 65 0.0102724
775 132 41 58 0.010261261
267 0 48 40 0.01026002
678 392 73 95 0.0102506215
748 0 38 26 0.010244539
275 365 88 106 0.010241988
274 634 27 27 0.010239816
905 572 37 44 0.010238215
248 37 34 42 0.010235741
939 243 48 60 0.010234602
404 336 126 166 0.010234474
2 441 52 64 0.010232093
370 433 272 289 0.010226855
746 337 49 71 0.010224559
539 338 50 64 0.01022241
283 0 41 27 0.010218057
175 565 50 67 0.010215179
226 0 37 26 0.0102136405
181 516 39 44 0.010208288
98 267 65 86 0.010194025
762 327 78 98 0.0101922285
822 186 30 40 0.010187949
81 28 50 69 0.010183423
218 414 79 101 0.010182772
61 341 49 66 0.010180097
169 71 45 53 0.010178825
336 660 87 62 0.010171133
329 364 87 112 0.010168654
687 0 21 16 0.01016063
1010 134 14 36 0.010158939
110 525 168 170 0.010157461
1011 95 13 34 0.010145179
765 375 81 105 0.010134967
831 0 17 13 0.010130479
230 10 66 79 0.010128502
411 252 37 51 0.01009622
669 55 45 72 0.0100907795
704 647 105 75 0.010085227
993 76 31 63 0.0100779
348 0 39 27 0.010077173
497 0 50 34 0.010067931
714 88 50 68 0.010062246
395 107 54 73 0.010054914
411 0 39 26 0.010054374
114 178 47 60 0.010051256
93 9 43 57 0.010042547
1001 610 23 53 0.010027014
644 43 41 53 0.01002674
635 373 44 53 0.01002522
0 65 40 62 0.010025057
0 429 5 12 0.010017058
784 472 52 70 0.010001152