17_Ceremony_Ceremony_17_211
2370
219 212 46 50 0.838258
591 234 38 52 0.8369177
587 369 42 54 0.8368329
687 224 40 48 0.826814
552 231 34 47 0.82318896
767 207 43 57 0.8220629
838 160 53 63 0.79772276
134 208 30 55 0.6297475
406 108 34 72 0.50988615
473 240 30 37 0.16897222
316 0 31 41 0.095729515
748 415 15 23 0.0948247
317 0 12 11 0.088759705
720 259 22 29 0.08763902
418 129 25 53 0.08229484
773 314 24 32 0.07830264
584 388 26 39 0.06773514
575 404 29 36 0.064744346
930 471 19 27 0.06424726
119 186 43 73 0.06034037
769 657 30 42 0.05907829
708 217 44 53 0.055170972
148 217 21 42 0.05404219
309 56 12 16 0.053188305
742 406 24 33 0.052044213
745 214 44 56 0.0515297
710 245 33 41 0.051257327
1002 0 17 17 0.050428107
484 234 23 32 0.048893496
362 4 12 16 0.048519216
582 408 33 40 0.047712747
774 303 36 46 0.04746782
693 242 40 47 0.04663186
800 193 46 58 0.045388017
325 10 22 25 0.045264754
331 14 15 16 0.045117784
53 0 31 33 0.044932608
571 373 46 56 0.044199392
583 206 43 61 0.044151563
0 472 19 46 0.04375128
786 219 45 54 0.043382473
918 466 29 34 0.04242269
702 235 33 38 0.041903842
422 7 10 12 0.041582964
478 226 21 27 0.041538674
854 222 25 30 0.041297317
407 82 33 69 0.040601123
315 1 22 26 0.039915886
724 405 35 47 0.039895702
724 248 23 33 0.03973087
435 0 11 10 0.039725967
340 36 13 14 0.03928952
384 123 50 69 0.03857501
0 374 15 34 0.038421918
810 171 48 58 0.038414713
174 111 13 16 0.03828576
770 669 10 14 0.038225446
476 245 37 47 0.037986826
358 62 12 14 0.03792847
357 35 10 13 0.03780334
775 650 40 49 0.037704185
585 406 19 24 0.0375017
114 499 88 139 0.036989234
557 209 40 58 0.036960233
114 208 54 75 0.036528654
558 249 45 57 0.03649505
738 231 45 57 0.036275152
736 441 27 33 0.03615722
208 181 46 63 0.035659425
0 479 38 77 0.035382334
304 0 30 40 0.03520266
202 221 60 68 0.03505957
769 665 17 28 0.03491845
881 576 18 22 0.03473392
488 243 16 19 0.034496617
1009 438 15 25 0.03373372
162 224 10 12 0.03331688
652 218 43 53 0.033260517
1005 418 19 45 0.032795563
359 1 19 24 0.032578927
320 0 17 13 0.032515544
624 218 42 54 0.032482795
586 338 56 79 0.03247143
846 203 37 46 0.032325592
395 34 14 15 0.032302894
566 410 24 36 0.03226163
183 215 40 52 0.032057256
492 0 22 14 0.031817917
501 414 29 50 0.031735145
733 417 36 47 0.03171233
410 118 54 84 0.031607497
482 227 15 16 0.031520925
996 455 20 25 0.0314223
597 247 43 57 0.031419747
65 0 26 28 0.03137315
752 423 15 18 0.031080756
835 179 67 86 0.030847354
409 1 13 18 0.030838512
533 0 14 14 0.030740457
915 478 27 30 0.030637411
459 229 38 44 0.03060791
738 388 37 46 0.030320732
808 236 32 44 0.030169148
561 389 47 58 0.030162642
412 85 44 85 0.03012762
368 94 64 86 0.030032663
144 195 45 66 0.029986676
292 2 23 28 0.02980912
544 207 38 56 0.02974533
585 360 27 38 0.029501157
836 565 26 33 0.029469214
981 721 43 47 0.02946517
807 306 32 48 0.029403815
258 0 29 37 0.029267576
500 322 47 64 0.02921145
391 65 56 106 0.029159334
495 348 47 52 0.028722927
0 485 22 56 0.028721698
727 257 25 33 0.028678235
935 461 20 33 0.028665777
630 6 19 23 0.028645074
453 243 47 56 0.028505925
225 0 37 36 0.028362244
200 212 40 47 0.027945172
608 233 40 50 0.027829368
772 683 14 15 0.02776758
92 205 29 41 0.027726587
724 230 23 34 0.027654858
0 470 12 31 0.027630879
446 19 12 13 0.027601603
774 187 47 65 0.027382199
452 2 14 17 0.02733289
670 229 40 48 0.027078822
490 340 15 37 0.026921375
10 488 48 83 0.026797019
480 322 19 35 0.02679229
1014 434 10 22 0.026644975
408 144 30 41 0.026618503
577 227 41 50 0.026561432
598 218 41 59 0.026475882
51 1 42 53 0.026390463
999 431 25 48 0.026366511
14 0 36 34 0.026129058
809 216 76 94 0.026090743
768 0 15 17 0.02586243
139 230 30 49 0.025840348
145 205 20 44 0.025821023
239 0 35 32 0.025768502
105 484 69 114 0.02566562
0 468 10 18 0.025562815
718 253 17 27 0.025544992
499 0 14 9 0.025539102
773 230 37 47 0.025448265
0 0 32 44 0.025384365
996 400 28 59 0.0253607
909 603 32 26 0.02534669
770 662 11 15 0.025333937
511 35 16 20 0.02508459
335 0 39 42 0.024942305
343 63 14 15 0.024925666
309 0 56 58 0.024847336
605 366 43 52 0.024763267
211 233 69 86 0.024705097
577 418 29 39 0.02465305
584 399 16 25 0.024532674
422 2 27 33 0.024530338
843 131 70 85 0.024474382
1000 350 13 20 0.02438129
826 210 47 60 0.024312144
592 403 40 47 0.024237525
767 286 36 55 0.02421616
997 739 27 29 0.024153536
233 1 48 50 0.024146905
493 4 15 14 0.024032967
52 11 48 77 0.024019778
791 179 29 29 0.023968928
959 0 37 32 0.023958296
0 497 56 130 0.023951124
690 179 45 63 0.023919504
714 200 44 55 0.023823034
220 159 46 66 0.023750268
479 245 21 22 0.023741523
741 419 24 30 0.023657946
996 427 14 17 0.02365691
993 417 19 28 0.023562182
356 420 27 32 0.0235619
689 255 29 34 0.023541544
578 276 47 59 0.02352246
733 1 27 33 0.023515845
421 6 15 19 0.023481123
820 114 13 15 0.023443751
420 95 25 53 0.023401402
582 374 24 37 0.023340158
842 568 36 34 0.023323057
96 190 52 67 0.023310844
348 0 25 28 0.023262143
758 182 72 97 0.023203101
493 233 35 45 0.023119826
775 249 38 43 0.023093507
806 215 36 53 0.023000443
89 194 25 41 0.022972653
729 225 32 47 0.022962106
617 230 51 66 0.022950087
541 253 41 56 0.022857808
994 451 29 41 0.022817876
579 350 40 59 0.02275126
971 513 20 24 0.022740167
368 419 64 76 0.022695415
376 427 26 34 0.02266269
250 0 29 22 0.02266072
354 127 70 81 0.02266065
860 183 52 61 0.022658614
684 44 14 16 0.022630392
1000 1 24 26 0.022577211
800 614 31 33 0.022570718
490 294 51 68 0.022550121
118 452 83 132 0.02253455
792 260 25 28 0.022475766
559 412 46 59 0.022454817
237 227 29 36 0.022377783
141 188 26 51 0.02233311
811 475 213 293 0.022264002
123 220 35 39 0.022260148
777 326 27 34 0.022239799
1000 190 24 37 0.022221966
579 309 44 60 0.022161284
146 495 93 135 0.022153186
474 316 60 70 0.022126874
226 220 66 76 0.022094022
765 210 28 39 0.022062978
556 258 27 28 0.022058167
155 223 14 26 0.02198111
9 461 50 75 0.021891093
343 159 13 16 0.021844108
427 12 17 21 0.021806616
492 354 12 21 0.021754188
531 0 11 11 0.021736024
1003 397 21 40 0.021703266
485 245 24 33 0.021647416
361 80 8 9 0.021638729
354 36 9 10 0.021619806
993 400 22 38 0.021595612
834 180 45 57 0.02158992
175 107 19 25 0.021575125
698 206 43 55 0.021466572
225 233 38 43 0.02139751
199 255 48 58 0.021373553
568 385 31 42 0.021344999
621 371 45 57 0.021333128
763 121 12 13 0.02131799
732 244 24 32 0.021273622
0 553 42 80 0.021230705
557 279 47 60 0.021184692
588 257 34 44 0.021154566
422 2 13 14 0.021153202
481 0 30 18 0.021082059
671 255 45 57 0.021006402
746 2 71 81 0.020816017
601 389 30 36 0.020783748
839 106 60 85 0.020688586
735 3 17 18 0.020643065
728 224 10 20 0.020632578
837 0 187 224 0.020565487
266 0 21 20 0.020513223
484 326 22 43 0.020505931
519 238 42 53 0.020394487
543 518 9 11 0.020372918
0 454 37 65 0.020362327
759 255 46 59 0.02033271
68 0 17 18 0.020324929
775 144 55 74 0.020260714
0 507 26 69 0.020255161
735 661 26 35 0.020246375
0 0 160 208 0.020209946
856 219 37 43 0.020183377
779 139 18 17 0.020173736
760 666 28 40 0.020143557
284 0 14 11 0.02011912
1017 415 7 18 0.020103035
488 344 29 39 0.020091016
328 97 28 38 0.020032246
906 457 33 39 0.019926444
592 412 17 21 0.019924507
525 504 27 27 0.019907154
744 408 36 41 0.01990159
499 31 35 41 0.019886825
181 238 41 54 0.019882528
970 0 54 55 0.019880807
301 175 45 53 0.019866237
493 240 14 17 0.019786723
725 388 54 71 0.019779753
459 0 74 76 0.019768983
701 220 65 77 0.019743014
326 9 55 64 0.019729352
729 434 25 36 0.01972402
0 16 41 78 0.019683344
627 1 34 34 0.01963543
749 424 11 16 0.019600768
861 166 44 49 0.019597147
77 0 30 28 0.019572288
570 392 65 85 0.019569293
825 155 45 56 0.01953567
433 602 14 18 0.019535245
974 10 14 15 0.019481538
771 85 44 60 0.019456318
899 581 48 49 0.019448007
22 0 55 63 0.019431902
234 242 67 85 0.019412596
742 652 44 51 0.01940999
352 1 33 37 0.019398276
388 138 64 91 0.019397078
767 0 77 69 0.019353023
0 0 53 65 0.019329369
438 1 39 43 0.019318486
417 1 14 17 0.019316107
899 507 40 48 0.01931017
717 238 21 31 0.019270513
772 681 9 13 0.01925667
852 147 45 59 0.019235771
751 412 16 20 0.01923358
588 425 25 34 0.019212622
572 719 51 49 0.019205231
89 177 45 60 0.019197617
159 222 13 20 0.019197594
275 0 29 29 0.019188298
588 705 29 38 0.019185167
535 238 37 47 0.019176343
581 358 22 31 0.019173272
79 512 85 115 0.019133508
980 397 38 54 0.019119892
14 2 80 95 0.019034121
494 374 45 47 0.019030022
695 261 38 43 0.019000346
787 313 38 52 0.018986784
294 0 16 16 0.018925529
300 1 19 23 0.018863076
124 484 54 70 0.018850666
685 197 40 59 0.018820444
91 232 48 57 0.018794755
475 17 78 103 0.018790953
294 39 19 21 0.018742237
768 242 29 37 0.018699888
822 733 52 35 0.018667677
362 118 48 60 0.0186622
222 174 64 83 0.018662069
379 422 38 45 0.018661244
507 286 48 66 0.018654047
744 411 15 21 0.01864835
786 181 36 48 0.018619373
66 4 48 62 0.018615933
103 581 22 32 0.01861189
26 294 39 63 0.018601913
753 0 14 11 0.01859518
364 423 27 32 0.018544039
152 234 16 26 0.018541265
819 230 28 38 0.018535707
782 101 41 52 0.018501878
308 0 16 14 0.018484244
599 450 12 18 0.018464684
91 216 44 50 0.018456902
487 225 23 32 0.018443037
836 167 26 42 0.018429652
342 158 23 28 0.018388255
802 256 26 30 0.01836618
332 14 25 22 0.01832687
906 486 43 49 0.018325917
775 250 54 69 0.018305577
877 573 28 34 0.018270072
434 0 73 54 0.018237585
39 496 57 72 0.018221078
0 708 45 60 0.018216718
680 236 62 80 0.01817179
767 663 11 19 0.018152775
435 233 45 57 0.018147819
770 325 18 22 0.0181349
514 261 44 57 0.018127494
380 433 16 21 0.018125549
148 237 15 27 0.018115602
1005 377 18 32 0.018102488
800 0 17 18 0.018090356
609 341 64 82 0.01806879
552 215 67 69 0.018053206
571 404 20 29 0.01805014
0 451 25 47 0.018050114
889 0 111 110 0.018039027
447 0 22 25 0.018008722
479 217 12 13 0.017985672
714 258 45 55 0.017981004
481 403 57 78 0.017980801
780 279 38 55 0.017977167
104 151 63 97 0.017968409
594 269 39 46 0.017943079
218 97 55 75 0.017927209
80 638 25 28 0.017926121
755 1 50 51 0.017889207
988 456 36 65 0.017880376
46 0 28 26 0.017878613
592 398 30 32 0.017876722
1018 439 6 19 0.017875623
352 432 84 101 0.017830588
702 398 45 55 0.017774815
0 404 57 101 0.017774073
537 280 46 59 0.0177711
210 0 32 31 0.017739069
92 499 60 85 0.017734656
689 233 25 33 0.017734377
853 283 152 239 0.017711265
950 1 71 86 0.017682072
790 220 65 82 0.017670427
601 278 45 58 0.017664969
780 327 18 20 0.017655417
254 6 40 54 0.017640578
487 1 54 55 0.017611153
674 180 42 57 0.017585032
0 385 12 16 0.01758291
595 402 56 71 0.017579326
210 207 23 33 0.017566469
782 0 44 40 0.017561214
0 33 65 106 0.017540496
370 0 72 70 0.017531674
77 2 65 86 0.017524913
204 156 42 62 0.017516198
507 123 12 14 0.017515026
0 514 164 254 0.017513195
0 469 6 12 0.017478658
540 353 21 30 0.017462904
831 565 20 29 0.017453562
992 192 32 61 0.017451623
128 95 10 13 0.01744194
574 446 11 12 0.017403638
0 488 13 35 0.017389745
423 3 41 46 0.01736218
937 459 34 44 0.017341023
126 242 39 50 0.017336415
73 234 34 42 0.017329223
151 87 15 17 0.017311448
565 275 33 44 0.017304692
1018 304 6 19 0.017273055
735 432 40 51 0.0172638
839 189 29 37 0.017249255
220 5 46 61 0.01724899
590 0 75 75 0.01724034
342 0 72 71 0.017225984
138 546 87 130 0.01721202
721 428 40 52 0.01721101
177 186 61 78 0.017186645
151 442 87 124 0.017162705
736 256 47 58 0.017151013
615 4 44 54 0.017142087
202 1 47 51 0.017133426
88 223 27 38 0.017131621
714 265 22 31 0.017128281
714 417 37 50 0.01712712
862 447 26 36 0.017100073
787 243 33 41 0.017087635
403 55 43 74 0.017065879
409 0 74 71 0.017062051
218 126 17 26 0.017058952
382 252 77 96 0.017027287
174 111 8 12 0.017012699
537 394 44 55 0.016995331
173 96 20 27 0.016986426
14 521 40 63 0.016978506
574 695 47 55 0.016975043
0 726 28 42 0.0169698
294 81 12 15 0.016964117
349 7 39 53 0.016950872
291 188 47 57 0.01694565
580 256 29 36 0.016914297
493 1 83 96 0.016882766
1008 314 16 38 0.01687304
0 50 32 67 0.016872622
877 137 67 85 0.016865004
1006 3 15 18 0.016863553
998 493 26 62 0.01686129
308 160 51 58 0.016858818
982 687 42 67 0.016852653
509 379 43 49 0.01681927
225 249 40 46 0.016785296
984 444 31 35 0.016784769
421 152 17 29 0.016758995
859 1 82 93 0.016733028
244 50 47 61 0.016708752
784 262 36 47 0.016697703
0 485 103 196 0.016693542
501 231 22 31 0.016683474
30 41 47 64 0.016675731
766 188 34 50 0.016668057
776 665 18 25 0.016617632
779 121 47 63 0.016616384
759 150 47 64 0.016613554
311 0 18 21 0.016612876
482 0 298 239 0.016604997
850 217 23 26 0.016604248
796 215 30 40 0.016586522
143 0 72 53 0.016570147
430 0 18 19 0.016562
1 368 42 65 0.016560903
507 0 38 40 0.016560249
420 116 18 47 0.016544528
487 231 15 20 0.01652871
808 251 80 103 0.016528139
88 5 25 41 0.016523518
1000 0 13 12 0.016511286
601 255 29 34 0.016506277
988 425 21 26 0.016478978
838 213 29 34 0.016469702
134 157 41 65 0.016447986
981 416 39 57 0.016438514
684 234 19 28 0.016431125
722 224 18 29 0.016418386
435 17 78 106 0.016390212
681 260 25 32 0.0163889
931 0 66 62 0.016387625
97 547 81 121 0.016367141
511 371 26 31 0.01636641
1002 587 22 45 0.01636377
534 0 20 20 0.016362397
600 416 26 32 0.016356561
516 492 42 51 0.01635033
332 160 27 34 0.016336042
955 86 69 109 0.01632299
736 662 15 26 0.016316563
0 73 10 20 0.016313126
480 330 13 23 0.016276054
542 0 80 77 0.016272325
307 542 59 88 0.016257942
112 171 44 57 0.016208276
0 0 21 28 0.016200388
774 118 37 43 0.016194956
175 120 24 35 0.016194258
935 477 24 32 0.016191738
562 243 27 30 0.016150273
490 260 45 59 0.01614984
503 0 29 23 0.016143192
768 672 8 11 0.016141765
59 242 35 37 0.01611501
569 423 67 89 0.016113779
1014 406 10 27 0.016111473
710 209 28 38 0.016109306
920 447 34 46 0.016093906
285 153 67 81 0.016088566
527 0 21 24 0.016078725
25 266 45 60 0.016053883
22 506 57 72 0.016038539
760 77 41 56 0.016035497
331 0 26 29 0.0159981
797 595 34 42 0.01599403
0 143 18 30 0.015966311
350 81 10 13 0.015958633
471 209 35 50 0.015906928
1014 417 10 30 0.015901748
392 427 83 108 0.015898982
579 366 21 35 0.015895322
856 195 71 86 0.015892273
513 424 25 39 0.015882274
855 559 26 33 0.015871083
776 682 8 11 0.015860349
909 478 21 28 0.015801828
800 320 41 54 0.015800878
59 0 19 17 0.015798332
999 290 25 55 0.015793618
641 224 62 79 0.015778402
592 293 61 90 0.015774524
0 533 30 71 0.01576271
40 244 47 56 0.015762413
0 10 27 60 0.015761312
579 407 12 20 0.015756002
156 234 42 56 0.015754675
58 496 77 102 0.01575436
4 698 81 70 0.015750084
748 105 15 17 0.015729282
760 120 49 66 0.01571768
233 0 23 19 0.015685605
831 14 84 105 0.015673714
649 261 43 56 0.015666507
727 17 72 98 0.015662685
849 226 32 41 0.015631232
658 1 48 55 0.015630553
611 664 38 42 0.015629305
764 28 14 14 0.0156236505
768 38 74 103 0.015616314
80 209 23 39 0.015610029
479 249 65 91 0.015595288
1013 369 11 30 0.015584355
642 189 61 78 0.015573624
425 135 33 53 0.015553618
24 0 295 218 0.015553187
905 0 68 66 0.015551271
241 124 29 39 0.015548294
216 212 26 35 0.015545759
734 267 24 31 0.015545659
646 731 52 37 0.015531654
244 21 44 61 0.015511847
104 211 33 34 0.015510063
743 21 16 17 0.015497577
794 162 35 48 0.015490203
316 11 18 27 0.015489225
794 75 10 13 0.01548489
768 81 67 95 0.015475353
208 264 72 98 0.015474186
106 743 16 14 0.0154693695
510 401 39 58 0.015445417
760 233 29 37 0.015442324
982 26 42 73 0.015441819
213 187 24 35 0.015413115
737 362 44 57 0.015393095
325 0 24 22 0.01539014
326 0 10 10 0.015388623
152 232 24 38 0.015386507
368 20 74 108 0.015373607
711 0 43 39 0.015357689
579 412 16 22 0.015342731
652 0 315 248 0.015327748
0 60 5 13 0.015309524
739 3 37 46 0.015307656
2 441 71 128 0.015307206
415 153 36 51 0.015299529
396 246 53 64 0.015284362
388 430 23 30 0.015272505
602 175 43 58 0.015265322
626 261 42 55 0.015249598
9 295 73 116 0.015242643
831 749 38 19 0.015237536
616 188 62 81 0.015234097
766 670 13 22 0.015225157
446 705 89 63 0.015223378
700 3 73 88 0.015220085
893 194 44 55 0.015217566
0 201 48 76 0.015216231
784 638 48 57 0.015212646
806 2 84 92 0.015210857
344 151 72 85 0.015195925
121 0 72 73 0.015180311
833 136 44 62 0.0151620535
800 391 14 17 0.015161351
551 242 23 31 0.015156397
688 267 31 36 0.015147876
406 48 13 15 0.015142359
397 0 54 54 0.015138878
378 458 85 111 0.015111157
677 77 80 110 0.015102415
424 168 43 57 0.015096286
801 564 31 37 0.015096107
775 676 15 19 0.015093559
753 670 54 69 0.015083075
1003 388 13 22 0.01506879
221 52 45 58 0.01506161
323 232 49 69 0.015061306
28 0 21 20 0.015060895
413 150 66 89 0.015054955
172 0 59 43 0.015047727
745 397 22 28 0.015043363
1014 638 10 34 0.015042147
974 0 30 27 0.015032835
0 334 56 92 0.0150289135
787 368 27 32 0.01502318
764 627 41 67 0.015019218
998 410 14 24 0.015005449
388 581 47 65 0.015000521
349 414 39 50 0.014998468
528 402 63 84 0.0149930045
1017 318 7 20 0.014988206
986 94 38 64 0.014983804
997 217 27 60 0.01496668
212 62 68 95 0.014958668
181 176 42 58 0.014945692
20 61 46 65 0.014945376
433 86 66 94 0.01494374
483 349 21 35 0.014939701
332 153 47 56 0.014928318
578 274 24 34 0.014928217
26 284 68 93 0.014919249
995 430 21 26 0.014916895
108 452 49 75 0.014910867
179 258 44 57 0.014905926
444 642 35 41 0.014898604
476 317 17 28 0.014896907
807 300 24 37 0.014881798
792 86 42 58 0.014876621
164 8 120 164 0.014876281
569 374 27 37 0.014868862
751 50 61 81 0.014867556
749 0 21 17 0.01485718
195 690 44 40 0.014856345
23 24 44 67 0.014836786
871 0 44 41 0.014835123
96 0 73 59 0.014833111
538 229 27 37 0.01481842
797 0 54 54 0.014817828
561 276 25 31 0.014810389
71 500 138 197 0.014808145
1017 641 7 21 0.014803629
768 259 27 30 0.014793548
297 6 44 55 0.014793379
196 230 37 44 0.014779954
982 273 16 19 0.014766374
651 0 126 164 0.014763066
516 9 89 113 0.014757591
341 0 23 21 0.0147462
1016 378 8 16 0.014730641
962 380 59 83 0.014724844
666 12 50 61 0.014719589
937 691 87 77 0.014711671
310 53 19 25 0.014706031
350 148 39 47 0.014703548
673 527 55 58 0.014700413
564 256 27 35 0.014680911
747 229 24 34 0.014679882
995 387 23 37 0.014677415
534 684 48 68 0.014654313
841 230 57 72 0.014643419
582 12 86 114 0.0146427415
977 487 47 90 0.014633428
22 244 49 61 0.014628961
772 665 38 51 0.014625222
418 44 44 61 0.014623701
319 578 47 65 0.014615755
761 319 35 43 0.014613986
220 186 30 39 0.014603599
94 186 29 38 0.014601536
982 570 42 70 0.014581678
587 737 45 31 0.014567749
519 361 26 35 0.014566458
0 369 11 21 0.01456554
561 330 43 60 0.014550696
376 160 52 62 0.014544766
766 324 43 54 0.014544673
903 0 46 42 0.014543282
381 302 77 94 0.01453121
1020 356 4 12 0.014529203
523 0 16 13 0.014527609
13 43 46 63 0.014526365
766 753 40 15 0.014526261
519 54 241 325 0.014507345
757 278 59 78 0.014488735
268 0 45 49 0.014481768
446 310 44 58 0.014478743
862 224 20 21 0.0144742
753 425 9 12 0.014466075
500 399 63 84 0.014465999
584 414 16 23 0.014462048
827 107 47 63 0.014460846
209 0 297 205 0.014458361
565 0 77 56 0.014440375
0 80 30 60 0.014435001
1006 1 10 13 0.014434198
681 265 65 87 0.014427354
21 439 47 71 0.014425948
547 211 26 36 0.014420577
316 516 70 101 0.014416103
426 631 86 117 0.014405548
82 456 73 109 0.014405006
152 195 25 44 0.014401861
84 12 39 60 0.014397403
0 156 20 34 0.014391656
856 184 38 43 0.014380606
189 456 80 117 0.014379712
271 192 42 57 0.014379109
750 420 9 14 0.014373142
997 528 27 54 0.014371252
698 100 74 105 0.014357964
0 383 22 52 0.014353398
650 0 41 41 0.014350051
58 545 21 26 0.014347408
640 2 77 89 0.014346744
171 120 36 54 0.014342082
602 350 37 50 0.014341667
539 178 40 58 0.014339255
0 126 22 38 0.014329348
421 76 31 57 0.014328246
579 446 7 9 0.014325278
722 77 76 107 0.014325064
681 125 69 101 0.014313164
349 36 13 12 0.014309466
100 439 51 63 0.014278273
756 735 49 33 0.014277704
403 480 79 106 0.014266164
472 241 20 21 0.0142611
303 0 13 16 0.014260774
237 241 34 40 0.01425246
104 727 23 29 0.014250489
610 403 27 34 0.014242072
404 55 70 103 0.014241531
0 384 32 79 0.014241043
697 14 122 167 0.0142378835
236 197 32 44 0.014234373
389 112 38 53 0.0142307095
42 150 123 151 0.014230541
378 71 51 68 0.014223106
526 0 39 39 0.014204825
894 171 43 56 0.014200426
590 717 29 41 0.014186921
690 216 29 36 0.014179588
833 54 74 111 0.014156273
721 0 16 12 0.014141198
247 0 19 16 0.01413924
414 594 44 65 0.014138047
393 150 43 55 0.014133787
419 575 46 64 0.014128608
367 441 45 66 0.014122259
6 0 17 15 0.014113577
827 719 71 49 0.01410396
248 226 30 36 0.014101282
953 455 43 46 0.01409946
737 414 21 27 0.014092329
20 359 40 57 0.014091438
241 50 30 39 0.014084896
726 385 35 48 0.014083086
476 319 10 16 0.014081109
474 229 18 19 0.014079573
361 0 35 28 0.014078733
298 708 21 28 0.0140711395
31 511 81 106 0.014060814
319 165 33 39 0.014056052
309 15 66 88 0.0140487375
180 110 11 14 0.0140468925
175 738 47 30 0.014042952
180 64 94 145 0.014039973
473 225 63 80 0.014037521
100 234 69 88 0.014032103
0 348 25 65 0.01402689
608 0 38 37 0.014022907
193 89 66 92 0.0140218185
743 76 39 54 0.013999135
773 670 11 14 0.0139884325
322 636 45 63 0.013978704
522 0 77 57 0.013975439
792 5 136 169 0.0139742745
850 0 15 13 0.013970608
813 139 104 126 0.013967335
777 624 20 26 0.0139494855
982 306 42 65 0.013946818
919 17 105 165 0.013940248
985 66 39 67 0.013939486
574 287 13 20 0.013936442
906 460 52 54 0.01392916
115 500 44 65 0.0139178755
0 153 39 98 0.013915318
340 37 34 44 0.013901621
768 660 67 84 0.013884883
629 388 24 33 0.013881157
611 378 67 84 0.01387776
26 445 79 107 0.0138720665
1006 352 18 39 0.013869967
6 81 78 109 0.013868635
626 406 24 31 0.013864636
311 644 80 104 0.013856186
358 460 47 64 0.013824433
400 33 48 60 0.0138202235
0 413 25 68 0.013815819
329 213 49 67 0.013807031
740 8 49 62 0.013788013
168 93 61 86 0.013781555
388 173 69 91 0.013779535
969 448 40 42 0.013776104
457 58 47 61 0.0137707405
675 0 73 75 0.013767723
227 454 83 116 0.01376672
0 103 23 41 0.013761662
228 81 73 99 0.013761229
177 106 42 56 0.013754254
682 221 25 36 0.013749906
0 211 24 64 0.0137492865
407 291 67 86 0.013735499
660 103 74 103 0.013729273
616 428 16 22 0.013712189
742 0 28 31 0.013709504
984 118 40 67 0.013703439
361 407 50 56 0.013700525
900 548 68 80 0.013696844
632 11 13 15 0.0136865415
0 575 22 49 0.013685354
228 42 71 93 0.013675107
397 424 28 36 0.013673897
787 610 44 55 0.013651724
505 248 63 90 0.013651305
399 0 26 27 0.013645365
825 237 45 59 0.013642109
486 361 43 50 0.013637245
338 498 13 16 0.013630239
50 742 47 26 0.0136290975
764 2 19 26 0.013621139
585 387 14 18 0.013617581
958 469 63 84 0.013604472
72 192 41 56 0.013591462
803 126 46 62 0.0135781225
842 557 30 33 0.0135744065
653 711 74 57 0.013569394
558 304 44 61 0.013564049
221 245 30 34 0.013560855
124 573 43 55 0.013559028
901 527 29 29 0.013558969
348 59 20 20 0.013557274
871 284 96 118 0.013555073
63 245 45 52 0.01354681
585 348 25 33 0.013546436
202 697 34 24 0.013537917
554 428 55 74 0.013536951
0 150 12 34 0.013533237
581 179 43 58 0.013531667
665 648 30 35 0.013529052
254 42 75 99 0.013527981
503 25 26 33 0.013520456
565 468 9 9 0.013513744
966 6 24 21 0.013506049
98 197 31 35 0.0135052735
956 12 44 58 0.013502869
586 277 32 37 0.013489017
626 175 43 58 0.013488951
296 82 9 10 0.013486575
985 340 39 63 0.013485336
508 233 37 45 0.013479624
4 283 40 67 0.013477974
410 0 10 12 0.013472838
29 52 30 42 0.013464715
420 587 29 39 0.013459539
339 529 27 36 0.013457409
839 561 17 25 0.013456136
79 442 45 56 0.013452358
820 0 49 50 0.013448799
563 48 86 118 0.013443058
998 267 26 53 0.013442658
355 86 100 134 0.013434214
25 0 38 28 0.013433482
519 14 23 26 0.013428446
752 377 45 53 0.013425367
66 212 52 62 0.013413965
783 330 31 35 0.013412196
827 181 28 38 0.013408693
995 12 29 62 0.013406914
968 503 29 36 0.0134014925
625 731 50 37 0.013398225
1003 174 21 39 0.01339756
8 0 26 21 0.013395191
834 0 75 54 0.013393675
221 0 27 22 0.013389974
359 5 10 12 0.013389133
900 736 50 32 0.01337356
779 272 27 32 0.013366826
349 413 27 34 0.01336567
56 216 82 94 0.013365268
119 711 68 57 0.013360896
1001 353 9 12 0.013359316
1000 396 13 22 0.0133508025
43 53 47 64 0.013344084
943 475 25 31 0.01334375
914 449 28 35 0.013333826
381 133 29 35 0.013323203
472 0 41 33 0.013322389
668 246 31 37 0.013320572
1010 318 10 15 0.01331977
197 0 31 29 0.013316552
978 410 27 33 0.013314963
533 661 50 57 0.013309407
399 83 31 45 0.013302994
0 460 15 29 0.013292791
227 142 68 91 0.013290517
212 119 27 38 0.0132848
840 501 64 76 0.013282658
844 744 43 24 0.013276284
36 0 14 13 0.013272738
560 417 23 31 0.013270844
0 521 17 46 0.013267765
5 178 68 89 0.013267037
309 604 47 66 0.013262246
741 117 116 152 0.0132574625
623 1 22 24 0.013255979
780 317 25 27 0.013251912
790 451 24 30 0.013244494
778 685 9 10 0.013244345
501 250 24 31 0.013234692
457 202 61 76 0.013226797
926 0 51 41 0.013213632
581 678 46 52 0.013206721
743 122 12 13 0.013205138
360 33 10 11 0.013198913
735 280 47 60 0.013196335
715 177 44 56 0.013195532
1003 8 21 42 0.013193877
466 225 28 31 0.013193734
781 70 46 59 0.013192577
0 220 35 96 0.013181437
118 582 79 113 0.013179386
748 429 28 30 0.01317916
898 328 81 121 0.013178065
65 491 55 69 0.013170907
735 149 46 63 0.013160929
768 106 32 44 0.013158385
411 164 27 36 0.013157052
0 106 60 108 0.013153347
331 0 15 13 0.013152928
527 510 16 18 0.013151597
359 493 89 114 0.01315062
374 462 30 40 0.013149914
0 253 57 91 0.013144792
669 149 46 62 0.013144746
79 635 38 45 0.013131989
304 53 38 52 0.013131177
98 31 47 66 0.013130251
0 501 14 44 0.013127914
733 121 50 69 0.013127663
381 0 15 14 0.01312204
438 274 65 87 0.013102912
210 227 40 43 0.013097027
823 42 201 348 0.013086648
582 707 70 61 0.01308525
177 75 23 31 0.013084103
192 271 59 77 0.013083856
837 226 27 35 0.0130822
882 575 14 15 0.013071387
901 637 44 65 0.013059017
537 354 43 54 0.013053397
278 746 47 22 0.0130514335
421 222 47 63 0.013046723
1011 0 13 14 0.013046073
164 0 28 27 0.013045005
67 51 130 184 0.013034854
631 1 50 58 0.0130327735
140 208 72 93 0.013029016
155 177 41 60 0.012999865
26 50 80 116 0.0129964715
936 478 37 45 0.012994645
786 0 31 25 0.012993388
550 229 21 33 0.0129904095
515 0 18 15 0.012990105
861 569 26 34 0.012985363
639 0 32 30 0.012976864
175 0 29 27 0.012975678
14 20 16 21 0.012975561
78 221 26 42 0.012974107
351 292 14 19 0.012973723
819 182 12 18 0.0129689425
159 106 42 56 0.012968382
343 705 80 63 0.012968074
526 102 72 106 0.012966828
953 309 68 104 0.01295819
319 158 67 79 0.012956099
295 704 81 64 0.012954483
555 370 35 50 0.012949471
746 427 15 20 0.012946193
1019 436 5 13 0.0129381055
791 570 43 58 0.012938054
377 426 17 23 0.012937062
469 310 33 47 0.012936113
749 84 15 15 0.012933605
772 656 16 24 0.012925979
153 0 28 27 0.012918974
776 344 37 47 0.0129177505
1013 307 11 29 0.0129170595
4 647 78 107 0.012906626
512 13 39 52 0.012904861
463 279 66 90 0.0129043665
44 257 86 108 0.012901153
590 355 29 31 0.012896469
1017 370 7 19 0.012895173
24 491 274 277 0.012893803
788 57 70 102 0.012889273
330 19 21 26 0.012881483
201 105 46 60 0.012880132
364 324 78 99 0.012877199
426 145 15 30 0.012871118
89 176 24 35 0.012865772
526 708 51 60 0.012865467
797 261 37 47 0.012865098
761 219 22 34 0.012833764
70 0 132 162 0.012832741
663 274 56 70 0.012828315
0 584 58 108 0.012821808
426 125 18 36 0.012819915
710 382 36 47 0.012818176
500 110 30 41 0.012817401
386 590 33 45 0.012811089
924 454 70 75 0.012810113
985 459 26 30 0.012809657
475 262 29 40 0.012804421
197 45 53 69 0.01279898
656 237 30 40 0.01279681
822 193 39 52 0.012793696
486 40 50 68 0.012789749
123 0 277 286 0.012788821
145 91 21 29 0.012782417
820 212 32 45 0.012779365
843 0 18 15 0.01277322
1019 252 5 18 0.012771658
0 753 14 15 0.012767285
595 640 50 55 0.012767245
812 261 27 29 0.012761868
770 600 63 86 0.012757147
186 0 29 27 0.012754038
588 473 48 59 0.012751908
900 470 67 77 0.012751469
16 537 50 72 0.012750245
859 338 82 110 0.012749945
2 236 112 168 0.0127471015
34 208 68 82 0.0127358055
367 0 44 45 0.012733573
753 28 53 72 0.012732306
605 42 136 190 0.012693095
988 235 36 62 0.012690269
799 278 36 52 0.012689302
170 140 60 88 0.012687866
346 246 90 99 0.012683721
733 238 15 28 0.012680032
651 398 25 30 0.012666665
543 0 27 30 0.012659515
1002 46 22 44 0.0126562305
733 229 9 17 0.012648907
388 435 52 72 0.012641593
537 0 8 9 0.012632609
541 24 87 123 0.01263165
165 221 10 13 0.012629009
588 106 76 108 0.012623746
800 705 69 63 0.012618766
287 183 37 45 0.012614253
425 324 45 59 0.012609877
302 46 19 24 0.012608504
581 238 22 31 0.01260321
759 646 29 42 0.012600716
383 0 37 35 0.01259759
799 193 27 35 0.012593035
140 253 84 107 0.012591425
987 144 37 67 0.012582095
1002 405 14 24 0.012581845
426 603 24 32 0.01257888
141 0 29 28 0.0125753805
17 415 49 67 0.012572341
877 105 130 159 0.012561045
87 183 20 39 0.012559357
466 364 70 78 0.012556274
121 515 46 77 0.0125544835
113 690 15 15 0.012551174
321 3 9 11 0.012550909
0 235 23 63 0.0125474045
497 50 81 116 0.012543278
741 451 38 46 0.012542895
494 9 10 10 0.012536126
0 260 23 64 0.01253174
146 686 43 51 0.012530489
470 574 47 67 0.012528934
804 167 9 12 0.012526069
561 2 141 174 0.01252527
728 492 44 63 0.01252428
951 175 73 103 0.012523729
899 715 72 53 0.012521428
1016 347 8 19 0.012520853
240 18 33 42 0.012518743
481 214 11 10 0.012516336
425 497 79 114 0.012512767
984 261 21 28 0.012512544
49 708 74 60 0.012510349
613 248 64 82 0.012509664
806 0 32 24 0.012509041
181 104 14 18 0.012508924
724 210 25 34 0.012507856
264 164 65 84 0.012507483
329 254 55 71 0.012501886
860 478 68 80 0.012492516
499 0 22 18 0.012488522
882 164 38 53 0.012487039
179 521 84 122 0.012480634
3 475 23 31 0.012479215
223 8 24 35 0.012475028
210 354 72 78 0.012474988
247 473 84 122 0.012472734
125 433 68 98 0.012471394
738 8 11 11 0.012470126
15 211 50 62 0.012465148
979 199 45 88 0.012456385
694 54 84 113 0.012456336
826 162 27 37 0.012454631
466 339 36 47 0.012448731
135 95 41 57 0.012447485
573 263 39 47 0.012445231
743 10 24 32 0.012444835
737 3 131 172 0.012439113
492 356 8 13 0.012434915
588 389 17 25 0.012433004
559 403 24 33 0.012427854
358 79 46 64 0.012427598
1009 292 15 31 0.012426096
934 477 12 18 0.012424179
734 218 25 36 0.012423825
537 107 42 58 0.012422983
771 611 41 59 0.012420702
669 638 49 55 0.012420639
770 295 22 34 0.012418357
131 0 51 37 0.012417334
269 215 41 55 0.012400621
980 28 14 16 0.012400241
66 429 45 58 0.012400138
578 85 48 68 0.012398771
385 630 91 120 0.012391779
709 347 63 81 0.012389553
51 311 76 94 0.012388671
1018 426 6 21 0.012385808
144 411 74 107 0.012383587
346 158 9 10 0.012382736
10 387 47 69 0.012380138
679 210 60 75 0.012377759
649 177 41 56 0.012374559
769 272 27 33 0.0123669095
647 476 28 28 0.012366629
492 541 40 56 0.012361229
183 80 23 30 0.012352363
1018 391 6 20 0.012348379
1004 249 20 39 0.0123476405
12 97 41 55 0.012345499
129 0 30 29 0.012345424
130 742 49 26 0.012345094
810 182 30 40 0.0123440735
713 148 48 63 0.012337099
290 12 25 36 0.012335429
223 399 45 50 0.012324517
22 315 43 77 0.012323343
253 238 26 32 0.012322541
754 0 34 34 0.012319886
455 241 30 35 0.012319698
51 253 33 31 0.012318417
601 466 46 55 0.01231802
60 608 147 160 0.012317697
428 623 42 57 0.012314146
0 41 24 51 0.012312967
431 15 11 12 0.012305551
496 217 34 46 0.01229929
90 725 47 43 0.012297243
885 490 64 78 0.0122968955
2 108 38 53 0.012294589
157 258 45 57 0.012290648
881 203 68 83 0.012288669
492 241 21 27 0.012287855
333 348 49 59 0.012286868
769 661 9 10 0.0122847
0 169 24 41 0.012282319
282 194 65 83 0.012280847
822 0 37 28 0.012276073
808 741 47 27 0.0122721605
374 457 52 68 0.0122704785
240 153 46 60 0.012265241
161 213 31 44 0.012260215
676 65 55 69 0.012259612
434 19 47 67 0.012258727
619 408 36 44 0.012256653
974 253 14 19 0.012254939
0 465 5 11 0.012251062
818 38 69 91 0.012250718
873 595 37 42 0.01224845
479 727 66 41 0.012239197
66 453 46 56 0.012234102
523 240 26 33 0.012233128
77 410 46 62 0.012227792
20 119 26 33 0.012227299
324 515 46 65 0.012226888
426 425 76 108 0.012224865
550 1 12 14 0.012224172
320 457 88 120 0.012223811
54 409 47 62 0.012223809
355 34 16 20 0.012221799
230 9 16 23 0.012221501
49 14 77 119 0.012220332
600 20 53 68 0.012220304
406 276 50 62 0.01222027
824 259 47 61 0.012214936
929 290 44 60 0.01220937
917 302 80 122 0.01220749
455 48 77 109 0.012203559
952 508 68 96 0.012202111
374 0 21 21 0.012201399
397 218 54 67 0.01220061
462 665 98 103 0.0121978475
929 323 47 66 0.0121969925
55 88 72 98 0.012195108
525 10 46 62 0.012194406
126 95 15 20 0.01219419
407 590 87 122 0.012193385
1020 443 4 14 0.012191649
94 30 34 47 0.012189662
572 447 8 10 0.012187024
774 308 17 29 0.012185487
755 399 41 46 0.012181963
279 20 70 94 0.012180186
899 132 79 99 0.012180103
188 69 23 32 0.012179251
602 28 11 16 0.012178205
364 1 8 12 0.012176261
290 589 45 64 0.012174823
341 307 86 95 0.012174233
743 381 29 36 0.012165166
309 184 49 65 0.012165079
109 723 22 23 0.0121614095
335 88 12 15 0.012156491
65 38 47 70 0.012154048
773 661 9 11 0.0121423425
315 584 27 37 0.0121414345
232 59 27 37 0.012131779
982 612 42 70 0.0121264495
563 292 28 36 0.0121259475
726 316 66 86 0.012123801
749 348 62 79 0.012109577
567 700 24 45 0.012109498
174 83 18 24 0.012105311
177 58 23 31 0.012103537
626 330 43 58 0.012100424
425 112 32 52 0.012097074
1003 62 21 47 0.012096355
780 734 51 34 0.012091585
573 231 23 34 0.012081808
808 156 36 51 0.01208018
31 119 26 32 0.0120792985
338 161 17 24 0.012079278
241 65 31 42 0.012079003
35 724 59 44 0.012076879
77 463 46 58 0.0120747555
680 0 46 41 0.012071939
613 134 65 94 0.012070847
172 64 22 31 0.012068135
898 630 126 138 0.012066611
346 154 15 19 0.012065354
918 274 45 59 0.0120606925
778 188 29 38 0.012058552
609 412 32 38 0.01205637
61 535 59 76 0.0120538995
539 3 10 12 0.012047618
148 72 22 30 0.012046399
798 622 45 59 0.012044134
596 671 44 49 0.012038985
281 649 37 50 0.012027255
961 37 32 39 0.012024367
0 628 34 57 0.012024265
478 306 41 56 0.012023004
209 23 64 81 0.012013137
614 0 24 19 0.012012442
487 224 13 16 0.01200941
296 590 75 112 0.012008864
116 0 35 34 0.012007158
563 347 74 96 0.01200423
435 56 44 60 0.011999865
1015 297 9 22 0.011995256
802 411 23 28 0.011995208
924 403 31 38 0.011994618
884 88 70 98 0.011993495
478 413 39 52 0.0119930785
804 125 15 16 0.011992609
171 53 24 30 0.01198985
267 238 44 56 0.0119887935
871 405 143 208 0.01198416
717 646 52 59 0.011978627
589 438 24 31 0.011975359
364 197 79 103 0.011972339
871 575 50 55 0.011972228
759 249 25 32 0.01196964
738 30 45 58 0.011961533
199 68 24 33 0.011959154
243 743 48 25 0.0119531695
985 644 39 67 0.011952247
145 28 42 56 0.011951231
746 696 68 72 0.011950392
584 0 16 11 0.011942636
563 678 46 55 0.011939661
978 370 39 58 0.011939248
833 641 70 97 0.011933653
349 52 71 99 0.011933452
173 115 8 11 0.01192503
971 0 22 18 0.011923421
319 20 20 26 0.011922819
855 268 85 98 0.011921234
866 507 48 55 0.011920435
554 284 28 29 0.011919806
54 601 72 93 0.01191965
959 433 64 77 0.011918204
737 629 48 59 0.011915878
152 82 21 25 0.01191562
391 405 52 59 0.011912396
704 164 65 85 0.01190886
578 284 14 22 0.011906129
182 52 24 32 0.011905661
712 280 48 59 0.011897574
465 417 66 96 0.0118958615
87 256 49 59 0.011893408
315 327 82 95 0.01189315
472 248 21 24 0.011892015
29 105 76 101 0.01189045
794 248 65 84 0.011888236
302 626 45 62 0.011886476
529 509 29 35 0.011884839
424 549 85 119 0.011881673
238 123 49 63 0.011879885
947 120 77 124 0.011873998
65 396 50 61 0.011871711
507 490 64 79 0.011869334
560 565 83 105 0.011868965
217 451 64 84 0.01186882
891 467 42 46 0.011863242
421 50 134 173 0.011859904
1019 0 5 13 0.011859681
846 529 46 56 0.011858038
312 655 26 36 0.011855659
600 0 29 29 0.01185315
547 260 26 30 0.011848119
166 47 23 31 0.011847634
142 581 30 39 0.011845829
150 109 60 90 0.011842359
294 422 86 110 0.011839976
260 0 17 16 0.011839357
330 114 68 82 0.011837749
909 540 17 16 0.011835861
876 615 29 25 0.011835793
121 584 28 36 0.011831136
426 81 40 64 0.011830648
346 471 48 64 0.011829911
630 401 33 41 0.011827179
547 0 46 41 0.011826493
974 398 27 37 0.011826057
805 246 19 33 0.011824754
891 448 38 44 0.011819444
769 99 13 13 0.011816083
675 527 73 92 0.01181466
140 473 54 67 0.0118102245
507 257 39 45 0.011807448
167 76 21 29 0.011805776
901 512 70 87 0.01180459
401 68 16 16 0.011802878
976 247 48 91 0.011800718
177 30 23 31 0.0117992805
0 141 115 166 0.011798139
855 538 70 85 0.011796969
638 133 65 92 0.011795264
103 572 18 27 0.011794238
804 228 25 35 0.011791006
160 53 23 31 0.0117890695
1014 383 10 23 0.011787056
622 230 25 35 0.011786612
737 258 18 22 0.011780327
565 336 12 16 0.011779851
732 227 8 13 0.011777918
473 388 45 62 0.011777864
364 507 50 65 0.011773904
189 237 27 34 0.011767477
0 307 39 97 0.01176732
149 104 19 28 0.011766557
674 30 55 68 0.011765006
767 676 19 27 0.011758813
156 18 42 56 0.011757673
579 435 27 34 0.011756565
288 0 18 20 0.011755825
618 388 26 33 0.011754888
302 118 72 89 0.011754875
41 451 46 63 0.011754577
486 571 52 73 0.011753214
187 85 15 20 0.011752367
43 119 26 32 0.011746735
860 100 61 77 0.011743737
111 106 122 165 0.011743455
1007 489 17 40 0.011742497
33 80 44 59 0.011740238
194 57 23 32 0.011734752
1020 322 4 14 0.011734496
556 315 26 35 0.011730504
171 36 24 30 0.011729944
189 319 79 91 0.011721878
165 31 24 29 0.011721162
931 440 35 48 0.011720349
343 279 54 65 0.011714196
188 35 24 32 0.0117133325
0 0 14 17 0.011712429
575 0 31 29 0.011711025
563 709 20 49 0.011709475
1012 330 12 32 0.011709114
808 412 35 47 0.011708996
455 0 22 20 0.011707748
354 426 19 23 0.011706448
364 367 75 95 0.011703508
458 359 44 52 0.011702013
650 755 44 13 0.011701177
297 325 52 57 0.011695479
169 538 63 87 0.011695213
713 408 27 33 0.0116945645
777 684 14 16 0.011686578
0 391 13 37 0.011685367
0 131 28 53 0.01168479
807 273 30 29 0.011683416
0 595 36 60 0.011682219
876 24 84 113 0.011679444
637 746 50 22 0.011679283
582 0 42 37 0.011675888
65 7 16 29 0.011672869
371 181 61 73 0.011672176
74 373 50 62 0.011671324
515 440 24 33 0.011671262
843 258 50 62 0.01167029
530 487 48 56 0.01167011
937 474 15 22 0.011668654
497 256 32 40 0.011661985
194 79 23 32 0.011661959
348 161 9 10 0.011659859
257 2 68 83 0.011659343
134 39 42 55 0.011657659
876 194 138 182 0.011655381
1020 312 4 18 0.011651579
149 316 51 66 0.011651456
908 210 66 79 0.011651386
33 277 50 65 0.011649407
756 209 22 34 0.011646561
160 36 23 30 0.0116420025
295 567 55 73 0.011640629
193 5 66 79 0.011637599
687 246 28 31 0.011637238
448 16 8 11 0.011633623
780 373 35 44 0.011630354
777 80 10 12 0.011629331
11 737 50 31 0.011624835
548 443 70 94 0.011624621
1001 194 14 21 0.011622242
965 421 40 52 0.011617786
814 84 15 13 0.011616239
916 500 43 46 0.0116160065
838 201 99 123 0.01161269
183 670 67 78 0.011610664
402 110 27 36 0.01160412
791 18 71 90 0.011599809
449 200 46 59 0.01159853
925 490 71 87 0.011596363
886 146 26 40 0.011594371
736 676 48 60 0.011590376
947 556 74 98 0.011588319
392 607 40 55 0.011585547
219 279 50 64 0.011585252
925 361 74 105 0.0115849655
91 0 27 27 0.011583225
738 439 18 22 0.011578882
846 755 31 13 0.011578072
429 596 49 67 0.0115755275
776 611 28 33 0.011573171
784 226 31 36 0.011563081
100 107 68 106 0.01156176
284 201 12 16 0.011555565
171 24 24 31 0.011553881
36 29 12 18 0.0115490705
335 48 12 16 0.011539188
321 80 13 16 0.011539063
415 227 67 89 0.011536894
778 370 25 29 0.01153548
205 119 115 153 0.011534967
629 26 86 114 0.011533543
377 231 54 63 0.01153177
481 218 14 17 0.011526901
690 731 49 37 0.011520857
166 318 71 85 0.011516974
154 31 23 29 0.011516663
167 103 18 23 0.011512892
159 221 20 30 0.011512772
514 50 138 185 0.01151084
344 148 24 30 0.011507431
882 534 15 21 0.011507386
738 176 43 60 0.011506225
25 297 24 46 0.011504823
0 84 153 367 0.0115025425
135 471 156 242 0.01149925
445 77 48 69 0.011498425
154 42 23 30 0.011492868
815 407 60 76 0.011484008
782 350 42 55 0.011481965
93 166 38 44 0.011478518
180 88 18 24 0.011477629
194 29 23 32 0.011477539
747 419 9 13 0.011476921
592 403 18 22 0.01147289
100 0 43 43 0.011466359
107 185 30 36 0.011465925
661 146 35 49 0.011465465
139 180 26 34 0.011460311
1018 422 6 16 0.01145827
45 530 104 142 0.011455135
877 160 29 39 0.011453352
949 478 40 49 0.011450929
125 88 66 92 0.0114489645
376 265 60 64 0.011448646
1018 402 6 22 0.011448006
9 599 46 60 0.011445172
354 108 39 60 0.011444594
937 222 44 55 0.011444187
383 29 118 160 0.011442781
917 249 46 59 0.011440824
455 70 31 39 0.011438867
100 713 26 35 0.011433924
571 250 24 30 0.011433284
177 9 24 34 0.0114324
218 36 271 331 0.011428488
54 442 46 58 0.011428262
272 0 13 10 0.011423961
996 731 15 19 0.0114237135
849 491 47 58 0.0114233205
205 79 24 33 0.01142291
393 20 43 55 0.01142035
851 645 41 61 0.011418606
371 727 57 41 0.0114136115
27 103 34 43 0.011413547
160 25 23 30 0.011413039
496 244 13 18 0.011412635
510 436 21 31 0.011405367
182 24 24 31 0.011403793
180 736 11 19 0.011402969
357 64 17 22 0.011398132
1020 413 4 14 0.011396872
492 81 44 61 0.011396721
154 59 23 31 0.011392536
532 346 32 45 0.011390617
385 571 87 118 0.0113856755
104 742 21 25 0.011385675
168 714 70 54 0.01138499
354 39 9 11 0.011384719
741 400 66 81 0.011380197
172 99 13 18 0.011378766
582 427 37 48 0.011377809
329 19 32 44 0.011375366
115 228 31 37 0.011374687
849 277 50 63 0.011370879
541 78 81 113 0.011369751
0 476 7 21 0.0113681555
477 337 22 36 0.011364501
210 215 15 21 0.0113594495
860 508 23 29 0.011358857
396 511 60 75 0.011356262
998 458 13 15 0.011354726
740 410 13 20 0.011354235
309 628 31 39 0.011353198
831 240 139 195 0.011350347
335 20 9 11 0.011344815
326 726 61 42 0.011343902
1000 260 11 14 0.011343801
838 291 50 64 0.011338752
259 471 358 297 0.011337146
117 420 49 67 0.011333881
1003 434 15 19 0.011333105
1008 281 16 31 0.011332039
0 300 25 66 0.011329362
31 328 70 93 0.011327503
541 510 135 159 0.01132559
161 64 22 31 0.011325428
135 136 74 103 0.011321791
825 572 24 39 0.011321005
320 700 43 55 0.011316677
101 574 13 19 0.011316196
65 0 14 11 0.011315856
819 324 47 58 0.011315426
166 9 24 34 0.011310924
958 93 46 61 0.011306789
64 231 28 35 0.011303559
902 613 66 84 0.011301873
303 24 128 154 0.01130037
557 179 43 60 0.011298038
0 172 13 35 0.011296125
542 595 75 95 0.011295147
227 0 17 15 0.0112939235
771 696 73 72 0.01129156
536 330 44 58 0.011288425
894 0 41 30 0.011288107
451 109 39 54 0.011287618
861 719 73 49 0.011286206
872 444 34 43 0.01128175
590 249 20 29 0.011279786
150 92 12 16 0.011279771
58 502 37 48 0.011278402
296 741 50 27 0.011274993
762 363 44 47 0.011273057
729 1 19 17 0.011271222
405 169 39 49 0.011267152
397 433 18 24 0.011265342
453 743 50 25 0.0112651
82 196 21 37 0.011260835
587 420 19 24 0.011256579
610 247 25 34 0.011255758
93 302 59 68 0.011253864
344 14 26 36 0.011252215
795 659 48 57 0.011250535
495 501 13 16 0.011249399
148 36 24 31 0.0112492535
125 594 41 56 0.011244384
586 438 10 13 0.011240516
209 739 51 29 0.0112402
482 551 44 67 0.011229505
367 136 30 33 0.011229004
609 232 24 35 0.011227383
298 243 77 94 0.011225859
561 742 54 26 0.011223014
880 242 81 95 0.011218857
506 729 58 39 0.011218046
56 66 44 61 0.011216428
935 373 47 61 0.011213318
65 179 82 97 0.011213161
722 27 25 34 0.011211578
865 216 46 50 0.011207754
435 608 15 17 0.011207224
355 142 28 34 0.011205312
544 487 79 103 0.011200684
592 225 26 31 0.011198541
799 99 48 66 0.011197631
183 125 13 21 0.011197589
443 646 49 67 0.011197153
282 706 40 53 0.011194822
931 239 43 55 0.011191265
776 28 57 73 0.011189089
437 332 69 85 0.011184995
573 703 30 39 0.011183657
1005 756 19 12 0.011182909
143 58 24 33 0.011182778
94 689 37 52 0.011181873
143 82 22 26 0.011181155
257 77 47 68 0.01118062
352 657 12 16 0.011179812
955 400 37 51 0.011173242
771 134 31 34 0.0111713195
863 237 24 35 0.0111664785
735 732 53 36 0.011166088
566 285 16 17 0.011162753
276 0 16 14 0.011162548
675 518 25 38 0.011160723
628 258 23 29 0.011156132
193 79 15 21 0.011154039
755 463 26 32 0.011152673
703 713 73 55 0.011150046
154 730 48 38 0.011145926
569 481 13 13 0.011140511
918 557 77 90 0.011135228
762 19 18 25 0.011133644
855 75 51 66 0.011133564
188 8 24 36 0.011132911
943 210 81 110 0.011131931
612 692 74 76 0.011126228
381 513 88 123 0.011125294
564 211 28 36 0.011121394
510 425 17 29 0.011119832
148 47 24 32 0.0111195985
294 315 79 91 0.011115686
353 185 53 64 0.011114499
10 659 147 109 0.0111144455
678 495 71 88 0.0111122485
751 400 29 32 0.011109947
179 84 43 56 0.011106635
406 447 53 74 0.011105605
660 446 40 48 0.011103439
306 58 10 12 0.01110331
128 244 54 73 0.011102773
510 0 17 18 0.0111026885
893 129 46 61 0.0111025795
523 641 54 64 0.011102244
1001 90 23 46 0.011101983
21 164 24 32 0.011101071
279 13 24 33 0.011100638
185 298 43 55 0.011099475
20 569 47 65 0.011098038
1018 3 6 20 0.011096065
345 439 48 66 0.011095913
753 96 41 58 0.011095235
326 408 85 104 0.011094962
956 0 17 12 0.011094089
709 531 30 35 0.011090158
518 607 74 93 0.011088028
739 471 44 62 0.01108607
380 565 44 65 0.011081572
685 231 14 22 0.011080003
262 251 54 71 0.011079431
421 4 8 12 0.011078449
791 454 14 19 0.011078382
1019 359 5 14 0.01107368
529 471 39 45 0.011072963
184 109 9 12 0.011072323
814 638 151 130 0.01107224
713 252 17 22 0.011071825
617 230 14 18 0.01107159
736 343 44 52 0.011071526
512 400 19 36 0.011070472
567 66 52 70 0.011069965
458 563 47 66 0.011069242
190 220 24 33 0.01106568
277 61 75 98 0.01106444
14 11 24 32 0.011062274
571 467 46 55 0.01105474
907 20 58 76 0.011052246
265 5 18 27 0.011048689
149 24 23 31 0.011047474
155 9 23 34 0.011042571
794 272 25 29 0.011039843
184 97 22 28 0.011034053
797 461 39 52 0.011033183
163 372 50 58 0.011026656
620 252 24 30 0.011025409
681 272 24 30 0.011024854
804 100 9 11 0.011021403
243 204 37 46 0.011017271
629 246 32 44 0.011016638
136 233 23 33 0.011011042
965 463 40 48 0.011005142
185 66 19 26 0.011004131
817 181 20 28 0.011003794
942 437 37 46 0.011002919
603 47 83 115 0.011002452
1018 635 6 19 0.011000046
419 260 46 64 0.010999066
0 644 41 102 0.01099524
73 623 72 94 0.010995225
873 546 13 18 0.010989747
1014 322 10 22 0.01098831
449 0 38 29 0.010987544
950 270 68 98 0.01098672
205 499 84 122 0.010985385
77 60 74 106 0.010984764
323 267 86 94 0.010982691
25 195 24 33 0.010978392
359 584 45 62 0.010977878
537 453 22 30 0.0109756645
751 339 45 54 0.010975417
169 89 13 18 0.010975254
745 446 21 23 0.010972677
1006 439 14 17 0.0109722335
131 94 8 10 0.010964692
795 233 25 37 0.010964483
995 551 29 64 0.010962582
33 374 36 55 0.010962133
191 87 19 26 0.01096054
586 600 75 91 0.010960166
131 93 26 29 0.01095936
245 9 133 170 0.010957802
769 676 8 12 0.010954687
330 235 33 44 0.010954331
309 17 24 31 0.010952342
551 353 23 31 0.010949528
270 588 39 55 0.010939888
285 481 32 41 0.010936866
257 209 37 49 0.010935827
843 438 42 48 0.010934384
597 425 32 37 0.010932281
578 219 28 39 0.010931536
823 416 27 38 0.010931006
1002 421 13 19 0.010928995
658 382 69 86 0.010928678
199 51 24 32 0.010926434
43 394 48 61 0.0109253265
977 333 37 52 0.010920761
511 682 130 86 0.010910974
815 459 47 57 0.010906774
395 673 136 95 0.010906451
415 261 35 44 0.0109047275
965 517 21 27 0.010901613
106 702 23 28 0.01089857
521 375 24 30 0.010898498
798 288 51 68 0.010894057
263 17 22 33 0.010892472
70 3 10 19 0.010891685
483 690 25 35 0.010890845
278 223 68 86 0.010887133
1004 352 10 12 0.010886717
904 262 78 103 0.010881017
780 486 16 18 0.01087865
345 24 60 75 0.010874227
199 22 25 33 0.010873673
406 589 40 53 0.010872585
541 448 35 45 0.0108715
198 84 16 21 0.010864533
550 0 34 25 0.010863743
309 98 124 145 0.010861006
888 0 11 9 0.010859576
509 568 51 68 0.010857082
210 21 24 34 0.010856288
159 41 39 51 0.010854691
982 467 29 39 0.010852033
186 101 12 17 0.010849429
142 258 26 32 0.010846688
329 664 32 46 0.010846221
725 603 195 165 0.010841689
700 746 44 22 0.010840565
263 753 35 15 0.010836626
572 219 71 78 0.0108338995
1003 464 21 41 0.010833447
974 8 21 24 0.010831893
35 110 41 52 0.010826258
217 122 14 20 0.01082073
394 34 10 12 0.010819886
0 148 11 19 0.010818901
431 474 65 90 0.010815033
74 0 17 13 0.010814289
329 561 46 64 0.010811885
646 283 45 58 0.0108118225
397 33 9 11 0.010809385
602 149 49 64 0.010808558
824 86 120 150 0.010808555
657 429 40 50 0.010807432
532 163 59 88 0.01080375
828 283 45 58 0.010802528
24 512 35 52 0.0108012175
458 92 45 62 0.010798262
205 7 25 37 0.010796052
1004 150 20 41 0.01079318
28 619 77 98 0.010792817
115 554 41 56 0.010791741
658 548 75 98 0.010789692
358 8 14 19 0.010788412
65 339 51 60 0.010787446
38 64 32 43 0.01078649
756 184 32 43 0.01078573
912 521 47 47 0.010779474
54 119 26 32 0.0107782995
508 17 30 36 0.010777471
412 328 68 90 0.010777064
867 232 51 62 0.010776592
264 58 48 65 0.010774089
70 598 43 53 0.010773605
740 405 13 16 0.0107734455
928 92 73 99 0.01077321
209 84 16 21 0.01076839
302 258 49 63 0.010764786
923 249 25 30 0.010760777
227 16 15 21 0.0107598845
61 39 34 49 0.010759811
81 239 37 45 0.010759183
321 668 44 68 0.010756825
143 30 24 31 0.010756262
704 656 74 94 0.010755463
105 746 11 9 0.010754219
523 345 24 42 0.010753223
1016 169 8 20 0.010751894
74 337 74 87 0.010748013
89 668 43 57 0.01074587
212 87 21 27 0.010745714
163 619 15 18 0.010743504
172 201 38 52 0.010741579
705 162 41 57 0.010738366
863 201 31 37 0.010735635
384 73 16 16 0.0107328715
696 0 39 32 0.010729444
558 511 85 113 0.0107288975
400 36 10 11 0.010728434
927 411 39 48 0.010727828
875 648 41 57 0.010724244
823 537 64 79 0.010722355
119 174 30 35 0.01072114
814 163 24 33 0.010719751
97 25 77 111 0.010718958
4 158 36 48 0.010717769
103 579 35 45 0.010716006
609 41 53 72 0.010715641
766 360 64 80 0.010714137
956 43 65 91 0.010708593
290 465 43 58 0.010703263
970 444 28 32 0.010702818
204 79 15 21 0.0107026985
511 39 46 58 0.010701437
175 279 49 62 0.010698357
353 482 33 42 0.010697504
0 668 23 50 0.010694496
437 210 44 57 0.010694471
154 185 25 38 0.010693254
837 307 82 100 0.010692565
403 262 29 40 0.010691939
73 651 43 57 0.010691927
775 561 48 58 0.010687408
865 580 15 19 0.010686736
126 620 39 52 0.010686618
337 0 19 17 0.010685764
202 190 32 52 0.010684775
812 246 41 49 0.010681362
838 375 70 91 0.010680857
457 2 41 43 0.010675503
555 219 26 31 0.0106736645
136 494 35 46 0.010671622
268 438 86 117 0.010669844
963 502 23 30 0.010667611
129 8 108 139 0.010666152
569 565 44 53 0.010664355
298 663 28 36 0.010664334
752 415 25 25 0.010663935
923 242 64 86 0.010660236
151 703 28 39 0.010658747
651 418 38 47 0.010656506
75 619 34 41 0.01065087
213 172 20 39 0.010648655
466 5 142 168 0.010648236
0 749 30 19 0.010646804
86 41 32 45 0.010645314
163 221 8 10 0.010643031
247 241 37 46 0.010641973
1007 447 17 24 0.01064002
290 28 27 37 0.010639155
811 644 43 54 0.010633052
757 275 36 54 0.010630228
148 611 40 54 0.010629036
437 360 44 55 0.0106289275
836 214 21 24 0.010627078
508 506 41 47 0.010626159
169 30 41 54 0.01062407
340 52 23 29 0.010620375
344 63 23 25 0.010618237
424 191 45 59 0.010616581
946 597 71 98 0.010609942
236 259 41 51 0.010608214
913 68 49 68 0.010605685
1001 632 23 62 0.010605256
1019 644 5 14 0.010602795
549 682 33 45 0.010601075
198 74 16 20 0.010599714
496 318 35 44 0.010599399
798 404 35 47 0.010597795
664 746 51 22 0.010597746
636 285 15 19 0.010595563
94 454 38 48 0.010594179
1017 717 7 17 0.010592461
731 192 37 52 0.010592073
446 125 42 60 0.010591489
73 29 33 48 0.010590394
425 66 29 41 0.010577724
95 314 73 90 0.010575742
1021 5 3 13 0.010575636
353 28 25 37 0.010575355
378 33 52 66 0.010573941
656 482 26 32 0.0105728535
862 430 34 47 0.0105709005
53 465 46 62 0.010570279
31 402 72 95 0.010567666
24 136 18 27 0.010567479
777 203 32 37 0.0105674425
994 367 25 38 0.010566737
188 96 14 19 0.010564922
55 377 74 92 0.010560057
1010 4 9 12 0.010559871
394 63 36 49 0.010558694
570 350 30 42 0.010558167
788 454 33 45 0.010557668
294 10 15 19 0.010555621
858 640 73 97 0.010554599
718 338 43 54 0.010552131
465 0 30 28 0.010549379
937 398 42 52 0.010548634
151 334 66 81 0.010548527
536 304 46 63 0.0105483765
495 244 9 11 0.010548358
739 452 17 24 0.010544917
325 9 14 17 0.010544063
320 357 49 60 0.010543318
650 461 39 44 0.01054072
459 752 35 16 0.010539462
1013 241 11 31 0.010538663
271 4 21 31 0.010534845
624 663 32 34 0.010534533
633 78 79 110 0.010529584
199 75 47 63 0.010529347
656 663 76 98 0.010529335
343 516 50 63 0.010528768
780 174 32 39 0.010523984
250 125 9 13 0.010516907
751 141 41 55 0.010516874
358 643 47 63 0.010516042
634 2 21 22 0.010515169
96 54 32 45 0.0105147995
945 455 25 31 0.010514004
138 21 36 49 0.010513358
10 244 42 53 0.010510989
144 9 23 34 0.010507101
31 488 44 59 0.010507048
704 506 68 90 0.010506998
517 198 39 52 0.01050611
550 468 40 51 0.010505976
88 129 26 34 0.010505395
824 403 42 53 0.0105048325
615 172 118 137 0.010504153
423 0 13 10 0.01050318
777 388 37 47 0.010499832
860 252 66 77 0.010495931
328 0 145 110 0.010495355
371 602 69 92 0.010490588
444 612 44 61 0.010489306
880 562 23 30 0.0104866745
181 74 16 20 0.010483186
0 645 23 51 0.0104773315
611 8 23 25 0.010474726
230 13 26 37 0.010473829
298 414 48 66 0.010471974
269 152 48 62 0.0104715135
758 417 16 18 0.010471177
554 107 131 168 0.010468198
954 0 25 20 0.010462237
912 8 13 15 0.010462098
425 649 46 65 0.0104556605
455 653 62 78 0.010453987
363 548 83 115 0.010451374
962 738 50 30 0.010451243
801 339 45 57 0.0104500195
218 702 14 14 0.010449074
602 553 81 100 0.01044833
466 656 27 37 0.010447852
503 404 23 39 0.010444968
580 355 17 22 0.010444129
897 171 81 96 0.010443209
276 298 24 43 0.010441967
770 345 28 36 0.010440979
411 206 49 63 0.01044088
428 0 33 27 0.010440594
190 652 47 59 0.010439048
383 440 25 37 0.010438184
460 251 31 34 0.010436083
839 691 43 54 0.010435594
255 590 28 39 0.01043502
670 219 27 35 0.010434585
119 653 71 94 0.01043442
910 665 29 35 0.010428468
482 111 44 60 0.010427068
256 713 75 55 0.010426779
547 493 46 56 0.010426558
497 55 50 67 0.010425937
49 108 23 31 0.010424768
332 592 45 61 0.010424025
384 705 86 63 0.010423507
859 565 17 22 0.010423001
704 290 65 86 0.010422771
361 57 41 49 0.01042176
768 613 30 41 0.010421199
809 293 64 83 0.010416781
287 518 68 97 0.010416486
329 591 31 40 0.010413901
610 270 27 33 0.01041265
383 71 26 25 0.010412476
68 752 36 16 0.010411508
539 247 20 28 0.010411202
836 554 69 82 0.010408654
547 344 8 9 0.010406932
174 9 56 68 0.010405682
909 423 39 53 0.010403902
919 624 72 95 0.010401045
491 7 10 9 0.010399526
147 68 17 22 0.010398592
796 302 156 203 0.010396916
84 392 48 58 0.0103959525
299 46 31 42 0.010394761
401 43 16 18 0.010389106
594 430 59 74 0.010388666
577 287 26 37 0.010386805
248 423 83 108 0.010383967
364 25 12 16 0.010382755
489 500 301 268 0.010380246
862 483 35 46 0.01037724
817 359 67 88 0.010376727
620 0 16 9 0.010374282
735 303 48 59 0.010373962
564 464 76 97 0.010368855
918 409 24 31 0.010368305
634 23 49 65 0.010367485
903 260 49 64 0.010367017
983 487 21 28 0.010366739
146 52 39 50 0.010366321
740 264 19 23 0.0103631625
780 25 17 15 0.010362951
204 90 16 20 0.0103626
479 78 75 108 0.010359666
1022 25 2 12 0.010357863
435 644 29 36 0.010357401
135 122 45 64 0.010356871
545 270 27 32 0.0103541445
502 110 42 59 0.010353352
1005 399 9 15 0.010352389
221 124 8 10 0.010347597
764 225 12 22 0.010347367
915 198 46 55 0.010346609
355 0 18 17 0.010346165
13 219 78 108 0.010345753
830 512 46 56 0.010344395
329 0 243 167 0.0103418315
469 76 49 67 0.010341806
656 472 11 14 0.010340956
961 442 25 30 0.010338369
168 61 19 25 0.010338135
335 428 43 60 0.010337373
168 750 30 18 0.010336054
108 656 143 112 0.010333439
798 677 59 75 0.010332965
1022 15 2 11 0.010332074
573 643 67 80 0.01033148
96 221 27 31 0.010329089
37 439 124 169 0.010326801
174 695 26 33 0.010325893
767 120 9 10 0.010325304
960 409 24 34 0.010318518
588 65 52 70 0.010318336
675 0 33 30 0.010315105
252 35 29 39 0.0103149675
994 264 14 19 0.010314645
879 4 48 56 0.010313405
209 95 16 21 0.010313166
403 612 47 63 0.010312777
219 164 32 44 0.010312244
587 409 11 16 0.010308968
965 481 36 48 0.010307948
469 164 39 56 0.010307907
807 576 32 38 0.010302542
855 0 12 9 0.010300968
544 355 14 19 0.0102983825
488 285 31 32 0.0102975415
270 695 41 55 0.010293439
699 370 37 46 0.010290256
300 605 25 35 0.010289452
828 451 46 55 0.010287749
205 34 24 33 0.010287511
365 2 12 15 0.0102850525
137 67 37 49 0.010284082
340 501 14 19 0.010282516
105 589 15 21 0.010282479
513 314 40 54 0.010282072
182 55 43 58 0.01027763
383 27 12 13 0.010277458
753 405 19 23 0.010276306
179 49 19 25 0.010273165
17 501 32 53 0.010272239
345 40 9 11 0.010269186
47 306 53 57 0.010265792
597 344 29 38 0.0102646975
399 189 47 60 0.01026394
584 423 13 17 0.010262942
193 69 15 19 0.010262617
971 518 12 17 0.010261639
540 0 11 12 0.010258345
130 48 30 38 0.010258316
677 689 75 79 0.010257993
0 675 14 35 0.010253404
824 75 52 67 0.010252731
155 294 48 66 0.010252077
238 417 30 28 0.010250666
383 10 42 52 0.010250254
883 563 40 47 0.01024877
923 488 28 30 0.010248752
173 39 66 87 0.010246674
308 51 59 78 0.010246492
203 0 106 128 0.010242224
468 33 53 67 0.010242063
96 403 50 65 0.01023924
603 224 27 31 0.010238459
726 581 71 95 0.010235964
529 339 63 85 0.010232089
312 436 45 65 0.010232029
365 475 47 71 0.0102277575
500 552 48 62 0.010224465
412 310 43 57 0.0102242
322 275 52 65 0.010222895
322 741 47 27 0.010218694
256 115 125 149 0.01021772
288 285 49 63 0.010216935
47 98 40 53 0.010215232
333 39 20 25 0.01021
347 357 44 64 0.010205716
937 428 26 28 0.010199993
150 574 31 39 0.0101990225
132 552 47 61 0.010196419
286 593 31 41 0.010196095
523 407 40 54 0.01019099
973 507 33 44 0.010190582
614 570 37 47 0.010190394
972 47 14 20 0.010185761
208 244 33 39 0.010182948
361 67 8 11 0.010180644
304 702 25 31 0.010178816
185 44 19 25 0.010178408
26 201 15 19 0.010177956
653 641 44 53 0.010174926
837 0 16 14 0.010173165
723 268 24 30 0.01017126
837 450 68 84 0.010170422
1007 0 11 10 0.010169701
281 645 79 105 0.010168107
613 476 44 55 0.0101676155
190 49 20 25 0.010165584
350 260 60 66 0.010164954
0 306 70 190 0.010162789
996 390 15 21 0.010159939
864 550 23 37 0.010159215
1017 649 7 21 0.010153134
635 402 69 87 0.010151545
325 81 10 9 0.010149527
350 26 18 21 0.010148011
837 141 28 37 0.01014751
778 322 14 23 0.010147425
773 675 24 31 0.010146697
49 130 23 32 0.010145911
964 123 46 66 0.010141456
207 66 19 26 0.01013955
723 254 78 101 0.010139507
427 118 14 25 0.010138374
602 752 35 16 0.010138371
433 560 48 66 0.0101332255
132 175 27 29 0.010127782
902 63 76 106 0.010127019
858 225 14 19 0.010124589
791 229 129 169 0.01012416
963 346 48 72 0.010123982
221 411 54 62 0.010123635
715 520 38 51 0.010121956
490 625 46 67 0.010119314
826 692 38 47 0.0101187825
1018 243 6 18 0.010116568
360 114 27 39 0.010113276
31 140 27 33 0.010112828
358 738 50 30 0.010111292
434 604 9 12 0.0101106735
928 191 63 80 0.010108567
701 499 46 61 0.010103223
125 645 37 53 0.010102917
0 178 71 187 0.0101013305
704 614 72 88 0.010101125
536 145 48 67 0.010100846
443 582 49 67 0.010100771
342 653 71 88 0.010098288
284 121 61 78 0.010098198
462 280 32 33 0.010092495
806 556 28 31 0.010091757
312 674 25 33 0.0100894645
776 667 8 12 0.010087329
788 149 33 43 0.010087106
677 574 74 97 0.010080913
396 342 53 65 0.0100737605
482 258 17 23 0.010073089
1019 383 5 12 0.010072424
574 265 23 30 0.010071242
6 143 20 26 0.010069376
625 282 44 58 0.010068876
54 644 74 98 0.010067783
701 555 71 92 0.010067585
310 85 39 53 0.010067078
226 79 41 65 0.010066907
799 649 20 30 0.010064167
77 317 56 61 0.010063839
652 476 16 16 0.010063424
1017 254 7 22 0.010062086
393 144 33 38 0.010060114
780 678 15 19 0.010058605
782 334 18 22 0.010057339
870 136 40 55 0.010056371
332 470 133 174 0.010053625
53 424 75 101 0.010053243
150 658 39 55 0.010051776
977 274 15 21 0.010051445
458 112 68 93 0.010051311
409 69 29 40 0.010040643
579 491 48 62 0.010040384
158 151 41 59 0.010039573
362 80 32 39 0.010037668
128 690 52 64 0.010036714
95 13 27 37 0.010035834
613 423 72 91 0.010034398
335 195 43 57 0.010033168
421 438 53 71 0.010030513
838 347 44 54 0.010024742
99 383 72 91 0.010022743
7 15 18 23 0.0100215785
1016 93 8 22 0.010020489
495 645 79 102 0.010020012
948 76 45 57 0.01001934
268 645 11 14 0.010018845
0 594 13 34 0.0100183515
533 257 31 38 0.010017776
730 272 37 48 0.010016318
322 654 26 36 0.0100161
362 287 59 65 0.010015683
752 415 45 52 0.010015538
816 684 38 45 0.010014713
767 146 33 42 0.010011732
473 446 37 58 0.010011553
137 41 24 33 0.010010416
504 426 37 57 0.010009654
39 0 23 18 0.010008312
213 697 31 31 0.010007708
788 632 31 42 0.010007384
578 620 51 60 0.0100022545
743 452 25 27 0.010000547
455 3 9 11 0.010000321