29_Students_Schoolkids_Students_Schoolkids_29_632
1302
796 261 78 109 0.8806491
533 289 71 96 0.8670316
354 306 59 84 0.8646078
89 294 56 68 0.83802253
274 351 52 84 0.8093014
150 111 24 26 0.11864757
19 634 51 45 0.06647553
181 189 20 34 0.06423217
285 340 67 87 0.05926387
363 256 24 37 0.057867795
90 100 17 21 0.052246183
994 0 12 13 0.046566743
86 124 21 26 0.03758019
154 107 18 21 0.035835844
23 166 18 18 0.035834983
196 161 9 11 0.034925453
640 482 17 24 0.034387417
563 292 75 90 0.034063682
322 337 72 90 0.033872902
3 628 48 51 0.033148643
181 202 21 32 0.03250741
383 304 77 92 0.03232947
191 161 16 22 0.031915624
151 114 16 16 0.03165174
10 97 16 20 0.031610906
646 482 10 12 0.031339422
593 271 77 97 0.030542357
773 282 85 107 0.03005902
490 302 77 95 0.02970688
975 199 49 87 0.0293772
540 312 88 113 0.029050736
489 140 13 16 0.029022235
207 344 73 94 0.028814824
94 125 12 15 0.028571356
283 285 68 96 0.028471591
141 110 37 44 0.028341325
0 0 68 88 0.027627097
76 117 32 42 0.027460657
442 298 35 46 0.027049987
786 302 95 128 0.027031017
23 606 95 73 0.026994461
197 206 11 13 0.026927749
144 113 13 18 0.026885241
90 319 56 73 0.026785085
354 241 71 107 0.026672173
102 277 52 70 0.026456172
30 641 72 38 0.026329584
990 644 34 35 0.026316524
32 167 13 15 0.026173795
7 133 11 16 0.025893368
795 254 50 79 0.025892187
263 443 38 57 0.02576973
714 239 20 25 0.025643462
929 0 95 95 0.025600892
186 162 23 39 0.025389053
984 0 40 49 0.025220057
53 115 21 27 0.025175154
277 393 41 53 0.025156582
947 621 77 58 0.025100319
82 97 25 33 0.025076205
361 289 46 67 0.024927016
182 179 32 43 0.024916857
544 251 79 114 0.02477987
0 596 71 83 0.024757862
63 292 64 79 0.02468672
119 295 63 79 0.02461431
568 277 114 140 0.024485802
23 143 10 16 0.023889612
562 201 9 13 0.02385773
83 124 16 20 0.023745917
645 491 11 14 0.023626491
646 485 11 16 0.023455711
304 319 68 86 0.023431746
101 152 9 10 0.023382844
89 647 53 32 0.023266975
261 335 48 76 0.023246905
94 101 11 15 0.023101958
137 0 129 96 0.023063283
53 0 128 92 0.023058217
162 114 16 18 0.023029763
94 153 9 11 0.02297477
524 326 71 90 0.022962522
0 0 35 47 0.02294814
25 165 12 13 0.022563392
367 245 31 40 0.022492547
85 109 20 31 0.022337332
74 265 83 112 0.022311209
301 371 58 73 0.022092748
330 0 137 105 0.022074228
215 0 133 102 0.021997549
649 481 9 10 0.021971583
143 110 22 24 0.021912292
530 283 47 73 0.021820132
450 0 136 101 0.021779066
53 116 32 38 0.021556953
81 331 75 95 0.021381821
832 0 192 191 0.021245252
919 149 105 172 0.021231119
432 152 11 15 0.021215856
357 264 37 54 0.021078458
0 642 26 37 0.021077825
814 230 68 98 0.021062868
156 116 16 16 0.021036206
340 290 50 75 0.021026177
644 480 27 28 0.021022927
94 319 39 43 0.020971922
839 3 48 67 0.020890271
847 238 115 154 0.020828603
4 306 66 101 0.020825591
157 120 18 21 0.020815603
77 585 60 60 0.020723298
531 0 133 98 0.020615343
491 0 137 128 0.02060382
803 311 64 79 0.020537818
85 100 16 18 0.020443201
368 261 16 24 0.020362644
61 589 104 85 0.020307506
2 344 66 106 0.019922474
718 265 79 102 0.019895885
486 144 12 15 0.019866921
16 121 43 53 0.019825181
1006 661 18 18 0.019785054
241 354 59 83 0.019765895
813 0 127 101 0.01963503
439 277 70 88 0.019614078
145 117 25 29 0.019474652
0 537 97 142 0.019403845
685 92 11 13 0.019400157
985 222 24 31 0.019361597
494 142 9 11 0.019327566
187 0 109 78 0.019313015
25 549 162 130 0.019216467
91 141 17 22 0.01918126
344 246 54 84 0.01917563
33 148 11 13 0.019172378
347 250 38 48 0.019107675
108 0 105 74 0.019087056
441 307 73 91 0.01898054
752 342 85 103 0.01896186
858 535 166 144 0.0189506
494 120 14 17 0.018927624
189 194 22 23 0.018897159
725 30 69 96 0.018888945
0 116 19 30 0.018871693
147 107 17 19 0.018863467
641 480 13 16 0.018835828
313 379 78 95 0.01882318
99 154 10 11 0.01880609
83 626 79 53 0.018793691
25 0 104 78 0.01878103
0 0 139 181 0.018629594
5 264 66 102 0.018620076
22 134 23 28 0.018605692
370 0 143 138 0.018599153
849 582 18 24 0.018515456
302 0 114 83 0.018501269
65 117 31 35 0.018469768
77 343 47 57 0.018442158
254 376 62 85 0.018434899
26 143 7 10 0.018417671
37 167 12 16 0.018374022
206 266 67 95 0.01836766
609 0 132 94 0.018352471
988 176 36 72 0.018336944
0 199 26 37 0.01833003
276 317 45 72 0.018324438
625 187 19 26 0.018292692
32 135 10 11 0.01823842
423 0 113 82 0.01823613
489 146 8 10 0.01822546
973 323 51 106 0.018219272
187 322 110 142 0.018212758
18 647 31 32 0.018189542
294 314 44 66 0.018157236
0 0 22 31 0.018145926
900 595 124 84 0.01805093
500 121 13 15 0.018046832
243 421 75 100 0.018015884
252 0 139 137 0.018008655
283 13 233 323 0.017984122
599 234 77 103 0.017966634
166 117 10 14 0.017952612
636 482 29 34 0.017926104
872 40 152 278 0.017842626
905 246 47 67 0.017757922
233 0 93 66 0.017740887
536 0 25 26 0.017733775
396 343 77 95 0.01762767
1019 0 5 14 0.017627297
154 0 89 61 0.017552573
86 0 69 54 0.017549656
25 0 67 51 0.017521618
399 248 44 46 0.01745139
535 347 115 147 0.017408146
157 107 27 28 0.01736699
939 323 85 159 0.017347647
192 222 11 13 0.017258015
874 225 79 105 0.017200807
565 0 65 53 0.017156707
857 0 111 78 0.017148308
176 161 45 68 0.017146658
282 373 58 79 0.01714619
270 0 95 66 0.017132264
695 0 122 88 0.017126925
350 0 95 66 0.017056432
478 339 79 100 0.017002307
568 0 135 128 0.016993783
510 0 94 64 0.01696573
662 0 66 52 0.016948842
56 649 65 30 0.016944343
247 275 67 97 0.0168996
762 584 142 95 0.016803311
519 187 75 109 0.016712703
100 158 8 11 0.016675396
152 103 15 19 0.016633013
17 141 18 22 0.016595747
772 360 118 150 0.01658183
942 0 64 49 0.01656313
861 163 163 298 0.016555918
705 106 12 15 0.016550945
486 585 140 94 0.016495511
479 185 14 20 0.016482325
350 197 76 108 0.016480517
290 348 42 58 0.01644145
4 227 65 102 0.01640527
0 15 36 87 0.01637978
498 629 55 50 0.016359538
87 587 141 92 0.016345492
112 618 87 61 0.016328782
131 113 55 69 0.01630214
185 196 30 37 0.01629416
765 399 24 32 0.016281968
294 309 13 17 0.016270671
390 0 95 65 0.016264236
680 232 37 45 0.016262766
493 125 12 17 0.016262444
606 285 22 38 0.016247097
346 321 42 59 0.016178293
306 586 123 93 0.016157167
371 261 24 28 0.016145146
623 0 67 52 0.016139463
175 596 117 83 0.016135314
147 117 14 18 0.0161265
92 102 21 27 0.016065381
1022 0 2 10 0.016037395
704 281 113 149 0.016034307
79 122 14 19 0.016018271
144 88 33 43 0.015979374
0 390 64 169 0.015960554
0 378 46 114 0.015953409
704 347 95 117 0.015935058
689 587 146 92 0.015924893
96 156 10 12 0.01591109
438 350 75 95 0.015905235
644 588 125 91 0.015885955
934 237 90 167 0.015864925
324 0 69 56 0.0158535
736 495 243 184 0.015849525
312 183 83 125 0.01581965
181 0 134 165 0.015793832
563 143 8 9 0.015793594
114 18 245 322 0.01579059
362 337 60 77 0.015733233
737 619 78 60 0.015700003
263 632 72 47 0.015690608
931 389 93 176 0.015684796
598 300 38 51 0.015681358
93 279 41 56 0.015678078
56 317 54 67 0.015671035
463 299 54 70 0.015663523
709 212 111 147 0.015654184
624 194 35 50 0.015624432
27 289 64 84 0.015618264
373 239 26 32 0.015559232
874 231 43 63 0.015558488
982 307 42 76 0.015546529
796 618 82 61 0.0155424
555 189 77 106 0.015529865
32 653 41 26 0.0155255515
261 458 23 41 0.015525422
445 247 61 85 0.015508257
1 105 20 29 0.01549484
367 248 18 30 0.015479309
595 342 77 97 0.015457827
373 288 65 82 0.0154569615
0 175 51 97 0.015455642
287 296 13 16 0.015445019
1013 622 11 28 0.01543611
111 318 40 46 0.015411695
930 472 94 168 0.015397339
743 40 41 69 0.015384255
150 0 59 44 0.015333329
490 120 13 16 0.015306157
787 0 103 76 0.015298553
321 624 77 55 0.015298031
0 135 5 13 0.015284554
802 346 68 80 0.015263326
70 122 17 23 0.0152541
977 363 47 100 0.015251541
448 303 44 52 0.015251379
858 253 68 89 0.015242198
190 244 102 147 0.015234164
51 119 15 20 0.015214651
162 623 79 56 0.015206568
84 127 9 13 0.015200755
276 413 77 103 0.015180974
900 0 66 51 0.01517351
791 210 118 154 0.015172385
704 237 31 37 0.015109151
742 0 62 47 0.015107223
800 667 38 12 0.01510358
97 584 76 69 0.015103378
929 37 95 164 0.0150987115
516 376 83 101 0.015082414
61 107 49 61 0.015081127
1001 0 23 39 0.015078095
819 370 40 52 0.01507687
356 344 47 52 0.015069505
222 608 44 58 0.015066684
23 7 252 317 0.015043537
972 487 52 102 0.015043328
154 111 12 12 0.01504298
481 116 19 24 0.015027124
179 156 26 36 0.015024075
485 139 12 16 0.015021092
0 241 41 76 0.015013316
201 204 15 15 0.0150117045
319 309 41 60 0.015001456
271 210 106 156 0.014999636
662 0 106 72 0.014990478
71 0 58 41 0.014988769
94 150 15 17 0.014982473
850 417 49 36 0.014974584
279 317 11 13 0.01491113
355 377 79 98 0.014880252
442 0 71 56 0.014880224
143 94 52 67 0.014874985
335 362 46 60 0.014871263
10 0 56 42 0.01485985
28 167 13 10 0.014822654
555 141 75 102 0.014817346
219 627 73 52 0.014806348
643 476 18 21 0.01479065
6 91 26 30 0.014774867
360 617 82 62 0.014769969
657 488 13 18 0.014768191
246 449 41 54 0.014766805
508 622 92 57 0.014761326
387 339 50 62 0.014738691
956 159 68 110 0.014729384
784 5 129 168 0.014716768
30 17 63 77 0.014715001
612 88 32 35 0.01470608
650 485 8 10 0.014684545
293 299 22 28 0.014681526
160 346 74 94 0.014677969
804 0 63 52 0.014647899
93 106 11 15 0.014627065
976 18 48 94 0.014600418
832 622 76 57 0.01459601
692 85 13 16 0.01459028
0 609 32 66 0.014567646
970 72 54 97 0.014559294
972 247 52 110 0.014533205
418 256 110 137 0.014516572
329 307 119 129 0.014502285
581 167 112 155 0.014497404
0 453 44 119 0.014487371
0 48 23 59 0.014473347
190 169 37 49 0.014466903
689 89 13 15 0.014442664
0 330 40 93 0.014441218
187 218 14 17 0.014435179
41 121 24 36 0.014412211
697 626 77 53 0.014402043
209 207 11 13 0.014395499
643 482 9 9 0.014391677
539 118 108 160 0.014388756
379 249 21 27 0.014378174
561 331 54 67 0.014377556
373 281 42 50 0.014366831
421 296 39 50 0.014345807
626 302 45 57 0.014313041
752 386 85 101 0.014312517
61 168 111 167 0.014297606
183 197 11 23 0.014268318
77 91 17 21 0.01426731
343 365 68 83 0.014242609
97 100 10 11 0.014226146
521 145 71 99 0.0142244585
128 102 39 45 0.014212457
170 172 34 51 0.014211576
553 619 92 60 0.014210277
989 549 35 69 0.014204288
587 326 39 55 0.014203948
431 283 37 52 0.014194365
332 243 42 59 0.014183903
577 587 122 92 0.014155486
86 133 23 35 0.014154433
649 494 8 9 0.014152543
682 388 79 98 0.0141517585
33 222 107 141 0.014143004
26 143 16 19 0.014087189
927 0 54 40 0.014085164
270 427 47 58 0.014077753
1 114 12 16 0.014077295
331 238 12 14 0.014065978
188 0 60 45 0.014052551
148 647 59 32 0.014042287
1000 173 24 49 0.014032846
174 0 49 35 0.0140040405
5 106 76 109 0.013974989
580 653 64 26 0.0139740845
480 0 70 55 0.013964264
828 277 63 79 0.013960134
625 194 21 34 0.013958826
543 277 54 64 0.013949292
741 0 103 70 0.013946144
55 586 55 54 0.01393885
60 118 21 25 0.013912748
0 168 91 159 0.013911125
77 311 44 49 0.013903059
374 319 116 140 0.01387275
216 435 46 54 0.013853538
632 612 81 67 0.01385312
0 117 35 81 0.013844822
0 288 39 95 0.01382822
104 5 119 155 0.013825061
631 320 50 62 0.013821012
1 129 14 23 0.013794864
498 561 74 96 0.013789757
53 261 65 85 0.013752071
434 307 35 45 0.013739921
314 647 53 32 0.013730112
0 234 126 316 0.0137283215
12 97 60 71 0.013723729
728 0 48 40 0.01370378
303 335 42 55 0.013693294
702 36 108 162 0.013677128
215 21 137 186 0.013675537
134 0 49 35 0.013673226
145 118 8 12 0.013661987
449 226 52 72 0.013656699
720 241 13 17 0.013650641
35 169 8 10 0.013650219
492 143 13 16 0.013633065
90 129 13 18 0.013619116
449 234 22 27 0.013615981
650 86 11 16 0.013609787
437 0 248 326 0.013588326
372 583 131 96 0.013587268
319 196 21 25 0.013583717
160 103 15 19 0.013573142
685 0 55 41 0.013535331
991 607 33 64 0.01352124
114 0 49 35 0.013510531
731 643 54 36 0.013490932
38 108 74 96 0.013487656
958 101 66 105 0.013485178
252 647 50 32 0.013472879
599 0 72 69 0.013468985
387 0 59 46 0.013464055
72 525 36 51 0.013461793
734 397 122 153 0.013448161
147 122 58 76 0.013447199
194 168 11 17 0.013433408
996 5 8 10 0.01343317
211 641 54 38 0.013428068
91 117 22 29 0.013423159
92 127 23 32 0.013416361
477 96 9 11 0.01341424
970 401 54 109 0.013404996
637 297 63 82 0.013403363
35 339 83 105 0.013379271
497 125 8 11 0.013373903
772 427 45 73 0.013371382
134 290 43 57 0.013358209
164 270 68 96 0.013358006
123 346 75 93 0.01333489
614 252 110 143 0.013317452
187 0 268 265 0.0133116655
101 160 10 12 0.013303896
440 629 70 50 0.013301173
259 497 85 112 0.013289867
205 384 75 96 0.013284858
428 0 58 44 0.013284391
55 0 47 32 0.013275907
199 160 8 10 0.01326805
161 310 72 94 0.013265528
0 324 24 65 0.013265214
199 250 53 82 0.01325649
495 140 12 14 0.013256288
137 326 42 54 0.013252996
194 176 24 32 0.013249044
267 0 60 46 0.013248834
432 307 54 71 0.013243565
975 570 49 93 0.013241948
618 300 37 48 0.013240282
950 0 45 31 0.01322995
136 566 126 113 0.013223753
903 622 76 57 0.013222792
93 126 9 10 0.013210375
817 321 102 126 0.013198302
545 131 17 23 0.013197635
69 352 63 80 0.013180967
444 12 43 62 0.013174194
475 383 82 101 0.01317399
402 135 18 25 0.013164227
549 353 51 62 0.013160353
0 8 25 62 0.0131562995
594 272 44 58 0.013155053
857 0 68 54 0.013121567
396 620 77 59 0.013119633
0 530 37 86 0.013112532
495 127 8 11 0.01311166
0 262 27 67 0.013108958
651 82 21 28 0.013104326
456 476 13 14 0.013102444
833 371 48 55 0.0131007135
656 7 124 157 0.013094594
969 219 42 54 0.013090801
266 253 19 31 0.0130906375
534 1 40 52 0.013065675
201 113 19 22 0.013052077
0 55 33 83 0.013051121
534 40 125 166 0.013042497
216 109 215 297 0.013041929
65 93 36 44 0.0130279
992 3 9 11 0.013024218
124 260 63 87 0.013012225
884 246 44 67 0.013009978
604 221 23 31 0.013003162
0 11 88 125 0.012986008
358 562 87 110 0.012981896
501 589 47 69 0.012978781
98 126 9 10 0.012976078
642 100 65 90 0.012975406
4 94 40 58 0.012971563
820 295 80 94 0.012970811
331 130 118 176 0.012969278
88 115 14 19 0.012958788
650 490 15 15 0.012957005
62 82 13 16 0.012941905
494 123 9 11 0.0129345
707 645 54 34 0.012929263
227 0 61 46 0.012918504
482 145 18 22 0.012899437
805 395 126 157 0.012892143
944 214 77 100 0.012877702
264 235 68 87 0.012874527
735 11 112 155 0.012862173
499 125 12 16 0.012856316
110 335 53 67 0.012851165
186 175 55 89 0.012850712
357 267 24 35 0.012820467
103 172 70 93 0.012811003
402 382 78 99 0.012807639
139 322 114 145 0.012799496
96 661 35 18 0.012795867
13 151 34 34 0.012794179
293 648 51 31 0.012794078
0 466 61 172 0.012793987
0 129 21 55 0.0127936695
493 325 45 59 0.012774414
147 172 101 161 0.012773417
6 139 9 11 0.012769537
371 641 57 38 0.012765641
349 0 270 195 0.012761745
725 141 65 90 0.012750875
621 192 56 73 0.01275015
697 157 9 12 0.0127426
613 38 127 170 0.012741148
693 220 39 49 0.012717094
516 340 50 60 0.012710672
309 0 58 44 0.012702104
643 489 19 23 0.01270202
24 173 12 14 0.012699092
826 340 51 59 0.012697724
375 169 115 158 0.012688585
170 134 54 75 0.012684439
143 191 212 280 0.012672512
500 123 8 11 0.012672071
636 471 20 30 0.012668178
383 248 14 18 0.012665574
285 250 64 92 0.012662537
374 207 226 260 0.012658048
440 253 42 57 0.012656741
1007 0 17 23 0.012653489
927 642 58 37 0.012652549
428 151 11 14 0.012649197
149 116 8 11 0.01263334
28 134 11 13 0.01263082
651 0 48 35 0.012630123
896 234 44 64 0.012618995
2 58 89 130 0.012616489
509 182 58 77 0.012614925
0 228 27 64 0.012611167
493 437 43 52 0.012606073
640 488 45 56 0.012589447
824 36 114 157 0.012574281
833 0 46 42 0.012571815
89 573 67 57 0.012567663
189 206 18 20 0.012561982
492 140 8 10 0.012559905
287 287 21 26 0.012556958
132 71 56 75 0.01255468
782 451 74 89 0.012553504
126 27 68 99 0.012547239
443 191 65 90 0.012528879
348 642 58 37 0.0125279045
152 119 15 18 0.012524502
103 156 9 11 0.012521659
667 0 261 202 0.01251889
61 310 111 149 0.012517644
591 11 45 64 0.012512152
598 185 226 290 0.012504209
767 117 19 30 0.012503926
154 116 9 10 0.012499544
654 236 40 49 0.012486202
27 567 71 77 0.012483676
985 120 39 70 0.012482562
662 574 44 55 0.012478234
242 463 79 105 0.012469147
914 220 69 88 0.012461185
502 122 9 10 0.012454283
352 0 49 36 0.012451299
257 313 43 61 0.0124506755
658 284 113 150 0.012450262
101 278 113 138 0.01243494
21 154 18 23 0.012424944
664 254 14 17 0.012418703
214 0 49 36 0.012408537
603 130 33 46 0.012402323
46 94 36 50 0.012401747
86 206 68 99 0.012395784
776 297 53 71 0.012395703
333 0 48 36 0.012393584
26 335 62 83 0.012390484
170 546 59 69 0.012387777
6 438 55 78 0.0123856645
686 93 15 18 0.012382217
589 0 48 36 0.01237827
272 134 114 167 0.012376154
1019 1 5 31 0.012361649
590 487 259 192 0.012350611
219 241 72 95 0.012341754
488 148 13 15 0.012338151
63 17 69 82 0.012334238
558 449 85 102 0.01233314
511 0 258 255 0.012331871
1022 0 2 20 0.012330294
596 662 33 17 0.01232923
573 78 119 168 0.012328094
764 467 135 171 0.012325685
4 660 29 19 0.012325036
814 351 41 47 0.012324987
322 163 67 93 0.012323851
855 289 70 93 0.01231685
903 338 61 86 0.012297904
485 129 17 23 0.012288627
0 289 86 197 0.012285917
956 527 68 101 0.012278335
788 641 57 38 0.012271109
764 639 59 40 0.012259872
83 117 14 18 0.012257507
562 143 10 15 0.012250076
202 424 78 99 0.012249968
601 10 233 310 0.01224445
140 115 13 20 0.012235436
989 0 12 11 0.012221881
224 219 102 145 0.012221532
231 244 194 229 0.012220465
435 645 53 34 0.012210545
1017 628 7 24 0.0122102145
790 0 51 41 0.012202085
538 365 73 85 0.0122012
690 94 9 9 0.012182439
252 355 35 56 0.012164541
316 415 81 103 0.012161831
34 129 18 29 0.012161679
257 34 80 115 0.012161458
492 11 46 67 0.012158357
327 13 143 190 0.012152106
545 644 64 35 0.0121446885
480 209 8 13 0.01213533
916 21 90 118 0.0121285
238 611 76 68 0.012123008
861 223 48 53 0.012115268
275 370 33 54 0.01209797
476 152 40 50 0.012093063
200 210 9 10 0.012090416
358 175 20 31 0.012087535
109 126 108 160 0.012083862
466 331 62 81 0.012081912
777 127 116 172 0.012079065
369 252 44 55 0.012076497
652 180 25 30 0.01207238
501 376 65 82 0.012072255
521 206 12 13 0.012064849
368 267 22 30 0.012063619
270 610 106 69 0.012057442
169 116 10 14 0.012050635
434 384 78 98 0.012049488
998 0 10 10 0.012045721
498 460 80 102 0.012044672
413 0 48 35 0.012043715
93 157 10 13 0.012031045
0 551 57 96 0.012027684
360 252 20 29 0.012025509
82 452 74 93 0.012019919
563 282 51 65 0.012018549
820 19 77 116 0.012017871
791 276 38 68 0.012010199
98 101 14 17 0.012006153
234 326 60 86 0.011996134
659 528 48 59 0.011995267
497 129 11 15 0.011979509
487 93 20 25 0.011975926
186 14 44 65 0.011970309
824 639 59 40 0.011962252
85 326 24 34 0.011958332
142 604 51 64 0.011955855
859 173 117 154 0.011951677
909 0 47 33 0.011951076
825 322 199 319 0.01193151
670 221 57 71 0.011926066
766 0 54 38 0.011919852
135 38 123 166 0.011917299
162 662 50 17 0.011915485
0 365 25 64 0.011910041
408 641 55 38 0.011899816
784 13 71 101 0.011894589
828 663 32 16 0.011891187
911 215 45 62 0.011886227
396 236 78 99 0.011878541
270 461 82 105 0.011873715
297 529 77 96 0.0118642915
855 430 35 24 0.011860841
741 293 70 90 0.011860488
612 306 26 36 0.0118579315
787 436 54 66 0.011857021
425 166 68 93 0.011849246
137 125 30 38 0.011846699
406 303 39 51 0.0118461745
76 91 11 16 0.011845849
503 118 13 15 0.011845508
0 79 119 331 0.011845203
861 249 47 64 0.011837508
997 203 27 63 0.011834173
611 0 48 34 0.011819734
561 200 7 11 0.011817478
858 402 51 45 0.011814224
920 330 74 103 0.011810465
186 151 23 29 0.011808448
693 396 116 148 0.011803797
197 173 11 14 0.01180218
794 484 76 93 0.011800714
2 185 34 43 0.011796006
119 309 30 40 0.011793668
75 249 58 80 0.011789465
534 257 49 70 0.0117888
394 318 42 58 0.011788374
371 454 240 225 0.011782278
0 504 23 62 0.011753471
534 171 30 38 0.01175188
190 201 56 99 0.011751233
18 121 108 160 0.011749264
905 269 52 79 0.011740192
556 669 38 10 0.011733453
372 0 49 36 0.011730508
397 275 40 52 0.011730439
594 148 80 107 0.011727594
126 136 64 88 0.01172472
950 12 44 56 0.011721756
492 125 8 10 0.011717432
297 294 41 55 0.011712712
514 643 58 36 0.011712569
164 101 63 86 0.011702162
263 294 111 131 0.011697821
164 107 15 19 0.011695848
151 125 16 20 0.011693471
238 381 45 60 0.011690275
410 285 60 80 0.011680919
37 177 214 285 0.011679222
27 145 7 11 0.011672742
32 141 15 23 0.011664529
482 151 73 100 0.011659598
104 667 41 12 0.011645098
281 337 33 41 0.011641281
77 82 37 52 0.0116339
103 658 56 21 0.011632528
631 237 77 100 0.011621983
764 403 15 26 0.011618255
351 562 47 60 0.011617041
723 237 12 14 0.011615393
153 78 40 53 0.0116047375
420 170 112 153 0.011602744
83 372 66 82 0.011602581
863 0 35 27 0.011600204
508 0 57 42 0.011595238
197 118 33 46 0.0115769785
329 233 18 24 0.011570138
67 474 70 90 0.011569472
447 23 135 176 0.0115647195
472 5 50 63 0.011563715
548 0 58 42 0.011557405
447 410 46 58 0.011556098
264 565 74 87 0.011541151
87 123 14 15 0.011533979
603 335 25 29 0.011531905
61 48 116 152 0.011530701
156 95 22 30 0.011528588
486 118 13 16 0.011520509
987 464 37 73 0.011509904
867 646 49 33 0.011509442
890 0 47 34 0.011508948
10 132 8 12 0.011502329
648 246 49 63 0.011501432
6 124 21 28 0.011500816
510 120 230 291 0.01150009
861 18 99 124 0.011497679
574 357 117 147 0.011494449
848 233 47 62 0.011490106
95 123 8 10 0.011489832
646 479 9 10 0.011486054
1008 167 16 33 0.011473982
184 239 50 83 0.01147337
736 530 79 96 0.01146806
588 193 64 80 0.011467791
463 165 109 156 0.011466511
84 108 14 18 0.01146513
437 231 44 59 0.0114616
495 158 21 28 0.011455755
215 562 118 117 0.011452883
648 506 48 60 0.011450999
65 430 70 89 0.011444922
1007 620 17 47 0.011443512
0 464 25 66 0.011443147
586 103 56 79 0.011442916
628 214 33 45 0.011439973
95 367 45 54 0.011439529
789 326 60 75 0.011437003
0 405 26 65 0.011422973
699 431 70 82 0.011421184
958 445 66 109 0.011420605
186 182 20 30 0.011418657
919 106 72 96 0.011417926
461 281 46 57 0.011417148
1005 11 19 44 0.011415768
921 550 76 102 0.01141425
277 441 23 29 0.011410612
782 266 151 200 0.01139785
277 395 26 36 0.011397276
102 470 76 92 0.01139026
601 624 76 55 0.011390027
325 554 75 91 0.011389493
813 669 40 10 0.011386157
634 345 42 49 0.01138461
423 14 45 60 0.011384477
1003 634 9 12 0.011380213
817 335 48 44 0.011370218
104 11 67 88 0.011367639
861 666 38 13 0.011361997
644 637 58 42 0.011360964
76 105 22 28 0.011350173
226 5 28 38 0.011345817
723 129 25 28 0.01132703
320 256 55 89 0.011326524
660 581 63 79 0.011324697
805 658 51 21 0.0113238245
496 432 72 86 0.011315801
674 461 23 32 0.011310395
376 533 79 103 0.0113068065
317 190 52 73 0.01130496
452 0 49 35 0.011292522
721 95 69 99 0.011289903
625 269 40 50 0.011287207
363 275 26 35 0.0112866815
949 305 25 32 0.011284629
741 14 55 76 0.011278795
463 154 63 83 0.011274766
362 575 48 59 0.011268247
30 468 243 211 0.011267573
632 179 41 54 0.01126516
404 148 68 91 0.011264622
200 195 21 21 0.01126113
1014 0 10 14 0.011253432
540 217 69 99 0.011249176
0 149 4 13 0.01124785
342 462 76 99 0.011242783
541 0 16 17 0.011241104
259 474 20 28 0.011240675
426 607 111 72 0.01123454
948 0 28 22 0.011233977
683 90 9 12 0.011232396
315 351 39 53 0.011228452
94 118 12 17 0.011227321
895 339 48 57 0.011219319
1014 173 10 36 0.011212352
580 328 68 81 0.011210571
192 156 14 16 0.011209586
54 342 52 67 0.011209025
199 164 7 9 0.011208726
0 120 4 11 0.011207693
106 249 56 78 0.011204065
384 219 63 85 0.011201469
503 73 66 94 0.011195395
840 475 71 86 0.011193294
271 283 55 77 0.0111928
92 95 13 16 0.011191813
228 293 62 92 0.0111909
0 136 9 23 0.011190401
21 410 67 95 0.011185511
751 558 50 57 0.01117362
86 147 23 34 0.011173616
694 167 39 56 0.011169888
997 0 21 21 0.01116875
903 292 62 95 0.011167128
858 98 78 106 0.011164568
126 320 37 47 0.0111483745
234 663 43 16 0.011142818
288 394 26 37 0.011139695
156 118 9 10 0.011137334
797 41 80 115 0.011122988
107 41 41 59 0.011120228
337 137 73 95 0.011119587
61 499 132 140 0.011116883
669 546 49 67 0.011115518
299 39 78 109 0.011110622
394 365 46 55 0.01110552
416 316 40 55 0.01110479
932 32 43 63 0.0111046275
141 244 108 150 0.0111043705
809 453 80 91 0.011101307
712 0 47 31 0.01109628
662 290 70 93 0.011095308
433 150 7 11 0.011089068
683 534 14 18 0.011088117
378 35 79 114 0.011087958
27 139 11 13 0.011083892
13 162 23 22 0.011082185
943 327 45 64 0.011081025
693 475 128 164 0.011073236
845 582 31 37 0.011072045
350 354 23 33 0.011070425
98 537 87 93 0.011067301
641 182 14 15 0.011055897
792 522 79 100 0.011054491
880 177 38 48 0.0110532185
84 22 68 98 0.011042723
49 166 15 13 0.011038767
652 5 45 61 0.011036892
668 641 56 38 0.011032375
292 77 130 188 0.01103048
193 16 29 39 0.011026477
974 285 43 46 0.01102501
407 309 142 156 0.011014902
95 150 10 11 0.011012328
12 136 7 10 0.011010462
589 602 47 76 0.011003483
360 265 18 22 0.010997785
604 313 36 55 0.010994877
486 146 8 10 0.010994239
850 662 30 17 0.010991363
100 301 36 46 0.010989166
57 291 36 55 0.010986053
0 170 4 11 0.010981675
118 651 65 28 0.010977326
810 365 35 45 0.010976364
609 661 29 18 0.010974187
820 368 102 125 0.010972407
609 314 61 79 0.0109722335
152 114 9 10 0.010969668
155 122 40 45 0.0109695885
945 314 71 93 0.010969387
674 247 41 52 0.010966628
853 476 124 160 0.010964094
82 490 77 92 0.010959924
504 88 110 160 0.010956443
751 605 46 59 0.010953753
30 269 55 71 0.010949153
904 369 67 89 0.010944775
152 118 9 10 0.010942244
493 415 44 56 0.010941802
345 307 32 48 0.0109416675
302 567 78 93 0.010939164
451 667 39 12 0.010936886
945 616 25 29 0.010929753
226 451 45 54 0.010928075
44 188 73 101 0.0109246345
0 544 22 58 0.010923272
544 177 67 86 0.01091542
7 533 55 70 0.010913347
495 264 140 170 0.010906436
253 0 50 36 0.010898899
162 99 24 28 0.010894384
229 7 37 54 0.010894013
240 59 78 110 0.010889525
658 77 114 163 0.010883735
316 179 36 50 0.010882742
193 186 39 57 0.0108822
530 191 44 57 0.010872873
891 646 48 33 0.010870632
603 458 63 87 0.010866521
197 437 45 51 0.010865423
202 208 9 10 0.010864993
195 554 82 106 0.010856178
533 468 87 99 0.010855798
847 33 47 66 0.010855688
989 220 16 21 0.010855603
82 129 19 27 0.0108519085
455 25 43 60 0.010848829
614 116 116 164 0.010844747
962 648 54 31 0.010843082
138 348 42 52 0.010840841
0 393 146 286 0.010837496
68 538 76 78 0.010837195
231 280 48 64 0.010830833
95 139 21 31 0.010830623
151 510 89 103 0.0108291665
945 24 56 76 0.010816221
233 378 30 40 0.010810861
769 19 226 305 0.01080891
493 483 123 158 0.0107954275
403 7 44 63 0.010792065
66 67 57 78 0.01079023
47 30 60 79 0.010782901
14 92 15 19 0.010781432
541 12 46 65 0.0107763065
922 510 71 96 0.010766209
336 183 10 12 0.010764215
985 0 19 21 0.010763883
0 84 26 69 0.0107633285
523 303 37 60 0.010761214
32 55 38 45 0.0107605085
187 377 66 86 0.010758543
188 176 103 163 0.010753585
290 309 12 16 0.010752141
1013 579 11 39 0.010751233
545 535 179 144 0.010747365
381 253 13 18 0.010743691
147 302 57 77 0.010743407
402 191 68 93 0.010741882
660 79 64 88 0.010741112
684 274 71 97 0.0107403165
599 342 31 42 0.010739186
630 190 13 14 0.01073518
18 619 25 46 0.0107348
98 161 8 10 0.01073479
686 152 60 85 0.010730046
486 193 64 85 0.010724708
860 114 43 61 0.010723585
491 0 49 35 0.010722817
0 128 4 13 0.010721635
126 3 46 64 0.0107182115
84 95 12 16 0.010713903
583 415 71 100 0.010710947
142 64 37 57 0.010710451
293 0 48 35 0.010708443
998 633 20 33 0.010703295
152 20 89 113 0.010703223
505 570 50 61 0.010698576
701 234 74 95 0.010695938
753 546 83 103 0.010694163
21 446 71 96 0.010693389
19 140 12 15 0.010691171
22 536 68 81 0.010678481
390 655 12 17 0.010671607
377 257 17 21 0.010669589
472 0 49 36 0.010663906
352 417 85 105 0.010662727
364 272 16 23 0.010659839
662 256 68 92 0.010659565
331 300 35 56 0.010659002
884 590 75 89 0.010656045
537 4 11 18 0.010655296
42 661 45 18 0.010655119
174 196 21 35 0.010652489
240 365 35 54 0.010650563
900 121 68 96 0.010648541
399 11 71 94 0.010647321
411 389 48 65 0.010636637
398 148 43 57 0.010630934
118 69 88 118 0.010627795
659 215 114 149 0.010615307
812 502 77 96 0.010611317
35 326 46 58 0.010611152
139 660 50 19 0.0106097115
767 472 65 81 0.010607068
20 642 18 27 0.010600784
197 159 15 20 0.010599205
520 195 9 9 0.010592361
922 366 78 103 0.010589326
947 659 53 20 0.010588577
208 478 229 201 0.010586371
994 473 10 12 0.010584717
69 367 100 130 0.010582647
10 131 13 17 0.010576227
218 366 43 59 0.010572431
696 420 52 61 0.010568377
425 329 60 80 0.010566485
620 185 18 24 0.010565723
90 146 12 16 0.010562403
524 14 44 66 0.010555793
830 320 53 59 0.010553711
45 118 17 24 0.010549829
737 76 116 176 0.010544237
6 159 56 79 0.01054356
374 67 129 183 0.010540424
322 513 75 97 0.010537156
43 139 12 17 0.010534426
917 271 71 95 0.010532851
360 487 78 101 0.010532488
8 129 34 41 0.010528567
915 193 43 58 0.010527582
638 126 45 63 0.010527268
220 119 124 182 0.010527088
634 312 10 13 0.010526746
662 153 61 84 0.010525879
624 181 94 127 0.010520368
642 135 64 87 0.010520336
591 106 82 110 0.010514799
137 368 44 55 0.010514064
121 188 69 96 0.010513665
147 376 62 81 0.010507931
205 208 12 15 0.010507268
712 112 46 58 0.010504367
666 418 65 83 0.010503956
262 517 120 149 0.0105039105
892 357 51 68 0.010501945
67 172 72 97 0.010501383
777 261 38 63 0.010497854
323 82 72 97 0.010497433
624 213 62 83 0.010493192
123 127 42 54 0.010490369
902 235 22 33 0.0104898345
383 372 72 86 0.010487731
510 94 13 18 0.010484186
710 109 8 10 0.010482594
67 395 66 84 0.0104820235
849 95 46 66 0.010481505
3 197 39 50 0.010478846
763 397 36 48 0.010477342
441 266 11 18 0.0104723945
372 284 26 32 0.01047053
873 264 42 62 0.010465232
815 78 79 111 0.010459041
477 236 74 101 0.010458908
836 667 34 12 0.010458753
193 160 9 9 0.010457006
648 496 8 10 0.010456199
494 146 8 11 0.010456113
325 197 12 12 0.010449957
761 19 67 94 0.010444278
703 123 111 160 0.010443022
173 140 32 42 0.010438155
784 204 66 102 0.0104365805
6 97 14 16 0.010435323
609 644 54 35 0.0104350345
618 326 109 144 0.010433321
852 581 14 12 0.0104261665
524 210 41 46 0.010421093
743 252 68 96 0.010420445
319 520 162 159 0.010420299
622 266 63 86 0.010419759
73 112 11 20 0.010412906
791 258 33 52 0.010411853
761 506 76 96 0.010411781
1006 190 18 46 0.010409771
0 154 4 13 0.010407882
67 133 58 80 0.010406931
918 259 53 67 0.010401364
530 533 92 103 0.01040116
955 616 26 31 0.0104007935
795 381 40 46 0.01040013
157 170 53 81 0.010399213
442 26 30 40 0.010395909
0 588 22 61 0.010387634
291 296 14 15 0.010386465
604 392 67 90 0.010384045
660 435 118 157 0.010383563
42 81 16 18 0.010378304
388 134 65 87 0.010371844
788 500 14 15 0.010370423
358 153 73 95 0.010369681
37 38 40 50 0.010368246
220 15 81 116 0.010364214
494 398 121 157 0.0103619825
256 355 126 158 0.010359906
29 278 118 156 0.010357937
779 63 75 112 0.010356174
1021 266 3 24 0.010354774
484 188 11 18 0.010353107
638 197 64 78 0.010352207
597 75 65 90 0.01034926
13 137 11 14 0.010345047
929 64 42 63 0.010341891
295 489 77 102 0.010341581
643 332 58 72 0.010336918
462 214 66 92 0.010326567
37 575 48 50 0.010318729
55 23 43 58 0.010318358
641 48 68 94 0.010308227
401 136 12 19 0.010306352
992 584 32 56 0.010300542
177 91 43 56 0.010292581
435 155 10 15 0.010292518
253 376 40 53 0.010287812
142 121 14 19 0.010287135
925 209 47 60 0.010286759
599 191 42 54 0.010284941
195 608 54 62 0.010280687
752 180 110 164 0.010279715
879 480 64 79 0.010276772
771 0 31 29 0.010274556
963 668 40 11 0.010274376
839 124 72 97 0.010273992
225 606 35 36 0.01027363
97 220 111 146 0.010271072
913 165 44 62 0.010270812
418 44 74 107 0.01026615
176 115 42 56 0.010266123
469 644 54 35 0.010266009
287 217 66 90 0.01025467
741 434 66 84 0.010251646
984 161 40 47 0.010248001
662 252 23 25 0.010246959
473 89 34 47 0.010245451
507 243 68 97 0.010244617
409 136 14 19 0.0102434205
873 0 20 14 0.010242609
495 652 48 27 0.010242014
945 560 49 62 0.0102417255
570 667 35 12 0.010241289
150 601 60 44 0.010232865
331 342 36 47 0.010232644
417 277 40 54 0.010229332
133 542 92 99 0.010225894
0 106 4 10 0.010224983
461 525 122 154 0.010222181
946 589 47 66 0.010216355
528 162 46 61 0.010215725
31 151 16 20 0.010215694
231 121 35 48 0.010215103
436 208 46 60 0.010204856
110 282 31 40 0.010204096
11 135 17 22 0.010200588
121 663 32 16 0.010189726
872 299 82 106 0.010184738
277 82 75 100 0.010183663
715 402 11 12 0.010182189
782 371 66 83 0.010181833
7 182 13 14 0.010174149
631 185 21 24 0.010169172
973 0 20 15 0.010168449
557 201 11 15 0.01016776
881 435 63 83 0.010163388
474 110 20 28 0.010162945
716 549 78 96 0.010159677
161 118 9 10 0.010154748
836 225 50 53 0.010153162
104 430 72 92 0.010152521
390 246 11 18 0.0101496205
209 64 69 102 0.010148353
57 140 20 27 0.010141509
850 347 46 55 0.010125317
862 578 45 54 0.010118943
651 91 48 63 0.010115993
492 390 45 58 0.010111969
466 72 65 92 0.010109476
7 123 12 17 0.010109074
86 129 9 15 0.010107916
588 12 33 43 0.010106578
921 150 66 93 0.01010369
937 609 53 69 0.010086323
383 170 69 95 0.010085955
514 599 55 61 0.010085554
569 307 45 66 0.010084568
839 68 71 98 0.010079757
796 414 74 89 0.010073414
362 222 37 51 0.01007006
368 194 39 55 0.0100677125
100 169 8 11 0.010066194
0 559 28 75 0.01006513
714 160 50 65 0.01006373
640 602 14 16 0.010062131
613 141 21 31 0.010060401
472 364 52 68 0.010058281
68 574 50 53 0.010055619
434 392 48 64 0.010054837
626 139 174 224 0.010049121
522 210 30 31 0.010046884
0 167 38 46 0.010041353
282 417 43 52 0.010038249
894 0 17 15 0.010026482
964 296 45 55 0.010017071
0 115 4 12 0.010015048
30 170 9 10 0.010012526
571 363 47 57 0.010011394
680 93 13 16 0.010007258
576 125 50 64 0.010006673
46 62 38 50 0.010003854