29_Students_Schoolkids_Students_Schoolkids_29_436
553
326 169 167 168 0.83349705
737 10 49 62 0.044127904
22 509 191 204 0.042252135
859 0 165 205 0.0402554
336 233 150 182 0.03631268
773 206 14 18 0.036089018
943 649 81 64 0.033412643
1 0 67 42 0.033337943
833 471 15 12 0.03164121
856 493 168 220 0.031495336
0 0 138 187 0.031141821
758 656 37 39 0.03028512
929 0 95 99 0.030044675
0 534 114 179 0.029814769
310 71 158 227 0.02957506
20 371 13 16 0.02949795
35 311 13 16 0.029395418
294 204 140 139 0.029320199
676 187 24 31 0.029005656
0 0 72 92 0.028336672
0 612 71 101 0.027604843
330 149 240 260 0.026439456
702 0 262 190 0.026432134
29 386 14 16 0.026330803
777 0 51 44 0.026262514
378 218 116 139 0.026205728
21 447 153 197 0.026019668
536 0 261 203 0.025589308
0 643 46 70 0.024921322
375 111 126 171 0.024899557
42 477 310 236 0.024815008
843 265 17 20 0.024557136
858 43 166 395 0.024475615
146 168 54 70 0.024451163
686 485 290 228 0.024335328
29 144 14 17 0.024085782
477 0 130 106 0.023843788
871 645 15 17 0.02380889
284 0 257 204 0.02380066
705 593 145 120 0.02353342
992 0 32 95 0.023392618
647 0 209 152 0.02301031
487 0 208 156 0.022693882
918 264 106 210 0.022606412
224 0 136 105 0.022576924
737 0 173 125 0.022337817
176 484 293 229 0.0220768
762 659 24 22 0.021998106
827 196 14 16 0.021727923
314 0 129 100 0.021712804
861 218 163 383 0.021552127
890 621 134 92 0.02134573
337 612 145 101 0.021186657
733 0 104 77 0.021158915
95 0 135 100 0.02111519
502 604 152 109 0.021059802
18 169 39 48 0.02091179
359 493 275 220 0.020899875
927 76 97 182 0.020817269
439 619 140 94 0.020745108
810 0 125 98 0.020688005
120 0 264 187 0.020676523
0 157 75 184 0.020505095
395 179 135 142 0.02040074
922 151 102 210 0.020357607
389 0 135 98 0.020205962
29 0 253 196 0.020193018
447 0 113 85 0.020149363
721 360 15 19 0.020084102
676 242 15 18 0.020046027
538 489 287 224 0.01994832
795 233 40 86 0.01983163
0 27 79 189 0.019761331
688 501 12 20 0.01967719
773 0 113 82 0.019659929
178 600 148 113 0.019651737
745 665 53 48 0.019580865
168 137 177 212 0.01956818
636 0 142 102 0.019535085
864 64 108 136 0.01953115
801 350 17 22 0.019463437
0 63 134 350 0.01928761
639 599 159 114 0.019227462
748 0 61 56 0.019222112
530 0 96 75 0.019134726
880 516 87 122 0.019134717
263 600 160 113 0.019052135
784 358 13 16 0.018875252
743 252 20 26 0.018847553
690 172 19 19 0.018751843
0 451 80 188 0.018701604
0 368 74 195 0.018631097
161 243 13 17 0.01856638
273 0 117 85 0.018519113
354 213 100 120 0.018459337
384 0 216 151 0.018439224
196 0 117 83 0.018435584
561 0 118 88 0.018426761
20 0 115 79 0.018420048
282 211 252 301 0.018357772
408 648 97 65 0.018315896
362 0 94 70 0.018311974
926 342 98 209 0.018212063
757 178 20 25 0.018189121
791 601 156 112 0.018038223
319 641 115 72 0.017984599
239 297 182 215 0.017968057
0 222 49 132 0.017953733
20 607 140 106 0.017919315
771 158 16 20 0.017903235
784 69 21 26 0.017868938
184 129 23 25 0.017866388
305 545 195 168 0.017865002
77 596 169 117 0.01762673
238 193 156 174 0.017553808
362 262 57 74 0.017531551
0 230 72 185 0.017509004
875 288 39 53 0.017490195
985 671 39 42 0.017467303
0 249 135 370 0.017314987
712 653 14 17 0.017271012
859 0 99 74 0.017264873
709 153 16 18 0.017231602
224 0 214 160 0.01721151
871 75 14 16 0.017197397
713 285 18 22 0.017169962
858 159 17 21 0.017166521
162 642 106 71 0.01713289
706 373 16 16 0.017127328
60 270 16 16 0.016993044
470 529 231 184 0.016967744
34 363 12 17 0.016877858
146 0 118 78 0.016865186
842 1 135 128 0.016823366
34 535 117 135 0.016803509
235 638 114 75 0.016728893
35 0 52 38 0.016723858
29 289 245 347 0.016656823
272 341 260 331 0.01663332
761 241 73 108 0.01658531
77 0 98 64 0.016559834
950 0 18 17 0.01655951
770 634 111 79 0.016531685
152 194 213 259 0.016492415
566 643 107 70 0.016462455
725 320 23 28 0.016391998
762 141 14 16 0.016359236
0 18 52 121 0.016349327
715 237 128 167 0.016346777
863 642 107 71 0.016327707
613 645 105 68 0.016248208
504 134 160 210 0.016208109
867 193 19 25 0.01617832
0 145 50 127 0.016135672
390 282 123 152 0.015977373
1003 0 21 32 0.015977217
312 158 110 144 0.015892928
123 269 253 319 0.015815103
24 390 18 23 0.015635839
891 204 18 24 0.015611566
240 83 17 18 0.015591686
428 268 149 190 0.015561987
779 128 18 25 0.015561274
23 330 136 221 0.015448161
341 325 139 180 0.0153843025
763 323 261 376 0.015382574
130 0 148 142 0.015359644
0 479 48 129 0.015359055
930 540 94 173 0.015333152
68 371 169 214 0.015277496
285 253 110 126 0.015270714
847 538 109 132 0.015220872
203 207 14 15 0.0152190905
250 123 144 183 0.0152029265
68 9 127 150 0.0152022345
808 465 155 195 0.015164231
935 450 89 187 0.015162616
452 75 252 325 0.015107192
589 0 153 146 0.014988029
705 265 50 59 0.01498456
454 157 151 186 0.01498432
361 236 263 319 0.014972915
24 373 10 11 0.014927251
572 373 15 16 0.014924608
0 394 44 127 0.014905119
120 0 81 57 0.014884619
888 2 21 27 0.014827006
613 0 102 71 0.014822489
110 643 111 70 0.014822037
743 653 15 16 0.014696699
212 368 221 271 0.01468836
97 439 186 204 0.014606406
510 51 160 211 0.01452157
0 337 56 155 0.014496336
3 164 39 48 0.01449213
0 557 46 125 0.01429719
533 163 262 332 0.014273261
673 180 36 47 0.014195024
848 95 138 186 0.014190071
775 208 9 11 0.014144639
0 0 9 12 0.014138676
670 296 165 215 0.014138265
0 0 31 37 0.0141305085
749 5 32 44 0.014128035
765 331 23 26 0.014118451
143 108 79 126 0.014108464
724 296 14 16 0.014105843
609 2 269 320 0.014087695
808 645 44 53 0.014079079
468 231 147 192 0.014071312
444 260 103 126 0.014066543
556 147 12 15 0.014059914
998 566 26 61 0.014036128
325 301 102 123 0.014029029
989 113 35 92 0.01400779
969 118 55 138 0.013991033
91 41 140 184 0.013939757
131 180 14 15 0.0139311
67 520 124 124 0.013909476
706 283 32 42 0.0138673335
932 316 15 21 0.013818
0 676 26 37 0.013745214
346 0 68 59 0.013714263
604 227 284 365 0.013711168
699 58 281 378 0.01366783
549 313 151 206 0.013661567
700 6 114 118 0.013660957
16 174 28 32 0.013645387
44 657 114 56 0.013565761
905 0 93 70 0.013535583
1012 0 12 21 0.013511047
845 183 20 26 0.013510137
529 316 283 357 0.013496636
835 469 11 10 0.0134846475
862 0 19 11 0.013472431
872 415 140 200 0.013452551
384 586 143 127 0.013450889
707 235 95 110 0.013450761
747 271 147 200 0.013442791
575 0 18 13 0.013436679
823 321 12 15 0.0134361405
617 91 16 19 0.013429032
505 266 155 214 0.013294903
269 52 150 208 0.0132733025
0 305 46 127 0.013243456
866 351 20 27 0.013219179
943 300 23 31 0.013209825
410 380 181 228 0.013202079
717 289 20 25 0.013153172
734 121 10 12 0.013141164
657 142 21 23 0.01313959
442 106 98 137 0.01308437
395 72 106 144 0.013083393
862 238 20 21 0.013079178
810 647 27 34 0.013075943
39 63 247 334 0.013034654
329 114 105 137 0.013019917
157 189 37 46 0.012969939
182 318 158 192 0.012924096
778 0 19 15 0.012917552
6 0 19 17 0.012915781
15 103 14 15 0.012909135
850 193 143 195 0.012906154
0 682 63 31 0.012905728
6 157 61 80 0.012878347
767 207 19 23 0.012869406
572 163 14 16 0.012865288
584 0 73 59 0.012849475
1011 689 13 24 0.012825851
589 275 155 210 0.0128062805
614 348 40 47 0.012801224
675 35 145 175 0.012784907
64 312 16 16 0.012757171
721 9 13 15 0.012692282
175 0 22 13 0.012686247
541 437 153 198 0.012667396
735 12 33 46 0.012650298
29 351 21 28 0.0126306005
89 663 100 50 0.012608672
601 280 51 61 0.012607925
1022 0 2 14 0.012537756
845 265 152 207 0.012536949
765 224 56 74 0.012526487
383 527 104 133 0.012522189
42 0 76 50 0.012513265
711 35 14 15 0.012504472
58 292 15 16 0.01248384
627 41 134 155 0.012452745
109 205 17 25 0.012425463
0 146 200 369 0.012424958
201 663 96 50 0.012392839
699 335 21 27 0.0123867905
272 99 83 137 0.012370799
261 411 114 120 0.012368709
618 4 34 35 0.012363244
82 143 15 14 0.012350577
929 664 67 49 0.01234792
971 281 53 129 0.01232338
828 0 80 68 0.012304545
706 431 167 221 0.012296045
282 484 64 70 0.012280589
933 20 21 25 0.012257918
591 304 18 26 0.012238388
714 286 13 14 0.01223359
790 2 27 36 0.012210575
115 538 99 125 0.012182616
575 43 162 214 0.012176519
5 660 86 53 0.012175188
269 355 112 133 0.012170797
550 97 151 205 0.012137814
547 173 155 209 0.01213054
14 73 132 177 0.012102073
997 271 19 27 0.012091703
846 0 18 11 0.012057856
56 287 140 200 0.012054082
0 265 109 199 0.012023416
744 12 16 19 0.012019707
652 138 181 233 0.012016041
733 654 21 20 0.0120155625
507 354 150 199 0.012010864
584 138 158 203 0.011977552
138 496 96 127 0.011953902
873 0 37 40 0.0119518405
481 25 139 191 0.011933204
344 460 142 185 0.011933192
9 271 20 27 0.011903888
761 495 154 180 0.011903256
580 472 159 203 0.01190032
718 672 66 41 0.011898497
761 186 110 152 0.011892235
628 160 16 17 0.011858473
126 544 156 169 0.011850764
693 504 7 12 0.011837443
643 84 19 17 0.01182828
432 493 141 181 0.011815824
846 290 20 26 0.011803645
32 146 9 11 0.01180191
679 175 28 34 0.0118013
15 157 121 161 0.011784427
250 188 97 124 0.0117647555
386 370 135 181 0.0117441295
523 555 111 123 0.011718834
113 321 102 124 0.011709223
811 535 103 118 0.011705508
70 188 18 28 0.011702521
957 0 37 29 0.011690932
66 387 99 128 0.011680618
983 50 22 33 0.011675725
291 370 144 174 0.011674461
370 0 53 44 0.011667822
958 0 21 15 0.011641489
0 32 33 76 0.01163492
642 228 155 193 0.011625362
476 447 144 187 0.011608623
1004 14 20 66 0.011593076
791 304 157 206 0.011583831
203 556 94 127 0.011582362
34 370 11 14 0.011565213
775 95 20 28 0.011560509
524 473 100 112 0.011548181
913 0 18 18 0.011481329
989 0 35 44 0.011470409
881 568 99 129 0.011466995
54 102 149 187 0.011456436
27 500 97 114 0.011452153
1012 638 12 17 0.011446451
0 198 11 20 0.011439277
626 345 157 209 0.01143926
789 258 64 119 0.011438239
965 0 59 63 0.011421609
713 66 138 191 0.011381237
589 380 150 204 0.011374837
763 667 24 27 0.011358088
939 0 21 14 0.011353753
689 137 12 15 0.011344086
776 669 65 44 0.011343224
764 63 140 187 0.011341982
742 339 166 218 0.011320831
785 72 15 17 0.0113074975
145 282 154 195 0.011306547
670 383 162 214 0.011297848
694 635 105 78 0.0112874145
45 5 112 112 0.011285481
836 171 13 16 0.011274616
37 316 9 11 0.011262395
960 28 64 156 0.011259846
0 0 20 23 0.0112282755
502 0 75 63 0.011223312
23 398 15 17 0.011221313
696 292 112 140 0.011219653
493 221 97 129 0.011215261
7 0 35 26 0.011212412
229 0 20 13 0.011210198
70 183 16 18 0.011192853
581 242 18 26 0.011190998
274 308 107 129 0.011166929
797 0 59 47 0.011163217
17 373 11 12 0.01114836
742 603 79 98 0.011121727
16 685 93 28 0.011114101
746 263 13 16 0.011114046
584 75 14 18 0.011096467
688 263 85 118 0.011092398
736 217 80 101 0.011088079
229 188 26 29 0.011078014
865 228 26 29 0.011070931
671 170 61 80 0.011069251
132 678 64 35 0.011065702
37 356 93 136 0.011050635
695 0 88 70 0.011037023
231 307 111 139 0.01103421
771 126 11 13 0.011033749
698 62 21 28 0.011030612
730 332 114 147 0.01102951
143 664 93 49 0.011022729
555 11 93 123 0.011017445
196 677 67 36 0.011005137
365 357 94 119 0.010992939
834 90 96 119 0.010990972
871 273 70 82 0.010984004
946 42 15 20 0.010966045
595 279 77 94 0.010960664
545 218 32 31 0.010947876
624 430 88 128 0.010939917
936 1 35 24 0.010922263
225 59 89 133 0.010915247
528 648 99 65 0.010911013
358 564 112 128 0.010910045
898 31 10 11 0.010907982
699 110 18 29 0.0109020285
872 670 13 16 0.010876335
86 689 81 24 0.010868792
641 53 81 109 0.010868281
956 0 14 11 0.010866485
846 462 102 136 0.010866357
761 15 21 30 0.010857563
56 187 210 286 0.010856133
703 228 17 22 0.0108206505
530 217 104 135 0.010818919
905 477 83 138 0.01081865
690 507 8 13 0.01080355
731 652 14 17 0.010803112
891 106 74 86 0.010802106
831 472 20 20 0.010791735
101 276 15 18 0.010785161
84 98 82 115 0.01078256
768 197 19 24 0.010780368
53 0 50 33 0.0107557075
830 629 88 84 0.010751907
709 654 20 24 0.010751097
665 0 78 58 0.010736794
111 180 14 16 0.010729783
774 212 11 16 0.010728171
941 21 14 16 0.010722134
1022 631 2 28 0.010722064
809 172 17 23 0.010717686
759 441 96 112 0.010704128
736 121 190 250 0.0106962565
830 198 9 11 0.0106959585
687 501 134 180 0.010678379
764 642 39 44 0.010677093
835 349 153 223 0.010672553
90 176 18 22 0.0106714675
56 279 20 29 0.010663992
798 0 15 18 0.010662207
105 391 112 142 0.010657414
201 0 15 12 0.010641899
1002 650 22 63 0.010613715
595 332 96 130 0.010613327
134 361 99 126 0.010598677
970 0 20 18 0.010585424
861 245 19 24 0.010568907
7 175 23 33 0.010568268
1010 580 14 48 0.010567724
304 564 102 125 0.010537214
955 314 69 141 0.0105305705
391 264 73 80 0.01052147
172 397 166 191 0.01051877
682 216 12 12 0.010509108
652 0 21 13 0.010506304
0 206 15 33 0.0104979575
246 0 90 69 0.010492332
690 0 18 14 0.010481389
837 259 25 32 0.01047809
16 443 100 142 0.010461615
161 558 96 123 0.010456037
749 542 101 122 0.010450549
219 499 138 169 0.010449395
147 0 59 37 0.010446846
594 303 14 16 0.010446465
870 6 50 73 0.010434922
988 531 36 102 0.010431495
547 525 100 119 0.010424852
947 0 14 11 0.01042119
698 172 12 16 0.0104111405
992 0 22 25 0.010403921
406 352 94 122 0.010391376
763 684 40 29 0.010389069
631 423 154 208 0.0103887115
765 292 15 18 0.010381669
411 240 74 85 0.010375522
806 236 140 192 0.010375402
984 219 15 16 0.010373758
9 0 13 11 0.010361926
691 504 12 20 0.010361092
453 157 79 109 0.01034934
13 280 15 16 0.01033545
255 164 18 23 0.010332666
49 431 104 144 0.010326955
22 338 31 42 0.010319382
827 469 17 12 0.010306696
608 388 85 128 0.010304231
585 251 75 91 0.010286517
16 26 88 114 0.010286142
18 239 115 165 0.010261152
854 593 83 102 0.010258315
811 160 133 179 0.01025776
320 356 99 123 0.01023637
884 570 65 82 0.010234452
182 462 94 123 0.010233337
44 87 87 117 0.010227575
137 380 136 166 0.010211261
792 271 39 78 0.01019647
442 0 76 59 0.010192031
862 551 71 86 0.010188209
108 243 22 29 0.01018041
40 313 9 11 0.010176842
480 325 133 172 0.010171081
892 0 19 20 0.010168189
716 650 12 15 0.01016426
214 0 17 11 0.010162129
0 180 15 34 0.010161595
36 367 9 11 0.010156932
770 660 25 24 0.010150851
619 349 57 63 0.01014872
941 179 18 21 0.010129657
30 0 35 30 0.010119106
572 319 19 18 0.0101057235
266 454 130 154 0.010103617
667 224 103 125 0.010090195
739 26 55 80 0.0100802565
653 0 40 30 0.010077638
653 338 13 16 0.010050928
82 294 92 121 0.010045258
735 499 97 125 0.010042732
492 143 92 128 0.010036172
488 545 106 116 0.010032703
828 32 93 135 0.010031839
237 265 103 129 0.0100245
548 79 94 126 0.010016705
0 200 43 99 0.01000908
235 678 67 35 0.010008142
259 36 96 135 0.01000052