21_Festival_Festival_21_830
1191
455 153 330 487 0.8830945
0 500 59 73 0.61018497
822 512 56 80 0.4935682
921 504 47 76 0.40022194
96 532 16 23 0.16529691
0 419 17 56 0.13180697
916 502 86 115 0.119527034
183 499 23 28 0.11394875
120 558 24 40 0.098831296
973 468 15 18 0.087016195
167 534 28 34 0.086343534
176 498 38 52 0.083275795
924 521 29 52 0.08299788
168 135 83 137 0.07876151
910 519 48 88 0.070442885
168 518 38 53 0.07039734
935 503 59 70 0.06852721
165 537 19 25 0.065982915
914 539 75 114 0.06390949
0 410 40 74 0.061226197
725 0 105 83 0.0604535
921 491 35 63 0.057783086
101 505 16 19 0.055000808
595 206 368 486 0.05448614
0 524 51 79 0.053192265
95 534 23 35 0.053128615
198 531 17 21 0.05269376
59 309 38 48 0.05152369
57 311 55 74 0.051401682
1004 1002 20 98 0.049960673
187 133 58 85 0.04911563
124 528 17 23 0.049078785
715 731 115 179 0.048800234
977 503 47 67 0.04761835
778 498 89 115 0.0466252
67 702 307 366 0.046160202
23 517 45 57 0.044485353
901 476 16 19 0.043983974
125 551 18 26 0.043945707
0 433 52 88 0.04380078
857 433 167 293 0.043714162
411 298 390 544 0.043437548
163 491 66 90 0.043026514
833 504 39 58 0.041953385
771 0 253 270 0.041804183
955 512 69 95 0.041447874
0 0 201 281 0.04110074
100 491 28 37 0.039955355
122 531 25 33 0.03956621
738 0 34 22 0.039320547
96 550 17 28 0.039272193
238 109 407 508 0.039047558
396 0 395 344 0.03897845
185 516 35 48 0.03886086
0 430 25 62 0.038660783
719 411 237 315 0.038425446
102 535 13 16 0.03835332
942 480 69 78 0.038227975
932 529 57 73 0.038163997
186 505 24 34 0.03815164
854 496 66 89 0.03806969
766 808 258 299 0.03726224
838 495 56 80 0.037058618
155 513 16 21 0.036764733
190 495 27 29 0.03670108
930 517 35 45 0.036523283
223 484 17 24 0.036442343
0 808 201 299 0.036163732
768 0 70 58 0.035907462
842 532 53 74 0.035905622
66 340 57 78 0.03568751
905 481 31 46 0.035454266
0 0 134 182 0.035105806
377 783 428 324 0.034864906
928 556 96 151 0.03472473
900 477 26 33 0.034608115
937 525 41 51 0.03443128
682 0 122 105 0.03433038
962 965 62 142 0.03399807
92 534 13 17 0.033980835
770 457 42 59 0.033881314
121 760 438 347 0.033485565
756 0 117 96 0.03306179
802 924 87 72 0.032594375
0 402 25 62 0.03255734
94 520 21 29 0.03235547
0 42 290 477 0.03231599
171 0 387 270 0.03195722
967 469 23 28 0.031670492
893 504 47 68 0.031493235
107 527 25 30 0.03105107
18 487 43 66 0.03069395
120 557 41 55 0.030675586
268 221 21 23 0.029930403
957 529 46 48 0.029670628
150 516 18 23 0.029659336
779 106 245 500 0.029459832
98 528 12 20 0.029343527
810 535 62 82 0.029288381
944 487 41 51 0.02894545
501 612 388 470 0.028944455
377 150 311 360 0.028925996
16 539 47 62 0.02877715
126 510 15 18 0.028386435
852 532 172 324 0.028381672
82 518 15 18 0.028162304
104 544 39 53 0.027929867
128 531 12 15 0.027870862
0 474 42 83 0.027678758
309 0 328 219 0.027625447
85 527 25 32 0.0275475
40 364 31 43 0.027540693
0 575 62 110 0.027306093
1000 970 24 95 0.027281145
173 526 23 32 0.027267529
76 0 318 231 0.027231636
153 123 132 207 0.027024366
549 0 321 234 0.026984494
715 552 236 312 0.026938036
569 128 225 355 0.026749976
763 861 112 132 0.026680565
0 491 32 49 0.026680447
459 0 270 178 0.026550654
0 291 128 333 0.026457675
976 465 12 14 0.026433464
124 515 22 33 0.026244588
734 464 95 146 0.026158752
827 180 24 28 0.026106447
116 527 38 50 0.02599409
100 508 20 28 0.02594106
710 0 260 171 0.025914207
102 538 30 39 0.02581309
662 433 125 207 0.02561739
0 63 153 372 0.025537001
926 478 51 71 0.025522523
158 510 13 14 0.025357926
66 496 52 72 0.025346728
649 63 323 424 0.025237238
75 607 26 48 0.025209755
909 0 115 156 0.025194693
178 509 24 33 0.025186887
169 530 17 24 0.02513017
187 496 16 21 0.024940744
227 0 264 171 0.024842532
192 492 50 62 0.024802852
580 527 257 341 0.024569303
271 627 429 480 0.02435308
45 325 87 121 0.024304345
127 557 28 36 0.024212133
94 539 15 21 0.02397297
0 469 190 511 0.023953212
163 539 14 16 0.02392285
0 380 61 112 0.02380634
195 127 45 55 0.023803161
1009 1055 15 52 0.0237524
735 0 62 47 0.023637148
41 176 359 502 0.023573428
918 487 27 36 0.023464588
35 534 38 51 0.0233058
990 1035 34 72 0.02330473
814 631 210 416 0.023257783
894 491 38 57 0.0231539
4 418 87 147 0.023042295
847 518 36 46 0.023025325
914 219 110 259 0.022996634
904 472 15 17 0.022984922
99 559 17 24 0.02280225
975 576 49 99 0.022692725
999 488 25 70 0.022657918
793 0 78 64 0.022653501
123 526 394 480 0.022629434
0 430 11 34 0.022615427
856 204 21 34 0.022550408
0 415 119 332 0.022381235
30 569 286 408 0.022364492
934 493 33 47 0.022339944
160 533 19 26 0.02229883
786 0 39 45 0.022291586
713 800 128 169 0.02222683
657 480 357 469 0.022172052
930 497 17 28 0.02214638
1005 463 19 34 0.022022694
885 560 96 132 0.021968372
0 532 32 55 0.021924464
89 548 30 43 0.021773119
0 929 103 178 0.021748211
2 506 87 135 0.021729339
98 517 45 52 0.02167523
619 0 132 109 0.0214646
121 512 18 25 0.021428788
192 481 31 37 0.021348182
153 517 26 35 0.021223307
899 546 60 98 0.021202723
746 511 62 98 0.02105772
105 500 19 22 0.020951208
48 365 365 511 0.020886954
99 565 11 12 0.020833274
766 532 82 103 0.020791681
0 670 136 336 0.02077906
517 443 254 265 0.02073956
871 441 11 13 0.020648152
785 547 92 114 0.020617286
756 582 66 79 0.020616991
921 487 19 22 0.020594105
129 536 13 16 0.020526811
33 547 45 61 0.020465383
106 511 24 33 0.020442791
930 554 41 64 0.020414641
633 311 216 307 0.020388305
932 542 23 36 0.020375447
915 508 30 51 0.020372177
810 487 60 84 0.020285482
0 547 124 335 0.020249166
280 420 418 521 0.020236166
86 523 16 20 0.020213932
177 528 14 16 0.020152336
689 654 271 347 0.020026842
149 535 42 53 0.019625142
898 450 53 73 0.019595072
844 450 20 25 0.019593067
80 533 32 43 0.019590368
143 520 20 25 0.01951925
202 497 21 26 0.019486452
168 535 12 17 0.019450301
992 475 32 57 0.019446325
22 467 45 62 0.019337593
176 320 404 501 0.01927008
26 350 78 110 0.01922899
196 530 13 17 0.019219652
84 477 56 71 0.019201294
130 527 11 15 0.0190955
899 447 125 158 0.01909315
184 504 14 16 0.018995386
126 97 28 56 0.0189522
108 537 18 24 0.01892577
803 521 48 59 0.01890944
113 564 23 31 0.018873347
964 0 60 79 0.018801445
926 581 56 85 0.018777408
0 582 34 87 0.018721392
965 510 40 52 0.018692175
97 560 27 35 0.018679092
602 0 101 83 0.018669482
157 70 102 159 0.018576156
713 785 75 120 0.018539624
0 542 38 100 0.018495725
5 603 85 132 0.018493224
899 91 125 300 0.018476402
13 397 220 346 0.018472852
181 538 18 25 0.018468386
718 16 115 151 0.018466067
117 477 56 71 0.018452445
178 492 24 29 0.018349031
940 609 84 148 0.018297138
824 562 55 76 0.018264966
12 404 48 64 0.018233553
908 706 116 282 0.018232087
212 969 172 138 0.018222572
755 432 84 120 0.018190028
116 107 114 161 0.018158404
238 993 22 20 0.018092567
104 513 13 17 0.018090032
39 345 57 74 0.018014893
623 0 202 153 0.018001787
63 309 27 30 0.017996486
852 553 50 75 0.017971735
203 483 38 45 0.017949222
0 0 87 115 0.017936064
232 514 13 15 0.017902378
1007 461 16 18 0.017886117
856 501 37 53 0.017851124
866 475 56 73 0.017829858
949 518 30 40 0.017787658
197 116 113 153 0.017777752
696 660 114 189 0.017770017
927 507 22 40 0.01777001
706 319 128 196 0.017682415
201 535 20 24 0.017657194
62 675 29 51 0.017640505
521 47 61 77 0.017617596
998 519 26 72 0.017570212
865 510 109 133 0.01753933
127 559 13 15 0.017526308
0 0 50 67 0.017510148
785 456 48 66 0.017429914
540 0 130 109 0.017406793
940 538 23 32 0.017396366
905 482 17 19 0.017358901
930 51 94 223 0.017358262
1000 0 24 78 0.017339194
871 508 38 57 0.017313523
953 323 71 175 0.017287163
677 525 111 143 0.017258892
829 555 41 55 0.01724453
1010 516 14 57 0.01722492
734 24 72 87 0.017206835
946 420 78 149 0.017191062
33 580 35 48 0.017184429
36 509 25 46 0.01717821
859 552 33 49 0.017161181
203 491 16 24 0.017142955
183 521 21 28 0.017099142
950 455 64 74 0.017090347
130 548 16 23 0.017067429
75 497 78 96 0.017063342
842 491 38 57 0.017062709
0 1058 33 49 0.017062467
981 447 43 77 0.01700009
62 891 249 216 0.016993446
743 439 160 203 0.016982272
981 246 43 95 0.016975634
118 572 21 32 0.01692339
945 680 79 193 0.016912688
908 555 39 63 0.016910817
959 523 30 40 0.016897436
731 560 65 95 0.016882759
859 200 17 24 0.016881274
131 522 26 33 0.016865768
790 10 134 148 0.016858568
163 544 19 29 0.016841281
820 176 53 72 0.016837226
55 281 58 77 0.016824527
875 917 149 190 0.016775422
0 512 29 45 0.016769944
102 501 12 17 0.01676458
640 915 239 192 0.016655376
838 577 52 73 0.016628372
88 498 25 31 0.016584098
786 436 90 120 0.016541291
0 463 30 52 0.016538478
456 148 199 233 0.016505923
371 0 205 140 0.016474655
844 562 36 52 0.01646257
963 483 38 49 0.016426042
109 489 32 42 0.01636414
0 504 14 36 0.016345544
758 484 59 87 0.016321586
728 529 59 96 0.016298568
948 544 40 43 0.01626124
222 80 276 353 0.016245892
109 499 66 83 0.016230479
920 573 39 63 0.01622915
88 540 65 78 0.016221698
713 503 132 155 0.016210683
135 838 67 85 0.016203316
19 426 60 79 0.016177688
369 76 253 282 0.01608955
945 871 79 210 0.016062574
130 173 214 333 0.016031403
511 0 104 98 0.016016431
824 177 35 45 0.016016044
981 537 43 76 0.015965477
119 566 57 79 0.015946122
95 459 41 63 0.015934315
911 486 19 22 0.015915753
998 562 26 86 0.015893357
198 873 262 234 0.015887273
0 549 23 58 0.015856292
873 294 151 261 0.015828697
62 287 86 108 0.015826082
43 323 48 58 0.015788924
429 172 71 111 0.015784869
122 535 13 15 0.015725978
217 794 63 79 0.015692232
290 214 131 197 0.015691549
36 446 16 19 0.01567476
198 510 28 38 0.015649155
825 438 71 100 0.015619183
142 0 203 145 0.015593129
169 504 28 33 0.01559255
893 463 40 49 0.015555864
229 511 20 25 0.01555156
927 543 34 54 0.015510094
94 492 23 29 0.015501884
39 527 21 37 0.015456916
64 365 91 138 0.015452188
38 483 36 49 0.015445954
73 599 47 63 0.015435346
636 557 145 168 0.01542043
1014 1040 10 52 0.015393203
105 540 11 17 0.015387368
1020 1097 4 10 0.01536778
222 492 36 51 0.015366986
176 481 94 114 0.015364343
0 444 13 39 0.0153508065
729 288 182 274 0.01532612
935 500 18 28 0.015303557
307 315 244 295 0.01530135
0 622 57 94 0.015293936
382 339 315 318 0.015281634
997 609 27 94 0.015268377
223 497 23 33 0.015262118
0 382 35 67 0.015233718
163 549 33 43 0.0152162295
61 516 68 86 0.015181921
36 330 23 35 0.015181478
181 775 26 38 0.015135121
26 455 38 48 0.015072092
57 316 29 32 0.015067761
765 0 47 39 0.015062739
202 528 10 15 0.015059585
166 825 214 235 0.015053466
971 465 11 12 0.015041038
24 397 34 46 0.015039447
26 269 180 271 0.015036413
1006 0 18 35 0.015034228
316 150 241 320 0.015026353
976 346 48 113 0.014987668
758 434 50 73 0.014963819
1014 500 10 53 0.014957083
934 478 34 43 0.014956548
946 257 78 153 0.014953695
0 646 68 120 0.014943745
117 164 138 222 0.014926554
177 525 10 14 0.014916646
967 550 39 34 0.01488315
188 534 35 45 0.014857379
817 170 30 34 0.014845211
970 473 14 16 0.014843796
544 871 253 236 0.014789751
21 580 64 88 0.014775506
22 564 42 56 0.014773896
76 436 72 99 0.014764082
0 0 32 44 0.014747763
977 298 47 119 0.014743211
388 73 115 142 0.014731321
45 955 157 152 0.0147073865
734 41 35 49 0.014696273
157 451 59 78 0.014691395
1002 28 22 92 0.014647634
81 369 39 49 0.014632023
438 673 287 336 0.014587747
66 522 31 38 0.014570315
42 579 24 32 0.014556066
865 527 49 72 0.014553836
261 254 134 203 0.014531702
35 1079 89 28 0.014517461
765 23 69 91 0.014510047
852 445 49 67 0.014508294
927 490 19 24 0.014494566
100 0 100 75 0.014432262
187 86 60 87 0.01442866
815 970 154 137 0.014409006
190 187 59 91 0.014404093
770 277 113 164 0.014397707
364 1086 75 21 0.01439534
862 525 26 40 0.014393087
1020 501 4 50 0.014380218
868 591 55 81 0.014361875
122 513 13 16 0.01435774
849 658 49 51 0.014348373
87 516 13 15 0.014341902
331 0 170 114 0.01433549
403 0 140 91 0.014327038
115 523 18 24 0.014320819
44 560 29 40 0.014311515
5 560 43 55 0.014301911
944 548 68 78 0.014291271
38 335 30 51 0.0142724365
621 739 220 288 0.014252453
63 328 25 33 0.014250283
102 529 10 14 0.014246377
229 487 13 16 0.014240085
821 517 40 47 0.0142314695
188 106 204 279 0.014213333
925 616 48 64 0.014211691
113 440 60 79 0.014201502
170 520 20 26 0.014186979
83 508 24 28 0.014184722
117 574 34 50 0.014184385
0 234 99 267 0.014178125
225 482 12 17 0.0141751
155 332 16 19 0.014172673
360 106 120 152 0.014171089
134 549 53 63 0.014157466
662 1097 76 10 0.0141503345
132 533 12 14 0.014134596
653 179 178 276 0.014080209
950 465 31 32 0.014067752
26 53 56 74 0.01406543
837 528 33 42 0.01406035
193 249 25 35 0.014059069
922 529 19 22 0.014019262
107 498 41 55 0.014010405
418 925 236 182 0.014000777
46 504 50 65 0.013991615
186 325 229 300 0.013987152
321 166 129 173 0.013965386
39 0 101 73 0.013957161
782 447 33 48 0.013945317
509 127 144 159 0.0139269885
269 226 13 15 0.013923907
99 511 13 16 0.013913002
816 898 108 104 0.013892187
95 528 10 14 0.013891521
921 543 22 35 0.013884451
158 0 103 79 0.013880926
779 604 61 68 0.013874592
830 0 120 109 0.013874411
878 552 61 82 0.0138500575
742 6 27 33 0.013842169
897 469 18 22 0.013836525
138 531 92 127 0.013783418
131 533 28 39 0.013763309
287 0 141 95 0.013757544
981 393 43 95 0.013727975
752 606 48 59 0.013719146
104 528 17 22 0.013686535
1009 963 15 63 0.0136676645
953 473 34 39 0.013666052
229 0 140 95 0.01366022
797 1096 71 11 0.0136538595
165 542 55 69 0.01365044
838 189 41 51 0.013645033
0 488 13 37 0.013629804
82 336 110 144 0.0136276195
182 520 16 18 0.013623258
441 324 128 205 0.013617808
131 507 15 20 0.013617006
0 146 67 122 0.0135809
141 531 27 35 0.0135789635
93 218 170 263 0.013572158
974 473 22 27 0.013564823
701 567 76 95 0.013564606
161 436 89 120 0.013543531
807 162 78 109 0.013536817
734 1097 76 10 0.013533244
198 162 56 76 0.013520211
219 486 15 19 0.013513423
101 542 11 18 0.013513212
762 550 56 71 0.013511059
2 355 54 92 0.013506561
162 508 12 14 0.013488399
144 524 12 16 0.013488267
44 565 90 119 0.0134727135
196 498 18 19 0.013457253
1017 458 7 43 0.013424826
206 501 12 19 0.013415146
559 154 78 111 0.013412454
779 356 93 130 0.013407781
943 556 33 44 0.013403819
130 515 12 17 0.013401087
588 966 160 141 0.013373156
852 638 50 56 0.013363436
847 0 67 70 0.013357165
709 565 129 158 0.013343292
10 491 37 44 0.013334876
632 0 62 46 0.013333554
861 441 67 87 0.013323274
1020 479 4 45 0.01327165
52 579 16 18 0.013263951
95 418 89 121 0.013234408
80 486 36 51 0.013231795
978 634 46 101 0.013208838
560 113 140 131 0.01320557
144 192 86 124 0.013200691
428 484 261 288 0.013193312
40 655 86 114 0.013173065
635 40 241 306 0.013173047
697 0 78 73 0.013170731
780 533 51 63 0.013164813
861 580 33 52 0.013160764
111 531 17 20 0.013159644
916 490 18 25 0.013144576
830 0 63 51 0.013138143
0 285 50 78 0.013114196
245 262 233 313 0.013113092
0 277 67 175 0.013108221
166 439 138 183 0.0131009305
699 488 80 134 0.01309942
882 471 38 46 0.013098784
898 482 19 25 0.013079899
93 0 172 118 0.013076451
0 1030 78 77 0.013057497
94 777 210 241 0.013040692
670 517 204 249 0.0130351335
498 0 85 67 0.013027412
861 488 32 44 0.013018206
28 383 53 71 0.013011528
190 526 17 20 0.013010808
720 165 198 288 0.012970647
552 0 60 52 0.012965455
204 484 13 18 0.012954402
828 592 44 57 0.012946471
962 467 22 22 0.012944034
219 433 153 198 0.012923281
355 933 58 127 0.012908806
316 288 145 198 0.012907029
789 460 32 45 0.012899511
792 407 74 96 0.012858163
114 513 19 21 0.0128567
768 1097 71 10 0.012842558
737 821 195 225 0.012828132
1012 476 12 49 0.012801594
800 1081 90 26 0.012799841
988 944 36 101 0.012785283
947 533 24 31 0.012755913
0 679 68 181 0.012748969
204 638 254 327 0.012748274
1012 27 12 66 0.012735289
361 1097 70 10 0.012727653
273 215 23 27 0.012725281
184 439 227 300 0.012724007
141 529 19 24 0.0127123585
351 1067 79 40 0.012670158
27 0 176 134 0.012662345
834 427 52 70 0.012660659
221 481 30 37 0.012650437
159 415 18 24 0.012645311
880 615 92 121 0.012639886
1018 1091 6 16 0.012634963
366 0 106 79 0.012607259
210 488 25 30 0.012599481
954 540 25 32 0.012598594
917 528 19 30 0.01259416
561 31 72 91 0.012573042
0 419 14 29 0.012547997
80 800 9 11 0.012539282
976 463 19 21 0.012527964
775 573 67 77 0.012526413
789 0 27 26 0.0125221675
295 228 71 108 0.012519146
136 549 31 37 0.012514595
471 0 80 76 0.012511622
594 965 62 91 0.012502748
95 573 51 69 0.012499018
811 1057 96 50 0.012496846
842 163 17 22 0.012492227
107 511 16 18 0.012477067
293 687 245 311 0.012472792
301 932 233 175 0.012464643
800 236 15 21 0.012461699
1021 0 3 23 0.012452232
40 660 50 71 0.01244438
3 67 61 94 0.012405332
1001 261 23 79 0.01240392
121 517 231 310 0.012395197
135 586 69 92 0.01238093
827 499 37 43 0.012374414
0 1087 31 20 0.012365829
806 855 94 115 0.012363595
619 100 163 214 0.012353788
815 863 152 182 0.012329477
44 434 146 189 0.012327281
174 546 23 29 0.01232676
750 207 47 68 0.012315836
190 506 12 17 0.012315745
169 731 206 244 0.01231152
37 92 177 271 0.012300953
189 300 29 40 0.012290995
716 1093 72 14 0.012275116
173 198 122 185 0.012272489
412 106 126 152 0.012270418
949 547 23 31 0.01226592
122 555 17 16 0.012258558
942 585 72 83 0.012258232
51 1053 101 54 0.012256003
61 291 35 45 0.012232907
488 37 109 143 0.012231124
269 225 28 32 0.012226317
1015 274 9 62 0.012224983
776 478 48 68 0.012204823
1023 511 1 42 0.012193208
419 46 108 135 0.012190894
816 564 41 50 0.012184984
857 475 19 24 0.012182734
753 790 117 132 0.012180825
207 483 9 10 0.01216864
861 647 60 74 0.012166103
10 395 33 45 0.012165851
907 474 23 27 0.012154135
451 79 117 140 0.01215097
184 457 49 60 0.012134676
110 553 21 28 0.012134097
776 425 49 68 0.01212754
152 499 23 31 0.012123365
91 514 18 20 0.012122131
1001 78 23 86 0.01212063
1021 518 3 50 0.01210227
120 497 25 31 0.012098713
822 1092 66 15 0.012096656
268 1028 114 79 0.012089855
997 155 27 83 0.01208692
750 681 132 165 0.012086878
370 634 257 319 0.012086244
959 266 57 83 0.012068874
0 49 101 236 0.012066326
788 726 185 235 0.012066017
108 536 11 15 0.0120572625
177 138 49 62 0.012047765
261 748 64 56 0.012043725
403 982 154 125 0.012033765
208 139 68 84 0.01203319
0 1096 21 11 0.012021113
75 561 91 115 0.012015671
87 331 200 278 0.012008643
252 673 138 148 0.011993425
904 1026 99 81 0.011992422
923 499 19 28 0.011983316
50 346 34 44 0.01197781
140 837 47 49 0.011976457
1023 489 1 39 0.011975736
0 275 31 49 0.011970182
34 466 25 31 0.011961418
999 354 25 94 0.01195704
715 601 67 75 0.011936825
1005 546 19 66 0.011935927
989 0 35 43 0.011933797
883 619 54 66 0.011929224
898 857 95 121 0.011928882
505 34 60 73 0.011920543
183 0 115 106 0.011904598
0 948 60 128 0.011902528
141 682 184 227 0.011902402
802 230 189 274 0.011887949
33 352 29 46 0.011881695
1007 621 17 68 0.011880971
948 1009 48 65 0.011871958
268 0 57 43 0.011868401
318 215 75 113 0.011853713
0 862 68 187 0.011851349
1004 1008 18 19 0.011850322
794 0 16 10 0.011839871
472 365 133 210 0.011830925
809 257 18 23 0.011826773
133 389 210 275 0.011818189
907 528 31 42 0.011805953
757 1082 94 25 0.011796435
709 27 65 80 0.011795696
686 1094 71 13 0.011791894
209 506 30 35 0.011791651
49 613 75 99 0.011790619
79 276 117 149 0.011788612
1020 291 4 51 0.011785315
0 502 8 24 0.011779159
60 99 115 163 0.011774582
207 139 45 55 0.011774189
83 603 61 77 0.011771855
804 171 49 61 0.01176931
82 376 57 77 0.011765202
128 25 109 147 0.011759816
978 473 13 16 0.011748992
956 1049 67 58 0.011731306
0 162 33 93 0.011726711
1008 467 12 16 0.011722749
0 486 7 18 0.011720193
998 655 26 89 0.01171936
409 63 73 90 0.01171908
368 1041 107 66 0.01170355
1017 975 7 53 0.011703107
0 637 30 57 0.011698635
367 186 71 100 0.011684644
743 1038 92 69 0.011683272
563 50 132 152 0.011682252
30 1038 74 69 0.011681645
1023 497 1 40 0.011675712
1023 473 1 39 0.011671553
945 566 41 53 0.011670497
49 211 128 197 0.011661957
143 80 74 98 0.011658091
909 385 91 130 0.01165582
752 0 23 14 0.011655752
898 317 58 75 0.011649138
756 539 37 51 0.011644272
859 207 28 38 0.011640144
972 495 39 54 0.011634682
810 605 167 212 0.01162635
1021 466 3 39 0.011624317
382 649 119 179 0.011616983
0 574 26 51 0.011616832
439 55 69 81 0.011608322
125 540 12 15 0.011608149
432 0 86 63 0.011591689
856 10 139 168 0.011583351
427 943 65 87 0.011582371
310 192 68 101 0.011573167
122 446 128 168 0.011567863
871 0 107 83 0.011565802
172 502 20 22 0.011564937
425 28 234 253 0.0115624275
268 158 122 184 0.0115482025
139 502 27 34 0.011547486
127 573 22 32 0.011531533
779 502 50 66 0.011524964
970 453 23 29 0.0115216905
39 744 95 130 0.011515565
800 551 42 50 0.011506997
762 363 60 75 0.011506297
1012 57 12 63 0.01150087
212 413 30 45 0.01148383
362 350 146 173 0.011472669
542 777 143 169 0.011469949
254 90 64 92 0.011460144
0 317 37 60 0.011453415
78 0 84 60 0.011448499
874 41 65 91 0.0114267245
174 531 11 16 0.011419539
803 499 40 50 0.011418347
436 220 76 113 0.011413763
160 314 146 206 0.01141368
90 526 11 13 0.011411203
453 259 78 105 0.011409171
241 516 229 303 0.011405487
1018 259 6 61 0.011402464
834 305 56 76 0.011380403
782 593 93 113 0.011375083
889 406 69 97 0.011374696
656 40 123 152 0.011361965
240 0 58 43 0.011357041
60 659 50 70 0.011356114
1019 923 5 48 0.011342519
807 607 55 66 0.011342376
605 1022 114 85 0.011338233
926 484 20 20 0.011337997
783 465 24 39 0.011335221
815 357 96 132 0.011329371
33 373 31 46 0.011329149
259 225 29 40 0.011322259
669 0 75 68 0.011322223
76 512 23 31 0.011318683
817 688 141 178 0.011315357
0 223 54 89 0.01130835
559 2 71 80 0.0113048535
845 1027 108 80 0.011304169
120 84 61 85 0.011303283
413 200 72 108 0.011301669
385 143 119 150 0.011299725
201 523 35 44 0.011298609
257 401 199 252 0.011297795
438 749 50 67 0.011293606
756 208 31 43 0.01129306
151 561 62 81 0.011281432
181 531 13 15 0.011269025
71 529 19 25 0.011265596
796 739 116 130 0.011264409
669 652 66 88 0.011250654
1023 437 1 37 0.011245933
129 550 11 16 0.011241809
314 0 87 65 0.011239989
885 432 20 27 0.011230991
81 542 21 27 0.011227815
519 977 157 130 0.011226869
967 469 14 14 0.011217786
793 340 65 87 0.011211256
999 109 25 87 0.011199201
327 530 68 88 0.011193618
30 321 44 52 0.0111919
650 1020 125 87 0.011187122
577 932 104 149 0.0111838635
656 631 134 174 0.011180893
463 536 63 82 0.011176489
801 24 64 98 0.011176401
128 522 11 16 0.011174619
223 525 110 132 0.011174129
200 917 66 89 0.011172641
181 500 13 17 0.011171797
58 486 33 45 0.0111677535
402 194 171 222 0.011165975
676 862 138 168 0.011153878
166 547 12 17 0.011138158
137 516 19 24 0.011133745
891 532 40 58 0.011131528
108 400 67 91 0.011118708
589 535 155 141 0.011108692
862 474 31 40 0.011104245
605 934 67 96 0.011102444
11 506 32 45 0.011092257
871 632 43 52 0.011080435
738 445 62 94 0.011067956
181 507 12 15 0.011066327
224 705 118 119 0.011065261
933 625 64 74 0.011064563
967 1076 57 31 0.011055543
173 554 38 46 0.011054966
215 281 25 30 0.011054086
793 796 118 142 0.011051188
901 460 23 29 0.011048488
748 0 42 25 0.011048357
808 101 183 260 0.011047422
31 475 28 39 0.011046496
1022 444 2 39 0.011043694
535 664 215 254 0.011042107
563 1093 65 14 0.011041895
720 830 74 113 0.011033619
96 571 19 25 0.011033479
81 516 12 15 0.011032601
208 769 70 76 0.011022169
0 0 21 29 0.011015836
813 577 47 60 0.011012285
184 496 13 18 0.011009186
120 0 57 44 0.01100583
386 1097 72 10 0.010999404
472 471 135 167 0.010993308
3 427 18 32 0.01099173
168 235 81 116 0.010991484
743 226 62 98 0.010991078
728 49 65 91 0.010985153
748 613 105 136 0.010978579
638 1097 70 10 0.010973839
196 387 37 46 0.010972191
0 525 13 35 0.0109661445
17 0 83 60 0.010965562
399 522 56 84 0.010950957
187 528 11 15 0.01094983
778 1043 104 64 0.010946309
853 588 90 118 0.010945623
818 597 90 115 0.010944368
921 408 62 83 0.010941663
756 206 20 27 0.010930788
111 319 135 192 0.01093049
343 227 74 111 0.010929168
446 149 78 105 0.010925256
100 1022 126 85 0.010923241
1008 180 16 57 0.010921083
81 593 31 42 0.0109124845
1009 652 15 64 0.010907383
192 493 14 19 0.010905051
163 564 146 189 0.010903463
583 146 86 89 0.010903308
92 606 196 257 0.010885904
846 650 89 118 0.0108755855
1012 90 12 60 0.01087126
941 495 21 32 0.010864437
221 650 115 131 0.0108623225
0 480 7 16 0.010857487
900 472 12 14 0.01085318
857 603 44 64 0.010852955
856 180 27 43 0.010852249
975 124 49 106 0.010850751
360 38 121 146 0.01084679
1021 931 3 47 0.010844294
224 0 90 65 0.010838509
756 920 160 178 0.010837041
729 259 94 160 0.010835425
1020 967 4 49 0.010833387
14 679 76 106 0.010832819
531 159 73 113 0.010822536
831 164 28 35 0.010821482
116 536 16 18 0.010817428
554 160 154 239 0.010809447
740 548 37 60 0.010808707
210 0 57 43 0.010808265
110 543 10 15 0.010807405
193 883 113 126 0.010794042
686 0 13 10 0.010793918
413 1092 67 15 0.0107785305
974 462 11 13 0.010771347
239 130 117 164 0.0107682925
589 994 45 70 0.010762988
14 37 87 113 0.010756374
62 528 23 29 0.01075192
843 468 40 56 0.0107490765
320 554 123 146 0.010744687
285 688 148 169 0.010743584
1019 0 5 44 0.010734839
349 987 54 79 0.010715061
125 572 16 22 0.0107109435
0 466 15 46 0.010707515
84 497 17 16 0.010703085
306 443 232 285 0.010700894
719 178 99 157 0.010700347
641 894 143 172 0.010697427
111 815 106 130 0.010695608
387 571 107 158 0.010693489
998 705 26 84 0.010690733
753 55 65 89 0.01069036
1023 423 1 41 0.01069004
460 572 253 318 0.010679293
713 628 69 80 0.010668707
197 749 102 115 0.010666338
900 597 58 78 0.010664796
751 546 155 192 0.010658049
104 523 13 19 0.0106457025
726 704 79 98 0.010642445
910 645 101 135 0.01064088
801 0 30 25 0.010631245
131 520 14 20 0.010631005
752 70 106 151 0.010630768
265 206 35 44 0.010629709
180 602 210 269 0.010627505
887 1054 74 53 0.0106252665
832 108 58 81 0.010617938
483 558 71 80 0.010610275
635 0 16 10 0.010609988
382 79 70 87 0.010608696
988 930 26 32 0.010605156
781 556 41 50 0.0106021045
293 3 69 85 0.010600815
130 609 100 119 0.010597063
844 932 73 68 0.010596934
48 463 51 70 0.010596768
819 535 37 53 0.010595198
286 583 70 93 0.010591591
141 1058 91 49 0.010586416
870 655 37 39 0.010585475
852 842 99 122 0.010581902
127 579 39 52 0.010579982
918 1057 69 50 0.010578949
15 136 96 130 0.010573909
1018 1065 6 42 0.010573493
33 449 26 38 0.010562695
866 572 49 69 0.010556707
239 211 122 190 0.010554294
71 675 92 121 0.010553932
49 713 78 107 0.010552815
411 288 136 188 0.01054847
818 602 35 46 0.010547179
249 780 176 224 0.010540221
800 480 35 47 0.010540086
95 502 17 17 0.010531872
633 890 69 93 0.01052925
29 326 24 33 0.010527797
947 487 27 33 0.010527362
128 697 64 63 0.010524524
890 68 64 90 0.010522806
1013 403 11 54 0.010517488
330 69 119 152 0.010516519
241 323 118 173 0.010508648
552 0 29 19 0.010505229
852 396 85 118 0.010503828
891 643 62 78 0.010499123
768 524 40 51 0.010494698
961 461 41 49 0.010492864
0 336 8 18 0.010492706
802 459 58 75 0.010487724
341 734 142 201 0.010487546
56 567 131 171 0.010487006
867 438 12 14 0.01048214
0 517 8 23 0.010478879
125 328 55 74 0.010477955
444 136 149 172 0.010473808
968 542 27 30 0.010466648
1006 596 18 67 0.010460902
687 364 117 233 0.010460195
796 190 93 141 0.01045845
148 812 60 69 0.010454887
156 145 72 93 0.010453779
984 203 34 45 0.010446168
364 517 79 94 0.010436432
1005 916 19 81 0.0104361
812 281 103 141 0.010434673
834 665 62 72 0.010433207
927 549 22 35 0.010429159
195 244 20 27 0.010427628
758 89 63 85 0.010426345
875 224 112 154 0.010425357
181 0 55 42 0.010423559
219 1030 110 77 0.010422788
806 247 25 38 0.010419945
501 758 64 85 0.010415628
240 789 75 82 0.010413928
870 526 15 23 0.010411234
578 0 64 55 0.010408201
727 474 57 103 0.010401953
261 1055 81 52 0.01040045
763 0 13 10 0.01039718
531 63 70 91 0.0103968335
719 1081 88 26 0.010389925
135 497 16 20 0.010388314
450 524 59 76 0.010385011
474 64 64 75 0.010382329
744 285 65 102 0.010380311
867 439 18 23 0.010368437
636 825 74 83 0.010361212
307 583 220 299 0.010357402
876 0 64 57 0.010355148
99 650 99 122 0.010352606
215 181 20 22 0.010351244
1010 292 14 62 0.010348466
846 163 55 74 0.010347384
80 564 48 67 0.0103468755
15 524 35 43 0.010346309
0 908 28 46 0.010345833
797 377 63 84 0.010342484
1017 7 7 55 0.010339261
0 805 27 45 0.010333092
194 683 113 121 0.010328969
986 42 38 97 0.010327253
391 323 81 108 0.010324919
32 415 28 43 0.010321958
713 729 72 116 0.010320032
186 515 15 20 0.010317987
352 26 67 95 0.010311693
634 20 70 95 0.010311237
830 615 35 43 0.010310769
1013 1096 11 11 0.010310746
398 100 68 87 0.010308693
890 634 35 43 0.010304563
151 564 99 127 0.010303977
1022 415 2 43 0.01030185
88 532 12 15 0.0102986265
318 1059 77 48 0.010294075
580 938 65 93 0.010287795
232 515 24 29 0.010283686
139 526 15 18 0.010283248
219 413 19 27 0.010283225
1010 151 14 59 0.010282843
755 568 44 60 0.010282311
0 781 27 45 0.01027746
880 481 25 29 0.010277423
583 53 72 90 0.01027163
809 941 104 97 0.010263528
1022 295 2 44 0.010263321
609 996 66 89 0.010259597
220 513 27 34 0.010250873
205 736 73 77 0.010249555
478 864 75 86 0.010248645
514 705 148 178 0.010245561
923 536 14 14 0.010245199
962 51 62 139 0.01024079
466 505 59 84 0.010237872
220 562 150 193 0.010237691
995 1082 29 25 0.010230341
135 851 40 55 0.010216752
4 309 58 90 0.010208705
300 0 55 42 0.0102045955
922 833 102 132 0.01020402
752 650 70 84 0.010198935
839 57 121 169 0.01019802
896 480 17 18 0.010194499
256 499 132 150 0.010190405
821 124 54 82 0.010185431
109 65 97 137 0.010179304
198 535 87 111 0.010179193
120 269 120 161 0.010176616
164 499 17 23 0.010175268
1004 887 20 75 0.010173596
915 490 12 16 0.010171317
245 259 22 27 0.010166805
634 936 69 92 0.010166282
323 26 66 95 0.010164302
450 916 123 162 0.010155944
40 150 106 156 0.010153401
981 912 43 97 0.010152566
204 464 34 43 0.010150582
228 23 142 179 0.010148391
199 539 12 17 0.010143789
149 526 12 16 0.0101426
382 1077 88 30 0.0101378495
1016 342 8 58 0.010134103
730 89 65 81 0.010132861
726 887 112 120 0.010129493
997 299 27 96 0.01012937
814 538 25 36 0.010128427
900 437 43 59 0.010127029
497 924 71 92 0.010125743
916 501 17 26 0.010125441
50 530 29 38 0.010125066
485 264 74 112 0.0101216
588 522 71 87 0.010120907
0 493 7 20 0.01011765
356 259 76 103 0.010115197
775 382 59 68 0.010110922
76 554 32 41 0.010109852
411 0 73 53 0.01010835
819 184 24 27 0.010107543
157 645 109 124 0.010107175
947 508 22 31 0.010101741
141 522 11 15 0.010101689
449 567 66 79 0.010098957
0 0 13 17 0.01009573
323 64 194 237 0.01009569
971 479 20 27 0.010093803
765 398 53 71 0.010091528
346 198 148 206 0.010090744
1023 979 1 39 0.010089216
1012 947 12 56 0.010087306
264 552 137 141 0.010086998
658 1087 89 20 0.010079278
351 0 69 75 0.010078941
282 253 66 110 0.010078755
864 66 64 90 0.010064533
6 0 30 22 0.0100607565
833 444 30 35 0.01005956
295 549 67 93 0.0100575285
781 0 15 10 0.010054421
605 889 67 92 0.010052568
696 646 76 83 0.010051422
891 521 33 43 0.010050591
0 713 28 47 0.0100488905
880 207 62 87 0.010045959
1011 121 13 58 0.010045263
190 807 75 87 0.010039055
709 672 76 114 0.010035395
127 564 14 22 0.010033043
0 366 32 51 0.010032886
68 628 95 119 0.010023354
495 830 190 232 0.010020457
1007 991 17 56 0.010018645
0 345 7 17 0.010016771
648 0 41 27 0.010012498