18_Concerts_Concerts_18_706
304
461 183 206 278 0.89042056
179 627 109 130 0.20840408
764 0 260 271 0.03809583
459 55 234 323 0.03566172
7 459 188 338 0.03479503
528 190 254 296 0.034703903
0 0 203 266 0.03454834
772 932 252 299 0.03361798
178 633 69 90 0.033284273
926 1079 98 152 0.031717177
262 186 248 305 0.030966233
0 932 203 299 0.030556066
402 907 359 324 0.02996854
911 0 113 152 0.02973376
0 0 105 141 0.02872315
101 501 212 285 0.027033826
271 666 11 14 0.026943943
527 0 382 263 0.02635933
174 0 373 249 0.026301706
46 908 360 323 0.025109738
708 0 254 176 0.024558775
207 660 70 86 0.024425073
765 144 259 472 0.024386628
43 0 367 271 0.024370497
852 714 165 194 0.02395848
0 1058 112 173 0.023917269
176 640 43 63 0.023433736
485 1038 216 193 0.023394484
881 373 143 313 0.023298813
789 624 235 465 0.023240672
0 0 66 92 0.023223834
769 348 255 458 0.022558047
0 333 144 358 0.022547824
375 211 299 365 0.022482915
0 874 112 279 0.022202004
439 0 304 230 0.022164522
99 626 185 225 0.021512588
0 128 290 513 0.021362074
130 1015 227 216 0.02120816
168 906 153 174 0.021157812
826 88 198 317 0.020877494
591 0 254 162 0.020685088
879 204 145 331 0.02065591
48 264 333 482 0.020369586
179 513 181 234 0.02029614
439 0 198 147 0.020233281
584 304 249 301 0.019986358
275 668 9 11 0.019881697
872 858 152 320 0.019764375
186 221 358 476 0.019728601
73 0 215 163 0.019704213
0 937 26 76 0.019660303
0 593 174 301 0.019629983
419 632 365 459 0.019408716
895 499 129 291 0.019317623
202 431 288 358 0.019249799
727 326 238 307 0.019197624
193 0 213 159 0.019124465
317 0 204 152 0.019038072
9 828 205 283 0.019035634
357 211 207 259 0.019024575
472 163 151 174 0.018872555
0 509 265 501 0.018871205
936 481 88 211 0.018554142
658 42 352 440 0.01854885
369 1008 271 223 0.01852488
460 1086 164 145 0.018347444
0 98 116 279 0.018249
0 789 131 244 0.018164275
214 616 115 121 0.018138064
545 1000 278 231 0.0181106
969 1154 55 77 0.018035697
552 360 360 458 0.01791819
510 289 165 183 0.017893132
385 11 236 323 0.01785781
0 861 73 195 0.017654954
567 1089 162 142 0.017458292
961 0 63 83 0.017451923
160 566 113 166 0.017432336
570 0 171 126 0.017404286
929 252 95 227 0.017344084
669 467 337 446 0.017300926
415 339 360 463 0.017198678
411 1099 150 132 0.017108195
0 966 75 201 0.017085765
242 1055 218 176 0.016959708
393 0 170 123 0.016843552
680 744 344 460 0.0166772
96 863 213 255 0.016657177
195 663 21 20 0.016492302
7 37 262 382 0.01646331
30 0 176 135 0.016453234
723 215 237 303 0.016437324
24 1096 157 135 0.016396126
244 309 241 307 0.016303277
727 1038 227 193 0.016205654
271 0 175 127 0.016189296
907 44 117 275 0.016141107
150 0 178 129 0.01613354
0 690 299 521 0.016051816
762 387 141 187 0.015932655
523 0 142 101 0.01587773
0 197 127 348 0.015866106
490 378 205 246 0.01584418
855 712 58 62 0.01573873
820 1091 165 140 0.015732057
0 25 73 184 0.015713777
1001 0 23 44 0.015687475
79 587 273 393 0.015673524
509 805 319 385 0.015656292
206 1088 163 143 0.015639633
805 0 179 133 0.015638327
185 974 162 182 0.015611018
190 676 92 118 0.0155885
602 651 224 239 0.015488989
75 756 217 283 0.015400464
322 666 22 24 0.015400254
103 190 252 333 0.015368738
644 0 143 104 0.01529986
108 1093 159 138 0.015275666
499 814 10 12 0.015252258
262 659 18 20 0.015233524
925 841 99 214 0.015080768
540 178 130 178 0.0150299445
0 1159 59 72 0.014951257
0 206 69 185 0.014945052
703 0 145 105 0.014914891
1007 1206 17 25 0.01488543
226 0 145 102 0.014809006
105 0 146 103 0.0147666
197 357 188 269 0.014721126
916 628 108 217 0.014705999
0 902 49 126 0.014648454
90 705 175 218 0.014608698
2 734 118 199 0.014551916
328 390 307 379 0.014541171
897 755 127 246 0.01453815
766 700 212 251 0.014509455
687 402 204 259 0.014406972
451 529 302 377 0.0144034475
158 451 159 238 0.014339698
496 763 230 308 0.014277664
610 1037 156 184 0.01424561
761 0 148 106 0.014211479
997 1195 27 36 0.014154134
355 1108 139 123 0.014097111
532 682 249 278 0.014087776
179 633 190 221 0.0140607655
154 848 381 383 0.014010604
52 603 144 188 0.014008487
517 917 193 267 0.013943352
859 744 44 36 0.013825029
75 349 206 330 0.013747711
187 659 32 34 0.0137396045
414 372 142 171 0.013642722
677 169 202 267 0.013583085
428 171 138 187 0.01349407
1016 1221 8 10 0.013493532
678 690 199 237 0.013450918
712 388 139 178 0.013388092
0 442 103 203 0.013345597
292 474 371 473 0.01331879
165 568 370 481 0.013259072
289 577 131 168 0.013220526
178 774 206 264 0.013175624
216 624 60 97 0.013140462
997 0 27 85 0.013138024
445 831 220 311 0.013107345
123 616 12 16 0.012998107
810 378 161 206 0.012977616
579 101 141 191 0.01297245
272 663 11 13 0.012910345
666 499 207 273 0.012907723
1010 0 14 29 0.012883846
130 937 132 156 0.01278753
442 700 221 262 0.012739605
0 528 101 241 0.0127323745
0 0 42 60 0.012709012
833 660 147 184 0.012660826
173 391 135 186 0.012648294
378 398 197 241 0.012641298
616 47 212 276 0.012537046
686 296 192 256 0.012511997
648 939 246 287 0.012508636
0 656 86 223 0.01249579
244 631 125 123 0.01243803
46 727 143 192 0.012430766
739 597 207 270 0.012423338
0 1200 28 31 0.012394897
815 893 174 222 0.012369456
422 280 174 203 0.012353019
450 449 110 127 0.0123329
0 1211 18 20 0.012326226
312 533 197 248 0.012315915
234 486 74 96 0.012282442
32 0 113 86 0.012263425
422 0 110 83 0.0122563755
79 45 139 200 0.012236837
870 781 122 162 0.012236461
793 449 197 252 0.01223471
833 741 75 103 0.012154638
275 666 14 15 0.012130481
302 0 112 85 0.012097726
565 1150 117 81 0.012089346
362 0 111 85 0.012080537
1021 0 3 22 0.012078706
0 385 69 194 0.012028699
319 414 192 254 0.011983278
183 0 112 84 0.011966591
601 0 110 86 0.011883895
408 101 153 200 0.011875045
699 1106 152 125 0.0118193785
183 80 232 279 0.011818404
716 623 62 75 0.011786652
257 665 21 18 0.011781535
596 758 224 279 0.011771024
706 47 135 197 0.011631604
390 899 205 288 0.011581058
139 46 138 199 0.0115716355
815 255 161 207 0.011566378
921 778 75 98 0.011548713
756 484 154 194 0.0115339905
520 1118 138 113 0.01151121
35 122 167 223 0.011502197
796 577 124 156 0.011483321
526 393 129 133 0.0114434315
729 112 140 192 0.011384194
202 1069 85 101 0.0113766575
482 0 108 81 0.01133066
20 304 181 287 0.01131863
473 388 129 135 0.011284371
0 0 13 17 0.011281349
107 621 122 147 0.011277207
581 419 63 70 0.011258333
335 115 214 273 0.011202208
555 1179 77 52 0.0111578135
583 1178 79 53 0.011156422
436 584 217 260 0.011137143
172 666 44 51 0.011136536
166 735 136 170 0.011126913
252 768 204 256 0.011123408
163 823 145 183 0.011104505
786 610 25 33 0.011095429
760 173 137 187 0.011059728
198 221 204 258 0.011058504
763 49 138 195 0.011055691
628 244 168 217 0.011034941
680 817 217 285 0.01097642
108 110 139 196 0.010975718
621 1144 123 87 0.010915176
758 261 146 190 0.0109151555
198 46 138 197 0.01086536
273 177 169 215 0.010842827
573 318 129 165 0.01084134
839 0 111 84 0.010825
882 676 108 107 0.010813584
948 602 76 155 0.010800758
237 885 215 262 0.010772938
642 425 168 208 0.010758336
444 770 133 155 0.010755616
7 1190 71 41 0.01075099
84 872 149 184 0.01074583
70 668 137 189 0.010736364
217 484 106 159 0.010717084
949 430 75 166 0.010716615
82 162 187 238 0.0106567945
830 622 123 138 0.010656621
648 18 135 187 0.010653199
793 114 138 191 0.010651495
852 1025 138 169 0.010648479
647 207 131 179 0.010616148
754 968 169 213 0.0106098065
324 701 200 249 0.0105923265
0 0 27 36 0.010543044
960 748 64 138 0.01053639
244 653 35 36 0.010525227
390 758 203 268 0.010477682
146 592 81 97 0.0104648
827 174 134 188 0.010461565
770 637 138 179 0.010455522
151 1147 127 84 0.010447769
588 29 143 172 0.010446311
226 333 136 171 0.010432878
1018 0 6 48 0.010414499
654 505 141 175 0.010411712
556 460 210 261 0.010343087
24 199 131 189 0.0103297
231 179 137 172 0.010325337
5 40 119 201 0.010299614
687 173 127 177 0.010296743
224 668 79 96 0.010292873
796 785 154 191 0.010264247
826 48 138 197 0.010222906
392 653 200 240 0.010208133
233 436 109 147 0.010207922
523 440 140 162 0.010192119
439 469 199 250 0.010119088
0 380 29 59 0.010108288
0 288 58 143 0.010102065
128 650 65 93 0.010071701
166 109 140 193 0.0100470735
2 827 96 148 0.010032789
613 1177 80 54 0.010023134
0 1216 35 15 0.01000872