18_Concerts_Concerts_18_1004
432
315 63 252 296 0.85044324
0 455 177 227 0.12853797
715 639 12 10 0.06790925
93 650 25 19 0.06346117
159 632 9 9 0.061971154
40 651 12 16 0.053179093
0 0 131 139 0.052433882
681 609 11 11 0.051161826
280 487 251 195 0.047592536
199 659 9 10 0.046218906
331 0 263 243 0.044985823
819 0 205 193 0.044267874
9 578 137 104 0.04295274
814 466 210 216 0.037963223
168 196 12 16 0.03776675
158 631 13 16 0.036094904
713 641 14 15 0.03532242
360 191 200 220 0.034733254
70 614 130 68 0.0331485
359 453 270 229 0.032214403
186 0 283 195 0.032166414
794 43 230 374 0.03161661
37 564 193 118 0.031037267
515 0 252 173 0.030758178
1 317 153 308 0.030525407
156 632 21 25 0.030103259
307 0 195 142 0.028660698
19 0 259 175 0.028515302
172 200 11 13 0.02814493
487 71 253 322 0.02808373
776 605 44 77 0.028051632
671 0 273 202 0.027714834
954 257 70 104 0.027450144
807 208 217 373 0.027226329
149 77 280 311 0.026514605
2 9 161 252 0.0260732
674 465 258 217 0.026037237
224 0 185 113 0.02593764
443 0 215 142 0.025617113
243 156 226 246 0.025580162
83 645 48 37 0.025192792
481 451 274 231 0.024787381
132 0 216 141 0.023970164
705 0 188 128 0.023856865
551 0 174 112 0.023714676
82 456 300 226 0.023693454
916 0 108 97 0.023286793
306 389 203 242 0.02312579
625 0 181 121 0.02225235
61 629 82 53 0.022218782
0 163 199 390 0.022093555
187 261 50 63 0.022011142
139 615 113 67 0.021915723
303 665 13 15 0.021845527
177 201 8 12 0.021762708
0 0 78 96 0.021405095
0 278 103 259 0.021223882
169 201 9 13 0.021179207
198 656 13 16 0.021071356
954 256 40 76 0.021034878
421 327 260 318 0.021008626
431 225 133 150 0.020964859
556 375 160 209 0.020817807
26 77 250 334 0.020657659
438 67 164 231 0.020494202
631 523 176 159 0.0201559
169 198 8 11 0.020137474
0 66 145 363 0.019853557
165 197 11 14 0.01984368
0 425 107 200 0.01975029
148 183 201 248 0.01970104
161 629 9 11 0.019677328
205 335 275 340 0.019437732
220 406 23 22 0.019395225
152 336 24 26 0.019326493
44 649 77 33 0.019250518
405 24 66 43 0.018913643
666 284 275 361 0.018876031
0 613 53 69 0.01885272
582 377 255 305 0.018810453
41 654 8 10 0.018728761
254 55 181 240 0.018684711
39 0 137 94 0.018504785
362 546 191 136 0.018446881
404 199 265 331 0.018364456
259 399 9 17 0.018290214
0 0 44 72 0.0182678
549 46 166 224 0.018246943
724 613 10 12 0.018243508
598 0 258 254 0.018134931
182 605 128 77 0.018102277
674 125 274 355 0.018062675
403 0 150 104 0.017856717
576 664 10 11 0.017819146
943 615 81 67 0.017765054
965 260 26 34 0.017728249
0 519 82 163 0.01755374
711 635 19 24 0.01748149
101 646 70 36 0.017463993
803 630 12 15 0.017445218
170 189 14 20 0.017362263
123 632 72 50 0.017290367
116 216 256 352 0.01726624
970 0 54 48 0.017260147
159 636 8 13 0.017230285
969 289 55 111 0.017158493
0 117 95 242 0.01712805
189 413 13 15 0.017110392
26 637 9 11 0.017092459
231 259 186 234 0.01707188
289 571 165 111 0.017020645
469 272 172 222 0.016889842
511 252 98 124 0.016839227
61 203 173 242 0.01674799
340 170 161 174 0.016720917
922 291 102 199 0.016707033
711 636 14 14 0.016635275
173 468 43 48 0.016627843
230 374 18 22 0.016491149
598 235 250 331 0.01636874
36 654 14 16 0.016335633
510 577 167 105 0.016263818
755 666 10 12 0.01622241
94 652 14 14 0.016208401
49 410 188 243 0.01619113
261 604 114 78 0.016158924
67 626 22 32 0.01613866
599 85 255 325 0.016092129
385 340 50 77 0.016089596
181 480 28 31 0.01605394
154 632 34 39 0.01594822
552 407 103 126 0.015929144
775 346 200 259 0.015918463
529 261 122 156 0.015899066
275 219 20 21 0.015833614
168 431 9 15 0.01570153
1018 0 6 13 0.015696898
457 0 118 79 0.015649736
145 647 61 35 0.015627354
30 657 52 25 0.015487434
197 661 13 18 0.015464747
170 287 24 17 0.015419711
615 525 14 10 0.015401633
159 193 20 22 0.01532988
973 255 27 33 0.015329126
376 0 120 75 0.015302713
41 656 12 16 0.015248698
181 353 45 50 0.015173546
760 90 179 246 0.015169887
899 28 125 238 0.015049501
122 619 11 14 0.015047069
998 651 26 31 0.015022357
748 599 97 83 0.014988253
605 594 161 88 0.01497957
557 204 155 211 0.014951469
316 193 104 140 0.014912958
205 179 10 11 0.014901418
146 557 177 125 0.014871073
0 664 16 18 0.014869916
540 0 117 80 0.014837145
966 256 37 52 0.014791368
96 644 17 19 0.014749613
701 264 191 250 0.0147311045
473 186 131 169 0.01467709
714 162 187 232 0.014651206
46 672 44 10 0.014622353
177 254 95 119 0.014619616
715 646 9 10 0.014612855
1006 661 18 21 0.014603763
297 0 120 77 0.014594352
435 228 33 26 0.014512051
86 607 10 11 0.014461865
982 636 42 46 0.014370245
928 203 96 177 0.014344972
99 655 17 20 0.014334825
267 214 38 49 0.014226354
802 196 153 196 0.014222314
4 628 94 54 0.014130856
579 618 117 64 0.014112559
197 647 16 22 0.014057492
1021 0 3 9 0.0140521815
171 229 16 20 0.014018623
308 665 14 13 0.013929128
34 644 17 21 0.01391949
203 427 10 11 0.013917614
346 0 97 60 0.0139121
133 366 197 254 0.013906072
149 42 199 235 0.013873804
588 0 96 64 0.013801623
176 287 15 12 0.0137839485
509 0 95 62 0.013720857
370 331 48 73 0.013701277
156 632 11 12 0.013647094
173 254 47 60 0.013605076
617 0 117 78 0.013569873
43 648 14 17 0.013529022
673 584 148 98 0.013522386
430 0 95 58 0.013511406
155 635 13 18 0.013497032
185 236 46 67 0.013483529
671 205 173 234 0.013478303
48 663 49 19 0.013423116
721 615 12 14 0.013419614
218 637 77 45 0.01335521
239 303 46 56 0.013339296
139 247 137 207 0.013322267
904 346 120 229 0.013313686
166 191 12 17 0.013296341
176 190 7 9 0.013273111
493 355 153 207 0.013262703
0 292 38 59 0.013256034
199 663 8 11 0.01318468
154 672 39 10 0.013180644
891 0 61 48 0.013119165
162 628 17 22 0.013088758
672 93 169 219 0.013015896
71 630 14 18 0.01299648
598 92 162 213 0.012963856
24 1 80 79 0.012937951
910 543 114 139 0.012894728
93 0 127 84 0.012883319
824 616 10 10 0.012844895
0 55 102 171 0.012649313
92 664 33 18 0.012644312
717 42 183 227 0.012637329
704 620 104 62 0.0126188435
176 193 10 16 0.01260797
506 610 110 72 0.0126053775
1011 0 13 17 0.012592908
0 663 5 11 0.012575358
41 658 8 11 0.012572579
66 672 43 10 0.01255572
710 590 10 10 0.012539317
170 152 135 205 0.012514443
174 277 22 23 0.012513339
217 0 119 80 0.012512024
799 570 152 112 0.012459936
990 275 10 12 0.012410021
997 260 27 67 0.012406851
0 493 51 135 0.012404511
718 637 12 10 0.012403224
124 672 38 10 0.01235691
104 656 12 12 0.012355932
717 638 16 15 0.012344082
592 592 10 12 0.012338772
782 597 113 85 0.0123161245
24 637 14 17 0.012244832
664 621 8 11 0.012206977
702 551 9 10 0.012185726
164 289 27 21 0.012173917
29 669 25 13 0.012145463
1005 0 19 26 0.0121209165
713 647 13 17 0.01210839
205 196 12 14 0.01209065
314 666 9 9 0.012062436
171 194 8 11 0.012040942
668 0 95 63 0.012017364
647 239 8 10 0.011993528
26 631 15 18 0.01196169
849 1 126 116 0.011947486
268 0 98 63 0.011946961
832 238 165 202 0.011927413
836 107 138 216 0.011919597
424 17 152 177 0.01190893
171 216 11 11 0.011888052
620 579 10 13 0.011877163
609 492 12 19 0.011849885
239 658 58 24 0.011836766
683 606 14 16 0.011832428
392 484 133 168 0.011822308
199 193 11 13 0.011810566
715 630 17 20 0.011799463
382 28 125 132 0.011798757
507 138 90 134 0.011783549
165 273 44 47 0.011773347
987 267 14 22 0.01176863
953 251 34 49 0.011754711
160 628 7 10 0.01174895
84 672 40 10 0.0117321545
819 132 110 154 0.011731884
274 220 14 14 0.011711477
857 612 6 10 0.011696376
155 626 12 15 0.011685839
617 592 7 10 0.011641974
0 645 9 21 0.011640576
298 670 14 12 0.011640056
660 656 15 14 0.0116332695
766 662 14 14 0.01159153
756 671 9 9 0.011574326
242 429 20 19 0.011554332
939 76 85 152 0.011546152
0 42 57 130 0.011523566
727 650 12 14 0.011502118
168 670 35 12 0.011490623
646 615 95 67 0.011474516
58 632 42 47 0.011470681
520 107 142 203 0.011468062
293 657 9 9 0.011448737
161 302 18 13 0.0114396885
170 655 44 27 0.011414356
994 3 30 71 0.011388363
165 337 58 57 0.011356345
551 229 86 120 0.011324321
158 419 86 124 0.011281008
805 55 147 207 0.011272952
631 625 11 12 0.011267999
172 190 9 10 0.011263636
104 660 44 22 0.01125411
951 281 31 45 0.01121126
670 360 171 219 0.011201337
189 211 11 12 0.011183835
712 400 174 216 0.011157476
0 653 9 23 0.0111508705
423 147 142 177 0.011148027
718 615 16 23 0.0111085
105 672 38 10 0.011101077
997 259 17 29 0.011079417
160 641 10 13 0.011064787
196 661 9 10 0.011048695
206 183 10 12 0.011042152
160 639 14 21 0.011041335
28 652 22 25 0.011038867
169 206 15 18 0.011014238
679 606 11 13 0.0110062
159 192 27 39 0.0109838005
308 666 8 10 0.010976097
616 578 11 12 0.010953325
306 638 7 9 0.010925387
70 638 18 26 0.010903116
15 264 14 18 0.010891244
921 463 103 176 0.010888388
201 661 9 10 0.010872728
989 272 35 91 0.010870454
413 601 116 81 0.010866423
0 0 8 11 0.010854183
13 662 42 20 0.010847371
864 406 42 58 0.010837618
0 394 70 175 0.010835642
686 609 9 9 0.010834334
61 637 22 28 0.010823938
969 265 19 22 0.010823729
146 662 45 20 0.010821141
752 665 17 17 0.010810682
963 252 23 32 0.01077339
95 656 9 10 0.010769545
751 637 10 13 0.01076636
698 0 117 83 0.010756255
38 102 141 198 0.010756119
551 664 9 9 0.010744857
190 0 97 68 0.010738824
411 266 124 143 0.010733646
569 526 9 11 0.0107296435
131 656 10 11 0.010718945
524 436 133 192 0.0107181175
27 644 13 15 0.0107074035
39 651 8 11 0.010689842
955 290 47 77 0.010688685
14 0 71 49 0.0106800245
606 521 23 18 0.010662803
655 123 113 149 0.010645094
721 418 9 12 0.010629594
947 664 12 16 0.010623522
554 658 41 24 0.010608845
947 284 22 35 0.010608133
447 337 97 131 0.0105976155
196 192 9 13 0.010595641
176 261 24 32 0.010593479
66 657 45 25 0.010582893
722 606 14 18 0.010572137
758 665 8 10 0.010567125
307 640 12 15 0.010565936
342 56 139 154 0.0105594415
174 197 7 10 0.010556721
258 403 7 12 0.010548651
713 642 51 40 0.010546882
789 633 40 49 0.01052494
466 607 105 75 0.010500347
872 413 23 35 0.010494775
647 585 9 9 0.01048176
725 620 7 10 0.0104789715
0 435 5 13 0.010476468
5 672 34 10 0.010457007
606 454 48 77 0.0104518235
126 661 46 21 0.010438112
0 222 81 205 0.010428907
764 668 10 12 0.010414328
128 463 136 184 0.010381789
137 334 137 208 0.010377304
608 43 138 180 0.010375436
369 323 192 252 0.010364965
215 405 36 40 0.010359225
150 0 99 67 0.010341933
0 648 6 12 0.010331464
437 435 149 203 0.010328888
84 599 11 15 0.010308955
190 638 66 44 0.010305314
127 647 18 22 0.010304079
574 262 90 115 0.010283141
847 613 7 10 0.010277986
98 634 23 31 0.010270185
303 663 27 19 0.010268051
401 349 56 70 0.010246867
191 213 49 73 0.010245558
159 341 23 28 0.010219233
976 268 19 22 0.010218753
280 254 20 26 0.01021004
940 168 48 59 0.010203663
168 429 53 69 0.010198384
325 88 14 16 0.010191902
43 648 7 13 0.010186056
200 668 7 10 0.010180067
104 0 64 59 0.010177909
770 0 19 13 0.010174542
192 642 18 24 0.010169736
87 490 122 150 0.010160878
0 647 24 35 0.010134809
649 183 137 189 0.010126712
202 656 19 23 0.010117133
964 275 25 40 0.010115135
263 650 12 15 0.010068005
614 576 9 13 0.01006107
696 671 36 11 0.010059024
152 338 38 52 0.010055682
8 639 10 11 0.010054563
9 0 20 14 0.01005377
0 571 10 16 0.010040624
741 128 113 144 0.010037562
884 250 85 133 0.010026047
581 0 18 12 0.010020006
152 629 12 13 0.010019095
203 196 10 10 0.010014753
443 507 98 175 0.010010228