18_Concerts_Concerts_18_486
550
239 178 258 244 0.77183723
24 245 237 285 0.069963075
177 269 129 154 0.066691555
877 477 51 59 0.05553441
892 484 28 46 0.053579964
116 40 374 369 0.051212765
780 289 20 19 0.04958757
17 106 260 297 0.04726635
336 253 165 187 0.04719412
363 1007 101 72 0.045998685
299 20 221 284 0.04194856
89 276 321 327 0.04055458
342 156 189 227 0.037727136
834 1311 190 231 0.034840614
856 490 66 79 0.034468632
914 1384 110 158 0.03364308
395 159 226 276 0.032073226
833 511 79 79 0.03135207
0 212 131 319 0.03133232
210 329 100 90 0.030698897
169 160 227 208 0.02993703
21 368 219 325 0.02937927
0 134 200 473 0.028416416
778 152 23 28 0.028135363
161 793 383 458 0.028018646
320 964 154 127 0.026722481
8 0 245 278 0.026523305
336 164 27 39 0.026338613
840 485 93 132 0.026321542
845 393 32 65 0.026277851
630 412 54 54 0.025936676
249 267 229 277 0.02567252
168 460 65 62 0.02561816
154 341 136 175 0.02548469
579 1360 72 56 0.024949024
252 718 47 90 0.024723886
774 159 32 39 0.024707941
424 109 370 467 0.024655007
329 1003 369 465 0.024631346
522 367 305 339 0.024469884
922 0 102 147 0.024450524
743 0 281 289 0.023949182
270 748 28 61 0.02301075
0 0 133 174 0.022809237
0 1280 141 262 0.02269898
161 691 51 104 0.022639189
391 295 142 191 0.022590537
322 1320 287 222 0.022468902
770 147 22 30 0.022281563
111 386 254 313 0.022259755
908 231 116 290 0.022206748
476 78 249 308 0.021880373
578 738 72 102 0.02182323
189 190 46 58 0.021407984
366 0 233 254 0.021000726
883 1167 141 335 0.020967657
1 333 158 287 0.020912455
176 663 210 252 0.02087459
484 198 240 311 0.020824049
125 659 334 451 0.020759853
380 330 193 269 0.020649632
925 344 99 285 0.02045363
0 75 130 325 0.020405412
890 969 134 337 0.020322012
102 287 127 153 0.02029168
481 767 78 75 0.019969992
108 363 119 188 0.01993477
227 681 265 286 0.019895008
188 1192 331 350 0.019819688
902 98 122 302 0.019762062
803 535 109 142 0.019732172
0 0 86 114 0.019653521
235 956 241 200 0.019587891
819 0 205 178 0.019528326
899 492 19 30 0.019356515
370 1040 78 44 0.019308787
64 1260 278 282 0.019247336
158 1344 17 26 0.01921462
783 313 49 80 0.01921398
826 365 23 19 0.019156054
297 155 151 182 0.019152058
947 1442 77 100 0.019152028
796 402 28 32 0.019129915
659 70 215 314 0.019047838
976 1470 48 72 0.019009482
518 0 406 408 0.018990487
171 343 382 432 0.018915068
726 1237 270 305 0.018785568
901 685 123 317 0.018636983
142 413 110 121 0.018614551
957 325 67 202 0.018543983
812 607 101 99 0.01818563
208 20 215 236 0.018171383
128 911 271 301 0.01808902
167 1328 263 214 0.018002529
944 213 80 200 0.017860405
419 1243 289 299 0.017814554
927 462 97 275 0.017774662
500 1102 258 384 0.017580241
784 457 135 185 0.017461957
260 0 204 154 0.017386083
966 447 58 187 0.017301194
793 472 231 496 0.017225217
263 250 358 385 0.017114857
193 652 142 169 0.017089115
611 385 175 210 0.017016543
921 595 103 286 0.016968999
771 286 22 18 0.016968513
900 805 124 332 0.01691981
0 1406 82 136 0.01691631
415 0 382 294 0.016860776
779 1311 33 52 0.016800068
0 321 72 196 0.016798466
914 528 17 33 0.016796485
789 924 235 547 0.016768314
232 166 50 47 0.016721496
782 262 47 72 0.01667687
863 1441 144 101 0.016583266
787 293 18 16 0.016544212
155 1427 17 24 0.016504861
399 705 260 236 0.01649793
138 861 141 194 0.016413879
790 310 19 20 0.016352667
304 228 161 160 0.016281413
0 464 131 230 0.016218752
751 157 180 296 0.016209431
213 699 82 103 0.016159287
764 150 46 64 0.016138509
936 969 88 232 0.016129177
590 135 226 323 0.016117577
18 1386 171 156 0.016116636
771 294 76 127 0.016097441
72 37 262 284 0.016038395
782 344 52 84 0.01600753
754 288 51 79 0.015982892
937 1076 87 232 0.015975794
101 467 100 123 0.015921783
799 85 201 306 0.015784895
157 677 96 144 0.01575167
785 150 29 33 0.015719656
453 953 262 346 0.015658598
78 0 209 150 0.015657265
202 569 216 256 0.015639523
157 198 117 171 0.0156080285
751 285 169 290 0.01559044
205 254 200 173 0.015550763
379 1098 118 156 0.015496088
796 696 228 553 0.015495085
773 139 33 36 0.015442102
642 408 46 34 0.0153546
432 0 217 161 0.015336293
785 296 12 14 0.015332985
665 417 104 87 0.015282982
89 654 214 289 0.0152765205
234 620 370 463 0.015272521
454 714 172 156 0.015253882
0 1004 106 269 0.015245779
943 727 81 218 0.015199103
142 1453 15 17 0.015175171
740 170 83 128 0.015146075
215 0 174 127 0.015131361
7 1189 227 324 0.015125882
672 214 200 310 0.015100523
784 404 113 167 0.015095879
255 171 29 33 0.015093011
0 700 104 272 0.015085766
290 888 213 202 0.015081311
538 1351 225 191 0.014997446
90 804 233 302 0.014944833
191 969 347 419 0.014940164
945 63 79 213 0.014923855
211 142 67 73 0.014857931
199 1075 138 168 0.014808822
958 632 66 192 0.014791152
433 1398 187 144 0.014782974
655 0 247 219 0.014761536
322 728 148 175 0.014753894
447 43 202 264 0.014726275
390 0 179 130 0.014702696
0 881 101 271 0.014687072
152 1374 155 168 0.01467025
1015 1509 9 33 0.014669164
572 1358 56 38 0.014604743
965 0 59 82 0.014563755
643 414 78 69 0.01454768
115 807 138 191 0.014524873
903 496 22 31 0.014457771
135 1329 72 132 0.01445304
400 1035 61 40 0.014363876
0 255 93 174 0.014296248
0 576 106 276 0.014295863
0 1118 112 276 0.014199457
773 173 23 27 0.014180154
509 1405 167 137 0.014154103
737 267 79 129 0.014142512
522 555 130 166 0.014099133
755 233 51 74 0.014093571
548 0 224 159 0.014034246
692 1463 118 79 0.014026889
937 1214 87 226 0.014020655
313 916 286 334 0.014011773
749 95 275 507 0.014010744
944 858 80 216 0.014000367
603 1479 95 63 0.013977781
314 386 210 256 0.013960367
211 1417 150 125 0.013922426
149 7 205 209 0.013879934
704 1397 138 145 0.013851496
138 938 135 188 0.013845763
180 43 125 147 0.01378973
1019 0 5 47 0.013785386
783 379 54 78 0.013780407
726 962 191 292 0.01376171
773 165 49 68 0.013749864
806 317 53 77 0.013731384
808 336 30 36 0.013726404
732 0 218 159 0.013724785
528 692 244 252 0.013665695
808 387 51 61 0.013663917
354 1025 121 135 0.013654597
230 1020 138 166 0.013649931
581 1347 128 107 0.01364755
203 1145 134 164 0.013635879
31 0 175 130 0.013630061
781 1 119 118 0.013596475
616 648 215 256 0.013571013
344 627 253 252 0.013565755
812 223 182 298 0.013557919
779 331 111 179 0.013555707
180 475 37 47 0.013499862
814 368 157 255 0.013496372
0 639 174 286 0.013478461
665 359 327 453 0.013452668
701 170 90 130 0.013439987
768 213 78 118 0.013433946
329 174 34 46 0.013411397
787 315 20 25 0.0133961635
346 0 146 105 0.0133505855
623 408 49 35 0.013341772
750 133 73 107 0.013312159
882 1480 93 62 0.013289504
77 308 109 166 0.013280884
0 812 160 287 0.013267629
667 1162 236 337 0.013238111
669 1336 232 206 0.01322517
1008 1495 16 47 0.013189459
799 535 159 231 0.013164048
348 1367 152 175 0.0131151825
0 985 69 181 0.013076015
0 433 74 198 0.013060557
0 702 201 513 0.0130081605
259 1393 189 149 0.013005283
361 705 398 539 0.012986315
777 282 22 19 0.01298115
216 768 184 216 0.012978708
797 337 24 21 0.012978611
15 1002 200 286 0.0129708145
203 176 51 51 0.012956436
96 235 115 155 0.012942247
90 986 232 293 0.012916045
0 686 69 183 0.012863878
389 314 100 117 0.012857046
333 982 96 91 0.012851936
773 268 19 21 0.0128349075
250 685 168 182 0.012832327
51 47 132 186 0.01282634
351 860 126 187 0.012824456
1001 0 23 85 0.012819612
1006 0 18 44 0.012805287
156 400 43 51 0.012775472
31 866 203 288 0.012770089
251 158 142 150 0.012745287
74 504 222 294 0.0127226645
779 295 27 33 0.012722088
597 476 194 221 0.012702775
638 1399 9 12 0.012685245
605 1032 216 359 0.012682093
122 707 116 181 0.012663847
126 505 65 86 0.0126548065
341 352 149 192 0.012635971
682 1485 85 57 0.01260606
0 58 90 222 0.012599897
424 272 228 289 0.01259663
0 800 68 188 0.012586932
133 1042 246 320 0.012576441
668 366 188 247 0.012563373
379 738 126 154 0.0125550665
704 705 83 109 0.012524046
226 123 68 77 0.012517289
772 275 16 18 0.012503745
7 1455 113 87 0.012496741
750 338 56 86 0.012381649
770 160 21 31 0.012378142
449 404 244 271 0.012369659
460 205 142 186 0.012355662
292 531 237 283 0.012351412
159 1018 144 171 0.01233789
811 1391 146 151 0.012334656
550 509 135 172 0.012324839
762 948 132 185 0.012319933
556 1248 291 294 0.012316398
0 1102 72 184 0.012300805
171 176 76 81 0.012298148
753 195 54 79 0.0122931935
513 1460 124 82 0.012286908
1 1477 75 65 0.012275113
700 436 52 44 0.01225471
819 363 22 16 0.012247514
710 204 131 192 0.012243508
0 555 71 188 0.012233472
148 1073 130 164 0.012215898
160 780 144 180 0.012204499
0 143 70 181 0.012201048
154 604 106 164 0.012199482
146 1414 25 41 0.012193315
419 456 344 440 0.012165677
807 981 59 116 0.012158978
715 331 128 186 0.012143433
346 1066 125 158 0.012135638
778 286 14 13 0.012132189
885 499 45 99 0.0121093625
721 1 122 129 0.012080883
378 1054 50 31 0.012038331
240 740 10 11 0.012028346
780 318 12 20 0.012020631
341 182 20 25 0.012017819
418 1070 231 330 0.012016055
163 701 33 59 0.012010418
92 753 129 174 0.011993212
178 172 113 140 0.0119892005
389 965 115 119 0.011986421
423 440 135 188 0.011959854
189 454 232 258 0.011948322
325 779 173 212 0.011945191
329 385 303 361 0.011936674
24 297 129 188 0.011927754
437 279 105 148 0.011910599
121 673 95 143 0.011907023
170 0 143 103 0.011898486
410 1452 136 90 0.011893153
703 116 89 130 0.011880033
446 44 129 186 0.011878497
0 0 53 71 0.011866899
145 1358 41 100 0.011859702
83 1112 242 317 0.011852018
254 1459 127 83 0.011845594
161 86 115 136 0.0118423905
507 607 119 140 0.011827527
0 1482 36 60 0.01181284
778 430 63 83 0.011800329
864 524 160 278 0.011786724
389 1004 13 15 0.011783067
797 411 19 20 0.011766244
613 735 205 270 0.011745344
859 401 27 58 0.011740715
504 843 371 529 0.011732639
787 136 32 33 0.01171458
423 338 89 126 0.01170993
834 1 129 125 0.011702411
772 288 40 53 0.011683697
455 664 114 124 0.011671806
525 825 132 145 0.011668916
61 816 130 175 0.0116386255
777 196 52 77 0.011636579
532 596 261 262 0.011633786
581 341 157 193 0.01162197
1014 0 10 29 0.011575213
794 292 21 22 0.011569097
351 1044 73 49 0.011568609
226 179 37 35 0.011567267
359 1203 129 193 0.011562246
893 487 43 78 0.011514914
739 585 191 274 0.011506515
791 296 25 32 0.011505613
629 506 251 313 0.011505357
599 398 91 102 0.011498732
226 1303 138 193 0.011481805
181 837 248 247 0.011478161
418 731 119 131 0.011467744
874 1372 115 153 0.011435641
451 767 80 87 0.011403049
512 463 132 184 0.01140269
22 510 183 262 0.011388404
77 405 111 164 0.011371505
298 1019 139 153 0.011365031
606 1445 135 97 0.011346827
294 770 137 173 0.011337896
151 1147 125 160 0.011330285
806 989 95 171 0.011316816
536 46 128 188 0.011316178
780 320 27 40 0.011307167
780 355 27 37 0.011304679
359 1455 131 87 0.011298671
658 1357 134 164 0.011290811
158 477 58 63 0.011289379
320 155 42 54 0.011255641
0 453 335 526 0.011254552
815 37 111 150 0.011250626
811 395 24 27 0.011235079
177 699 135 173 0.011231085
196 474 42 50 0.011229206
486 752 200 233 0.011185496
178 584 144 181 0.011172427
231 1205 136 176 0.011143769
169 104 177 189 0.011125025
15 798 347 514 0.011118657
241 1142 224 288 0.011105869
325 643 172 187 0.011098491
23 658 126 171 0.011077573
484 854 118 127 0.011076857
256 1289 73 93 0.01107176
32 0 114 86 0.011064785
779 273 28 31 0.011052785
260 1082 132 163 0.011050248
382 15 138 191 0.011038472
405 1127 139 181 0.01102444
800 415 25 24 0.010995358
58 1463 109 79 0.010992795
170 739 34 60 0.010990952
183 1122 112 137 0.010990327
317 1168 240 316 0.010966055
795 276 79 122 0.010958433
730 1084 232 353 0.010946048
0 1225 71 185 0.010943743
202 480 11 15 0.010935325
191 896 141 180 0.010910235
742 1464 118 78 0.010846534
830 633 121 153 0.010846258
0 1290 76 189 0.010846003
242 187 42 34 0.0108454395
1022 1511 2 31 0.010834055
733 311 88 139 0.010831109
568 858 119 144 0.0108103985
0 1532 13 10 0.010793573
116 59 127 161 0.0107907895
43 980 140 195 0.010782117
355 1294 130 182 0.010759029
791 624 118 135 0.010758614
760 0 100 92 0.010753948
299 146 68 80 0.010753779
812 259 12 16 0.010749499
626 905 204 298 0.010748216
600 29 223 278 0.010743712
814 705 183 267 0.01074188
701 716 142 197 0.010715543
233 936 145 163 0.010703172
763 814 12 14 0.010694547
773 126 53 72 0.010692768
564 1134 170 253 0.010675208
334 821 107 139 0.010669239
964 1362 60 157 0.010666071
422 627 116 135 0.01065642
145 304 105 111 0.010654006
450 141 114 169 0.010652607
816 0 106 82 0.01062958
584 1374 78 86 0.010602719
796 331 33 46 0.01060125
717 196 58 80 0.010596319
793 268 31 35 0.010592372
412 813 231 274 0.010589156
522 0 151 102 0.010575131
550 815 212 280 0.010570574
986 458 38 113 0.010567647
796 309 12 15 0.010566769
835 1278 125 182 0.01056416
905 501 14 23 0.01056366
0 338 8 20 0.010552081
1022 1495 2 47 0.010545754
731 185 27 27 0.010527898
1022 0 2 36 0.010503538
105 485 149 189 0.0105024185
734 814 198 305 0.0104995845
184 423 147 136 0.010491599
94 0 111 85 0.010485298
198 1482 92 60 0.010479478
781 342 17 18 0.010475022
264 1489 79 53 0.010456894
513 671 111 109 0.010454072
143 1185 231 303 0.010453948
219 352 146 159 0.010445123
617 1338 135 137 0.010440314
444 289 20 21 0.010438592
398 1330 151 182 0.010436799
794 354 25 35 0.010430905
369 922 88 118 0.010404569
351 441 141 166 0.010403357
674 425 134 144 0.010393081
21 1136 181 257 0.010383978
477 86 124 176 0.010382828
344 1128 129 164 0.010377901
224 1108 87 107 0.010377783
441 1189 140 197 0.010370699
960 527 64 151 0.010366849
278 178 20 28 0.010365089
684 5 123 158 0.010360255
636 198 150 200 0.010359617
157 1035 69 85 0.010356627
583 0 150 101 0.010353891
744 1249 120 167 0.01035205
194 192 68 78 0.010346334
843 71 112 155 0.010337729
788 1296 13 12 0.010329255
99 892 131 179 0.01032443
143 1411 19 22 0.010312966
261 1160 123 151 0.010308545
158 921 98 126 0.010296961
279 655 80 94 0.010293306
280 757 22 48 0.010293188
423 285 18 19 0.010279445
663 73 103 155 0.01027673
775 209 122 190 0.010263263
800 347 68 100 0.010262896
843 455 66 73 0.010262667
783 267 21 18 0.0102502
201 1 74 87 0.010248227
399 987 73 82 0.010228563
1007 721 17 110 0.01022259
782 385 34 46 0.010210538
779 134 23 23 0.010198376
201 194 39 37 0.010193709
479 508 139 175 0.010193513
515 983 129 161 0.010187392
227 705 55 66 0.010180198
289 279 13 19 0.010178865
154 504 40 51 0.010172704
481 796 122 142 0.010172602
832 1488 82 54 0.010169166
913 1490 89 52 0.010166495
161 843 65 82 0.01016273
647 429 29 51 0.01015789
806 264 54 76 0.010155207
488 775 47 52 0.01013813
872 455 79 97 0.010128439
806 406 56 77 0.010115458
797 279 16 19 0.010111138
965 592 59 149 0.0100986
761 71 150 211 0.010095471
788 282 21 20 0.010087802
720 164 56 79 0.010072624
144 870 67 84 0.010065166
155 1437 16 17 0.010062491
406 1253 139 184 0.010057624
511 312 195 252 0.010047098
236 1360 69 97 0.010036375
434 676 16 16 0.010031884
276 501 152 174 0.010021357
0 1471 6 17 0.0100195035
145 1305 117 168 0.0100154625
615 1387 18 22 0.010011365
0 0 13 17 0.010008615