23_Shoppers_Shoppers_23_223
3500
468 352 81 114 0.87087417
336 182 20 27 0.23515193
944 432 22 31 0.18885483
420 193 13 18 0.18487576
125 189 41 50 0.17644483
394 199 11 14 0.17341359
594 379 22 20 0.17004722
753 260 19 20 0.14409389
882 216 29 27 0.14151675
651 334 11 11 0.13434657
469 175 14 19 0.13349262
473 237 12 14 0.11325736
710 443 11 14 0.11068129
547 237 10 13 0.10110903
788 330 20 20 0.098563656
127 193 27 32 0.09374856
77 528 29 27 0.09344826
523 173 15 16 0.0932803
927 321 26 29 0.09131397
285 96 20 21 0.08741201
375 222 15 17 0.08636652
697 206 22 18 0.081972785
372 339 13 13 0.08057881
509 234 11 14 0.08036109
370 314 19 29 0.07813195
387 306 10 11 0.07765229
729 453 10 14 0.07659712
872 182 9 10 0.07631291
268 789 10 13 0.07559796
104 188 20 31 0.07530101
940 434 18 24 0.07438557
447 193 9 10 0.07396259
921 287 17 22 0.07329709
598 385 17 21 0.072796196
84 300 32 32 0.07262869
660 371 10 11 0.071809836
341 260 15 17 0.07088287
666 412 7 10 0.0706688
945 399 17 22 0.06962792
582 249 11 12 0.06937629
927 545 24 31 0.0686657
66 414 26 28 0.06812371
841 188 21 26 0.06719769
439 253 11 14 0.06636411
378 341 10 12 0.065252505
605 434 24 21 0.06489079
662 243 16 15 0.06472857
279 234 21 24 0.06469073
957 429 26 28 0.063222036
638 300 10 11 0.06270442
704 441 14 14 0.06257846
657 408 9 11 0.061410867
945 552 28 34 0.061199315
957 322 21 32 0.06072303
410 275 11 12 0.05893368
624 208 13 13 0.057725385
844 199 16 19 0.05707855
360 185 10 14 0.056447893
454 183 10 12 0.056262795
387 424 11 12 0.056247946
664 372 10 11 0.05577313
712 446 14 18 0.0554115
498 865 13 15 0.054456532
665 193 13 19 0.052036174
376 176 13 16 0.05165626
693 287 16 15 0.05160063
644 443 9 10 0.05147693
56 292 20 38 0.05144083
510 231 11 13 0.04974145
939 324 29 30 0.04970898
345 183 18 23 0.04921497
659 409 10 12 0.04910523
942 405 15 20 0.049064487
942 388 24 36 0.048499666
917 492 31 42 0.048461266
455 198 14 20 0.04824696
668 373 7 10 0.047556337
613 271 11 10 0.047332536
373 197 11 13 0.047041398
118 183 61 74 0.04687889
644 268 21 15 0.04653735
884 211 41 46 0.046489306
576 739 10 17 0.045856174
274 94 26 25 0.045517642
530 242 11 17 0.045489937
397 197 12 15 0.04518627
895 216 29 27 0.045183744
368 381 10 13 0.045061003
595 185 10 13 0.04482355
654 333 15 11 0.044531498
290 99 20 24 0.04444711
382 69 28 32 0.044325076
713 453 14 15 0.04419089
941 423 22 30 0.04416276
477 238 12 14 0.044157967
939 318 37 55 0.044146013
370 331 17 20 0.043941617
433 197 9 13 0.04321283
494 242 13 18 0.043196
681 427 10 14 0.04313046
549 186 9 11 0.042589102
951 396 15 22 0.04249594
308 362 12 15 0.042336784
518 253 9 13 0.042164464
966 436 22 31 0.042015936
950 437 22 31 0.04199181
908 206 26 36 0.04164084
941 363 34 60 0.041197196
439 181 10 13 0.0410637
727 451 9 13 0.040727504
719 417 13 18 0.040705226
650 445 9 13 0.040515
250 742 28 36 0.040071428
591 374 32 34 0.040035527
653 182 8 10 0.039945625
841 329 34 48 0.03988658
871 184 13 18 0.0398771
108 193 32 32 0.039553642
404 194 9 11 0.039223574
471 182 10 14 0.03897034
886 219 16 17 0.038874213
423 197 16 16 0.03854845
810 407 15 19 0.038453743
952 428 20 25 0.038337484
293 94 15 21 0.038178388
717 459 11 10 0.03804058
391 181 6 10 0.037997644
340 187 13 18 0.037995562
706 259 16 18 0.037795637
878 223 23 23 0.03778889
950 438 14 22 0.037762385
934 493 26 43 0.037689567
958 211 20 29 0.037524216
966 428 22 22 0.037225183
599 185 8 13 0.037204564
899 391 10 9 0.037148427
392 283 13 14 0.036915705
442 213 11 13 0.036789488
725 451 17 20 0.036414217
714 460 14 13 0.036330774
944 507 18 30 0.036290914
370 339 9 13 0.036229696
654 337 11 11 0.036218844
253 757 11 14 0.036014214
486 202 13 21 0.035992626
592 373 21 20 0.03597422
719 447 13 17 0.03594281
455 178 8 10 0.03590837
949 328 25 31 0.035896562
615 439 13 17 0.03587247
636 299 9 10 0.035761822
833 178 45 52 0.035593107
953 396 10 12 0.035426952
549 234 11 14 0.035240088
573 76 102 140 0.035235938
597 384 13 12 0.035102107
781 331 19 18 0.035084862
965 391 10 12 0.034955088
732 452 10 12 0.034880936
358 189 16 23 0.034509636
283 103 18 21 0.03411757
564 249 10 13 0.03396625
933 313 28 31 0.03392927
950 310 25 29 0.033737898
893 223 19 24 0.033350833
717 390 13 16 0.033326518
449 190 11 13 0.033173524
591 380 17 16 0.03304893
891 221 16 17 0.032922864
822 182 9 13 0.03276118
962 441 17 23 0.03267853
443 188 11 13 0.032615267
714 443 13 14 0.032203536
476 329 62 82 0.03216537
793 326 23 21 0.03206034
397 181 10 12 0.03205362
792 332 13 14 0.031930696
71 297 35 32 0.031921044
665 309 25 13 0.031872682
987 722 18 30 0.031849798
423 191 10 13 0.03180192
929 507 22 30 0.031632304
341 191 17 22 0.03152487
733 855 34 41 0.03148605
470 235 12 15 0.03147327
723 243 14 17 0.031470645
891 205 25 32 0.031394027
603 171 9 11 0.031374358
903 496 36 33 0.031276856
135 203 24 28 0.03122182
458 194 14 19 0.031221813
464 179 14 15 0.03117247
363 186 12 16 0.031164646
453 192 11 12 0.031001521
457 184 11 13 0.030911477
598 393 25 29 0.030860092
61 403 42 54 0.030836627
521 177 15 19 0.03073589
746 263 20 20 0.030694328
443 253 11 13 0.03066148
396 201 12 16 0.030634535
372 121 12 15 0.03058911
310 207 13 15 0.030588632
365 5 69 53 0.030526655
359 2 91 99 0.030516692
356 183 17 20 0.030438557
325 177 24 27 0.030266114
414 839 10 11 0.030262891
821 411 18 20 0.030106964
365 815 12 15 0.02986712
869 189 14 20 0.029775511
554 387 19 21 0.029770846
916 276 24 36 0.029682243
610 265 16 14 0.029662954
803 406 17 19 0.02963497
350 179 16 21 0.029576674
386 179 10 12 0.029527321
893 296 14 14 0.029401379
640 298 11 11 0.029375667
137 189 40 40 0.029349238
692 267 12 15 0.029283842
934 406 12 16 0.02922131
703 208 14 13 0.029109092
925 294 12 14 0.029093226
606 436 16 14 0.029026689
527 83 97 119 0.029003425
444 194 11 14 0.028945882
279 92 31 36 0.028799264
364 301 25 37 0.028744634
299 429 17 22 0.028531322
662 413 8 10 0.028494379
443 114 10 12 0.028483495
544 240 10 12 0.028466238
440 185 11 14 0.02846508
504 189 14 20 0.02834699
846 183 17 22 0.028298559
881 227 25 29 0.028297376
368 381 16 22 0.028118744
652 407 12 13 0.028111698
579 469 35 25 0.028028864
818 186 8 11 0.028011877
506 238 12 20 0.028005745
209 452 14 17 0.02795288
941 308 26 24 0.027949294
599 396 14 18 0.027943468
764 253 25 24 0.027929565
939 441 13 16 0.027912641
806 248 23 29 0.027878039
364 191 16 21 0.027836047
426 122 26 30 0.027795684
403 197 11 14 0.02779163
940 379 21 33 0.027699275
721 456 16 15 0.027677536
446 335 23 44 0.027663412
721 442 10 15 0.027656913
709 448 11 15 0.027620984
932 328 14 18 0.02747727
869 419 19 19 0.027421128
604 388 18 20 0.02739033
417 195 11 13 0.02732952
456 178 13 15 0.027324902
936 515 19 23 0.0272212
546 239 13 19 0.027206916
456 194 11 13 0.027193392
338 237 12 15 0.027188467
881 173 10 12 0.027145261
943 438 11 14 0.027136458
925 547 19 20 0.027100094
529 173 11 12 0.027086923
593 187 8 9 0.027063692
492 349 106 128 0.027054064
634 261 14 14 0.026932761
366 214 13 16 0.026925374
483 181 6 9 0.0268827
569 742 14 19 0.026867019
275 94 14 18 0.026850503
373 37 51 66 0.026742801
692 209 19 19 0.026612805
649 332 17 17 0.026594054
449 195 14 19 0.02649218
756 255 23 21 0.026390212
474 178 11 13 0.02638054
908 835 18 23 0.026370298
594 390 17 19 0.02634595
922 380 29 40 0.026289083
499 243 14 19 0.026263159
350 190 15 19 0.026246842
572 186 13 16 0.02610244
483 878 7 9 0.026058262
877 209 25 26 0.025957331
438 194 12 15 0.025930006
660 247 13 14 0.025752477
870 184 10 12 0.025727343
718 377 7 9 0.025674948
442 205 9 10 0.025616879
949 433 15 18 0.025544718
960 210 31 35 0.025465632
579 252 11 12 0.02545943
923 376 40 60 0.025455972
392 279 19 24 0.025430655
477 234 9 14 0.025420416
265 789 9 12 0.025399432
90 290 40 37 0.02539118
936 326 45 78 0.025298348
823 273 108 135 0.025295295
511 236 14 18 0.02524847
934 543 32 37 0.025239497
948 409 15 19 0.025188982
513 234 11 12 0.025175733
705 241 13 15 0.02513874
891 295 20 23 0.02513164
526 176 15 18 0.025062267
869 197 38 43 0.025061488
297 100 13 17 0.02505901
530 248 9 12 0.025042707
547 187 12 16 0.025040066
664 414 8 11 0.025013963
480 180 10 14 0.024953147
430 188 13 17 0.02493566
620 441 9 13 0.024891952
370 192 16 20 0.0248814
393 0 83 50 0.024865484
597 423 32 37 0.02484053
915 326 28 27 0.024816485
649 329 12 13 0.024784306
497 239 11 14 0.024750644
310 206 20 24 0.02474102
803 326 18 19 0.024722937
680 175 7 10 0.024682458
60 293 33 37 0.024668861
276 227 33 41 0.024658099
383 419 17 18 0.024656614
291 99 12 15 0.024627691
252 752 17 22 0.024603512
599 372 25 23 0.024574835
598 171 11 11 0.024538903
630 454 11 13 0.024501748
891 481 52 51 0.02447865
702 440 12 12 0.024437478
599 108 108 136 0.024426224
883 190 7 12 0.024407035
946 869 12 14 0.024382152
613 436 12 13 0.024327382
534 245 9 12 0.024294572
594 386 12 13 0.024266144
353 174 12 17 0.024226522
403 177 13 15 0.024223402
729 459 9 13 0.02421653
265 787 15 20 0.024178177
238 298 18 21 0.02416956
817 403 21 19 0.024167705
473 239 16 20 0.024077881
482 242 11 14 0.024034481
752 263 11 14 0.023936708
711 496 7 10 0.023920232
790 330 11 13 0.023898136
384 302 16 18 0.023888515
900 71 18 23 0.023857785
796 88 9 11 0.023784688
663 408 9 11 0.023739453
378 404 21 28 0.023700021
844 202 12 11 0.023657039
908 484 47 64 0.023600994
563 248 9 10 0.023559663
868 212 34 38 0.023552485
663 370 8 10 0.023521475
516 171 16 17 0.02351233
713 336 12 15 0.023511555
810 732 14 20 0.023502212
449 181 11 14 0.023500126
874 170 7 9 0.023499263
436 179 16 18 0.023475649
299 69 106 134 0.023379926
507 227 11 14 0.02336594
313 206 9 11 0.023319155
644 241 9 11 0.023300946
466 183 14 21 0.023246951
150 192 78 84 0.02324515
642 445 8 10 0.023169132
757 267 11 14 0.023158101
905 831 28 36 0.023156801
725 250 11 13 0.023119565
960 197 23 34 0.023111936
887 223 43 57 0.023054896
324 188 22 26 0.023041591
397 188 13 16 0.023027658
461 187 14 20 0.022926474
514 228 10 13 0.022924468
283 94 15 18 0.022914976
852 185 24 29 0.022853116
370 220 15 16 0.02282467
787 262 161 207 0.022787485
528 239 11 12 0.02273575
946 440 10 15 0.022715997
760 263 13 15 0.022690186
597 379 12 11 0.022674112
917 293 19 23 0.022665327
860 175 25 30 0.022594117
655 180 8 11 0.02255989
544 234 11 13 0.022558965
519 166 19 19 0.022514673
369 270 13 13 0.022513619
1 562 542 334 0.022481006
954 403 15 20 0.0224112
464 171 16 20 0.022397086
602 387 11 13 0.02237418
434 186 12 17 0.022369176
348 448 13 13 0.022368321
926 322 16 21 0.02232929
758 404 18 20 0.022321418
601 382 12 12 0.022283886
920 216 16 27 0.022267291
567 0 64 52 0.022253895
676 270 11 13 0.02222537
453 183 15 21 0.022192903
874 188 14 18 0.022177657
391 197 11 13 0.022173187
391 182 10 13 0.022152387
942 431 13 17 0.022145119
661 334 9 11 0.022112839
58 285 24 33 0.022112375
901 364 45 58 0.022111893
926 283 12 18 0.022111405
931 438 23 25 0.022081397
376 301 20 28 0.022068381
378 345 96 127 0.022062382
977 439 13 27 0.022049805
660 243 12 12 0.022048436
482 237 9 13 0.022041708
390 304 12 12 0.02199732
957 554 20 28 0.02199622
294 104 11 15 0.021950645
353 37 82 108 0.021926818
874 223 17 20 0.021912627
538 239 12 14 0.021881148
540 0 68 51 0.021877253
384 304 11 10 0.021876343
71 358 13 17 0.02187191
405 273 16 19 0.021866744
321 599 6 9 0.021862866
346 217 22 30 0.02185633
712 464 13 13 0.021838445
333 185 17 16 0.021816695
367 380 25 31 0.02172872
378 73 20 24 0.021709051
807 331 16 20 0.021702746
692 199 32 37 0.021692732
922 0 102 128 0.021665696
394 179 16 19 0.021659747
444 199 10 14 0.021624876
925 413 42 59 0.021623636
106 180 28 36 0.021579007
279 98 15 17 0.021578537
341 176 17 25 0.021564925
892 392 18 15 0.02156097
898 202 29 33 0.021549555
440 372 95 125 0.021547738
643 445 11 13 0.021516502
365 192 11 15 0.02151459
897 278 25 34 0.021503275
212 181 22 25 0.021484314
678 0 58 50 0.021461362
725 441 7 11 0.021420544
645 332 15 14 0.021378227
314 217 13 17 0.021297991
705 284 11 15 0.021266263
403 422 13 15 0.021257022
654 371 14 14 0.02122667
148 0 69 51 0.021204466
465 274 98 153 0.021169754
977 431 15 24 0.021152304
791 239 110 121 0.021142233
996 818 11 14 0.021081725
649 196 13 16 0.021064179
882 70 14 27 0.021056803
598 1 60 54 0.021044238
400 201 13 17 0.02104357
889 73 24 27 0.021029305
251 754 9 12 0.021021914
952 386 20 28 0.021019856
599 204 10 11 0.021019824
105 198 13 20 0.020985354
620 0 58 51 0.020984014
940 804 84 92 0.02096039
681 187 7 9 0.02093744
929 315 20 25 0.020923972
90 534 17 18 0.020920949
585 246 11 12 0.020907797
359 316 26 33 0.020901678
925 292 17 20 0.020878475
550 239 14 15 0.02086103
496 249 9 12 0.020826554
506 232 11 13 0.020801906
658 247 9 11 0.020788467
221 286 21 30 0.020761501
963 187 26 36 0.020752862
647 337 12 11 0.020710876
142 175 17 17 0.020709956
949 355 8 9 0.020702835
371 391 22 32 0.020701138
283 172 14 17 0.020696418
611 66 99 125 0.020666314
714 860 11 13 0.02065635
369 117 21 25 0.02064727
600 390 11 13 0.02062403
691 59 96 101 0.020605288
501 862 11 14 0.020601742
579 395 13 15 0.020600714
604 397 15 18 0.020599887
889 254 45 62 0.020599375
702 192 23 25 0.020594949
389 819 9 11 0.020575345
797 333 11 15 0.020550689
485 253 10 15 0.020548077
611 441 10 13 0.020463562
788 332 10 12 0.02046237
927 275 19 26 0.020457793
757 259 11 14 0.020450646
795 116 13 12 0.02044747
487 200 11 15 0.020446472
553 233 10 13 0.020413952
352 747 39 60 0.02038847
113 196 82 101 0.020381514
599 430 20 21 0.020353775
412 189 18 22 0.020346746
630 443 11 13 0.020339731
999 514 14 17 0.020337902
726 443 12 17 0.020336716
636 264 19 16 0.02029406
472 172 11 16 0.02028098
0 206 510 656 0.020156013
525 163 15 15 0.020149734
659 338 9 10 0.020131683
428 0 75 50 0.020118915
936 273 12 16 0.020102905
392 189 13 17 0.020087587
515 243 12 18 0.020086741
696 197 20 23 0.020070372
971 206 32 39 0.020068746
841 172 8 10 0.020057641
378 227 11 14 0.01999293
597 438 24 25 0.01997277
950 441 9 15 0.019955872
596 181 13 18 0.019942857
872 172 10 13 0.019940749
947 312 16 17 0.019928202
381 223 14 17 0.019921549
2 651 330 245 0.019913994
720 356 11 17 0.019912997
372 211 13 15 0.019892719
920 293 12 14 0.01989082
941 367 11 17 0.019847233
347 11 67 69 0.01983653
107 245 10 11 0.019808788
749 257 18 19 0.019804457
606 388 25 29 0.019803593
633 175 11 13 0.019782364
677 426 18 23 0.019770348
376 182 14 18 0.019762497
374 217 12 15 0.019749818
0 0 185 238 0.019718463
544 104 108 141 0.019698028
823 401 17 15 0.019689323
772 696 10 13 0.01967506
334 193 23 31 0.019643132
841 205 16 21 0.019630093
733 457 9 13 0.019629434
998 814 12 15 0.019619277
480 174 10 14 0.019616669
464 185 9 11 0.019603917
270 91 94 124 0.019580591
950 310 19 15 0.01957736
311 415 15 15 0.019574007
667 716 10 10 0.01955737
917 399 15 15 0.01954816
860 220 65 78 0.019542068
496 238 9 10 0.019511115
471 241 10 13 0.019509688
960 389 19 27 0.019507037
729 61 89 106 0.019496737
118 204 34 42 0.019463584
584 381 24 26 0.019451205
983 859 16 19 0.019437399
843 244 84 101 0.019432187
484 245 11 19 0.019421069
713 860 8 10 0.019398479
433 180 13 15 0.019378416
652 339 12 15 0.019373728
250 739 67 83 0.01936643
415 197 18 23 0.019365503
657 369 17 19 0.019355025
457 859 11 14 0.019349745
413 273 12 14 0.019344289
963 425 18 18 0.019338643
487 212 10 14 0.019330196
534 240 10 14 0.01931733
918 345 60 89 0.019315314
618 437 11 12 0.019284965
932 406 19 23 0.019280115
517 231 10 13 0.019264717
367 181 22 28 0.019258182
916 506 13 14 0.019240594
364 62 99 123 0.019234248
38 85 12 11 0.019227974
831 200 8 10 0.019213373
637 82 122 138 0.019210858
634 302 12 14 0.019166611
966 328 15 26 0.019129798
903 275 15 21 0.019117195
416 188 23 28 0.019082358
549 194 15 19 0.019077403
709 193 14 14 0.019066261
379 54 55 71 0.019061748
304 437 14 20 0.019059373
706 301 8 11 0.0190157
486 313 23 33 0.019009031
93 537 10 11 0.019003566
309 0 62 52 0.01899194
956 424 16 17 0.018986246
495 852 21 28 0.01898417
753 0 62 40 0.018959707
939 387 15 23 0.018904474
433 251 15 18 0.018893521
706 843 64 53 0.018879345
1015 868 9 28 0.018849136
334 436 30 26 0.01884515
765 249 19 19 0.01883927
664 177 11 12 0.018822981
824 180 11 14 0.01881129
943 382 14 21 0.018790124
192 56 148 172 0.018773956
397 192 19 22 0.01875805
400 184 10 12 0.018745355
384 307 10 12 0.018743524
367 309 31 45 0.018743051
943 490 27 45 0.018729007
917 325 41 59 0.018727846
505 238 10 12 0.018668566
962 548 16 23 0.018662984
761 0 263 243 0.018660927
269 787 20 24 0.018658247
288 102 11 14 0.018656619
592 397 18 21 0.018653281
459 857 8 9 0.018642845
574 705 12 16 0.018625848
250 284 60 69 0.0186202
951 510 10 10 0.018593034
80 283 114 124 0.018591307
464 192 13 20 0.018563228
659 192 16 16 0.01855798
658 338 22 34 0.018553495
420 181 18 23 0.018526722
399 195 9 11 0.018514253
373 373 28 31 0.018487122
662 409 12 15 0.01845753
389 783 63 74 0.018454773
883 245 19 22 0.01842408
935 416 22 28 0.01841725
257 776 52 66 0.018408846
815 281 25 16 0.018405616
836 175 11 14 0.01838435
505 245 11 20 0.018370569
105 359 12 11 0.01834908
440 248 11 15 0.01834815
476 232 17 22 0.018336222
405 201 11 14 0.018335205
863 187 57 65 0.01832615
373 191 10 15 0.018309476
689 244 16 19 0.01830906
654 183 10 13 0.018304229
408 0 103 84 0.018284496
790 336 11 14 0.018283578
852 190 15 19 0.018256357
667 409 9 12 0.018255737
339 180 13 17 0.018252345
541 172 8 9 0.018236127
471 188 10 11 0.01822563
605 390 12 13 0.018179664
272 788 11 14 0.018158974
709 389 21 22 0.018150125
642 439 9 12 0.018137176
479 239 17 21 0.018105201
367 338 15 17 0.018101815
373 226 14 18 0.018094584
294 223 49 67 0.01809399
397 224 11 12 0.018080784
936 312 17 20 0.018074736
355 179 27 35 0.018071007
835 194 24 28 0.018065779
94 747 36 46 0.018058896
387 199 13 16 0.018052207
337 0 139 148 0.01805175
869 421 24 30 0.018049031
666 241 10 12 0.018024156
342 209 23 30 0.017981054
126 171 37 47 0.017980987
313 455 12 12 0.017975414
798 322 21 18 0.017964872
391 186 20 25 0.017958298
290 88 14 23 0.017958093
913 294 15 19 0.017942183
391 217 8 10 0.017933635
175 210 49 59 0.017924963
72 357 18 25 0.017913738
844 191 14 18 0.017909175
267 743 13 17 0.017889185
846 173 26 31 0.017873643
803 246 37 44 0.017871516
916 548 42 51 0.01785346
609 272 12 12 0.017832551
904 225 17 22 0.017827155
907 274 25 32 0.017821128
105 288 29 29 0.017813096
882 220 13 16 0.01781267
505 0 92 65 0.017808894
0 0 89 122 0.017806454
567 254 8 11 0.017801568
742 261 15 21 0.017789025
576 184 11 13 0.017778458
751 238 14 17 0.017778438
136 187 23 28 0.017770644
440 208 11 16 0.017742706
863 309 92 118 0.01774094
262 741 19 26 0.017726382
937 439 11 14 0.017724697
750 241 22 24 0.01771611
357 174 13 15 0.017710293
426 168 11 13 0.01770815
11 823 91 73 0.017696936
314 382 22 22 0.017681558
804 665 220 231 0.017679652
906 396 29 30 0.017648652
666 191 11 14 0.01764593
963 386 15 19 0.017642986
350 598 9 12 0.01764185
34 173 16 11 0.017633714
621 210 11 13 0.017629623
233 363 59 57 0.017624633
922 437 42 54 0.01761185
764 193 159 206 0.017600337
935 335 17 22 0.01759092
597 402 17 21 0.017576963
527 238 9 10 0.017573765
750 402 21 21 0.0175732
687 287 18 20 0.017571678
670 370 10 14 0.017560048
489 177 10 13 0.017545408
823 205 14 18 0.017521966
1013 742 11 17 0.017518384
709 257 9 12 0.01751419
308 410 33 26 0.017498685
502 861 16 20 0.017490558
930 450 40 65 0.017489957
576 439 19 27 0.017486492
906 371 20 23 0.01748308
905 245 23 35 0.017466567
822 169 66 78 0.017454071
884 64 24 28 0.017446352
491 239 13 14 0.01740254
949 385 15 22 0.017391322
375 201 11 14 0.017384443
655 411 12 16 0.01738354
384 217 14 15 0.017379425
769 0 72 49 0.017378991
269 794 8 13 0.017372878
987 845 37 51 0.017368078
205 191 9 10 0.01735973
420 392 16 17 0.017347964
384 283 22 29 0.017342083
71 241 169 201 0.017331922
867 228 42 48 0.017329669
789 114 14 13 0.01728926
963 508 11 12 0.017284812
662 375 9 12 0.017281912
668 247 10 14 0.017275404
941 407 11 13 0.017262535
975 0 49 73 0.017257316
561 243 10 12 0.017249659
355 222 14 21 0.01724663
517 163 16 16 0.01724632
696 0 59 40 0.017242763
796 327 10 15 0.017217744
83 405 124 163 0.01720909
440 815 12 15 0.017193034
297 387 12 16 0.017190713
271 85 23 28 0.017184278
961 447 23 28 0.017184222
669 245 11 11 0.017169997
924 550 13 13 0.017162802
531 207 13 20 0.01715701
699 285 11 13 0.01715156
712 461 10 10 0.017123628
360 382 19 26 0.017120803
277 785 22 27 0.017115325
793 149 9 10 0.017107923
490 185 10 15 0.017106056
284 105 12 14 0.017103938
642 272 17 14 0.01710062
779 327 15 18 0.017094782
909 245 14 17 0.017093735
829 404 112 139 0.01709087
598 175 11 14 0.017088518
642 231 11 12 0.017074965
874 199 65 76 0.017071927
590 184 11 15 0.017069545
1006 373 17 22 0.017059948
647 440 12 15 0.017041948
173 0 66 42 0.01699641
926 515 17 22 0.016995879
702 444 11 16 0.016992955
579 244 12 15 0.016990842
324 201 13 15 0.016985532
504 136 104 118 0.016971268
432 190 8 12 0.016970102
783 311 11 14 0.01696553
81 519 28 28 0.016954716
649 181 10 11 0.016943363
923 275 16 22 0.016940283
339 266 15 18 0.016929006
438 116 13 14 0.0169286
527 1 98 105 0.016919348
508 188 10 13 0.01691874
354 175 8 10 0.016915668
817 183 16 18 0.016905794
720 378 8 10 0.016903419
444 210 12 14 0.016901772
708 454 12 15 0.016867574
645 0 64 51 0.016865894
469 233 10 12 0.016864276
363 196 10 14 0.016863527
618 268 11 11 0.016847609
427 430 15 19 0.016846124
955 436 35 45 0.016843958
325 179 16 18 0.01684311
623 440 8 11 0.016832039
946 442 14 20 0.016824707
895 289 18 22 0.01682067
930 328 10 13 0.016815186
766 304 14 19 0.016809223
913 302 65 90 0.016801404
535 171 12 14 0.016799968
670 197 10 14 0.01679838
642 242 14 17 0.01677556
609 399 20 26 0.016761325
296 205 26 23 0.016746787
272 101 21 25 0.016730225
439 211 16 21 0.01672219
93 587 9 9 0.016721591
488 0 70 53 0.016711311
943 491 16 27 0.016695712
285 222 23 27 0.016694926
706 337 17 15 0.016681846
945 402 11 16 0.016681775
393 74 22 28 0.01667872
325 194 14 17 0.01667335
581 247 16 19 0.016658684
107 213 52 65 0.016645094
404 856 57 40 0.016643936
875 183 10 11 0.016614316
948 497 15 28 0.016603284
657 243 9 11 0.016599098
714 419 12 17 0.016598333
833 314 68 83 0.01659106
927 283 9 10 0.01658602
536 243 12 15 0.016578674
459 0 70 52 0.01657542
650 267 12 10 0.016555006
764 316 12 14 0.016544463
869 453 84 103 0.016544148
1009 857 15 39 0.016527573
972 448 17 24 0.016522475
571 735 23 28 0.016515609
887 146 57 71 0.016511127
487 249 13 19 0.016505808
476 184 9 12 0.0164987
948 518 15 22 0.016492816
911 224 16 23 0.016463589
1000 821 10 11 0.016460631
623 236 9 12 0.016459664
106 199 20 27 0.016456017
665 195 19 27 0.016454425
914 502 21 22 0.016451325
460 189 9 11 0.016448637
720 462 10 10 0.016447255
951 408 22 28 0.016445475
706 461 7 10 0.0164431
860 423 28 35 0.016439006
882 195 23 28 0.016436528
335 168 21 29 0.016429888
526 169 10 13 0.016427431
750 272 21 23 0.016414898
961 331 14 20 0.016401999
395 398 27 32 0.01640016
270 226 24 28 0.016395424
513 392 105 127 0.01638173
556 234 11 14 0.01636802
604 175 11 16 0.016356776
266 786 8 11 0.01634291
471 208 13 18 0.016303878
326 509 7 11 0.016298458
224 335 15 23 0.016283577
420 150 101 107 0.016274942
955 402 9 15 0.016256567
430 177 12 14 0.01625355
371 199 10 13 0.016248645
68 424 188 217 0.016231034
368 812 12 15 0.016230542
320 198 20 23 0.016229466
727 642 28 37 0.016221864
677 435 17 21 0.016216736
703 201 26 25 0.016201932
431 185 11 12 0.016196607
605 380 16 17 0.016190602
836 357 105 135 0.016177578
276 774 10 13 0.016170615
733 331 91 121 0.016170084
487 244 8 10 0.016162358
939 520 20 25 0.016157066
715 440 9 12 0.016156875
372 376 19 22 0.016156534
584 5 86 107 0.016147956
634 443 11 12 0.016147884
453 205 12 15 0.01614785
864 179 14 16 0.016143586
899 80 18 22 0.016132832
653 340 42 59 0.016123688
971 253 27 25 0.016121594
551 30 99 146 0.016116206
503 329 66 92 0.016113777
595 190 8 11 0.016109532
215 373 17 20 0.016108356
299 427 14 14 0.016104287
154 183 51 48 0.016100662
816 411 8 14 0.016091151
590 419 28 33 0.01607932
915 459 42 62 0.016077783
951 334 69 109 0.016065406
906 295 13 18 0.016061038
1015 742 8 10 0.016054928
296 93 20 26 0.016054004
884 226 13 17 0.016045852
605 341 12 15 0.016037833
658 177 11 13 0.016016353
689 287 14 13 0.016012385
766 272 107 127 0.01600861
545 197 11 14 0.016005572
340 224 23 29 0.016002188
305 421 24 27 0.015992194
493 397 59 70 0.015988898
403 182 12 17 0.015983501
892 219 12 12 0.015969371
258 0 60 52 0.015969155
412 197 14 17 0.015967432
957 440 12 19 0.015964538
567 749 13 15 0.015961625
898 393 10 9 0.015946435
397 122 96 108 0.015945634
302 360 13 16 0.01593951
142 59 11 10 0.015936147
505 500 6 9 0.015930017
915 508 43 61 0.015920429
873 293 11 12 0.015917027
74 421 14 15 0.015914587
925 555 19 25 0.015904581
67 313 188 235 0.015903993
883 274 38 49 0.015901225
290 428 26 32 0.015894338
33 8 379 423 0.015891932
75 523 22 25 0.015885327
71 289 24 28 0.015885059
627 205 10 12 0.015884932
715 375 9 9 0.015878402
78 284 64 68 0.01587681
745 849 11 14 0.01587663
741 244 9 14 0.015874533
843 199 26 30 0.015869638
413 220 13 16 0.015863098
961 390 11 14 0.015855566
156 60 9 9 0.01585469
477 185 36 48 0.015844354
447 325 84 117 0.015822325
939 465 40 69 0.015820142
399 281 18 23 0.01581973
205 813 109 83 0.015816767
465 177 11 12 0.015792347
371 384 9 10 0.015786933
281 0 62 52 0.015784694
793 298 8 10 0.015777703
354 442 14 15 0.015775817
888 391 27 26 0.015773343
842 170 8 9 0.015764713
313 439 8 10 0.015750417
930 396 17 23 0.015749533
520 181 11 12 0.015746064
941 333 20 26 0.015745243
422 381 15 16 0.015743934
371 119 10 12 0.015741449
639 304 9 11 0.01573996
941 373 15 24 0.015712006
577 428 23 31 0.015699798
631 250 90 105 0.015697068
905 247 15 21 0.015693406
934 273 17 25 0.015686704
623 150 102 118 0.015685258
401 415 17 19 0.015674816
121 192 23 25 0.015672524
136 201 58 60 0.015668299
627 448 16 20 0.015665768
921 361 28 45 0.015665442
949 114 22 25 0.015659802
283 137 54 72 0.015643138
407 273 10 12 0.01564099
298 106 13 16 0.015640775
309 176 26 30 0.015630737
797 295 14 18 0.01562317
427 426 21 28 0.015620839
3 846 60 50 0.015617957
547 252 13 17 0.01558445
868 198 22 25 0.015577695
797 185 87 102 0.015575924
869 294 18 20 0.015567409
705 40 138 160 0.015559109
711 656 10 12 0.0155569585
610 394 15 17 0.015554334
425 175 12 13 0.015537402
386 278 18 22 0.015535046
793 63 91 115 0.015533584
650 172 8 9 0.015527336
208 342 88 86 0.015519714
160 156 97 118 0.015494008
927 331 12 15 0.01549178
356 192 11 14 0.015490831
699 206 12 13 0.015488767
378 318 16 24 0.015488646
552 189 13 17 0.015486532
497 869 10 15 0.015470429
288 233 24 27 0.0154616255
422 202 9 13 0.015458203
299 3 99 108 0.01545443
515 250 14 20 0.015454329
884 334 61 76 0.015448285
907 70 14 20 0.015448099
918 289 44 63 0.015441739
863 206 29 34 0.015432626
484 72 94 115 0.015422653
401 207 15 17 0.015421468
737 360 24 20 0.0154198175
544 387 23 27 0.015418439
682 0 88 74 0.015417386
218 745 102 121 0.015416336
878 170 15 19 0.0154094435
138 777 165 119 0.015394014
885 191 14 16 0.015389404
663 263 13 15 0.015383991
456 818 9 11 0.015382426
392 786 12 14 0.015376624
559 239 9 13 0.015365244
739 702 23 40 0.015364486
375 208 13 15 0.01535563
460 323 56 76 0.015350131
583 172 9 12 0.015348287
428 191 9 11 0.015346363
704 450 11 16 0.015332012
345 190 10 13 0.015325494
715 468 12 11 0.015320649
381 220 10 12 0.015320592
751 268 11 13 0.015319538
716 246 21 25 0.01530745
647 449 10 12 0.015303388
951 216 21 30 0.015300017
814 186 11 14 0.015295736
544 183 11 13 0.015292976
863 155 53 63 0.015288228
712 859 16 23 0.015286102
702 211 21 23 0.015277933
549 231 9 13 0.015263802
964 433 14 19 0.015254507
376 830 99 66 0.015252622
806 386 12 13 0.015252602
938 329 15 19 0.015250636
0 780 141 116 0.015234928
954 560 25 34 0.015233461
896 200 18 20 0.015231992
582 393 17 19 0.0152127985
624 439 17 22 0.015210234
433 740 27 36 0.01520619
566 400 24 25 0.015195725
276 166 25 23 0.01519193
315 202 18 19 0.015177823
480 231 9 14 0.015174318
704 203 11 14 0.015171453
640 448 10 12 0.01514968
929 523 21 28 0.015148201
408 176 12 14 0.01514717
859 196 15 19 0.015146074
409 389 25 22 0.015145768
514 167 11 16 0.015145669
460 62 82 113 0.015134622
946 414 10 14 0.015120914
638 440 10 12 0.015111348
651 242 19 20 0.015098382
440 175 11 15 0.015095366
77 515 44 44 0.01509479
939 286 12 19 0.01507664
409 278 15 18 0.015071614
476 251 14 17 0.01506699
1001 519 15 18 0.015051636
711 264 174 223 0.015049555
582 153 102 129 0.015046332
370 212 9 11 0.015043829
370 207 22 31 0.015041981
512 242 10 13 0.015034785
675 339 17 21 0.015030772
757 339 172 228 0.015002118
806 409 10 13 0.015000834
369 385 9 14 0.015000719
914 547 27 30 0.014996715
507 859 7 10 0.014992839
474 420 90 116 0.014990035
952 394 9 9 0.014983545
920 587 16 15 0.014983152
813 215 15 20 0.014970141
355 277 40 58 0.014969638
773 132 8 12 0.014969618
558 383 13 18 0.014968114
893 534 53 52 0.014961981
888 297 16 17 0.014961723
922 333 22 27 0.014948565
847 716 11 13 0.014945035
450 181 8 9 0.01491722
787 336 10 13 0.0149147725
518 227 8 12 0.014912669
612 444 14 17 0.014900516
76 300 21 24 0.014897911
707 239 40 55 0.014883324
576 736 8 12 0.014858004
866 256 28 35 0.014855785
264 123 13 25 0.014854478
881 241 18 16 0.0148543
532 201 12 17 0.014843427
372 113 11 14 0.014832893
350 840 57 56 0.014825989
262 752 77 91 0.014824702
321 248 15 13 0.014809717
938 363 17 27 0.014799169
282 109 15 18 0.014790928
803 322 12 12 0.014788753
471 170 103 108 0.014773321
390 412 23 28 0.014760975
745 252 28 33 0.014754255
487 171 12 13 0.014748986
705 251 98 131 0.014748147
987 854 15 21 0.014747086
943 519 15 16 0.014745281
731 280 100 132 0.014740168
141 167 23 23 0.014737608
428 166 29 34 0.014713198
516 236 12 15 0.014711452
428 201 15 20 0.014707598
396 233 26 27 0.014703995
393 204 10 15 0.014703222
473 231 11 15 0.014693562
560 738 29 40 0.014693429
951 854 8 9 0.014677836
368 269 20 21 0.01466728
709 458 8 10 0.014666947
683 430 11 13 0.014660397
634 169 13 14 0.014660231
301 95 8 14 0.014653353
188 0 75 56 0.014643077
130 212 30 34 0.014635792
93 408 12 12 0.014634963
727 0 62 38 0.014633765
709 462 11 13 0.014632582
393 36 99 129 0.014629339
638 237 22 26 0.01462383
405 189 11 15 0.014622417
471 179 16 20 0.014619771
389 837 10 12 0.014616627
515 180 12 16 0.014613066
706 369 15 17 0.014599855
900 362 33 40 0.014598882
721 462 16 15 0.0145988455
374 180 11 13 0.014598562
873 190 21 26 0.014596434
382 64 19 26 0.014594366
375 112 7 9 0.014586323
803 230 67 76 0.0145814745
940 444 24 31 0.014575846
653 193 39 48 0.014567233
634 449 11 13 0.014562484
935 403 9 13 0.014554867
281 790 14 18 0.014554859
856 169 22 27 0.014553238
758 428 30 16 0.014551249
579 743 10 14 0.0145503385
186 206 36 38 0.014547566
908 507 20 19 0.014543065
389 82 23 29 0.014540496
863 109 18 26 0.014537515
274 771 21 27 0.014524212
392 178 13 15 0.014514643
966 182 14 16 0.014508942
961 116 13 16 0.01450825
353 297 28 34 0.014502092
563 173 8 9 0.014496234
827 406 16 22 0.0144810835
797 216 15 22 0.014471498
308 204 12 14 0.014471079
905 221 14 17 0.014468236
91 307 30 32 0.014466332
283 237 12 14 0.014465676
327 158 24 32 0.01445996
572 398 16 18 0.014459789
900 292 22 28 0.014458815
954 545 20 29 0.01445304
851 179 15 19 0.014450067
552 170 15 14 0.014429502
405 826 8 9 0.014427099
915 390 27 30 0.014420051
360 169 13 14 0.014415767
929 267 20 25 0.01441311
509 191 12 16 0.014412076
367 122 15 18 0.014405071
794 295 12 14 0.014404269
81 292 22 27 0.014401393
963 393 11 18 0.014389628
958 333 21 34 0.014387253
829 202 26 28 0.014382025
973 425 19 20 0.01438087
908 857 10 12 0.014380411
718 439 10 12 0.014376126
309 435 14 17 0.014367521
334 216 25 27 0.014358334
218 264 31 34 0.014356999
368 341 20 22 0.014351256
597 378 38 44 0.014351114
625 264 63 77 0.014350446
575 745 9 14 0.014350432
937 527 15 17 0.014349234
446 251 14 18 0.014345353
942 303 39 48 0.014342548
454 162 85 83 0.01433878
942 564 24 29 0.014334947
397 212 13 16 0.0143329175
673 428 15 18 0.014330657
461 403 9 9 0.014325642
645 0 167 111 0.014322382
419 37 8 10 0.0143209845
417 841 9 12 0.0143150715
903 511 30 30 0.014313585
576 249 11 11 0.014309753
436 115 19 24 0.014304216
943 443 43 65 0.014300671
76 12 160 191 0.014299633
776 258 14 19 0.0142935645
413 365 87 107 0.014287049
552 394 18 22 0.0142833805
908 254 44 62 0.014281033
482 183 11 14 0.014274328
261 751 19 26 0.014273207
930 354 13 18 0.014272959
872 212 18 19 0.014268563
486 226 49 64 0.014266478
144 59 15 13 0.014266426
483 174 8 11 0.014265242
839 174 11 12 0.014264047
75 400 30 29 0.014255308
254 751 11 14 0.014254635
504 241 9 13 0.014253778
651 186 12 15 0.0142529495
555 193 12 17 0.014251992
505 197 10 13 0.014244541
852 195 26 30 0.014237307
121 0 373 263 0.0142365545
389 223 12 16 0.0142361075
917 263 24 34 0.014234709
492 238 8 9 0.014234229
813 92 84 111 0.014232786
703 261 13 16 0.014226169
871 246 30 36 0.014225676
336 201 34 46 0.014224853
530 167 11 14 0.014222966
570 400 102 130 0.014220672
423 454 16 18 0.014217279
600 406 24 31 0.014214019
660 390 12 17 0.014212579
383 66 8 11 0.014203932
462 199 11 17 0.014202365
972 286 52 122 0.01420013
465 165 20 22 0.014197824
591 231 92 113 0.014191839
299 384 19 23 0.014190452
804 409 21 26 0.014185359
546 752 49 69 0.014183763
708 254 25 27 0.014178942
494 866 18 24 0.014178798
964 315 18 32 0.014171914
488 209 15 19 0.014167366
683 343 99 135 0.014166687
846 335 24 28 0.014164605
875 368 27 17 0.014154429
455 172 11 12 0.014154233
961 555 25 33 0.01415368
712 258 12 13 0.01415292
0 0 56 79 0.01414396
129 101 174 195 0.014142161
87 200 48 62 0.014138407
976 221 24 27 0.014132788
669 201 12 16 0.014131795
825 186 9 12 0.014128314
572 390 16 18 0.0141239455
675 363 16 19 0.014115682
578 735 12 17 0.014115107
723 392 9 13 0.014111861
657 211 12 15 0.01411008
912 327 19 21 0.014100757
969 183 40 50 0.014096076
969 12 55 143 0.014095914
889 216 12 13 0.014094272
491 153 162 222 0.0140881585
925 299 22 27 0.014085019
827 200 12 15 0.01408082
637 425 16 14 0.014078089
595 218 9 12 0.014074854
753 232 17 20 0.014072561
521 247 11 15 0.014070015
955 431 14 14 0.014069154
978 797 13 17 0.014067688
5 702 99 144 0.014066689
899 223 11 15 0.014064451
622 0 113 70 0.0140626235
595 265 11 12 0.014060683
917 210 17 25 0.014056932
937 293 13 16 0.014052819
639 266 11 12 0.014047656
287 90 37 45 0.014045737
944 381 9 13 0.01404569
653 174 10 13 0.014043885
512 179 53 68 0.014033928
1007 0 17 70 0.014019566
508 251 12 15 0.014019242
151 183 30 34 0.014013512
881 370 70 90 0.014008296
911 248 16 21 0.014008224
329 110 106 130 0.013978311
670 434 15 18 0.013977275
921 502 21 26 0.013976584
305 379 22 28 0.013976398
55 270 47 57 0.013963912
419 188 11 15 0.013963842
731 442 14 18 0.013963819
897 387 15 14 0.013963773
993 819 10 13 0.0139636425
957 392 12 15 0.01396271
363 183 31 41 0.013962551
669 128 111 115 0.013952204
982 442 11 24 0.013952192
951 112 16 17 0.013946729
596 207 28 40 0.013944547
510 845 8 12 0.0139432615
671 366 14 17 0.013939953
86 130 168 202 0.013917514
301 171 24 27 0.013912571
671 198 39 42 0.013910371
648 0 344 350 0.0139056295
923 311 19 22 0.013904589
934 558 24 31 0.013900537
0 847 31 49 0.013887121
234 745 45 57 0.013884317
421 178 12 17 0.013878944
576 370 29 28 0.013876898
606 225 26 30 0.013874098
906 844 16 24 0.013862351
292 392 21 29 0.013860491
897 249 15 19 0.013857098
828 190 41 57 0.01384516
698 315 12 15 0.013844023
365 199 11 14 0.0138413515
742 850 22 30 0.01383404
805 287 75 91 0.013828564
558 875 8 10 0.0138248885
523 240 13 17 0.01382337
400 183 88 112 0.013818317
368 374 17 20 0.013818066
343 378 10 10 0.013814833
3 591 93 139 0.013802665
264 113 15 25 0.013789918
97 826 34 42 0.013788883
477 312 50 67 0.013787226
209 768 30 45 0.01378226
916 727 108 169 0.0137817515
437 0 170 110 0.01377994
570 403 42 53 0.013777747
776 332 58 73 0.01377704
705 291 11 17 0.013773805
820 196 30 39 0.013772504
847 205 11 14 0.013763167
646 468 16 18 0.0137581555
936 484 21 29 0.013757476
590 842 10 11 0.013746298
271 783 10 14 0.013741695
944 481 13 18 0.013736046
175 756 58 75 0.013735781
480 423 56 59 0.013734824
533 175 12 16 0.013728585
212 771 161 125 0.013725932
646 300 8 10 0.013720682
849 341 70 87 0.013720056
362 816 12 16 0.013715662
655 404 15 20 0.013712073
979 554 26 30 0.013710055
956 506 19 27 0.0137018375
63 419 23 32 0.013697506
370 407 25 31 0.013691434
83 397 26 24 0.013686027
34 839 16 20 0.013680758
298 232 13 17 0.013677538
268 194 84 105 0.013677327
952 561 17 24 0.013675165
960 213 14 20 0.013668304
422 174 10 13 0.013668227
495 864 11 13 0.013665513
475 170 11 15 0.01366543
782 88 12 12 0.013663771
278 787 13 18 0.01366216
438 242 18 22 0.013659923
140 130 95 113 0.0136550395
333 220 12 16 0.013645442
924 402 18 22 0.013643602
652 445 12 14 0.013643485
449 344 55 73 0.013636182
781 384 18 18 0.013635731
366 373 12 18 0.013631388
495 180 10 11 0.013629543
953 374 32 49 0.013626813
696 290 12 17 0.013622935
436 249 10 13 0.013622431
74 740 187 156 0.013619608
677 462 10 10 0.013619318
505 37 100 134 0.013619066
162 716 56 69 0.013617305
576 172 12 12 0.013616225
650 310 51 69 0.013616087
559 233 11 13 0.013612029
184 672 394 224 0.013610925
787 0 90 61 0.013600833
846 337 46 52 0.013596052
285 773 21 29 0.013586023
237 242 94 118 0.013582364
442 741 17 24 0.0135803865
593 211 16 22 0.013578743
65 416 16 21 0.013570212
575 380 37 39 0.013566296
728 15 98 113 0.013561204
341 239 14 17 0.013551558
695 241 15 18 0.013551246
634 296 17 16 0.013550124
276 778 9 15 0.013549778
177 188 20 20 0.013544824
675 311 17 18 0.0135363825
432 90 96 113 0.013530807
400 426 13 15 0.0135293575
852 110 82 106 0.013524634
750 847 10 11 0.013516436
312 383 50 60 0.013514362
835 172 23 28 0.013514345
693 91 161 188 0.013502577
364 287 27 38 0.013500127
881 499 62 75 0.013499775
750 424 17 18 0.013499415
761 233 28 31 0.013496383
407 426 15 18 0.01349509
442 174 22 27 0.013495015
138 257 12 12 0.013485784
695 758 9 11 0.013485431
543 368 150 199 0.013482245
625 208 17 19 0.013479719
429 434 9 13 0.013477888
784 336 16 20 0.013477198
930 428 26 27 0.013474244
552 337 24 36 0.013474116
427 202 11 14 0.01347357
411 834 16 21 0.013473449
333 398 14 16 0.013472623
687 177 8 10 0.013471115
515 422 59 75 0.013470485
523 193 97 120 0.013467199
422 123 36 50 0.013463238
920 343 14 17 0.013456808
608 388 12 13 0.013455638
870 179 9 11 0.013454289
957 310 16 13 0.013453377
716 395 14 20 0.013452796
291 406 24 32 0.0134467855
951 372 24 35 0.013442749
882 219 10 11 0.0134405
887 183 14 18 0.013439407
310 215 21 27 0.013437314
486 392 16 20 0.01343728
857 358 46 28 0.013434242
944 367 10 11 0.013431952
924 212 23 30 0.013431183
662 384 14 21 0.013412981
988 438 20 28 0.013411124
273 231 52 63 0.0134104965
389 814 13 18 0.013403423
396 784 10 12 0.013401428
81 590 10 12 0.013396374
473 359 42 45 0.013394951
266 740 10 13 0.013393872
951 432 12 12 0.013386531
738 872 9 12 0.013385013
505 184 10 14 0.013384307
84 537 15 16 0.013348632
937 444 10 13 0.013343428
377 859 64 37 0.013342663
258 746 16 20 0.013342428
571 428 40 48 0.013340045
386 291 15 16 0.013336849
723 369 70 94 0.013330425
75 307 24 28 0.0133299995
681 362 45 60 0.0133211855
392 188 9 13 0.013314106
264 793 9 12 0.013311865
360 377 16 20 0.013310673
735 352 41 28 0.0133093735
721 414 19 24 0.01330839
478 857 8 10 0.013305841
848 200 12 12 0.013293025
859 200 8 12 0.013287102
691 418 11 10 0.013285618
430 852 44 44 0.013281507
615 233 16 20 0.01328114
380 337 12 15 0.013276992
436 167 19 22 0.013276519
507 224 17 21 0.013274515
680 188 10 15 0.013270453
454 835 12 15 0.013270203
869 564 23 16 0.013269506
377 386 20 26 0.013268598
309 237 30 41 0.013268174
151 150 60 73 0.013264295
927 445 14 20 0.013257675
98 239 106 131 0.013254463
576 709 8 10 0.013250935
520 232 12 14 0.013249514
350 382 23 25 0.013248956
436 196 10 13 0.013248893
106 353 15 17 0.013245434
774 322 25 25 0.013233816
452 209 14 18 0.013231488
629 202 13 15 0.013230235
431 657 179 215 0.013226483
880 184 12 16 0.013225297
926 340 22 30 0.013224555
772 281 14 18 0.013223546
477 243 10 14 0.013220203
118 1 90 84 0.013217952
961 407 14 17 0.01321235
301 191 24 27 0.013211959
616 838 9 11 0.013211174
656 330 9 9 0.013210737
921 40 103 220 0.013209731
903 235 21 27 0.013204667
16 319 71 93 0.013200165
606 177 13 17 0.01319286
464 190 9 12 0.013189246
609 369 17 17 0.013176443
36 83 17 16 0.013176065
742 718 7 9 0.0131753655
289 210 45 56 0.013173008
863 13 143 200 0.013172631
423 182 41 52 0.013167927
531 181 10 12 0.013167448
188 723 33 40 0.013166787
723 219 14 17 0.013165328
366 821 10 12 0.01316333
958 204 15 21 0.013162705
780 335 11 12 0.013158335
849 413 41 57 0.013158029
553 107 48 56 0.0131577905
42 327 53 72 0.013156699
744 180 12 14 0.01314297
885 392 20 18 0.013120458
923 591 11 10 0.013120305
796 408 20 22 0.013111109
932 167 92 204 0.013110008
500 869 13 17 0.013108393
100 818 128 78 0.013104738
491 859 16 19 0.0131024495
581 382 45 60 0.013102428
757 663 104 138 0.0130964145
289 210 24 24 0.013095974
963 392 24 30 0.013095399
715 857 8 11 0.013090614
451 198 9 13 0.013082141
285 785 23 30 0.013079837
993 353 31 77 0.013079583
941 816 25 31 0.013076799
18 345 14 19 0.013075329
430 190 24 30 0.013074782
76 420 22 26 0.013074458
314 410 54 65 0.013073099
506 682 92 136 0.013069672
792 706 11 17 0.013068723
749 747 177 149 0.013066868
863 291 27 31 0.013065066
563 116 28 32 0.013064842
735 862 21 25 0.013063802
455 106 149 196 0.0130607085
385 83 63 79 0.013059344
341 257 22 27 0.013049105
477 850 42 46 0.013048657
326 203 26 32 0.01304629
66 400 67 80 0.013044408
776 316 7 10 0.013042339
838 71 89 119 0.013041114
680 234 40 49 0.013034973
174 0 171 116 0.013028208
937 447 18 22 0.013027513
630 190 9 10 0.013025431
848 188 12 13 0.01302442
344 244 14 16 0.013012149
659 193 10 11 0.0130113745
543 215 12 15 0.0130068725
48 649 56 71 0.013003276
907 185 11 13 0.012996549
585 472 22 14 0.012994387
337 837 9 9 0.012990974
684 195 9 11 0.012988889
525 183 15 17 0.012987759
745 847 9 10 0.01298604
409 201 12 14 0.012974251
12 560 179 236 0.012972472
810 400 21 21 0.012971376
471 216 46 61 0.012970875
378 65 14 21 0.012968831
717 864 9 11 0.0129649425
0 611 55 102 0.012963116
355 171 22 29 0.012962098
635 242 14 16 0.012956046
872 176 13 18 0.0129545685
700 151 175 223 0.012954192
913 828 18 24 0.012953954
626 195 13 15 0.012953398
408 789 42 48 0.012946031
814 206 20 26 0.012943549
293 726 91 112 0.012936176
143 193 21 23 0.012936067
286 109 23 28 0.012935069
715 342 9 13 0.0129350005
571 178 18 22 0.012929782
437 0 402 384 0.012919529
529 306 48 56 0.012918814
670 376 7 10 0.01291162
874 298 65 84 0.012911295
901 261 23 31 0.012909891
991 814 17 21 0.0129057625
889 226 15 18 0.012902805
645 324 12 13 0.012901949
249 749 43 59 0.01290127
709 209 25 24 0.012896953
485 239 13 14 0.0128968535
941 358 24 38 0.012894987
616 240 58 78 0.012892601
977 84 10 12 0.0128919175
1 193 24 35 0.01288786
961 831 11 16 0.0128869405
980 803 8 12 0.012878289
411 144 64 72 0.0128762005
481 171 8 12 0.01287411
165 90 122 137 0.012871288
657 369 9 10 0.012864834
260 422 11 13 0.012862427
834 205 16 18 0.01286208
90 535 11 11 0.012859873
792 147 7 9 0.012859042
661 378 13 20 0.012857874
121 205 22 26 0.012853082
773 116 11 19 0.0128523735
280 86 18 21 0.012849616
601 180 8 13 0.012846832
480 879 8 9 0.012845963
446 188 21 29 0.012844172
653 267 15 13 0.012842032
862 223 35 40 0.012838827
89 749 49 71 0.012835401
772 123 11 18 0.012831666
530 233 13 15 0.012830392
373 390 101 133 0.012828839
870 401 79 99 0.012827786
457 834 8 10 0.012827326
713 0 94 75 0.012824484
292 774 14 17 0.012822893
268 98 39 48 0.012817678
763 250 13 14 0.0128157735
127 300 68 68 0.012815321
640 230 18 22 0.012814264
376 421 21 21 0.012813226
829 176 12 16 0.012809509
358 765 88 109 0.012804726
361 220 20 25 0.012803485
305 207 14 17 0.012800446
701 360 22 30 0.012800141
468 189 9 11 0.012796898
791 331 23 28 0.012792575
718 465 13 13 0.012787764
542 243 12 18 0.012787243
392 64 21 26 0.0127864685
759 406 26 30 0.012786229
604 404 15 19 0.012784361
553 375 24 29 0.012783567
430 186 8 10 0.012776735
946 317 16 21 0.012765976
375 274 36 49 0.01276534
327 66 70 88 0.012764741
766 312 11 13 0.01276309
554 415 44 52 0.012760398
453 202 9 13 0.012760196
923 660 101 178 0.012758874
592 405 15 18 0.012757102
642 451 11 13 0.012750232
429 152 27 36 0.012748526
112 203 23 27 0.012746758
623 469 9 10 0.012742561
588 450 37 38 0.0127423955
450 178 17 19 0.012742264
620 446 9 13 0.012740119
863 270 49 59 0.012739533
258 108 66 92 0.012737382
378 180 23 28 0.012736368
929 552 11 13 0.012734813
263 783 12 16 0.012733005
960 815 10 16 0.012729499
740 252 22 24 0.012727397
525 251 12 15 0.012726834
699 286 17 19 0.01272417
892 113 81 110 0.012723563
598 235 9 13 0.012722662
933 326 10 13 0.012722203
377 193 10 12 0.012721046
854 172 8 9 0.012720165
650 435 12 16 0.012719384
862 174 9 10 0.012719111
773 224 27 29 0.012718601
159 0 89 77 0.0127184605
673 309 14 10 0.012716561
657 405 8 10 0.0127123725
711 385 16 18 0.012707202
954 324 16 23 0.012701816
890 396 12 9 0.012701558
792 119 13 10 0.0126993805
927 488 23 34 0.012698245
632 261 11 11 0.012692653
270 127 9 16 0.01269262
129 0 65 43 0.012689526
267 141 85 120 0.012688421
230 0 63 54 0.0126857
837 714 11 15 0.012685159
968 267 27 33 0.012682672
319 307 14 18 0.012681963
417 837 9 11 0.012681571
473 203 17 23 0.01268054
377 197 14 14 0.01267405
63 306 23 28 0.012672709
644 426 11 12 0.012665199
562 189 10 13 0.012663265
273 97 11 14 0.0126610985
614 264 10 11 0.0126552
316 204 9 11 0.012654222
494 364 58 77 0.012654039
953 851 12 17 0.012651831
390 221 8 12 0.012651216
498 233 12 14 0.012650798
408 824 108 72 0.012636912
934 541 17 20 0.0126281
330 0 383 259 0.012627747
919 325 16 20 0.012623202
514 174 9 12 0.012621459
960 222 19 26 0.012621409
955 314 15 16 0.012620567
112 494 14 15 0.01261851
520 245 8 12 0.012618434
229 405 22 23 0.012614101
484 234 12 15 0.012612111
447 250 9 12 0.012610063
806 665 107 145 0.012606741
444 136 355 407 0.012602825
704 189 16 17 0.012602458
805 719 18 30 0.012593189
641 264 11 10 0.012593141
49 353 51 74 0.012593066
941 864 17 22 0.012591414
444 258 9 12 0.012590616
232 78 157 188 0.012589265
297 420 23 33 0.01258241
633 303 16 22 0.012578505
269 113 15 22 0.012576516
219 91 88 118 0.012576346
77 535 20 25 0.012572059
895 239 69 101 0.012571228
681 231 93 115 0.0125691965
735 839 36 44 0.012564081
657 238 18 19 0.012560349
695 270 12 13 0.0125594875
583 400 21 25 0.0125586465
575 213 15 18 0.012558109
164 188 32 34 0.012557058
929 319 13 14 0.012545534
552 387 42 53 0.012544667
991 278 33 86 0.012537841
385 396 26 31 0.012533426
741 713 13 18 0.012530931
974 703 50 126 0.012530431
0 0 12 16 0.012529973
194 164 30 30 0.012527078
834 178 9 12 0.012524562
390 194 8 10 0.012522243
945 374 20 29 0.01251634
888 498 36 37 0.012512998
549 203 9 12 0.012509182
50 306 51 65 0.012505546
490 199 16 22 0.012505199
471 115 108 113 0.01250502
910 298 12 16 0.012503711
531 178 58 74 0.012499697
322 380 25 23 0.0124976095
766 88 94 116 0.012496926
396 724 88 118 0.012493722
678 445 14 16 0.012490185
377 416 18 17 0.012483266
935 835 9 13 0.012479745
482 177 16 23 0.012473376
78 307 33 40 0.01247247
766 266 21 25 0.01247146
655 244 8 12 0.012471108
655 569 105 129 0.0124707185
568 750 9 10 0.012470568
786 322 19 22 0.012468828
374 837 8 10 0.0124683445
642 295 13 14 0.012465171
911 244 9 11 0.012455217
665 320 76 103 0.012454502
505 279 10 12 0.0124533735
502 223 13 16 0.012452467
63 229 300 386 0.012451324
845 355 35 28 0.012449888
940 411 11 14 0.012449161
307 421 71 96 0.012448911
70 481 99 115 0.01244858
555 223 98 125 0.01244476
460 596 7 9 0.012444022
386 111 67 79 0.012438791
595 146 163 211 0.012436599
806 187 14 17 0.012432231
938 291 9 12 0.012431971
387 183 10 13 0.012431257
469 760 35 43 0.012431123
288 776 9 12 0.012430914
595 198 43 62 0.012425781
723 415 10 16 0.012425642
142 90 53 72 0.0124255195
698 437 20 23 0.012422271
803 379 16 21 0.012419056
951 115 8 10 0.012408112
553 187 10 12 0.012404617
575 268 12 15 0.012403188
375 485 102 137 0.012403126
487 183 15 22 0.012402903
626 203 98 112 0.012402187
195 370 15 25 0.012400313
391 220 12 15 0.012395632
589 351 40 45 0.012393039
746 851 16 18 0.012389581
941 540 44 60 0.0123859625
657 191 8 10 0.012377314
657 375 10 13 0.012369567
884 216 12 12 0.012368443
654 197 21 27 0.012367844
910 264 16 21 0.012367411
895 385 44 47 0.012360867
463 230 19 23 0.012353134
905 170 54 67 0.012348656
853 199 13 15 0.012347999
319 196 13 16 0.012346243
909 393 68 98 0.01234565
787 328 9 12 0.012342068
430 256 15 18 0.012339522
79 583 106 138 0.012337673
274 794 12 15 0.012330709
823 184 15 19 0.012328032
328 441 18 16 0.012319195
354 331 27 34 0.012317913
682 387 44 57 0.012310019
207 730 11 15 0.012309878
385 264 36 46 0.012309226
362 830 8 9 0.012308373
643 269 11 10 0.012306815
382 180 33 41 0.012305933
0 624 144 237 0.012304599
445 116 12 15 0.012303084
522 186 12 14 0.012302731
468 202 14 19 0.012301293
440 113 9 11 0.012298709
555 244 9 11 0.012292488
662 297 15 17 0.012286416
834 168 14 14 0.0122823985
427 164 12 14 0.012281764
665 712 13 17 0.01227753
528 714 91 131 0.012277529
593 444 17 22 0.012276882
560 250 15 20 0.012275299
870 170 9 11 0.012265339
967 391 13 18 0.012262715
334 190 12 14 0.012261457
547 400 23 25 0.01226094
669 188 13 17 0.01225942
421 170 23 31 0.01225904
373 324 32 41 0.012258737
222 275 30 35 0.012257548
825 204 9 10 0.012253285
213 755 8 10 0.01225217
483 380 13 12 0.01225055
1023 1 1 35 0.012249062
819 189 9 12 0.012248841
698 448 13 16 0.012247968
800 117 14 12 0.0122412
533 248 11 16 0.012240999
88 279 31 37 0.012237945
9 347 25 33 0.012236217
535 110 26 28 0.012235107
567 247 9 11 0.012230359
858 533 53 58 0.012230297
428 783 13 15 0.012227562
139 52 88 114 0.0122231105
465 243 13 14 0.012222055
214 456 13 13 0.012219398
966 454 23 28 0.012217294
885 197 15 18 0.012216766
225 652 175 201 0.012215114
681 206 24 25 0.012214999
151 840 35 43 0.012213412
392 206 47 58 0.012211225
854 418 28 30 0.012211058
448 84 64 83 0.012210064
897 180 17 19 0.0122095235
0 0 19 28 0.012208895
663 673 88 117 0.01220735
258 791 20 25 0.012205781
453 255 8 10 0.012199322
40 816 129 80 0.012197903
90 539 10 13 0.012195127
170 574 11 11 0.012191914
278 61 40 54 0.012188493
660 466 12 14 0.012188022
355 201 19 28 0.012187459
652 585 358 311 0.012186072
762 97 148 188 0.012186054
339 261 11 12 0.012184655
505 281 17 22 0.012184057
451 710 93 133 0.012179984
514 185 12 16 0.012178728
357 8 53 36 0.012178186
780 326 10 12 0.012177863
571 448 105 132 0.012177845
697 266 9 12 0.012172039
424 387 16 20 0.012171358
929 386 16 23 0.01216652
809 726 12 19 0.012165491
283 242 18 23 0.0121622775
634 244 9 12 0.012160271
681 431 24 29 0.012156634
271 303 40 46 0.012155662
900 406 31 32 0.012155199
915 301 22 26 0.012154643
945 482 17 28 0.012154537
433 189 42 57 0.012150507
684 190 12 14 0.012148972
416 393 24 26 0.012145905
927 774 24 33 0.0121343685
446 203 11 13 0.012132664
890 667 103 140 0.012131235
79 422 13 16 0.01213027
399 207 11 15 0.012129767
497 193 15 19 0.012128478
383 170 13 16 0.012128191
53 704 105 142 0.012128151
636 341 42 61 0.0121274525
760 0 149 182 0.012127249
370 174 14 16 0.012126083
524 239 8 10 0.012125392
788 318 104 125 0.012125328
553 446 46 44 0.012123226
814 252 20 23 0.012122937
926 180 29 36 0.012120492
651 202 13 17 0.012119496
470 252 12 17 0.012118749
594 171 8 10 0.012118361
753 764 54 68 0.012117296
826 195 12 16 0.012116779
652 442 8 13 0.012115672
872 266 17 21 0.012111769
342 201 19 24 0.012110415
408 194 43 54 0.012109262
105 246 15 21 0.012107417
344 182 84 107 0.012104783
755 424 21 17 0.0121037625
454 814 15 16 0.01210058
403 149 12 15 0.012099265
647 241 10 13 0.0120981885
494 235 9 10 0.012096795
606 396 10 12 0.012096058
571 248 10 12 0.012090915
900 392 12 12 0.012087393
909 339 38 52 0.012086364
75 181 75 99 0.0120860115
87 666 151 172 0.012080852
531 217 14 18 0.0120765045
622 660 28 37 0.012075227
377 345 9 13 0.012074259
610 7 131 138 0.012073452
425 188 8 11 0.012069988
592 189 14 17 0.0120681785
668 413 8 11 0.012065029
1008 471 12 17 0.0120605435
290 162 39 43 0.012054565
337 193 11 14 0.0120543605
403 428 14 18 0.012053124
929 261 95 207 0.012052123
322 407 28 27 0.012051818
361 199 13 17 0.012047737
711 450 21 25 0.012047521
117 71 87 120 0.012040892
332 258 21 23 0.0120393485
319 455 10 11 0.012038467
513 179 10 12 0.012037149
341 380 9 10 0.012036765
344 167 13 16 0.012035413
899 393 20 18 0.012032571
295 92 10 16 0.0120290825
994 141 30 88 0.012027941
152 760 62 74 0.0120271575
86 534 28 28 0.0120255565
510 145 11 23 0.012021297
937 420 16 17 0.012017689
1021 0 3 37 0.012016843
750 227 15 20 0.012015283
293 109 13 16 0.012014402
0 72 13 21 0.012013023
797 325 8 11 0.012012404
437 819 11 13 0.012007785
677 184 10 12 0.011999872
544 188 9 11 0.011997922
722 438 13 15 0.011996644
306 445 13 17 0.011994362
403 824 12 16 0.011993723
195 859 18 22 0.011991987
846 731 56 77 0.0119873565
754 219 24 30 0.011987155
301 104 16 20 0.0119866375
662 353 24 35 0.011982791
675 822 122 74 0.0119818365
378 270 20 22 0.01198094
649 178 15 20 0.011979954
474 854 12 17 0.011979412
384 209 14 17 0.011978026
378 331 11 18 0.011976815
317 417 13 12 0.011974619
267 748 18 24 0.011973819
542 174 8 11 0.011973012
742 261 10 14 0.011968746
815 410 15 17 0.011965296
365 216 8 13 0.011959814
946 310 12 14 0.011959697
808 33 136 180 0.0119590955
950 865 11 16 0.0119579565
454 119 15 21 0.011956541
460 144 68 71 0.011956427
878 169 11 13 0.011952007
620 81 60 90 0.011949575
411 170 12 13 0.011946458
290 108 12 14 0.011946451
686 400 20 13 0.0119458595
481 250 16 24 0.01194579
719 672 89 121 0.011945433
32 0 140 109 0.011944411
460 177 8 11 0.011944269
663 205 25 33 0.011943967
309 358 21 22 0.0119416565
672 406 14 16 0.011941276
663 201 13 16 0.0119410055
674 265 12 15 0.011938772
609 854 15 18 0.011937989
901 203 20 19 0.011937967
349 104 74 90 0.0119376015
403 156 8 9 0.011937039
432 219 20 25 0.011936787
104 471 125 135 0.011932469
382 184 9 12 0.011931622
603 439 15 15 0.011929971
303 423 16 17 0.01192752
767 218 16 20 0.011926141
456 184 127 180 0.011925891
747 267 11 13 0.011922881
71 499 16 24 0.011922123
359 206 12 17 0.011921616
564 401 16 18 0.011921019
954 815 23 29 0.011920713
130 579 107 141 0.01191858
948 339 20 28 0.011916425
745 360 31 25 0.01191573
740 857 10 12 0.011914244
540 760 181 136 0.01191404
292 614 104 137 0.011913986
299 212 13 17 0.011911489
498 412 158 198 0.011910757
400 69 16 23 0.0119077265
830 716 100 132 0.011905763
299 202 19 18 0.011905391
802 352 13 22 0.011901536
57 0 74 70 0.011896696
485 186 12 16 0.011895834
63 367 25 40 0.0118956
681 178 9 12 0.011888331
393 225 12 15 0.011883642
661 425 22 26 0.011882833
848 233 144 198 0.011882773
906 78 13 17 0.011881057
702 245 11 13 0.011880978
1012 0 12 30 0.011878974
668 179 11 11 0.011878319
446 346 15 29 0.011878194
785 458 18 15 0.011876944
482 881 7 10 0.011867946
957 306 21 23 0.0118674785
825 454 103 127 0.011860848
601 564 101 133 0.0118606575
522 227 51 64 0.011860496
543 191 12 17 0.011858732
959 317 15 22 0.011857511
652 776 173 120 0.011856368
937 520 11 14 0.011853007
603 182 11 16 0.011850895
257 758 18 23 0.011844645
904 369 10 12 0.011842497
360 345 20 26 0.011840864
902 832 41 55 0.0118380645
497 221 14 15 0.011833124
53 293 17 22 0.011829785
605 367 29 29 0.011828293
633 301 9 10 0.011828202
722 248 21 29 0.011827941
390 790 38 45 0.011827843
986 863 17 23 0.011826742
622 435 9 11 0.011821617
678 174 7 9 0.0118212765
486 174 18 22 0.011820931
972 764 22 37 0.011819412
848 834 13 16 0.011818076
956 414 15 17 0.011817967
521 162 14 10 0.011816959
301 133 65 83 0.011815146
71 742 53 69 0.011814828
970 391 9 12 0.011812824
307 380 34 35 0.011810492
656 385 47 61 0.011810222
710 864 22 32 0.0118089495
292 83 22 29 0.011808514
583 254 10 13 0.011807286
952 318 10 12 0.011805766
368 152 91 113 0.011804697
533 216 9 12 0.011801548
1008 216 16 69 0.011798364
924 300 14 18 0.011798357
611 387 17 18 0.011797596
54 563 104 130 0.011793116
639 170 14 12 0.01179067
267 745 9 12 0.011789962
271 420 33 39 0.011789539
705 454 8 10 0.011789531
213 451 19 21 0.011787331
176 195 97 106 0.0117867505
537 237 53 67 0.011785556
858 195 9 14 0.011784964
569 815 124 81 0.011783898
63 640 55 66 0.011782953
674 198 12 13 0.011781976
657 341 12 15 0.011781175
517 176 9 11 0.011779748
909 838 11 16 0.011779223
79 355 108 144 0.011778441
231 382 65 66 0.01177561
688 470 8 10 0.011771463
312 197 13 17 0.011770186
841 735 25 39 0.011769836
963 388 9 10 0.011768999
443 201 99 116 0.011768092
561 439 31 34 0.011767498
335 401 17 17 0.011767117
498 593 98 139 0.011766548
764 309 16 23 0.011766412
442 798 13 16 0.011763678
104 204 35 46 0.011762943
808 808 99 88 0.011758564
899 493 10 9 0.0117568355
724 255 11 13 0.011754883
498 181 11 13 0.011754644
80 533 15 17 0.0117516825
307 215 33 42 0.0117504
969 438 14 18 0.011744705
733 149 98 102 0.011744366
461 168 11 15 0.0117390165
100 301 66 66 0.011737454
645 334 10 10 0.011732947
493 776 13 15 0.0117325075
510 225 9 11 0.011731833
399 236 15 17 0.011730247
691 418 15 16 0.011726813
399 227 11 12 0.011722608
736 450 10 12 0.011721447
130 68 58 75 0.011717652
522 446 104 128 0.011716079
491 868 14 17 0.011715592
948 359 12 18 0.011715405
977 432 12 14 0.011712574
464 247 8 9 0.011711282
952 407 11 14 0.011710112
936 279 11 16 0.011708078
412 203 8 10 0.011703496
0 751 70 116 0.0117015345
866 193 10 13 0.011699907
751 260 10 11 0.011693242
839 203 14 13 0.011690462
221 208 9 13 0.01168999
694 211 23 30 0.011687701
298 346 73 93 0.011686632
211 615 98 131 0.011684145
944 358 7 9 0.011683807
397 276 13 16 0.011681656
811 255 40 45 0.011681075
343 501 104 137 0.011678725
903 825 19 26 0.011678413
436 178 9 12 0.011678037
291 359 49 66 0.01167749
388 67 35 42 0.011677
359 196 10 14 0.011676284
182 223 57 60 0.01167592
446 113 9 11 0.011675284
660 197 10 13 0.011671833
949 454 16 21 0.01167039
959 411 22 28 0.011667264
434 257 19 22 0.011664982
573 192 10 15 0.011660926
171 312 184 213 0.011659286
249 759 12 17 0.011657924
928 321 9 10 0.011650711
589 405 23 30 0.011649284
733 378 89 117 0.011643181
480 204 15 19 0.011642712
792 299 13 17 0.011639875
379 173 10 13 0.011638308
629 458 9 10 0.011631366
654 210 10 11 0.011628759
45 651 34 22 0.011627903
734 454 12 15 0.011622985
361 180 11 15 0.011622319
196 837 82 59 0.011619719
564 379 27 26 0.011619589
697 388 30 28 0.01161905
350 213 16 22 0.011615231
344 377 13 15 0.011614618
577 254 8 10 0.011613781
83 535 104 122 0.0116129415
908 269 19 25 0.011611939
601 59 27 35 0.01161044
707 236 14 18 0.011608529
931 552 13 21 0.011606071
368 818 12 15 0.011603021
495 239 28 38 0.011601839
326 445 13 12 0.011599825
584 147 9 13 0.011597632
604 267 14 13 0.011596827
430 171 10 12 0.011593827
939 272 16 20 0.011593085
706 246 14 18 0.011592988
475 700 194 196 0.011592038
629 435 18 23 0.011587614
679 383 17 21 0.0115862405
348 783 153 113 0.011585992
67 473 10 9 0.011584991
396 800 24 31 0.011584793
636 454 8 10 0.011583311
779 298 67 83 0.0115824845
904 365 18 20 0.0115777
376 247 13 16 0.011575976
520 242 8 11 0.011570186
639 456 27 32 0.011566296
761 409 12 13 0.011565835
537 231 13 16 0.011563526
578 746 14 18 0.01156201
382 307 9 9 0.011561005
129 0 163 170 0.011560684
757 218 45 53 0.01156033
414 437 110 140 0.0115588065
378 81 17 24 0.011558216
949 140 75 144 0.011557456
413 382 24 23 0.011557021
818 428 8 11 0.0115509685
652 327 20 20 0.011549812
87 305 20 23 0.011548887
919 226 13 17 0.011548743
603 424 18 22 0.011544665
349 320 38 52 0.011542144
385 380 58 72 0.011540994
373 229 20 26 0.011539205
774 694 8 10 0.011534754
304 197 12 13 0.011529821
395 92 15 19 0.011526719
813 28 8 10 0.011522662
889 71 36 46 0.011521147
915 269 11 14 0.0115206055
72 356 10 10 0.011519784
749 242 11 14 0.011517453
935 226 22 27 0.011517221
430 867 13 18 0.011515004
890 208 15 20 0.011513503
438 193 8 10 0.0115127135
918 344 11 13 0.011512578
422 251 14 16 0.011512457
687 434 12 13 0.011509771
362 50 352 406 0.011506401
936 322 14 19 0.011505992
375 321 12 19 0.011502116
449 247 12 15 0.01149857
902 219 34 42 0.0114985
313 201 93 117 0.011493212
432 202 9 13 0.011492765
831 757 60 73 0.011489939
297 110 15 19 0.011489302
639 285 80 108 0.011486171
93 243 25 34 0.011485828
235 725 40 51 0.011485167
650 425 13 18 0.011483857
931 563 43 60 0.0114805475
524 758 63 88 0.011479777
441 218 16 21 0.01147834
480 240 28 36 0.011477402
133 173 24 30 0.011475322
651 412 8 11 0.011471805
382 288 40 52 0.011471266
812 405 10 14 0.011470708
429 182 10 12 0.011470498
855 433 68 82 0.011470232
577 403 16 19 0.011468872
699 47 62 85 0.011468173
508 718 25 36 0.011466979
473 752 48 62 0.011465331
904 205 49 60 0.0114631085
703 240 10 13 0.011463039
992 732 17 25 0.011462857
918 193 24 38 0.011461341
861 176 11 16 0.011461031
851 737 26 37 0.011460759
63 192 14 13 0.011459771
708 210 12 12 0.011459378
273 239 19 22 0.011454692
923 221 10 16 0.0114508
959 436 9 13 0.011449683
425 415 22 30 0.011447879
612 409 15 20 0.011443144
0 632 71 133 0.011436964
644 434 13 17 0.011436191
874 245 44 61 0.011436141
454 858 16 23 0.011435393
473 164 14 15 0.011428596
606 442 14 17 0.0114283925
784 248 72 83 0.011426687
680 350 25 16 0.011426523
542 218 163 228 0.011423727
667 403 11 15 0.011423104
684 421 14 16 0.011421463
427 221 18 24 0.011418114
268 99 15 19 0.011416864
781 307 10 15 0.011416859
778 329 10 12 0.01141502
503 313 59 67 0.01141485
765 264 10 13 0.011413932
20 264 21 21 0.011408416
977 800 9 11 0.011400575
730 463 11 13 0.011399467
576 300 12 16 0.011399075
430 283 178 225 0.011397647
308 213 16 21 0.0113968495
106 288 16 16 0.011396496
399 871 41 25 0.011393642
313 150 93 119 0.011392628
723 217 20 27 0.011391998
351 207 14 17 0.011391161
955 415 38 45 0.011391072
503 183 9 11 0.0113909915
613 445 20 23 0.011389368
395 64 148 181 0.011386043
324 646 197 212 0.011384784
770 656 15 23 0.011382915
314 429 87 132 0.011378472
215 280 100 128 0.011376535
348 255 15 16 0.011376354
536 168 9 12 0.011376068
381 327 15 20 0.011368853
873 299 18 20 0.0113674365
895 293 11 12 0.011365546
842 0 22 17 0.011363313
254 275 94 123 0.011360541
925 332 9 11 0.011356346
386 195 11 13 0.011356033
416 806 38 48 0.01135433
749 299 10 12 0.011351156
0 3 25 43 0.011349779
792 86 16 19 0.011348981
52 675 54 73 0.011348537
654 194 14 15 0.011348484
825 249 63 61 0.011346957
136 176 17 19 0.011346398
324 175 13 16 0.011345433
609 271 18 21 0.011339998
365 185 9 11 0.011337116
317 207 42 54 0.011334936
873 163 19 23 0.011332681
452 169 19 22 0.011332402
539 175 11 15 0.0113315815
594 176 10 12 0.011331391
270 162 43 39 0.011330571
255 797 8 10 0.011327804
820 191 15 19 0.01132711
936 305 19 20 0.01132446
765 314 20 26 0.011323988
837 206 9 12 0.0113223195
332 196 62 75 0.011321609
277 799 7 9 0.011321022
952 340 25 37 0.011320695
398 218 12 16 0.011320023
204 174 34 37 0.011319682
225 573 27 29 0.011317508
47 270 71 90 0.01131389
178 729 54 71 0.011311937
345 183 10 14 0.011311754
987 79 37 105 0.011310147
412 266 18 20 0.011309151
597 843 67 53 0.011306613
893 276 22 26 0.01130513
617 819 127 77 0.0113048665
901 232 41 63 0.011302489
278 105 14 15 0.011301771
221 292 12 23 0.011301036
790 825 35 45 0.011298381
618 114 347 464 0.0112976665
891 182 17 18 0.011295274
179 185 51 54 0.011293008
911 225 9 13 0.011292433
703 259 10 12 0.0112915
640 425 22 33 0.011287565
611 379 13 15 0.01128613
365 365 25 34 0.011284823
786 110 12 13 0.01128471
884 75 10 17 0.011284251
333 294 43 48 0.01128162
806 317 23 24 0.011281468
860 571 50 64 0.0112809595
639 430 13 19 0.011277112
127 123 55 78 0.01127458
390 418 15 17 0.011271179
645 232 14 13 0.011269659
646 405 15 17 0.011269429
368 838 18 29 0.01126562
460 248 13 13 0.01126319
559 391 20 23 0.011257234
673 188 18 22 0.011251543
700 95 67 80 0.0112476805
367 184 13 17 0.011247008
465 237 12 14 0.011245946
887 467 24 16 0.011245387
372 125 14 20 0.011244799
507 209 51 70 0.011244474
399 84 16 22 0.01124022
393 791 19 27 0.011238185
1005 172 19 74 0.011237299
439 344 42 63 0.011235181
823 324 45 58 0.011233427
183 416 553 480 0.011232175
696 419 14 17 0.011231686
846 0 87 85 0.011231274
853 174 14 17 0.011230068
388 170 9 10 0.011229585
460 229 46 59 0.011229255
754 271 10 14 0.011229118
836 192 17 19 0.011228046
253 535 69 74 0.0112254685
972 399 27 32 0.011225082
700 218 20 27 0.011224228
362 173 13 15 0.0112196235
432 813 15 20 0.011216798
381 183 15 18 0.011213274
962 814 8 10 0.011210982
575 395 10 12 0.011210042
355 353 17 24 0.011209118
953 445 13 19 0.011206218
346 308 28 29 0.01120484
81 587 19 23 0.011204746
288 70 43 53 0.011203786
639 438 16 20 0.011201583
695 702 30 37 0.011200877
356 363 24 34 0.0112005165
446 176 14 14 0.011200457
387 236 27 29 0.011199901
884 169 11 15 0.011196303
716 380 8 9 0.011194614
791 112 19 18 0.011194213
795 150 11 12 0.011193947
156 138 187 224 0.011190794
264 224 14 21 0.011185585
382 192 9 11 0.01118518
112 752 27 34 0.011177124
321 179 12 16 0.011175542
335 356 12 14 0.011173361
470 191 11 14 0.011171969
992 716 27 35 0.011171323
29 541 97 130 0.011168224
339 358 24 27 0.011167937
626 592 101 129 0.011165387
719 370 10 15 0.01116035
521 256 10 12 0.01116031
830 204 11 16 0.011158985
875 456 57 66 0.011158088
647 266 11 10 0.01115557
687 452 20 25 0.011154332
235 585 104 134 0.011154214
753 245 10 12 0.011152905
963 450 14 21 0.011151466
940 215 23 28 0.011150671
854 382 68 82 0.0111505585
674 267 16 21 0.011150088
868 708 100 133 0.011145855
436 868 12 16 0.011142655
653 336 18 25 0.011142606
804 107 64 82 0.0111409705
354 170 12 13 0.011140549
356 233 14 21 0.011138792
204 747 51 65 0.011136501
500 335 39 46 0.011135773
486 192 13 19 0.011135708
876 194 11 13 0.011132811
208 757 14 18 0.011131247
679 200 8 10 0.01113093
621 265 10 11 0.011127227
424 842 11 13 0.011127013
316 334 29 21 0.011125172
893 240 23 28 0.0111251185
387 245 268 335 0.011121831
295 429 15 18 0.011120923
916 253 10 12 0.011120282
416 190 10 12 0.011118509
486 378 15 15 0.011118165
89 509 19 21 0.011117394
474 246 9 11 0.011116637
921 395 18 20 0.011115388
843 197 11 12 0.01111467
958 404 9 13 0.011114208
940 259 47 58 0.01111245
785 215 25 28 0.011104018
656 51 97 112 0.01110327
230 700 27 35 0.011101434
606 264 14 12 0.011100608
726 183 16 16 0.011099963
155 62 42 50 0.011099767
888 250 18 23 0.011094505
995 381 29 75 0.011093805
219 774 18 29 0.011092231
570 705 19 26 0.01109171
703 196 42 50 0.011091024
710 244 11 13 0.011089596
356 276 142 189 0.0110893
132 197 17 15 0.011087382
972 310 26 34 0.011087197
514 161 10 15 0.011085947
36 207 83 113 0.01108566
551 757 15 18 0.011084902
669 208 15 21 0.011084466
73 366 10 17 0.011084096
459 207 10 12 0.0110835545
632 450 21 22 0.011083032
913 708 61 74 0.011082891
355 195 8 11 0.011082269
503 851 17 23 0.01108152
278 776 12 15 0.011081211
471 239 48 65 0.011080383
424 829 22 28 0.0110761095
437 791 19 25 0.0110759325
343 35 64 79 0.011074132
130 828 55 68 0.011071332
339 0 61 39 0.01107101
647 464 26 25 0.011070578
422 395 24 30 0.011068686
494 201 20 25 0.011064669
966 817 19 25 0.01106411
305 414 16 17 0.011063172
73 441 89 112 0.011063093
380 212 13 15 0.011062318
682 850 61 46 0.011061243
656 207 9 12 0.011059588
343 370 15 17 0.011055192
945 392 13 18 0.011054996
755 409 17 23 0.011053817
503 735 13 19 0.011049057
603 764 12 16 0.011045189
67 414 16 15 0.01104483
99 739 23 33 0.011042565
865 209 20 22 0.01103977
312 459 12 13 0.011039412
786 708 108 149 0.011038763
865 169 15 19 0.011038267
951 331 14 17 0.011037932
833 205 7 11 0.011033528
680 700 105 150 0.011031863
73 299 16 21 0.011030994
67 285 21 20 0.01103011
579 387 16 18 0.011027554
868 224 14 19 0.011026771
420 197 46 62 0.011025399
534 183 12 15 0.011022666
654 418 19 26 0.011017229
967 801 9 12 0.011016762
1005 331 19 75 0.011011918
473 315 28 33 0.011008063
115 32 88 107 0.0110078985
426 208 21 26 0.011007386
694 223 41 54 0.011007196
155 610 103 138 0.011006994
966 187 10 10 0.011006947
362 110 34 42 0.011006764
296 408 13 17 0.011004303
562 388 11 12 0.011002279
653 428 21 26 0.01100169
401 170 20 20 0.01099961
836 492 105 130 0.0109972935
739 239 10 16 0.010997164
553 558 98 131 0.010992951
781 765 50 66 0.010992685
525 234 10 12 0.010990975
358 314 18 23 0.0109901335
768 256 13 18 0.010988441
520 226 12 14 0.010986455
551 209 47 70 0.010984629
733 765 53 68 0.010982369
746 844 11 11 0.010980999
563 499 8 11 0.010978483
376 331 21 25 0.0109767215
709 276 47 64 0.010971209
391 786 17 24 0.0109699005
543 735 45 59 0.010969606
343 196 10 13 0.010968554
640 271 12 12 0.010966046
810 387 11 14 0.010965265
559 172 11 11 0.010964405
391 290 19 24 0.01096393
425 120 18 22 0.010963038
708 374 9 11 0.010957636
486 216 13 16 0.010956995
624 343 104 139 0.010956238
720 813 130 83 0.010951962
441 419 65 76 0.010951282
529 235 9 10 0.010950743
312 826 109 70 0.01094652
502 279 15 19 0.010944953
210 452 11 11 0.010944495
819 402 14 13 0.010943318
762 258 11 15 0.010941084
213 374 93 112 0.010939057
258 0 307 198 0.01093737
661 416 12 15 0.010935254
800 408 12 12 0.010934313
801 322 10 9 0.010933703
926 198 24 30 0.010929746
755 465 18 13 0.010928897
614 395 17 20 0.010928003
409 84 7 14 0.010926669
7 438 78 110 0.010925118
667 301 21 19 0.010924092
507 230 25 32 0.0109230755
447 212 15 17 0.010922846
438 697 33 43 0.0109203635
390 596 8 10 0.010920105
499 239 48 64 0.010915304
979 364 45 112 0.010911535
181 583 104 134 0.010911496
500 234 8 10 0.010910877
866 185 9 12 0.010908097
323 455 8 10 0.010904263
918 291 10 14 0.010902471
983 716 18 30 0.010901156
704 213 11 13 0.010901108
429 154 10 9 0.010899878
734 379 12 10 0.010899315
445 247 8 13 0.010898719
764 224 24 26 0.010898532
683 425 19 22 0.010896823
397 17 64 72 0.01089432
644 452 13 15 0.010894265
419 208 19 25 0.010891201
987 818 13 17 0.010890088
87 0 91 62 0.010889653
447 835 7 10 0.010889437
707 642 182 237 0.010889344
676 110 55 77 0.010888866
961 259 41 51 0.010882544
662 360 14 18 0.0108805895
573 441 49 61 0.010880034
673 182 8 11 0.010877533
253 168 52 51 0.0108756935
392 307 12 13 0.010872191
800 237 23 31 0.01087206
144 56 22 25 0.010870771
272 797 9 11 0.010868847
948 404 76 129 0.010866121
696 283 9 12 0.010865105
617 401 23 27 0.010864359
386 222 9 12 0.010864041
141 613 22 25 0.010863937
883 297 26 30 0.010862095
78 647 54 72 0.010861326
13 253 31 32 0.010860102
813 610 158 196 0.010858085
822 192 20 25 0.01085753
684 440 24 29 0.010856001
295 398 34 43 0.010855681
808 0 160 129 0.01085282
236 0 164 185 0.010850861
766 254 12 13 0.010850832
367 189 39 52 0.010850359
908 247 10 12 0.01084954
521 200 22 27 0.010849091
201 0 114 71 0.010848713
151 395 197 222 0.010842471
688 758 54 75 0.010841714
285 465 100 140 0.010841275
969 456 15 18 0.010839498
610 416 24 30 0.010836647
901 551 32 37 0.01082845
941 295 11 13 0.010826989
253 712 62 73 0.010823811
600 72 14 23 0.010816695
633 846 23 32 0.010815301
548 178 19 24 0.010814493
820 726 54 79 0.010813287
983 557 18 21 0.010809838
311 202 9 11 0.010809163
367 276 22 27 0.010807058
116 220 32 39 0.0108068455
714 859 23 28 0.0108067505
944 345 22 33 0.010802753
2 179 25 34 0.0108023845
678 463 14 14 0.010800572
60 702 38 50 0.010799669
128 211 20 25 0.010799072
387 193 7 10 0.010798577
491 204 10 13 0.010798451
626 212 10 13 0.010798087
49 611 108 141 0.010797408
344 25 8 9 0.010797202
479 853 9 13 0.0107955085
332 719 22 31 0.010792403
681 173 10 12 0.010791189
371 340 42 50 0.010789511
712 369 11 13 0.010788917
558 190 10 13 0.010787867
97 537 10 11 0.0107860435
227 291 23 25 0.010785377
436 118 10 11 0.010784451
216 741 8 10 0.010783249
88 588 20 26 0.010779484
749 415 24 25 0.010778688
366 219 10 13 0.010778337
670 305 59 75 0.010777939
213 213 96 114 0.010777616
184 431 107 131 0.01077748
421 607 8 10 0.010777401
70 192 10 10 0.010776915
136 432 119 135 0.010776913
858 456 39 22 0.010775111
854 309 53 63 0.010774881
106 743 26 37 0.0107743
322 203 9 10 0.010773937
310 377 21 22 0.010773187
911 560 31 38 0.010772985
507 841 10 13 0.010772606
881 39 56 78 0.010772024
660 400 17 22 0.0107715335
524 123 8 10 0.010771473
43 863 48 33 0.010770881
403 418 11 13 0.010769272
478 166 10 13 0.010767487
449 170 14 14 0.010765114
923 371 12 13 0.010764473
771 280 9 10 0.010763442
896 190 49 51 0.010760525
649 213 163 216 0.0107594235
941 379 9 10 0.010758275
595 267 154 218 0.010757877
354 198 12 18 0.010757217
39 190 15 15 0.010756921
804 457 155 201 0.010756211
559 408 29 35 0.010755832
708 573 101 121 0.010755616
865 737 30 39 0.010755069
1019 886 5 10 0.010751427
380 230 12 15 0.010751254
718 257 20 24 0.010751008
385 65 7 9 0.010750957
145 202 25 30 0.0107500395
409 366 13 13 0.010748736
1004 303 20 75 0.010746928
485 790 24 32 0.010745301
206 189 12 15 0.010744882
10 204 54 68 0.010742572
379 203 13 15 0.0107419295
255 746 11 15 0.010739548
804 352 9 11 0.010738692
400 189 8 11 0.010738559
413 837 19 25 0.010738116
848 418 139 190 0.010735521
611 178 9 14 0.01073538
685 211 13 17 0.0107339565
831 100 50 68 0.010733679
400 388 26 27 0.010732967
365 273 15 18 0.010731777
190 117 386 448 0.0107315015
445 152 10 10 0.0107311625
711 264 20 21 0.010728531
389 386 28 32 0.010727657
716 444 24 29 0.010727556
658 187 12 13 0.010727431
397 809 45 57 0.010724293
932 403 9 13 0.010723794
623 444 8 13 0.010723541
382 425 19 22 0.01072339
813 858 17 22 0.010722855
670 175 12 12 0.010721949
599 680 99 142 0.010717968
907 736 53 74 0.010716883
837 561 94 123 0.0107152555
386 308 22 26 0.010713857
948 480 9 12 0.010713813
338 378 14 14 0.010713692
598 271 62 79 0.010710763
315 299 24 31 0.010710603
874 428 14 19 0.010710108
735 714 21 35 0.010709979
583 445 16 23 0.010708382
580 465 47 47 0.010707536
262 399 47 56 0.010707497
934 428 16 18 0.010706111
428 739 89 121 0.01070417
492 852 47 44 0.010703708
474 213 14 17 0.010701293
256 798 56 84 0.010701089
952 764 28 39 0.010698561
354 181 8 11 0.010697327
887 73 14 18 0.010696283
944 394 8 10 0.010695758
970 224 28 35 0.010695346
264 682 96 119 0.010693214
948 870 15 20 0.010692925
361 218 12 19 0.01069212
509 248 8 13 0.010690599
741 238 8 10 0.010689767
383 70 8 10 0.010688968
467 246 8 9 0.010688076
946 728 8 9 0.010688061
397 409 16 22 0.010687435
932 480 53 80 0.010686636
669 368 8 11 0.01068576
651 271 12 13 0.010685715
653 361 18 23 0.0106854625
543 247 9 12 0.010685194
302 178 43 48 0.010683788
163 309 107 111 0.010682902
120 560 24 27 0.010682747
562 239 12 14 0.010682681
759 254 12 16 0.010682612
367 866 49 30 0.010681828
55 309 20 28 0.010681711
889 717 11 15 0.010681639
956 119 22 28 0.010681269
913 408 22 26 0.0106799435
265 796 11 15 0.010678623
643 341 67 97 0.0106776925
557 402 19 21 0.010677573
627 441 10 13 0.01067572
478 875 9 11 0.01067402
623 453 105 132 0.010671265
106 615 104 140 0.010670453
389 309 9 12 0.010669526
654 355 9 13 0.010668129
232 765 8 10 0.010660962
347 377 41 52 0.010660116
506 239 30 38 0.01065962
329 153 36 49 0.010657475
866 104 11 12 0.010655382
357 328 19 20 0.01065482
962 510 22 27 0.010653557
156 189 15 17 0.010652955
971 633 27 35 0.010652027
571 404 26 31 0.010651854
866 836 12 16 0.010651626
24 636 104 141 0.010647236
536 182 8 11 0.010647071
493 629 57 77 0.010646687
886 490 33 30 0.010645655
340 270 21 25 0.010643318
846 365 25 17 0.010643148
930 443 14 18 0.010642763
366 596 474 300 0.010637327
729 233 108 126 0.010637217
49 840 38 45 0.010635397
370 244 44 61 0.010634586
809 584 105 137 0.010633449
460 789 24 34 0.010632081
866 202 16 19 0.010631776
931 293 10 12 0.010631364
336 285 17 17 0.010629966
689 704 14 18 0.010629323
358 214 13 18 0.010626678
693 272 13 18 0.010625487
708 281 13 16 0.010624887
628 701 104 148 0.010624592
718 435 20 24 0.010624589
973 257 29 34 0.0106239645
974 85 14 20 0.010622386
488 229 13 15 0.010621936
915 229 18 23 0.01061953
891 187 76 96 0.010618057
387 408 18 24 0.010617665
946 506 26 40 0.010615598
386 826 17 25 0.010615078
860 106 144 197 0.010611317
266 229 19 21 0.010608094
665 269 69 81 0.010607769
373 185 10 12 0.01060715
520 809 123 87 0.010607048
712 392 10 12 0.010604424
574 415 27 35 0.010600909
659 725 20 39 0.010600269
251 67 77 108 0.010596072
65 330 97 122 0.010594957
613 212 23 32 0.010593773
623 400 104 134 0.010591942
467 233 7 10 0.010591762
284 636 60 68 0.010589734
476 227 12 16 0.010587624
813 729 19 26 0.010586421
0 167 17 32 0.010586397
268 584 182 225 0.010586209
517 204 15 20 0.010586001
772 733 21 29 0.010584449
151 57 12 14 0.010584164
335 93 160 203 0.0105839595
920 158 44 58 0.010583878
365 337 11 15 0.010583427
727 205 25 31 0.010581736
273 774 174 122 0.010580678
140 236 29 28 0.010579663
679 194 10 13 0.01057855
395 396 17 21 0.010578506
200 736 34 42 0.010577351
578 731 21 27 0.010575019
278 179 48 52 0.010573988
328 207 9 12 0.010572526
942 272 27 32 0.010571744
772 377 61 77 0.010571286
506 175 11 12 0.010570334
555 174 85 103 0.010569967
269 164 23 21 0.0105697
297 775 9 11 0.010569154
825 395 25 25 0.0105689345
946 316 11 15 0.010567778
255 264 18 22 0.010567347
92 103 80 114 0.010567096
136 746 91 120 0.010563947
345 816 12 15 0.010561662
750 223 33 41 0.010560564
344 171 9 10 0.010560531
529 162 13 11 0.01056027
430 201 27 36 0.010559265
894 494 15 12 0.010559058
637 258 16 14 0.01055826
300 362 18 24 0.010557703
486 401 15 19 0.010557548
151 831 53 65 0.010556578
246 740 22 29 0.010552851
589 383 13 14 0.010552808
1023 3 1 39 0.010551417
171 169 48 50 0.0105511425
361 355 19 28 0.010549647
413 90 63 78 0.010549108
761 252 9 10 0.0105478
535 237 9 11 0.010545511
728 393 13 18 0.01054476
172 169 27 30 0.010540748
677 425 11 12 0.010536954
323 705 85 118 0.010536598
320 208 12 15 0.010535316
687 847 11 15 0.010533264
929 452 14 17 0.010532384
705 423 8 9 0.010531137
331 832 54 64 0.010531071
275 785 9 12 0.01052926
531 192 13 17 0.010528747
894 83 25 29 0.010528707
554 201 10 13 0.010525205
950 513 11 17 0.010520365
918 397 11 11 0.010520227
863 169 11 14 0.01051794
847 845 23 34 0.010517762
614 852 12 15 0.010517361
534 427 49 55 0.010517059
747 550 8 10 0.010515596
165 169 10 12 0.010513717
91 588 12 15 0.01051301
403 276 12 14 0.0105126975
480 859 7 10 0.010511107
801 332 10 13 0.010510515
519 168 24 29 0.010510254
703 131 58 76 0.010509523
598 261 25 22 0.010509233
387 73 19 20 0.010508277
948 383 8 10 0.010507147
747 404 15 21 0.010506521
551 254 9 11 0.010506499
392 229 50 68 0.01050491
405 399 31 36 0.010504093
843 207 29 39 0.010503958
531 831 31 37 0.01050357
207 0 49 31 0.010500114
696 463 9 12 0.010494931
723 233 20 25 0.010494334
440 169 14 12 0.010493377
501 388 15 18 0.010492212
906 249 8 11 0.010491753
444 106 12 15 0.01048942
878 92 74 103 0.010488088
833 218 49 60 0.010487229
588 191 11 14 0.010487077
462 252 12 15 0.010485516
99 0 24 16 0.010483882
692 181 27 34 0.010482868
108 558 56 61 0.010481865
539 236 9 11 0.010480082
493 378 13 15 0.010479321
728 248 11 12 0.010478385
6 276 104 156 0.010473451
962 378 48 70 0.010472788
589 391 14 18 0.0104710255
967 224 21 25 0.01046977
607 205 25 27 0.01046953
647 176 10 13 0.0104689915
546 173 7 9 0.010467694
964 679 22 27 0.010466713
947 511 12 14 0.010465812
121 652 54 77 0.010463785
744 854 10 13 0.010462411
792 704 7 9 0.010461202
780 312 19 24 0.010460265
266 76 15 22 0.010460051
611 238 17 20 0.010459396
469 623 57 79 0.010459369
586 353 29 33 0.010459234
960 430 13 15 0.010458582
688 236 16 21 0.010455871
666 703 12 17 0.010454751
389 207 12 16 0.010454459
604 449 16 19 0.010454191
426 424 13 18 0.010450935
259 74 39 47 0.0104505615
287 219 95 121 0.010450345
951 357 10 14 0.010449743
728 438 15 18 0.01044948
872 271 11 14 0.010447583
468 247 19 25 0.010446744
946 458 22 28 0.010444834
994 516 15 21 0.010442337
826 164 17 16 0.010440601
843 835 21 30 0.010440517
666 438 14 17 0.010439492
113 0 24 16 0.0104385475
530 645 181 231 0.010437529
42 279 37 52 0.010436839
966 339 26 38 0.010436327
334 607 109 143 0.010435617
107 447 84 104 0.010434758
377 346 14 17 0.010433732
853 66 60 79 0.010431503
407 207 13 16 0.010428994
932 207 22 28 0.0104284845
376 126 11 12 0.010423963
635 292 12 12 0.010423904
328 8 59 58 0.010423625
250 788 21 25 0.010423479
363 175 9 10 0.010422852
824 0 73 51 0.010422276
384 357 13 12 0.010421297
782 68 12 15 0.010420849
610 853 22 28 0.010419975
485 835 29 35 0.010418502
666 313 16 12 0.010416957
766 377 25 24 0.010414173
265 729 24 36 0.01041097
514 249 9 12 0.010409814
584 470 14 12 0.010409587
255 798 39 56 0.010409538
781 314 10 12 0.010409398
848 386 29 30 0.01040739
398 674 92 124 0.0104073025
581 435 15 22 0.010407155
459 826 78 70 0.010404914
408 67 9 15 0.010404097
888 366 19 17 0.010403789
688 701 27 31 0.010402838
530 186 14 16 0.010402232
389 301 10 12 0.010401705
662 186 13 15 0.010401279
492 191 10 14 0.010399682
343 308 20 19 0.010399418
944 354 13 19 0.0103977015
717 364 11 18 0.010397543
662 234 24 31 0.010395753
413 196 8 11 0.010395526
727 200 297 446 0.010395189
187 601 30 35 0.0103948945
935 830 11 15 0.010394015
412 271 8 11 0.01039258
262 741 12 16 0.010391735
174 705 44 54 0.010391553
634 457 12 13 0.010391176
460 854 12 17 0.010389908
745 316 16 15 0.010389357
937 465 14 17 0.010387583
358 340 36 50 0.010386748
527 281 14 20 0.010385635
445 118 23 29 0.010384091
924 232 80 117 0.01038271
965 835 8 11 0.01038264
683 467 16 14 0.0103818085
415 832 10 13 0.010378795
195 771 46 64 0.0103776045
170 847 54 49 0.010377317
531 226 13 15 0.0103728855
406 79 11 21 0.010371878
718 409 84 110 0.010370211
630 307 51 72 0.010364239
561 425 28 34 0.010363825
256 231 44 50 0.010362893
492 102 26 35 0.010357864
326 137 67 86 0.010354904
944 353 11 12 0.010354579
985 731 16 25 0.010352224
386 230 9 12 0.010350433
812 739 10 15 0.010348893
528 163 20 20 0.010348674
386 143 63 75 0.010348015
936 823 20 26 0.010347272
593 702 14 19 0.010346775
990 187 34 87 0.010346497
830 193 11 15 0.010346423
302 198 67 78 0.010346093
529 235 18 22 0.010345064
487 772 20 26 0.010343301
667 207 11 13 0.01034236
599 404 46 59 0.010341506
386 225 22 26 0.010341194
901 397 22 22 0.010341171
928 376 19 23 0.010340574
298 667 95 129 0.010340524
492 175 9 10 0.0103390785
347 197 13 17 0.010337428
942 313 11 14 0.010336359
687 268 13 15 0.010336048
637 455 13 13 0.010335475
791 151 9 10 0.010334384
417 175 13 15 0.0103335325
678 386 26 27 0.010332625
711 198 18 20 0.0103315525
792 826 53 70 0.010331371
925 261 42 54 0.010330814
94 311 18 22 0.010329641
544 223 12 17 0.010325706
720 380 10 15 0.010322739
550 171 10 12 0.010321892
951 110 11 14 0.01031912
1005 132 19 77 0.010318225
741 683 50 73 0.010318155
256 100 40 56 0.010317842
312 232 20 24 0.010317779
276 220 20 25 0.010316032
744 365 23 15 0.010314854
570 187 10 11 0.010314448
879 392 15 17 0.010314447
239 294 49 49 0.010311238
239 548 30 35 0.010310723
156 718 96 125 0.010310594
388 626 59 83 0.010308925
981 431 13 17 0.010308897
560 747 20 25 0.010308825
1 704 62 97 0.010308224
186 773 30 44 0.01030652
660 263 19 23 0.010306026
272 271 63 81 0.01030457
819 413 9 12 0.010304394
537 251 12 16 0.0103034675
370 835 14 20 0.010302573
737 70 12 13 0.010302314
683 139 40 55 0.0103020845
646 201 10 12 0.010301938
921 283 13 16 0.010301622
506 181 8 9 0.010300228
246 436 24 27 0.010299926
547 383 18 20 0.010298138
721 387 9 14 0.010297943
552 249 49 68 0.010296071
959 227 46 63 0.0102960095
310 337 52 67 0.010295785
943 198 50 70 0.010294139
456 769 28 41 0.010292819
454 840 10 13 0.010292736
86 232 38 52 0.01029237
279 205 31 25 0.010291976
834 166 21 23 0.0102871815
340 163 13 15 0.010285649
103 199 10 16 0.010283651
788 313 10 11 0.010282273
476 378 33 43 0.010278968
240 300 12 13 0.010277469
696 454 14 19 0.010277084
526 244 17 22 0.0102753155
28 775 49 66 0.01027397
561 831 49 65 0.010273942
464 764 62 85 0.010273131
891 555 48 59 0.010269555
692 294 11 14 0.01026871
234 428 103 140 0.010268666
831 735 23 31 0.0102685485
767 300 15 17 0.010268352
457 296 12 16 0.010268195
911 401 20 20 0.010268154
849 556 50 61 0.010267005
915 254 15 18 0.010266113
953 215 32 43 0.010265851
724 458 21 26 0.01026567
616 433 11 11 0.010265094
600 206 12 16 0.010264631
593 700 22 29 0.010263755
623 652 20 20 0.010262895
389 295 26 33 0.01026016
551 246 10 12 0.010259652
0 463 140 226 0.010258768
767 30 92 116 0.010254801
716 854 13 16 0.010254689
952 365 8 12 0.0102546
201 131 103 133 0.010252562
953 467 71 117 0.010251799
44 299 26 33 0.010250613
434 196 69 78 0.010250455
816 178 12 16 0.010250097
604 633 87 112 0.01024965
258 0 112 69 0.010248893
411 188 13 15 0.010248166
263 817 99 79 0.010247663
293 362 14 18 0.010247408
757 407 12 13 0.0102448175
372 334 10 14 0.010244771
102 190 13 23 0.010243477
570 838 33 42 0.010242834
772 233 21 24 0.010242111
459 248 9 10 0.010241895
336 382 14 15 0.010241786
637 299 19 26 0.010241634
243 750 21 27 0.010241507
316 244 21 21 0.010240733
771 450 18 13 0.010238728
336 780 20 32 0.010235931
63 533 30 33 0.010234261
231 257 68 80 0.010232777
882 177 8 11 0.010232168
808 270 203 285 0.01023121
799 710 56 71 0.010231122
386 874 40 22 0.010230531
261 777 18 26 0.010229039
535 230 25 32 0.010225422
657 173 9 12 0.010224891
733 339 33 35 0.010224807
519 232 17 23 0.010224077
902 173 24 27 0.0102224555
669 760 52 74 0.010218121
555 174 9 12 0.010218062
507 843 14 19 0.010216199
702 282 10 13 0.0102153765
425 783 19 25 0.010214823
977 322 26 35 0.010214083
571 749 15 19 0.010212642
604 400 9 10 0.010212421
729 867 21 27 0.010212381
652 207 28 39 0.010212277
955 452 19 24 0.010211719
416 175 8 10 0.01021043
557 347 25 37 0.010210006
80 591 13 17 0.010209308
0 93 11 21 0.010207991
869 237 23 24 0.010206844
458 243 19 23 0.010206353
352 246 46 61 0.010203565
965 398 11 19 0.010203421
820 212 20 24 0.010202683
712 875 10 11 0.010202234
560 250 10 13 0.01020173
670 428 9 10 0.010200404
429 705 82 108 0.010200372
349 233 16 22 0.010199334
1 177 34 57 0.010194077
546 862 12 14 0.010191281
399 817 19 28 0.01019097
511 663 77 98 0.010187405
915 250 26 35 0.010187223
696 371 18 18 0.010186754
858 191 8 11 0.010186519
507 731 61 78 0.010182572
916 348 26 32 0.010181205
575 731 103 147 0.010180438
68 421 27 38 0.010179188
633 265 14 17 0.010178054
372 250 13 16 0.010177681
626 536 103 131 0.0101752365
67 405 22 27 0.010173951
677 309 16 13 0.010172834
397 223 23 26 0.010172493
515 255 9 13 0.010172466
365 111 19 24 0.010170961
731 445 9 12 0.010170098
500 101 15 17 0.010167239
272 37 93 132 0.010165468
154 222 97 112 0.010164915
774 657 8 9 0.010163587
302 109 20 24 0.010163178
910 417 19 21 0.010162896
341 784 10 14 0.010162824
979 448 10 17 0.010161642
794 760 12 13 0.010160912
1015 3 9 52 0.01015936
605 435 11 12 0.010154829
130 768 59 78 0.010154388
474 732 96 134 0.010151242
633 181 9 10 0.010150421
756 591 105 134 0.010148794
713 191 10 11 0.010145531
445 218 21 25 0.0101449555
808 244 19 21 0.010143931
1004 24 20 80 0.010142236
974 203 21 29 0.010141844
702 160 103 116 0.010141259
432 172 13 15 0.010140521
655 417 13 17 0.010139022
904 380 26 27 0.010138647
799 114 9 10 0.010138568
897 228 11 14 0.010136398
372 862 8 10 0.010135734
844 857 21 29 0.010135557
933 786 18 25 0.010132283
356 301 18 24 0.010130858
9 351 82 116 0.010130409
796 708 9 11 0.010129301
329 203 17 21 0.010126135
604 266 9 9 0.010125993
385 820 11 12 0.010124684
641 260 18 15 0.010124397
371 851 13 18 0.010124308
253 368 30 31 0.010123701
279 789 9 12 0.010123511
553 802 25 34 0.010122166
397 174 12 15 0.010121232
595 419 157 203 0.010120741
921 832 11 14 0.010120486
760 493 8 11 0.010120176
711 375 11 12 0.010119781
115 321 114 130 0.010119722
378 189 10 12 0.010119561
724 326 67 89 0.010118697
551 180 11 13 0.010117286
5 827 26 32 0.010116752
775 217 22 25 0.010114794
495 371 14 17 0.01011441
804 406 10 11 0.010113064
443 748 20 30 0.010108621
406 177 17 22 0.010108222
265 739 7 9 0.010107918
72 333 10 12 0.010107048
341 103 47 56 0.010105867
644 470 23 25 0.010104666
279 785 8 11 0.010104523
567 745 56 75 0.010102675
957 501 16 21 0.010100118
592 836 12 15 0.010098929
296 734 34 43 0.010098183
629 348 20 23 0.010097814
554 182 11 12 0.010096892
264 211 24 33 0.010096319
919 237 11 14 0.010094616
842 395 19 15 0.010093636
285 770 17 18 0.010093148
256 114 22 33 0.010091562
525 98 70 76 0.010091093
414 628 57 82 0.010090349
290 0 13 9 0.010089433
418 151 11 11 0.010087901
20 134 20 24 0.0100862505
333 755 47 66 0.010084416
134 652 95 125 0.010080546
652 239 12 14 0.010079639
364 384 12 17 0.010079485
527 259 8 11 0.010078838
351 449 15 15 0.010074401
457 24 58 72 0.010073292
449 829 9 11 0.010073247
32 745 88 122 0.010070643
992 539 32 82 0.010069755
523 229 13 14 0.01006927
607 251 23 23 0.010069081
0 669 26 40 0.010067727
33 699 31 39 0.01006735
640 733 30 37 0.010066235
91 760 29 38 0.010065438
484 231 7 10 0.010064512
556 215 12 15 0.0100644445
1009 243 15 64 0.010064085
670 370 68 90 0.010063586
700 265 20 24 0.010062516
479 716 56 81 0.010060152
324 198 10 12 0.010059555
117 567 188 226 0.010059081
823 143 23 31 0.010057143
777 313 10 13 0.010056646
757 237 18 18 0.010055785
342 715 10 11 0.010055358
714 873 27 23 0.010054698
13 186 25 29 0.010052252
761 2 90 92 0.010047887
405 241 18 19 0.010047678
520 113 12 17 0.010047328
714 337 15 23 0.0100471005
945 725 14 16 0.010046842
503 726 22 32 0.010045813
541 228 17 22 0.01004548
776 409 58 71 0.010045365
147 520 105 114 0.010044433
308 439 10 11 0.010042353
490 390 15 18 0.010041548
549 466 60 56 0.010041248
296 0 13 9 0.010040656
950 298 27 25 0.010040541
372 415 15 16 0.010039766
9 143 265 368 0.010039333
158 272 17 17 0.0100381505
653 242 25 32 0.010037832
902 209 17 22 0.010037026
909 383 12 15 0.010036615
759 490 90 112 0.010035946
655 408 49 59 0.0100349225
335 834 12 15 0.010034885
447 258 9 12 0.010034441
41 192 8 10 0.010033448
71 363 22 36 0.010032556
642 321 11 13 0.010028611
506 253 31 40 0.010027687
390 230 13 16 0.010022156
245 2 89 101 0.010019761
601 154 25 29 0.010019455
976 496 48 119 0.010018593
667 397 13 16 0.010016945
578 188 11 12 0.010016145
961 812 7 9 0.010015016
899 520 24 25 0.010015014
418 404 25 34 0.010014572
793 802 50 67 0.010012948
442 200 25 35 0.010012444
720 396 15 23 0.010010974
277 324 69 91 0.0100089945
795 255 37 50 0.010008239
451 414 23 30 0.010007396
775 827 49 68 0.010006639
732 864 15 19 0.010006228
708 342 10 13 0.01000489
298 386 28 35 0.0100036645
259 787 11 14 0.010003556