23_Shoppers_Shoppers_23_640
1293
353 236 164 214 0.9048453
0 328 96 129 0.87910867
832 372 80 106 0.8269443
757 363 68 81 0.8204902
617 289 84 125 0.80358505
219 273 84 111 0.7942322
0 6 239 189 0.07387949
210 232 128 170 0.05995711
568 269 119 163 0.055520996
967 983 11 12 0.04841057
517 214 18 20 0.04508506
260 263 104 130 0.04085079
405 231 185 230 0.03822977
738 340 100 129 0.03790479
0 258 104 162 0.0376289
966 917 10 12 0.036500566
0 286 54 82 0.036092576
805 358 82 105 0.035464108
135 403 19 26 0.034798656
745 4 61 60 0.034035675
922 359 38 49 0.033400074
184 285 95 118 0.033302113
235 322 114 145 0.032618698
1018 714 6 11 0.031986594
0 304 73 104 0.03134518
134 280 104 135 0.030985396
648 309 58 92 0.03063719
963 937 11 13 0.030532653
915 0 109 151 0.030164497
773 0 251 271 0.03007305
547 317 119 148 0.029750671
1 54 169 209 0.029642891
645 273 92 131 0.029535018
518 231 44 59 0.029056272
902 1345 122 180 0.02903428
0 0 130 133 0.028583819
22 0 385 256 0.02852836
39 289 117 145 0.028378332
169 950 34 62 0.028342815
961 979 15 16 0.02821334
724 364 76 91 0.027997404
963 964 7 9 0.027875686
198 197 103 152 0.027183777
817 332 122 172 0.026883151
321 257 125 156 0.026632566
937 43 32 43 0.02646925
965 0 59 77 0.02637093
610 263 76 109 0.02621303
862 386 85 104 0.026193948
978 289 46 157 0.025919205
288 283 204 259 0.02578179
683 341 60 82 0.025712222
972 142 17 25 0.025514543
0 1356 106 169 0.025501342
469 320 128 163 0.025461903
0 0 55 64 0.025093384
334 88 189 275 0.02478368
291 280 66 92 0.024576068
722 1165 302 360 0.024483291
975 1471 49 54 0.024469474
371 328 137 138 0.02441493
71 0 176 105 0.0240969
639 255 60 91 0.023821482
775 0 13 10 0.023696775
836 352 61 91 0.023659268
219 301 53 73 0.023527354
893 344 109 138 0.023426255
0 1164 206 361 0.023424776
256 843 11 10 0.023405937
0 625 77 172 0.023295129
191 319 108 141 0.02325838
268 295 68 87 0.02313903
810 377 28 43 0.02301048
98 0 233 147 0.022975275
367 301 185 231 0.022909315
401 0 373 284 0.02276757
396 192 130 168 0.022726307
477 392 122 151 0.022704057
0 0 35 45 0.022695325
818 412 94 125 0.022649461
892 341 34 45 0.022646973
291 380 133 160 0.022585183
478 219 207 243 0.022519168
664 326 56 91 0.022422211
141 292 19 23 0.022383465
0 383 83 131 0.022185022
531 392 124 150 0.022092765
599 185 107 169 0.021997761
975 399 49 151 0.021948056
860 333 97 128 0.021904048
1013 713 11 15 0.021836702
249 232 77 108 0.021652713
23 115 177 228 0.021569684
949 923 24 35 0.02146912
762 8 77 69 0.021465741
969 228 55 167 0.021369966
784 374 49 60 0.021327361
881 1166 143 316 0.02130562
173 0 369 270 0.021253658
323 0 202 149 0.021145562
0 1475 36 50 0.02109785
519 245 91 124 0.020968167
66 354 89 118 0.020940054
290 168 192 241 0.020926964
227 372 144 181 0.020891158
556 246 104 134 0.020876745
50 368 58 82 0.02077824
0 253 167 229 0.020731563
689 0 182 129 0.020567575
509 212 23 28 0.020409804
732 402 89 116 0.02038436
715 398 65 81 0.020364763
224 328 63 76 0.020359842
0 648 103 245 0.02030638
93 647 13 20 0.020241331
435 0 194 151 0.020211607
929 345 38 51 0.02020638
5 158 111 166 0.02012175
96 122 46 54 0.02006707
897 399 112 140 0.020022266
686 372 60 77 0.019996487
259 417 31 47 0.019871479
56 163 119 148 0.019814359
782 1327 232 198 0.019744435
899 870 125 288 0.019671228
814 396 62 82 0.019593595
73 365 33 51 0.019442935
566 0 186 133 0.019428894
894 1055 130 294 0.019420715
994 277 30 97 0.019414509
133 225 207 255 0.019367596
797 0 198 153 0.019358804
47 292 68 99 0.019257233
372 1364 194 161 0.019213226
183 971 43 46 0.019165568
960 983 10 11 0.019163063
675 1341 217 184 0.019132217
759 282 85 127 0.019127099
80 1 80 60 0.01906128
949 310 75 228 0.019055843
656 328 104 136 0.019044716
212 0 168 119 0.019003758
0 27 84 168 0.018947368
908 771 116 282 0.018918753
1003 0 21 42 0.018890321
88 0 59 31 0.018831864
322 0 298 234 0.018745862
152 0 108 76 0.018657362
711 0 94 87 0.018657047
419 150 332 407 0.018638965
818 279 84 126 0.018625923
607 362 96 126 0.01861184
934 188 90 253 0.018599562
486 288 97 136 0.018599473
897 290 109 145 0.018593749
1004 1504 20 21 0.01849607
173 333 77 95 0.018487321
778 433 116 149 0.018442154
907 43 117 276 0.018281199
1008 669 16 44 0.018269984
879 417 80 100 0.018209776
0 1183 116 266 0.01818911
853 325 70 100 0.018161599
203 1369 196 156 0.018113626
221 240 67 102 0.018067433
564 1360 195 165 0.018051798
364 808 12 16 0.018051524
492 217 82 117 0.018034901
794 0 71 68 0.018012809
641 365 58 68 0.018011995
190 1156 348 369 0.017906645
265 403 60 81 0.017888913
750 77 15 13 0.017887643
915 648 109 271 0.0178755
0 439 76 113 0.01786733
583 1075 13 15 0.017864296
928 29 50 66 0.01782714
639 0 158 108 0.017810458
339 347 125 136 0.017803116
0 259 30 84 0.01775275
261 0 196 194 0.017729588
126 63 195 241 0.017727457
600 1147 233 316 0.017700346
522 210 20 20 0.017668592
382 396 186 227 0.017581038
42 25 139 143 0.017572934
569 304 83 101 0.017545044
968 459 56 154 0.017511249
783 303 113 150 0.017505491
989 365 35 106 0.017433643
904 355 46 46 0.017430551
537 180 24 30 0.017385993
965 933 13 19 0.017363546
946 27 78 191 0.017338648
402 148 22 23 0.017315157
815 391 38 54 0.01729629
287 0 139 97 0.017286824
0 93 66 173 0.017250389
1000 342 24 94 0.017248306
125 77 43 36 0.017210042
282 320 98 122 0.017072795
715 0 69 49 0.017038992
780 17 12 10 0.017017633
682 331 35 58 0.01700595
39 115 105 127 0.016963232
395 0 105 79 0.016942993
924 1436 100 89 0.016934194
187 8 199 223 0.016915128
199 969 45 49 0.016904468
19 1344 199 181 0.016877415
87 372 29 42 0.016876979
849 86 75 92 0.016874673
928 47 59 81 0.01677711
0 568 86 146 0.016772255
0 406 93 248 0.016731972
515 0 161 113 0.016729819
844 238 107 157 0.016683113
764 0 132 91 0.016661217
930 545 94 252 0.0166424
326 277 70 107 0.01663969
185 257 72 96 0.016626991
365 196 112 139 0.01661623
955 890 69 140 0.016600473
217 0 105 79 0.016566139
458 920 15 19 0.016530529
718 447 119 150 0.016487297
830 290 59 79 0.016474195
0 422 38 105 0.016457945
965 514 59 164 0.01645608
122 422 17 21 0.016450325
835 441 111 146 0.016399644
269 786 30 46 0.016381724
5 0 104 73 0.016369263
835 32 147 193 0.01635478
414 691 238 275 0.016324846
0 1060 117 267 0.01632211
946 1069 78 160 0.016309818
661 238 96 139 0.01629964
0 1277 53 134 0.016298098
938 428 86 225 0.016274586
972 984 8 11 0.016235886
59 227 114 149 0.016216682
178 0 116 104 0.016138894
0 559 126 231 0.016129965
960 154 64 182 0.016123503
538 166 29 36 0.016120179
943 58 22 31 0.016112529
761 824 263 498 0.01609929
658 400 113 145 0.01609712
960 630 64 185 0.01607682
0 885 117 264 0.016073246
591 353 80 93 0.0160413
569 1070 206 282 0.016035885
81 87 68 80 0.015992666
176 1420 129 105 0.015969627
667 0 99 72 0.015896382
364 751 224 261 0.015863534
141 0 76 49 0.015853105
123 340 112 144 0.01581603
0 368 25 68 0.015813135
28 386 71 81 0.015800953
0 683 66 90 0.015798565
18 265 72 101 0.015795993
66 58 181 203 0.015790101
769 422 66 82 0.015781397
796 140 228 447 0.01575546
821 202 160 241 0.01575494
792 246 84 126 0.015753655
8 78 109 143 0.015744008
351 1411 141 114 0.015739199
988 428 36 93 0.01573089
115 426 25 36 0.015725737
763 394 54 65 0.015712459
522 227 71 97 0.015708301
105 275 90 120 0.015701361
0 504 55 129 0.015682435
0 730 69 180 0.015679479
591 459 120 148 0.015603786
936 1214 88 212 0.015562549
0 163 259 387 0.015559395
907 0 98 83 0.015548806
723 205 97 138 0.01554183
0 297 26 61 0.015526769
644 1408 145 117 0.0155234095
865 1435 124 90 0.015508685
255 282 64 80 0.015504893
606 0 100 79 0.015472639
774 103 74 91 0.015466394
534 453 125 154 0.015441165
955 105 69 158 0.0154346265
0 169 52 132 0.015429251
691 62 169 247 0.015426472
846 693 178 296 0.015419874
844 0 99 75 0.015389902
275 991 76 88 0.015381911
583 530 66 90 0.015374639
0 1294 34 94 0.015371698
36 400 98 123 0.015362598
480 331 223 268 0.015359603
797 821 211 280 0.015359446
259 65 195 257 0.01535111
959 979 10 12 0.015341932
0 160 35 91 0.015330238
0 886 52 143 0.015326159
774 340 51 68 0.015315099
410 23 128 147 0.015308143
168 625 17 25 0.015301079
865 105 24 33 0.015293401
953 742 71 195 0.015239915
604 464 73 97 0.015236182
270 931 70 83 0.015189277
619 1097 131 182 0.015184376
763 245 79 113 0.015156581
893 321 62 82 0.015155315
8 537 104 131 0.015112124
992 225 32 104 0.0151088955
118 398 115 149 0.015102071
213 421 172 224 0.015101388
0 469 68 57 0.015098828
756 1398 157 127 0.015097635
811 257 14 17 0.015089554
87 343 60 85 0.0150891
486 0 104 81 0.0150845
191 980 55 64 0.01499814
792 0 26 21 0.014992055
965 965 8 9 0.014979717
797 98 83 98 0.01497504
787 74 17 20 0.014974142
557 422 78 89 0.01496327
908 338 39 43 0.014961088
108 0 76 45 0.014959873
171 377 141 180 0.014921885
643 0 82 60 0.01489162
0 1425 55 100 0.014889519
142 345 74 92 0.014888584
591 234 74 94 0.014885571
466 1417 135 108 0.014869975
651 457 118 148 0.014868736
419 808 229 264 0.014854846
0 359 51 99 0.014843837
391 1167 420 358 0.014843368
251 421 239 298 0.014826955
17 150 82 105 0.014793492
0 1501 42 24 0.014777217
986 491 38 92 0.014772996
0 1328 56 144 0.014764284
0 1152 56 138 0.014759193
103 71 66 55 0.0147576025
200 0 74 51 0.0147359995
878 444 95 117 0.014734937
35 413 170 230 0.01473158
945 977 79 198 0.014686497
209 365 15 20 0.01467911
0 939 54 147 0.014678042
972 1135 52 112 0.014673977
713 437 63 79 0.014666163
957 933 21 26 0.014661234
220 339 42 52 0.014658943
786 398 60 75 0.014656311
850 592 174 274 0.014620966
235 386 83 112 0.014614744
113 1416 136 109 0.014610094
312 1293 209 232 0.014604409
136 408 13 16 0.014599955
431 306 104 138 0.014583665
257 1183 211 271 0.014573187
375 0 87 62 0.014566616
822 0 80 57 0.014551673
726 1056 237 308 0.014548113
995 119 29 92 0.014493916
457 219 85 120 0.014478556
0 121 46 112 0.014469344
313 0 87 65 0.014462956
360 1184 202 267 0.014461428
255 327 73 91 0.014450861
145 318 67 85 0.0144024845
0 1211 54 141 0.014389289
538 1415 132 110 0.01437427
639 1481 103 44 0.014371466
760 829 42 30 0.014369755
429 1310 201 215 0.014335731
958 835 66 143 0.014327427
73 1235 198 265 0.014324812
384 445 116 145 0.014289084
106 335 82 113 0.014272564
512 1175 204 277 0.014256233
0 306 125 270 0.014254204
85 676 31 43 0.014250182
680 255 64 93 0.014227887
71 1444 113 81 0.01422364
807 1437 121 88 0.014220042
426 385 84 90 0.014213217
561 0 301 224 0.014198807
417 1446 112 79 0.0141826905
60 104 75 83 0.01416653
7 937 191 274 0.014156867
433 0 87 62 0.01414717
588 499 79 97 0.01413503
134 319 214 274 0.014119551
0 1000 55 144 0.014111881
31 1195 122 174 0.014103859
555 226 20 15 0.014103202
716 1436 118 89 0.014096114
983 547 41 106 0.014087095
842 417 52 64 0.0140774315
0 1092 55 144 0.014076887
116 53 61 58 0.014055488
138 392 27 34 0.014039308
0 755 103 277 0.014039107
624 300 159 201 0.014036237
775 34 60 74 0.01401266
0 73 36 92 0.014012325
363 0 114 113 0.014007098
381 386 122 142 0.013980027
272 1453 106 72 0.013976563
0 553 34 89 0.01397065
450 44 117 146 0.013958603
584 0 86 64 0.013945356
160 828 88 134 0.0139341885
982 154 42 112 0.013911255
752 335 60 86 0.013896036
147 1241 198 259 0.01389256
181 41 118 156 0.013881664
394 76 159 220 0.013875008
0 932 34 100 0.0138703855
864 101 37 51 0.013866521
268 424 18 28 0.013835652
514 1446 116 79 0.013822451
293 1413 141 112 0.013820419
140 1488 84 37 0.013819088
983 637 41 97 0.013813739
577 365 141 186 0.013786657
250 854 89 109 0.013753918
625 419 174 224 0.013750963
84 883 189 266 0.013745188
0 339 26 71 0.013740649
0 666 24 40 0.013723306
711 355 151 203 0.013722753
807 410 166 223 0.013711746
380 1471 86 54 0.013711642
699 268 91 126 0.013708939
750 697 200 271 0.013687435
92 118 106 127 0.013685825
0 1173 34 96 0.013682237
977 822 47 90 0.0136821475
10 656 84 93 0.013675264
872 476 152 249 0.013663103
410 0 73 50 0.013660743
288 444 134 159 0.013651692
883 0 84 62 0.013647591
270 421 33 53 0.013646169
0 480 38 106 0.01364123
534 751 212 261 0.013628226
0 827 53 139 0.013623944
859 0 68 47 0.013618127
191 1204 59 84 0.013601462
524 151 167 234 0.013583585
319 821 212 242 0.013577713
287 1480 76 45 0.013563378
568 847 117 151 0.013554373
166 549 162 251 0.013552157
8 1454 102 71 0.013550662
0 350 172 501 0.013524733
978 757 46 93 0.013515428
533 717 129 173 0.01350974
218 83 154 205 0.013486191
607 565 40 54 0.013482859
107 696 169 271 0.013478378
82 128 71 83 0.013471888
745 926 212 280 0.0134413885
473 108 65 87 0.013439598
600 1440 117 85 0.013433381
1000 4 24 88 0.013432083
963 589 61 141 0.013430665
247 393 50 73 0.013429947
754 365 32 54 0.013428982
107 37 128 153 0.0134220915
858 456 67 84 0.013419477
17 412 71 71 0.013409637
529 0 72 52 0.013402552
114 167 112 148 0.013401657
937 361 25 36 0.013397064
112 0 40 24 0.013377067
0 639 41 96 0.013367722
310 834 97 117 0.013365113
713 26 125 156 0.013362167
657 177 105 154 0.013344987
35 559 102 131 0.013315619
698 1067 14 20 0.013307347
696 835 183 246 0.013302489
603 551 69 84 0.013295075
204 370 68 82 0.013287164
75 380 44 63 0.0132603105
647 391 74 96 0.013258011
877 196 107 147 0.0132369725
969 917 14 17 0.013235033
563 510 75 81 0.013231856
911 1468 87 57 0.013226885
727 678 12 17 0.013220332
373 883 209 249 0.013204159
372 805 104 127 0.013204157
788 0 17 12 0.013199546
0 1380 34 97 0.013198866
480 723 120 159 0.013192318
0 569 171 519 0.013176453
275 206 105 144 0.01317483
435 1139 76 93 0.013170061
612 955 203 267 0.013156754
804 925 117 161 0.013140177
453 754 114 149 0.013132617
182 705 343 387 0.013126242
552 176 324 421 0.013119623
413 862 109 134 0.013113807
678 1480 103 45 0.013108658
0 1509 22 16 0.013099569
621 238 68 77 0.013089598
845 340 179 260 0.013065414
859 928 37 62 0.013042419
261 943 198 246 0.013039268
1007 708 16 20 0.013032105
525 301 79 105 0.013006455
954 965 25 33 0.013001217
880 268 96 130 0.012998451
354 1476 79 49 0.012993498
621 830 192 247 0.012992982
0 877 33 96 0.01298385
0 573 46 110 0.012959857
668 1006 219 284 0.01295751
159 644 169 283 0.012949564
34 621 100 130 0.0129479775
757 441 92 117 0.01293646
451 409 184 224 0.0129362075
241 1159 27 21 0.012935398
337 396 280 361 0.012924498
957 981 9 13 0.012922403
261 0 73 52 0.0129198
0 6 71 96 0.012918509
570 563 62 79 0.012913418
350 0 72 50 0.012910883
1005 451 19 72 0.01290283
326 888 65 77 0.012901484
361 33 124 153 0.012889467
900 21 65 84 0.012889423
536 805 122 160 0.012879598
451 849 112 138 0.012870349
252 1071 215 282 0.012867069
559 0 72 51 0.012856689
0 227 31 85 0.012847074
265 884 60 67 0.012844117
600 1165 121 178 0.012840698
1022 0 2 21 0.012828752
531 644 223 274 0.012827898
245 225 69 69 0.012826267
421 790 111 145 0.012824939
551 882 201 256 0.012812895
321 814 63 64 0.012809335
778 18 150 185 0.012803672
529 858 74 95 0.012794928
0 1241 87 155 0.012792182
295 793 69 75 0.012787478
802 1019 125 167 0.0127872145
131 239 94 130 0.012781563
91 290 61 84 0.012777783
530 236 51 61 0.012776285
1003 266 21 72 0.012774438
820 744 13 21 0.01276001
291 0 73 53 0.012752862
74 1119 195 268 0.012751349
7 470 100 123 0.012747265
968 137 30 43 0.012746751
970 1409 54 113 0.012739763
896 0 56 42 0.012738432
828 905 78 102 0.012738402
499 1474 81 51 0.012732787
236 288 53 72 0.012731552
465 437 106 133 0.012726148
0 991 34 100 0.012724336
672 1088 131 164 0.012720596
285 804 92 111 0.012715729
923 466 63 76 0.012710813
507 217 46 62 0.012685558
853 1469 86 56 0.012684113
511 650 124 150 0.012681553
526 223 33 45 0.0126780225
45 376 138 174 0.012671987
516 219 18 24 0.012671118
0 1233 33 94 0.012669315
351 200 80 104 0.01266028
512 210 16 20 0.012655925
126 0 42 34 0.012650158
0 205 79 145 0.012633961
470 1475 78 50 0.012621578
571 72 163 243 0.012612742
167 1186 93 127 0.0126089025
115 318 61 83 0.012605193
752 15 38 37 0.012594515
731 90 96 112 0.012591863
0 1025 85 160 0.012590332
572 381 100 119 0.012589208
832 107 73 96 0.012589166
42 519 97 112 0.012587638
444 366 108 129 0.012585248
320 1479 76 46 0.01258108
30 1281 124 174 0.012580437
186 1123 104 141 0.0125710815
895 408 56 74 0.012568041
999 595 25 85 0.012545028
566 461 64 80 0.012543233
494 0 55 41 0.012530746
969 935 10 12 0.0125302635
653 30 123 158 0.012528004
285 786 52 69 0.012527337
399 761 103 133 0.012522739
684 402 62 78 0.012510223
514 831 76 96 0.012507465
108 1469 85 56 0.012502863
505 282 62 89 0.012494158
167 365 76 93 0.01248158
6 262 65 67 0.012472206
209 202 67 94 0.012465814
646 1158 128 187 0.012464528
30 1105 122 177 0.012450594
232 586 89 109 0.01243941
553 1468 89 57 0.012438843
506 71 110 148 0.012430371
92 97 89 99 0.012424338
464 0 55 42 0.01241729
1000 640 24 72 0.012415952
641 85 141 198 0.012414755
0 1053 34 96 0.012414075
534 1090 413 435 0.012410719
959 1304 65 141 0.012410693
456 156 151 198 0.012403998
620 1043 122 154 0.012398848
851 101 173 299 0.01239742
378 1075 191 256 0.0123884175
0 379 15 45 0.012380704
750 141 169 252 0.012379093
491 8 183 233 0.0123742
795 379 229 438 0.012359429
149 936 62 86 0.01235302
778 13 17 20 0.012344553
595 889 105 133 0.0123400055
270 868 97 116 0.012327257
13 1180 100 141 0.012317575
219 273 46 70 0.012303686
149 20 110 131 0.01229985
325 224 73 101 0.012299263
733 452 76 96 0.012293284
651 262 40 53 0.012290225
185 358 46 65 0.012287406
0 1114 34 96 0.0122802695
931 352 48 67 0.012276288
420 381 353 459 0.012274792
912 302 61 73 0.012266952
622 438 65 78 0.012251389
830 365 43 57 0.012248277
962 985 14 16 0.01222377
896 331 33 39 0.012217291
971 1058 53 109 0.012217096
556 667 130 162 0.012216325
129 683 17 20 0.012206747
564 234 66 84 0.01220546
278 951 79 94 0.012202797
0 528 33 77 0.01219346
157 76 110 143 0.012192699
541 712 77 95 0.01218681
654 541 73 87 0.012176287
336 803 97 116 0.012175372
21 1481 73 44 0.012171153
279 404 92 119 0.0121704275
886 998 65 83 0.0121656
534 208 55 69 0.012147284
138 289 29 37 0.012137345
821 208 90 135 0.012128625
695 563 101 125 0.012119061
436 1134 192 256 0.012118496
79 154 79 95 0.012114338
539 194 20 23 0.0121140545
311 1010 206 261 0.012111728
777 957 118 162 0.012099355
275 434 38 61 0.012092922
961 941 63 136 0.012092585
617 1488 86 37 0.012083331
553 212 23 25 0.012076102
436 946 199 249 0.012073763
764 8 31 35 0.012068308
586 211 30 38 0.012063119
477 444 238 300 0.012059034
185 307 50 75 0.0120519325
587 439 67 81 0.012049117
166 290 17 16 0.012048076
255 846 13 13 0.012047792
76 682 34 48 0.012046118
520 423 88 102 0.012031173
226 1473 85 52 0.01202782
262 772 214 255 0.01201559
751 173 99 145 0.012013125
742 290 66 88 0.012011818
90 406 55 76 0.012010331
294 226 67 95 0.012005367
829 1070 127 175 0.012002321
977 701 47 101 0.012001744
532 923 72 92 0.011999023
102 198 160 211 0.011974755
177 1244 63 83 0.011971144
87 355 29 42 0.011970901
360 625 108 137 0.011970491
750 597 198 257 0.0119645065
149 1133 198 259 0.011963255
408 492 110 136 0.011952917
57 430 64 81 0.011950366
126 413 24 28 0.011949083
303 1094 112 138 0.011947946
140 406 13 16 0.011928101
208 300 39 60 0.011916376
216 21 108 136 0.0119057475
199 837 86 120 0.01189478
0 785 33 91 0.011893132
703 446 83 112 0.011887685
846 579 115 145 0.011876857
477 1001 44 27 0.011870897
946 1168 78 173 0.011865337
576 1112 126 165 0.0118638035
863 291 62 82 0.011860524
71 541 91 111 0.011857333
752 929 114 153 0.011856926
812 9 103 129 0.011847494
61 330 43 71 0.011846169
144 940 192 255 0.011845896
720 1487 80 38 0.01184474
359 689 67 85 0.011835938
834 887 108 145 0.011828219
223 1252 176 223 0.011827036
477 204 63 84 0.011824985
723 583 105 134 0.011824392
235 1422 121 103 0.011807792
182 1489 84 36 0.011806658
933 337 27 40 0.011798102
669 765 60 74 0.011792591
277 263 62 83 0.011788228
793 1469 84 56 0.011787603
173 977 36 47 0.011780844
56 1482 77 43 0.011780069
875 348 62 82 0.011777968
321 1153 180 228 0.0117683085
529 170 28 34 0.011760553
75 418 83 109 0.011758743
760 0 13 9 0.011756579
482 782 116 156 0.011755456
234 357 40 46 0.011749417
1009 694 15 19 0.011742475
10 78 68 90 0.011738101
998 765 26 72 0.011728458
669 266 35 60 0.011726662
50 0 78 44 0.011721024
827 1376 135 149 0.011719348
505 1006 207 270 0.011719048
903 350 33 37 0.011707643
424 730 108 137 0.011704708
598 1283 119 170 0.011703296
733 883 96 140 0.011697301
733 594 36 54 0.0116964085
67 996 200 271 0.0116919875
485 819 74 91 0.0116838105
578 106 96 133 0.011674266
298 340 63 83 0.011665015
517 211 34 45 0.011663486
432 199 81 98 0.011651629
773 1072 126 176 0.011650627
691 75 110 136 0.011647982
398 173 96 114 0.011646621
545 526 201 258 0.011643601
1008 607 16 61 0.011639918
27 725 114 150 0.01163764
971 71 53 113 0.011635293
1010 716 14 19 0.011631231
830 493 67 80 0.01162509
178 226 67 95 0.011615908
1013 708 11 43 0.011614932
91 305 172 223 0.011613687
374 1010 72 95 0.011609611
9 505 68 73 0.0116091985
153 809 175 254 0.011608863
438 903 70 86 0.011604648
0 635 8 17 0.011594639
936 62 64 96 0.01159413
155 738 104 155 0.011585125
510 839 116 146 0.011583334
187 1070 105 137 0.011581458
799 460 67 81 0.011571173
712 247 69 96 0.01156813
450 1097 108 141 0.011564233
733 569 29 32 0.011555355
967 975 12 18 0.011553074
111 498 57 69 0.011546163
454 920 107 133 0.011543262
431 599 217 268 0.011541715
963 921 11 13 0.01154087
614 803 75 92 0.011535318
674 645 202 259 0.011534602
686 227 63 88 0.011527352
710 1105 130 175 0.0115259085
210 1095 112 139 0.011525571
834 61 74 98 0.011505934
785 880 112 151 0.011505886
290 94 127 166 0.011488727
893 374 57 80 0.011488306
489 126 64 87 0.011473151
894 1028 126 167 0.011472161
699 37 308 440 0.011470016
258 542 191 244 0.011460607
279 677 101 131 0.011459149
112 13 69 77 0.011453749
195 386 91 117 0.011451429
925 0 56 43 0.011442257
972 1264 52 111 0.011440183
769 0 14 9 0.011437677
159 391 91 116 0.01143183
451 650 113 139 0.011430819
396 1279 144 187 0.011417786
484 1005 28 18 0.011410182
909 472 95 117 0.011400918
938 710 86 136 0.011400837
109 216 85 118 0.011400285
87 39 67 66 0.011391028
800 321 63 86 0.011384132
18 645 178 262 0.011383412
252 1016 71 79 0.01137985
775 0 54 38 0.011379628
273 1215 110 137 0.011375986
631 67 113 148 0.011368329
199 593 183 264 0.011359123
232 855 71 91 0.011355901
246 318 55 64 0.011348767
172 920 59 80 0.011347008
779 589 105 132 0.011333683
504 859 70 91 0.011325965
781 0 15 9 0.011316095
588 714 77 92 0.0113146305
831 955 118 163 0.011313737
393 941 21 24 0.011309935
809 361 47 61 0.011308975
999 48 25 86 0.011298543
323 653 212 258 0.011298034
683 491 341 467 0.011294741
23 531 74 84 0.011290406
615 722 20 27 0.011287299
1011 474 13 59 0.0112806065
209 890 192 239 0.011277366
159 171 100 146 0.011275644
536 240 20 26 0.0112687
811 827 110 147 0.011264095
961 965 12 16 0.011264063
31 1018 121 175 0.011261908
837 643 116 147 0.011259138
273 784 43 60 0.011257228
310 650 104 132 0.011245621
312 783 87 104 0.01124441
407 902 79 99 0.011242137
271 1121 117 141 0.011241831
289 857 68 80 0.011239578
111 1229 131 173 0.011235543
998 82 26 87 0.01123187
368 1128 112 135 0.01123128
447 1327 109 143 0.011228049
390 653 109 134 0.011227281
767 77 12 15 0.011223433
749 419 56 66 0.0112234065
572 489 151 185 0.01122089
248 1246 101 126 0.011210738
381 559 369 454 0.011207975
518 889 71 90 0.011207178
471 99 120 156 0.011206693
184 708 104 138 0.0111987945
401 845 92 114 0.011197017
299 1036 89 76 0.011196551
891 238 68 89 0.011196263
523 499 76 86 0.011190359
919 55 44 57 0.011186171
164 376 31 41 0.011180306
865 193 60 91 0.011178848
943 918 38 53 0.011175559
967 919 13 22 0.011173262
862 1249 132 184 0.01116959
115 261 69 90 0.011168881
796 400 39 51 0.011166159
562 273 68 89 0.011164532
666 734 62 77 0.011163199
291 935 132 152 0.011161541
402 1155 106 128 0.011161268
751 0 15 9 0.01116033
683 427 73 94 0.011154592
178 947 63 82 0.011152764
786 61 41 54 0.011148706
672 1128 208 261 0.011145053
638 415 88 118 0.01114503
341 870 101 122 0.011142124
676 1018 46 56 0.011137875
0 743 47 112 0.011135846
129 345 21 18 0.011133733
484 875 110 140 0.011129647
27 678 108 139 0.011126638
643 1074 74 95 0.011125706
239 1155 26 17 0.011124827
549 531 68 87 0.011119907
1008 374 16 59 0.011119898
680 1192 127 180 0.011117223
405 1207 69 96 0.011115914
624 142 164 232 0.011115546
836 799 109 142 0.011113553
200 1002 206 268 0.011111471
775 0 26 18 0.011111321
856 406 56 67 0.011109487
819 683 149 187 0.0111093735
836 671 59 77 0.011108328
403 1494 88 31 0.011103033
333 1034 108 130 0.011098831
216 680 103 134 0.011091634
191 1002 65 89 0.011086105
1000 531 24 86 0.011085064
845 503 102 127 0.011080669
31 927 122 173 0.011066311
872 1097 69 94 0.011065562
701 202 157 222 0.011064398
799 1128 128 182 0.011064099
0 1302 18 51 0.011060897
380 176 74 89 0.01105584
548 218 61 69 0.01104831
517 361 92 113 0.011034776
600 597 205 260 0.011032121
574 1229 116 169 0.011024022
511 1089 108 146 0.011018951
393 1238 108 144 0.01100905
202 1167 67 88 0.011007273
665 281 54 94 0.011002751
0 638 5 12 0.010998056
9 715 85 110 0.010995686
186 529 118 163 0.0109819975
743 1187 127 185 0.0109809665
797 351 38 52 0.010980694
218 1339 110 140 0.0109755425
892 601 118 158 0.010967851
757 344 177 235 0.010967697
200 695 189 269 0.010964999
515 725 74 96 0.010962825
623 1220 123 178 0.010953194
317 206 115 156 0.010944329
160 1097 105 139 0.010940458
609 536 99 122 0.010936098
304 238 294 371 0.010932309
0 280 14 36 0.010926421
904 442 52 62 0.010920303
755 793 59 59 0.01091691
234 1032 53 66 0.010915944
906 237 92 121 0.010915319
568 1034 28 33 0.010908724
851 168 105 148 0.010904193
226 1144 64 71 0.010904134
230 259 44 66 0.010901224
746 387 44 53 0.010899543
960 934 11 13 0.010897973
869 537 113 141 0.010891664
544 903 114 137 0.0108714895
274 1069 115 134 0.010869464
1007 131 17 65 0.010859791
301 19 109 136 0.010856874
794 26 44 54 0.010854745
906 1021 64 84 0.0108545255
652 873 129 161 0.010854169
773 505 126 162 0.010854046
614 704 70 83 0.0108496435
729 730 97 133 0.010847609
556 859 77 95 0.010847403
602 773 74 92 0.010844687
162 1461 95 64 0.010838764
840 333 51 72 0.010836841
207 319 45 68 0.010835495
597 34 119 158 0.01083272
620 25 65 92 0.010828346
513 760 108 143 0.010827945
770 1247 126 180 0.01082623
1003 685 21 67 0.010820115
483 622 113 134 0.01081989
503 239 51 68 0.010813536
801 230 66 94 0.010811186
449 1159 110 134 0.0108072935
214 1041 105 133 0.010805723
812 557 168 221 0.010803142
583 1473 98 52 0.010799811
539 1203 119 160 0.010797712
155 94 63 83 0.010797552
862 827 107 146 0.010795014
951 976 14 19 0.01079414
76 599 94 122 0.010792117
650 1279 123 172 0.010791155
268 429 60 90 0.010774949
991 905 33 78 0.010770231
751 611 106 140 0.01076806
123 347 34 44 0.010763386
713 1279 124 175 0.01076059
303 1178 109 145 0.010751131
532 246 24 36 0.010750441
499 787 75 95 0.010748223
0 698 39 91 0.010744048
511 1038 104 136 0.010740487
704 193 84 113 0.0107356915
240 0 57 42 0.010735508
831 1188 129 185 0.010734267
879 221 61 91 0.010733968
478 1185 112 143 0.010733674
371 501 108 123 0.010724284
1002 481 22 79 0.010724096
950 466 66 80 0.010723641
903 1491 75 34 0.010721046
459 819 68 90 0.010714696
400 145 17 21 0.010713823
912 390 52 80 0.010710299
592 199 66 82 0.010706737
458 976 103 128 0.010706184
709 507 126 158 0.010702658
0 396 28 66 0.010702173
281 323 62 78 0.010693046
245 43 106 142 0.0106910635
498 488 355 456 0.010690848
390 0 55 43 0.010689505
1008 582 16 64 0.010688241
928 354 24 31 0.010684214
661 388 47 61 0.010675719
210 359 14 18 0.010673067
335 598 105 139 0.010672021
607 939 70 95 0.010669958
622 200 67 87 0.010667574
650 434 61 78 0.010663207
178 0 59 41 0.010660964
966 962 8 10 0.010659401
867 112 17 19 0.010654199
860 1104 129 177 0.010653054
245 0 15 10 0.010650677
117 1296 113 150 0.010645624
862 908 113 149 0.010644601
812 763 109 145 0.010643272
297 452 68 82 0.010643049
545 892 74 94 0.010632466
873 904 15 23 0.010632076
783 701 110 141 0.010630502
786 1080 68 92 0.010625431
776 63 59 84 0.010624542
450 1262 115 158 0.010623887
858 994 123 162 0.010622366
788 42 90 115 0.010619383
572 1319 117 165 0.010615528
425 940 72 87 0.010614659
697 614 104 135 0.010613955
422 625 108 135 0.010611024
720 131 109 156 0.010606088
608 517 77 99 0.01060305
470 395 69 87 0.0106027415
593 577 41 54 0.010602049
301 0 15 10 0.010597331
922 365 27 30 0.010592771
890 488 69 83 0.010583133
1014 695 9 12 0.010580557
49 1512 63 13 0.010580199
0 0 19 21 0.010577969
232 410 57 78 0.010575189
1007 433 17 63 0.010574601
591 614 117 147 0.010573873
525 210 26 27 0.010573867
515 1042 69 75 0.010568212
546 1295 112 152 0.010565198
3 0 15 11 0.010564811
631 462 62 81 0.01056407
954 361 17 28 0.010562781
903 85 104 140 0.010555788
931 1492 73 33 0.010548759
280 740 96 123 0.01054824
942 307 49 60 0.0105479695
863 770 108 139 0.01054792
351 888 66 78 0.010540878
238 0 15 10 0.010540709
224 89 86 109 0.010539343
50 449 79 96 0.010538986
490 929 67 83 0.010536853
557 740 75 96 0.010536606
141 406 22 26 0.010535898
0 584 21 54 0.010532475
136 297 20 23 0.010531889
147 435 63 81 0.010531354
957 975 9 14 0.010528017
775 21 20 27 0.010525085
399 707 100 126 0.010523036
504 1231 115 161 0.010522772
725 644 104 140 0.010521956
427 94 19 24 0.010519789
290 0 15 10 0.010511627
898 672 113 146 0.010508292
1009 332 15 67 0.010507767
107 422 84 109 0.0105046565
283 0 15 10 0.010503923
742 762 63 74 0.010503744
528 689 76 88 0.010502171
679 94 79 99 0.010498702
363 546 110 146 0.010497203
635 555 105 133 0.010496053
163 1035 62 81 0.010494019
507 1155 111 145 0.010489365
305 1006 114 126 0.010485933
246 708 99 130 0.010485735
870 70 62 81 0.010484332
53 75 44 42 0.010482569
729 1085 66 89 0.010477841
866 1020 64 75 0.01047535
792 44 17 21 0.010473769
557 231 16 13 0.010469767
174 1230 131 168 0.0104697505
254 1269 64 82 0.010466307
538 37 117 159 0.010465887
427 1371 97 119 0.010461645
258 844 13 13 0.010455576
17 303 47 54 0.010454997
275 0 15 10 0.010454315
87 476 67 84 0.010453457
667 567 68 92 0.010452114
661 789 65 75 0.010450637
12 0 60 44 0.010450539
482 1006 106 135 0.01045
127 389 26 36 0.01044912
427 449 95 116 0.010444393
449 86 67 90 0.0104438355
570 762 109 144 0.010438929
558 444 50 58 0.010437379
481 949 105 131 0.010430614
750 673 108 142 0.010427186
268 0 15 10 0.010426838
513 218 14 20 0.010423672
334 1240 105 137 0.010415384
960 924 15 25 0.010409016
867 93 92 108 0.010406978
831 734 64 85 0.010404195
231 0 14 10 0.010397907
797 1309 129 179 0.01039745
34 78 66 66 0.010395486
836 0 52 37 0.010388517
809 613 113 143 0.010386576
258 898 75 93 0.010383158
574 23 104 136 0.01038304
656 711 111 140 0.010382106
968 986 11 14 0.010381382
458 1031 106 140 0.010377751
210 955 37 49 0.010377694
211 1147 109 140 0.010370218
154 1269 65 82 0.010366975
370 909 106 127 0.010363886
747 73 19 22 0.010360424
844 1082 72 93 0.010359977
471 908 69 84 0.0103514595
615 717 174 216 0.010349654
337 25 66 94 0.010349257
104 546 91 115 0.010347021
253 0 15 10 0.010344875
309 0 15 10 0.01033899
18 754 189 285 0.010336926
220 360 36 45 0.010336339
271 619 110 134 0.01033437
811 1068 72 91 0.01033349
38 202 97 145 0.010331883
560 651 72 75 0.010331012
522 0 29 21 0.010330623
488 610 65 87 0.010329944
94 142 38 38 0.010327348
126 76 63 60 0.010326415
260 0 15 10 0.010323824
435 851 77 93 0.01031676
268 59 118 161 0.01031418
539 1062 113 148 0.0103134895
39 1357 106 139 0.010304123
79 1264 120 158 0.010299796
654 201 62 87 0.010298795
949 54 26 30 0.010297576
664 579 106 135 0.010287971
842 998 70 82 0.010285655
526 563 138 168 0.010277091
490 893 66 84 0.0102762915
805 182 61 80 0.010272722
379 537 197 251 0.01027191
132 410 16 22 0.010271692
365 1212 109 141 0.010269538
753 1024 120 160 0.010265947
520 954 71 84 0.010261802
26 863 72 95 0.010259494
869 1060 71 88 0.010258047
540 271 59 85 0.010256724
636 1043 67 91 0.010256104
555 185 91 124 0.01025101
248 1354 69 85 0.010246645
172 435 65 83 0.010244499
715 818 125 167 0.010239575
114 839 146 210 0.01023686
708 315 73 98 0.010233825
507 906 175 208 0.010231236
577 1035 114 145 0.010224428
587 816 76 93 0.010222497
923 280 62 79 0.010220379
103 0 29 20 0.010216553
349 389 81 90 0.010212286
326 917 64 75 0.010211422
288 887 38 47 0.010211353
693 341 36 59 0.010210627
159 682 103 135 0.010204449
871 0 27 18 0.010204401
171 442 143 190 0.010204377
805 292 59 79 0.010203908
259 1496 86 29 0.01019892
978 148 12 16 0.010198419
987 1498 37 27 0.010194729
173 873 60 91 0.01019229
199 516 357 457 0.010190748
622 679 117 148 0.010187586
0 317 17 49 0.010185664
557 785 76 96 0.010185059
17 1136 86 117 0.0101837525
120 1069 107 140 0.010177595
33 791 115 158 0.010172282
331 0 15 10 0.010168516
116 612 69 86 0.010165456
1012 703 12 18 0.010162354
873 1491 77 34 0.010159769
0 421 7 20 0.0101596
479 1125 111 143 0.010151598
48 180 75 97 0.010151502
536 0 30 21 0.010149638
547 1135 61 92 0.010149194
635 274 44 59 0.010147954
472 66 65 89 0.010146585
470 790 73 90 0.010143181
139 1282 84 109 0.010136306
0 494 46 51 0.010135119
223 0 15 10 0.01013314
524 148 50 66 0.010132116
473 0 15 10 0.010132089
1010 27 14 65 0.010126931
248 768 93 120 0.010126337
352 853 68 82 0.01012261
106 419 15 18 0.010119332
527 182 29 33 0.010117008
320 0 15 10 0.010116679
695 167 14 15 0.010113404
817 562 105 132 0.010112514
506 0 64 55 0.010106872
804 960 63 79 0.010103177
596 554 40 54 0.010101632
108 432 31 45 0.01010046
689 466 61 80 0.010100164
396 979 101 117 0.010098955
856 806 73 66 0.010096772
169 954 23 37 0.010096393
30 905 70 103 0.010092848
557 373 71 81 0.010089607
546 632 106 122 0.010087135
566 135 67 92 0.010085305
601 583 54 66 0.010081259
109 116 56 66 0.010081155
15 1509 55 16 0.010079266
670 978 18 24 0.010076361
142 225 69 94 0.010072387
189 309 34 49 0.010071008
349 1026 79 89 0.010069859
227 850 11 12 0.0100672
882 820 74 93 0.010064517
39 496 145 205 0.010062891
688 1037 114 147 0.0100579765
804 253 26 38 0.01005565
956 980 14 18 0.010055491
532 0 15 10 0.010048884
508 456 80 95 0.010045601
550 583 61 76 0.010043075
187 1216 94 122 0.01004256
67 71 75 69 0.0100424895
113 186 76 99 0.010038868
815 71 16 19 0.010038591
55 266 62 86 0.010036443
897 52 55 70 0.010032508
804 56 28 35 0.010030843
390 0 16 10 0.010028426
72 246 339 435 0.010027048
375 155 69 79 0.010025613
857 491 69 82 0.010024885
309 901 96 112 0.0100210095
664 642 107 141 0.010014066
135 269 30 41 0.010010818
0 525 19 49 0.010008949
870 122 118 170 0.010005296