23_Shoppers_Shoppers_23_802
383
347 178 248 326 0.8858378
581 327 217 245 0.8269399
425 218 273 304 0.09061717
586 150 231 331 0.05176779
773 0 251 277 0.039444573
0 0 199 270 0.03913883
761 737 263 299 0.03718963
336 2 17 23 0.037024852
0 675 206 361 0.036797345
499 375 274 325 0.03643049
674 316 247 291 0.036235288
354 394 244 313 0.03521072
0 0 132 180 0.03337097
90 591 249 337 0.032619726
848 198 176 318 0.032444343
909 873 115 163 0.031139793
844 435 180 307 0.030521734
806 740 148 184 0.030374601
324 660 39 51 0.030340184
906 0 118 156 0.030054102
349 23 222 292 0.029135246
95 723 262 313 0.028372293
652 273 173 234 0.028057713
0 36 264 425 0.0280521
304 501 341 456 0.027923277
110 179 247 327 0.027742356
61 0 357 265 0.027373262
0 67 147 338 0.027308285
169 692 359 344 0.027025934
554 720 357 316 0.02692404
755 0 49 75 0.02690492
409 91 207 298 0.026357548
531 0 374 291 0.026004309
415 716 364 320 0.02567162
0 0 84 111 0.025603682
428 483 345 449 0.025322001
833 565 191 309 0.025153942
0 874 109 162 0.024573922
873 58 151 337 0.02454326
0 390 302 481 0.024474744
711 0 257 185 0.02441355
427 0 313 230 0.024314087
790 246 234 459 0.024262326
226 434 254 314 0.0237942
717 596 233 290 0.02368028
191 542 292 387 0.023576291
591 0 254 171 0.02355017
200 0 303 228 0.02351767
75 827 150 158 0.022963356
102 454 250 333 0.022897651
343 785 251 251 0.02286753
66 236 333 451 0.0227524
725 854 219 182 0.02264131
725 94 233 313 0.022631668
0 216 199 519 0.022473894
603 564 236 302 0.022314236
710 435 241 293 0.021798793
303 59 12 17 0.02138133
758 724 145 171 0.021372605
198 0 200 143 0.021351425
0 549 145 348 0.021341521
868 736 89 100 0.021338996
535 417 171 187 0.021316402
445 741 131 209 0.021283664
706 0 72 61 0.021025851
601 859 244 177 0.021003421
895 334 129 295 0.020956265
230 0 334 420 0.020876355
313 0 201 150 0.020793373
438 840 220 196 0.020649677
72 714 148 236 0.020642068
46 0 140 96 0.020416452
312 2 37 28 0.020214593
505 0 203 149 0.020095592
350 163 167 222 0.020057416
30 583 211 314 0.019998185
882 735 117 173 0.01987102
0 430 132 342 0.01969674
217 216 226 279 0.019607184
19 873 196 163 0.019489255
924 700 100 271 0.019400006
706 915 161 121 0.019360816
79 0 213 150 0.019328855
0 300 130 341 0.019238766
687 222 146 204 0.018933779
584 0 145 102 0.018888408
372 0 345 432 0.018741684
649 0 136 105 0.01865265
846 162 23 36 0.018605523
193 858 214 178 0.018571377
922 174 102 235 0.018499231
513 155 143 204 0.018426673
610 493 212 252 0.018157007
925 463 99 251 0.018123887
660 400 154 176 0.018121675
169 0 148 102 0.018104753
543 889 157 147 0.01804763
321 339 222 272 0.017828077
425 336 172 200 0.017784927
584 459 163 187 0.017762149
0 206 122 289 0.01769183
808 917 156 119 0.017435433
130 317 136 170 0.017366366
948 802 76 200 0.017359283
282 993 17 27 0.01729323
716 218 218 294 0.017272344
524 88 140 194 0.017194863
304 857 212 179 0.017103175
397 0 142 100 0.017055696
455 204 143 246 0.016850706
926 590 98 268 0.016840175
0 696 112 277 0.016761871
451 0 173 117 0.016613351
913 739 55 41 0.01658933
846 751 95 126 0.016511157
389 890 171 146 0.016388392
956 0 68 79 0.016335895
679 720 202 234 0.016229644
966 955 58 81 0.016158959
806 0 27 20 0.016116142
73 647 141 196 0.016108388
477 52 222 300 0.016032767
467 911 151 125 0.015759317
172 924 144 112 0.015746895
833 499 125 160 0.015673956
385 26 157 181 0.015654324
824 699 14 9 0.01562336
302 288 174 216 0.015534232
0 194 74 199 0.015475818
672 670 55 67 0.015461004
26 458 212 305 0.015456172
72 306 217 291 0.015243659
817 0 169 124 0.015225847
54 0 79 59 0.015212404
805 749 9 9 0.015152559
279 913 159 123 0.015149696
782 789 137 174 0.014979361
620 361 141 167 0.014969094
954 686 70 177 0.014923519
538 0 124 86 0.014891094
0 0 14 17 0.0148668
282 0 150 103 0.014822471
688 0 157 124 0.014820743
0 322 68 185 0.014767927
173 167 27 35 0.014633015
1022 1012 2 24 0.014631839
0 83 76 196 0.014592291
441 410 181 208 0.014546327
637 0 97 67 0.014522433
113 926 141 110 0.014456192
815 0 19 14 0.014378607
930 684 8 9 0.014304367
650 736 151 185 0.014242128
680 0 75 51 0.014193945
465 660 217 283 0.0141608175
712 760 17 10 0.014127642
397 517 147 191 0.013953969
522 490 144 171 0.013950887
953 566 71 194 0.013919748
0 0 54 70 0.013914475
594 281 159 201 0.013913839
862 423 137 187 0.0138482265
680 30 163 228 0.013833654
424 515 206 278 0.013808508
1008 1000 16 36 0.013744514
748 0 169 118 0.013708047
817 639 155 195 0.01370092
91 528 136 171 0.01368404
0 737 68 187 0.013683745
544 787 205 224 0.013671632
834 826 157 191 0.013650974
760 432 154 194 0.01364972
791 0 76 63 0.0136087965
41 0 12 9 0.013517181
0 485 79 221 0.013494406
677 812 143 195 0.013473115
322 126 145 198 0.013456429
766 264 134 187 0.013452481
779 512 120 151 0.013433993
701 498 136 167 0.013413648
602 613 121 152 0.01338313
47 618 134 168 0.013352153
499 794 164 190 0.013303635
355 0 121 88 0.01325738
182 191 68 92 0.013230867
0 443 63 179 0.013217635
915 64 71 95 0.013211376
552 648 218 270 0.013209414
238 0 106 94 0.013205754
88 420 182 236 0.013189578
794 105 19 17 0.013155326
616 0 80 55 0.013102569
464 497 140 169 0.013052403
910 0 95 87 0.013020814
973 761 51 133 0.0130141545
725 711 117 165 0.013012897
167 289 154 185 0.012930742
35 698 139 169 0.012921356
235 262 139 191 0.012884239
1022 0 2 22 0.012806501
805 975 90 61 0.012801572
586 153 141 192 0.012737511
901 649 110 155 0.012703778
222 0 15 10 0.0126390485
298 0 13 10 0.012632028
892 626 23 29 0.01262705
495 726 84 71 0.01262285
0 604 81 226 0.012581062
935 46 89 187 0.012569914
431 599 136 167 0.012565762
390 622 70 109 0.012565748
90 0 14 9 0.012524903
808 750 85 106 0.012500562
870 0 60 52 0.012485976
307 0 29 23 0.012456628
79 0 14 9 0.012430353
52 682 75 87 0.012377123
753 758 10 11 0.012338368
110 466 21 27 0.01232106
99 879 102 86 0.0122719
155 739 163 204 0.012251487
0 0 34 45 0.012222213
459 33 154 182 0.012204754
303 183 130 195 0.012200184
897 619 28 30 0.012175649
465 686 128 197 0.012168154
769 0 51 61 0.012131407
79 440 53 56 0.012129158
31 269 198 262 0.012113724
636 149 150 209 0.012089072
349 481 139 202 0.012030498
603 934 144 102 0.012009091
655 20 128 165 0.011993131
157 118 126 172 0.011936794
207 648 129 146 0.011918225
208 0 14 12 0.011915142
107 599 133 185 0.011902054
776 12 29 61 0.011886234
399 145 160 190 0.011885559
882 0 18 9 0.011885202
712 967 96 69 0.011868392
0 0 9 11 0.011836245
703 738 81 103 0.011817447
149 0 13 9 0.011808113
144 557 131 172 0.011800814
0 967 38 69 0.0117912665
60 0 12 9 0.011776958
558 0 15 11 0.011720754
900 746 79 111 0.011706308
585 748 145 173 0.01168908
77 502 119 142 0.011665841
385 753 149 176 0.01164068
111 785 160 188 0.011630099
13 115 13 15 0.011597424
330 670 26 34 0.011592436
129 0 10 9 0.011557895
550 0 30 19 0.011550614
883 0 83 70 0.011510374
638 718 16 10 0.01150982
746 971 112 65 0.011499167
799 0 43 36 0.011492158
115 716 151 178 0.011483117
714 32 104 151 0.011458909
211 702 125 157 0.011439925
270 636 111 123 0.011396201
815 538 158 208 0.011382651
865 947 65 89 0.0113730505
385 588 196 288 0.011356999
1002 0 22 41 0.011352209
47 26 136 175 0.011345687
833 819 99 127 0.01131757
669 740 67 100 0.011317375
520 0 85 61 0.011272825
302 0 56 44 0.011267615
155 156 59 81 0.011239892
2 0 15 10 0.01123703
221 754 145 188 0.011227349
999 824 25 71 0.011181243
569 763 59 135 0.011171926
571 950 105 86 0.011158947
828 189 154 210 0.011155978
97 0 13 9 0.011103411
104 0 14 9 0.011083011
334 4 13 17 0.011063592
283 570 113 150 0.011053701
273 0 28 20 0.011045261
651 0 14 9 0.011041143
557 148 80 110 0.011039595
626 0 14 10 0.011039551
15 0 14 9 0.011037288
826 0 13 10 0.011028087
680 121 174 253 0.011022155
600 0 13 10 0.011010812
645 561 139 162 0.011002829
849 416 106 139 0.010992667
471 817 115 187 0.010991105
46 368 154 197 0.010989447
348 425 150 178 0.010987647
27 164 183 257 0.010959382
329 657 209 279 0.010918911
163 24 141 185 0.01090854
756 537 159 199 0.010870028
205 338 209 254 0.010825624
570 642 130 174 0.010819654
45 0 26 20 0.010793072
52 0 15 10 0.010791907
645 746 72 113 0.010779753
990 0 14 10 0.01077358
0 94 6 15 0.01076581
324 0 22 18 0.010757578
668 970 89 66 0.010743463
946 118 78 181 0.010738062
179 609 128 152 0.0107248705
439 0 27 20 0.01072204
186 248 29 37 0.010721704
316 0 14 9 0.0107210865
871 0 29 23 0.0107181035
255 779 200 250 0.0107170865
588 846 118 154 0.010696064
290 626 76 87 0.010692379
96 179 171 238 0.010686611
735 423 116 158 0.010671743
569 812 111 138 0.010656766
768 652 126 181 0.010641083
564 226 116 162 0.010620627
575 43 183 236 0.0106169265
760 293 67 114 0.010608434
593 0 13 10 0.010602401
0 1018 13 18 0.010592753
715 1026 15 10 0.01058898
103 385 133 158 0.010586216
323 50 139 175 0.0105743185
985 406 39 71 0.01057278
225 125 19 20 0.010556309
719 94 103 146 0.010554546
401 418 146 136 0.010516398
905 0 33 21 0.010510781
900 19 73 92 0.010497943
943 404 81 166 0.010487909
136 0 23 19 0.010467068
576 0 15 10 0.010453866
266 488 166 211 0.010442824
983 0 14 10 0.010414388
794 730 74 104 0.010374737
801 748 13 14 0.010360414
633 0 14 10 0.010359315
1011 0 13 27 0.010358059
322 759 132 169 0.010340823
818 0 27 20 0.010338374
556 0 82 56 0.010320479
402 0 13 10 0.010310064
273 0 94 69 0.010307256
850 0 13 9 0.010297468
30 553 129 171 0.010295108
979 632 45 115 0.010281471
959 189 65 149 0.010274033
941 277 18 30 0.010270713
402 0 29 22 0.010264374
645 0 14 10 0.010253359
140 642 134 165 0.010247918
0 0 22 28 0.010247742
356 637 78 90 0.010245666
806 112 124 152 0.010244753
99 474 22 26 0.010239118
615 0 13 9 0.010238939
998 0 14 10 0.010228081
33 500 119 147 0.010226688
972 833 52 115 0.010199349
102 717 94 125 0.010177362
907 0 16 11 0.010176808
401 0 60 42 0.010167588
731 22 63 80 0.010163324
830 323 138 190 0.010154918
342 0 16 22 0.01015417
313 10 26 24 0.010130779
0 306 6 15 0.0101189045
607 0 14 10 0.010117307
699 0 15 12 0.010077139
840 725 85 101 0.010070647
318 0 18 14 0.010058799
831 643 48 48 0.010049876
488 641 138 182 0.010010695
924 348 100 165 0.010005389