23_Shoppers_Shoppers_23_302
388
292 612 337 394 0.8848266
356 409 102 131 0.056487277
260 96 125 135 0.048391946
0 0 209 258 0.04466701
815 1264 209 255 0.038541112
0 1146 232 373 0.038161322
768 0 256 246 0.03714981
0 0 133 171 0.037019413
431 18 84 105 0.035693664
819 1394 148 125 0.035142846
149 617 346 411 0.033427756
494 0 409 316 0.031419635
301 508 261 343 0.031152412
273 973 369 474 0.030746408
196 768 384 486 0.030004557
743 823 281 518 0.02996539
359 441 63 92 0.029915854
42 0 390 268 0.028545465
484 593 379 471 0.027919909
748 1072 276 447 0.027764283
763 603 261 519 0.027101431
244 1063 261 319 0.026854092
328 766 274 292 0.02683858
423 2 176 162 0.025834583
389 1179 394 340 0.025816176
24 999 344 463 0.025792412
250 1027 22 19 0.025604941
196 1151 368 368 0.02553166
423 725 236 281 0.025290053
453 0 293 217 0.025270341
0 571 221 513 0.024757335
295 279 366 538 0.024389692
785 374 239 509 0.024067435
0 835 219 520 0.024030404
469 45 397 500 0.02394179
0 1032 165 363 0.022878548
200 0 322 209 0.022758124
895 1334 129 185 0.022640117
0 344 213 516 0.022514896
904 0 120 162 0.022328652
0 99 204 534 0.022280738
679 1359 255 160 0.022191562
581 1287 274 232 0.02185035
444 36 286 359 0.021791318
337 1236 280 283 0.021527665
0 705 319 507 0.021477647
177 1151 19 31 0.02126878
0 905 143 358 0.021122344
0 0 85 113 0.020893779
775 101 249 522 0.02081266
0 57 132 353 0.020780914
107 754 280 348 0.020644432
353 761 404 495 0.020587359
545 1310 187 204 0.020222055
0 653 137 349 0.019964881
405 459 298 393 0.019899903
188 0 383 396 0.01923256
338 102 375 511 0.018871136
840 310 184 352 0.018808868
1020 1482 4 36 0.018667497
372 0 282 298 0.01854
722 99 155 195 0.018481083
877 1097 147 327 0.018293893
828 53 196 338 0.018162178
53 1246 292 273 0.018117614
82 914 273 352 0.018029556
517 1084 398 435 0.017913507
592 770 243 319 0.017683469
975 1434 49 85 0.017669737
56 118 355 535 0.017635416
0 1329 194 190 0.017446475
643 39 294 349 0.017382642
921 578 29 33 0.01738034
1022 1487 2 31 0.017087853
0 423 136 354 0.017087188
224 600 197 271 0.016959902
489 0 207 138 0.016938081
955 0 69 88 0.016933657
269 1146 149 143 0.01693281
284 726 224 268 0.01683068
413 996 337 420 0.016807364
66 359 375 517 0.016780106
340 357 153 199 0.016749049
736 1441 55 58 0.016717643
1004 1467 20 51 0.016667144
578 559 252 337 0.016642144
364 0 31 36 0.016330093
634 1398 160 121 0.016322732
932 1200 92 233 0.016292365
834 1166 146 207 0.016263794
891 438 133 326 0.016101904
319 434 118 152 0.016085228
622 202 366 535 0.015857076
214 128 344 501 0.015833354
453 434 40 41 0.015639782
1022 0 2 21 0.015636386
885 610 139 330 0.015586561
440 0 117 89 0.015552047
243 82 201 278 0.015417601
340 388 73 119 0.0153879495
518 334 380 526 0.015351981
252 805 261 310 0.0153030045
324 413 191 242 0.015266925
882 575 27 34 0.0151740275
0 814 121 281 0.014997254
0 0 53 70 0.014791887
375 819 169 194 0.014786753
0 1393 81 126 0.014717804
600 749 147 201 0.014715751
901 205 123 325 0.014702886
70 0 213 152 0.01468431
91 50 279 374 0.014664337
545 822 370 493 0.014658296
364 421 48 82 0.014610844
600 895 249 328 0.014605082
589 1019 271 349 0.0144766355
384 120 238 338 0.014366789
207 0 194 148 0.014314943
1001 0 23 40 0.014221182
0 0 13 17 0.014210367
940 26 12 16 0.014209015
284 1189 186 200 0.014201512
385 373 97 123 0.014161225
302 1335 230 184 0.014081942
421 506 206 252 0.014080617
407 900 243 301 0.014078091
696 526 301 417 0.014052691
0 213 116 287 0.014048657
0 333 118 284 0.014029997
871 1403 115 94 0.014011386
422 1333 240 186 0.013978097
286 40 154 176 0.013827964
166 1318 240 201 0.01380199
304 151 219 328 0.013761772
458 820 231 289 0.0137506705
0 574 114 283 0.013704876
338 519 159 200 0.01367788
0 1173 66 111 0.013671048
577 0 33 19 0.013658405
53 671 228 319 0.013613597
875 786 149 337 0.013569587
628 0 16 11 0.013561466
453 606 213 298 0.013560372
445 884 164 191 0.013532522
599 0 15 10 0.013439879
936 363 88 232 0.0134291835
887 1220 120 174 0.01338254
938 1408 62 64 0.013325578
588 421 252 344 0.013265059
915 31 109 278 0.013252496
988 923 36 93 0.0132419765
643 0 16 10 0.013212751
799 1127 142 192 0.013188945
43 0 146 103 0.013105689
930 603 94 227 0.01310365
439 36 52 63 0.01310292
346 289 128 201 0.013088486
939 1398 85 116 0.013040965
421 0 75 93 0.013008966
0 1507 6 12 0.013004941
1011 0 13 27 0.012998557
292 398 123 150 0.012948094
614 0 15 11 0.012863088
1016 1480 8 38 0.012829371
747 0 27 22 0.012773184
503 1183 154 197 0.012746193
32 771 174 232 0.012741992
696 0 14 10 0.012736155
0 859 72 187 0.01268042
636 0 16 10 0.012665525
494 1157 20 29 0.012660435
675 1152 263 324 0.0126460055
928 721 96 228 0.01264147
621 0 16 11 0.012608722
724 1420 85 89 0.012577238
954 0 27 19 0.012571179
595 0 28 18 0.012528678
711 1479 45 39 0.012509621
925 1091 99 226 0.012507271
767 0 132 94 0.012503907
20 88 203 287 0.012492591
381 1202 160 184 0.012455744
694 0 62 44 0.012415395
386 437 134 144 0.0124147665
283 568 175 231 0.012372541
521 647 217 301 0.012334891
50 193 241 324 0.012321223
0 476 91 232 0.012317194
181 1161 13 17 0.012309717
725 1491 39 27 0.012296243
668 0 217 214 0.012292063
587 0 16 10 0.012289322
572 0 16 11 0.012251656
565 0 31 19 0.012243532
607 0 15 10 0.012237224
0 559 68 186 0.012237136
759 1508 19 10 0.01223056
549 0 16 10 0.012191813
90 1142 65 84 0.012139836
379 1107 254 285 0.012131871
911 581 28 31 0.012129195
487 206 244 340 0.012126192
737 1396 139 120 0.01208059
0 679 69 188 0.012043227
576 0 164 127 0.0119607495
201 293 214 286 0.011943639
32 359 171 228 0.011922014
361 457 106 136 0.0119066425
0 0 34 46 0.011893494
104 0 145 98 0.0118821645
702 0 15 9 0.011870354
634 801 137 185 0.011863604
421 0 14 10 0.011854664
157 0 170 117 0.011854524
93 0 15 11 0.011849132
964 0 15 11 0.011823613
268 234 196 297 0.011803735
787 103 86 99 0.011798618
930 840 94 227 0.011794625
576 1082 27 35 0.011794179
0 974 75 189 0.011794156
349 347 90 127 0.011783288
651 0 16 9 0.011781059
770 46 120 163 0.011779252
885 1 66 62 0.011777311
579 0 16 10 0.011773444
709 431 255 345 0.011761592
0 1246 128 243 0.011743887
298 0 30 20 0.011740077
280 899 255 323 0.0117382975
705 0 140 93 0.011735697
244 0 16 10 0.01171056
282 0 141 98 0.011696775
566 1127 34 50 0.011686776
566 1392 132 127 0.01168665
887 566 34 40 0.011664557
611 0 29 18 0.011619738
67 1298 160 196 0.01158594
649 156 155 168 0.011585132
257 0 15 10 0.011556346
56 1202 169 205 0.011552758
834 1002 190 302 0.011550978
552 489 15 19 0.011543145
393 1393 162 126 0.011538218
546 86 279 298 0.011527688
231 566 144 204 0.011525143
675 844 250 321 0.011518686
53 369 242 319 0.011509053
112 0 29 22 0.0114985965
0 382 70 186 0.011472514
568 193 147 176 0.011460842
811 0 30 22 0.011449186
352 1027 216 267 0.011445011
178 1152 27 46 0.011436988
47 0 54 41 0.01143355
32 241 170 230 0.011423579
684 0 78 82 0.011396326
279 0 16 10 0.011380503
71 813 204 261 0.011361282
125 0 30 23 0.011312265
726 0 15 11 0.0112894075
238 1054 166 196 0.011285592
745 0 59 38 0.011252965
365 1 149 146 0.011227524
0 23 74 184 0.011220411
109 0 54 38 0.011210779
460 0 81 56 0.0111981
247 30 128 167 0.011196415
284 1396 156 123 0.011194178
60 0 27 20 0.01117717
844 604 14 19 0.011172115
21 1503 20 15 0.011142272
375 417 68 87 0.01112316
525 0 14 9 0.011123138
0 1491 13 28 0.011113244
718 0 15 11 0.011106526
557 0 15 9 0.011103464
733 0 15 10 0.011090964
140 1370 179 149 0.011090768
904 587 27 29 0.011089798
563 0 123 87 0.011083747
555 486 13 16 0.011060285
256 645 60 134 0.011050781
518 0 14 10 0.011035329
256 143 113 129 0.011014023
196 144 224 320 0.011000284
564 126 157 174 0.010991883
502 0 15 10 0.01098744
0 261 68 188 0.010981226
714 309 236 340 0.01097264
29 0 14 11 0.010965773
740 1491 42 28 0.010963129
887 587 24 28 0.0109381955
70 0 16 10 0.0109240385
430 23 36 52 0.010918497
711 0 15 10 0.010915142
498 0 127 77 0.0109107755
508 1270 162 183 0.010904794
469 170 19 23 0.010878452
4 0 14 11 0.010878192
932 0 27 18 0.010859113
873 1459 76 60 0.0108437175
141 639 213 308 0.01083226
548 844 218 280 0.010831262
445 1242 145 177 0.010825628
729 684 237 317 0.010820157
659 0 15 10 0.010785157
565 248 277 380 0.010759699
542 0 29 18 0.010755245
484 1144 30 43 0.01071334
0 0 8 11 0.010680529
99 0 16 11 0.01067896
877 1194 93 131 0.0106658405
491 0 15 10 0.010664334
769 1187 179 231 0.010663494
903 932 121 290 0.010617741
934 0 15 9 0.0106145255
361 1272 21 22 0.010604244
301 0 15 10 0.010598563
846 778 28 33 0.010592069
629 0 173 112 0.010559325
272 0 16 10 0.010558387
942 27 14 21 0.010553164
26 896 171 231 0.010548546
263 0 15 9 0.010544877
620 172 279 353 0.010542859
204 1089 22 22 0.010525132
739 1499 24 20 0.010515396
431 1133 149 201 0.010512049
140 0 30 22 0.010485274
254 1025 13 15 0.010475205
284 0 31 20 0.0104677705
90 0 27 20 0.010457376
566 0 16 9 0.010440852
945 61 23 27 0.010440299
651 1199 134 188 0.010425521
0 1140 110 243 0.010409886
126 0 15 11 0.010404579
246 1020 21 22 0.01039079
0 141 70 188 0.0103887115
946 0 14 9 0.010376722
414 422 93 109 0.010358766
173 1152 63 110 0.010356414
309 0 15 10 0.01035329
148 14 198 208 0.010340535
260 650 107 187 0.010339333
294 187 153 225 0.010335875
0 1457 55 61 0.010309814
826 0 133 95 0.01030853
76 0 90 63 0.010292647
825 1433 93 86 0.010289874
906 0 56 41 0.010285093
836 1134 69 95 0.0102648055
77 0 16 10 0.010254721
312 0 32 19 0.010230825
339 881 172 191 0.010228769
488 815 149 205 0.010226071
817 1387 83 71 0.010225574
108 0 15 11 0.010221704
320 0 16 10 0.010193985
236 724 157 223 0.010191784
86 0 15 10 0.0101827495
356 0 15 10 0.010182161
755 0 39 25 0.010178783
703 1490 37 29 0.010177255
955 0 58 47 0.010159446
422 348 222 285 0.010155004
69 1499 19 20 0.010137803
535 1146 209 272 0.010127954
625 0 31 19 0.01012646
458 40 94 81 0.010123392
0 0 26 22 0.010121124
75 0 28 20 0.010109588
510 0 15 9 0.010103488
369 0 16 11 0.010097906
254 0 29 19 0.010095246
723 0 27 18 0.010091611
0 1143 20 28 0.010072638
0 414 4 11 0.010064865
137 0 16 11 0.010058278
667 744 235 297 0.010047534
492 0 79 51 0.010042148
0 1475 17 39 0.010037446
927 589 21 28 0.010035215
112 1135 227 276 0.010032197
284 274 121 186 0.0100115435
46 0 28 21 0.010003627
267 1038 59 67 0.010003573