23_Shoppers_Shoppers_23_60
2700
393 583 15 21 0.76962197
146 509 23 32 0.7114288
580 572 12 18 0.54428726
774 611 9 13 0.49833074
563 579 10 15 0.45367366
213 552 14 20 0.41994435
273 547 13 25 0.40556523
231 553 11 17 0.376649
475 590 12 21 0.3267536
517 589 12 13 0.3107174
627 587 10 16 0.25105387
110 514 13 19 0.24321122
219 550 21 23 0.21985804
653 614 10 12 0.21486557
713 608 8 9 0.20660888
629 585 12 17 0.20312613
0 663 18 60 0.18575911
664 614 8 10 0.1784905
671 594 10 14 0.17687936
505 587 8 14 0.1760358
492 585 7 10 0.17454144
544 575 10 13 0.15749672
606 627 10 14 0.156711
690 608 11 11 0.15134703
522 589 9 12 0.15113783
718 618 7 9 0.14654961
514 588 10 12 0.14537184
278 551 9 22 0.14239703
478 588 8 15 0.1394594
622 584 12 17 0.13755691
695 608 8 9 0.13720192
708 610 8 9 0.13292375
673 605 7 9 0.13190064
208 555 15 17 0.13157602
503 585 7 11 0.12901329
633 581 12 19 0.12616783
624 578 16 20 0.12474839
848 466 19 23 0.12024857
114 512 9 15 0.115681745
516 592 10 12 0.111797705
621 578 11 15 0.11116353
657 611 7 12 0.11073589
478 598 12 19 0.10977663
156 507 13 29 0.10782507
670 603 8 9 0.10465007
491 667 19 17 0.10441036
660 611 11 12 0.10301909
710 606 9 10 0.1018626
543 575 7 10 0.099481806
457 590 9 16 0.099435516
236 556 7 14 0.099196956
314 630 11 14 0.09760203
724 615 7 9 0.09737498
639 602 11 15 0.09721776
508 587 9 13 0.09446162
143 511 14 25 0.09390289
574 572 14 19 0.091866076
708 614 7 9 0.09002756
673 618 8 10 0.08903581
719 616 8 9 0.08836341
525 586 7 10 0.08791533
672 607 9 12 0.087692656
554 579 13 15 0.08654379
631 592 8 13 0.0851497
776 609 11 13 0.08374092
644 601 12 15 0.08323062
648 599 8 10 0.08309187
712 603 10 12 0.08305529
689 609 8 9 0.082171574
584 577 8 16 0.08207748
637 583 10 14 0.081300095
480 592 8 17 0.08128679
709 615 8 10 0.080536954
494 585 10 14 0.07772302
604 603 8 9 0.07442843
772 613 8 11 0.07398009
482 587 10 18 0.07390249
709 618 7 10 0.07274945
567 578 14 18 0.072266646
514 586 7 10 0.07149854
610 599 9 11 0.07139212
469 595 19 25 0.06955426
734 614 8 9 0.068834916
557 582 15 18 0.068595
564 572 11 17 0.067626745
586 575 8 13 0.067386426
109 521 15 21 0.06735958
574 567 21 28 0.06704517
671 610 9 13 0.06687279
669 590 9 15 0.066727355
467 588 18 25 0.06670877
223 555 23 28 0.0664671
698 604 7 10 0.06581172
641 588 7 11 0.06570532
584 569 8 16 0.06546787
113 516 16 21 0.06544303
801 634 7 9 0.065191284
552 579 9 14 0.06508258
650 601 12 15 0.06407893
651 611 10 13 0.063731484
276 543 15 27 0.063715324
266 553 19 27 0.063630365
777 614 10 12 0.063481264
472 586 13 19 0.06325599
667 612 9 11 0.06306365
264 542 20 29 0.06290001
651 597 9 11 0.06287024
703 606 8 10 0.062086593
652 606 11 15 0.060931385
772 617 10 13 0.06046154
546 577 11 15 0.060010053
603 606 10 13 0.059889153
481 595 11 17 0.059162814
667 605 9 13 0.05898988
618 580 11 17 0.05878306
608 603 9 11 0.058527894
542 579 8 10 0.057798512
669 614 10 12 0.057796426
636 580 7 10 0.05715273
727 615 7 10 0.05690292
214 555 22 27 0.056372307
499 586 11 15 0.05627607
513 609 10 15 0.05612574
205 551 12 19 0.055935357
234 559 8 14 0.055455312
599 625 13 16 0.05543173
481 606 8 13 0.055082757
14 590 24 24 0.054801226
563 586 13 18 0.05461201
137 504 25 33 0.052954566
518 586 10 11 0.052646812
697 610 7 9 0.05244053
497 584 10 12 0.05239779
527 587 7 10 0.052255183
692 606 8 10 0.05206245
677 618 7 10 0.051965136
691 612 8 10 0.051927276
668 595 8 14 0.05173506
475 605 13 20 0.051452648
228 552 10 14 0.051232137
757 658 13 12 0.0510266
335 670 12 16 0.05088279
657 604 12 14 0.05003996
729 611 8 10 0.049414847
674 602 8 10 0.048942327
854 613 11 13 0.04881195
663 607 10 14 0.048001327
646 596 13 15 0.047957193
699 607 9 10 0.047833197
160 517 9 22 0.0476574
846 473 16 20 0.047392838
611 629 7 13 0.047131687
632 579 10 14 0.046926707
274 558 9 17 0.04673484
673 598 12 16 0.046630733
581 581 9 15 0.046482097
108 512 12 16 0.046475075
0 615 9 16 0.046314623
22 599 25 24 0.04631242
112 507 12 17 0.045882955
726 611 8 9 0.045845788
702 604 7 9 0.0457037
548 575 8 12 0.04549786
540 575 7 9 0.04539805
568 584 8 12 0.045397755
609 623 11 17 0.045327675
567 578 8 13 0.0448471
645 606 19 23 0.04484561
655 584 6 10 0.044506714
104 517 17 19 0.044449504
585 585 8 12 0.04442287
716 620 8 11 0.044193666
492 588 8 13 0.044130202
396 590 13 17 0.043570716
700 602 7 10 0.04338212
115 508 14 21 0.043347273
660 616 9 10 0.043236617
772 606 11 15 0.043147407
641 601 8 10 0.042733572
205 545 21 24 0.042700086
651 616 10 13 0.04253681
645 600 8 11 0.04251921
693 610 12 14 0.04240576
635 589 11 14 0.042175114
540 577 12 15 0.04199096
510 592 6 10 0.04191205
650 591 9 14 0.04190959
151 522 19 29 0.041766357
232 554 16 22 0.04141685
133 510 38 49 0.040842503
721 616 10 13 0.040658012
526 592 9 12 0.040271938
675 610 7 10 0.040054493
737 612 7 9 0.040027354
217 549 13 18 0.04000273
111 523 10 14 0.03989468
653 601 7 9 0.039787672
270 546 12 18 0.039719254
780 609 9 11 0.03968256
476 585 7 12 0.039573997
652 609 14 18 0.0391016
236 551 8 14 0.038834576
658 606 6 10 0.03880029
211 559 16 22 0.038702868
741 611 9 12 0.038661934
23 590 18 20 0.03857797
655 596 9 13 0.0384995
457 587 19 24 0.038459353
510 584 9 13 0.038455714
620 588 11 16 0.03807426
725 618 9 10 0.038039975
53 577 20 34 0.037964854
583 567 15 23 0.037862487
715 620 7 9 0.037648547
603 630 12 15 0.037627004
0 613 16 28 0.037527945
397 578 12 20 0.037503324
587 589 6 9 0.037466016
783 609 11 13 0.037361193
740 654 9 11 0.03723221
801 631 8 9 0.03709657
628 581 9 14 0.037084993
385 577 23 31 0.036573265
535 586 8 10 0.036456294
141 518 25 33 0.036433678
719 611 9 11 0.0364162
227 558 11 14 0.036346655
796 642 9 13 0.03630162
699 611 10 12 0.036138862
510 606 11 16 0.03604805
657 614 12 14 0.035864696
595 593 12 14 0.03581125
503 592 9 12 0.035767764
233 563 10 15 0.03566873
540 582 9 11 0.035628818
494 589 13 14 0.035598792
667 588 8 12 0.035540342
271 677 11 12 0.035388377
658 601 6 10 0.035151776
537 584 8 10 0.034723338
729 569 13 18 0.034506205
566 583 21 26 0.034493167
858 614 9 11 0.034473527
644 609 12 15 0.034423847
490 589 7 10 0.03441744
115 520 10 14 0.034403604
484 584 11 16 0.034381304
694 603 12 14 0.034188166
611 595 11 13 0.03417612
523 584 7 9 0.03407878
121 516 15 17 0.033937085
778 569 6 9 0.033929177
417 115 12 15 0.033920478
577 581 20 28 0.03387345
673 590 12 16 0.033781327
656 618 8 11 0.033659004
316 124 7 9 0.0335657
628 594 9 13 0.03352145
569 573 9 16 0.033470776
520 594 10 13 0.03343933
705 614 8 9 0.03342102
587 581 7 13 0.033236396
277 546 9 17 0.03317151
717 604 10 13 0.033105817
635 594 12 14 0.033075992
502 580 10 14 0.03305846
723 612 8 9 0.033011895
707 601 9 12 0.03278521
660 606 6 9 0.03275441
484 602 7 11 0.03273159
541 588 12 15 0.032630794
651 605 7 9 0.032618474
779 594 10 13 0.032385662
215 549 9 18 0.032382715
780 614 9 10 0.032283228
849 616 14 16 0.032148022
514 600 10 16 0.032087587
607 606 11 14 0.03206906
144 503 13 24 0.031966597
173 628 21 30 0.031955924
703 615 11 14 0.031939175
277 558 12 20 0.031845078
624 575 8 11 0.03181335
651 587 10 14 0.03166224
583 583 12 17 0.03160286
608 632 9 13 0.031586662
676 606 8 11 0.03139373
628 572 19 24 0.031351518
648 603 7 10 0.031334523
675 621 8 11 0.031136535
535 577 11 14 0.031109301
783 600 12 14 0.0310812
468 586 12 17 0.03104275
530 588 10 13 0.030904556
509 593 10 13 0.030903418
126 520 15 19 0.030850466
483 610 7 10 0.030806134
597 601 11 15 0.030774241
643 602 8 12 0.030741056
455 593 7 11 0.030670254
715 601 8 11 0.030600213
35 598 22 26 0.030562542
331 673 15 19 0.030516492
589 592 12 15 0.030458959
476 583 17 24 0.03030994
644 588 6 9 0.030308107
845 479 12 16 0.030289968
789 612 6 9 0.03028257
161 511 8 19 0.030160842
504 587 15 18 0.030086083
647 659 9 10 0.030017145
538 591 13 15 0.030016724
639 609 10 14 0.030013207
513 594 9 11 0.029945895
15 605 25 26 0.029902844
387 584 15 18 0.029831758
239 555 7 12 0.02969928
626 592 17 22 0.02956517
472 594 11 14 0.029534092
230 547 10 16 0.029469218
402 611 7 10 0.029457022
215 560 8 13 0.029354319
281 552 10 18 0.029147642
695 613 8 9 0.029113539
100 512 16 19 0.029068526
139 510 13 21 0.029015217
401 606 12 16 0.029005483
674 612 10 14 0.028992262
119 515 8 11 0.028966738
7 595 42 51 0.028965378
51 579 13 23 0.028964467
687 611 8 9 0.028932033
215 541 21 26 0.028856914
0 662 14 30 0.028794797
109 516 27 30 0.028569432
664 615 11 15 0.028332116
648 591 7 10 0.028192097
52 589 14 24 0.028185958
480 585 8 14 0.02815406
658 596 11 14 0.028124746
480 610 9 14 0.02808798
536 583 6 9 0.02803445
546 583 12 16 0.028009374
257 552 15 18 0.027994493
848 622 13 17 0.027977671
212 550 9 14 0.027953617
719 623 7 9 0.027878992
153 519 13 20 0.027853956
574 584 12 13 0.027843243
640 590 8 13 0.02782946
105 527 16 20 0.027797934
729 608 7 9 0.027676554
589 586 11 15 0.027612947
852 627 11 15 0.02755056
567 588 14 16 0.027540738
490 583 7 11 0.027529996
36 587 12 18 0.02746365
654 607 7 10 0.027439492
674 594 8 10 0.027392628
0 641 28 87 0.027330093
733 380 21 24 0.027324643
783 595 11 13 0.027268862
521 584 14 20 0.02726706
621 576 6 9 0.027261877
187 582 12 18 0.027208647
663 603 10 12 0.027123446
760 655 15 13 0.02712067
164 521 7 15 0.027095906
155 502 14 21 0.027087163
256 558 24 27 0.027002743
662 618 9 11 0.026929608
399 139 10 13 0.026916908
646 594 8 11 0.02690885
732 609 10 11 0.026900712
272 554 10 16 0.026868995
771 617 7 10 0.026790198
537 588 9 11 0.026747065
834 633 7 9 0.026722718
624 573 14 17 0.026656143
602 609 12 16 0.026633201
453 594 11 17 0.026545618
572 578 10 13 0.026505781
664 591 10 15 0.026498854
465 606 22 27 0.026444377
336 661 12 21 0.026394963
601 637 12 14 0.0263851
544 591 12 15 0.026262445
708 621 8 11 0.026217243
606 599 10 10 0.026210625
673 635 9 9 0.026010541
588 579 11 17 0.02600195
670 603 14 21 0.025981672
488 586 15 19 0.025955044
530 594 10 12 0.025945723
413 636 11 16 0.025864042
544 571 10 12 0.025828425
857 618 8 11 0.025812188
677 595 9 13 0.025796942
579 586 8 10 0.025731746
532 584 9 12 0.025720362
13 596 16 19 0.025703076
691 615 8 11 0.025615755
670 620 8 9 0.025537804
615 591 12 15 0.025485164
634 604 17 21 0.02543707
538 598 13 13 0.025400106
611 600 13 13 0.025328992
516 596 8 12 0.025304785
714 623 11 13 0.025272371
559 576 12 14 0.02515953
606 610 13 18 0.025115158
542 595 12 13 0.02510892
456 597 20 26 0.025081448
275 554 19 30 0.025063585
478 602 17 25 0.025034241
26 583 20 23 0.025034051
624 580 24 28 0.024981178
413 633 7 10 0.024947979
64 572 32 36 0.024823267
830 648 6 9 0.024792641
149 535 17 25 0.024762921
486 604 10 14 0.024707973
606 637 12 15 0.02468805
28 595 16 19 0.024655564
113 810 18 14 0.02459501
687 608 7 9 0.024492325
530 586 18 23 0.024484172
513 583 7 10 0.02437688
109 520 41 47 0.024296276
515 599 20 25 0.024200847
621 599 12 14 0.024161207
853 633 8 10 0.024156256
716 626 8 10 0.024152653
535 595 12 14 0.0241358
578 569 11 14 0.024099985
830 641 8 10 0.024083886
775 623 8 10 0.024055509
831 329 39 50 0.023964401
589 599 12 16 0.023844838
203 556 11 15 0.023797045
222 549 13 16 0.023788838
0 620 9 19 0.02364632
533 599 12 15 0.023616737
832 645 6 10 0.0235453
814 0 210 241 0.023522709
702 597 11 14 0.023462236
515 589 18 22 0.023458183
859 610 9 12 0.023441203
314 623 11 16 0.023432987
790 610 8 11 0.023415241
540 589 9 11 0.02338437
112 527 11 13 0.02334047
569 588 9 11 0.023321912
864 613 8 9 0.02330635
526 582 9 13 0.023278864
469 616 13 17 0.023260916
153 506 27 39 0.023255846
519 599 12 15 0.02322472
671 588 8 13 0.023219937
543 587 8 10 0.023162492
405 611 7 10 0.023136275
0 605 12 24 0.023119468
215 566 21 28 0.023088727
129 508 23 28 0.023085026
727 617 11 13 0.023062952
628 578 7 11 0.023046594
636 602 10 12 0.023046099
554 571 21 25 0.023032036
816 609 9 15 0.022954058
644 589 8 13 0.02294411
842 465 29 34 0.022882687
493 580 10 14 0.02283358
769 608 10 15 0.022817379
471 629 11 17 0.022606572
392 592 14 17 0.022602808
573 587 8 10 0.022540554
371 600 11 15 0.022387605
205 562 17 22 0.022357363
631 600 12 15 0.022326456
639 613 7 12 0.022278285
582 588 7 10 0.022255283
716 614 12 14 0.022252802
318 633 9 15 0.022237826
496 672 12 12 0.022212034
392 578 13 20 0.022183588
855 621 11 17 0.022182625
854 471 15 16 0.022126023
111 526 18 20 0.022125678
119 519 9 12 0.022099769
164 516 7 14 0.022089414
635 680 21 52 0.022076918
191 591 14 20 0.022038303
129 516 29 34 0.021945704
549 572 12 14 0.021929514
488 591 8 13 0.021900192
533 593 10 12 0.021893276
659 619 9 11 0.021882223
515 608 7 10 0.021880003
845 626 8 11 0.021872675
801 632 10 14 0.02186473
771 607 8 11 0.02185361
760 660 15 14 0.021838441
0 618 4 11 0.021813413
859 640 8 9 0.02180493
0 691 16 43 0.02179917
151 544 24 32 0.021795023
737 615 8 10 0.021783993
492 579 19 25 0.021773545
536 578 7 10 0.021738345
606 623 10 12 0.021714717
7 590 18 24 0.021704933
652 583 7 9 0.02167916
565 591 9 11 0.021666817
553 584 12 16 0.0216553
107 505 13 16 0.021634554
785 613 8 11 0.02162975
689 605 7 9 0.021628218
587 569 7 12 0.02161977
767 614 10 12 0.0216081
635 605 12 14 0.02160796
696 603 7 9 0.021599235
762 385 14 14 0.02159131
667 558 10 14 0.021480128
618 576 9 14 0.021473272
375 598 12 16 0.021469438
257 544 14 19 0.021415917
470 624 11 16 0.02141334
723 607 9 12 0.02139449
401 586 9 14 0.021290421
773 612 16 20 0.021258766
475 615 12 17 0.021213602
798 638 8 12 0.021122655
403 581 7 12 0.021112002
394 606 13 15 0.02107398
611 588 12 16 0.021047499
526 598 12 16 0.021028418
513 611 23 29 0.021017227
486 598 10 15 0.021011962
852 474 11 13 0.020997617
550 585 20 24 0.020869264
201 559 16 20 0.020865098
583 592 12 15 0.020843448
238 674 11 12 0.020834874
156 542 13 19 0.020821441
607 524 7 9 0.020813473
733 613 11 14 0.020799035
685 602 12 14 0.020746
399 609 17 22 0.020722244
23 597 15 16 0.0206961
830 631 10 14 0.02068129
523 596 12 13 0.020680495
522 642 11 13 0.020670677
663 624 12 15 0.020631583
218 559 12 16 0.02061352
324 662 21 28 0.020588938
518 605 13 16 0.020581068
62 579 14 24 0.020570546
419 636 13 16 0.020533945
205 545 11 17 0.020531941
625 650 14 16 0.020505633
612 630 12 15 0.020500127
520 579 12 16 0.020476218
0 0 182 239 0.020428117
571 568 13 17 0.020411495
572 583 8 10 0.020368678
608 616 12 17 0.020362748
0 610 6 17 0.020346701
399 597 8 11 0.020323366
639 684 10 12 0.020283092
459 593 11 13 0.020281134
778 619 9 10 0.020273523
669 586 7 10 0.020271376
61 596 41 52 0.020252118
506 596 10 14 0.020252023
406 612 12 16 0.020241277
600 598 10 12 0.020215109
647 583 12 16 0.020178907
519 583 8 10 0.020175831
149 501 16 27 0.020157859
864 631 8 10 0.020117698
514 617 11 16 0.020074261
760 412 11 11 0.020054184
399 608 9 10 0.020030532
745 614 6 10 0.019946108
128 524 17 21 0.01993594
848 628 10 13 0.019935384
307 630 18 21 0.019931333
55 565 24 38 0.01990727
663 630 12 16 0.019897452
100 522 17 19 0.01988885
128 544 44 53 0.019878253
478 583 8 11 0.019847369
374 605 6 10 0.019846955
1019 0 5 9 0.01983936
597 640 11 14 0.019833624
183 586 12 19 0.019809457
237 549 21 27 0.019796858
617 586 8 11 0.019787434
656 588 7 13 0.019779937
376 592 11 15 0.019708974
17 588 44 46 0.019706253
91 525 23 26 0.019666862
483 590 7 11 0.019648049
158 544 9 12 0.019643884
410 658 9 12 0.019641772
162 546 22 31 0.019577214
224 567 25 29 0.019567253
725 609 11 15 0.01956266
858 608 7 11 0.019552557
689 617 7 9 0.01955135
801 638 6 9 0.019530274
547 586 8 11 0.019527499
863 635 9 10 0.019517032
678 604 7 9 0.019492893
108 527 11 14 0.019484103
789 623 10 12 0.019469839
255 547 35 45 0.019444145
925 766 99 96 0.019434288
489 609 12 17 0.019423692
859 626 11 14 0.019393558
619 595 17 22 0.01933007
861 637 8 10 0.019311596
638 579 21 26 0.019251047
392 603 10 11 0.019244507
222 556 11 14 0.019216375
856 630 8 11 0.019149862
688 618 9 13 0.019130241
471 611 14 14 0.019110678
499 593 10 12 0.019079627
4 599 20 31 0.019039623
530 577 11 14 0.019015439
211 570 16 23 0.019008448
511 605 7 11 0.018996114
658 623 12 16 0.018982971
537 593 8 10 0.018977722
612 604 13 14 0.01895196
199 573 14 18 0.018942509
712 607 13 14 0.018940376
0 540 173 322 0.01893897
678 611 7 9 0.018929956
744 610 7 10 0.018922338
696 618 13 15 0.018916165
766 528 258 334 0.018863317
497 580 9 12 0.01886266
500 580 8 10 0.018805537
47 580 10 18 0.018789975
778 592 6 11 0.018781874
160 525 14 22 0.018773928
534 570 12 16 0.018765878
212 542 15 20 0.018751368
475 600 10 16 0.018693868
205 537 36 45 0.018677866
407 641 13 17 0.01866685
671 637 10 11 0.018638961
856 639 168 223 0.018619187
547 590 7 10 0.018551994
12 582 35 35 0.018515144
273 674 15 15 0.018475566
733 645 8 9 0.018474804
858 588 11 15 0.01847228
666 621 7 9 0.018468114
800 637 11 15 0.018467654
104 507 25 29 0.018454244
732 575 8 12 0.018452898
679 605 11 13 0.018443283
202 555 27 31 0.018432235
193 575 14 17 0.018412171
615 572 11 14 0.01839477
200 567 14 17 0.01835635
0 644 109 218 0.018353116
188 574 24 31 0.018351456
852 613 20 25 0.01834398
707 610 12 15 0.018331591
632 597 8 11 0.018329598
541 672 7 15 0.018316973
792 611 10 14 0.018298741
678 616 11 13 0.018268593
777 553 7 15 0.01826436
0 604 26 43 0.018246803
129 568 44 53 0.018244712
225 563 13 16 0.018239168
160 505 14 24 0.018222127
612 626 11 13 0.018184295
804 629 7 10 0.018169751
548 588 13 17 0.018095242
691 622 10 12 0.018092765
733 603 11 14 0.018067619
475 625 12 17 0.018061575
0 588 12 25 0.018058473
668 630 11 12 0.018049855
657 631 12 15 0.018044071
148 522 14 20 0.018029703
389 594 22 28 0.01802575
670 623 12 15 0.018025717
695 598 13 15 0.017996432
602 607 7 10 0.017993558
0 671 12 34 0.017986597
463 590 13 15 0.017971527
796 647 11 15 0.01793817
685 612 10 13 0.017924966
222 561 12 15 0.0179068
393 339 13 18 0.017901903
727 604 9 11 0.017895313
709 623 10 13 0.017893286
756 558 8 10 0.017849565
534 602 8 9 0.017834032
1002 843 22 19 0.017827544
603 595 10 11 0.017827282
679 610 10 13 0.017805682
659 589 10 14 0.017797194
736 607 10 12 0.017784355
779 607 17 19 0.017782694
192 581 14 18 0.017765315
709 598 10 12 0.017752472
406 614 7 10 0.017720323
203 576 20 27 0.017717013
51 567 16 31 0.017699713
592 586 17 20 0.017671183
187 585 24 31 0.017656658
697 614 8 9 0.017639432
843 627 7 9 0.017633576
0 625 72 124 0.01762774
858 632 12 13 0.017612172
394 610 15 19 0.017599916
601 635 10 11 0.017595192
857 634 7 10 0.017593244
678 601 7 9 0.017581502
473 585 8 11 0.017557954
142 491 32 48 0.017554473
849 615 10 11 0.017548312
400 579 8 11 0.017544147
537 602 8 10 0.01754334
836 630 6 9 0.017539961
186 585 16 25 0.017521853
44 585 13 23 0.017518435
593 513 22 25 0.01751688
516 615 7 11 0.017510101
82 443 127 168 0.017505452
842 467 18 20 0.017500741
228 539 18 27 0.017461699
0 630 21 38 0.01744207
513 603 7 10 0.017431375
725 621 9 13 0.017402023
161 529 8 14 0.017400121
706 603 16 17 0.017390737
859 619 9 13 0.017367685
187 533 36 48 0.017367054
255 558 13 15 0.01735263
537 675 9 15 0.017336832
184 605 12 17 0.017286114
740 606 10 13 0.01727243
146 531 15 19 0.017243154
541 569 10 12 0.017232532
582 566 8 13 0.017220087
612 580 13 16 0.017201904
790 613 9 13 0.017176488
658 584 9 12 0.017173607
576 590 12 15 0.017171
509 599 11 16 0.017170817
625 602 19 23 0.017162979
596 610 11 16 0.017143615
565 596 23 28 0.017129764
69 572 44 49 0.017124688
147 515 38 54 0.017106282
595 602 16 21 0.017104056
382 589 8 14 0.017094752
744 612 10 14 0.017087538
213 253 11 15 0.017082721
644 607 8 10 0.017080108
733 568 8 11 0.017056514
510 600 7 9 0.017042136
96 509 15 19 0.017034756
735 387 26 27 0.01698976
97 517 17 18 0.016974099
692 621 7 9 0.0169574
261 537 19 23 0.016945893
516 604 11 14 0.016921759
787 607 9 14 0.01691688
792 639 10 15 0.016907293
610 608 17 23 0.01690664
815 619 8 11 0.01690388
787 625 10 13 0.016899846
204 571 17 22 0.016893215
272 567 13 17 0.01688629
648 661 10 12 0.016882343
639 579 9 13 0.016881816
136 434 131 181 0.016868921
526 604 12 17 0.016868224
0 0 119 164 0.01686703
400 623 22 30 0.01686087
271 565 21 28 0.016860547
660 598 7 9 0.016848434
218 572 14 19 0.016841149
864 608 8 10 0.016819699
192 549 21 27 0.016802352
863 617 8 11 0.016795864
241 556 10 16 0.016786445
693 541 16 22 0.01677314
457 597 11 16 0.016762644
577 596 22 28 0.016739085
397 606 8 10 0.016733604
503 600 11 14 0.016715705
745 606 6 10 0.016703516
507 602 8 10 0.016693939
266 567 14 18 0.016690029
704 622 9 11 0.016676014
122 504 19 27 0.016667258
408 632 12 15 0.016667245
631 576 10 11 0.01665727
796 632 8 9 0.016649684
465 485 68 98 0.016648544
694 617 10 14 0.016639568
654 581 7 9 0.016633578
735 649 10 11 0.016624223
600 596 15 17 0.016622722
771 650 12 14 0.016619729
784 619 11 15 0.016614689
594 581 13 16 0.016587665
734 336 146 186 0.016587012
641 590 20 25 0.01657582
115 499 18 25 0.016572755
592 578 6 9 0.016561285
609 574 13 14 0.01655684
847 531 6 9 0.016550723
588 563 22 27 0.01654912
503 611 23 28 0.016540108
260 559 16 17 0.01652834
827 646 7 10 0.016522843
400 597 13 17 0.016496567
622 571 10 12 0.016494762
589 573 10 13 0.01649229
512 597 9 12 0.01647478
720 623 12 14 0.016464613
669 565 8 12 0.016454086
770 621 7 9 0.016446445
637 681 17 27 0.01644504
720 627 7 9 0.016405705
236 545 12 19 0.016383253
282 545 21 28 0.016368143
395 135 15 19 0.016356517
209 562 9 12 0.016353743
233 570 9 11 0.016345771
531 600 9 11 0.016334642
217 563 10 14 0.016321084
488 596 7 11 0.016310371
510 581 7 10 0.016295807
505 579 20 24 0.016288381
135 520 16 20 0.016260192
496 543 65 85 0.016250577
132 0 137 97 0.016240587
617 609 12 14 0.016220357
41 584 10 20 0.01620692
863 623 10 14 0.016183153
588 607 11 13 0.016169136
12 582 20 27 0.016148383
272 539 13 20 0.016139176
504 601 22 26 0.016125154
767 618 7 10 0.01610561
574 589 10 10 0.016104603
638 611 16 20 0.016104314
468 545 67 84 0.016062424
645 612 8 10 0.015971528
797 633 9 12 0.015966775
772 594 11 16 0.015958097
187 575 13 17 0.01594451
664 597 7 10 0.01593116
212 579 14 19 0.01592519
712 627 10 13 0.015911127
794 623 8 11 0.01590977
0 680 25 72 0.015888223
105 546 46 51 0.01587132
853 638 12 12 0.015869137
677 636 10 11 0.015863677
739 649 12 14 0.015860965
462 608 17 21 0.01582726
231 179 9 10 0.015813505
679 594 6 9 0.015806787
416 135 23 34 0.015797963
513 579 13 14 0.015783953
35 594 11 16 0.015778374
815 609 7 12 0.015777638
399 601 8 11 0.01577334
163 697 8 11 0.015758539
55 590 23 32 0.015756242
778 604 9 13 0.015728826
719 600 8 12 0.0157197
378 588 10 13 0.015719425
797 627 11 15 0.015703104
832 627 12 17 0.015700545
411 111 14 18 0.015698109
214 651 14 15 0.015677743
590 588 8 9 0.015670562
540 575 20 25 0.01567036
402 594 8 11 0.015664108
153 500 13 16 0.015663272
621 662 9 13 0.01565354
521 546 66 81 0.01564134
194 582 23 29 0.01564004
163 841 12 10 0.01563669
708 617 13 16 0.015617982
432 499 138 166 0.015607346
188 632 8 14 0.015599627
0 0 11 14 0.015592542
415 635 7 10 0.015582576
239 559 8 12 0.015581957
463 617 13 16 0.0155731505
844 615 21 25 0.015554827
772 637 11 16 0.015546557
156 535 12 17 0.015540546
687 551 22 26 0.01552819
972 813 52 49 0.015504799
162 533 23 31 0.015478259
801 625 8 10 0.015476357
500 669 13 15 0.015472711
211 563 10 15 0.015470263
118 524 13 14 0.01546371
657 593 6 11 0.015456234
0 630 11 22 0.0154392505
780 598 17 20 0.015434678
884 648 7 9 0.015414096
464 622 24 32 0.015413137
1 585 61 78 0.015412936
490 593 9 14 0.015407142
811 614 9 15 0.015396717
536 583 17 22 0.015392507
617 595 13 15 0.015383943
664 637 12 16 0.015383508
507 579 11 15 0.015375934
104 508 12 15 0.015368702
392 130 9 13 0.015355191
0 779 60 83 0.015352791
699 615 11 13 0.015349464
743 651 12 14 0.015333024
737 653 9 10 0.015331777
402 582 18 25 0.015329371
518 622 12 17 0.015317078
160 49 17 21 0.015293365
601 644 11 14 0.015281452
713 598 8 11 0.015277165
789 628 11 14 0.015261611
232 257 19 22 0.015257697
443 546 67 84 0.0152564235
0 599 11 20 0.015246441
723 604 8 10 0.015241764
405 606 9 11 0.015219977
774 625 10 12 0.0152173275
233 549 40 48 0.015209786
0 601 38 110 0.015207405
264 552 15 17 0.015206804
609 516 8 17 0.015202753
604 600 20 26 0.015194661
817 615 8 13 0.015173091
14 597 9 14 0.015159471
134 532 23 30 0.015153482
871 622 8 9 0.015148096
776 592 15 21 0.015125203
539 588 21 25 0.015109224
463 581 29 39 0.015108826
370 631 11 17 0.01510696
140 501 15 19 0.015102939
206 619 17 20 0.01509443
651 622 13 16 0.015083071
388 622 24 28 0.015072849
681 598 10 14 0.015069476
572 592 9 10 0.015045407
413 629 7 10 0.015042722
688 623 8 11 0.015037994
17 600 19 20 0.015021125
627 604 12 13 0.015013916
707 626 8 10 0.015012827
224 572 14 18 0.015011112
836 631 10 13 0.015002615
161 558 24 32 0.014990399
852 637 8 9 0.01498658
842 625 12 16 0.014949791
334 679 8 10 0.014946967
644 655 10 11 0.014927936
916 0 108 117 0.0149185425
652 617 22 29 0.014909467
233 562 20 26 0.0148796085
834 636 9 12 0.014861984
224 540 15 19 0.0148612745
669 623 8 11 0.014859771
741 508 70 101 0.014856226
861 585 10 15 0.014852082
124 518 8 11 0.014850529
603 515 13 20 0.014841073
839 628 9 13 0.014808193
737 332 14 21 0.014793676
592 574 6 10 0.014786757
809 329 53 59 0.01478574
383 582 10 16 0.014784618
571 591 13 15 0.01477682
279 544 9 15 0.014773447
341 669 10 15 0.014772877
462 588 75 88 0.014761008
528 598 21 26 0.014756832
773 605 8 10 0.0147501975
410 638 17 24 0.014731098
189 560 24 29 0.014724503
278 535 19 28 0.014722263
454 601 12 15 0.014713548
793 617 10 13 0.0147016365
0 623 5 13 0.014700735
817 608 7 10 0.014695416
54 597 15 21 0.014681219
833 651 5 10 0.014670583
780 625 19 26 0.014667284
620 606 13 16 0.014660769
318 655 23 27 0.014658773
641 680 9 14 0.0146567095
217 577 16 22 0.014656402
583 599 13 16 0.01465135
309 0 27 24 0.014643333
248 563 11 13 0.014640901
568 559 22 29 0.014634856
536 604 11 14 0.014618683
0 400 73 210 0.014617026
746 356 11 16 0.014614734
199 560 11 14 0.014611625
829 608 9 14 0.014605912
417 588 75 89 0.014605156
463 583 15 18 0.014604486
747 338 25 35 0.0146018965
666 582 15 23 0.014584216
0 647 20 35 0.014569166
490 610 22 28 0.01456255
491 580 8 12 0.014561966
490 600 20 25 0.014549085
121 524 17 18 0.014546514
612 635 8 10 0.014546172
529 598 9 10 0.014545034
407 650 13 17 0.014535381
56 553 38 50 0.014531944
0 577 11 22 0.014515412
59 581 26 32 0.014514316
218 647 14 16 0.014512852
376 593 7 11 0.0145057235
854 591 12 15 0.014496274
209 581 20 28 0.014489202
157 209 18 24 0.0144846
786 631 12 15 0.014473705
385 578 14 18 0.01445735
677 623 8 10 0.014453674
164 511 7 13 0.014451365
528 491 9 13 0.014442729
481 616 13 17 0.01444019
511 612 8 12 0.014435758
690 597 12 14 0.014423732
682 551 33 43 0.014418339
371 638 6 10 0.0144145
0 612 3 11 0.014409353
408 108 15 15 0.014403758
793 368 13 18 0.01440324
539 598 23 27 0.014402679
546 595 13 15 0.014393274
494 610 13 16 0.014388946
768 612 7 10 0.014387724
850 608 17 21 0.014386625
856 463 23 26 0.014380623
641 580 11 15 0.014374018
777 635 13 16 0.014373796
542 491 65 91 0.014360854
207 541 13 18 0.014357187
644 661 11 14 0.014355729
412 655 11 14 0.014354522
2 669 24 40 0.014347538
227 547 9 11 0.014336959
598 572 20 22 0.014336265
845 327 42 54 0.014326763
623 659 10 12 0.014326657
169 573 12 16 0.014326408
0 628 8 17 0.014323684
328 650 11 12 0.014319334
596 644 8 10 0.01431903
475 633 12 17 0.014315119
0 616 24 78 0.01431128
160 499 24 34 0.014308521
777 622 11 13 0.01430492
0 0 305 378 0.014304888
266 678 14 13 0.014282139
841 625 6 10 0.0142694125
493 486 64 96 0.014259437
864 622 7 9 0.014247455
827 641 8 11 0.014242001
606 592 10 11 0.014239828
202 548 11 16 0.014239235
525 610 13 17 0.014209637
755 655 21 24 0.0142069515
176 362 143 206 0.014203478
0 773 7 14 0.014182463
452 609 23 27 0.014170078
241 734 8 9 0.014167388
746 616 9 12 0.014152944
176 598 24 32 0.014149731
236 567 8 11 0.014131659
587 602 17 23 0.014128504
790 649 11 15 0.014123785
776 558 9 18 0.014123103
402 608 8 9 0.014117634
111 815 14 10 0.014107931
110 656 20 31 0.014101671
748 352 13 18 0.014100977
127 520 10 13 0.014098716
712 619 16 21 0.014098195
673 582 15 21 0.014093318
881 650 7 10 0.014085272
54 767 11 27 0.0140757235
617 608 18 23 0.014064265
279 674 13 14 0.014062611
589 515 14 11 0.014057967
674 626 9 11 0.014052392
611 513 7 14 0.0140499445
489 600 12 17 0.014049347
974 617 50 87 0.014039445
332 656 13 18 0.014029256
740 615 9 12 0.014028147
25 592 11 13 0.014019001
533 232 375 476 0.013997835
122 511 12 15 0.0139829
656 636 13 16 0.013972855
774 627 6 9 0.013972671
391 568 19 29 0.013968788
258 682 7 12 0.013967349
413 131 9 13 0.013956705
827 650 6 10 0.01395263
650 509 14 16 0.013946373
697 624 10 13 0.013941136
411 330 11 13 0.013926189
509 616 12 17 0.013924338
830 616 6 10 0.013910274
401 131 11 17 0.013909885
456 584 10 16 0.013904757
592 605 8 12 0.01389689
851 531 6 10 0.0138833625
854 432 23 29 0.013879187
415 481 71 104 0.013875288
163 512 20 29 0.013858104
147 663 12 19 0.013851394
217 547 9 13 0.0138447555
833 630 7 9 0.013834956
376 608 6 9 0.0138158575
263 738 7 10 0.013813786
783 603 7 9 0.013808781
229 73 339 476 0.013808299
531 578 17 21 0.013802791
96 3 185 165 0.013795485
784 412 7 10 0.013792618
73 564 27 36 0.013768207
641 616 23 30 0.013762269
174 573 12 17 0.013749935
698 599 8 10 0.013740526
199 600 15 19 0.013730077
183 493 127 164 0.0137260165
269 537 26 43 0.013710595
488 610 7 10 0.013705198
192 569 11 12 0.013701437
163 517 12 17 0.0136989765
631 608 12 15 0.0136956535
41 592 20 26 0.013693369
157 842 16 12 0.013684785
798 624 8 11 0.013683447
777 551 5 11 0.013681441
155 845 14 12 0.013680509
0 0 69 97 0.01367544
102 514 10 13 0.013670284
0 701 9 25 0.013666238
243 550 13 16 0.013664652
706 627 11 13 0.01366455
526 667 14 13 0.013654503
193 568 14 17 0.013653531
868 623 9 11 0.013647523
711 630 7 9 0.013640997
442 600 20 27 0.01363766
476 622 24 32 0.013637149
187 598 24 31 0.013633566
850 481 15 19 0.013622459
490 607 8 11 0.013621969
443 588 20 26 0.013612067
205 602 21 25 0.013611564
414 642 8 11 0.013610134
414 716 15 10 0.013607354
664 631 8 9 0.0136011075
581 592 10 11 0.013598271
0 707 12 32 0.01359154
541 357 151 209 0.013591242
742 335 14 21 0.013588287
804 625 7 10 0.0135871405
673 585 7 10 0.013584297
94 515 14 17 0.013577643
1021 0 3 10 0.013574917
213 567 12 15 0.013574862
688 509 76 99 0.013572554
846 634 7 9 0.013572048
801 293 223 445 0.013569622
431 352 12 15 0.013567768
420 652 11 15 0.013566912
593 598 9 13 0.013558233
613 591 8 10 0.013554147
670 575 12 17 0.01355195
141 541 22 27 0.013551595
821 608 10 15 0.013543134
493 593 9 11 0.013530329
0 0 7 9 0.013521904
503 599 8 9 0.013521636
556 576 8 11 0.013505981
362 475 74 111 0.013482818
382 588 17 20 0.013480731
739 398 23 21 0.013477354
0 650 13 23 0.013474442
733 648 8 9 0.01346161
874 627 10 12 0.013458464
636 615 9 14 0.013458202
517 611 8 11 0.013457666
811 621 9 12 0.013447833
201 589 22 30 0.013444586
331 653 11 14 0.013416162
546 240 10 14 0.013415955
146 0 21 16 0.01341329
737 652 15 18 0.013408204
422 133 15 20 0.013405865
108 482 44 54 0.013403235
847 485 11 13 0.013400492
605 594 17 21 0.013398894
566 488 67 94 0.0133987265
592 574 16 19 0.013394005
226 416 142 200 0.01338521
1011 0 13 15 0.013378933
633 613 14 19 0.013373865
396 125 19 23 0.013370286
777 571 6 12 0.01336889
608 585 12 14 0.013364796
613 639 14 14 0.013362276
853 467 11 15 0.01336141
514 701 6 10 0.013353589
1 574 21 30 0.013339065
0 751 6 14 0.0133380005
214 0 22 17 0.013337344
622 562 20 27 0.013330671
3 588 30 46 0.013320423
719 565 66 86 0.013320223
745 620 8 10 0.013313607
627 355 171 218 0.013309512
416 634 10 14 0.01330704
139 532 17 19 0.013306582
586 560 17 23 0.013297801
793 507 74 101 0.013283518
707 598 8 10 0.013279483
32 591 11 14 0.013277658
482 582 6 9 0.013277353
0 591 7 20 0.013272192
759 334 104 109 0.013269553
375 584 17 22 0.0132692605
666 625 7 9 0.013263297
125 522 9 12 0.013256741
188 596 14 23 0.013253631
378 613 24 29 0.013243234
652 632 12 16 0.013233238
997 676 27 39 0.013228442
402 613 9 13 0.013226283
488 616 13 17 0.013223497
128 305 146 205 0.0132230595
383 341 12 17 0.01322191
166 696 8 12 0.013217004
738 364 15 17 0.01320954
791 619 8 10 0.013203031
701 601 16 17 0.013194832
198 592 15 19 0.013180855
319 621 11 15 0.013179515
776 649 11 15 0.013177813
217 589 11 15 0.013172967
467 605 16 17 0.013171924
609 611 8 12 0.013171027
507 674 7 11 0.0131651005
393 544 65 84 0.013159574
172 564 17 23 0.013153742
855 477 10 13 0.01314612
592 628 14 15 0.013136864
644 600 31 38 0.013134664
397 579 8 12 0.013129449
390 606 10 12 0.013124616
859 674 12 15 0.013123762
785 606 7 11 0.013121421
672 566 7 12 0.013118878
645 577 14 16 0.013112746
524 577 14 18 0.013110785
731 581 7 9 0.013110184
485 585 7 9 0.013109203
517 614 10 15 0.013104601
151 512 12 22 0.013104224
588 595 8 11 0.013102544
658 536 22 30 0.013085044
424 637 13 16 0.0130815115
651 511 7 11 0.013079571
866 434 22 28 0.013072398
0 779 6 14 0.01307233
781 328 44 48 0.013072091
0 317 158 392 0.013067167
180 624 26 33 0.013053885
744 363 13 17 0.0130525865
718 613 16 20 0.013041924
143 203 16 23 0.013034419
730 641 9 11 0.0130276745
635 700 12 26 0.013026664
232 543 11 17 0.0130265355
513 622 23 30 0.0130221555
134 0 20 16 0.013013468
282 559 9 14 0.013011558
519 625 8 11 0.0130104
0 496 122 206 0.013004416
554 590 20 26 0.013000736
65 620 23 28 0.01299064
767 656 14 15 0.012982819
959 0 65 64 0.01297986
394 127 14 17 0.012971012
805 633 10 12 0.012964061
521 0 397 254 0.012963936
1021 620 3 13 0.012962724
103 729 14 16 0.012949009
498 600 12 14 0.012948702
772 628 10 13 0.012941031
694 628 10 13 0.012932848
848 622 8 10 0.012930004
837 587 10 14 0.012929123
627 574 9 9 0.012899327
520 640 9 12 0.012889588
724 601 11 13 0.012887186
411 131 20 25 0.012886288
406 623 12 15 0.012877706
141 561 39 47 0.012870229
481 689 13 21 0.012866026
412 79 407 518 0.012849597
62 298 154 221 0.012841302
830 531 6 10 0.012837054
185 3 109 114 0.0128349485
432 713 13 19 0.0128209265
249 551 21 24 0.012820562
700 627 10 14 0.01280608
0 683 9 20 0.0128056565
84 526 35 40 0.012802742
490 0 22 15 0.012795078
195 564 11 13 0.012793922
474 605 26 35 0.012790858
739 358 20 26 0.012790373
797 617 10 14 0.012780834
119 525 25 30 0.01277674
865 628 9 11 0.012774088
242 704 19 25 0.012772557
25 366 139 198 0.0127611635
692 627 7 9 0.012759617
5 586 15 21 0.01275788
628 0 22 16 0.012755144
852 611 9 11 0.012751969
377 596 25 31 0.012742087
784 651 12 15 0.012733468
631 597 27 33 0.01273071
475 607 9 13 0.012723855
641 616 6 11 0.012723106
842 474 13 18 0.012718045
0 634 6 13 0.012716548
140 512 8 14 0.01271637
692 601 8 11 0.012710013
211 730 12 16 0.012703201
161 545 11 14 0.012700939
614 577 8 10 0.012690946
686 603 7 10 0.012689936
568 543 63 82 0.01268892
252 559 11 15 0.012688253
564 595 13 16 0.012687446
614 485 73 98 0.012685917
598 633 10 11 0.012683885
828 638 12 17 0.012683084
733 367 23 30 0.012680541
0 846 15 16 0.012680304
358 0 187 126 0.012675396
148 499 13 16 0.012671018
215 566 8 11 0.012667562
855 373 12 18 0.012660382
842 602 26 33 0.012657384
600 579 14 16 0.01265483
404 572 18 25 0.012653727
382 574 34 49 0.012650174
625 597 9 11 0.012649897
768 541 69 91 0.012648974
269 572 14 16 0.012639732
283 556 21 26 0.012637302
792 65 232 482 0.012635261
503 0 22 16 0.012632481
727 572 10 14 0.012628921
321 0 361 250 0.012625303
796 611 10 15 0.01262169
829 471 20 24 0.012619317
632 603 8 10 0.012618876
244 560 11 14 0.012596347
644 616 11 12 0.012595149
513 397 13 17 0.012593492
993 0 31 32 0.01258593
8 615 32 37 0.01258587
0 625 14 17 0.012585754
641 656 13 15 0.012581766
679 639 7 10 0.012581743
664 588 8 10 0.012576608
770 375 158 227 0.012575584
1020 624 4 18 0.0125715295
599 587 14 16 0.0125627965
739 608 14 19 0.012557303
481 710 12 15 0.0125565
589 406 19 25 0.012551762
864 586 7 9 0.01254857
589 566 6 9 0.012546546
648 655 10 12 0.012546274
632 652 11 13 0.012542322
641 0 21 16 0.012540438
220 547 9 12 0.012540377
589 644 11 16 0.012536364
0 564 14 23 0.012530721
467 577 19 24 0.012528959
107 745 12 10 0.012527375
119 509 9 12 0.012524741
0 534 33 58 0.0125211235
806 621 10 13 0.012520724
167 565 12 21 0.012514416
211 734 8 12 0.012514197
895 489 21 37 0.012512465
653 621 9 11 0.012507705
775 630 10 14 0.012503901
507 606 9 12 0.01250201
515 0 22 15 0.012501138
684 619 10 13 0.012497415
715 631 10 13 0.012495908
468 581 11 14 0.01249023
718 628 10 13 0.012489171
662 551 17 21 0.012489062
852 529 9 14 0.012488489
728 570 17 27 0.01248814
887 345 137 310 0.0124869635
583 649 11 17 0.012484315
367 590 76 93 0.01248267
218 540 14 15 0.012482545
478 0 21 15 0.0124814175
65 573 18 26 0.012479315
214 530 25 31 0.01247688
322 361 146 211 0.012476875
760 0 21 16 0.012473653
605 643 13 15 0.012473036
659 0 22 16 0.012469979
735 0 21 16 0.012469039
697 631 10 13 0.012468774
7 611 21 26 0.012467084
464 489 10 25 0.012463883
827 621 12 17 0.012460126
350 223 316 442 0.012458255
209 559 37 43 0.012457578
616 0 21 15 0.012456901
157 526 11 18 0.012454421
161 533 14 20 0.012453103
209 547 8 11 0.012445371
375 605 12 16 0.0124442605
245 719 9 15 0.012439525
465 0 22 15 0.01243671
157 537 19 27 0.0124366265
543 243 10 13 0.012435719
57 613 43 55 0.012422439
230 573 9 11 0.012422092
394 608 8 10 0.012404715
703 631 11 13 0.012403007
0 716 7 16 0.012401535
757 340 28 40 0.012400177
850 459 16 22 0.012397726
789 602 11 14 0.012397356
668 591 18 24 0.012394266
171 626 15 17 0.012394018
117 507 8 11 0.012391173
191 628 11 15 0.012378142
541 601 12 14 0.012377387
710 0 21 16 0.012369552
411 646 17 24 0.012369053
748 567 63 85 0.012367823
528 0 22 15 0.012359643
790 372 12 17 0.012357571
532 610 13 17 0.012352246
514 384 24 34 0.012350778
716 597 8 11 0.012350021
302 136 169 213 0.012345856
478 354 153 216 0.012344766
453 0 21 15 0.01234301
747 0 22 16 0.01233932
351 88 6 10 0.012338989
583 558 11 17 0.012330042
97 570 49 53 0.012327317
0 837 24 25 0.01232661
181 574 13 17 0.0123239625
1019 601 5 20 0.012322713
251 566 12 13 0.0123218885
533 495 135 167 0.012300612
710 555 36 50 0.012292039
0 604 5 13 0.012290951
816 0 22 16 0.012284117
649 585 6 10 0.012283942
617 568 30 36 0.012267646
168 579 13 17 0.012265505
697 0 22 15 0.012263926
816 543 68 87 0.012263703
698 630 7 9 0.012261577
186 613 25 31 0.012259682
791 0 22 16 0.012256282
778 579 6 10 0.012255224
410 190 16 20 0.012254053
307 618 12 17 0.012250277
407 196 15 19 0.012248847
804 0 21 16 0.012243227
617 601 13 14 0.012241086
799 641 9 13 0.012238229
52 599 11 17 0.0122380685
722 0 22 16 0.012236543
684 0 22 16 0.012230012
408 611 8 10 0.012229973
237 547 7 12 0.012229969
0 629 4 12 0.012228079
929 0 21 16 0.012225909
440 0 22 15 0.012225563
591 0 21 16 0.012223225
401 634 22 30 0.012221746
187 568 13 16 0.012218925
341 489 133 172 0.0122156255
406 320 13 16 0.012213438
839 584 11 13 0.012213318
241 730 9 9 0.0122081265
378 0 21 15 0.012205164
0 0 21 29 0.012201516
779 0 21 16 0.012200139
371 547 62 82 0.012199012
338 658 10 15 0.0121965
713 596 14 17 0.012195079
39 592 8 14 0.012192767
672 0 22 16 0.012191623
0 735 6 14 0.012188546
283 550 7 11 0.012182581
669 570 9 14 0.012181551
820 612 6 12 0.012158706
540 0 22 16 0.01215446
852 472 45 58 0.012147492
681 593 10 13 0.012147148
428 0 21 15 0.012142054
106 5 110 115 0.012140664
175 561 12 17 0.012139002
704 626 8 10 0.012137703
240 559 20 24 0.0121245375
150 545 17 22 0.012119456
603 0 22 16 0.012114393
174 584 11 21 0.012114379
203 627 14 17 0.012113625
0 53 171 451 0.012111523
729 644 10 15 0.012109531
153 493 19 33 0.0121006
917 0 21 16 0.012099555
557 256 83 105 0.012098375
768 328 72 79 0.012097837
177 645 23 30 0.012094374
827 611 9 14 0.012093801
732 652 10 12 0.012089155
701 633 7 10 0.012088353
578 0 22 15 0.0120849125
136 515 11 16 0.012083409
778 613 18 25 0.012081421
802 650 10 15 0.0120795965
587 626 19 25 0.012077111
505 579 9 12 0.012073663
404 123 20 24 0.012072999
765 654 10 10 0.012069157
7 274 92 146 0.012064211
613 618 15 16 0.012063963
553 0 22 16 0.012063081
787 599 8 11 0.012062607
106 530 25 31 0.012060125
0 757 6 14 0.01205965
581 657 11 16 0.012059619
0 819 32 43 0.012051627
474 579 10 12 0.012051076
417 638 17 23 0.0120496405
349 99 7 15 0.012049166
178 722 10 11 0.01204214
782 635 13 16 0.012040077
533 230 12 19 0.012039728
427 1 98 98 0.012037878
589 624 14 17 0.012036119
201 583 17 15 0.012032038
307 611 11 17 0.012022698
742 656 9 11 0.012016045
158 0 22 16 0.012009774
732 639 11 15 0.011985317
829 0 21 16 0.011984776
672 628 8 9 0.011984338
561 592 12 14 0.011981327
525 617 13 17 0.01198011
830 618 9 13 0.0119792875
565 0 22 16 0.01197667
746 605 10 15 0.0119755985
58 585 14 18 0.011973128
519 631 13 17 0.011966268
99 530 17 18 0.011963002
892 0 21 16 0.011959187
654 628 12 14 0.0119582005
637 687 10 12 0.011955842
116 528 10 12 0.011952047
634 567 20 26 0.011950315
323 652 17 20 0.01195019
100 0 364 427 0.011947205
836 593 11 14 0.011929361
653 593 20 25 0.011929204
1018 439 6 19 0.011925686
736 618 11 13 0.01192423
678 590 8 12 0.011920118
525 489 7 10 0.011918238
881 641 7 10 0.011917859
593 591 11 11 0.011917495
464 627 12 17 0.0119157
218 255 11 16 0.011912508
497 697 11 17 0.01190981
783 641 13 16 0.011909268
150 558 27 33 0.011906965
904 0 22 16 0.011902114
605 575 22 28 0.011896988
311 1 199 201 0.011892716
589 552 23 29 0.011891577
863 648 7 10 0.011891275
548 242 13 15 0.011882665
99 504 14 16 0.011880406
481 702 13 18 0.0118801445
612 608 9 11 0.011879581
1018 335 6 19 0.011878097
643 653 17 19 0.011875037
751 359 13 16 0.011871337
333 653 7 9 0.011868094
0 549 20 54 0.011867462
512 700 9 17 0.011862463
0 0 43 59 0.011856971
523 637 12 15 0.011856049
766 388 12 15 0.0118476655
304 24 43 65 0.011846585
0 296 83 218 0.011845922
681 615 7 10 0.011842235
650 673 13 17 0.011838027
722 567 19 25 0.011837885
207 612 16 18 0.011837706
1021 612 3 14 0.011831967
843 367 11 19 0.011829988
822 626 11 15 0.0118280295
766 382 15 16 0.011827353
1018 407 6 20 0.011824756
669 582 8 10 0.011824021
668 538 69 89 0.011822568
231 568 8 10 0.011822442
1018 429 6 20 0.011819775
391 129 8 10 0.011819702
762 410 18 15 0.011816131
1018 360 6 20 0.011815156
181 567 13 17 0.011814279
211 593 23 28 0.0118134795
942 0 21 16 0.0118087735
189 587 7 10 0.011804458
180 638 13 20 0.011802274
695 339 32 37 0.011800864
487 618 10 14 0.011797877
578 255 46 58 0.011792583
169 561 12 17 0.011788605
0 775 4 10 0.011787374
584 610 13 16 0.011786091
1018 376 6 19 0.011781587
0 723 6 14 0.011780539
412 121 18 23 0.011780023
598 645 10 12 0.011777852
680 575 5 9 0.011769404
183 591 14 23 0.011766838
860 621 16 21 0.011758626
879 0 21 16 0.0117584625
537 682 8 10 0.0117569575
1018 392 6 19 0.011755239
0 767 6 14 0.0117518855
1018 448 6 19 0.011745592
793 605 10 16 0.011744065
744 372 24 27 0.0117439125
1020 613 4 19 0.011738869
245 566 11 12 0.011734052
519 397 13 17 0.011731211
410 0 86 62 0.011729993
110 504 11 11 0.01172974
731 619 9 10 0.011727828
146 511 9 16 0.011726564
468 622 10 13 0.011725108
365 0 22 15 0.011723983
334 684 11 19 0.011723804
678 584 19 25 0.011723509
986 837 38 25 0.011721869
253 554 11 15 0.0117218355
517 393 12 18 0.011719
709 631 10 13 0.011718213
1018 351 6 19 0.011716317
543 237 10 14 0.011712463
767 605 10 14 0.011708714
747 355 9 11 0.011707879
224 546 8 12 0.011704781
577 597 12 15 0.0117037585
405 653 18 22 0.011702406
1018 417 6 19 0.011702069
1018 325 6 20 0.011695035
857 637 14 14 0.011693481
679 642 7 11 0.011690344
783 628 13 14 0.011688263
1018 520 6 19 0.011686634
687 599 9 11 0.011685004
619 570 9 11 0.011679569
181 597 40 54 0.011676802
602 616 11 17 0.011675634
237 442 78 115 0.0116722295
846 607 29 38 0.011670638
686 618 7 9 0.0116679175
468 598 14 16 0.011667519
419 120 13 17 0.011667218
508 703 15 25 0.011659103
863 132 161 260 0.011654225
781 399 12 14 0.011653743
35 510 327 352 0.011652651
1018 458 6 19 0.011652494
203 0 21 17 0.01165183
745 355 23 29 0.011649803
856 389 12 18 0.0116392
277 279 16 23 0.011637998
906 236 118 249 0.011634313
454 582 14 24 0.0116318045
515 498 17 29 0.011631314
416 0 20 15 0.011626353
91 512 29 32 0.011622735
180 710 10 15 0.011621696
364 694 7 9 0.011620744
777 571 11 19 0.011613873
610 508 8 12 0.011610327
1022 850 2 12 0.011608878
659 501 21 27 0.011607764
1018 511 6 19 0.011605346
791 626 20 26 0.011604285
670 575 7 10 0.01160306
368 645 18 22 0.011600401
792 634 7 9 0.011596599
792 370 9 12 0.0115947565
516 620 7 10 0.011593908
69 668 16 21 0.011593781
632 573 34 40 0.011590842
262 565 24 31 0.011588993
404 603 16 23 0.01158437
822 616 9 14 0.011582716
519 467 68 100 0.011575091
116 808 12 12 0.011571575
833 621 12 16 0.011570266
776 643 12 16 0.011569509
727 684 10 14 0.011568293
818 306 65 78 0.011565773
770 420 13 19 0.011563044
227 0 22 17 0.011561873
140 523 15 20 0.011561176
648 665 10 14 0.011554799
831 576 42 57 0.011551945
1018 316 6 20 0.011543796
669 639 8 10 0.011541667
667 628 17 23 0.011538704
866 0 22 16 0.011536461
629 603 7 10 0.011533761
741 336 22 31 0.01153306
380 423 143 201 0.011532623
674 587 8 11 0.011526316
538 235 10 15 0.011521792
323 672 17 17 0.011517753
389 135 15 19 0.011515248
85 522 20 25 0.011511459
799 431 15 19 0.011509939
239 565 11 14 0.01150573
854 667 11 16 0.011505265
954 0 22 16 0.011504547
407 618 6 9 0.0115031535
676 629 10 13 0.011498795
809 211 87 122 0.011497951
256 551 10 15 0.011490949
199 610 11 16 0.011490158
400 612 23 29 0.011485182
700 634 10 13 0.011483913
726 352 24 28 0.011482313
841 0 22 16 0.011475332
20 612 32 37 0.011475325
1018 291 6 19 0.011474854
555 547 373 315 0.011472605
0 729 6 14 0.011472014
194 182 8 11 0.011466784
375 600 7 11 0.011463528
754 375 22 25 0.011462327
650 541 32 44 0.011462203
1019 263 5 19 0.0114500495
776 630 7 10 0.011449889
893 496 11 16 0.011445962
594 569 13 16 0.011445656
859 643 10 13 0.011438379
156 539 34 46 0.011438035
831 474 26 28 0.011437595
102 498 66 76 0.011436646
18 670 50 66 0.01143554
740 369 14 17 0.011420029
152 172 20 27 0.011417996
818 496 16 19 0.011417386
830 653 6 12 0.011416448
611 615 10 12 0.011414403
242 598 12 16 0.011411923
460 0 179 120 0.011408915
390 0 21 15 0.011406804
243 556 7 11 0.011404962
1018 501 6 20 0.011403841
238 677 12 15 0.011399976
1019 238 5 19 0.0113966055
1018 200 6 19 0.011393488
227 313 149 213 0.01139043
641 516 71 89 0.0113881165
502 387 22 31 0.011386575
241 540 19 25 0.011386575
1018 489 6 19 0.011383972
173 544 72 98 0.011382923
414 117 8 13 0.01138246
1018 530 6 18 0.011382397
585 651 7 9 0.011381291
527 578 9 12 0.011376399
376 587 8 11 0.011376017
695 627 7 9 0.0113756675
282 287 15 21 0.0113750305
498 665 14 15 0.011374892
500 610 13 16 0.011374187
780 587 11 16 0.011374144
1018 476 6 20 0.011374071
335 695 10 19 0.011373417
271 544 9 12 0.011370025
373 597 6 9 0.011369657
860 604 9 15 0.011367658
1019 307 5 19 0.011363441
1019 229 5 18 0.011362676
602 624 23 30 0.011359741
1018 282 6 19 0.011354513
619 614 13 15 0.011351099
1021 334 3 14 0.011349361
1018 467 6 19 0.011347448
688 612 17 23 0.011346956
588 264 49 62 0.011342303
615 631 7 10 0.011339858
856 646 9 9 0.011337556
891 471 10 20 0.011335606
428 654 8 14 0.011334292
1021 203 3 13 0.011330945
779 412 9 11 0.011326999
413 640 7 10 0.011326346
409 169 18 22 0.011323707
628 294 41 51 0.0113228215
706 634 11 13 0.011321434
526 610 24 30 0.011320929
797 639 16 22 0.011320194
1021 234 3 14 0.011316311
1021 265 3 14 0.011315751
609 406 22 27 0.011315316
847 630 14 15 0.01131267
823 469 19 23 0.011312473
509 675 7 11 0.01131217
1021 240 3 14 0.011309408
1021 328 3 14 0.011307799
401 621 13 17 0.011303979
580 555 17 26 0.01130232
156 511 9 14 0.011299419
821 601 11 15 0.011296453
1021 341 3 14 0.011295608
417 656 12 15 0.011289676
870 630 8 10 0.011288676
748 333 13 23 0.011286725
411 201 15 19 0.011286477
4 202 84 135 0.011283803
164 532 7 11 0.011282118
1021 146 3 14 0.011265635
1021 209 3 14 0.011262713
440 610 22 29 0.011260519
494 596 13 14 0.011260291
281 565 13 18 0.011259256
1021 196 3 14 0.011254029
149 572 43 56 0.011252974
1017 629 7 15 0.011252183
687 628 9 13 0.011249608
674 641 9 14 0.011246429
1019 272 5 20 0.011241045
871 625 8 10 0.011240962
0 785 6 14 0.011240754
1021 228 3 14 0.011237845
854 0 22 16 0.011235884
60 400 261 303 0.011233245
807 628 7 10 0.011233023
338 676 10 15 0.011232439
155 530 9 13 0.011232415
1018 191 6 19 0.011229786
530 571 11 15 0.011228671
720 358 16 18 0.011228133
1019 254 5 19 0.011227871
648 619 9 11 0.0112239625
160 568 25 35 0.011223784
212 591 14 19 0.011221773
205 563 9 11 0.011221345
1021 293 3 14 0.011218226
225 646 11 15 0.011218108
1021 84 3 13 0.011217076
299 0 16 15 0.011216902
777 628 12 14 0.0112156235
731 599 17 23 0.011211469
277 568 8 12 0.011208746
898 478 33 54 0.011205525
1021 322 3 14 0.011204946
1019 144 5 18 0.011202795
684 596 10 13 0.011202131
1021 259 3 14 0.01119954
1021 247 3 13 0.011198805
704 630 8 10 0.011193319
602 637 23 29 0.0111928005
403 0 21 15 0.011190242
577 648 10 12 0.011186442
466 587 9 12 0.011185318
620 666 7 10 0.0111831855
1019 166 5 18 0.011181516
1021 300 3 14 0.011181061
1019 210 5 19 0.0111783985
1021 287 3 14 0.0111761885
229 606 12 17 0.011173323
777 597 8 11 0.011170955
1021 140 3 14 0.011167472
503 499 22 28 0.011165719
556 571 39 49 0.011165711
379 0 43 29 0.011165126
1018 539 6 19 0.011162994
385 608 19 24 0.011162932
1018 182 6 18 0.01116101
832 644 9 15 0.011160602
128 497 22 28 0.011159201
819 620 7 10 0.011152307
677 333 42 47 0.011146039
76 524 23 27 0.011137698
1021 106 3 13 0.011134534
1019 219 5 19 0.011133975
807 611 10 16 0.011133355
1021 184 3 14 0.011132495
841 484 13 16 0.011130981
588 650 11 15 0.011125492
168 554 12 18 0.011119639
594 581 8 10 0.01111888
67 587 33 37 0.011116702
784 409 8 9 0.011114762
652 641 14 14 0.011114237
622 598 8 10 0.011113813
732 337 17 20 0.011113805
1021 168 3 14 0.011112512
292 616 11 15 0.011108577
0 640 12 23 0.011107219
13 608 61 76 0.011106754
425 208 17 22 0.011105972
1021 316 3 13 0.011104428
1021 272 3 13 0.011102658
790 635 10 14 0.01110122
626 656 11 12 0.01110116
869 393 12 18 0.011098762
1021 347 3 14 0.011096899
699 616 17 21 0.011094587
121 0 20 16 0.011094248
582 604 14 17 0.011092145
1021 134 3 13 0.011091864
533 670 10 13 0.0110908225
1019 135 5 18 0.011085261
255 541 12 18 0.011083368
373 620 18 24 0.011081867
33 599 14 19 0.011075165
621 401 77 96 0.011072908
236 267 15 18 0.011070691
90 502 25 28 0.011069514
1019 82 5 18 0.011067678
482 696 9 14 0.011064095
1021 306 3 14 0.011063629
416 639 12 15 0.011060734
569 595 9 10 0.011060666
448 493 59 84 0.011057937
1021 90 3 13 0.011057127
671 578 8 11 0.011055222
146 206 22 26 0.011052156
857 666 15 20 0.011051506
424 711 16 23 0.011050729
0 602 3 10 0.011049285
1021 281 3 14 0.0110485125
1021 222 3 13 0.011047216
469 362 310 375 0.01104713
590 610 23 30 0.011044423
227 252 17 22 0.011044266
371 593 13 19 0.011041851
38 472 135 171 0.011041364
1021 190 3 14 0.011038927
773 640 7 9 0.011036874
248 702 21 28 0.011034353
1021 215 3 14 0.01103265
846 474 28 35 0.011032203
230 572 14 18 0.011029142
32 600 10 12 0.011027897
430 0 11 11 0.011027025
206 247 17 22 0.011025523
244 602 13 15 0.011023587
186 611 12 14 0.011022706
707 633 8 10 0.011022003
660 556 35 49 0.011021551
151 781 108 81 0.0110191805
162 671 10 15 0.0110191535
313 611 11 17 0.0110180285
1021 363 3 14 0.011016691
614 281 46 59 0.011015067
501 699 12 16 0.011014043
550 588 9 12 0.011009195
1021 78 3 13 0.011007361
513 619 8 10 0.011007306
304 1 40 48 0.011005785
676 638 12 15 0.0110034775
408 662 12 15 0.011002582
596 607 10 13 0.011002295
204 208 21 27 0.01099735
220 579 21 27 0.010993745
763 652 9 11 0.010992947
644 675 18 31 0.0109902695
666 470 82 111 0.010985763
142 0 16 12 0.010983898
243 727 10 12 0.010983303
1021 253 3 14 0.0109824445
76 513 23 28 0.01098024
107 771 16 30 0.010972856
368 601 16 24 0.010972788
1021 128 3 13 0.0109683275
967 0 21 16 0.0109680705
549 570 9 10 0.010967152
780 589 6 11 0.010965016
842 389 12 18 0.010964816
590 567 10 12 0.010964686
1019 104 5 18 0.0109645175
840 382 12 18 0.01096193
772 645 10 14 0.0109617375
1021 356 3 14 0.010957727
105 531 11 12 0.0109564895
6 555 40 47 0.010955172
152 543 12 16 0.010954677
822 631 12 15 0.010951167
1019 119 5 18 0.010947877
373 608 18 24 0.010947853
239 596 12 15 0.010947087
475 616 8 11 0.010944467
388 131 12 16 0.0109444605
613 587 9 10 0.0109423855
797 372 14 17 0.010941344
374 651 19 21 0.010938725
1021 178 3 13 0.010936343
1021 100 3 13 0.010929524
1021 68 3 13 0.010926451
271 674 8 11 0.010925245
519 620 8 12 0.010920438
1021 162 3 14 0.010920317
0 385 51 138 0.010919516
576 645 8 12 0.010918387
387 609 10 13 0.010917309
620 543 64 81 0.010916931
546 248 10 14 0.01091402
598 606 6 9 0.010911711
289 593 11 16 0.0109069515
392 183 18 23 0.010905008
539 608 12 14 0.010905001
1019 157 5 18 0.010904876
653 496 21 28 0.010902444
582 556 35 44 0.01090036
793 424 19 25 0.010900209
1021 153 3 13 0.01089937
108 506 9 11 0.0108977435
18 716 175 146 0.010897335
697 538 14 19 0.010896521
1021 112 3 13 0.010896407
656 506 14 18 0.010893305
126 27 203 239 0.010887998
863 589 8 15 0.0108854575
819 607 8 12 0.01088483
1021 121 3 14 0.010884723
458 0 11 11 0.010883614
1020 371 4 17 0.010882704
845 615 11 13 0.01087824
652 664 18 30 0.010877813
837 419 36 44 0.01087262
520 613 10 13 0.0108700255
681 637 8 9 0.010868368
550 0 107 115 0.010868343
157 664 14 18 0.010866878
167 709 7 10 0.010865682
228 664 23 24 0.010864673
481 623 12 18 0.010864234
1021 378 3 14 0.010860391
801 619 12 16 0.010860196
712 635 10 12 0.010857037
859 466 12 17 0.010856273
1019 91 5 18 0.010853558
726 636 8 10 0.010853339
14 602 10 14 0.010850473
757 655 10 11 0.010850293
1021 46 3 13 0.010849977
408 605 9 12 0.010847901
523 393 13 17 0.010847503
721 596 11 15 0.010847146
649 47 201 225 0.010844864
197 631 22 27 0.010840042
511 0 11 11 0.010837466
771 513 60 85 0.010835219
1020 723 4 18 0.010834172
35 852 29 10 0.010832484
866 445 24 30 0.010827949
520 389 12 18 0.010820191
224 629 13 22 0.010819351
600 518 24 30 0.010818223
706 73 98 148 0.010817998
238 602 13 15 0.010816432
740 619 11 12 0.010815447
564 564 13 16 0.010815069
522 640 16 20 0.0108141
568 245 43 56 0.010811893
0 587 7 15 0.010801719
730 0 12 11 0.010799728
105 737 13 12 0.0107981
6 681 25 40 0.010798006
451 13 101 117 0.010791898
6 618 14 15 0.0107901385
236 599 12 15 0.010788558
150 838 16 12 0.0107874
509 605 34 44 0.010786979
723 361 37 43 0.010783865
890 313 20 36 0.010783607
107 201 14 17 0.010779722
239 550 8 12 0.010778315
803 483 7 14 0.0107722655
1019 72 5 18 0.010770618
174 581 28 39 0.010770017
587 636 17 23 0.010769849
1019 40 5 19 0.010769498
580 607 19 24 0.010767329
1020 402 4 17 0.010763836
692 553 38 50 0.010763766
625 612 19 24 0.010756532
210 539 14 16 0.010754669
423 0 11 11 0.010754033
117 733 165 129 0.010753495
1020 592 4 21 0.010749329
417 0 11 11 0.010748818
336 679 9 16 0.010746732
373 600 6 10 0.010745616
845 373 12 18 0.010744491
1019 2 5 21 0.010740087
733 559 12 17 0.010739607
726 640 9 11 0.010732822
651 579 8 10 0.010731553
5 644 33 49 0.010728671
1021 40 3 13 0.0107263
214 608 15 17 0.010724317
724 560 28 39 0.010724073
370 643 12 14 0.010723835
550 564 33 38 0.010722124
154 0 17 12 0.010720622
397 137 9 12 0.010720559
464 0 11 11 0.010719612
659 486 22 32 0.010714981
1020 383 4 17 0.0107148085
860 389 13 18 0.010714355
532 623 12 17 0.0107134115
885 473 11 19 0.010712091
778 395 11 16 0.010708698
1019 63 5 18 0.010708535
331 672 11 12 0.010708063
1017 707 7 18 0.010707139
755 0 12 11 0.010705556
756 82 206 234 0.010705466
827 637 9 12 0.010705111
678 575 10 16 0.010704675
750 366 13 16 0.010700584
655 50 99 146 0.010699819
959 568 65 122 0.010698698
1021 62 3 13 0.010697825
680 0 12 11 0.0106972875
452 0 11 11 0.010696627
682 580 10 14 0.010696289
4 623 24 28 0.010696135
450 600 10 15 0.010693505
826 605 10 14 0.010691536
746 405 18 15 0.010690602
819 609 16 26 0.010689311
756 73 98 148 0.010685184
605 0 11 11 0.010685181
673 569 9 16 0.01068473
759 378 15 15 0.010684373
801 618 8 13 0.010683016
946 232 78 169 0.010682943
979 0 22 16 0.010679664
624 0 17 12 0.010678818
736 0 12 11 0.010678799
405 172 23 32 0.01067841
724 363 15 17 0.01067802
219 522 66 80 0.010677181
1021 444 3 14 0.010677063
759 736 217 126 0.010676174
754 340 59 66 0.010675152
174 718 12 13 0.010674668
57 603 23 31 0.0106742745
398 188 18 23 0.010672585
44 839 38 23 0.010668985
233 673 12 13 0.010668666
868 386 12 18 0.010662776
76 727 15 21 0.010662383
786 367 13 18 0.0106623
445 0 11 11 0.01066101
810 605 10 16 0.010655569
1020 424 4 17 0.010653769
869 376 11 17 0.010652912
118 852 26 10 0.010652619
636 0 18 12 0.010652086
0 781 4 10 0.010648437
735 342 21 27 0.010646709
218 660 11 16 0.010643057
9 596 11 16 0.010639662
412 134 34 51 0.010638871
525 631 13 17 0.01063821
670 628 7 9 0.010637379
360 120 5 9 0.010637378
491 567 22 29 0.010636551
127 14 49 60 0.010636238
187 637 10 17 0.0106347315
183 576 40 53 0.010634121
0 197 5 13 0.010631165
195 557 12 15 0.010629249
853 367 12 19 0.010623171
865 639 8 10 0.010622654
454 602 7 10 0.010622448
393 611 10 14 0.010620595
746 0 11 11 0.010616611
517 0 12 11 0.010616084
374 0 17 12 0.010616084
871 615 10 13 0.010614002
543 560 65 81 0.010612648
531 605 8 9 0.010612493
702 0 12 11 0.010612238
414 195 9 12 0.0106112035
946 0 12 12 0.010609682
678 645 8 15 0.010608724
760 327 48 51 0.010608027
501 703 7 10 0.010606894
494 488 36 44 0.010604659
405 0 42 30 0.01060127
657 623 7 10 0.010598031
770 359 13 19 0.010596474
200 122 37 51 0.010595542
1019 16 5 18 0.01059347
593 0 11 11 0.010591356
493 603 13 14 0.010591037
0 571 31 44 0.010590082
647 678 12 18 0.01059008
411 133 8 11 0.010589654
625 605 9 11 0.010587861
1021 394 3 14 0.010587853
499 0 17 12 0.010586734
9 632 27 35 0.010580944
140 664 15 19 0.010578508
52 583 8 13 0.010576051
516 403 12 16 0.010572125
606 578 13 14 0.010572068
1021 438 3 14 0.010571192
674 0 11 11 0.010571017
667 572 17 27 0.010569801
1018 549 6 18 0.01056829
1021 410 3 14 0.0105673475
248 605 13 16 0.0105668325
286 294 16 18 0.010564129
0 745 6 14 0.010563018
646 672 10 15 0.010559914
594 517 13 15 0.010558449
831 528 13 14 0.010558072
488 614 7 9 0.01055754
486 0 18 12 0.010555448
333 213 123 158 0.010554784
404 131 11 13 0.010554383
408 0 10 11 0.0105541665
872 586 8 12 0.010552034
611 0 18 12 0.010551607
641 667 12 15 0.010551468
130 588 47 58 0.010550082
333 0 144 95 0.01054891
430 0 43 31 0.010545023
646 511 13 16 0.010543942
558 0 11 11 0.010543897
451 606 12 14 0.010543069
268 546 10 14 0.010542923
514 628 12 17 0.010538009
738 688 12 12 0.010537671
639 304 42 50 0.010535617
409 615 7 9 0.0105354125
519 636 8 11 0.0105326325
869 366 11 19 0.010526786
842 590 24 31 0.010525011
581 512 23 29 0.010523928
814 475 27 30 0.010523269
0 756 4 10 0.01052303
11 617 12 14 0.010521864
588 453 76 108 0.010521781
197 613 30 35 0.010519077
524 486 7 9 0.010516581
405 601 10 13 0.010514575
812 0 11 11 0.010513952
232 603 12 16 0.010513614
436 0 11 11 0.010513572
952 0 13 12 0.010512858
803 655 8 11 0.010511515
839 591 12 14 0.010511451
651 578 12 15 0.010509546
1019 50 5 18 0.010507868
600 0 108 116 0.0105073545
580 538 17 26 0.0105036525
94 537 17 19 0.0105028255
494 616 13 17 0.010501748
148 538 12 15 0.0105002085
164 524 20 27 0.01050015
540 412 23 32 0.010498224
398 178 18 23 0.010497078
680 541 25 29 0.010496664
70 620 31 34 0.010495946
846 408 39 49 0.010495497
649 670 8 13 0.010495426
68 550 34 42 0.010493493
0 708 20 56 0.010489935
219 78 24 33 0.010488889
1021 419 3 14 0.010487838
799 0 12 11 0.010487482
564 0 12 11 0.010487123
607 619 8 11 0.010487067
603 527 11 12 0.01048617
524 602 11 14 0.010485797
0 662 8 21 0.010485725
206 624 24 27 0.010484076
353 149 26 35 0.010479485
807 74 97 146 0.010478719
212 615 18 18 0.010475833
449 0 305 194 0.010475245
60 593 15 23 0.010474805
552 0 11 11 0.010473977
532 645 12 15 0.010473799
524 0 17 12 0.010471439
28 590 11 12 0.010470659
431 336 12 14 0.010468856
412 652 7 11 0.0104683405
1021 53 3 13 0.01046766
762 0 11 11 0.010461779
387 604 11 12 0.010461171
783 0 12 11 0.010456881
786 663 9 9 0.010456805
851 0 110 115 0.010456719
649 0 18 12 0.010456713
744 351 10 14 0.010453716
606 8 196 216 0.010453081
394 542 129 151 0.010449555
768 637 11 13 0.010448024
323 25 37 58 0.010447318
311 0 16 14 0.010445059
451 594 10 13 0.010440964
1021 432 3 14 0.0104381265
134 490 14 15 0.0104378965
735 565 7 9 0.010437768
194 566 37 45 0.010437764
400 123 39 51 0.0104344115
305 0 19 20 0.010433469
474 0 17 12 0.0104307765
79 788 91 74 0.010429826
934 0 11 12 0.010429203
830 607 7 9 0.010428798
661 0 12 11 0.010428666
665 493 22 31 0.010427376
112 733 14 15 0.010427168
502 622 24 31 0.0104262605
777 0 12 11 0.010425712
827 601 11 14 0.010425338
668 0 11 11 0.010421539
628 24 102 147 0.010414941
768 0 11 12 0.010414454
0 428 5 14 0.010411835
1021 450 3 14 0.010411424
220 586 13 16 0.0104109
877 640 8 10 0.010410536
129 0 17 12 0.0104098935
583 548 11 18 0.010402869
179 558 19 24 0.010400234
799 0 109 116 0.010399732
72 610 54 51 0.010398446
113 0 48 52 0.010393838
725 0 11 11 0.010393604
746 370 14 15 0.010393259
51 297 102 149 0.010392551
821 502 16 22 0.010392339
221 94 22 31 0.010391994
47 28 202 244 0.010391626
64 587 14 26 0.010389546
161 503 8 13 0.010389293
517 623 7 11 0.0103873545
507 307 25 35 0.010384536
718 600 16 20 0.01038234
584 646 10 13 0.01038231
718 0 11 12 0.010381607
245 596 12 15 0.010379396
835 324 65 80 0.010378286
149 36 28 37 0.01037752
536 0 18 12 0.010375404
359 125 18 24 0.010374454
1019 25 5 18 0.010373045
740 340 12 19 0.010372761
516 643 12 15 0.01037269
21 577 20 24 0.010372214
759 215 86 113 0.010371244
412 646 8 11 0.010370918
724 614 16 20 0.010370715
78 538 40 48 0.010370714
710 187 87 119 0.010370654
845 620 9 11 0.010368676
164 571 11 17 0.010367499
539 679 9 15 0.01036729
50 573 12 20 0.0103661
252 567 26 30 0.010363582
166 699 8 15 0.010362819
20 585 16 20 0.010361963
489 622 25 33 0.010360278
510 403 12 16 0.010359295
489 661 17 18 0.010358849
1021 24 3 13 0.010357356
793 0 11 11 0.010356493
712 0 11 11 0.010355636
806 0 11 11 0.010355207
420 661 12 15 0.010355097
589 537 24 30 0.010353728
599 0 11 11 0.010352742
702 345 42 45 0.010352331
701 623 8 10 0.010349602
252 529 24 31 0.010347853
672 612 15 21 0.010347159
920 553 104 188 0.010346803
779 634 21 27 0.010346461
892 465 14 24 0.010343909
554 243 12 16 0.010343788
687 0 11 11 0.010339101
0 37 6 14 0.010336578
760 456 10 15 0.010334126
0 316 6 14 0.010334022
375 650 13 15 0.010333338
53 593 8 16 0.0103313215
755 354 13 19 0.010330336
18 600 12 13 0.010329682
251 602 12 15 0.010329119
470 0 11 11 0.010326794
126 515 10 13 0.010323711
546 0 10 11 0.0103203505
586 0 11 11 0.010318685
855 382 12 19 0.010318006
731 615 16 19 0.010317509
0 132 7 13 0.010317157
848 470 11 14 0.010315779
536 573 7 9 0.010314704
381 173 25 33 0.010312234
482 367 23 33 0.010311513
732 331 14 19 0.010308255
830 371 11 19 0.0103055695
106 775 11 13 0.010304702
781 589 16 20 0.010304567
183 632 12 20 0.010302676
769 592 16 23 0.010302481
404 335 7 9 0.010301573
1021 18 3 13 0.01030098
380 568 24 32 0.010299894
850 489 14 14 0.010297752
353 308 11 16 0.010294735
858 528 9 15 0.010292587
18 823 62 39 0.010292553
578 602 11 14 0.010291385
693 0 17 12 0.010289088
840 372 12 19 0.010287363
940 0 12 12 0.010287276
627 479 23 32 0.010284157
284 551 12 15 0.010283782
165 53 16 22 0.010283325
1020 632 4 12 0.010283119
510 394 12 17 0.010282395
176 573 24 32 0.010281835
1021 34 3 13 0.010281723
832 181 93 133 0.010278002
928 0 11 11 0.010277436
595 531 36 49 0.010275187
685 624 8 10 0.01027499
131 662 21 25 0.010273022
444 610 14 18 0.010272863
622 673 8 10 0.01027178
754 611 20 23 0.010270645
263 413 24 36 0.010270143
1021 457 3 14 0.010266406
515 636 12 16 0.01026631
641 703 19 35 0.010266206
211 72 26 35 0.010265214
92 0 42 32 0.010262803
623 662 11 15 0.010262045
671 263 300 372 0.010260316
777 419 12 19 0.010257527
392 344 17 24 0.010254767
773 634 7 9 0.010254238
818 0 12 11 0.010252981
777 582 12 16 0.010252916
705 585 18 26 0.010248151
469 626 8 12 0.0102479765
192 0 50 57 0.010244426
701 0 110 116 0.010241682
581 648 10 13 0.010239619
526 389 12 18 0.010238147
571 0 11 11 0.010237768
470 642 13 16 0.010235961
0 572 7 20 0.010235937
750 0 110 116 0.010235153
585 414 21 28 0.010234865
107 384 85 127 0.010231195
222 0 19 13 0.01023002
209 411 85 127 0.010229384
208 546 72 95 0.010229316
195 621 21 25 0.010226235
590 403 78 99 0.010226207
646 611 33 43 0.010225139
543 671 8 14 0.010223929
762 366 12 15 0.010223909
1021 12 3 13 0.010223326
861 585 16 21 0.010221925
652 577 22 29 0.010221539
810 479 39 44 0.010219416
532 575 7 10 0.010218569
6 851 27 11 0.010217349
553 573 8 9 0.0102170715
0 231 6 14 0.010216521
824 0 18 12 0.010214797
839 611 17 23 0.010214706
201 613 15 17 0.010211434
248 599 12 15 0.010210328
160 44 26 35 0.010208888
823 638 11 15 0.0102037005
287 0 14 9 0.010203298
786 606 16 21 0.01020201
0 693 7 15 0.010200803
542 565 18 21 0.0102004
496 704 12 17 0.010200248
959 0 12 12 0.01019983
633 0 11 11 0.010199119
479 574 18 23 0.010198224
9 692 9 15 0.010195076
812 620 6 9 0.010194546
402 637 11 13 0.010194213
0 788 3 9 0.010192406
832 612 7 11 0.010191943
721 630 11 16 0.01019068
155 495 14 18 0.010190211
211 618 23 26 0.010189747
840 0 11 11 0.010187692
732 600 10 11 0.01018762
736 554 36 51 0.010185211
310 638 17 20 0.010183687
644 682 9 13 0.010180435
940 418 84 174 0.010179697
922 0 11 11 0.010179246
266 0 63 62 0.010178787
704 637 8 9 0.010177569
242 592 12 16 0.010177251
506 397 13 17 0.010175169
39 223 294 388 0.010174258
416 202 22 27 0.010172706
206 547 8 11 0.010172061
739 594 12 16 0.0101702195
1019 574 5 18 0.010167739
401 0 11 11 0.010167151
685 0 260 165 0.010167072
273 665 23 23 0.010166359
574 0 17 12 0.010165501
137 0 14 10 0.010163022
453 590 31 39 0.010160519
404 707 10 14 0.010160337
378 585 9 11 0.01015686
18 852 30 10 0.01015678
524 386 11 16 0.010153602
763 646 14 16 0.01015265
765 422 13 18 0.010151379
22 595 11 13 0.010151025
814 622 9 13 0.010150803
532 574 41 50 0.0101500675
117 807 23 16 0.010148279
915 0 12 11 0.0101469075
242 674 13 15 0.010137609
825 610 17 27 0.010135981
717 670 13 24 0.01013558
661 500 12 18 0.010134284
192 441 107 150 0.01013362
591 601 8 10 0.010133074
356 0 88 62 0.010130691
353 86 7 10 0.0101303
842 435 24 29 0.010130118
916 402 24 36 0.010130064
546 405 23 34 0.010129936
0 726 12 26 0.01012962
782 364 12 18 0.0101289945
181 666 16 13 0.010127135
709 471 77 107 0.010126473
750 362 8 10 0.010126416
665 507 21 26 0.010126345
533 0 11 11 0.010126246
711 345 27 31 0.010124551
519 633 8 9 0.010120879
0 596 4 10 0.010117615
213 536 13 14 0.010116283
0 737 3 10 0.010115595
859 207 93 132 0.010112596
620 644 13 15 0.010112504
857 565 12 19 0.010112041
600 507 22 26 0.010111944
1020 496 4 17 0.010107813
496 0 11 11 0.0101077305
503 606 10 12 0.010107638
276 570 23 31 0.010107385
654 678 15 18 0.010106977
950 131 74 161 0.010106455
176 2 190 200 0.010105249
493 622 10 12 0.010102752
227 0 111 107 0.0101023335
594 517 67 88 0.010100361
479 35 96 123 0.010098798
610 94 183 215 0.010098447
402 182 22 27 0.010098168
787 249 82 108 0.010097124
172 552 18 24 0.010096586
386 0 17 12 0.010094111
700 545 12 17 0.010093875
965 0 12 12 0.010093576
455 0 43 32 0.010092632
682 609 7 9 0.010091193
1021 466 3 14 0.010090337
771 604 7 10 0.0100898845
162 549 12 17 0.010089705
177 713 11 15 0.0100895
651 0 108 117 0.010088851
427 702 12 20 0.010086917
65 713 70 96 0.010085043
653 479 22 32 0.010083388
609 524 8 12 0.010083359
766 616 13 17 0.010082769
769 664 8 9 0.010082285
829 388 13 19 0.010082248
755 557 11 16 0.010081418
539 668 8 13 0.010081398
63 671 18 22 0.010080541
417 712 18 18 0.010068562
799 439 13 17 0.010068225
158 533 8 13 0.010067967
757 410 10 9 0.010065676
75 238 103 143 0.01006461
0 87 134 239 0.010063447
852 599 13 15 0.010062449
679 535 20 26 0.010057907
865 382 12 18 0.010057053
335 651 11 14 0.010055742
301 638 21 24 0.010052058
1021 507 3 14 0.010051024
511 736 16 19 0.010049835
201 606 16 18 0.010049587
1019 484 5 16 0.010047881
256 563 16 16 0.01004723
692 564 18 28 0.010044564
834 601 11 14 0.010040877
370 641 8 12 0.01004081
212 88 24 31 0.01004011
621 0 10 11 0.01003998
822 493 15 17 0.010036802
12 609 15 19 0.010035613
220 0 24 23 0.010033586
776 655 13 15 0.010032035
662 586 30 40 0.010031782
313 124 10 14 0.010030442
874 455 17 22 0.010018427
498 605 12 14 0.010016766
516 583 74 94 0.010015606
513 407 12 15 0.010014367
464 635 25 34 0.0100130625
112 811 8 10 0.010009753
603 564 21 27 0.010008073
535 605 19 24 0.010006749
619 599 8 9 0.010004501
545 232 12 16 0.010003414
169 840 9 9 0.010002696
319 3 40 54 0.010002527
1021 472 3 14 0.010001369
492 615 11 12 0.010000713