8_Election_Campain_Election_Campaign_8_32
3580
222 261 27 34 0.84693235
467 280 27 33 0.8374441
662 275 26 33 0.8262249
560 305 23 29 0.81999
615 293 24 29 0.81865317
362 286 25 31 0.8180495
108 239 28 34 0.8145485
951 272 26 31 0.8076732
321 291 24 30 0.8058524
791 289 26 32 0.80189645
872 289 26 29 0.7925975
723 277 22 29 0.7845727
33 260 26 34 0.7634274
912 261 32 40 0.7336919
957 253 22 25 0.53549206
955 262 24 32 0.302956
989 252 21 27 0.25704503
420 328 18 23 0.23786691
51 258 16 28 0.21259792
993 254 14 17 0.0849532
45 265 17 23 0.08259876
962 252 28 30 0.079938106
1016 377 8 15 0.07972095
157 392 16 21 0.078295864
425 331 11 14 0.075667806
887 517 9 9 0.07155082
699 506 9 10 0.06978853
731 278 19 24 0.06946805
927 508 23 28 0.067521445
18 499 22 21 0.0673735
57 260 17 27 0.06536867
119 247 22 26 0.06276823
959 299 14 15 0.061470997
130 252 13 17 0.057485443
1013 516 11 13 0.055732578
964 262 20 23 0.055610225
46 273 12 20 0.054419205
57 263 10 20 0.05435512
970 260 12 18 0.054174412
417 331 25 30 0.05360492
418 298 11 14 0.053390533
411 336 10 13 0.052731246
139 500 8 10 0.051540766
411 331 17 19 0.050019603
350 292 20 27 0.04902743
419 333 11 16 0.048955213
342 317 9 10 0.047459047
1003 495 19 19 0.047445618
191 250 16 19 0.04722561
421 514 13 11 0.047068015
125 251 22 28 0.046349283
534 534 9 10 0.045729615
419 337 16 21 0.04543326
356 297 10 15 0.045404658
966 0 15 12 0.04480624
1013 508 11 16 0.04426845
919 269 34 39 0.04416297
750 495 14 12 0.04298774
423 322 20 25 0.042774662
425 333 17 21 0.042719696
952 250 21 22 0.042507008
954 281 29 37 0.04250064
947 253 27 33 0.04242223
422 329 11 15 0.042104516
994 246 26 35 0.041886732
662 498 9 9 0.041653533
354 250 16 21 0.04163399
569 311 23 27 0.041199088
921 508 12 17 0.041152716
961 248 19 20 0.041123237
739 279 13 19 0.041122906
525 378 22 30 0.04060524
909 276 31 39 0.04015191
390 344 14 14 0.039867036
669 284 23 27 0.039654687
725 282 28 35 0.03881203
188 526 16 19 0.038768057
52 271 15 25 0.038739443
327 305 19 24 0.03801466
357 294 21 23 0.038007036
696 503 9 11 0.037606347
194 531 10 12 0.03738366
956 240 27 35 0.03726538
862 383 13 15 0.037255444
414 339 11 15 0.037188053
1011 424 11 13 0.03703007
0 529 21 27 0.036934868
131 258 12 18 0.036930487
373 539 12 15 0.0368505
514 512 14 15 0.036725227
755 545 11 10 0.03669524
401 397 14 19 0.03668652
22 253 30 37 0.036304872
320 518 14 17 0.036148917
656 283 27 33 0.035796586
348 302 19 26 0.03505669
928 273 20 26 0.03478521
574 321 21 26 0.034738824
355 299 7 10 0.03444032
890 284 22 27 0.034436677
1011 533 13 23 0.03426154
117 499 14 14 0.034076262
338 318 11 14 0.034019973
904 528 14 14 0.03392836
882 511 18 19 0.033790465
0 77 8 21 0.033782434
795 0 22 18 0.033709202
367 488 15 14 0.033653993
209 263 31 39 0.033566184
994 262 16 22 0.033564754
937 507 22 27 0.0332268
582 324 10 15 0.03321847
56 256 14 23 0.03313664
929 0 95 108 0.03312541
529 372 15 26 0.033090793
172 375 9 11 0.033082176
447 0 18 13 0.03292728
0 42 18 38 0.03292499
977 244 37 44 0.032901738
883 287 30 36 0.032824997
961 0 15 16 0.032634933
865 509 13 16 0.032505743
884 513 11 12 0.032496355
677 276 29 38 0.03245571
900 521 20 22 0.03239587
537 501 11 12 0.032361954
1001 537 21 19 0.03224247
730 301 13 18 0.032092076
48 255 14 23 0.032057572
53 248 25 37 0.0319416
919 506 23 28 0.031912137
315 299 29 37 0.03189476
115 504 10 10 0.031728353
1014 246 10 28 0.031596992
412 342 9 11 0.031509787
718 269 23 32 0.031487107
24 0 23 26 0.03145671
540 0 31 25 0.031317
21 268 26 30 0.03130953
948 244 39 53 0.031211369
564 294 28 38 0.031007422
962 266 29 39 0.030951105
0 33 33 50 0.030922309
645 283 21 27 0.030840987
643 274 34 41 0.030811083
873 541 12 14 0.030719161
911 249 27 39 0.030520892
700 502 8 10 0.030501714
1015 103 9 14 0.030395778
37 272 17 22 0.030371178
645 294 19 26 0.030364862
128 261 20 27 0.030211614
938 275 19 25 0.030198164
904 281 23 29 0.029973589
259 404 19 32 0.02993802
894 276 19 27 0.029887248
515 381 26 32 0.029840278
926 510 13 17 0.029839251
828 506 13 16 0.029776894
909 526 10 12 0.029749008
669 524 15 13 0.029727912
702 260 32 42 0.029681813
861 0 163 155 0.029529095
873 268 33 44 0.0294694
983 240 25 32 0.029462904
865 514 10 13 0.029420655
248 505 8 9 0.029411567
801 0 25 21 0.02938651
769 0 50 45 0.029361054
423 327 32 35 0.029346094
566 513 8 10 0.029307805
574 323 13 16 0.02930217
866 297 25 29 0.029291965
1017 516 7 10 0.029288126
960 278 18 21 0.029259074
2 345 66 70 0.029193537
1004 504 18 21 0.029145742
968 72 17 20 0.029143939
735 271 16 23 0.028964572
903 0 25 39 0.028784499
134 249 12 18 0.028768362
328 285 26 32 0.028743174
882 289 17 22 0.028640658
331 297 16 21 0.028319824
115 256 24 30 0.02824338
0 0 13 19 0.028045489
918 503 35 45 0.028015226
53 301 11 14 0.027939072
924 255 27 34 0.027857905
360 298 31 40 0.027841128
1013 379 8 11 0.027792491
48 281 12 18 0.027771398
54 267 11 19 0.027760888
208 281 21 27 0.02773045
932 279 12 18 0.027722636
989 259 24 34 0.027684825
156 398 19 26 0.027653566
971 0 13 9 0.027643517
951 294 26 32 0.027611839
9 495 37 40 0.027588163
728 270 19 26 0.027562084
38 248 30 41 0.027513918
136 502 8 9 0.02744237
413 524 16 14 0.027412828
391 351 11 14 0.027301313
630 291 25 31 0.027227864
369 280 20 30 0.02712411
969 132 12 15 0.027014758
396 492 18 20 0.026944563
891 433 20 25 0.026723545
533 372 11 18 0.026691828
661 292 27 35 0.026634624
981 254 22 26 0.026613912
311 283 29 38 0.026587157
218 275 25 30 0.0265162
476 289 20 23 0.02649012
622 289 19 25 0.026351243
616 277 30 40 0.02629559
0 25 18 39 0.026278798
726 287 16 21 0.026254615
570 0 14 11 0.026239185
901 529 21 24 0.02617775
179 0 20 40 0.026112346
783 0 35 28 0.026072118
993 507 31 47 0.02588242
990 117 15 15 0.025881147
52 262 28 38 0.025875598
238 501 8 9 0.02585342
120 236 25 30 0.0257874
192 251 22 26 0.02574597
947 273 21 24 0.025735883
123 516 8 9 0.025673134
470 291 27 34 0.025600452
797 302 21 25 0.025596753
205 497 10 12 0.025583213
860 429 27 30 0.025580592
685 292 20 27 0.025553884
719 282 17 21 0.025546726
898 131 12 17 0.025533877
991 253 11 13 0.025491565
118 496 10 13 0.02549082
343 291 34 40 0.02546107
21 501 9 11 0.025453307
503 498 11 13 0.025444573
677 278 18 24 0.025435384
890 7 38 62 0.025412664
804 298 15 19 0.025410073
0 0 22 34 0.025395231
102 248 26 30 0.02538808
617 302 29 35 0.025358047
222 279 32 39 0.02532545
54 533 22 22 0.025232835
990 61 12 13 0.02523262
590 0 9 11 0.025190108
869 506 12 15 0.025187349
418 329 9 16 0.025144288
1019 379 5 10 0.025090663
0 14 18 34 0.025050377
996 247 17 22 0.024995806
63 543 12 12 0.024990218
228 537 19 19 0.024989653
228 484 93 72 0.024959264
663 289 17 20 0.024955267
946 504 12 13 0.024838248
138 524 13 15 0.02483293
46 276 24 32 0.02478097
354 292 9 14 0.024759935
331 315 16 18 0.02470068
370 296 26 33 0.02464985
672 260 35 42 0.024644123
415 322 18 24 0.02464381
1013 438 11 30 0.02463063
199 496 18 19 0.02462742
332 301 23 27 0.024595967
788 266 31 46 0.024566695
716 284 25 32 0.024538469
894 293 36 44 0.024488056
920 282 23 27 0.0244592
818 378 24 16 0.024453355
9 0 24 25 0.0244402
535 376 17 27 0.024406847
156 469 24 31 0.024359718
171 378 11 14 0.024309006
929 512 14 18 0.024307894
429 329 11 14 0.02428126
243 510 8 9 0.024260005
415 529 23 25 0.024247851
722 295 25 33 0.02423553
281 489 16 13 0.024226831
683 285 11 16 0.024213858
2 4 286 190 0.024159767
577 313 14 19 0.024146656
848 9 80 85 0.02414089
573 303 18 24 0.024140341
164 504 12 11 0.024094623
375 535 21 21 0.024030387
0 536 4 9 0.0239629
1016 261 8 28 0.023921795
190 0 14 11 0.023910854
1000 263 12 18 0.023861438
112 262 32 38 0.023836225
50 270 9 17 0.023810469
4 509 38 43 0.023742862
61 265 9 16 0.023729837
913 289 37 46 0.023697136
357 317 8 11 0.023686128
738 1 84 74 0.023677832
356 290 16 20 0.023656858
828 482 8 11 0.023637647
459 14 11 15 0.023561044
872 536 20 20 0.023527808
793 0 18 12 0.023526857
42 280 14 18 0.0235229
414 335 9 12 0.023519544
679 289 17 23 0.023504246
356 312 22 26 0.023453668
565 320 20 23 0.0234065
1006 513 18 21 0.023394095
367 298 17 20 0.023347251
816 274 34 43 0.023302611
0 7 12 24 0.023261545
349 0 87 63 0.023248127
0 7 27 53 0.023220344
584 323 20 24 0.02319103
24 0 178 125 0.023060104
749 544 14 12 0.023051152
653 302 22 26 0.023027672
576 294 33 41 0.023017533
560 322 31 37 0.02293941
188 3 42 62 0.022923335
837 278 34 41 0.022915158
55 253 12 15 0.022866594
365 356 18 23 0.022812635
555 524 9 11 0.022771955
899 514 9 9 0.022765432
947 498 13 15 0.022741452
320 492 15 14 0.02272824
1007 0 17 26 0.022721522
547 305 29 37 0.02272148
347 274 39 48 0.022696955
892 260 30 39 0.022688245
675 529 10 10 0.02267139
936 278 12 18 0.02265337
208 245 11 12 0.022587897
938 287 34 45 0.022571746
795 270 9 12 0.022570264
737 284 12 17 0.022525435
200 497 11 13 0.022470731
403 498 12 14 0.022411004
626 0 8 10 0.022385912
51 49 20 29 0.022383224
432 323 22 26 0.022382742
0 141 13 18 0.022342127
0 61 16 33 0.02234168
459 289 25 29 0.022312183
34 250 23 29 0.022270078
674 301 21 27 0.022256456
405 349 8 11 0.022237584
420 337 7 11 0.022228677
625 298 21 25 0.022187758
791 291 14 17 0.022175796
877 300 19 23 0.022155406
668 524 8 9 0.022131933
228 544 13 11 0.02211768
670 268 23 31 0.022108344
420 528 12 14 0.022056146
970 253 17 21 0.02201757
456 302 22 27 0.021962376
425 531 9 13 0.021957558
639 0 8 9 0.021955352
32 519 11 11 0.021936294
946 509 13 20 0.021935489
353 298 6 10 0.021879131
880 382 17 12 0.021823918
957 138 14 16 0.021812132
20 246 44 60 0.021740813
838 293 35 42 0.021724416
127 262 13 17 0.021677554
183 457 10 15 0.021659853
341 492 9 10 0.021653932
460 275 25 32 0.021647142
189 0 9 9 0.021622483
63 262 12 18 0.021620922
555 287 29 42 0.02152482
897 0 93 94 0.021494376
0 376 18 33 0.021463884
886 144 11 13 0.021460881
1008 512 14 14 0.021454072
0 261 20 32 0.02143457
112 497 13 15 0.021402963
245 507 10 11 0.021381723
954 0 29 24 0.021368321
1014 381 10 34 0.021364216
610 297 20 22 0.021319406
735 270 30 38 0.021289224
318 497 13 16 0.021278093
55 277 16 23 0.021276193
518 374 19 26 0.021273285
942 498 20 26 0.021272112
963 257 12 13 0.021211103
347 313 20 25 0.021203136
867 511 8 10 0.021193711
470 303 31 37 0.02119255
192 485 94 69 0.021167863
771 518 8 9 0.021164164
862 515 9 11 0.021144753
797 0 42 40 0.0211385
797 281 19 31 0.021131804
660 297 19 23 0.021128796
358 279 23 31 0.021113174
416 342 13 16 0.021109052
435 315 21 23 0.021057935
0 284 19 29 0.021002268
800 4 23 31 0.020966753
56 283 10 14 0.020963166
355 316 8 10 0.020930244
951 533 25 22 0.020920927
949 144 11 19 0.020919615
116 495 8 10 0.020903962
697 293 36 45 0.02090058
872 305 23 29 0.020809764
939 259 42 58 0.020780383
217 292 22 26 0.020769885
949 471 75 85 0.020768475
61 498 13 16 0.0207167
693 499 9 12 0.020699756
662 285 10 18 0.020676034
943 289 24 29 0.020671884
32 123 22 28 0.020653235
541 500 12 12 0.020646628
412 514 25 26 0.020631768
889 513 7 10 0.020624211
0 55 11 26 0.020612178
422 523 13 15 0.020610519
920 520 27 34 0.020609828
902 533 11 10 0.020584382
232 271 22 26 0.02050131
335 309 12 16 0.020483421
345 319 7 9 0.020473277
699 504 12 16 0.020470105
518 514 9 9 0.020448597
476 273 27 35 0.020427339
198 533 7 9 0.020418793
192 490 18 19 0.020418657
122 503 9 10 0.020399077
903 290 23 32 0.020381613
952 262 16 18 0.02031212
876 301 31 39 0.02028447
61 0 101 78 0.020234289
135 256 9 15 0.020173104
651 0 21 17 0.02013633
474 274 19 26 0.020114504
974 262 13 18 0.020105505
336 312 21 26 0.02008935
734 288 17 22 0.02006844
211 271 17 23 0.02005659
722 509 11 12 0.019970031
58 271 7 12 0.01996369
995 258 9 9 0.019960845
556 311 19 22 0.019941986
183 457 7 10 0.01993737
1 157 56 94 0.019935308
831 511 13 17 0.019925162
960 264 15 21 0.019900585
108 535 24 21 0.019884
475 297 18 21 0.01988082
452 0 10 10 0.019867549
641 298 27 35 0.019859107
423 517 13 13 0.019835941
930 285 14 19 0.019830063
782 533 8 11 0.0198271
978 124 11 15 0.019805405
184 522 24 29 0.019777993
270 481 86 73 0.019751683
207 240 38 52 0.019735364
323 282 20 27 0.01971981
372 305 30 39 0.01970829
63 284 13 19 0.019701924
61 258 27 37 0.019696409
362 267 26 39 0.019686809
340 320 12 15 0.019660322
882 516 12 12 0.019646822
347 323 20 26 0.019640647
913 513 27 33 0.019604353
1014 376 8 11 0.019587386
973 6 51 78 0.019584568
760 544 14 12 0.019577842
309 301 23 27 0.019567417
250 506 8 11 0.019537963
7 255 35 45 0.019517317
233 500 10 13 0.019514438
1017 510 7 11 0.019502694
355 316 14 16 0.019493299
316 288 18 24 0.019454326
404 394 18 25 0.019438969
463 307 27 31 0.01943464
352 338 19 23 0.01941236
892 302 21 26 0.01939246
18 266 17 25 0.019389397
319 495 19 22 0.01937374
578 325 12 18 0.019370943
230 497 9 14 0.019316925
918 3 40 44 0.019316774
953 546 12 10 0.01931676
15 3 34 44 0.01930741
969 0 22 20 0.019304575
1004 106 12 17 0.01925511
1016 507 7 10 0.019248702
413 298 12 13 0.019210417
1012 521 11 16 0.01920928
594 292 24 30 0.019189991
971 282 20 27 0.019175446
0 534 10 16 0.01913267
1005 516 19 36 0.01912938
935 512 31 34 0.019125002
918 485 31 42 0.01912314
356 323 21 26 0.019113163
825 512 14 15 0.019096926
1022 542 2 14 0.019083234
99 222 44 56 0.019071132
1011 503 12 15 0.01904977
974 126 12 18 0.019045444
29 274 24 31 0.019040676
418 338 6 10 0.019033747
871 297 10 18 0.018979087
126 245 14 20 0.0189786
427 328 8 11 0.01897216
1009 232 15 41 0.018965896
314 521 30 35 0.018956788
948 254 17 20 0.018933738
0 1 118 152 0.018927334
907 271 21 28 0.018913697
621 530 9 9 0.018905109
972 77 23 27 0.01888491
967 254 14 15 0.018861447
806 288 29 38 0.018860439
695 1 99 62 0.018846828
704 283 21 26 0.018839275
758 291 36 44 0.018833466
796 292 15 16 0.018829903
535 0 9 9 0.018823998
24 0 41 34 0.018823907
370 306 13 16 0.01880507
824 383 16 15 0.018802807
806 298 19 25 0.01879409
306 2 74 67 0.018783858
422 306 28 35 0.01877604
1017 381 7 19 0.018771762
922 503 10 12 0.018745307
119 493 9 11 0.018737208
161 396 11 13 0.018725706
931 245 23 29 0.0187196
265 398 18 31 0.018704763
676 295 16 19 0.018700285
209 255 24 30 0.018699806
163 483 85 71 0.018692818
977 82 34 41 0.018652095
545 536 8 9 0.01865134
539 503 13 16 0.018635627
340 316 7 9 0.018596962
865 277 28 36 0.018570406
885 298 20 24 0.018563103
942 279 11 17 0.018562436
0 252 13 33 0.018548846
136 200 25 30 0.01854635
809 506 39 46 0.018545222
422 531 26 24 0.01853899
196 527 9 13 0.018533502
1014 63 10 24 0.018521458
535 504 12 15 0.018514343
5 55 25 31 0.018500965
987 247 15 18 0.018500436
925 506 9 14 0.018492583
360 298 12 16 0.018486742
857 0 31 27 0.018485716
577 313 36 42 0.018474447
0 139 18 39 0.018474229
868 288 18 24 0.018461999
62 240 33 42 0.018424101
880 511 29 30 0.01841303
108 249 11 20 0.018409774
0 422 12 33 0.018407661
38 35 18 26 0.018360933
440 309 30 35 0.018359743
322 263 29 42 0.018350614
949 284 41 54 0.018323427
24 233 33 45 0.018319052
416 342 8 9 0.018305972
419 325 11 17 0.018292807
5 495 58 61 0.018287491
713 521 8 10 0.01826855
317 299 20 23 0.018262858
782 291 20 25 0.018259164
116 235 20 25 0.018216694
822 2 145 110 0.01819729
423 339 24 29 0.018196441
34 281 30 38 0.018167144
19 280 23 28 0.018155318
777 287 31 38 0.018138934
510 507 20 25 0.018137012
866 430 18 19 0.018124437
613 303 21 25 0.018112516
0 77 15 27 0.018094108
217 272 10 15 0.018071609
906 531 9 9 0.018069103
27 501 16 13 0.01805764
657 241 35 50 0.018051967
534 538 8 9 0.018047987
199 244 20 19 0.01803856
86 235 36 43 0.01803833
484 536 22 20 0.018006971
371 361 15 15 0.018000666
694 293 20 26 0.017999541
508 377 24 28 0.017992867
145 501 13 14 0.017991439
18 497 16 14 0.01798039
723 258 22 30 0.017961837
24 55 14 19 0.017956479
684 302 21 27 0.01795574
359 312 34 44 0.017955363
875 25 48 62 0.017944304
872 155 12 18 0.01794118
961 133 12 18 0.017938849
939 511 12 17 0.017935116
29 535 23 21 0.017931199
180 0 35 54 0.01791187
1018 1 6 28 0.017905595
953 141 14 16 0.017901354
565 0 25 21 0.01788829
0 0 9 11 0.01786136
659 299 12 16 0.017848225
27 508 16 21 0.017846605
823 205 10 13 0.017833792
394 1 46 44 0.01782282
1012 222 12 32 0.017820427
932 280 18 26 0.01780773
935 273 10 18 0.017797602
357 347 23 29 0.017796172
429 335 8 11 0.017787227
974 262 8 12 0.01777723
108 270 23 27 0.01776215
23 2 71 82 0.017759018
512 16 8 11 0.017755419
159 381 18 26 0.01774687
598 311 34 44 0.017737744
0 299 19 33 0.017729893
481 291 23 28 0.017710028
1014 44 10 30 0.017691992
598 0 8 9 0.01767676
243 502 9 9 0.017673373
920 0 25 29 0.017659526
977 70 12 13 0.01765675
447 0 35 34 0.017656466
595 304 20 25 0.017650176
873 507 12 12 0.01764749
792 0 72 58 0.017637972
876 285 16 23 0.017628245
156 497 22 19 0.017614963
958 89 34 45 0.0176035
297 1 43 46 0.017600534
1016 341 8 35 0.017600408
713 276 19 26 0.01759106
257 529 25 27 0.0175742
864 519 9 11 0.017569318
294 510 9 11 0.01754727
14 494 8 10 0.017537054
967 287 28 37 0.01753578
374 291 18 23 0.017534036
327 494 10 13 0.01753272
531 535 9 10 0.017529028
0 81 5 14 0.017505435
953 0 16 17 0.017491302
853 294 21 26 0.017470835
377 284 16 21 0.0174654
564 533 23 23 0.017463336
690 271 28 37 0.017443644
881 280 21 27 0.01743864
885 344 139 212 0.017411828
339 312 36 45 0.01740949
769 525 13 18 0.017391156
961 288 18 23 0.01739057
68 3 40 53 0.017359095
5 0 20 20 0.01734305
823 506 13 15 0.01734054
585 304 19 25 0.01733947
228 254 23 30 0.017336166
643 260 30 40 0.017333262
409 334 26 35 0.017324006
114 254 18 21 0.017321026
827 243 32 38 0.017309602
663 260 23 35 0.01730803
743 286 11 17 0.017292365
949 280 12 18 0.01729069
870 248 25 31 0.01727923
1008 486 16 25 0.017278153
955 256 13 16 0.017268896
814 0 38 33 0.017267628
932 0 44 42 0.01726411
103 209 33 49 0.017237548
1012 472 12 28 0.017225932
1006 215 18 46 0.017215773
206 289 25 31 0.017206246
73 81 19 30 0.017205471
214 546 10 10 0.017205456
949 513 22 29 0.017205117
915 508 14 15 0.017186314
912 6 22 31 0.017182302
524 546 10 10 0.017180348
732 298 24 32 0.017171262
134 254 8 11 0.017171038
0 540 13 16 0.017160004
369 351 21 22 0.017121756
49 291 20 26 0.017112082
745 282 9 15 0.017091056
982 125 10 12 0.017089356
775 0 249 236 0.017084712
929 103 14 19 0.01708293
354 332 25 32 0.017064532
843 0 43 42 0.017057866
1006 29 18 45 0.017051192
916 280 18 20 0.017050099
340 311 13 16 0.01702125
41 533 24 23 0.01701061
160 390 23 32 0.017006991
699 511 13 18 0.01700515
729 281 13 16 0.017000748
451 307 30 37 0.016993068
877 520 36 36 0.01696883
807 293 11 19 0.016955087
70 503 18 25 0.016953627
2 86 28 40 0.016947383
659 499 10 9 0.01694115
819 0 82 66 0.016934415
193 3 80 76 0.0169152
778 308 35 45 0.01690865
957 283 18 21 0.016903823
815 292 35 43 0.016882712
910 118 12 15 0.016857557
53 275 7 10 0.016853431
1012 514 8 10 0.016846502
55 57 21 30 0.016834142
1015 364 9 25 0.016820682
1000 253 17 21 0.016819768
851 533 23 23 0.016819557
911 531 21 25 0.01681621
65 263 15 22 0.016815087
926 283 32 40 0.016803954
394 345 9 9 0.01679187
612 285 21 29 0.016791118
379 526 34 30 0.016786514
198 271 24 31 0.0167801
966 255 55 73 0.016776735
502 506 37 43 0.01677279
122 496 9 10 0.016768599
373 490 10 11 0.016754089
0 226 16 44 0.016742544
360 301 7 10 0.016737262
188 0 20 23 0.016712062
211 0 49 43 0.016709866
799 306 26 32 0.016704386
902 509 21 26 0.016702918
553 246 30 35 0.016701318
333 290 15 20 0.016697155
828 504 10 12 0.016687894
982 59 18 18 0.01666709
326 322 21 26 0.016663568
967 261 11 13 0.016644096
919 506 11 13 0.016639845
577 332 37 45 0.016634328
111 493 20 24 0.016633503
982 535 25 21 0.016629292
890 509 29 33 0.016623942
1019 9 5 31 0.016619366
376 302 11 16 0.016618755
969 64 19 23 0.016600324
996 489 22 23 0.01658793
344 294 14 20 0.01657748
130 241 14 20 0.016552983
0 92 86 158 0.01654618
373 309 17 21 0.016542824
520 0 9 11 0.016537637
653 289 18 24 0.016530452
904 311 20 25 0.016521739
131 503 9 11 0.016513104
170 264 17 17 0.016512858
461 15 14 21 0.016506495
684 264 21 30 0.016504014
993 248 13 16 0.0164999
0 199 19 28 0.016497532
873 500 20 23 0.016477112
16 54 21 26 0.01646642
546 322 21 27 0.016464826
914 255 20 23 0.016459277
0 370 38 46 0.016458282
3 239 36 46 0.01644505
64 286 8 13 0.016443418
630 260 30 40 0.016429609
703 518 11 13 0.01641725
872 306 15 17 0.016414007
843 453 11 15 0.01641291
296 327 20 24 0.01640937
1019 539 5 17 0.016395489
1007 418 17 45 0.016393948
12 489 25 28 0.016385581
945 498 10 11 0.016379233
803 515 16 18 0.016373608
428 323 13 16 0.016365875
533 385 20 30 0.016357487
675 309 38 47 0.01635339
1001 476 23 32 0.016348582
959 339 65 101 0.016348451
307 531 26 25 0.01634802
1001 109 11 15 0.016344434
745 534 20 22 0.016342128
996 113 11 18 0.016341658
414 342 30 45 0.016337253
16 533 25 23 0.016330777
338 0 38 26 0.016325029
0 296 14 23 0.016324496
96 19 86 81 0.016323103
694 304 21 26 0.01630335
994 264 30 41 0.016301295
0 358 88 198 0.016296497
143 395 21 26 0.016283888
835 259 34 43 0.016278613
915 498 22 28 0.016277546
907 225 34 51 0.016269445
581 0 11 9 0.016263384
962 222 23 28 0.016261363
100 261 22 28 0.016257076
1003 3 21 56 0.016253063
0 244 10 29 0.01625142
988 530 31 26 0.016246086
227 282 20 23 0.016245248
675 293 37 45 0.016237656
191 544 12 12 0.01623098
173 487 52 53 0.016226819
44 26 12 17 0.016225297
230 539 11 13 0.01621372
950 507 13 16 0.016194412
78 16 41 56 0.016192703
812 527 28 28 0.016174903
1 504 19 29 0.016173873
1002 497 13 14 0.016171195
587 0 9 13 0.016155751
327 0 65 48 0.016134908
594 17 8 9 0.016131353
526 0 8 9 0.016129583
811 0 22 17 0.01612922
869 259 29 41 0.016128499
955 512 38 44 0.016127523
338 297 14 20 0.016122324
415 1 40 44 0.016114078
469 249 30 47 0.016110925
817 383 20 20 0.016080195
134 522 21 25 0.016065694
0 542 6 14 0.016063398
563 300 16 24 0.016060252
356 265 23 31 0.016049752
708 520 11 12 0.016042257
376 537 8 11 0.01604162
55 544 13 12 0.016041383
837 0 34 30 0.016038503
199 492 29 32 0.016031863
940 524 32 32 0.016029542
57 495 21 24 0.016022278
685 286 15 22 0.016006429
360 360 18 22 0.015999071
325 10 82 78 0.015974995
218 249 25 35 0.015969733
1010 425 8 10 0.015966123
863 502 20 22 0.015961863
193 526 32 30 0.015955672
924 511 8 10 0.015948221
158 536 23 20 0.015939273
119 505 12 14 0.015939262
52 283 16 23 0.015937692
396 336 19 23 0.015924964
945 103 33 45 0.015924457
222 231 31 47 0.015918985
103 525 11 14 0.015917528
907 296 29 35 0.015916197
1011 100 13 23 0.015906839
992 259 8 10 0.0159007
968 533 27 23 0.015899666
423 335 8 11 0.015899658
69 1 24 33 0.015894674
418 510 30 28 0.015889697
213 271 11 15 0.015877077
637 311 37 46 0.015875256
787 282 22 31 0.015867209
388 239 23 31 0.015854254
829 0 29 26 0.015853394
141 499 12 12 0.01580982
714 304 21 26 0.015805898
600 284 11 13 0.015803723
999 270 14 16 0.015799958
360 345 12 15 0.015795622
1 493 18 28 0.015794504
567 0 10 9 0.015791781
56 274 7 10 0.01579065
420 417 9 12 0.01578987
553 0 14 13 0.015783917
581 316 15 21 0.015777342
51 278 9 15 0.01576804
733 298 14 16 0.015761606
579 319 9 16 0.01575057
863 312 22 26 0.01574695
232 285 31 38 0.015745375
431 332 15 18 0.015741607
963 301 15 15 0.015736613
672 296 14 17 0.015733467
420 297 8 11 0.01572877
1015 271 9 29 0.015727928
56 520 13 14 0.015727155
1019 0 5 14 0.01572123
0 17 10 23 0.015711172
459 0 10 9 0.015709925
332 493 10 12 0.015699198
0 533 5 9 0.015687695
862 296 17 23 0.0156843
992 0 32 35 0.015675345
631 286 46 55 0.015672926
0 269 14 35 0.01566061
1010 413 14 31 0.01565896
919 296 14 18 0.01565514
319 310 34 45 0.015652532
582 328 25 30 0.015651327
905 257 21 29 0.015643613
659 292 13 18 0.015637955
846 417 8 10 0.015636105
7 94 18 27 0.01562511
658 273 19 25 0.015622346
1009 518 10 9 0.015612344
653 258 43 57 0.015609023
557 316 22 28 0.015608597
36 510 15 18 0.01560065
719 0 51 45 0.015599269
156 408 21 25 0.015597857
316 502 11 15 0.015596539
799 534 11 13 0.015596441
215 248 42 56 0.015593608
986 73 25 28 0.015588311
318 512 22 29 0.015577535
0 241 51 73 0.015575174
42 233 30 44 0.015573206
865 509 8 11 0.015570562
935 307 38 49 0.015570328
212 295 30 39 0.015569716
0 42 11 26 0.015569069
560 94 74 100 0.01555459
14 5 13 19 0.01554036
5 269 36 47 0.015538568
979 262 21 26 0.0155380815
1013 202 11 33 0.01553726
17 5 18 25 0.015536087
945 148 12 16 0.015535409
0 166 37 62 0.015518598
418 314 18 25 0.015507315
217 0 79 62 0.015506461
683 546 11 10 0.01550526
240 499 8 9 0.015501654
434 533 25 23 0.015500112
429 528 11 17 0.015492431
886 307 13 16 0.0154850865
170 379 8 11 0.015479108
1022 363 2 20 0.015466362
635 0 9 10 0.015451213
745 541 13 14 0.015447371
239 506 9 11 0.015434485
966 271 18 23 0.015418318
112 0 214 126 0.015417738
235 280 22 28 0.015417682
425 352 25 34 0.015401486
898 509 39 45 0.015385093
1017 91 7 25 0.015379214
791 495 15 15 0.015373513
908 15 19 28 0.015359592
608 0 9 12 0.015359004
882 143 20 22 0.0153503185
858 516 13 15 0.015350288
363 30 72 88 0.015349689
0 68 10 23 0.0153493835
407 384 24 35 0.0153493285
749 520 9 12 0.015346424
0 512 15 35 0.015340585
445 274 35 44 0.015332908
468 0 36 28 0.0153306285
2 83 17 31 0.015328972
915 288 18 22 0.01532896
869 0 92 71 0.015325506
872 505 27 31 0.015325092
803 546 11 10 0.015321721
519 510 8 9 0.015310836
406 327 17 20 0.015310526
663 259 53 68 0.015307197
135 262 7 12 0.015306951
677 526 10 11 0.015306364
800 0 16 11 0.015300387
374 281 13 18 0.015293079
920 18 14 19 0.015288337
935 0 13 13 0.015280828
997 276 27 47 0.015279305
953 128 21 26 0.015277471
240 258 31 40 0.015275737
719 546 10 10 0.015267293
856 309 37 46 0.0152670685
387 345 19 23 0.015266209
1011 359 13 50 0.015257325
771 519 11 15 0.015253607
89 244 21 28 0.015250878
724 278 13 18 0.015249365
968 84 25 30 0.01524421
667 0 286 181 0.015242209
990 81 32 39 0.015240531
116 499 7 10 0.015231745
987 265 16 21 0.015228592
406 337 8 10 0.015219169
305 0 25 28 0.015204327
868 0 30 21 0.015203299
51 304 14 18 0.015201279
56 491 41 42 0.0151996575
802 289 12 18 0.0151991155
948 302 31 40 0.015197918
1019 67 5 20 0.015191048
581 262 32 45 0.015189641
908 525 8 10 0.015189588
854 43 50 55 0.015182334
698 1 50 47 0.015175725
345 245 28 41 0.015172794
1015 303 9 29 0.015171433
356 302 7 11 0.015171346
971 235 21 26 0.015170029
469 294 19 20 0.015168783
89 536 21 20 0.015164123
738 287 30 38 0.015156884
139 504 8 11 0.01515452
178 0 13 26 0.01514514
975 213 35 44 0.015135683
897 526 14 16 0.015134794
1009 47 15 44 0.015133335
875 241 31 44 0.015133151
137 489 8 10 0.015132023
976 0 15 12 0.01512786
0 349 20 25 0.015116722
1014 293 10 28 0.015115186
559 309 10 18 0.015113016
428 306 15 17 0.015108302
1022 375 2 15 0.015108267
639 237 7 10 0.015106585
969 247 14 16 0.015101955
533 0 43 47 0.015097784
1017 448 7 20 0.015096403
163 412 11 14 0.015091025
1013 70 11 33 0.0150853675
753 533 20 23 0.015085046
1022 8 2 21 0.015082252
0 26 11 26 0.015077124
136 532 21 23 0.01507688
1019 254 5 29 0.015071432
974 58 20 24 0.015060667
370 489 9 10 0.015059574
1022 359 2 19 0.015056528
374 502 8 10 0.01505356
44 262 13 18 0.015052966
788 297 18 20 0.015049638
804 284 16 24 0.015046938
111 247 19 22 0.015040859
415 514 38 42 0.015040592
693 534 23 22 0.015040469
60 253 9 13 0.015038612
3 276 20 27 0.015020545
2 291 36 49 0.015016879
335 494 21 21 0.015014874
573 300 13 18 0.015012237
630 293 16 21 0.015011112
18 245 28 34 0.0150097925
531 368 11 18 0.015009436
555 332 22 25 0.014995425
509 328 10 13 0.014994111
386 314 20 25 0.014988021
763 292 21 27 0.014980376
459 314 32 40 0.014974461
453 534 24 22 0.014972423
556 0 38 34 0.014965916
889 57 135 221 0.014962406
154 439 11 15 0.014945044
610 2 48 54 0.014938606
52 264 10 16 0.014938235
257 521 9 10 0.0149361
976 491 48 57 0.014935063
0 205 18 44 0.014931669
996 541 16 15 0.014926538
352 322 12 15 0.014906497
665 499 8 11 0.014893273
414 0 292 197 0.014891251
28 264 17 22 0.01489021
1017 475 7 28 0.01487736
984 268 21 30 0.014874175
57 498 12 16 0.014865166
841 310 22 27 0.014859958
911 509 12 14 0.014858111
338 494 10 10 0.0148523925
361 330 30 39 0.014846439
667 399 20 21 0.014845972
446 306 20 24 0.014843674
367 315 19 23 0.014840578
0 169 80 140 0.01483673
736 303 12 16 0.014831872
64 529 8 9 0.014829784
948 217 28 35 0.014828948
311 291 17 25 0.014826205
960 66 23 25 0.014825198
365 323 22 26 0.014813715
945 78 37 50 0.014805671
342 262 36 47 0.01480528
451 0 22 18 0.0148006575
313 0 41 39 0.014792839
234 282 14 17 0.014791119
750 499 11 11 0.014789072
58 258 10 15 0.01478456
685 276 10 20 0.014780362
995 261 10 14 0.0147792585
317 495 28 34 0.014772321
375 276 35 43 0.014760149
992 483 32 45 0.014759059
984 119 13 17 0.014758203
974 0 24 26 0.014753975
975 269 35 45 0.014752001
417 519 15 13 0.014738356
1012 26 12 34 0.014736015
57 275 9 15 0.01473368
1020 357 4 26 0.014733392
496 546 11 10 0.014728698
824 511 21 24 0.014727277
0 55 75 126 0.014725255
307 314 21 26 0.014722438
607 523 9 12 0.014719251
755 493 14 12 0.014711821
620 314 30 39 0.01470763
250 510 7 9 0.014705385
0 127 12 28 0.0147050135
180 509 41 45 0.014703745
1014 7 10 34 0.014700256
768 498 11 16 0.014699082
520 528 9 12 0.014697374
620 311 20 22 0.014694408
91 499 11 14 0.014692051
866 382 11 13 0.014686939
290 334 19 25 0.01468637
658 524 11 12 0.014679299
476 309 19 21 0.014677939
680 269 17 25 0.014666488
229 0 37 30 0.014666131
209 526 14 18 0.014659098
295 293 21 26 0.014658417
660 493 14 14 0.014655815
121 262 15 18 0.014653508
323 491 23 20 0.014642999
123 265 30 38 0.0146412635
759 196 14 16 0.014638791
0 451 24 47 0.01463193
602 262 33 47 0.014613548
866 497 54 59 0.014612704
8 263 22 29 0.014606541
485 286 17 24 0.014600339
554 0 23 26 0.014595656
696 507 10 12 0.014589105
858 508 18 21 0.014586116
796 511 13 16 0.014585714
744 508 12 15 0.014572121
131 437 29 43 0.014570139
682 326 25 31 0.014567439
958 525 27 28 0.014566846
355 304 10 16 0.014563444
903 246 23 31 0.014556091
893 515 10 11 0.014548039
494 2 53 55 0.014542792
475 522 12 13 0.0145406965
0 522 9 16 0.014539315
675 527 14 17 0.0145384
821 513 13 15 0.014536406
137 492 9 14 0.014535362
561 529 9 10 0.014535115
994 68 22 28 0.014524153
1015 321 9 32 0.0145233255
60 270 11 19 0.014522706
538 532 8 10 0.014520695
128 5 10 13 0.01451374
742 0 55 47 0.014512781
5 193 57 87 0.014507511
33 21 35 43 0.014506971
666 495 9 11 0.0145016685
302 260 32 44 0.014501266
890 517 11 11 0.014500581
823 521 35 35 0.014500171
87 5 43 54 0.014496974
593 313 23 29 0.014488657
852 305 20 24 0.014476834
890 294 13 17 0.014465766
317 323 21 26 0.014458865
877 540 7 10 0.014458648
1011 397 13 35 0.01445793
929 291 19 24 0.014452941
936 108 24 28 0.014447732
0 412 24 48 0.014444291
151 378 19 27 0.01444392
353 310 9 14 0.014429754
553 526 31 30 0.014426313
715 0 39 26 0.014420215
684 0 41 38 0.014412325
5 14 61 82 0.0144115165
77 39 39 55 0.01440868
859 527 33 29 0.014399448
680 299 16 21 0.014392192
23 491 24 24 0.014390886
565 247 38 47 0.014390355
413 500 31 31 0.0143859815
799 545 11 10 0.0143832965
1022 0 2 9 0.014383036
152 368 8 9 0.014381477
182 272 35 44 0.014379731
932 233 22 27 0.014378911
994 203 30 47 0.014376319
101 0 36 28 0.014371014
704 293 20 26 0.014369162
721 508 8 10 0.014360971
0 153 25 48 0.014355358
589 526 10 12 0.014348574
247 392 30 43 0.014334337
283 246 17 27 0.014332073
432 342 23 29 0.014330549
103 273 31 39 0.014327147
627 286 14 17 0.014327076
882 500 20 24 0.014326787
277 1 47 49 0.014321785
822 34 86 74 0.014309623
922 274 18 22 0.014304776
388 488 27 30 0.014303796
635 312 20 26 0.014300534
245 504 8 9 0.014299435
267 514 19 26 0.014289864
375 486 11 14 0.014280804
966 3 22 29 0.014279653
8 41 23 31 0.014275766
618 370 23 30 0.01426544
567 279 54 70 0.014260984
691 261 53 67 0.014249749
526 414 8 9 0.014245613
931 529 23 26 0.014241582
605 312 22 27 0.01424118
986 499 16 22 0.014237542
953 308 37 47 0.014234221
507 497 17 20 0.01423274
105 486 37 39 0.014230207
28 113 10 18 0.014225669
659 306 31 39 0.014221703
904 496 20 27 0.014221298
893 311 21 27 0.014220672
778 260 32 45 0.014220541
108 256 15 19 0.014220145
671 528 13 13 0.014213476
400 372 9 13 0.014212517
798 268 7 11 0.014210753
926 467 14 20 0.014207236
335 277 21 28 0.014202906
368 497 56 59 0.01420068
386 324 21 25 0.014200393
958 255 13 12 0.014198859
956 206 35 44 0.014182251
560 252 29 37 0.014181757
425 512 13 12 0.01417379
105 6 43 52 0.014170399
0 183 19 29 0.014167949
279 280 29 38 0.014165728
474 532 26 24 0.0141643
311 478 83 78 0.014162502
1018 393 6 20 0.014161893
516 1 44 46 0.014156521
409 507 23 25 0.014151146
785 0 125 97 0.014150287
583 328 11 15 0.014146767
25 7 17 25 0.014145559
579 306 11 16 0.014143379
991 62 19 23 0.01413625
738 284 9 12 0.014134286
7 54 39 47 0.014131399
946 93 12 16 0.0141255455
750 268 31 41 0.014123156
376 494 20 24 0.014122453
562 329 19 21 0.014108304
296 533 25 23 0.014091275
240 512 8 9 0.014086998
58 287 7 9 0.014077084
713 263 42 59 0.01407696
930 0 14 19 0.014075764
851 0 25 18 0.014072891
894 310 38 47 0.014071048
57 278 23 31 0.014063087
716 534 9 11 0.014060409
362 308 19 22 0.014054365
804 306 12 17 0.014047948
198 0 35 33 0.014046958
0 1 47 71 0.014038387
956 84 13 17 0.0140379425
351 0 32 20 0.014035134
584 6 8 12 0.014033518
0 474 16 43 0.014026755
987 511 17 24 0.014026595
937 0 24 21 0.0140258465
613 297 11 17 0.014024183
373 484 19 22 0.014023205
0 414 16 31 0.014017976
397 325 19 25 0.014015313
692 0 21 25 0.01401048
0 85 7 16 0.014009177
18 271 11 16 0.014004365
552 391 10 13 0.014003279
298 502 19 24 0.014002865
57 304 8 9 0.013983381
41 0 36 29 0.013979897
851 278 31 40 0.013977206
793 532 22 24 0.013972211
779 278 44 58 0.013970493
348 276 21 28 0.013964707
559 335 32 40 0.013960805
934 91 37 49 0.013957305
758 278 30 39 0.013948866
691 247 31 42 0.013935433
104 514 39 41 0.013934265
409 341 9 10 0.013933294
1021 369 3 17 0.013930049
831 502 11 13 0.013929659
790 9 44 56 0.013929087
775 303 21 26 0.013928834
422 511 20 18 0.013925809
351 335 15 18 0.01391993
32 38 62 81 0.013915673
536 503 8 10 0.013908776
0 315 19 29 0.013907247
852 316 20 24 0.0139053445
937 211 32 42 0.013900213
457 266 42 59 0.01389551
395 533 23 23 0.0138903735
0 221 8 23 0.013888437
182 256 34 43 0.013887856
0 93 11 31 0.013879244
193 243 19 21 0.013878151
600 370 20 29 0.013872311
21 287 38 46 0.013870151
787 5 24 33 0.013864651
481 304 18 21 0.013864064
230 290 14 17 0.013860096
383 233 22 28 0.013858242
377 538 10 12 0.013849496
883 40 13 17 0.013848763
437 86 83 107 0.013847022
352 300 9 13 0.013835263
892 427 33 38 0.013829928
11 8 20 28 0.013827248
528 382 12 19 0.013822491
754 293 21 26 0.013821119
991 269 16 20 0.013810406
576 0 35 34 0.01380975
860 0 46 45 0.0138018755
235 534 23 22 0.013799979
876 225 33 46 0.013799044
58 14 41 58 0.013799013
542 380 13 19 0.013798445
1004 528 14 14 0.013796499
998 295 26 46 0.01378042
109 0 94 69 0.0137780495
425 337 8 12 0.013776325
50 54 13 23 0.013772047
199 208 21 27 0.013771831
951 496 12 12 0.013765503
132 249 27 37 0.013748024
343 318 13 15 0.013746351
242 275 17 24 0.013746092
997 16 23 35 0.013745756
676 275 14 20 0.013738512
615 304 13 18 0.013731646
479 296 31 37 0.013729621
149 535 23 21 0.013728246
919 106 33 42 0.013727089
726 506 12 13 0.013723594
0 382 11 22 0.013720072
325 522 36 34 0.013719716
78 92 22 31 0.013708243
890 144 13 15 0.0137063265
258 308 19 24 0.013699435
916 271 19 22 0.0136976
158 0 292 186 0.013690991
150 502 32 39 0.01368357
532 531 8 11 0.013682667
586 323 13 17 0.0136783505
908 273 12 19 0.0136691965
541 534 10 11 0.013667424
543 416 17 20 0.013664137
892 304 12 15 0.013663995
934 263 15 24 0.0136581855
297 317 20 25 0.013657723
1007 454 17 44 0.0136550935
899 14 24 33 0.013654926
535 532 22 24 0.013643652
583 536 8 9 0.013641927
193 0 23 30 0.013638112
694 312 23 29 0.013635968
755 496 16 21 0.013623514
201 27 50 55 0.013623345
351 329 13 17 0.01361977
0 491 10 29 0.013618722
155 367 8 9 0.0136186
857 507 41 46 0.013617073
1014 526 7 9 0.013612233
191 536 13 15 0.013611059
762 523 28 33 0.013607568
960 0 45 45 0.013605043
281 261 36 43 0.013602038
644 312 21 26 0.013599178
912 232 23 30 0.013598576
352 285 15 22 0.013597099
137 537 11 11 0.01359286
219 533 22 23 0.013592461
962 253 13 12 0.013590523
140 443 29 43 0.013589588
953 221 36 49 0.013582133
897 23 43 61 0.013571632
515 517 9 10 0.013567184
892 253 22 30 0.013558524
633 249 50 67 0.013546132
539 330 38 47 0.013541283
578 492 12 12 0.0135411015
1009 379 10 14 0.01353877
345 496 10 12 0.01353413
335 319 25 31 0.013533013
18 210 39 55 0.013529276
325 0 24 24 0.01352624
998 253 11 13 0.013524665
331 0 31 20 0.013522252
186 529 11 13 0.013518859
588 250 34 46 0.013516441
441 527 32 29 0.01350051
956 49 68 89 0.013500343
368 543 11 13 0.013497157
958 115 27 33 0.013496585
31 0 21 18 0.01349536
726 253 31 41 0.013483761
952 144 7 12 0.013482824
656 493 13 12 0.013481384
102 62 20 26 0.013476998
207 275 17 25 0.013474316
0 528 8 14 0.013473887
320 514 11 14 0.013470287
344 0 26 15 0.013466403
234 0 47 46 0.013461492
301 332 35 46 0.01345976
692 502 14 16 0.013459628
170 383 8 10 0.013459086
49 63 135 182 0.01345428
117 47 54 53 0.013453266
812 244 35 44 0.013449944
132 249 9 14 0.013447938
317 331 37 47 0.013446828
673 3 69 68 0.013440619
857 239 36 48 0.013431377
156 504 16 12 0.01343037
370 480 28 33 0.01342998
1021 258 3 21 0.013429353
543 331 24 31 0.01342758
787 546 13 10 0.013426506
824 372 24 19 0.013423137
624 534 25 22 0.013421345
203 508 29 40 0.013418404
703 502 9 12 0.013415428
139 248 10 17 0.013410448
15 499 13 14 0.013409263
161 528 33 28 0.013407944
955 85 22 28 0.013407384
58 47 24 30 0.013402979
836 312 36 46 0.013401225
851 517 20 21 0.013400537
1022 69 2 18 0.013397839
209 531 21 24 0.013394906
726 259 52 67 0.013391867
764 315 20 25 0.013385036
341 244 12 13 0.013382802
522 366 19 25 0.013362877
130 0 36 28 0.013362777
809 516 17 18 0.013360271
831 508 9 10 0.013349745
377 292 36 44 0.013346007
317 505 39 47 0.013340096
16 495 10 12 0.013339433
431 0 49 49 0.01333335
70 507 11 14 0.013328369
962 301 9 9 0.013326148
948 0 15 14 0.013325252
887 519 11 14 0.013323961
210 0 32 25 0.013320659
876 0 36 25 0.013318261
537 536 9 10 0.013318079
398 335 10 9 0.013317679
432 363 19 19 0.013314307
538 417 21 29 0.013311851
803 530 26 26 0.013308803
1020 22 4 30 0.013308703
367 494 12 15 0.013308184
783 310 24 28 0.013302369
162 482 23 23 0.013301875
893 0 28 29 0.013300698
434 334 21 23 0.013298357
28 291 23 26 0.013292968
163 391 14 18 0.013288985
522 502 27 33 0.013273094
811 296 9 15 0.013271534
58 67 22 29 0.01326877
396 346 13 15 0.013267159
822 0 24 23 0.013264816
828 241 11 14 0.013262526
759 256 33 43 0.013261636
24 273 14 16 0.0132609205
52 500 20 26 0.013260484
756 311 38 46 0.013259318
50 296 13 16 0.013255326
683 315 24 30 0.0132541545
339 290 14 20 0.013253508
445 293 25 30 0.013250069
1002 437 22 45 0.0132465
811 254 43 54 0.013245155
57 0 26 26 0.0132433
332 260 30 40 0.013239303
932 219 24 31 0.01323527
395 344 19 24 0.013228639
101 405 17 22 0.013219194
348 345 21 25 0.013218941
41 30 35 43 0.013215408
680 526 33 30 0.013208894
920 247 23 28 0.013205759
855 461 35 43 0.013202414
530 71 128 175 0.013201297
1010 306 14 41 0.013199325
735 0 39 26 0.013199112
0 526 6 9 0.01319678
354 0 46 35 0.013196264
588 2 12 17 0.013191482
220 184 19 26 0.013191138
697 526 32 30 0.01318356
0 474 11 25 0.013178393
0 243 22 35 0.0131778745
446 283 21 27 0.013177408
812 284 21 29 0.013176425
117 0 43 45 0.013174844
359 295 9 13 0.013172895
378 542 13 13 0.013172866
414 0 29 28 0.013165125
79 534 22 22 0.013164568
215 543 17 13 0.013162944
482 274 15 22 0.013162081
67 546 8 9 0.013156008
279 491 20 21 0.013155638
74 248 29 39 0.01315186
494 534 23 22 0.013147768
152 276 8 10 0.013146037
466 18 10 15 0.013145281
999 96 25 38 0.013144347
363 510 39 45 0.013141217
199 259 51 65 0.013138132
24 55 22 30 0.013130008
402 338 8 10 0.013128042
550 363 18 27 0.013119742
650 227 28 36 0.013118995
273 513 9 11 0.013114608
152 520 32 34 0.013114007
945 507 9 12 0.013112217
635 275 21 28 0.013110192
320 308 19 21 0.013103743
900 283 16 24 0.013101956
0 6 6 17 0.01310143
0 135 33 55 0.0131004825
139 495 11 13 0.013099544
33 259 16 23 0.013098594
539 494 12 13 0.013096555
942 301 23 26 0.01308994
912 309 39 49 0.013086006
592 0 13 12 0.013085917
1016 498 8 14 0.01308572
376 347 19 21 0.013085457
382 333 28 34 0.013084877
0 211 8 23 0.013083224
217 268 18 22 0.013078041
41 12 80 91 0.013074869
0 502 10 28 0.013073655
368 490 17 24 0.013069732
320 482 38 40 0.013068541
408 334 10 12 0.013068145
796 228 36 36 0.013067481
86 257 29 39 0.013061986
286 532 25 24 0.013055366
732 0 25 15 0.013053094
126 502 9 10 0.013051715
419 299 18 19 0.013046485
72 509 12 16 0.013044889
387 274 20 27 0.013043527
923 44 76 94 0.013040741
558 0 12 9 0.013034868
128 0 13 13 0.013034577
1022 20 2 21 0.013032894
251 1 53 49 0.013032207
322 521 10 10 0.013029883
562 0 12 13 0.0130273085
994 119 9 10 0.013026161
0 408 9 19 0.013023808
464 1 69 63 0.013018028
199 514 10 13 0.013017771
156 439 8 10 0.013016024
426 313 17 23 0.0130153755
675 524 9 9 0.013013763
611 0 11 9 0.013011236
373 0 18 12 0.013003743
764 303 20 26 0.012999404
942 119 27 34 0.012998387
0 388 25 53 0.01299256
65 81 33 43 0.012990307
206 0 127 101 0.012987712
571 329 21 26 0.012986035
656 443 38 57 0.012985052
65 533 24 23 0.012984941
600 244 30 34 0.01298465
928 511 8 11 0.012975304
611 506 12 15 0.012974535
504 113 250 308 0.012966192
455 1 41 46 0.012965876
20 177 57 83 0.012964555
968 218 28 34 0.01295973
36 12 23 30 0.012957345
965 64 32 36 0.012950654
391 270 16 20 0.012949949
29 238 22 27 0.012941457
983 254 13 17 0.012937736
911 294 19 22 0.012931074
976 265 7 12 0.012931048
150 500 22 23 0.012930487
884 142 10 11 0.012920846
975 251 12 16 0.012920456
809 233 35 38 0.012919533
726 192 16 15 0.012911214
595 331 36 47 0.012910516
500 523 32 33 0.012910125
304 503 8 9 0.012907705
972 265 8 12 0.012905359
630 0 10 10 0.01290408
942 217 21 27 0.012901729
877 513 12 13 0.012899469
1021 18 3 25 0.012899024
865 146 21 29 0.012893981
63 499 8 10 0.012893893
716 241 34 49 0.0128917415
0 237 8 22 0.012887006
55 523 17 22 0.0128849195
951 506 10 10 0.012883338
159 400 10 14 0.012882906
0 117 33 51 0.012880492
871 522 26 29 0.0128801055
201 531 8 10 0.012872865
268 517 13 14 0.01287216
940 150 12 17 0.012866887
696 497 11 12 0.012866542
995 62 29 46 0.012863577
688 286 10 15 0.012853544
909 14 42 59 0.012852261
57 44 39 50 0.012850504
384 242 30 45 0.012846333
593 271 23 31 0.012843095
674 534 22 22 0.012842875
863 512 7 10 0.012842548
43 512 10 13 0.0128416745
979 83 23 25 0.012839661
0 65 27 47 0.0128344195
377 304 18 22 0.012833221
228 502 9 12 0.012832371
998 39 22 26 0.012831221
766 244 32 43 0.012829005
208 247 14 16 0.01282716
947 270 13 17 0.012826004
905 13 28 44 0.012825918
537 297 50 65 0.012824435
655 256 22 29 0.012823581
835 305 22 27 0.01282315
807 15 23 30 0.012823024
0 96 17 43 0.012820073
538 376 28 36 0.012808815
404 335 8 9 0.0128062675
857 438 31 41 0.012805054
886 281 55 69 0.012797342
107 498 57 58 0.012795538
407 346 11 14 0.0127950255
732 8 47 50 0.012790858
885 233 32 46 0.012783301
3 0 15 13 0.012782371
81 273 37 45 0.012780556
539 498 8 10 0.012780177
279 321 16 21 0.012773702
703 305 22 27 0.012770684
40 22 12 18 0.01276753
340 523 34 33 0.012758556
453 8 17 18 0.012756388
477 96 81 112 0.012756144
777 236 35 49 0.012755336
663 524 11 12 0.012751062
794 238 35 48 0.012749955
319 505 16 21 0.012746381
959 515 23 29 0.012744059
7 535 20 20 0.012742285
488 0 36 27 0.012740339
915 209 34 46 0.012739706
336 250 27 36 0.012739669
367 500 11 11 0.01273127
602 301 18 23 0.012727743
836 510 11 16 0.012726726
541 504 9 11 0.012723334
575 350 39 48 0.012723177
108 239 53 66 0.012722305
894 135 13 16 0.012719903
798 258 31 45 0.0127194235
266 523 36 33 0.012717191
567 244 56 77 0.012716402
120 277 14 17 0.012713832
371 494 31 38 0.012711501
341 300 7 11 0.012705687
34 33 16 24 0.012704211
95 266 30 38 0.012704135
721 0 26 15 0.012697475
399 79 83 112 0.01269662
912 286 15 19 0.012696127
504 494 26 31 0.012695642
32 494 62 62 0.012693613
810 2 24 30 0.012689825
530 538 8 9 0.012689396
423 328 8 11 0.0126886545
812 299 12 16 0.01268741
235 0 26 17 0.012684903
151 439 17 25 0.0126822805
17 503 17 23 0.012679409
90 156 60 87 0.012678991
195 499 13 13 0.012678208
21 257 18 26 0.012675738
51 66 57 72 0.01267211
821 348 19 24 0.012671709
55 231 28 43 0.012668925
830 54 51 51 0.012668457
42 290 18 21 0.012667689
841 0 25 17 0.012664217
1018 329 6 26 0.012662478
124 516 12 15 0.012656523
923 461 23 29 0.012652473
14 470 32 43 0.012644924
148 284 19 25 0.012643082
985 128 12 12 0.012639844
396 315 20 25 0.012638849
754 303 20 26 0.012637125
434 248 54 72 0.012636512
871 511 14 16 0.012633486
589 0 37 38 0.012628846
1000 54 11 12 0.012628489
793 285 12 18 0.012626171
0 114 49 109 0.012620497
23 521 34 34 0.012618932
822 511 10 11 0.01261788
951 286 20 25 0.012616973
259 0 36 26 0.012613175
843 239 37 43 0.012613036
385 496 25 29 0.01261232
966 281 17 21 0.012605595
938 227 31 41 0.012604288
62 219 35 46 0.012601324
152 504 11 10 0.012598596
828 513 7 10 0.0125962235
1021 1 3 20 0.012592678
291 430 13 13 0.012590394
482 285 14 19 0.012585167
56 248 42 55 0.012577496
320 4 24 29 0.012576592
51 1 38 40 0.012575717
384 473 30 37 0.012572825
1015 391 9 13 0.012571716
653 276 18 27 0.012570312
568 0 61 60 0.012565899
1005 389 10 15 0.012564245
236 498 13 16 0.012562265
595 284 20 27 0.012561132
633 546 11 9 0.012558143
234 38 45 50 0.012553535
188 496 29 35 0.012552646
339 491 13 17 0.01255197
149 482 30 31 0.012550121
337 332 21 27 0.01254813
590 54 7 9 0.012547908
917 17 21 31 0.012544864
609 249 29 34 0.012542698
37 251 15 17 0.012537567
414 345 9 11 0.012534962
537 371 13 18 0.012529591
465 534 24 22 0.012527517
391 343 8 10 0.012526049
471 0 10 12 0.012522446
97 251 17 26 0.012521046
71 154 24 28 0.012520754
141 526 9 11 0.012519167
24 541 20 14 0.012518244
125 512 10 12 0.012514158
911 313 15 18 0.012513366
982 246 13 16 0.01251319
600 280 45 60 0.012501296
123 223 27 37 0.012501162
222 0 32 21 0.012492114
785 533 22 23 0.012485738
930 112 18 25 0.012483873
2 440 33 51 0.012483286
695 226 36 41 0.012480607
1021 486 3 19 0.012477042
903 275 14 24 0.01247679
1022 75 2 17 0.012474916
49 288 12 16 0.012473949
931 114 30 40 0.0124704875
327 495 33 39 0.012465162
195 287 29 36 0.012464251
373 531 15 20 0.012464016
951 514 12 14 0.012461288
584 281 25 35 0.012460794
488 544 15 12 0.0124603575
277 251 22 34 0.012459572
662 288 7 11 0.012456266
511 367 23 28 0.012456174
240 271 11 19 0.012452646
636 512 9 10 0.012447294
31 504 11 11 0.012444345
294 300 25 32 0.012439662
1012 508 8 10 0.012438234
241 0 32 22 0.0124360975
0 468 10 19 0.012433096
542 366 19 28 0.01242512
616 246 34 43 0.012425029
66 501 11 17 0.012424195
992 56 16 19 0.012423208
917 91 33 42 0.012422537
824 496 61 60 0.0124197975
402 404 12 13 0.012419682
992 221 24 31 0.012415665
126 202 32 42 0.012415348
88 496 19 22 0.012411167
76 210 53 70 0.012405118
912 484 24 32 0.012404337
895 436 11 15 0.012401012
963 75 17 19 0.0124009345
121 0 16 11 0.012394248
912 218 25 32 0.012393966
782 0 26 17 0.012393457
291 518 35 38 0.012392552
1016 374 8 10 0.012391507
635 2 7 10 0.012391319
399 492 31 33 0.012389259
605 0 38 36 0.012387006
355 328 14 19 0.012385881
164 402 21 28 0.012385361
633 0 39 39 0.012383847
920 512 8 11 0.012382806
752 493 9 9 0.012380398
334 495 12 12 0.0123791015
1011 325 13 49 0.012377827
136 498 8 10 0.012377503
503 327 16 20 0.01237197
371 342 27 35 0.012371684
1021 92 3 19 0.012371645
38 16 13 16 0.012366649
593 18 10 13 0.012361022
339 331 37 47 0.012357478
711 0 26 16 0.012356067
633 303 12 17 0.012353051
78 497 21 23 0.01235049
389 355 10 11 0.012349341
501 494 17 21 0.012349277
870 502 12 13 0.012347968
356 533 23 23 0.012347924
523 491 11 13 0.012347538
374 232 35 46 0.012346442
563 0 330 262 0.012345496
554 392 12 14 0.0123407785
478 310 36 44 0.0123397
548 3 24 36 0.012333423
664 387 29 33 0.012330233
84 506 32 42 0.012327966
1020 346 4 27 0.012327561
940 0 16 13 0.012324673
926 544 13 12 0.012322259
79 0 40 38 0.012318669
402 39 66 89 0.012313651
734 534 22 22 0.012309843
556 527 10 11 0.012308227
216 175 39 51 0.012301466
117 39 22 29 0.012300391
852 40 75 84 0.012297243
910 544 13 11 0.012291113
18 10 42 55 0.012286618
76 33 29 38 0.012285001
947 495 10 12 0.012285
1019 34 5 25 0.0122848535
0 148 12 24 0.012284614
239 259 15 22 0.012284526
826 265 55 68 0.012284392
981 66 21 24 0.0122828875
956 302 12 16 0.012282102
2 201 37 49 0.012280664
513 532 23 24 0.012279328
422 533 10 14 0.01227829
391 519 33 36 0.0122768255
830 506 20 25 0.012274662
382 0 87 82 0.012274072
360 245 32 46 0.012273709
881 264 23 30 0.012267013
233 496 7 9 0.01225737
899 480 30 40 0.012254655
318 493 9 11 0.012252264
652 310 25 31 0.012251559
584 507 11 13 0.012251156
8 26 24 33 0.012248764
138 508 10 12 0.0122446325
796 267 7 10 0.012242043
389 537 20 18 0.012241896
934 509 12 16 0.012238943
1018 106 6 19 0.012238482
395 480 21 26 0.0122342445
55 289 10 13 0.012232418
38 506 11 13 0.01222932
35 111 23 34 0.012229251
205 499 18 20 0.012227833
151 8 108 100 0.012226652
911 515 10 12 0.012224924
113 506 10 10 0.012224776
994 504 21 25 0.012223641
436 287 45 57 0.012220944
820 386 15 10 0.012219367
84 546 13 9 0.012209635
0 100 35 49 0.0122068385
237 266 46 55 0.012206444
123 493 9 10 0.012205575
66 283 19 24 0.012199868
880 143 13 16 0.0121984305
743 280 8 14 0.012197951
1023 372 1 15 0.012193715
1021 516 3 16 0.0121934125
0 219 29 83 0.012193261
986 28 38 45 0.012187533
964 0 10 10 0.012186747
386 501 10 13 0.012185036
914 541 13 14 0.012173707
1002 498 8 10 0.012166311
965 109 31 38 0.0121640405
574 331 14 16 0.012159591
123 508 10 14 0.012156928
857 514 10 11 0.012152855
195 0 20 15 0.012152587
529 420 18 28 0.012151483
166 541 19 15 0.012144503
292 330 27 34 0.01214345
653 534 22 22 0.012138277
136 260 11 16 0.0121346405
96 508 31 41 0.01213422
864 227 56 71 0.012133623
965 346 43 52 0.012128274
32 273 13 19 0.012127169
1009 526 13 14 0.012122155
55 36 23 33 0.0121216895
221 15 49 55 0.012120512
946 1 25 30 0.01212039
350 317 11 11 0.012120139
12 61 25 31 0.012119207
945 503 10 11 0.0121182585
422 511 10 11 0.012117429
97 527 32 29 0.012114504
391 351 8 9 0.01211381
286 493 19 23 0.01211054
257 273 38 46 0.012109055
1020 264 4 23 0.012107808
555 349 39 49 0.012107512
287 423 20 29 0.012107023
195 11 23 41 0.01210535
817 361 23 31 0.012104774
398 507 45 49 0.012101363
724 534 21 22 0.012100938
580 525 31 31 0.01209921
1013 427 11 14 0.012099172
426 521 13 14 0.0120962905
929 485 28 35 0.012093211
852 506 28 34 0.012092705
528 542 9 10 0.012092682
67 73 21 31 0.012091818
352 371 14 15 0.012087591
655 483 23 30 0.012087538
949 510 8 9 0.012085853
1017 312 7 30 0.012085046
545 244 57 80 0.012081726
71 503 29 38 0.0120776575
525 532 22 24 0.01207118
246 504 14 17 0.012069139
7 117 21 27 0.012069073
7 283 21 27 0.01206785
688 320 28 33 0.012066704
627 313 14 16 0.012065636
32 205 36 47 0.012064149
0 311 12 25 0.01206413
854 19 47 56 0.012059692
165 395 9 10 0.012059224
362 546 10 10 0.01205865
758 268 250 288 0.012057042
516 0 10 9 0.0120549705
345 322 12 15 0.012054307
613 319 25 32 0.012053396
613 261 24 32 0.012050659
462 0 19 21 0.012050376
329 320 14 15 0.012044724
586 534 9 11 0.0120403245
501 499 8 10 0.012039896
568 318 57 73 0.012037979
8 66 291 317 0.012037907
770 308 29 37 0.01203627
161 0 41 46 0.012035868
236 504 8 10 0.012033869
848 518 31 35 0.012032344
711 527 14 18 0.0120305335
743 303 21 26 0.01202968
507 495 12 13 0.012028164
376 322 21 26 0.012025804
931 515 8 10 0.012025536
591 534 9 11 0.0120252
505 489 18 21 0.012021793
88 35 35 44 0.012019231
948 489 15 19 0.012018219
533 505 18 21 0.012016415
130 495 60 61 0.012013827
432 325 14 17 0.012013698
269 490 48 51 0.0120086735
367 523 25 31 0.012006567
397 343 10 11 0.012006518
951 492 17 20 0.0120042935
144 271 28 35 0.012000031
104 519 12 16 0.011994103
513 388 30 42 0.011983253
889 309 17 20 0.011978169
8 92 36 46 0.011974499
21 499 8 9 0.011974288
156 495 33 35 0.011973669
312 295 11 16 0.011970269
626 505 8 10 0.011969139
515 512 9 9 0.011965412
112 82 38 51 0.011964747
890 142 9 12 0.011963692
199 535 9 12 0.011963374
314 0 25 18 0.011962027
861 286 18 25 0.011961936
586 215 59 84 0.011961518
763 493 11 13 0.011960696
0 202 8 22 0.011960195
13 273 15 22 0.011959832
655 0 39 45 0.011956961
713 534 22 22 0.011953815
671 256 23 32 0.011953556
414 360 30 48 0.01194914
637 235 38 52 0.011941493
995 82 20 24 0.011941216
156 205 26 33 0.011940735
405 502 12 13 0.011939957
947 102 22 29 0.011939874
104 51 72 80 0.011938913
431 289 30 38 0.011938393
524 77 76 101 0.011936109
54 65 34 44 0.011933292
549 311 17 24 0.011927473
1020 475 4 22 0.0119255325
803 512 12 15 0.011924068
739 545 12 11 0.011923477
0 354 25 52 0.011923404
202 253 19 26 0.011921794
763 539 18 17 0.011919514
205 491 21 21 0.011910602
379 291 10 17 0.011908638
0 161 12 32 0.011908164
78 246 46 56 0.0119035
740 291 11 16 0.011902438
693 264 23 30 0.011900341
466 495 59 61 0.011900313
345 57 74 93 0.011897525
1006 188 18 47 0.011896653
241 141 36 49 0.011892699
547 295 23 29 0.011891067
745 523 19 25 0.0118885245
856 381 15 18 0.011879506
991 120 20 21 0.011879299
940 253 18 24 0.011878556
1009 105 11 16 0.011876853
956 169 13 14 0.0118741
179 0 9 12 0.011872152
577 240 39 44 0.01186753
813 303 21 26 0.011861862
711 523 10 13 0.011859258
517 507 13 16 0.011858195
302 313 34 47 0.011857042
117 490 16 21 0.011855269
535 335 21 26 0.011854319
306 324 21 26 0.011851384
1014 132 10 31 0.011847058
978 98 29 37 0.011846435
397 496 12 12 0.011845794
0 107 10 22 0.011844877
379 315 35 44 0.011842958
985 488 19 25 0.011842223
831 5 44 49 0.011840588
384 55 72 96 0.011838851
989 524 10 13 0.011837744
211 528 8 11 0.01183722
1006 496 12 11 0.011832458
370 190 34 45 0.011829895
203 503 19 26 0.011826495
371 335 12 16 0.011824266
44 299 19 22 0.011823792
1020 245 4 26 0.011823139
1021 534 3 19 0.011822479
227 273 19 22 0.011820925
312 279 43 58 0.0118192015
940 274 10 16 0.011818949
921 502 8 10 0.011818175
1008 505 11 11 0.011814098
785 219 37 34 0.011813345
210 206 53 80 0.011810955
29 496 36 37 0.011809595
317 295 11 17 0.011809295
947 517 9 12 0.0118028065
0 64 6 18 0.011798793
19 275 12 19 0.011794754
758 540 11 15 0.011792599
630 309 17 22 0.01179116
19 52 14 19 0.01178923
59 60 13 18 0.011785663
667 270 16 22 0.01178157
215 41 48 52 0.011778686
936 285 12 19 0.011775213
896 127 12 16 0.011772839
789 503 20 27 0.011772107
614 2 8 10 0.011769177
523 169 21 25 0.01176814
293 497 28 37 0.0117657585
724 510 15 19 0.011761793
800 271 8 12 0.011761609
755 100 13 15 0.011758494
567 511 13 15 0.011757119
535 546 12 10 0.011756392
42 542 15 14 0.011754632
0 360 14 38 0.011754311
714 255 22 29 0.011752825
482 0 10 9 0.011752698
333 0 18 12 0.011752097
881 0 24 16 0.011748274
905 527 9 10 0.011748072
862 389 11 12 0.011746639
1014 504 8 10 0.011745924
93 206 32 46 0.011742611
690 285 19 24 0.0117417695
0 439 17 29 0.011740314
578 543 12 12 0.011736511
991 117 9 10 0.011733976
749 501 12 15 0.011733764
658 526 32 30 0.011731442
723 174 22 31 0.011731369
720 276 10 20 0.011731112
45 295 29 39 0.011730419
138 531 12 14 0.011730203
902 514 9 12 0.011727338
361 71 80 103 0.011727016
359 321 15 19 0.011725864
694 544 13 12 0.011724773
97 122 11 15 0.011723155
74 209 30 45 0.011721303
627 201 11 14 0.011715377
18 372 43 55 0.011714172
997 237 20 27 0.01171336
137 263 20 26 0.011709395
723 312 21 26 0.011707126
208 269 14 20 0.011706507
753 499 13 13 0.011705248
1008 520 10 12 0.01170481
457 509 41 47 0.011703252
544 532 24 24 0.011700101
9 182 20 30 0.0116950935
790 305 14 16 0.011694042
790 319 27 32 0.011689077
134 269 28 36 0.011688731
0 491 24 51 0.011687874
905 427 35 45 0.011685968
4 208 21 29 0.0116833495
0 254 28 86 0.011682069
333 1 116 110 0.011678548
160 451 31 42 0.011676866
123 272 19 22 0.011671552
660 0 15 12 0.011671299
661 523 17 19 0.011669462
895 508 12 14 0.01166889
712 289 18 24 0.01166777
292 431 34 50 0.011666622
372 0 51 33 0.011663023
1012 376 6 10 0.011660679
659 306 13 17 0.011660089
922 292 14 17 0.011659001
502 516 9 11 0.011651126
0 230 5 15 0.011648808
968 134 17 19 0.011648645
643 535 24 21 0.0116482945
24 501 11 10 0.01164814
49 246 19 27 0.01164694
828 509 8 10 0.011644161
1001 68 12 16 0.011643007
109 262 22 24 0.011640124
548 0 13 16 0.011637766
3 351 43 46 0.0116365515
999 374 25 51 0.011634325
849 319 27 34 0.0116342455
946 86 20 23 0.011633871
394 499 17 18 0.011633283
14 507 12 16 0.011630666
220 32 74 82 0.011630343
632 299 10 15 0.011629537
20 67 39 49 0.011629289
304 34 69 86 0.011627577
858 278 46 57 0.011625112
530 515 30 39 0.011620432
0 66 48 77 0.011613338
481 264 27 35 0.011611652
370 480 9 10 0.011611623
342 0 281 321 0.011611039
496 376 33 39 0.011607563
84 195 32 46 0.01160273
318 542 16 13 0.011598911
851 43 35 37 0.011598671
565 336 22 25 0.011597633
658 474 34 46 0.011597295
36 267 12 19 0.011594585
324 329 26 33 0.011585098
378 274 18 24 0.0115815615
876 155 9 12 0.011580602
707 16 47 51 0.011580019
552 0 9 9 0.011579899
0 0 152 309 0.0115797045
481 0 30 22 0.011578765
990 257 7 10 0.011578651
580 1 12 16 0.01157699
496 97 132 191 0.011576768
532 464 11 20 0.011571781
267 62 42 53 0.011565099
631 512 11 13 0.011564919
879 508 11 14 0.0115628205
980 532 8 10 0.011560563
604 227 39 48 0.011557037
989 119 8 11 0.011556694
161 509 42 46 0.01155501
175 379 8 9 0.01154995
196 546 12 10 0.01154721
923 14 23 28 0.011546706
41 27 22 30 0.0115434
38 236 23 31 0.011540054
347 334 13 16 0.01153885
699 0 31 22 0.011538476
982 133 21 27 0.011534867
1022 381 2 15 0.011533947
982 498 29 39 0.011532642
462 280 10 16 0.0115322005
943 196 37 48 0.011530673
17 542 15 13 0.011527494
836 202 12 14 0.011525012
95 409 18 24 0.011524896
672 8 16 23 0.011515997
991 243 13 16 0.0115150055
938 287 19 25 0.011514273
484 209 27 34 0.011514195
954 258 8 13 0.011510284
568 297 13 17 0.011508691
466 195 61 88 0.0115083065
810 289 13 20 0.011508163
0 266 219 290 0.011508087
373 487 8 10 0.011507525
316 16 42 49 0.011506012
1009 500 12 12 0.011505124
1020 75 4 25 0.011502278
626 319 13 15 0.011502047
382 505 10 13 0.011500134
224 299 27 32 0.011500041
229 517 12 14 0.011499314
480 522 32 34 0.011496837
672 309 27 35 0.011491746
223 523 29 33 0.0114901485
159 208 32 44 0.011487792
519 542 15 14 0.0114875315
1023 88 1 17 0.011485028
743 514 18 24 0.011483688
743 266 20 28 0.0114821885
649 225 53 79 0.011481842
305 500 10 13 0.011481184
984 47 35 42 0.011480802
981 263 13 18 0.01147779
518 508 20 24 0.011477397
207 101 40 53 0.011476485
139 283 21 26 0.01147532
790 304 43 54 0.011473944
744 277 15 22 0.01147386
74 228 29 43 0.011471926
793 546 13 10 0.011471902
191 204 22 28 0.01147044
654 5 8 10 0.01146448
0 240 5 15 0.011464103
355 256 21 28 0.011463059
251 502 8 10 0.011458563
1022 350 2 18 0.011458225
509 540 11 10 0.011457713
218 0 19 13 0.011455633
965 181 59 81 0.011453344
199 503 12 16 0.011451883
346 328 13 16 0.011447872
438 325 33 39 0.011447628
792 253 22 28 0.011446532
858 376 22 24 0.011446459
321 285 15 20 0.011444414
603 370 14 17 0.011444072
3 419 33 54 0.0114438
68 272 19 27 0.011440637
5 292 23 30 0.011435907
417 254 22 31 0.0114354845
956 517 9 10 0.011434923
991 278 25 35 0.0114328
20 45 19 26 0.011431955
628 3 7 10 0.0114316335
234 246 23 31 0.01143028
0 438 10 22 0.011430038
737 232 24 25 0.011429988
945 242 20 25 0.011426835
868 437 13 15 0.011424884
255 32 43 55 0.0114231035
455 292 16 21 0.011419678
166 379 10 14 0.011414271
62 33 74 88 0.011412931
916 11 14 21 0.011412076
170 266 7 10 0.011411855
568 97 122 185 0.011406563
634 291 11 16 0.011404115
86 542 17 14 0.011403438
663 494 19 22 0.011403404
538 351 39 50 0.011402059
250 0 285 252 0.011399256
799 286 13 15 0.0113991285
945 278 12 17 0.011398201
1010 42 11 16 0.011397505
116 0 25 18 0.011396585
854 415 29 37 0.011396216
9 180 42 55 0.011393212
838 443 17 25 0.011393076
1022 450 2 20 0.01139306
1018 462 6 29 0.011390732
989 257 13 17 0.011390164
696 510 11 16 0.011389878
192 525 11 13 0.011389857
486 312 21 25 0.011387844
242 194 35 48 0.0113865975
38 128 23 26 0.01138575
906 9 16 24 0.011384974
391 347 8 10 0.011383091
575 0 13 9 0.011380766
341 225 35 49 0.011380371
265 232 31 43 0.011379715
546 530 8 10 0.011379577
219 496 19 22 0.011378732
130 253 9 11 0.011374669
548 317 54 72 0.011374356
862 305 17 21 0.011373367
545 503 9 13 0.011372599
798 514 15 20 0.0113724265
330 198 35 45 0.011372297
946 283 19 23 0.011371115
605 248 54 72 0.011369564
886 148 21 26 0.011369459
406 496 12 14 0.011369321
12 492 15 17 0.011367174
928 254 18 23 0.011366875
78 472 83 83 0.011364508
283 12 66 80 0.011362874
454 542 15 14 0.011361663
1021 31 3 24 0.011359557
837 513 7 12 0.011358624
0 273 5 10 0.01135794
813 160 40 51 0.011357295
1012 383 10 15 0.011357286
148 498 11 13 0.011355334
903 264 16 26 0.011351344
334 320 17 22 0.01135104
467 303 20 23 0.011350644
383 0 18 12 0.011349544
602 290 17 25 0.01134713
881 282 14 17 0.011346624
706 3 26 31 0.011346594
104 130 33 36 0.011344661
679 85 261 339 0.011342478
243 262 16 24 0.0113419425
379 505 34 43 0.011341836
804 276 58 72 0.011338662
79 80 23 32 0.011337835
819 0 19 13 0.011337366
934 514 15 18 0.011337167
701 12 24 30 0.011335744
199 506 15 22 0.011335729
605 534 23 22 0.011334903
958 95 22 27 0.011333863
890 527 21 23 0.011327364
423 344 15 20 0.011326643
612 527 33 29 0.0113255745
563 269 24 31 0.011321272
594 4 45 59 0.011321056
892 286 12 16 0.011320513
185 534 10 13 0.011319418
873 300 12 17 0.011318807
770 269 28 37 0.011312356
1013 110 11 30 0.011311566
747 503 55 53 0.011309909
587 227 39 48 0.011309475
35 22 19 27 0.011308227
545 343 20 26 0.011308115
218 490 45 52 0.01130771
868 468 25 32 0.011307446
717 440 38 52 0.011300894
0 220 5 15 0.011300346
766 0 17 12 0.011299684
329 507 7 10 0.011299147
584 327 7 10 0.01129637
569 327 13 16 0.011296174
1021 332 3 20 0.01129517
906 197 35 48 0.0112907
719 270 13 18 0.011287231
1000 30 22 26 0.011286975
780 530 13 16 0.011285961
326 283 13 16 0.011281959
31 250 16 16 0.011279571
686 289 10 13 0.011278262
655 526 12 13 0.011276877
409 504 11 12 0.011275159
891 144 19 24 0.011274693
533 1 7 9 0.011271197
0 353 14 16 0.011270902
137 245 19 26 0.011269633
778 299 14 20 0.011268149
623 263 23 29 0.011267327
969 288 11 18 0.011264241
772 19 43 59 0.011259872
814 514 22 26 0.011259106
416 296 7 9 0.011258798
411 290 27 36 0.011256996
703 217 36 40 0.011254173
462 391 29 39 0.011253122
766 67 25 33 0.011250941
253 239 35 45 0.011250907
216 211 22 29 0.011248008
388 340 10 12 0.011247396
998 93 19 26 0.011244915
655 1 11 13 0.0112443855
415 235 23 31 0.011244197
391 299 29 38 0.0112438295
1019 439 5 21 0.011242158
535 3 23 34 0.011240404
21 251 15 15 0.011239114
235 59 45 56 0.011238602
624 530 9 11 0.011238075
1008 86 16 33 0.011236115
204 0 26 17 0.011236005
977 37 47 75 0.01123568
292 505 13 17 0.01123565
80 294 10 16 0.011230921
724 544 11 11 0.011230701
146 113 271 311 0.011230561
169 371 14 18 0.011230458
247 519 9 11 0.011229494
376 503 9 11 0.01122221
581 317 8 13 0.0112205325
737 508 18 22 0.011218294
590 94 77 98 0.011215384
120 490 8 9 0.011214882
269 261 56 70 0.011214734
515 544 13 12 0.011214083
11 500 13 17 0.0112094255
245 513 8 10 0.011207118
533 311 25 31 0.0112046385
128 93 41 52 0.011204575
338 484 11 12 0.011197266
522 384 13 16 0.011196162
58 291 20 26 0.0111951
159 406 12 18 0.011194026
896 512 14 16 0.011191049
236 490 48 52 0.011189587
102 237 21 29 0.011189275
868 308 12 16 0.01118925
466 239 20 28 0.011189069
608 288 17 22 0.011186704
269 408 11 21 0.011186597
994 251 8 10 0.011185674
0 115 11 29 0.011185168
929 277 53 70 0.011184861
824 198 20 24 0.011182425
61 263 6 14 0.011182086
986 241 13 16 0.011180844
23 0 15 18 0.011180679
0 463 17 26 0.011179039
51 266 7 14 0.011177265
324 78 74 94 0.011176772
30 259 51 66 0.01117086
992 88 13 17 0.011168539
971 2 8 11 0.011167836
517 514 13 18 0.0111659765
317 265 22 29 0.011165367
955 242 17 20 0.011163004
273 518 12 15 0.011160794
416 397 19 27 0.011159613
713 313 21 27 0.011158963
972 275 17 24 0.01115744
360 309 13 15 0.011156916
211 492 30 34 0.0111560095
589 191 33 43 0.011155971
414 300 17 23 0.011154826
699 5 20 27 0.011154405
924 501 16 20 0.0111516975
385 504 13 15 0.011150077
347 263 21 28 0.011149268
1021 316 3 21 0.011144721
280 58 25 32 0.011143652
545 252 32 42 0.011143492
167 95 68 88 0.011143365
680 225 36 42 0.011142674
409 299 11 14 0.011142098
1021 504 3 16 0.011140199
773 513 39 43 0.011139356
333 214 24 29 0.011136743
886 507 12 16 0.011135362
947 263 15 20 0.011133129
948 251 13 16 0.011132463
458 238 36 52 0.011131197
109 135 21 23 0.01112886
956 500 31 41 0.011127504
632 253 24 30 0.011126971
144 525 10 15 0.01112675
22 15 18 29 0.011123602
884 212 35 50 0.011116474
285 296 24 33 0.011115156
365 0 232 152 0.011114752
619 526 13 17 0.011113947
197 497 9 10 0.011110318
151 508 17 23 0.011109889
203 493 10 14 0.011109797
76 92 13 20 0.011103708
857 402 33 43 0.011100847
165 508 8 11 0.01109893
167 375 19 28 0.011098754
391 36 46 55 0.011098716
967 258 9 9 0.011095006
1008 117 16 44 0.011094831
595 333 20 25 0.011094587
717 186 22 26 0.0110936565
116 492 38 44 0.011093622
481 542 18 14 0.01109313
365 281 15 20 0.011090578
971 288 46 56 0.011086485
0 455 47 101 0.011082838
915 120 8 10 0.011079617
897 521 14 16 0.01107689
468 281 52 67 0.011076306
368 330 13 17 0.011074435
1020 491 4 20 0.011073497
138 526 9 10 0.011073328
980 93 12 17 0.011071685
783 254 49 68 0.011060814
704 522 11 14 0.0110601075
904 163 108 160 0.011059838
143 203 33 45 0.011059817
141 411 21 25 0.011057642
5 170 26 36 0.011057322
222 204 32 44 0.011056072
797 497 13 13 0.0110558085
809 308 30 35 0.011054464
104 193 33 46 0.011053466
181 240 35 43 0.011052332
324 26 26 30 0.01105147
586 529 12 14 0.011046729
802 515 9 10 0.011044505
285 441 13 17 0.011039236
391 259 31 43 0.0110383695
99 21 41 52 0.011036284
456 232 22 29 0.011035191
711 168 33 43 0.01103221
1 347 15 14 0.011029953
621 282 17 21 0.011028712
614 8 8 10 0.01102824
862 235 27 35 0.011027714
986 378 38 85 0.01102771
1001 48 14 17 0.011026686
810 0 16 11 0.011025921
237 91 41 55 0.011023935
615 193 12 14 0.011023479
46 510 30 39 0.011023358
732 267 13 16 0.011022965
51 47 14 22 0.011022488
658 493 32 43 0.011021418
747 492 11 11 0.011020625
548 150 36 51 0.011019653
380 241 21 27 0.011019302
209 545 12 11 0.011018464
961 9 22 30 0.01101767
226 93 68 92 0.011012646
551 260 32 46 0.01101212
947 134 29 35 0.011009949
20 96 37 50 0.011009592
59 279 9 15 0.011008253
208 159 57 82 0.011005429
563 233 38 42 0.011004259
374 364 19 24 0.011000429
1023 80 1 17 0.010997777
247 146 68 93 0.010997714
909 0 27 25 0.010997453
100 128 21 24 0.010996534
942 516 11 16 0.010996461
350 353 21 25 0.010995505
807 286 10 15 0.01099493
1022 78 2 20 0.010992725
912 510 8 9 0.010989641
139 490 39 46 0.010989018
60 99 40 52 0.010986127
742 272 12 17 0.010983799
834 505 11 14 0.010978772
539 546 13 10 0.010978223
635 297 10 14 0.010977165
518 313 37 44 0.010972774
1023 467 1 18 0.010968429
945 59 40 46 0.010966633
948 517 13 16 0.010966276
981 0 21 18 0.010963744
887 382 16 12 0.010962513
465 284 17 22 0.010961767
405 298 27 37 0.01096154
413 264 31 40 0.010961217
997 407 27 64 0.010959204
776 218 35 48 0.010958682
33 119 11 18 0.010955544
381 238 15 18 0.010955403
326 498 19 22 0.01095529
810 387 13 15 0.010955269
97 0 25 18 0.010949388
735 514 41 42 0.01094898
3 463 32 46 0.010947557
352 515 32 40 0.010946806
0 55 6 19 0.010944273
690 501 8 9 0.010943729
791 508 14 16 0.010943208
420 116 76 110 0.010942518
66 264 7 12 0.010942468
724 447 20 29 0.010941634
867 385 13 14 0.010940117
952 247 14 16 0.010939638
60 524 11 13 0.01093905
343 499 16 20 0.010938065
912 530 9 10 0.010937071
0 138 9 16 0.010936983
433 307 12 13 0.010935199
410 342 15 21 0.010932031
38 544 13 12 0.0109294895
717 228 36 40 0.01092627
1013 382 6 10 0.010924868
464 544 14 12 0.010924558
574 397 20 21 0.010921745
1019 287 5 24 0.010917421
797 19 24 30 0.01091709
346 222 58 84 0.0109169
930 293 11 18 0.01091656
282 0 32 24 0.010912857
894 338 21 29 0.010909408
616 0 36 27 0.010905072
63 275 12 20 0.010904109
606 0 233 141 0.010903241
594 533 23 23 0.010901715
816 390 20 22 0.010900466
982 123 7 10 0.010898217
85 219 31 44 0.010898042
805 284 10 12 0.010897651
686 271 10 19 0.010896065
24 518 11 13 0.010895695
755 504 13 17 0.010894362
837 238 28 34 0.010891512
27 12 21 30 0.010890586
44 487 41 38 0.010890347
0 15 6 18 0.0108896205
13 448 34 52 0.010889248
0 290 13 19 0.01088807
237 277 12 17 0.010884475
702 252 23 30 0.010884466
705 528 13 14 0.010883104
808 316 11 14 0.010882323
616 107 115 184 0.010880578
552 341 26 32 0.01087785
122 538 18 18 0.010876976
1002 546 13 10 0.010876003
967 515 9 11 0.010875561
802 507 22 27 0.010875161
784 404 60 88 0.010873102
815 40 209 354 0.010867305
24 476 13 18 0.010864295
262 378 29 48 0.010863691
372 0 31 19 0.010862965
666 522 8 10 0.010862408
590 546 11 10 0.0108616995
0 86 3 10 0.0108613195
585 342 22 27 0.0108600985
464 285 11 16 0.010859963
11 54 17 20 0.010858098
686 287 7 11 0.010858033
120 32 24 28 0.010857262
66 0 15 13 0.010857255
142 0 17 14 0.010856949
376 545 9 11 0.010854241
1020 454 4 19 0.010852965
949 78 21 26 0.01085263
106 467 10 17 0.010852206
842 298 20 26 0.0108519
257 93 257 319 0.010851842
650 507 26 37 0.010851734
286 262 22 30 0.010851357
594 534 9 12 0.010849897
914 303 18 23 0.010849668
964 194 39 51 0.01084898
66 76 59 76 0.010848416
412 334 8 10 0.0108465
252 290 30 37 0.010846159
854 214 39 53 0.010844806
847 543 16 13 0.010844433
192 245 12 16 0.010843938
243 226 34 47 0.010842245
290 273 30 40 0.010841537
466 252 49 67 0.010840956
184 0 11 10 0.010840848
969 497 31 41 0.010834944
361 223 37 49 0.010831771
977 127 8 11 0.01083171
118 503 19 24 0.010831124
5 533 8 9 0.010829968
977 130 20 21 0.010829075
621 0 10 10 0.010822767
669 518 33 37 0.010821746
62 272 7 12 0.01082174
251 202 36 50 0.010820752
86 53 39 51 0.01082033
137 334 20 30 0.010819954
966 135 10 14 0.010819533
973 267 9 15 0.010817509
115 277 26 32 0.010816862
889 516 17 19 0.01081623
966 301 57 71 0.010815422
200 174 41 54 0.010815047
371 540 10 11 0.0108143
334 500 14 18 0.010811683
560 303 12 18 0.010811033
645 254 21 28 0.010810859
806 96 26 29 0.010808939
189 101 42 54 0.010806376
485 294 11 16 0.010804722
109 504 12 11 0.010804642
0 388 12 32 0.010803292
923 162 59 83 0.010800997
729 431 39 54 0.010800657
654 514 17 23 0.010799184
910 120 17 21 0.010798804
668 498 9 11 0.0107962545
371 317 12 14 0.010793501
147 320 23 39 0.0107931215
137 455 21 30 0.010791449
28 26 12 19 0.010791168
760 297 13 15 0.010791132
126 0 25 17 0.010788838
463 141 72 104 0.01078867
787 0 14 11 0.010788471
957 497 9 10 0.0107864225
41 291 13 14 0.01078592
47 0 25 17 0.010785516
885 174 18 20 0.01078509
877 146 32 40 0.010784444
5 442 20 28 0.0107839
946 138 17 21 0.01078298
70 529 11 13 0.010780407
356 239 19 24 0.010779992
644 189 60 90 0.010779689
419 386 25 35 0.0107792765
802 104 64 79 0.01077898
253 261 34 40 0.010778056
615 494 19 23 0.0107756695
5 21 20 26 0.010773908
745 521 12 14 0.010772436
657 0 11 10 0.010771806
113 492 9 12 0.01076774
469 272 17 19 0.010767486
195 508 25 30 0.010765103
376 482 39 47 0.010764743
466 254 22 30 0.010764626
488 279 13 19 0.010762887
184 108 69 94 0.010762671
935 68 39 49 0.010761936
476 541 14 14 0.010761283
70 223 21 31 0.010759401
61 72 13 20 0.010759322
840 464 35 43 0.010758262
347 292 10 15 0.01075674
731 384 34 45 0.010754818
379 315 17 21 0.010749328
420 477 22 26 0.010749027
754 314 21 26 0.0107484795
456 0 198 128 0.010748348
23 330 13 19 0.010747305
853 200 13 16 0.010746887
88 33 23 28 0.010746511
762 321 24 32 0.010743645
887 127 31 38 0.010741871
84 450 35 47 0.010740842
7 157 152 180 0.010740104
995 100 18 25 0.010739425
851 108 22 31 0.010738913
762 530 18 21 0.010736444
456 62 142 192 0.0107338885
942 8 22 29 0.010732253
203 72 68 92 0.010732024
233 213 33 47 0.010731694
90 116 64 87 0.010731373
289 286 15 20 0.010729421
669 0 35 35 0.010727112
720 287 10 17 0.010727086
46 186 22 27 0.010726978
983 223 19 26 0.010722991
10 81 23 32 0.010722809
415 541 14 15 0.010721194
699 302 13 14 0.010720864
483 9 68 78 0.0107199615
693 233 45 59 0.010719159
532 383 12 20 0.010718286
296 505 49 51 0.010717818
335 486 16 16 0.010716928
943 11 41 56 0.010715943
951 487 9 10 0.01071559
774 21 143 157 0.01071533
0 538 5 12 0.010714966
343 210 25 32 0.010714804
285 336 28 39 0.010713269
536 500 7 10 0.010712641
136 512 10 11 0.010711651
402 0 30 20 0.010711359
106 506 8 10 0.010711157
753 67 24 31 0.010711135
78 3 23 31 0.010710397
756 163 38 49 0.010708816
792 518 30 36 0.0107086655
324 15 24 30 0.010708416
44 229 23 27 0.010707363
962 55 22 28 0.010707176
430 338 11 14 0.01070635
1018 235 6 28 0.010702971
105 253 10 16 0.010700531
54 61 11 17 0.010699214
257 294 36 45 0.010696781
16 288 27 33 0.010696606
124 255 13 17 0.0106950635
970 278 11 17 0.010694142
914 415 35 52 0.010692593
766 205 54 78 0.010689153
394 350 11 12 0.010687459
330 4 24 29 0.010686119
370 493 9 9 0.010684577
547 236 30 37 0.010681632
365 253 22 29 0.010679047
965 127 34 40 0.01067581
865 475 32 43 0.010675785
555 384 22 28 0.010674983
584 114 41 53 0.0106746275
12 100 11 18 0.0106744515
106 182 59 82 0.010674319
266 414 20 31 0.010673512
899 294 18 23 0.010671933
513 500 23 26 0.010668597
925 197 37 47 0.010665827
769 520 9 11 0.010663595
824 305 20 25 0.010662655
34 13 13 18 0.0106611615
875 47 74 90 0.010659208
593 515 9 11 0.010656133
627 226 38 46 0.010651248
209 419 33 43 0.010650491
757 187 18 22 0.010649495
4 54 18 21 0.010648204
971 9 22 30 0.010648047
116 23 43 53 0.010647702
55 502 11 15 0.01064653
412 308 50 64 0.010646001
766 523 12 15 0.010645218
255 512 31 39 0.010644499
507 500 10 10 0.010641647
942 508 8 13 0.010641647
27 9 10 15 0.010641318
10 160 34 46 0.010640579
324 251 26 36 0.010638949
364 488 10 13 0.010636511
295 0 27 21 0.010635912
724 197 60 84 0.010635882
842 107 37 48 0.010634488
928 162 11 15 0.010633573
1007 385 10 16 0.010632508
1022 266 2 20 0.010630056
969 79 11 13 0.010629867
810 301 10 18 0.010629647
38 7 38 45 0.010629379
958 465 32 43 0.010629091
754 537 11 16 0.010628793
1014 546 10 10 0.0106269475
691 302 45 57 0.010626424
932 497 21 29 0.010625518
808 544 12 12 0.01062504
107 525 8 10 0.01062427
905 125 34 42 0.010623616
156 187 12 15 0.010623566
528 500 19 21 0.010619672
422 298 10 12 0.010619357
896 526 10 11 0.010618324
381 349 10 12 0.0106150145
641 300 18 22 0.010614885
8 198 21 30 0.010614186
21 478 19 26 0.010613525
412 521 12 14 0.0106133595
367 341 20 25 0.0106125735
926 108 13 18 0.010612185
956 510 8 10 0.010610924
149 523 22 27 0.010609794
202 496 7 10 0.0106094675
583 0 23 16 0.010609181
311 244 32 46 0.010608652
857 53 21 22 0.010607582
939 262 18 25 0.0106067965
23 78 24 31 0.010606469
1012 183 12 34 0.010604439
1023 367 1 16 0.010602663
424 502 33 33 0.010601389
919 213 24 29 0.010599878
153 506 12 14 0.010598539
184 258 20 25 0.01059669
1023 476 1 18 0.010596388
979 0 32 31 0.010595223
174 267 17 20 0.010594212
376 336 22 26 0.010593981
934 290 12 19 0.010593607
426 496 61 60 0.010592983
933 154 19 21 0.010592811
848 412 9 15 0.010591504
311 327 31 39 0.010590258
243 286 17 22 0.010588858
349 239 19 25 0.010588457
375 211 24 31 0.010587838
7 144 22 26 0.010586195
392 505 13 14 0.010585852
431 0 34 25 0.010585267
590 516 33 39 0.010584681
185 121 112 170 0.010583406
431 532 12 17 0.010580804
665 0 19 22 0.01057883
827 499 13 13 0.010577689
421 102 125 187 0.010575438
150 365 17 24 0.010575403
172 199 33 41 0.010575309
967 544 12 11 0.010574999
30 74 40 51 0.010574869
608 24 7 11 0.010574659
705 448 38 54 0.010574207
401 350 11 14 0.010572233
825 500 21 25 0.010572083
730 451 20 29 0.010568915
255 0 25 16 0.010568638
389 353 15 18 0.010563238
419 58 74 98 0.0105629
589 7 7 9 0.010562513
674 521 16 15 0.010562323
1017 163 7 29 0.010560933
83 107 16 20 0.010559851
36 187 30 39 0.010558636
408 0 139 97 0.010558337
60 272 35 45 0.01055818
998 116 8 12 0.010558128
970 102 24 32 0.010554334
112 103 38 49 0.010553303
572 337 27 33 0.010552625
677 306 14 17 0.010550701
127 2 21 29 0.0105491355
666 298 57 71 0.010547906
858 131 31 41 0.0105475485
124 390 33 39 0.010543652
390 221 59 81 0.01054123
806 0 14 9 0.010540669
347 150 38 52 0.01054052
660 396 21 24 0.010540285
350 303 12 16 0.010539311
52 183 56 80 0.0105389245
1004 292 20 26 0.010533434
496 314 20 25 0.010531781
474 255 22 29 0.010531714
740 300 11 15 0.010530844
460 288 16 20 0.010530202
285 88 73 98 0.010528602
357 320 10 14 0.010527418
449 224 55 81 0.010527338
973 256 9 12 0.01052674
0 368 51 78 0.01052641
991 527 11 13 0.010526408
443 212 24 32 0.010524839
12 524 21 26 0.010519076
871 512 8 10 0.010518921
403 44 46 56 0.010518913
249 524 26 29 0.010518514
723 506 8 10 0.010516003
234 500 7 9 0.0105143115
208 246 20 28 0.010513722
356 508 12 14 0.010509018
111 264 12 16 0.010508421
108 135 64 90 0.010508352
848 473 35 43 0.01050793
803 23 43 54 0.010507411
287 182 41 54 0.010507363
430 197 34 46 0.010507191
903 133 8 12 0.010506672
871 281 17 21 0.010505011
1011 0 13 14 0.010504666
988 0 18 13 0.010502705
13 496 9 12 0.010501101
670 179 20 24 0.01050003
936 19 21 28 0.010497249
828 229 46 60 0.010496822
488 299 9 14 0.010494544
302 234 32 44 0.010494083
240 165 35 46 0.010492678
978 467 32 42 0.01049254
30 362 43 48 0.010491471
878 543 14 12 0.010491095
734 304 9 10 0.010490401
20 38 36 42 0.010487979
94 417 12 16 0.010487977
422 275 31 41 0.010486592
1022 343 2 19 0.010486118
951 150 8 13 0.010485763
704 136 40 56 0.010485557
934 102 12 14 0.010485263
447 0 11 10 0.010484337
916 132 14 16 0.010483296
845 199 58 83 0.0104830535
166 345 24 32 0.010482942
1022 85 2 20 0.010480413
679 532 8 10 0.010478189
792 271 8 9 0.010478132
336 137 40 54 0.010477887
874 464 32 43 0.010477738
101 503 20 27 0.010477152
319 520 10 13 0.010472263
43 256 13 15 0.010470041
829 0 19 14 0.010466569
653 520 13 14 0.010465974
937 271 10 13 0.01046537
373 233 21 26 0.010464839
275 8 23 32 0.01046437
568 278 33 44 0.0104642
1021 63 3 18 0.010463969
900 53 23 29 0.010462864
285 322 26 35 0.010462852
745 527 11 14 0.01046137
860 520 10 9 0.0104604345
323 358 23 27 0.010459341
388 364 19 24 0.010455658
872 109 22 29 0.010454952
964 41 40 46 0.0104548065
210 0 16 10 0.01045396
926 289 13 18 0.010453074
60 274 7 12 0.010452229
805 197 58 83 0.010451356
49 277 7 12 0.010449951
912 255 14 18 0.010449741
736 310 37 46 0.010448377
422 467 30 39 0.010448198
512 537 11 11 0.010446631
640 438 37 53 0.010444956
1000 261 19 27 0.010440926
991 516 12 16 0.010440895
374 375 18 22 0.010436542
397 374 18 26 0.01043558
808 219 29 28 0.010431904
640 0 25 27 0.010431878
767 11 36 45 0.010430469
0 455 14 26 0.010428937
330 496 14 17 0.010428429
377 520 8 10 0.010425913
429 309 11 10 0.010423831
762 40 45 57 0.010423633
291 269 22 28 0.010422898
349 321 12 12 0.0104215555
755 199 14 14 0.010419561
555 536 22 20 0.010418698
66 529 9 10 0.010418158
234 546 12 9 0.010416375
863 300 11 15 0.010413704
233 520 33 36 0.0104131065
966 294 18 23 0.010412941
247 282 18 23 0.010412488
952 212 21 27 0.0104124015
650 458 34 51 0.010411607
779 1 24 33 0.01041126
12 111 35 41 0.0104108555
273 374 30 45 0.010410627
603 0 11 10 0.010409883
28 63 23 31 0.010409374
869 56 41 50 0.010408563
92 47 22 29 0.010407311
0 306 5 9 0.010407008
397 352 11 14 0.010406178
362 16 47 57 0.010406003
18 68 24 31 0.010405867
257 386 21 36 0.01040585
69 245 20 29 0.010404838
304 307 18 23 0.010404685
344 300 15 22 0.01040416
662 80 70 89 0.010403126
406 491 58 64 0.010401953
672 217 32 39 0.010400967
844 322 20 24 0.010399217
154 400 13 17 0.010398867
572 2 8 11 0.010397473
728 517 10 14 0.010393736
371 460 31 40 0.010392312
924 79 37 48 0.010392184
658 217 33 41 0.010391764
119 37 9 11 0.010391424
70 527 17 20 0.010391234
537 216 109 156 0.01039109
1017 420 7 18 0.010390344
1003 251 11 16 0.010389765
126 39 22 28 0.010383931
209 516 18 26 0.010383756
110 432 39 50 0.010383542
0 210 5 15 0.010382217
621 533 9 11 0.010382184
1013 452 11 31 0.010380457
675 237 37 49 0.010379869
198 210 45 63 0.010378635
902 0 22 21 0.010377606
632 284 11 15 0.0103771165
1018 504 6 10 0.010377084
394 229 22 27 0.010375831
632 308 11 16 0.010374547
382 220 32 44 0.010374542
1023 452 1 20 0.010372905
511 495 11 12 0.010372481
375 373 14 15 0.010371119
619 195 13 14 0.010369741
876 546 8 10 0.010366365
884 95 37 48 0.010365757
962 140 17 20 0.010365475
794 295 8 10 0.010362603
531 510 16 23 0.010362162
219 265 12 19 0.010362107
594 545 11 11 0.010361829
627 37 6 9 0.010360878
645 306 18 21 0.010360316
701 152 68 97 0.010359946
271 401 27 40 0.010359723
236 6 24 32 0.010359406
730 235 31 40 0.010359396
118 65 42 52 0.010359351
873 539 8 12 0.010357841
784 130 69 92 0.010357825
988 521 17 24 0.010357274
79 96 15 19 0.01035688
833 38 45 49 0.010354559
736 287 8 10 0.010352741
356 309 7 9 0.010350851
138 248 8 12 0.010348317
967 445 22 31 0.010348301
341 505 32 42 0.010347943
209 472 19 27 0.010347487
974 135 10 13 0.010346759
743 313 21 26 0.010346413
158 269 10 12 0.010346221
229 230 56 70 0.010345576
8 0 12 9 0.010345243
585 22 7 10 0.010344544
1005 263 12 17 0.0103439195
928 146 30 37 0.010343838
864 49 23 26 0.010342749
795 510 23 30 0.0103408
586 137 39 55 0.0103397705
368 487 9 10 0.01033849
622 200 13 14 0.010337699
185 460 12 13 0.010337331
86 76 66 84 0.010337166
1022 519 2 17 0.010336107
878 389 32 40 0.0103360675
464 274 18 23 0.010335765
658 115 115 176 0.0103351725
248 149 39 54 0.010334116
775 284 24 29 0.010333548
927 514 7 10 0.0103319
557 313 9 17 0.010331525
1001 157 23 48 0.0103307245
88 525 13 13 0.01033007
871 318 26 32 0.010327628
12 412 36 51 0.010327112
245 301 29 36 0.010326128
424 293 26 32 0.010324166
290 421 27 41 0.010322605
154 527 10 13 0.010317714
961 141 9 11 0.010317592
0 192 12 23 0.010315119
716 153 35 49 0.010314827
989 46 21 25 0.01031354
496 482 27 34 0.010313131
434 342 14 17 0.010311962
888 437 30 42 0.010309599
139 256 7 11 0.010308951
259 184 39 51 0.010307162
975 115 34 40 0.010306569
207 301 22 28 0.0103063695
1018 518 6 16 0.010305459
472 318 27 33 0.010305201
536 509 8 10 0.010305067
169 94 41 53 0.010302603
1021 466 3 20 0.010300633
908 287 12 18 0.010299858
15 111 18 27 0.010299689
956 136 32 37 0.010298051
782 33 43 56 0.010295588
447 10 70 79 0.010294717
833 506 8 9 0.010293933
621 1 61 65 0.010293818
865 250 19 26 0.010292295
474 316 14 16 0.010288907
694 508 9 9 0.010288616
92 90 22 27 0.010286615
961 480 13 14 0.010286558
910 521 12 16 0.010286284
145 302 17 24 0.0102862725
474 428 12 14 0.010285755
228 0 19 12 0.010285678
147 112 68 91 0.010285496
593 357 22 27 0.010283347
431 512 19 21 0.010283079
170 277 265 279 0.010282022
943 506 8 9 0.010281466
16 359 45 41 0.010280653
497 500 29 36 0.010279497
45 20 11 16 0.010278269
561 366 22 27 0.01027777
831 479 12 14 0.010276611
368 369 20 25 0.01027652
586 195 19 25 0.010275946
887 49 44 53 0.01027516
822 186 23 29 0.010275124
910 173 18 20 0.010274581
20 519 18 20 0.010273716
494 318 28 35 0.010273393
973 324 24 29 0.0102727525
128 140 40 51 0.010271878
288 501 21 26 0.010270594
155 270 28 36 0.010270547
614 312 14 16 0.010267829
639 530 9 11 0.010265419
48 28 13 14 0.010265371
181 458 8 14 0.01026345
467 510 13 13 0.010263322
648 2 61 69 0.010262766
75 518 26 33 0.0102626365
198 509 9 10 0.010261184
617 529 10 12 0.010260296
795 95 26 30 0.010259541
868 285 12 17 0.01025914
929 518 17 25 0.010259059
5 62 16 21 0.010258725
635 30 41 53 0.010255072
0 72 5 16 0.010254637
661 498 14 17 0.010254098
630 284 18 24 0.010253745
9 456 20 29 0.01025198
282 438 33 50 0.010251972
352 293 7 11 0.0102517605
631 531 10 12 0.010251337
860 386 9 11 0.010250447
335 475 14 16 0.010249961
952 5 14 18 0.010248427
1021 511 3 15 0.010248387
971 226 16 21 0.010246866
62 258 7 9 0.0102467425
226 235 22 29 0.0102467295
525 409 11 14 0.010246664
545 344 12 16 0.010245898
94 122 32 36 0.010245173
718 509 8 9 0.0102418205
99 171 40 57 0.010241197
946 166 36 45 0.010240428
246 497 19 22 0.010239524
365 501 8 9 0.010238789
1023 378 1 12 0.010235253
957 367 42 54 0.010234304
596 211 39 47 0.010233719
0 224 14 25 0.010231712
323 0 17 12 0.010229405
829 381 14 13 0.010228389
112 185 36 46 0.010227974
165 501 18 19 0.01022649
423 13 67 83 0.010225712
145 359 26 40 0.01022546
1021 243 3 20 0.010225436
963 137 8 12 0.010223797
273 0 28 20 0.010223497
276 314 16 22 0.010221979
871 222 27 36 0.0102217905
714 284 12 17 0.010220236
991 495 24 23 0.010220026
148 94 41 51 0.010218068
471 518 13 14 0.010217032
308 194 39 51 0.01021522
19 10 11 18 0.010215002
888 493 30 40 0.010213914
768 231 34 41 0.010213303
571 265 30 38 0.010213204
264 532 11 14 0.010213152
0 478 6 17 0.010211904
181 539 17 17 0.010210001
61 517 32 38 0.01020955
672 267 14 16 0.010208682
968 480 30 39 0.0102084465
475 4 6 10 0.010208179
0 420 6 18 0.010207772
865 54 14 15 0.010207154
218 276 13 18 0.010206713
52 259 11 14 0.01020667
203 0 17 13 0.010206526
541 518 32 37 0.010205841
789 286 11 17 0.010202184
189 487 27 29 0.010201794
648 426 36 50 0.010201118
717 452 21 29 0.010199394
640 92 75 97 0.010198019
896 209 36 50 0.010197632
109 542 14 13 0.010196896
709 531 11 15 0.0101948185
520 207 24 31 0.010194556
512 14 12 18 0.01019433
0 326 17 43 0.010193591
886 281 13 16 0.010191678
964 84 17 21 0.010190816
961 5 12 17 0.010190656
1023 496 1 14 0.010189293
102 153 38 51 0.01018551
403 385 16 26 0.0101854615
129 156 61 88 0.010185305
635 21 7 9 0.010185032
878 508 8 9 0.010184976
678 106 74 100 0.010184736
615 543 11 12 0.010184256
346 466 96 90 0.01018408
989 506 14 19 0.010183996
96 31 20 23 0.010183826
916 106 21 23 0.010183773
474 0 24 18 0.010183232
541 111 78 112 0.010181469
32 385 22 25 0.01018106
307 276 21 27 0.010180779
1006 134 18 45 0.010179805
911 63 42 53 0.010179651
65 256 14 20 0.010179441
518 0 14 17 0.010178807
139 490 10 13 0.010178532
341 326 12 15 0.010178393
86 499 24 31 0.010175245
60 493 13 15 0.010175169
204 202 23 28 0.010174447
761 0 39 32 0.01017334
229 497 17 20 0.0101726465
902 117 17 21 0.010171966
725 303 14 16 0.010171912
8 273 13 18 0.010171173
946 520 7 10 0.010165676
295 251 50 66 0.010165038
195 218 20 25 0.010164937
471 199 36 45 0.010164812
541 308 13 13 0.010164292
427 340 8 11 0.010163845
135 511 16 23 0.010163397
38 45 13 19 0.01016219
84 0 30 22 0.010162145
519 0 36 26 0.010160413
878 314 31 40 0.010159995
384 288 10 16 0.010158809
1 86 10 15 0.010154988
110 32 25 28 0.01015397
368 263 54 71 0.010153807
32 0 15 10 0.0101532405
795 345 156 207 0.010152622
406 299 17 21 0.01015168
983 66 11 16 0.010151103
518 151 36 50 0.010151059
1021 498 3 16 0.010147623
797 0 10 10 0.010145297
75 184 32 45 0.010145034
883 507 10 13 0.010144799
209 468 16 19 0.010144424
862 108 22 30 0.010144193
271 260 31 43 0.010144174
407 504 17 19 0.01014377
929 88 57 70 0.010143339
458 528 14 15 0.010140346
956 392 41 52 0.010137576
142 495 21 23 0.010137539
17 261 12 19 0.010137359
521 353 28 40 0.010137023
612 319 17 22 0.010136094
91 535 9 9 0.01013363
230 496 7 9 0.010133457
826 384 10 10 0.01013336
663 265 16 21 0.010133332
343 16 47 56 0.010132899
1022 290 2 18 0.010131978
99 450 35 46 0.010130043
168 502 10 11 0.01012989
89 397 35 46 0.0101292115
212 520 29 34 0.010129028
188 6 18 36 0.010127399
489 212 35 49 0.010126535
265 0 25 16 0.010126277
110 142 40 53 0.010125602
393 337 16 17 0.010125035
183 454 18 27 0.010124362
89 0 19 13 0.01012399
592 339 25 32 0.0101226345
201 502 8 11 0.010120716
769 515 8 10 0.01011907
1019 306 5 24 0.010119051
546 191 64 90 0.010118932
204 230 29 42 0.010117736
784 532 10 11 0.010116216
147 423 11 12 0.010115973
328 37 41 55 0.010113398
944 515 7 10 0.010109995
324 503 13 15 0.0101090055
131 505 16 20 0.010108845
153 318 30 44 0.01010742
66 494 12 15 0.010106696
342 501 11 16 0.010105709
935 93 18 20 0.010103832
961 12 46 58 0.010102348
227 222 21 29 0.0101013
1023 93 1 17 0.010100951
986 125 20 23 0.01009954
964 3 8 11 0.010098775
902 544 14 12 0.010095206
447 231 22 29 0.01009375
773 323 21 26 0.010093461
0 325 12 21 0.010093392
49 269 7 12 0.010093314
1019 196 5 28 0.010092989
921 303 22 27 0.010092854
19 0 13 11 0.010092325
885 61 22 29 0.010090904
382 350 28 35 0.010090558
932 303 21 26 0.010090531
864 94 38 48 0.010089543
963 484 21 26 0.010089202
944 407 41 55 0.010088461
3 529 12 17 0.010087608
778 308 12 16 0.010086117
214 404 42 53 0.01008574
276 45 42 54 0.010084304
870 134 29 36 0.01008428
948 356 39 45 0.0100835515
82 156 21 25 0.01008068
18 238 23 26 0.010078847
1023 502 1 14 0.010076761
105 476 7 11 0.01007618
134 0 44 45 0.01007554
902 319 23 28 0.01007212
686 295 11 17 0.010069403
1023 540 1 15 0.0100691505
73 441 36 50 0.010068472
916 264 17 21 0.010068216
977 299 31 35 0.010067674
128 405 22 26 0.010067272
41 41 22 26 0.010062998
1017 121 7 28 0.010062609
728 543 12 13 0.010062126
23 107 11 19 0.010061088
373 496 11 13 0.010059291
97 459 24 33 0.010058433
651 310 18 21 0.010058367
388 252 20 29 0.010056749
952 28 21 31 0.01005645
796 161 39 52 0.010056243
549 453 34 48 0.010054389
242 498 30 37 0.010054117
576 496 19 24 0.010053701
511 507 13 16 0.010051441
505 529 12 13 0.010050987
41 81 41 54 0.010050322
3 521 19 26 0.010050051
947 34 21 30 0.010049439
212 539 13 15 0.010048336
545 508 11 17 0.010047699
799 226 27 24 0.010046943
231 44 32 34 0.010046471
0 483 10 22 0.0100464
730 295 13 15 0.010043193
713 543 16 13 0.010042882
332 31 26 29 0.01004253
810 270 27 37 0.010040379
43 307 19 25 0.010040121
1023 353 1 14 0.010039709
128 501 14 18 0.010039594
576 30 8 9 0.010039338
893 489 20 26 0.01003846
856 189 35 45 0.010037189
426 326 7 9 0.010035812
390 150 38 53 0.010035702
926 167 34 44 0.010035547
952 113 19 25 0.010034563
383 482 12 16 0.0100340685
826 480 8 10 0.010033616
768 321 13 18 0.010031976
76 510 13 16 0.010031381
947 149 7 12 0.010029802
945 381 61 95 0.010029633
103 75 38 48 0.010029556
19 183 20 29 0.0100288745
969 139 55 76 0.010024739
685 196 60 87 0.010024261
393 60 45 59 0.010024193
2 546 14 10 0.010024048
601 258 26 34 0.010023035
627 523 33 33 0.010022653
188 28 44 62 0.010020952
372 287 13 17 0.010020864
825 507 8 10 0.010020735
933 21 40 55 0.010019972
341 311 7 10 0.010019749
344 312 9 10 0.010017835
892 519 11 12 0.010017252
53 114 38 49 0.010016427
905 271 10 17 0.010015374
891 68 22 30 0.010013597
709 516 30 38 0.0100132525
555 6 43 58 0.010013196
378 307 10 14 0.010013006
569 169 21 27 0.010011115
132 228 30 41 0.010010508
832 517 9 12 0.010010504
994 477 22 27 0.010009968
1007 99 13 17 0.010009232
748 501 9 10 0.010009099
109 69 14 18 0.010008356
816 116 41 51 0.010008127
406 342 9 13 0.0100079775
151 0 34 26 0.010007532
445 169 67 97 0.010007164
429 326 8 9 0.010004373
337 48 43 60 0.010003017
734 311 20 26 0.0100023355
646 151 39 52 0.010001922
1023 71 1 15 0.010001452
849 516 14 16 0.010001175
1022 389 2 15 0.0100002065