8_Election_Campain_Election_Campaign_8_133
2532
22 112 33 44 0.8264378
725 179 35 32 0.7893169
855 193 28 32 0.75754005
903 186 29 34 0.7417821
946 186 28 28 0.67942536
625 167 30 41 0.6403566
194 91 75 147 0.57023996
439 180 21 20 0.4223403
430 175 25 24 0.11959168
435 184 18 15 0.09668207
918 162 9 11 0.090295784
305 147 15 19 0.08951613
633 165 20 30 0.07855671
159 315 18 23 0.077595964
442 161 22 26 0.0750486
900 190 17 26 0.07375104
444 172 19 21 0.06859748
34 227 13 11 0.067636676
448 180 18 17 0.067233846
339 143 9 10 0.060664225
26 99 45 59 0.057938997
917 191 21 27 0.057572145
216 160 50 80 0.05626289
0 271 11 13 0.055159334
247 374 35 37 0.054988977
217 102 47 95 0.054889817
130 96 127 166 0.05375457
304 140 13 13 0.05334773
950 187 34 39 0.052659914
410 141 30 37 0.052494034
238 378 45 59 0.05198676
652 171 8 11 0.05134806
437 165 29 36 0.048234522
439 188 15 15 0.04798933
637 172 25 30 0.04772082
916 163 8 9 0.04665432
0 270 15 23 0.04511426
482 196 11 14 0.04441664
158 52 106 161 0.043775212
936 189 27 29 0.043734655
433 181 14 16 0.04371393
443 185 13 12 0.04131298
956 190 24 23 0.04123338
905 195 32 41 0.04065852
206 73 47 70 0.040077653
181 330 25 30 0.040039144
761 268 16 13 0.03940244
864 199 25 29 0.03938353
251 142 16 25 0.039135963
720 186 34 39 0.038669705
846 200 27 29 0.038461864
395 131 21 20 0.03814277
4 123 40 52 0.037805103
946 195 18 20 0.03767861
451 168 20 25 0.03766604
942 171 29 38 0.037467737
894 238 8 13 0.036874257
875 181 36 40 0.036770128
846 186 27 32 0.03645196
304 138 18 21 0.036358982
55 200 7 10 0.036320485
905 170 31 42 0.03610255
608 168 38 50 0.036006466
426 182 23 21 0.03599757
68 215 9 10 0.035454195
436 153 23 28 0.035292733
200 168 68 122 0.035263713
427 171 33 40 0.034811962
437 181 31 34 0.034002047
384 136 18 21 0.03397317
912 163 9 10 0.033969127
412 171 67 69 0.033949003
11 141 17 22 0.033744648
906 194 18 23 0.03374045
405 151 31 42 0.033725426
440 171 16 20 0.033629775
933 261 16 16 0.033305485
425 174 20 23 0.03326959
390 136 11 15 0.033031605
966 184 17 27 0.03297413
177 321 21 29 0.032763295
69 193 11 14 0.032617576
341 140 8 11 0.032390136
411 360 50 58 0.03222071
890 239 11 17 0.03219077
197 92 50 74 0.032158356
230 265 10 11 0.032063656
296 148 22 26 0.031603575
217 72 77 139 0.031568017
38 49 82 94 0.031558823
633 176 33 45 0.03139451
429 163 24 28 0.031179488
868 205 16 20 0.03103862
849 199 12 15 0.030802622
436 178 17 15 0.030376311
685 162 21 24 0.03032406
896 178 28 35 0.030311879
366 141 18 23 0.030269468
907 180 20 28 0.030138778
623 171 24 26 0.030090893
70 194 15 21 0.02986013
0 112 19 51 0.02983637
247 367 26 31 0.02982396
33 130 25 29 0.029685648
2 268 12 11 0.029647598
3 306 22 25 0.029607343
892 238 14 22 0.0295081
831 0 193 173 0.029450485
865 210 15 18 0.029277096
634 189 20 26 0.029177833
895 192 32 38 0.029099617
376 141 34 40 0.029082363
69 199 8 10 0.029021548
300 130 18 22 0.02900291
32 120 50 63 0.02888639
207 128 98 159 0.028830059
942 189 17 20 0.028801637
329 171 19 24 0.028641611
737 187 30 27 0.028441388
844 211 21 27 0.02828551
920 166 7 9 0.028270936
33 133 65 84 0.028252143
926 195 12 17 0.028123468
11 101 36 48 0.028110871
899 161 14 16 0.02794057
718 181 24 26 0.027487624
336 140 13 16 0.027481835
452 167 13 17 0.027448064
916 179 20 29 0.027385784
932 265 17 20 0.027261043
446 183 13 12 0.027154718
67 163 106 101 0.027064692
452 158 20 26 0.026959417
647 169 13 18 0.026897611
897 185 16 24 0.026643101
301 138 25 33 0.026560364
928 192 17 24 0.026325667
376 136 22 24 0.02626722
897 245 15 17 0.02624745
0 0 64 85 0.026102263
208 54 134 201 0.0260581
12 120 28 34 0.025979558
236 136 61 105 0.025893439
473 187 11 16 0.025877966
45 39 129 127 0.02582222
451 182 22 24 0.025678847
453 174 13 15 0.025615742
290 148 19 23 0.02558791
215 456 13 16 0.025487546
918 199 24 29 0.025400575
842 205 15 22 0.025214633
934 169 47 57 0.025184339
902 208 23 30 0.025145952
375 127 38 40 0.025117258
951 201 14 17 0.025036486
483 196 18 20 0.025018062
59 43 88 81 0.02490794
722 176 51 54 0.024862058
846 202 16 20 0.024810394
621 181 32 47 0.024665192
358 141 8 11 0.024591638
59 151 70 96 0.024485927
911 175 21 26 0.024451436
25 104 25 32 0.024421595
81 221 8 9 0.024395121
423 188 41 47 0.024388755
452 180 11 13 0.024331441
335 177 14 16 0.02426709
935 177 24 29 0.024233771
110 63 186 256 0.024224801
395 142 20 23 0.02420151
376 279 19 26 0.024168672
640 183 22 30 0.024105554
870 193 18 26 0.024013367
50 86 79 106 0.024011407
170 142 84 112 0.023968875
4 255 8 9 0.023922846
943 185 12 17 0.023908209
277 150 21 24 0.023869943
387 131 104 115 0.023840958
387 142 12 21 0.023750821
0 258 16 28 0.023690844
19 143 42 53 0.023645066
912 200 18 20 0.023595551
419 163 21 28 0.02351426
953 201 19 22 0.023469841
458 232 30 27 0.023288416
643 167 32 41 0.023211556
942 213 21 26 0.023173586
947 203 31 39 0.023149146
253 37 118 165 0.023108486
328 133 10 13 0.023061931
80 23 188 205 0.023058042
82 40 60 54 0.023055397
452 185 11 13 0.023036309
417 131 32 42 0.023013733
731 191 22 24 0.023004629
752 263 25 18 0.0229393
854 204 36 45 0.022916649
586 0 253 177 0.022855312
941 200 16 20 0.022850795
0 147 40 52 0.022727964
246 352 21 25 0.022623194
475 190 12 17 0.022577511
734 168 30 37 0.022544175
901 194 9 16 0.022520803
725 182 17 14 0.022505619
66 171 45 55 0.022499794
18 137 26 32 0.022489846
964 189 25 31 0.02247574
842 199 12 18 0.022472024
388 129 20 19 0.02247129
418 176 22 28 0.022438208
628 148 32 50 0.022367336
235 123 36 99 0.022345193
369 131 78 95 0.02233103
914 161 13 18 0.022291973
305 154 14 20 0.0222689
55 88 49 64 0.022266803
909 205 19 23 0.022207292
895 208 37 46 0.02220359
969 194 15 21 0.022166416
32 75 124 156 0.022144219
311 149 15 17 0.022128332
394 121 25 25 0.022116523
323 140 22 28 0.022113953
916 156 13 16 0.022106642
913 259 35 43 0.022093384
721 161 34 44 0.02208024
218 199 41 61 0.022076435
846 211 13 19 0.0219986
920 163 11 15 0.021947945
0 131 19 52 0.021928497
0 80 26 76 0.02189553
254 151 12 15 0.021869432
223 377 37 59 0.021854227
954 174 24 33 0.021811623
239 133 25 35 0.021774834
884 185 20 27 0.021763772
333 169 14 14 0.021754097
846 263 23 27 0.021714669
933 202 21 26 0.021702817
892 192 16 24 0.021695146
766 266 14 13 0.021672405
6 139 15 20 0.021640366
738 196 29 33 0.021611994
856 206 21 23 0.02160162
763 273 12 11 0.021564275
375 138 12 15 0.021559773
948 580 76 77 0.021558572
0 270 8 11 0.021518372
216 353 21 22 0.021505319
163 319 11 14 0.021451268
112 478 264 179 0.021421475
944 204 18 22 0.021411883
184 333 35 38 0.021363063
187 321 29 35 0.021328507
901 180 17 25 0.021324398
7 130 18 26 0.021303575
0 0 42 56 0.021292517
366 137 31 40 0.021285938
456 181 13 18 0.02114317
416 155 31 44 0.021136703
478 185 7 10 0.021110691
435 185 9 11 0.021086395
0 0 132 177 0.02107202
929 0 95 90 0.021050582
640 170 16 21 0.021032514
293 129 12 15 0.02097035
67 185 24 31 0.020968055
55 129 47 62 0.020934694
424 146 28 39 0.020822247
388 303 13 23 0.02078645
882 155 28 35 0.020760035
297 139 20 24 0.020725047
448 159 14 16 0.02069123
942 223 20 26 0.020689568
10 183 11 16 0.020588696
247 361 14 16 0.020501552
366 133 20 22 0.02040986
735 5 127 166 0.020403385
239 373 25 32 0.020388586
96 54 43 56 0.020381775
145 0 105 71 0.020359902
136 2 129 140 0.020357177
206 349 31 36 0.020342968
173 315 20 26 0.020314762
12 172 11 15 0.020203771
199 220 47 59 0.02020377
972 190 12 19 0.020195872
392 149 23 25 0.02010925
853 166 35 47 0.020095568
105 146 127 140 0.020049488
375 0 133 130 0.020044668
253 382 51 56 0.020035822
925 268 24 27 0.020023042
478 191 19 22 0.020011513
922 164 7 9 0.020005053
31 142 23 25 0.019982759
169 0 131 98 0.019949956
480 210 11 17 0.019938478
857 181 22 30 0.019921271
938 192 14 20 0.019918906
164 313 20 22 0.019896688
446 188 13 12 0.0198848
0 227 31 52 0.019869817
230 265 34 42 0.019844182
332 0 132 95 0.019841699
942 458 19 20 0.019786514
841 175 44 58 0.019758247
235 177 36 61 0.019714426
233 275 46 57 0.019702295
866 184 20 31 0.019695777
442 184 9 10 0.019688603
13 0 131 89 0.019685093
396 134 11 15 0.01968125
809 453 215 204 0.019660512
703 174 42 45 0.019658497
821 180 34 43 0.019639213
253 151 16 27 0.019638432
439 188 11 10 0.01962974
633 177 16 24 0.019624978
569 4 130 165 0.019582737
379 349 86 108 0.019525051
380 130 19 20 0.019511797
152 319 22 28 0.019490397
421 332 56 79 0.019427178
959 172 31 41 0.019399682
402 129 25 22 0.019332515
190 68 47 61 0.019292735
224 0 107 74 0.019230794
834 199 30 35 0.019221568
247 252 24 31 0.019208338
491 2 134 169 0.019176895
712 176 19 25 0.019162137
256 0 128 99 0.019133322
229 73 45 83 0.019106265
1016 185 8 35 0.019094443
435 214 39 39 0.019093083
846 189 17 22 0.019090686
405 141 25 27 0.01906665
156 319 14 18 0.019032754
416 0 132 165 0.019020813
316 141 21 26 0.019007778
691 170 16 22 0.018996438
221 25 101 150 0.018977895
960 202 14 16 0.018944003
185 330 16 21 0.018909087
893 232 40 49 0.018891681
246 149 18 21 0.018874865
908 135 98 138 0.018856274
1009 646 15 11 0.018831998
1016 201 8 34 0.018785594
387 305 20 34 0.018713899
273 152 16 22 0.018673122
214 360 28 37 0.018636895
896 237 12 15 0.018608257
0 137 17 26 0.018591106
943 220 11 14 0.018585982
324 165 23 21 0.018573128
389 304 9 13 0.01855144
325 177 23 30 0.018539628
748 175 37 43 0.018484982
242 369 17 24 0.018435968
61 42 54 58 0.018423807
258 366 30 33 0.018419344
292 4 126 158 0.018327689
835 196 20 26 0.018327523
990 626 34 31 0.018320583
256 157 11 16 0.018314518
1006 0 18 24 0.01831182
629 165 17 22 0.018288784
729 204 31 40 0.018285314
275 23 89 117 0.018282842
466 178 18 24 0.018277336
2 118 107 145 0.018251915
902 203 16 21 0.018214671
640 158 23 33 0.01819892
247 161 34 68 0.018186873
188 343 40 46 0.01813907
115 13 21 29 0.01813139
456 164 11 14 0.018124003
131 335 184 186 0.018093618
415 184 29 33 0.018085685
190 0 89 58 0.018048612
0 551 76 106 0.018025046
952 223 21 26 0.018013671
239 372 12 17 0.017963424
230 263 14 18 0.017926097
892 225 20 26 0.017912602
842 206 10 14 0.017903613
461 181 13 17 0.017890278
302 121 29 35 0.017888417
947 211 11 14 0.017810477
212 219 63 98 0.017808933
51 200 9 10 0.017806003
0 462 155 195 0.017799148
78 176 51 59 0.017797755
81 232 12 9 0.01779759
19 74 65 93 0.017768217
451 0 135 98 0.017756999
914 169 17 21 0.017743645
903 171 20 25 0.017713046
92 78 40 53 0.017708117
747 195 32 39 0.017699048
932 196 10 15 0.017696345
634 167 9 10 0.017695904
431 172 12 19 0.017695297
4 271 11 12 0.017691145
905 158 15 18 0.017659806
897 155 30 40 0.017642284
109 38 55 50 0.017636562
909 156 29 38 0.017635148
751 184 22 29 0.017634857
883 235 18 25 0.017619766
971 182 12 20 0.017616844
889 162 31 41 0.01759
925 185 13 21 0.017566921
0 250 8 13 0.017554192
0 0 27 37 0.017512765
253 169 19 39 0.017497731
238 376 81 82 0.01749619
892 232 12 18 0.01749017
387 154 36 46 0.017487578
297 149 11 15 0.01748097
435 171 14 17 0.017471202
135 37 49 39 0.017446285
332 142 18 25 0.017426636
1019 176 5 34 0.017419875
368 133 51 59 0.017419137
748 209 13 17 0.017418437
635 195 12 17 0.017409163
901 224 21 27 0.017408628
445 241 24 22 0.017387833
912 235 39 49 0.017374458
157 188 94 117 0.017358068
912 209 38 47 0.017345106
418 264 22 30 0.01734045
1016 170 8 36 0.017329372
341 144 9 12 0.017328124
943 215 10 14 0.017324047
131 0 35 33 0.017316418
377 342 32 51 0.01731061
435 191 15 17 0.017304009
0 240 19 35 0.017302377
873 230 40 49 0.017278844
960 210 16 21 0.01727166
0 275 7 11 0.017202957
1019 211 5 33 0.017200597
129 0 64 45 0.017195852
480 190 11 15 0.017182298
40 122 23 31 0.017174982
932 42 92 170 0.01716163
963 199 17 20 0.01715557
934 207 40 48 0.01712564
142 321 33 41 0.017092688
181 31 75 98 0.017083244
945 219 14 16 0.017081223
415 151 53 67 0.017019989
229 260 9 14 0.0170165
180 87 49 65 0.017000869
2 181 18 25 0.016998641
837 209 36 46 0.016968084
344 379 13 19 0.016906608
0 310 6 15 0.016866509
1002 639 22 18 0.016828397
230 266 22 26 0.016815554
872 195 12 17 0.016803006
655 170 7 10 0.016796194
450 177 11 11 0.016770056
35 130 129 172 0.016767966
258 153 10 14 0.016762236
87 0 64 44 0.016761499
722 189 23 24 0.016747363
149 428 166 176 0.016730566
530 0 135 100 0.016720388
962 209 12 14 0.016711619
979 0 45 49 0.016702618
386 331 61 74 0.016701216
15 189 10 15 0.016698614
316 150 24 26 0.016694747
892 214 21 27 0.016686797
925 260 21 23 0.016684042
35 147 27 32 0.016672036
962 219 11 15 0.016668458
874 211 38 47 0.016660098
952 210 11 14 0.016659688
0 0 17 23 0.016631747
163 318 28 34 0.016622538
898 198 15 23 0.016615821
932 223 22 27 0.016599959
948 220 18 21 0.016578361
443 190 10 10 0.016567484
346 63 121 156 0.016567364
305 0 105 77 0.016561154
842 221 22 27 0.016524836
381 119 33 32 0.016524471
748 235 16 29 0.016503738
0 301 87 214 0.016492488
339 138 7 10 0.016487569
851 210 17 20 0.016466755
420 207 40 45 0.016463354
852 201 13 17 0.01645299
721 168 23 28 0.016435698
844 534 143 123 0.016425937
433 236 24 24 0.016380489
448 145 30 39 0.016367687
772 0 135 139 0.016365271
165 0 68 48 0.016351191
900 234 21 26 0.016325297
924 159 20 25 0.016306283
0 174 15 25 0.016299555
0 276 18 30 0.016280128
68 202 14 20 0.016242096
403 168 37 46 0.016228545
951 219 12 15 0.016226592
325 154 23 25 0.01621037
190 309 31 35 0.016209006
957 208 12 15 0.01620556
456 225 25 27 0.016205082
172 337 37 51 0.016194718
932 213 21 26 0.016194256
693 0 131 136 0.016186383
171 416 116 124 0.01614861
633 197 22 30 0.016139489
897 256 39 46 0.016134048
674 189 20 25 0.01613222
743 212 22 27 0.016125716
13 179 10 17 0.01612539
65 191 13 13 0.016101427
459 177 12 17 0.0160958
840 164 35 48 0.016092207
637 170 14 16 0.016071178
138 15 49 46 0.016045686
866 135 101 144 0.016033389
446 165 15 15 0.016026512
352 0 90 61 0.016017
755 226 21 29 0.01600737
1019 0 5 13 0.015992645
919 207 15 17 0.015992427
967 219 11 15 0.01598426
903 199 10 15 0.015983813
485 528 144 129 0.015981907
425 188 15 18 0.015979653
275 0 88 62 0.015967026
1021 199 3 28 0.015958637
424 0 109 76 0.015953021
67 217 7 9 0.015950717
28 156 23 24 0.015950082
122 10 19 26 0.015939118
59 154 44 60 0.015936008
255 117 114 161 0.015916219
57 196 8 11 0.015912035
614 0 130 136 0.0159101
458 173 29 35 0.015903082
161 376 44 58 0.015895072
90 188 145 172 0.01587971
0 349 17 33 0.01587739
751 239 11 18 0.015876908
0 548 9 15 0.015850358
649 171 17 24 0.01584775
954 216 17 21 0.015845018
395 136 7 12 0.015839987
133 539 151 118 0.015820988
397 125 44 50 0.015819449
299 151 13 18 0.01581435
256 235 36 47 0.015806014
721 209 27 33 0.01579231
754 249 23 26 0.015786605
926 203 12 17 0.015786555
731 204 20 25 0.015779534
242 56 68 97 0.015758839
655 156 35 46 0.015710784
652 0 132 99 0.015703976
766 537 142 120 0.015702374
47 0 64 46 0.015698023
247 175 20 39 0.015677277
0 277 10 16 0.015676951
937 258 15 15 0.015654465
921 176 14 18 0.015648566
410 194 23 31 0.015645487
949 212 16 20 0.0156074
445 202 39 42 0.015603809
445 188 18 20 0.015590817
248 140 14 21 0.015590308
425 372 47 68 0.015589766
0 103 20 31 0.01556461
900 171 47 60 0.015556225
432 224 25 25 0.015556169
711 186 21 24 0.015554344
222 238 34 52 0.015535234
1019 161 5 34 0.015534681
79 223 10 12 0.015534516
201 250 77 101 0.015528361
3 71 22 26 0.015527792
0 258 26 40 0.015521729
417 135 20 27 0.015519418
382 361 58 67 0.015501859
889 229 27 35 0.015488856
392 0 91 61 0.015484371
154 301 28 37 0.015471397
636 199 16 19 0.015451299
387 175 39 47 0.015444673
1016 220 8 35 0.015421325
70 225 9 10 0.015413422
144 341 20 28 0.015405473
155 0 45 31 0.015399083
316 129 22 28 0.015389746
35 108 22 30 0.015382389
112 0 35 33 0.015377396
918 505 106 152 0.015370875
190 0 253 182 0.015364935
478 197 12 15 0.015360991
308 347 40 43 0.015357402
131 147 54 68 0.015341307
749 203 14 17 0.015333405
753 203 21 26 0.015329328
852 221 22 27 0.015319567
20 101 22 26 0.015316587
438 164 14 18 0.015315527
246 355 13 16 0.015312191
710 194 33 41 0.015309921
904 188 12 19 0.015286434
62 0 112 70 0.015282415
868 213 18 22 0.015281797
274 100 79 113 0.015275963
163 323 16 20 0.015275901
877 253 12 18 0.0152371945
40 138 22 26 0.015208299
211 466 298 191 0.015204442
721 200 20 26 0.015198575
941 208 14 18 0.015189255
437 317 38 50 0.015182702
761 196 11 21 0.01517529
0 225 18 33 0.015167541
1021 184 3 28 0.015166975
213 73 32 43 0.015162533
730 174 22 27 0.015160734
0 82 19 31 0.0151553
647 527 141 130 0.015134407
0 126 15 28 0.015107646
201 326 32 36 0.015099354
366 183 76 86 0.015099012
262 284 11 14 0.015090262
861 214 16 20 0.015078434
205 319 21 25 0.015048548
922 212 21 27 0.015044004
743 206 14 16 0.015041424
615 158 27 32 0.015041299
225 371 24 35 0.015026959
248 157 21 37 0.015026645
261 402 49 51 0.014993796
722 138 56 72 0.014992035
564 528 145 129 0.014975621
849 201 7 10 0.014971371
89 190 94 100 0.014967634
84 254 12 12 0.014950947
917 379 107 204 0.014943852
967 230 57 95 0.014940887
237 122 23 37 0.0149395205
901 251 13 12 0.014938534
631 0 18 13 0.014937378
0 130 49 130 0.01493027
122 39 37 29 0.014920028
842 214 11 16 0.014910197
320 168 24 28 0.014908957
300 86 122 155 0.014898908
459 168 10 13 0.014898418
376 312 20 38 0.014892665
934 0 18 13 0.014889723
172 329 20 28 0.0148628345
92 0 33 26 0.014859582
363 144 14 17 0.0148570845
240 441 132 160 0.014852378
94 376 161 181 0.0148467105
335 375 21 27 0.0148445815
765 0 18 13 0.014842996
975 186 11 18 0.014838541
8 170 12 15 0.014818096
592 0 17 13 0.01481593
118 3 93 79 0.01480794
409 537 139 120 0.014791302
481 202 11 14 0.0147890095
72 198 10 12 0.01478296
467 190 15 17 0.014768553
189 326 17 22 0.014765576
334 0 17 13 0.014763884
775 0 18 13 0.014756747
601 0 18 13 0.014753059
100 45 36 33 0.014744551
641 0 18 13 0.014741519
427 309 56 77 0.014737864
1022 0 2 9 0.014737857
308 151 9 11 0.014735996
0 609 34 48 0.014729038
358 0 18 13 0.014728295
276 463 80 101 0.01472673
0 545 7 13 0.014724711
867 218 12 15 0.014723309
65 181 20 25 0.014700208
974 173 32 43 0.01468643
398 0 18 13 0.014686168
248 127 18 31 0.0146851465
910 218 17 22 0.01468467
34 220 13 15 0.014683263
472 0 18 13 0.014682498
762 190 20 29 0.014681529
346 118 148 181 0.014681438
502 0 111 78 0.014678748
468 221 26 31 0.014677116
487 0 18 13 0.014672575
471 181 11 15 0.014669293
388 309 8 18 0.014662824
37 219 19 22 0.01466048
323 0 18 13 0.014657604
755 0 18 13 0.014656522
892 246 18 24 0.014639317
141 25 77 74 0.014636497
243 364 14 18 0.014626807
298 127 15 18 0.014626527
785 0 18 13 0.0146129355
915 166 6 10 0.014612461
810 0 18 13 0.014609184
0 108 9 20 0.014598886
845 0 17 13 0.014596004
611 0 18 13 0.014583444
914 161 33 45 0.014571791
927 155 31 38 0.014570442
924 0 18 13 0.014562382
730 0 18 13 0.014561516
219 255 19 26 0.01455288
532 0 18 13 0.014547661
854 258 17 25 0.0145445885
91 56 75 77 0.014543834
310 175 36 43 0.014529991
621 0 18 13 0.014529466
651 0 18 13 0.014528414
205 88 31 42 0.01452274
246 384 25 33 0.014516932
661 0 18 13 0.014515784
800 0 18 13 0.014508446
497 0 18 13 0.014505135
476 215 19 22 0.014499861
425 190 26 30 0.014496478
144 315 23 28 0.014489181
835 213 20 26 0.0144874435
693 48 120 163 0.014466639
438 229 35 35 0.014464348
902 163 17 21 0.014452803
0 253 5 12 0.01445228
7 268 9 10 0.014449931
704 148 92 118 0.014449659
914 0 18 13 0.014449555
398 130 12 16 0.014448138
174 350 44 62 0.014444629
507 0 18 13 0.014439833
348 0 18 13 0.014439479
1019 231 5 33 0.014435876
0 625 22 32 0.0144358715
247 285 46 52 0.014434829
173 112 72 100 0.014428789
135 8 21 28 0.014424869
388 0 18 13 0.014422271
961 170 21 28 0.0144167505
368 0 18 13 0.014414438
517 0 18 13 0.014411054
834 179 30 39 0.014407298
639 195 14 16 0.014407168
746 0 17 13 0.014389894
462 0 18 13 0.014383957
253 356 24 31 0.014380189
944 0 18 13 0.014377377
239 262 25 27 0.014361323
835 0 17 13 0.014360282
313 0 18 13 0.014358562
582 0 17 13 0.014355466
239 0 18 13 0.014355342
378 0 18 13 0.014352102
286 149 16 19 0.0143432785
8 188 16 22 0.0143423425
227 0 64 47 0.014337237
542 0 18 13 0.01433371
0 266 6 10 0.014333019
417 269 35 44 0.014331013
885 231 64 84 0.014329344
0 0 9 11 0.014328627
622 171 52 70 0.014328401
25 207 14 17 0.014326471
480 0 75 74 0.0143179195
1019 146 5 34 0.0143165365
901 244 20 24 0.014309878
870 0 17 13 0.014298984
333 460 289 197 0.014298921
904 0 18 13 0.014298035
135 303 41 49 0.014294353
17 174 8 13 0.014275984
893 162 17 19 0.014274829
295 342 39 42 0.014270514
321 149 13 18 0.014269513
532 51 125 158 0.01426694
884 150 22 27 0.014257819
906 201 11 16 0.014256212
1021 219 3 28 0.0142488675
386 157 27 28 0.014248825
634 162 14 20 0.014232062
855 0 17 13 0.01423194
97 170 57 55 0.014227129
69 139 50 67 0.014222452
911 223 22 27 0.014219244
721 0 17 13 0.014214518
452 0 18 13 0.014207163
247 136 21 46 0.014195299
939 186 11 16 0.01419105
733 222 22 28 0.014188944
946 195 9 13 0.014179552
762 203 19 27 0.01417818
894 0 18 13 0.014175352
289 0 17 13 0.014174605
408 0 18 13 0.014164107
0 312 19 28 0.0141640995
776 50 119 164 0.01415784
820 0 18 13 0.014156076
454 241 26 26 0.014154379
671 0 18 13 0.014140845
684 158 18 19 0.0141397435
879 0 18 13 0.014137432
278 486 24 32 0.01412791
954 0 18 13 0.01412621
266 121 58 77 0.01412485
420 175 14 20 0.014122422
617 180 25 31 0.014120086
1015 156 9 35 0.014117401
582 0 110 78 0.014113012
622 138 50 71 0.014112876
73 0 52 36 0.014100012
309 141 11 11 0.014091061
54 193 9 11 0.014083553
921 258 20 18 0.014083164
808 0 138 101 0.014078153
220 0 35 27 0.014077697
71 213 11 12 0.014076779
5 174 74 105 0.0140740005
758 0 74 73 0.0140598705
560 0 74 74 0.014041893
1019 1 5 29 0.014041127
12 113 17 26 0.014040246
730 194 13 16 0.01403949
764 412 153 209 0.014038312
307 153 23 24 0.014038267
117 15 49 44 0.014034803
959 208 27 33 0.014027334
380 330 36 47 0.014026681
744 223 21 29 0.014026231
274 0 17 13 0.014020944
950 180 16 23 0.014019544
853 228 39 49 0.014018949
9 125 14 21 0.01401353
591 172 59 79 0.014001874
430 133 33 46 0.013998468
912 213 12 15 0.013997379
0 161 14 24 0.013997203
300 158 18 22 0.013995212
647 184 32 40 0.013990848
624 149 23 31 0.013988767
391 315 39 45 0.013988671
249 0 18 13 0.013985931
924 186 58 84 0.013984135
260 0 35 28 0.013982321
552 0 18 13 0.013958573
562 0 17 13 0.013958406
104 14 22 28 0.013955455
844 176 22 31 0.013955431
289 487 9 15 0.013952757
246 104 55 82 0.013951231
467 193 20 24 0.01394457
297 134 14 17 0.013939815
871 153 30 39 0.013933814
914 213 17 21 0.013932674
69 219 10 13 0.013926511
719 0 74 73 0.013896227
0 42 55 154 0.013892568
910 177 14 17 0.013887152
250 195 36 53 0.013882834
53 344 131 193 0.01387275
858 0 73 73 0.013865569
912 219 12 14 0.013863363
680 0 73 73 0.013840817
454 370 24 37 0.013835095
568 0 35 27 0.013834589
186 182 54 65 0.013831685
324 0 68 53 0.01383005
854 48 121 169 0.013821081
482 216 7 10 0.0138197
798 0 74 74 0.01381932
711 0 17 13 0.013815392
259 383 22 27 0.013814252
78 90 44 61 0.013813428
108 577 100 80 0.013802443
304 0 17 13 0.013802367
684 172 15 18 0.013802279
264 0 18 13 0.013802145
153 41 46 46 0.013801572
311 352 23 28 0.013800219
252 215 38 49 0.013798567
935 270 19 27 0.013795856
444 184 35 40 0.013791388
280 0 35 27 0.013789978
639 0 74 74 0.0137824705
219 331 16 20 0.013781041
254 182 24 45 0.0137809375
16 106 22 33 0.013780849
908 213 11 15 0.013776708
308 145 10 13 0.013775515
325 136 16 22 0.013775184
377 133 9 13 0.013774477
935 0 36 27 0.013771667
198 243 42 51 0.013763996
31 101 22 25 0.013748785
147 368 43 55 0.01374444
572 0 17 13 0.013734498
8 143 10 12 0.013726998
39 76 43 57 0.013718459
738 208 21 24 0.013718118
444 340 56 87 0.013716468
190 0 56 39 0.013709844
903 165 8 10 0.013703822
120 636 43 21 0.013703801
845 212 7 10 0.013697848
443 0 69 54 0.0136973765
941 180 11 16 0.013688768
0 297 10 23 0.0136817405
367 142 13 15 0.01367609
442 0 18 13 0.013673226
10 151 63 85 0.013660044
840 256 23 29 0.013653036
177 337 22 29 0.013652361
441 198 27 33 0.013651423
681 0 18 13 0.01365105
203 62 37 46 0.013648818
921 229 63 85 0.013648241
227 86 32 57 0.013647357
917 171 11 14 0.013621481
0 298 17 29 0.013619721
856 0 35 27 0.0136193475
189 535 158 122 0.013615418
1012 325 12 34 0.013613944
414 317 42 49 0.013608127
46 550 137 107 0.013607997
229 0 18 13 0.013604473
1022 206 2 24 0.013597226
0 642 19 15 0.013595192
896 231 13 16 0.01359237
598 0 35 27 0.013590515
492 441 287 216 0.013578795
937 461 21 26 0.013575071
72 0 34 25 0.013570532
969 199 24 31 0.013566777
114 68 93 106 0.013563254
19 35 204 251 0.013560384
11 143 12 13 0.013559704
469 0 35 27 0.013557917
241 0 35 27 0.01354881
219 633 44 24 0.013533932
915 0 36 27 0.013520535
839 197 12 15 0.013519733
0 148 15 25 0.013519165
46 114 21 31 0.0135184
602 162 34 39 0.013508815
617 0 36 27 0.013508537
142 443 90 95 0.0135029955
0 184 17 44 0.013502086
300 0 35 27 0.013500162
756 181 10 13 0.01349173
836 0 35 27 0.013488616
0 168 39 55 0.013487521
647 182 14 20 0.013483163
1019 131 5 34 0.0134771755
418 0 17 13 0.013474835
491 211 14 16 0.013471645
257 176 36 55 0.013469768
691 0 17 13 0.013464293
694 173 19 24 0.013463521
21 86 35 53 0.013453633
169 424 40 45 0.013452622
884 225 19 25 0.0134497415
876 0 35 27 0.013446692
488 0 36 27 0.013439022
375 461 131 174 0.013434891
719 184 14 18 0.013433234
113 43 85 78 0.01342653
229 647 38 10 0.013424895
842 383 149 209 0.013419848
423 228 31 34 0.013416433
1022 196 2 24 0.013415346
522 0 69 53 0.013396736
736 209 14 17 0.013392883
1021 169 3 28 0.0133894775
975 195 11 16 0.013384689
202 0 34 27 0.013381349
359 0 36 27 0.013380866
664 184 23 25 0.013368727
149 78 83 101 0.013366998
548 0 36 27 0.013362977
170 463 46 53 0.013361858
701 0 17 13 0.0133581245
433 0 17 13 0.01335313
0 111 12 35 0.01335182
31 0 54 39 0.013349441
213 328 29 35 0.013345789
276 291 39 48 0.013345194
910 204 13 16 0.013344837
226 199 91 131 0.013343362
656 442 289 215 0.013342969
826 578 99 79 0.013342686
964 0 17 13 0.013340748
622 191 24 27 0.01333876
360 137 20 20 0.013338603
3 275 10 15 0.013338459
741 152 57 69 0.013337439
747 0 35 27 0.013336727
490 218 13 11 0.013317097
132 328 37 49 0.013315509
379 198 39 48 0.013311739
931 232 39 50 0.013310589
0 370 20 36 0.01330794
876 203 12 19 0.013307738
67 199 12 16 0.013302221
399 115 31 32 0.013299668
816 0 36 27 0.013297817
289 139 19 25 0.013295253
965 213 11 13 0.013290017
733 189 12 17 0.013288856
485 411 154 212 0.013288656
202 363 37 53 0.0132839475
279 140 20 24 0.01328214
176 221 53 56 0.013277764
896 0 35 27 0.013276041
234 266 12 11 0.013275543
862 221 22 27 0.013266354
6 146 12 19 0.013238435
930 202 14 19 0.013235814
796 0 36 27 0.013235667
863 170 57 65 0.013231658
230 356 145 157 0.013231261
339 0 36 27 0.013225504
834 229 37 48 0.013220949
47 124 14 19 0.0132174725
582 0 69 54 0.013207343
470 212 18 22 0.013203389
480 188 27 30 0.013200506
0 92 13 36 0.013199983
383 288 17 27 0.01319936
766 0 36 27 0.013198044
299 177 111 141 0.01318913
270 397 78 83 0.013181201
878 239 11 17 0.0131792305
670 0 238 247 0.013177201
160 631 43 26 0.013171589
344 145 22 27 0.013171024
223 186 34 50 0.013164289
691 162 14 14 0.013163505
840 0 69 54 0.013148814
80 112 101 115 0.013147006
702 173 23 28 0.013146294
75 195 56 67 0.013143931
0 151 126 330 0.013138978
390 95 36 46 0.013138607
4 146 9 13 0.01313528
935 268 12 13 0.013132948
449 0 35 27 0.013128671
0 213 83 218 0.013126998
433 167 12 17 0.013121568
368 170 42 54 0.01312102
394 139 11 20 0.0131174065
716 0 36 27 0.01311585
424 180 12 17 0.013115247
267 240 25 31 0.013110466
0 185 11 23 0.013110177
100 21 20 25 0.0131069375
379 0 36 27 0.013105561
468 576 99 81 0.013104507
258 380 18 21 0.013104066
631 178 12 17 0.013103956
136 376 40 54 0.013097882
345 133 36 45 0.013093314
0 41 27 83 0.013092038
638 0 35 27 0.013089919
440 162 16 14 0.013087993
234 55 44 64 0.013087408
125 0 29 21 0.013082246
181 0 34 26 0.013080475
877 197 30 39 0.013077388
146 331 37 48 0.013074071
621 0 69 53 0.013070991
92 19 51 47 0.013068833
49 192 11 12 0.0130643705
528 0 36 27 0.013056792
757 211 19 26 0.013053973
615 49 120 160 0.013041354
758 229 25 36 0.013040882
786 578 98 79 0.013035703
424 212 25 28 0.013034419
52 0 34 26 0.01303348
91 148 48 62 0.013028062
408 429 140 182 0.013028009
914 267 25 25 0.013027024
291 545 130 112 0.013025571
61 192 9 12 0.01302273
220 224 31 46 0.013022225
780 0 69 53 0.013016103
740 0 70 53 0.0130153885
291 507 21 31 0.013014843
677 199 14 17 0.013014094
10 70 20 22 0.013005555
320 0 35 27 0.012997211
735 200 19 21 0.012996453
235 394 30 48 0.012994623
182 73 219 294 0.012993665
637 190 32 44 0.012992404
295 186 39 46 0.012988289
452 187 41 51 0.0129869785
1022 216 2 24 0.012986867
675 175 39 46 0.012985947
289 126 21 24 0.012984444
973 192 36 45 0.012972348
994 154 30 50 0.012954835
508 0 36 27 0.012945159
274 634 45 23 0.0129289
942 174 12 17 0.012924479
661 0 69 53 0.012924021
976 210 11 16 0.012923132
366 88 61 74 0.012913737
408 118 53 64 0.012910984
0 180 38 110 0.012905471
414 181 18 25 0.012904511
425 135 53 67 0.0128971925
718 174 17 22 0.012895075
701 0 69 54 0.01288957
423 200 25 32 0.012888278
332 165 16 13 0.012887816
761 256 25 24 0.012880777
938 267 20 21 0.012879613
0 372 52 134 0.012878937
1019 117 5 33 0.012872408
817 214 36 46 0.012868634
930 248 23 28 0.012868321
944 192 9 13 0.012866873
85 0 28 21 0.01285474
104 0 28 21 0.012853852
936 262 10 10 0.01285183
214 95 31 45 0.012849454
754 208 11 16 0.012848696
711 210 25 34 0.012843253
0 549 12 24 0.01283541
4 77 36 57 0.012821553
135 30 29 27 0.012818909
883 203 19 27 0.012818326
921 223 22 27 0.01280044
923 212 13 15 0.012797676
218 237 21 36 0.012796891
873 223 21 26 0.01279249
59 200 8 11 0.012791863
334 145 11 10 0.012789603
393 172 24 30 0.01278673
746 577 98 80 0.01278373
1014 1 10 30 0.012783325
144 178 46 57 0.012779987
1017 334 7 34 0.012779729
545 571 101 86 0.012768803
969 209 17 23 0.012766018
1022 186 2 24 0.012763329
24 206 134 189 0.0127629815
307 47 62 82 0.01276082
946 187 14 14 0.012760429
57 202 7 11 0.012757882
657 0 36 27 0.0127567295
965 186 59 95 0.012756415
245 399 41 54 0.012752138
379 341 22 33 0.012742011
174 215 122 163 0.012738785
878 196 18 24 0.01273673
719 488 152 169 0.012731249
930 194 10 12 0.012726087
234 379 20 29 0.01272471
437 182 8 11 0.0127234515
40 144 15 16 0.012718954
677 0 35 27 0.012718075
400 149 17 18 0.012703679
175 383 43 58 0.012702328
1018 321 6 32 0.012702272
939 265 10 12 0.012701874
287 122 16 21 0.012699852
408 353 121 165 0.012696805
755 237 12 17 0.012688969
278 131 38 50 0.012684941
879 0 69 53 0.012679967
698 162 63 76 0.012678905
137 349 41 56 0.01267733
902 187 9 15 0.012671027
893 186 13 18 0.012661998
774 43 216 277 0.012657389
356 142 18 20 0.012656104
228 315 68 88 0.0126554975
11 0 53 40 0.012654742
444 182 9 9 0.012649585
18 150 24 28 0.012647838
912 190 18 23 0.012642945
300 145 11 16 0.012642781
484 233 10 13 0.012641244
380 281 26 42 0.012638374
948 159 28 37 0.01263546
261 182 23 31 0.01263306
143 342 72 84 0.012629464
442 223 26 26 0.0126287835
252 341 77 85 0.012628072
969 223 10 16 0.012622313
946 462 22 26 0.0126083875
522 345 151 204 0.012608279
726 188 13 15 0.012603322
338 168 13 13 0.012600371
22 572 111 85 0.012596148
429 0 35 27 0.012589454
868 229 11 15 0.0125808595
900 154 14 18 0.012559391
50 159 22 29 0.012555186
0 308 11 14 0.012550997
394 204 26 30 0.012540675
912 256 23 25 0.012536808
710 166 19 28 0.012536695
267 220 34 46 0.012530804
965 160 53 70 0.012530356
1021 154 3 28 0.01252818
76 222 17 22 0.012517914
1018 246 6 33 0.012514586
903 182 12 17 0.012514285
329 132 31 36 0.012512384
932 234 21 26 0.012509823
372 413 21 27 0.012508496
704 572 100 85 0.012502279
238 249 12 17 0.012499059
391 581 94 76 0.012497851
1018 11 6 34 0.012493077
44 156 22 26 0.012482235
399 0 36 27 0.012481048
28 223 20 20 0.012479551
210 620 63 37 0.012479061
920 222 11 11 0.012475963
272 147 14 19 0.012474875
823 102 108 149 0.012469315
95 315 34 46 0.012461635
654 176 19 24 0.012454806
7 299 30 38 0.012451984
143 0 29 21 0.01243822
32 0 34 27 0.0124351075
977 183 16 24 0.012430986
136 0 25 17 0.01242288
39 217 13 16 0.012410596
728 199 12 16 0.012409723
768 198 13 17 0.012406252
166 317 11 14 0.012400355
956 224 13 15 0.012399309
1018 58 6 32 0.012397405
138 337 118 130 0.012393287
440 176 11 12 0.012387468
1018 464 6 32 0.012386782
7 130 10 14 0.012384889
335 507 131 150 0.012381129
647 425 144 202 0.012371592
1005 135 19 50 0.012371387
139 331 21 30 0.012369223
339 172 12 16 0.01236842
307 132 15 18 0.012365128
466 185 12 16 0.012356607
197 386 38 52 0.012355084
241 290 63 76 0.012347198
243 183 61 95 0.012345174
390 84 86 113 0.012335534
937 199 11 16 0.01233109
314 208 56 76 0.012330081
244 647 41 10 0.012329773
929 183 16 23 0.012328215
885 196 17 23 0.012327257
2 635 40 22 0.012326747
1018 503 6 33 0.012326365
178 56 45 55 0.01232123
895 244 6 13 0.01232068
201 331 125 128 0.012317142
955 0 36 27 0.012315386
236 632 44 25 0.012314922
641 217 12 17 0.012313668
332 161 22 21 0.012312244
611 84 206 233 0.01231049
118 370 39 51 0.012309379
638 0 14 10 0.012309302
957 216 11 13 0.012306455
1008 166 16 48 0.012305259
42 144 35 43 0.012294732
846 205 9 15 0.012293505
617 553 121 104 0.012290816
287 339 68 70 0.012290602
264 49 66 87 0.012288055
1018 102 6 32 0.012287246
330 0 15 10 0.012283126
629 185 16 21 0.012282451
219 0 18 13 0.01228185
861 259 11 16 0.012279992
460 188 13 16 0.012279061
365 0 14 10 0.012270005
908 219 11 14 0.01226921
837 202 13 15 0.0122670615
766 274 12 12 0.0122638615
598 0 15 11 0.012256896
757 234 15 17 0.0122563485
628 0 15 11 0.0122478185
637 177 13 14 0.012243191
217 455 112 118 0.012238704
271 114 33 38 0.012238168
265 379 33 34 0.01223661
261 152 66 89 0.01223478
942 233 21 26 0.012230026
941 0 14 10 0.0122293895
439 366 34 47 0.012227031
616 206 40 51 0.0122250095
697 0 36 27 0.012224284
906 227 31 39 0.012222006
478 228 20 26 0.012221284
455 36 129 170 0.012221022
947 228 12 15 0.012220169
379 136 14 15 0.012218709
1021 0 3 24 0.012217399
737 39 77 110 0.012217172
751 220 21 27 0.012216335
283 410 39 43 0.012215398
430 193 13 16 0.012212305
775 196 17 25 0.012209869
0 232 44 77 0.012208554
351 22 92 113 0.012207964
889 232 11 16 0.0122005865
1019 380 5 33 0.012198233
1018 72 6 33 0.012191912
332 137 13 14 0.012189799
355 0 14 11 0.012188513
33 26 73 85 0.012187154
608 0 14 11 0.012185354
1021 139 3 28 0.012180548
101 30 11 15 0.012177378
782 0 14 11 0.012174892
762 0 15 10 0.012174801
851 0 15 10 0.01217367
805 356 145 197 0.012171865
680 221 72 94 0.012171848
588 0 15 10 0.012171328
320 0 14 11 0.012170776
321 24 71 96 0.012169004
900 198 8 15 0.012167729
222 282 40 57 0.0121650025
983 183 17 24 0.012163994
863 218 12 10 0.0121614095
936 456 18 19 0.012160035
658 180 21 25 0.012156945
164 0 28 21 0.012154735
471 175 28 35 0.012154345
0 239 187 304 0.0121540455
251 17 65 88 0.012149679
45 56 43 55 0.012148133
846 187 12 17 0.012146874
387 295 21 27 0.012141855
1012 141 12 36 0.012140488
601 358 141 195 0.012138601
262 201 28 30 0.012138061
648 0 14 11 0.012137869
394 0 15 11 0.012136573
948 203 12 16 0.012135948
494 0 14 11 0.012132519
150 207 41 49 0.012125932
404 0 15 11 0.012124697
832 203 21 27 0.0121220555
538 0 15 11 0.012119891
841 0 15 10 0.012117252
905 195 10 15 0.012114478
484 0 14 11 0.012111359
12 58 35 44 0.012110779
962 165 15 11 0.012108382
126 622 60 35 0.012103381
185 310 24 28 0.012099496
227 21 66 94 0.012099164
667 114 108 133 0.012098615
165 460 94 99 0.012096792
1022 226 2 23 0.012096408
994 192 30 51 0.012092133
346 435 118 157 0.012091973
924 222 12 12 0.012091617
117 404 91 100 0.01207912
496 446 18 34 0.01207687
0 58 18 43 0.012075332
216 271 38 48 0.012074902
737 103 113 145 0.012071162
10 221 32 44 0.0120704165
375 0 14 10 0.012068393
254 0 53 55 0.01205779
871 177 21 29 0.012057573
1018 28 6 32 0.012051613
469 0 15 10 0.012051419
806 0 15 11 0.012050947
728 382 144 202 0.01204997
363 121 29 33 0.012046826
247 192 20 41 0.012045761
966 208 13 14 0.012043254
709 191 58 70 0.01203952
345 0 14 11 0.012038361
467 239 18 17 0.01203761
755 201 12 19 0.012035593
429 165 12 17 0.012035418
466 385 12 16 0.012033204
84 47 39 35 0.012032945
923 172 11 14 0.012030839
0 211 10 24 0.012025481
657 0 15 10 0.012023566
649 165 12 15 0.012023551
905 174 14 14 0.012020511
196 494 14 17 0.012020335
357 118 52 59 0.012017392
791 0 15 11 0.0120171085
73 191 32 42 0.012015043
176 623 24 30 0.012014244
513 0 15 11 0.012013808
921 0 14 10 0.012013502
504 0 14 11 0.012013179
618 0 15 11 0.012010133
917 219 12 13 0.01200631
12 102 20 28 0.0120058935
862 224 12 14 0.012003065
528 0 15 11 0.011998853
276 310 42 49 0.011998393
947 201 47 58 0.011994876
79 254 19 21 0.011992149
956 165 22 21 0.0119887525
482 214 14 14 0.011987497
0 252 12 20 0.011986621
898 0 76 74 0.01198416
159 193 44 57 0.011984055
259 182 11 19 0.011982055
399 495 79 117 0.011978484
262 151 18 23 0.011977138
972 175 16 27 0.011960415
1018 559 6 33 0.0119537115
285 0 15 10 0.011951045
816 0 15 11 0.011944535
390 146 14 19 0.0119358
400 192 40 48 0.011931259
758 206 31 40 0.011928601
737 0 15 10 0.011927483
165 617 60 40 0.011923926
301 513 14 17 0.011923211
284 619 66 38 0.011921036
459 0 14 10 0.011910122
405 347 47 47 0.011909573
64 0 29 21 0.011907757
246 0 14 10 0.011897335
497 38 79 111 0.011894811
757 270 17 16 0.011894675
180 327 62 75 0.011894512
548 0 15 10 0.011894168
416 147 16 21 0.011892616
1018 543 6 33 0.011891016
866 0 15 11 0.011890036
225 328 21 22 0.011885383
293 118 17 22 0.011885272
270 142 31 40 0.011884877
0 309 29 40 0.011884702
360 141 12 13 0.011883285
427 242 21 24 0.011883134
65 71 44 61 0.011882057
136 647 40 10 0.011881895
303 158 35 44 0.011881739
1018 42 6 33 0.011881343
923 248 21 24 0.011873832
783 194 19 27 0.011873183
374 361 35 55 0.0118731335
218 322 19 24 0.011872718
1019 395 5 33 0.0118712
911 0 14 10 0.011862669
930 215 15 20 0.01186246
45 110 15 21 0.011858534
831 0 15 11 0.011856213
25 1 68 74 0.011854309
925 168 16 22 0.011852634
233 268 8 10 0.011851503
265 421 46 57 0.011851229
905 258 52 67 0.011847693
392 459 84 109 0.011847367
459 350 136 187 0.011844045
296 132 39 49 0.0118410345
160 7 22 28 0.011840742
855 205 13 18 0.011840079
301 98 34 47 0.011837846
381 190 118 140 0.011834261
13 153 33 39 0.011832201
270 158 19 26 0.011829471
876 0 15 11 0.0118264165
873 253 40 49 0.011821104
903 245 12 15 0.011821059
235 0 15 11 0.011816122
542 137 115 129 0.011811509
599 41 72 107 0.011809911
429 180 10 13 0.011805793
373 399 112 150 0.011804949
886 190 61 85 0.011801811
4 264 10 12 0.011794731
463 376 10 12 0.011792493
1022 176 2 24 0.011790825
950 111 74 122 0.011789782
249 620 63 37 0.011788715
679 164 19 20 0.011787023
399 128 10 11 0.011786679
1019 365 5 32 0.011785422
146 349 21 31 0.011779436
328 354 41 39 0.011779001
108 4 24 31 0.011776894
128 473 74 84 0.0117736515
675 183 18 21 0.011772082
389 297 39 47 0.011771668
9 45 62 86 0.011769828
969 93 55 90 0.011769454
121 357 21 29 0.011766759
215 291 58 69 0.011758871
1021 124 3 28 0.011756628
357 138 7 10 0.0117543265
257 156 7 12 0.01175097
877 196 11 17 0.011749244
117 500 38 49 0.011746225
112 22 17 22 0.011739519
1018 306 6 32 0.011735865
725 0 39 36 0.01173567
901 149 21 26 0.011735481
722 222 22 28 0.011729733
1019 519 5 32 0.011727039
258 160 8 10 0.011725276
407 157 107 119 0.011722738
845 164 13 16 0.011721895
94 96 46 57 0.011719443
227 267 11 13 0.011708383
169 321 15 19 0.011703263
1010 186 14 46 0.011698218
117 0 23 17 0.011695688
45 131 24 30 0.011693901
929 207 11 17 0.011693457
141 15 20 26 0.011691986
225 109 30 50 0.011689202
167 439 44 52 0.011689078
1019 450 5 32 0.011688807
456 172 9 12 0.011686783
886 0 15 11 0.011684421
136 49 46 51 0.011683824
1015 235 9 35 0.011683566
288 133 14 17 0.011683316
265 294 26 28 0.0116831185
673 157 40 46 0.011682134
860 0 121 119 0.011680245
921 146 29 37 0.011676282
938 219 11 14 0.01167467
653 164 21 29 0.011672165
234 417 83 96 0.011669026
443 150 56 71 0.0116623975
371 154 25 27 0.011661989
0 71 15 22 0.011655337
1000 6 24 55 0.01165439
385 305 10 20 0.011653603
372 137 11 13 0.01165219
718 194 13 17 0.011651839
369 154 39 49 0.0116431685
1018 87 6 33 0.011640307
935 318 89 182 0.011635122
318 68 41 52 0.011634161
764 200 13 19 0.01163091
933 138 39 54 0.011629541
219 392 86 95 0.011629362
201 645 41 12 0.011628191
875 137 38 50 0.011626763
0 311 10 22 0.011620163
181 366 65 76 0.011619804
426 255 60 74 0.0116156675
280 405 31 36 0.011615273
120 474 36 46 0.011610968
352 582 93 75 0.011609778
974 0 18 13 0.011609169
792 193 22 30 0.011604651
126 312 36 46 0.011604245
294 633 46 24 0.011600245
725 194 12 16 0.011593144
1019 414 5 33 0.011593125
386 310 13 25 0.011591868
300 0 15 11 0.011584382
73 113 48 65 0.011581702
1023 419 1 18 0.011581171
974 203 11 17 0.011580315
877 239 17 27 0.011579758
968 11 56 104 0.011578929
907 14 97 121 0.011576746
702 191 26 31 0.011576627
166 312 60 70 0.011576605
872 219 12 14 0.011575233
769 271 11 11 0.011573916
1018 290 6 34 0.011572592
25 351 101 191 0.011572561
303 151 12 13 0.011566302
399 137 12 13 0.011565106
320 92 39 49 0.011564075
273 0 29 22 0.011562705
976 351 48 102 0.011562531
254 186 16 27 0.011559994
404 199 23 31 0.011559198
548 23 94 120 0.011556531
932 266 11 12 0.011555917
170 400 39 52 0.011555093
1014 311 10 32 0.011553565
326 405 20 24 0.01155025
907 203 7 10 0.011548658
717 0 15 10 0.011548506
474 200 17 25 0.0115474025
736 273 40 48 0.01154242
270 0 55 42 0.01153886
1013 121 11 36 0.011538725
576 0 39 36 0.011537057
960 0 15 11 0.011536706
832 219 25 33 0.011531253
9 302 15 19 0.011523615
1018 489 6 33 0.011522394
405 174 24 29 0.01152173
568 0 15 11 0.011516277
345 128 32 31 0.011515817
86 278 162 186 0.011515726
253 0 29 22 0.011511974
733 203 14 17 0.011509035
233 0 29 22 0.011508911
127 15 20 24 0.011505939
359 195 33 55 0.011502996
457 185 8 11 0.011502871
449 0 15 11 0.011502781
402 464 10 18 0.011500214
321 364 21 26 0.011498283
14 150 14 17 0.011493165
555 406 158 218 0.011492147
238 246 40 51 0.011491374
677 0 15 11 0.011490019
515 69 86 112 0.011489932
85 230 10 10 0.011482992
1018 261 6 33 0.011479318
448 336 36 61 0.0114758145
314 106 12 14 0.011475151
455 168 8 12 0.01147352
928 0 30 22 0.011471591
101 154 220 282 0.011467499
1018 579 6 32 0.011467343
194 0 28 21 0.011467025
926 162 13 15 0.011466602
883 214 20 26 0.011460375
731 164 23 30 0.011459964
18 189 6 10 0.011459626
455 165 8 10 0.011459501
67 21 64 62 0.011458785
948 456 16 17 0.011457349
1018 348 6 34 0.0114570875
260 157 11 14 0.011451752
100 635 44 22 0.011450208
888 242 14 23 0.0114485705
454 175 8 10 0.011447779
866 222 14 17 0.011445024
654 187 19 25 0.011441049
889 356 8 12 0.0114401085
252 159 12 13 0.011436857
240 635 18 20 0.011436139
126 322 64 81 0.011435854
110 0 18 13 0.01142906
245 126 15 24 0.011422787
298 132 8 11 0.011422615
1 387 43 60 0.011421848
887 131 32 44 0.011421277
377 264 36 49 0.0114202835
729 223 31 42 0.011419165
489 198 18 24 0.011418287
1005 114 19 51 0.011414204
0 477 5 12 0.011413458
967 206 30 40 0.011407131
500 93 121 151 0.011406428
292 146 12 16 0.011403939
887 166 16 22 0.011403861
435 121 37 47 0.011400115
696 210 40 50 0.0113992
912 246 22 24 0.011391765
713 190 13 16 0.011379855
190 333 20 22 0.011378196
57 203 46 59 0.011376922
327 369 22 27 0.011370793
1023 412 1 17 0.011370213
911 173 13 14 0.011368699
286 339 33 36 0.011368533
763 265 12 12 0.011366679
0 177 8 20 0.011366643
352 382 18 21 0.0113660935
169 74 48 57 0.011365952
29 166 70 89 0.011364005
4 250 24 32 0.011363107
765 212 21 26 0.0113622015
798 227 70 90 0.011362044
48 145 21 29 0.011355543
482 62 71 101 0.011353342
623 64 65 97 0.011351463
642 198 21 23 0.011347877
695 486 79 109 0.011344966
872 186 12 18 0.011344221
707 183 16 20 0.011342852
408 0 39 36 0.011341027
719 221 71 92 0.011340509
201 316 14 16 0.011335919
209 0 18 13 0.011334434
821 198 31 39 0.0113294
342 170 23 25 0.011327778
484 205 19 24 0.011325788
837 209 12 16 0.011323162
293 153 31 40 0.011321913
635 0 20 18 0.011317566
715 163 21 27 0.011313431
362 145 19 27 0.011311878
1021 114 3 28 0.011309177
527 59 227 262 0.011308687
173 603 30 38 0.011307277
252 242 26 33 0.011305779
889 134 43 61 0.011304218
948 0 29 22 0.0113014765
357 144 11 14 0.011296074
1018 276 6 33 0.011294973
95 0 18 13 0.011293209
12 137 13 17 0.011292758
213 69 25 28 0.011292323
636 182 11 13 0.011291498
664 277 62 76 0.011289439
10 149 20 27 0.011288108
157 353 43 58 0.011285901
0 228 9 17 0.011283669
971 217 13 19 0.011283225
119 343 38 50 0.011281768
406 259 55 67 0.011281141
648 192 20 24 0.011276505
1020 244 4 27 0.01127584
843 200 8 10 0.0112733
125 293 32 39 0.011270541
1009 207 15 46 0.011269809
94 12 21 30 0.011269792
1023 426 1 18 0.011265782
700 40 74 107 0.011263706
619 136 108 129 0.011262896
147 361 22 30 0.0112628145
1004 349 20 57 0.011262795
249 368 16 21 0.011259918
295 500 10 15 0.011257404
454 191 22 27 0.011255077
46 104 42 52 0.011249714
392 273 37 48 0.011248214
402 40 70 102 0.0112464335
177 333 14 18 0.011244391
134 225 97 90 0.011243261
255 390 21 25 0.011240152
235 253 22 29 0.011231911
330 199 44 58 0.011230495
421 64 104 138 0.011229276
178 347 12 17 0.011227829
897 354 73 108 0.011226323
371 207 36 50 0.01122514
226 604 65 53 0.011222668
0 343 43 77 0.011222481
422 192 18 22 0.011221703
935 181 11 15 0.011217944
44 0 29 21 0.011214489
293 0 29 22 0.011213516
652 292 43 51 0.011212587
1 218 72 111 0.011211115
459 151 31 40 0.011208916
220 320 28 36 0.011206537
951 229 13 15 0.011206107
10 599 76 58 0.011205073
70 202 8 11 0.011202309
900 235 14 18 0.01120062
660 488 19 34 0.011199687
0 453 19 46 0.011194694
241 378 15 21 0.011194187
401 139 16 18 0.011189025
83 188 33 39 0.011187687
156 0 25 17 0.011186994
0 259 49 81 0.011186846
299 61 38 52 0.011185363
0 150 6 12 0.011179432
264 578 102 79 0.011178443
697 0 15 11 0.01117608
327 125 11 16 0.011172023
236 376 11 15 0.011168226
1019 430 5 32 0.011166864
0 469 31 56 0.011166779
382 147 18 24 0.011163219
312 142 14 17 0.011162472
902 254 21 24 0.01115973
106 433 75 87 0.011157483
155 23 41 43 0.011149607
341 369 19 28 0.011149536
849 0 29 22 0.011147957
788 185 21 29 0.011147466
337 93 39 49 0.011145094
416 234 20 24 0.011139005
707 0 15 11 0.011137675
46 0 17 13 0.011137237
785 231 16 22 0.011136095
182 319 19 22 0.011134093
948 198 11 13 0.011132927
283 225 34 51 0.011132702
615 110 40 58 0.011129176
591 0 29 22 0.011128595
930 253 39 49 0.011127074
1006 230 18 47 0.0111259045
351 140 17 19 0.01112429
599 187 21 30 0.01112427
270 647 36 10 0.011121583
587 165 38 48 0.01112095
212 558 23 29 0.011120198
844 192 12 16 0.01111945
869 0 29 22 0.011119151
1023 2 1 24 0.0111187305
845 195 53 67 0.011118327
165 50 44 52 0.011116686
125 512 39 47 0.011115046
734 0 20 18 0.011114191
426 261 33 40 0.011113814
112 487 36 45 0.01111358
815 232 37 47 0.011112673
1022 236 2 23 0.011110105
756 195 12 18 0.011109449
957 236 12 14 0.011105238
613 85 44 61 0.011102356
1018 593 6 33 0.01109996
20 263 13 17 0.0110973725
1023 404 1 18 0.011095989
153 324 12 18 0.011091162
950 2 46 56 0.011090307
728 184 20 20 0.011087484
16 185 7 13 0.011085563
903 213 11 15 0.01108552
814 0 20 18 0.011081929
526 194 72 96 0.011081531
229 362 20 31 0.011078572
393 455 20 30 0.011076558
430 159 19 21 0.011075523
83 218 6 9 0.011074924
310 0 56 42 0.0110747125
402 0 20 18 0.01107374
119 247 75 89 0.011072674
199 0 18 13 0.011071271
266 192 36 47 0.011070812
392 0 20 18 0.01106997
818 159 35 46 0.0110693425
150 315 50 57 0.01106603
476 0 20 18 0.011065755
20 637 43 20 0.011058925
311 124 23 24 0.011058526
1004 249 20 48 0.011056439
481 0 30 22 0.011056422
134 326 21 29 0.011055855
677 165 12 16 0.01104914
207 331 12 19 0.011048893
72 191 10 13 0.011047091
231 257 8 11 0.011044617
60 0 18 13 0.011042848
305 405 117 147 0.0110419355
880 266 70 87 0.011040796
927 455 22 24 0.011032964
335 151 22 26 0.011021677
75 204 10 15 0.011021675
232 390 18 30 0.011019515
111 68 48 52 0.011018578
342 138 18 21 0.011014172
242 153 23 30 0.011012865
484 213 7 11 0.011012723
318 118 38 46 0.011010063
334 560 53 77 0.0110095395
216 377 28 45 0.011008709
0 192 10 30 0.011005682
1022 151 2 23 0.011004903
1023 394 1 18 0.0110037485
630 197 12 17 0.010996044
991 88 33 63 0.0109957345
0 225 5 10 0.010994949
369 0 57 43 0.010993306
87 220 71 90 0.010992852
65 285 8 10 0.010989833
453 212 26 28 0.010988378
908 0 30 22 0.010987975
335 70 42 52 0.01098549
632 157 65 76 0.010983011
944 225 11 13 0.010982675
6 145 7 9 0.010982379
372 0 30 22 0.010979136
96 28 18 22 0.0109764915
18 193 10 14 0.010972829
438 0 236 234 0.01097045
228 253 17 24 0.010969818
261 169 21 31 0.010969757
815 168 51 66 0.01096657
352 0 30 22 0.010965228
11 238 31 45 0.010963963
237 364 16 23 0.0109616285
328 79 59 74 0.010960359
461 209 32 36 0.010957268
0 7 19 45 0.01095479
909 165 10 13 0.010943911
196 82 28 40 0.010942009
69 186 11 16 0.010936758
362 411 35 41 0.010933834
176 0 24 17 0.01093326
287 217 78 104 0.010932633
1023 434 1 17 0.0109322565
84 61 36 47 0.010931533
614 147 22 28 0.010928835
921 64 71 104 0.010926418
763 225 34 46 0.010923954
690 159 30 37 0.010922521
424 0 15 11 0.010922349
426 170 12 19 0.010921536
768 268 9 9 0.010920401
591 211 44 53 0.0109199565
210 387 42 57 0.010918566
1022 166 2 24 0.010916056
160 222 44 49 0.010915698
89 19 21 28 0.010912523
302 142 10 12 0.010912197
68 222 15 18 0.010911564
921 154 11 15 0.0109106
10 120 10 17 0.010909782
14 177 16 22 0.0109091
714 0 21 18 0.010906235
138 218 39 42 0.010906122
921 234 22 27 0.010904733
690 358 132 191 0.0109034525
558 180 67 89 0.010902574
112 354 35 49 0.01090192
848 261 15 17 0.010900305
963 224 12 15 0.010896291
891 239 8 10 0.010893844
103 32 7 9 0.010893304
35 0 18 13 0.010893066
938 256 21 21 0.010887326
376 132 8 9 0.01088723
438 580 78 77 0.010882404
911 229 10 15 0.010879574
940 91 67 97 0.010878992
1003 267 21 49 0.010878265
1020 70 4 27 0.010877014
4 173 13 16 0.010875694
67 481 19 20 0.0108756125
922 256 12 12 0.010871458
330 129 10 14 0.010871449
436 158 15 16 0.010870302
463 243 18 17 0.010868794
315 590 36 43 0.010868499
384 320 14 28 0.0108683845
945 175 17 25 0.0108675845
889 0 29 22 0.010864754
427 356 40 48 0.0108638005
939 268 12 15 0.010863556
733 198 13 15 0.010862942
917 601 76 56 0.010861282
224 263 11 13 0.010860341
912 168 11 13 0.01085999
633 85 44 61 0.010859776
1023 389 1 18 0.010859465
964 100 40 54 0.010857738
135 342 21 28 0.010854026
107 25 14 18 0.0108523015
976 55 48 94 0.010849648
296 0 229 239 0.010848288
284 487 15 22 0.010847646
273 353 44 48 0.01084721
448 303 57 81 0.0108436
475 179 10 14 0.010843288
0 168 8 20 0.010842757
282 157 22 28 0.010838898
157 361 21 31 0.010832576
1020 462 4 27 0.0108321905
171 34 54 58 0.0108295465
245 341 37 45 0.010827517
247 29 41 59 0.010825734
85 0 18 13 0.010825271
659 186 31 37 0.010823729
899 222 16 22 0.010822929
438 190 9 9 0.010818021
44 154 11 16 0.010816442
237 276 20 26 0.01080858
23 214 21 24 0.010808242
345 373 12 17 0.010803473
387 319 23 31 0.010797215
980 599 44 58 0.010793844
586 0 19 18 0.010792662
824 0 20 18 0.010792506
313 0 29 22 0.010788268
150 497 66 75 0.010787668
272 350 26 33 0.010782199
394 175 62 74 0.010778931
314 633 45 24 0.0107765095
521 0 30 22 0.010773733
389 138 8 10 0.010770588
709 160 14 13 0.010769913
0 145 5 12 0.010769572
457 180 8 10 0.01076748
854 460 80 111 0.010766171
873 205 10 15 0.010764996
238 243 13 17 0.010764263
129 0 19 14 0.010762172
602 178 21 30 0.010759342
1023 0 1 17 0.010757705
461 603 73 54 0.010756805
52 265 17 23 0.01075653
1012 342 12 36 0.010755599
70 0 18 13 0.010755434
324 600 23 28 0.010753485
222 499 69 79 0.010751379
1022 141 2 24 0.01074384
748 195 19 22 0.010743709
265 603 66 54 0.0107432
0 304 49 84 0.010742059
755 238 18 25 0.010740451
17 167 43 55 0.010739716
292 487 7 10 0.010738632
216 253 29 40 0.010737901
396 71 41 56 0.010735905
518 579 77 78 0.010733219
38 607 73 50 0.010731761
208 596 21 28 0.010725725
333 0 29 22 0.010720245
414 292 40 49 0.010719636
1020 318 4 27 0.010719497
796 203 23 29 0.010718719
940 27 44 63 0.010715129
205 559 65 78 0.010712211
789 0 30 22 0.010710784
1012 102 12 36 0.010708271
660 486 77 107 0.010708108
14 0 29 22 0.010707391
378 72 39 52 0.01070387
103 351 80 101 0.010702239
693 272 41 50 0.010699716
878 602 73 55 0.010694772
860 63 69 100 0.010691907
460 173 10 13 0.010691883
397 260 36 46 0.010690725
740 0 29 22 0.010686333
402 283 60 74 0.010681462
337 136 11 14 0.010679492
258 92 37 53 0.010676849
38 162 22 27 0.010676231
564 554 42 59 0.010675412
433 181 9 11 0.0106723895
310 106 11 14 0.0106707895
75 194 20 24 0.010670724
872 256 16 21 0.0106680235
244 373 11 15 0.010664877
7 0 24 19 0.010663914
1021 393 3 27 0.0106631555
945 173 14 15 0.01066161
0 215 15 30 0.010660622
248 354 52 63 0.010658732
1023 439 1 17 0.01065788
37 224 9 9 0.0106554525
937 213 13 16 0.010653513
382 396 13 16 0.010651048
292 183 65 85 0.010647833
0 89 12 21 0.010647473
330 192 23 33 0.01064454
1022 131 2 24 0.010644536
859 164 8 12 0.010644336
501 603 73 54 0.010642344
292 216 38 51 0.010633722
0 154 7 18 0.0106318835
141 6 20 25 0.010631871
40 636 45 21 0.010628802
910 275 26 27 0.010628451
742 238 18 30 0.010627725
864 0 20 18 0.010622391
450 155 12 14 0.010619985
366 59 41 55 0.010618218
139 350 21 30 0.010615548
135 193 45 50 0.010613372
74 187 16 19 0.010610559
1003 75 21 54 0.010608751
849 218 12 17 0.010606401
246 269 23 23 0.010604713
249 379 18 22 0.010600659
0 223 8 15 0.010595039
562 142 65 82 0.010594449
926 216 12 14 0.010593684
291 307 61 70 0.010590199
0 433 19 47 0.010584805
714 272 42 50 0.010583761
0 159 22 38 0.010583304
77 199 9 12 0.010582792
125 366 22 30 0.010579496
291 156 14 18 0.010576016
386 539 74 106 0.010572601
106 102 13 16 0.010572021
386 335 20 32 0.010571815
463 374 19 29 0.010571489
413 158 20 29 0.010570695
453 467 135 171 0.010569762
438 462 79 111 0.010569543
458 17 80 114 0.010569187
1023 382 1 17 0.010566982
321 161 16 16 0.010566476
465 166 20 27 0.010562638
551 226 82 103 0.010562613
162 311 13 19 0.010561862
908 227 10 14 0.01056103
521 155 36 50 0.010560233
804 193 64 83 0.01055975
1 148 10 15 0.010559395
400 156 15 16 0.010558093
530 466 132 173 0.010555145
343 151 36 48 0.010552959
778 41 75 110 0.010552782
428 0 58 43 0.010552579
1020 95 4 28 0.010551997
541 603 71 54 0.0105509
965 0 40 37 0.010550883
481 217 11 16 0.010550318
400 217 78 92 0.01054743
526 108 41 58 0.010547333
329 154 27 38 0.010547153
445 175 14 11 0.010545519
161 432 13 21 0.010545222
93 302 31 44 0.010544296
1021 403 3 27 0.010543082
365 324 33 45 0.010541022
218 342 31 36 0.010535607
433 253 41 49 0.010535499
119 428 40 53 0.010533702
379 139 8 10 0.0105291195
0 115 6 17 0.010527332
49 196 9 12 0.010527037
1020 511 4 28 0.01052682
819 603 72 54 0.010526135
713 232 40 50 0.010524793
216 3 43 52 0.010524696
224 542 62 74 0.010518657
895 581 79 76 0.010517778
914 148 20 26 0.010517573
153 4 23 27 0.010516841
874 209 16 22 0.010516751
961 223 22 26 0.010515815
893 159 14 15 0.01051365
2 49 34 46 0.010512982
883 0 20 18 0.010510826
787 112 38 54 0.010508444
24 163 20 24 0.010507853
694 164 15 20 0.010506854
155 328 22 31 0.010506525
879 222 9 13 0.010503906
575 152 41 54 0.010500368
209 346 69 86 0.01049893
664 144 61 74 0.010496559
27 143 16 18 0.010495655
578 202 23 32 0.0104912985
468 0 57 43 0.010490908
273 296 27 36 0.0104904445
910 47 45 63 0.010489198
189 0 18 14 0.010486734
743 163 21 26 0.010479881
809 199 21 28 0.010474639
779 604 73 53 0.010473546
178 429 21 26 0.010473156
481 234 11 16 0.010472437
921 133 63 88 0.010472268
347 384 13 18 0.010471703
389 295 12 18 0.010467695
456 160 9 11 0.010467508
122 179 52 52 0.010467007
1020 342 4 28 0.0104659535
681 375 8 12 0.010464296
1020 50 4 28 0.010462613
233 262 8 11 0.01046067
467 242 25 24 0.010458468
797 186 34 45 0.010456033
424 146 20 25 0.01045219
635 293 42 50 0.01045065
970 0 15 11 0.010448331
1004 284 20 52 0.01044795
505 325 119 157 0.010445612
952 88 41 58 0.010443781
442 0 29 22 0.010443291
941 58 43 62 0.010442694
304 14 66 84 0.010438195
18 73 22 24 0.010438085
333 175 11 13 0.010435715
79 644 42 13 0.010435387
964 637 46 20 0.010431993
309 332 59 65 0.01042826
183 299 67 79 0.010427376
59 638 47 19 0.010427065
471 197 12 16 0.010422517
580 603 73 54 0.010421473
263 611 24 31 0.010421296
166 301 22 30 0.010418094
311 405 20 23 0.010416982
0 230 5 11 0.010416689
856 250 16 25 0.0104134325
339 146 15 21 0.01041203
364 509 19 27 0.0104093235
51 119 14 19 0.01040604
99 33 11 16 0.010404979
208 357 19 26 0.010404774
406 234 19 24 0.010403261
204 107 30 41 0.010400255
635 111 38 55 0.01039972
381 165 24 27 0.010398552
944 188 8 10 0.010394862
731 502 82 111 0.010392974
141 462 20 25 0.010390482
634 182 8 10 0.010388863
0 215 6 16 0.0103887115
15 160 19 23 0.010387559
97 89 27 35 0.010382205
0 406 73 193 0.010381196
396 217 38 45 0.010381179
458 162 8 11 0.010380655
746 234 29 38 0.01037591
996 232 19 26 0.010375549
943 197 11 17 0.010373584
739 604 73 53 0.010373043
856 355 78 106 0.010371002
934 99 39 54 0.0103708645
922 160 8 10 0.010370762
457 352 31 54 0.010369818
1023 446 1 18 0.010369628
422 256 25 33 0.0103686275
327 615 62 42 0.010368096
865 229 9 11 0.010367984
906 222 10 14 0.01036225
665 163 20 23 0.010361894
878 42 73 106 0.010359192
287 49 41 57 0.010358903
121 456 36 46 0.010358612
450 128 32 46 0.010353043
284 211 34 42 0.010352634
296 125 11 16 0.010350708
1020 85 4 27 0.010350696
660 192 20 25 0.01035002
347 156 22 28 0.010345723
514 149 92 111 0.010345594
370 243 18 29 0.01034478
333 109 57 67 0.010343016
162 106 55 63 0.010339941
528 132 38 56 0.010339113
220 267 19 24 0.010338862
868 155 46 55 0.010337586
838 39 74 110 0.0103360815
6 257 9 11 0.010336049
120 377 22 30 0.010335762
0 55 11 29 0.010334214
0 544 4 10 0.010333736
680 604 72 53 0.010333357
0 550 5 11 0.010331438
224 377 16 23 0.010330955
942 159 23 28 0.010329873
1021 378 3 27 0.010328855
702 164 18 25 0.010327264
749 170 19 26 0.010323621
721 63 69 101 0.010321943
1020 501 4 28 0.010317336
148 430 41 48 0.010316982
463 176 13 15 0.010316943
899 190 9 16 0.010314448
1020 556 4 28 0.010309865
682 290 64 84 0.010309757
713 175 13 18 0.010309537
1021 422 3 27 0.010308472
135 22 21 25 0.010307491
25 203 11 14 0.010302245
432 286 49 62 0.010299803
286 422 42 53 0.01029678
521 119 77 93 0.010296208
640 41 71 106 0.010294638
90 622 64 35 0.010293764
532 624 50 33 0.010292757
387 349 31 37 0.010289546
211 572 21 27 0.010289399
921 356 8 11 0.010283935
457 89 39 54 0.010281084
386 181 25 31 0.010279816
507 0 58 43 0.010279803
645 266 62 75 0.010279256
4 132 13 18 0.010278352
265 195 67 88 0.010275878
804 399 39 55 0.010275441
664 175 20 23 0.010275324
244 425 47 58 0.010273432
223 356 22 27 0.010270846
584 544 42 59 0.010270531
56 170 24 29 0.010265158
171 541 26 29 0.01026366
149 0 18 13 0.010263062
218 338 12 15 0.010262301
217 618 13 18 0.010256999
999 482 25 54 0.010253127
492 169 21 24 0.01024734
547 0 58 43 0.010246271
186 538 66 78 0.010243596
664 372 75 108 0.01024336
239 239 58 82 0.010243215
932 198 7 9 0.010242412
324 82 26 32 0.010242408
428 246 34 41 0.010239996
162 372 21 30 0.010239584
195 97 30 42 0.010237156
60 197 8 11 0.01023625
854 176 20 25 0.010236124
114 286 62 74 0.010235714
1022 122 2 23 0.010235588
988 166 36 61 0.010233163
304 214 45 56 0.010231201
99 646 37 11 0.010229845
1003 55 21 54 0.010229456
110 336 36 48 0.010227861
0 284 11 24 0.010227672
432 203 28 30 0.010226915
507 449 105 138 0.0102261
261 187 12 20 0.010225491
169 0 18 14 0.01022531
363 472 71 95 0.010225156
448 433 70 98 0.010224965
261 159 20 27 0.010219574
745 197 15 18 0.010215898
516 98 41 57 0.010214868
0 559 16 29 0.010214585
244 618 12 15 0.010210833
801 564 45 63 0.010210772
640 603 72 54 0.010210748
1021 448 3 27 0.010209773
778 482 76 110 0.010207854
266 262 59 75 0.010204021
392 129 10 16 0.010201417
939 261 10 11 0.010198151
93 211 21 27 0.010196538
837 411 22 31 0.0101954965
257 0 12 9 0.010195254
801 57 45 63 0.0101933675
213 294 36 47 0.01019186
890 47 46 63 0.010190076
392 144 8 17 0.010190025
361 489 39 54 0.010189902
485 217 8 10 0.010187251
960 168 14 14 0.010187211
1023 2 1 18 0.010186663
96 42 29 28 0.010186626
748 239 10 19 0.010186537
858 141 32 41 0.010185444
861 483 109 140 0.010184814
932 467 22 29 0.010184476
745 253 33 33 0.010184057
957 354 6 10 0.0101829395
841 563 45 63 0.010180429
2 91 22 28 0.0101791965
878 214 11 15 0.010177796
784 139 106 142 0.010176062
727 274 58 74 0.010175573
573 174 42 51 0.010175368
867 125 34 47 0.010175236
226 254 10 15 0.010173993
703 58 43 62 0.010173283
348 375 70 84 0.0101723485
267 383 17 22 0.010171525
261 363 20 27 0.010170462
655 200 18 23 0.010169504
261 0 13 9 0.010166381
797 208 35 44 0.01016624
17 99 19 21 0.010162662
416 69 42 57 0.01016249
430 279 27 36 0.010162303
317 101 11 15 0.010161433
1023 375 1 17 0.010160883
477 208 11 17 0.010158586
72 78 23 28 0.010158481
952 234 13 15 0.010158204
581 63 69 103 0.010156853
1012 356 12 40 0.010155968
237 269 12 11 0.010154493
216 203 30 39 0.010152975
347 360 37 43 0.01015214
742 58 44 62 0.010150905
512 624 50 33 0.010150805
131 362 22 29 0.0101502985
242 143 15 20 0.01014937
574 537 41 54 0.010148424
923 89 40 56 0.010148371
338 94 20 28 0.0101452
1022 11 2 24 0.010143325
926 220 14 18 0.010142848
919 28 46 63 0.010142257
932 212 11 16 0.010141394
551 624 50 33 0.01014124
821 564 45 63 0.010140469
255 137 13 22 0.010139957
441 189 63 75 0.010139393
947 227 30 38 0.01013894
30 72 22 26 0.010137468
337 171 9 9 0.010134691
164 523 43 47 0.010134425
842 228 69 88 0.010133407
312 77 31 40 0.010132454
790 624 50 33 0.010131042
168 237 49 53 0.010129769
283 316 11 11 0.010128759
194 627 54 30 0.010127166
471 623 51 34 0.010126814
73 631 48 26 0.010125925
841 57 44 64 0.01012535
0 30 19 58 0.010123639
380 293 33 47 0.010123243
588 202 23 32 0.010122051
491 624 51 33 0.010120838
534 564 43 61 0.010120665
1020 542 4 27 0.010120136
288 201 21 25 0.010119717
412 217 32 36 0.010116262
607 0 57 43 0.010115383
166 35 36 37 0.010115139
809 624 51 33 0.010114209
1002 561 22 53 0.010110435
1021 526 3 28 0.010109909
261 152 13 14 0.010105285
564 139 41 58 0.010105157
932 223 12 15 0.0101050995
254 364 16 20 0.010105002
298 506 23 29 0.010104919
583 212 23 32 0.010104417
300 375 70 85 0.010099581
748 63 96 132 0.010097315
1000 464 24 52 0.010096299
137 452 20 26 0.010096006
244 397 26 32 0.010095852
940 553 44 63 0.010093594
583 192 23 32 0.010092112
770 624 50 33 0.010091749
740 178 59 71 0.0100911595
368 274 28 41 0.010090267
379 278 11 15 0.010087427
861 57 45 63 0.010086128
781 564 45 62 0.010085787
1020 576 4 28 0.010085291
825 0 58 43 0.010083613
889 463 40 52 0.01008292
635 207 39 50 0.0100790635
218 340 18 25 0.010078385
163 646 36 11 0.010076464
314 64 86 113 0.010075455
139 367 20 29 0.010074853
0 552 34 90 0.010074801
722 58 44 62 0.01007434
271 212 29 36 0.010072523
26 0 17 13 0.010072487
306 346 24 23 0.0100711575
1020 591 4 27 0.01007001
1013 508 11 34 0.01006946
849 624 51 33 0.010067453
829 624 51 33 0.010066984
10 204 52 67 0.010064973
652 129 47 62 0.010063955
553 149 42 60 0.010062911
1020 298 4 28 0.01006251
978 111 37 52 0.010061746
1012 469 12 33 0.010059625
489 204 12 16 0.010059321
252 131 11 16 0.010058486
386 607 70 50 0.010058339
945 112 37 51 0.010058086
268 327 58 63 0.010057684
203 521 68 78 0.010057675
683 58 43 62 0.0100555625
786 409 103 136 0.010055373
968 164 26 36 0.010054773
900 553 45 63 0.010053921
346 140 12 13 0.010051333
910 161 8 10 0.010050498
1020 477 4 27 0.010049595
77 51 33 36 0.010048924
261 119 33 43 0.010046754
0 228 4 10 0.010045293
20 48 38 49 0.010043812
303 122 18 21 0.010043342
229 19 40 57 0.010042738
1022 246 2 23 0.01004222
84 223 8 11 0.010041943
426 71 63 90 0.010041943
793 89 42 59 0.010039673
111 464 36 47 0.010039499
642 193 15 15 0.01003562
218 450 18 21 0.010034842
676 17 80 114 0.010032457
598 578 77 79 0.010032442
579 198 65 83 0.010030681
595 638 44 19 0.010029677
187 260 42 46 0.010029152
343 13 68 86 0.010028584
869 623 51 34 0.010027409
753 211 8 11 0.010026836
927 128 34 45 0.010026757
287 515 20 28 0.0100259585
861 564 45 62 0.010023708
1022 111 2 24 0.010022423
1014 429 10 35 0.010019626
313 85 20 28 0.01001897
788 204 21 27 0.010018759
163 267 73 86 0.010016974
593 446 43 61 0.010016454
731 208 12 17 0.010016229
194 261 54 63 0.010015057
127 64 55 65 0.010014176
262 153 8 11 0.010014115
987 187 19 25 0.010011396
919 199 14 17 0.010009545
152 371 22 31 0.010007517
628 101 35 50 0.010007202
532 165 53 68 0.010006293
60 237 9 12 0.010005949
157 445 10 16 0.010004291
888 162 14 16 0.010003456
258 150 8 11 0.010003077
877 187 10 16 0.010003041
452 623 51 34 0.010001806