41_Swimming_Swimmer_41_507
264
297 159 411 590 0.86481017
74 191 394 526 0.07102224
275 404 420 535 0.060688503
5 236 288 440 0.058793437
279 687 403 365 0.04232786
761 0 263 272 0.040981952
87 374 275 362 0.040744506
252 70 348 514 0.039541174
732 676 292 376 0.038380004
0 687 213 365 0.038243786
0 27 343 541 0.037228625
0 0 212 282 0.03719128
39 674 403 378 0.033963006
449 324 303 428 0.03325353
0 0 136 176 0.0324377
177 515 411 500 0.032300808
0 431 317 504 0.029746043
527 656 422 396 0.029705836
315 415 291 340 0.029303713
372 0 407 366 0.028928485
223 778 286 274 0.028917598
696 551 275 340 0.028834075
41 0 401 304 0.027117996
905 0 119 160 0.027096342
97 517 267 350 0.026932912
257 288 297 409 0.026390007
440 772 300 280 0.026364306
396 562 372 446 0.02554951
778 261 246 476 0.025486697
934 904 90 148 0.02468712
512 0 412 289 0.024157327
0 353 191 435 0.023846334
577 526 296 362 0.023726277
505 155 251 442 0.023695555
97 0 276 190 0.022842128
337 0 281 198 0.022632001
701 533 151 211 0.022592606
0 531 142 355 0.022502778
191 271 245 362 0.022492874
575 395 259 364 0.022150593
0 0 87 112 0.022146307
197 0 330 238 0.022075284
651 378 370 470 0.021149771
447 0 276 183 0.020512894
0 174 160 383 0.020301731
632 103 382 521 0.020232763
289 510 188 236 0.02006365
832 190 192 358 0.019978574
823 54 201 364 0.019735971
580 0 275 173 0.019577894
0 875 122 177 0.019269496
163 460 288 323 0.018854737
960 0 64 80 0.018671153
887 813 137 239 0.018103486
1001 0 23 45 0.018078689
352 235 262 395 0.018013993
280 359 161 248 0.016903024
546 64 298 404 0.016824232
725 0 235 156 0.016650196
970 984 54 68 0.016547132
496 490 276 336 0.016359255
276 166 222 357 0.016319519
0 0 54 72 0.016012596
639 269 230 358 0.015838768
356 855 257 197 0.0157214
44 852 252 200 0.015266281
1009 0 15 29 0.015259332
87 0 184 125 0.015214107
244 595 263 327 0.01514412
686 0 184 121 0.015095104
899 23 125 293 0.014907894
554 514 175 236 0.014837397
1022 0 2 22 0.014782997
886 311 138 333 0.014774001
899 525 125 283 0.014692386
760 0 152 99 0.014611962
914 154 110 285 0.014559611
447 111 248 358 0.014517047
1006 1029 18 23 0.014357349
88 465 191 228 0.0142407045
996 1011 28 41 0.014187923
714 856 248 196 0.014187206
816 0 155 104 0.014106378
250 0 228 150 0.014016713
484 884 206 168 0.014015771
45 0 148 101 0.014012901
0 0 28 35 0.014001957
899 636 125 288 0.013938587
995 0 29 106 0.01379288
726 596 96 146 0.013749711
0 90 131 300 0.013742214
165 0 146 94 0.013679098
338 574 188 208 0.013652845
208 0 182 119 0.013648908
566 0 178 120 0.013530448
936 297 88 233 0.013484929
337 915 170 137 0.013282123
189 873 229 179 0.01323698
280 920 159 132 0.013210533
677 416 193 263 0.013201898
340 441 21 20 0.01318388
642 0 144 93 0.013169422
214 481 161 206 0.013021143
605 872 231 180 0.012998642
727 541 101 136 0.012954869
940 621 84 198 0.0129085
804 911 176 141 0.012774101
120 300 212 302 0.012749022
138 531 175 216 0.012635527
121 0 118 85 0.012598349
234 325 142 215 0.012555932
0 975 58 77 0.012456039
641 479 165 230 0.012318282
260 0 29 21 0.012317663
935 426 89 223 0.012184728
379 0 191 120 0.012179798
0 0 14 17 0.0120506575
781 0 30 22 0.012014551
285 0 149 93 0.011942875
95 580 166 220 0.011884227
613 227 194 303 0.011857343
696 919 162 133 0.011836291
569 915 162 137 0.011756267
343 0 151 94 0.011673704
411 528 164 211 0.0115875
522 0 146 93 0.011485109
0 141 77 193 0.011397452
64 949 171 103 0.011296774
239 0 114 79 0.011275751
249 0 15 10 0.011265112
126 0 15 10 0.011241053
997 42 27 118 0.011220448
996 569 28 120 0.011215616
305 0 15 10 0.0111977
0 394 117 287 0.0111869415
63 0 15 11 0.011181016
491 586 180 200 0.011172779
298 0 14 10 0.011151147
456 0 151 93 0.01113831
246 0 30 21 0.011121009
89 0 15 10 0.01110468
257 0 15 10 0.011103404
272 0 14 10 0.01107513
575 0 50 43 0.011071888
856 0 30 22 0.011041644
886 0 15 10 0.01102611
137 0 15 10 0.011017866
745 0 29 21 0.011011086
155 914 167 138 0.011010199
0 1025 28 27 0.010987788
506 0 29 21 0.010983972
264 0 15 10 0.010983602
219 167 188 313 0.010960271
331 567 285 323 0.010958557
157 0 29 21 0.010946656
901 0 15 11 0.010946352
998 883 26 114 0.010929633
119 0 15 10 0.010919977
681 275 140 218 0.0108779
796 0 30 21 0.010871786
753 566 172 189 0.010853897
998 380 26 105 0.010828455
82 0 15 10 0.010820294
286 0 15 10 0.01081738
104 0 15 11 0.010815805
956 513 68 180 0.010809928
242 0 15 10 0.010803772
70 0 15 11 0.010785449
879 0 14 10 0.010760521
521 0 29 21 0.010745448
999 653 25 111 0.010720258
160 0 15 11 0.010716143
908 0 30 22 0.010710211
96 0 15 10 0.010707258
0 233 96 245 0.010701927
833 0 30 21 0.010699244
908 0 15 10 0.0106919715
279 0 15 10 0.010684493
0 712 94 238 0.010671095
24 612 197 288 0.01066551
234 0 15 10 0.010647418
845 0 15 10 0.010627083
730 0 30 21 0.010625148
72 0 59 43 0.010622771
998 259 26 110 0.010618775
774 0 15 10 0.010600982
491 0 30 21 0.01056124
312 0 16 10 0.010545777
719 0 113 84 0.010530457
0 597 88 228 0.010526491
737 0 15 9 0.010524433
614 406 138 257 0.010506529
800 0 15 9 0.010506474
0 25 74 184 0.01050349
997 336 27 106 0.010496048
407 607 95 75 0.010493121
768 0 30 21 0.010490652
838 0 15 10 0.010490412
167 0 15 10 0.010478135
894 0 14 10 0.010477069
830 0 15 10 0.010472807
205 0 14 10 0.010459843
681 0 15 9 0.010454991
145 0 15 10 0.010448929
998 842 26 111 0.010439489
871 0 15 10 0.010425676
894 0 28 23 0.010412412
227 0 15 10 0.010394512
56 0 15 10 0.010391975
71 0 96 67 0.010390991
998 94 26 108 0.010386711
639 342 152 241 0.010373862
916 0 15 10 0.010369836
46 535 160 224 0.010369327
141 0 30 21 0.010356
997 779 27 113 0.010354422
871 0 31 22 0.010353948
808 0 14 9 0.010350792
793 0 15 10 0.010349809
823 0 14 10 0.010335743
111 0 15 10 0.01033417
852 0 15 10 0.010324689
745 0 15 10 0.010323325
45 0 59 43 0.010308841
781 0 16 10 0.010305008
863 0 15 10 0.010300707
75 0 28 22 0.01029488
295 0 60 44 0.0102815805
0 441 70 189 0.0102754915
15 0 57 41 0.010275291
996 925 28 122 0.010274162
700 0 28 22 0.010264606
152 0 15 10 0.010263879
687 618 134 196 0.010262108
59 0 29 21 0.010258103
276 0 29 21 0.010236143
767 0 15 10 0.01023496
923 0 15 10 0.010219648
819 0 30 22 0.010216695
674 0 14 10 0.010210703
999 448 25 101 0.010207887
689 0 15 10 0.010207197
402 0 15 10 0.010195767
212 0 15 10 0.010191382
119 0 60 41 0.01017933
997 216 27 108 0.010178874
171 0 29 21 0.010178674
391 0 14 10 0.010178669
197 0 15 10 0.010169812
0 322 72 191 0.010160414
536 0 30 22 0.010136646
961 0 14 10 0.010133641
239 667 173 201 0.010129172
219 0 15 10 0.010125277
752 0 15 11 0.010099741
220 599 158 204 0.010081141
502 991 104 61 0.010076929
231 0 29 20 0.010069264
126 0 30 21 0.0100678895
422 958 176 94 0.010049175
216 0 29 21 0.010032484
997 143 27 104 0.01002036
0 1035 19 17 0.010012729
666 0 15 10 0.010006277