41_Swimming_Swimming_41_128
740
463 210 88 112 0.796682
467 470 58 58 0.09463699
497 372 23 24 0.06934821
472 453 64 54 0.059174936
480 224 59 71 0.050310258
602 394 20 33 0.049956787
474 411 69 71 0.04994564
421 455 10 13 0.049911037
552 406 33 25 0.048982598
947 251 49 64 0.04857938
473 469 47 34 0.047583576
256 436 15 18 0.045830373
264 421 36 44 0.03638391
645 444 8 12 0.03553789
37 237 30 28 0.033844795
658 432 30 38 0.03235281
471 486 45 64 0.031428993
490 245 66 80 0.030774686
464 430 53 60 0.030765712
258 433 22 26 0.03058405
557 374 58 48 0.030467471
824 0 200 175 0.030071959
595 403 21 29 0.029972276
457 434 90 121 0.029690012
533 383 44 47 0.02899358
465 467 36 33 0.027819104
0 0 139 165 0.02773535
475 264 76 95 0.027132444
608 392 23 32 0.02711346
607 440 41 57 0.026794141
925 0 99 101 0.0266184
452 182 76 110 0.026518619
54 434 66 97 0.026082715
376 115 11 12 0.025635941
494 449 47 43 0.025342908
0 0 69 84 0.025270022
406 206 107 129 0.025132583
78 126 37 43 0.0250607
467 126 10 12 0.024818186
805 371 219 239 0.024563158
532 399 41 47 0.024474038
650 465 9 10 0.024182074
437 177 131 174 0.024051948
284 438 17 20 0.02386355
452 260 118 150 0.023405395
487 383 60 76 0.02332068
0 376 129 234 0.02322593
508 225 49 68 0.023114232
587 380 37 43 0.022975689
508 405 50 61 0.022878302
460 221 55 64 0.022838691
534 369 58 49 0.022591555
498 368 36 36 0.02235987
279 429 24 32 0.022221543
294 488 11 17 0.02217359
457 375 98 123 0.022108283
545 398 31 29 0.021479435
31 396 33 37 0.021311127
0 498 70 112 0.020497812
546 407 22 22 0.020456601
488 183 72 109 0.020432753
28 359 280 251 0.020421004
716 443 32 40 0.02041577
38 439 101 146 0.02038647
614 387 23 30 0.020271828
500 361 26 31 0.020257493
0 421 44 112 0.020146228
949 522 75 88 0.020085096
635 430 43 55 0.019950714
38 239 42 40 0.019936472
274 406 38 49 0.019886442
726 427 7 9 0.019572526
969 371 32 39 0.019557329
475 223 119 140 0.019489743
169 451 10 15 0.019366799
449 479 77 94 0.019333147
528 413 39 58 0.019288993
577 401 38 34 0.019239925
34 365 54 62 0.019224938
173 363 264 247 0.019184725
689 412 7 10 0.019125016
421 421 135 189 0.019115442
265 436 24 25 0.019114763
634 449 11 15 0.018921282
214 0 134 95 0.01891629
504 373 79 75 0.018884508
639 345 292 265 0.0186789
289 0 134 101 0.018537411
455 246 67 79 0.018490221
919 463 105 147 0.018472299
487 371 33 37 0.01847208
249 433 18 22 0.018426958
358 0 243 191 0.018290374
610 409 14 17 0.018268678
419 455 8 10 0.018266445
247 464 9 16 0.018251093
369 472 12 17 0.01822557
0 532 44 78 0.018217277
732 436 7 9 0.018106688
41 242 19 18 0.018097553
0 52 106 152 0.01808216
55 479 51 76 0.018001774
8 424 69 117 0.017972639
246 429 10 15 0.017946683
510 428 44 58 0.017888634
668 0 269 195 0.01787858
134 0 133 90 0.017873727
642 446 9 12 0.017803889
447 377 219 233 0.017763041
802 0 146 110 0.017729871
991 566 33 44 0.017661931
824 177 200 315 0.017477583
726 0 140 105 0.017419731
38 230 74 82 0.017418353
645 0 134 99 0.017352944
254 396 54 68 0.017334675
261 439 8 12 0.017305063
470 451 35 38 0.017297452
113 0 263 175 0.017258065
414 0 128 97 0.017157609
433 551 87 59 0.016919596
499 467 39 34 0.016919382
489 474 42 36 0.01689571
253 440 11 15 0.016854987
190 0 107 73 0.016782824
812 115 44 69 0.016706387
549 407 11 13 0.016681258
152 443 49 59 0.016672987
491 463 58 57 0.016605262
565 407 32 23 0.016595997
555 408 44 41 0.016582523
730 432 31 43 0.016458299
19 165 44 42 0.01635813
6 192 77 100 0.016353829
263 430 15 20 0.016338853
26 327 68 93 0.0163336
516 0 250 197 0.01632527
496 0 123 92 0.016295612
55 0 132 90 0.01617948
30 229 27 29 0.016174253
469 375 130 170 0.016143778
430 120 18 20 0.016112363
616 0 38 22 0.016038967
940 480 55 75 0.016038079
230 439 15 19 0.016032519
611 458 25 34 0.016011836
1 367 38 58 0.015984697
259 441 15 23 0.015965477
435 115 116 180 0.015901525
945 272 50 72 0.015887506
499 376 15 15 0.015847048
296 451 22 31 0.015742898
502 366 16 21 0.015730469
440 453 73 90 0.015729615
296 430 176 180 0.015693802
0 72 128 323 0.015682608
953 356 54 66 0.01566081
997 416 27 75 0.01560573
536 407 25 26 0.015591017
621 373 45 48 0.015565527
613 419 43 64 0.015529073
472 101 130 191 0.0154548595
163 44 149 177 0.0154177975
948 224 76 106 0.015416807
612 402 25 32 0.015395342
576 0 132 94 0.0153427655
466 0 106 77 0.015280232
524 325 79 92 0.015262057
650 458 11 16 0.015219011
258 203 11 11 0.015206899
67 412 73 95 0.015178435
380 114 12 13 0.015157221
863 436 15 18 0.015152606
461 142 76 85 0.015151573
629 0 94 66 0.015127802
209 482 158 128 0.015120939
569 429 68 76 0.015107855
716 247 286 335 0.0150837265
384 0 109 80 0.015067854
225 461 8 14 0.015061472
306 432 9 11 0.015037504
258 435 9 14 0.014974754
0 230 103 157 0.01496369
377 107 9 10 0.0149483625
920 27 104 197 0.014914987
732 0 273 309 0.01490386
21 177 50 48 0.014900536
161 0 51 37 0.014886303
975 0 49 52 0.014870796
247 3 152 168 0.014863298
597 401 39 52 0.0148632815
232 437 22 26 0.014846489
455 98 10 9 0.014838622
548 398 14 26 0.01483272
711 452 16 24 0.01479243
484 439 43 44 0.014784309
192 152 92 98 0.014711702
554 439 164 171 0.014708645
115 0 87 79 0.014612732
506 101 233 297 0.014566553
494 341 39 51 0.014557443
547 224 11 19 0.014550521
504 246 40 56 0.014547311
631 432 181 178 0.014536086
954 347 70 113 0.0145327505
919 236 80 100 0.014530553
92 0 131 119 0.014530186
0 0 37 47 0.01452571
478 377 49 63 0.014518709
490 362 55 60 0.014450954
465 441 29 40 0.014449837
784 501 58 77 0.014438117
1 171 39 56 0.014422591
190 65 254 333 0.014412594
350 496 9 14 0.014387986
339 0 113 81 0.014383494
451 0 210 154 0.014359135
252 92 50 71 0.014323934
646 449 7 10 0.014296512
0 370 54 89 0.014293887
394 536 105 74 0.014286396
665 424 29 38 0.014267694
502 273 55 67 0.014253349
281 442 15 19 0.014240325
544 211 10 13 0.014221482
838 14 41 50 0.014208166
865 162 50 54 0.014193736
698 0 114 80 0.01418208
257 438 8 12 0.014171692
462 416 38 59 0.01416985
293 0 204 145 0.014164757
269 0 99 66 0.014120144
553 413 15 14 0.014104643
275 441 16 18 0.014082443
213 502 41 62 0.014074267
416 300 154 218 0.014067732
424 459 8 11 0.014059412
813 482 145 128 0.014050351
650 450 15 20 0.014007007
398 252 88 109 0.014001327
466 43 46 60 0.0139841465
30 213 40 44 0.013952452
341 537 96 73 0.013934404
542 349 82 93 0.013930778
649 385 19 23 0.013912369
133 487 142 123 0.013900978
529 513 131 97 0.013894522
249 428 37 47 0.013876757
1008 585 16 25 0.013869884
0 276 59 113 0.01386374
57 492 114 118 0.013804695
614 502 136 108 0.013791085
271 444 14 18 0.013769145
243 355 68 92 0.013765117
222 44 129 152 0.0137627255
19 0 110 72 0.013758532
952 145 72 123 0.013755871
483 268 50 59 0.013754938
254 445 7 10 0.013754412
0 388 16 36 0.013705894
353 239 44 44 0.013678491
652 231 137 174 0.013670964
450 509 128 101 0.013651755
252 440 16 24 0.01364902
375 109 11 15 0.013648297
599 398 15 26 0.013647283
243 2 56 64 0.013645646
0 399 39 81 0.01363298
539 0 109 77 0.013609548
913 270 82 105 0.013589423
323 240 77 83 0.0135777835
259 434 41 53 0.013570777
553 408 8 10 0.0135666765
964 266 30 46 0.0135573
640 167 286 349 0.013548255
297 397 39 50 0.013497521
745 0 98 67 0.013478007
514 371 48 54 0.013475305
958 236 52 58 0.013465895
619 349 67 75 0.01346025
214 0 63 53 0.013452096
769 462 134 148 0.013448932
179 239 130 154 0.013436564
484 483 36 41 0.013428699
316 265 80 99 0.013416118
864 0 99 70 0.013407856
2 134 84 123 0.0133916065
523 0 52 43 0.013388309
817 99 41 58 0.013386002
458 396 60 73 0.01334711
423 454 11 12 0.013341027
20 374 52 62 0.013303577
783 0 99 67 0.013287149
824 0 99 68 0.013284727
263 438 11 15 0.0132637685
520 392 38 49 0.013248922
1016 595 8 15 0.013247808
110 126 38 49 0.01321483
275 20 223 293 0.013210037
1020 600 4 10 0.013209458
36 37 146 170 0.013206282
554 392 45 36 0.013178133
515 467 76 89 0.013136618
858 444 15 19 0.013129405
420 478 8 12 0.013115576
614 1 137 149 0.01309625
1002 341 22 59 0.0130694285
443 418 60 82 0.013052981
639 430 9 9 0.013050525
276 437 41 55 0.013025748
163 0 78 63 0.0130215725
639 26 149 176 0.012998267
712 425 50 63 0.012981906
613 455 20 24 0.012979024
420 450 10 13 0.012971527
375 507 74 103 0.012958482
888 436 21 27 0.012954097
714 446 23 27 0.012898106
882 242 129 161 0.012848169
24 236 44 51 0.012841534
620 383 25 30 0.012838065
565 394 54 57 0.012835817
637 445 11 15 0.01282287
19 206 112 133 0.01282036
859 342 72 96 0.012747192
694 323 77 105 0.012746301
0 180 23 37 0.012718408
761 17 134 136 0.012708884
646 447 14 19 0.012694183
514 540 89 70 0.012660255
364 398 26 31 0.012655999
471 157 44 48 0.012648068
437 297 87 110 0.012637854
651 117 86 112 0.012628805
53 227 42 41 0.012626278
695 425 7 10 0.012578275
181 11 123 136 0.012570989
954 426 69 122 0.012564015
291 430 41 53 0.0125469575
647 439 24 34 0.012515131
318 496 10 15 0.012514235
590 0 255 252 0.012500809
0 234 64 99 0.012479831
494 421 42 51 0.012471275
0 147 202 328 0.012441292
141 0 52 40 0.012436318
471 125 8 10 0.012390013
33 277 20 26 0.012384324
862 526 104 84 0.012380819
618 390 42 53 0.012367736
656 428 8 9 0.012356387
511 324 257 286 0.0123482905
429 423 18 21 0.012323932
140 451 50 69 0.012320949
493 456 33 26 0.012318395
618 394 14 13 0.012301036
66 262 133 173 0.012300808
599 197 30 35 0.01229446
509 442 30 36 0.012287703
347 215 107 127 0.012269093
46 244 46 48 0.012248382
189 0 50 38 0.012247657
517 428 79 91 0.01224649
504 378 18 20 0.012229577
917 275 107 174 0.012220715
401 0 50 53 0.012206213
419 459 8 11 0.012202965
431 128 11 12 0.012202899
30 272 34 42 0.012187463
923 337 80 89 0.01218351
635 25 85 103 0.012175733
930 202 48 29 0.012158546
0 411 10 28 0.012102074
549 430 24 32 0.012100342
537 0 70 52 0.012100178
963 258 51 67 0.012095771
47 41 27 36 0.012092059
760 343 73 102 0.012087292
652 325 82 99 0.012077465
500 350 23 32 0.012077455
484 473 83 101 0.012060612
459 44 67 90 0.012059493
32 77 261 326 0.012057096
153 69 96 120 0.012048813
92 0 49 46 0.012040696
68 428 46 65 0.012035994
818 98 28 35 0.0120356735
169 434 139 176 0.0120313745
647 503 8 10 0.012027928
590 411 23 28 0.0120146265
135 404 126 168 0.0119944075
850 37 85 115 0.011981206
64 500 32 43 0.0119770635
531 241 116 149 0.011974734
256 446 16 26 0.0119703505
811 260 147 181 0.011965634
594 230 81 91 0.011944262
401 483 84 112 0.011940692
24 492 86 114 0.011936723
648 467 10 13 0.011934221
91 135 23 30 0.011923505
700 434 38 48 0.011922797
274 531 110 79 0.01190914
431 397 21 29 0.011906713
643 443 7 10 0.011896197
287 358 67 89 0.011892891
154 530 93 80 0.011887931
570 351 70 70 0.011874827
303 222 75 84 0.011856801
554 264 77 100 0.0118559785
249 441 11 16 0.011854203
566 154 26 28 0.011839727
603 0 80 64 0.011822839
386 113 8 11 0.011819567
286 430 13 21 0.011817705
870 142 154 217 0.01180732
229 527 106 83 0.01178243
574 411 18 17 0.011772647
513 197 44 68 0.011767313
32 399 19 28 0.011763715
601 486 11 13 0.0117569165
287 427 9 10 0.011752586
212 208 9 10 0.011747818
711 225 89 113 0.011746549
684 493 139 117 0.011746505
491 223 32 36 0.011741176
53 252 31 31 0.01172791
615 211 82 96 0.011727465
110 141 281 358 0.011711911
0 219 35 56 0.011710751
233 448 20 27 0.011691789
0 61 52 116 0.011674271
548 409 25 31 0.011668344
613 268 132 171 0.011658224
589 102 256 319 0.011658028
265 261 94 109 0.011654212
903 438 13 18 0.011654082
406 448 73 95 0.011652766
84 522 68 78 0.011652498
190 525 100 85 0.011643839
428 117 26 34 0.011619035
245 432 11 21 0.011602606
833 459 90 116 0.011595654
437 123 9 10 0.011581999
1005 0 19 26 0.01157945
275 446 9 11 0.011563338
61 119 55 70 0.011550163
842 1 48 50 0.011547422
712 478 8 12 0.011542333
278 135 243 322 0.0115368925
390 129 121 168 0.01153293
15 141 43 52 0.011528582
41 248 14 10 0.01152365
710 451 7 11 0.011516777
647 443 11 12 0.011508043
286 398 58 77 0.011504042
483 322 73 87 0.01150127
500 439 118 137 0.011492876
835 302 86 114 0.011491675
255 445 10 15 0.011491031
617 0 54 40 0.01148884
880 273 48 65 0.011484999
678 0 76 69 0.011484618
448 443 10 12 0.0114841005
22 0 268 260 0.011478898
626 406 24 30 0.011474003
715 342 75 101 0.011461081
642 449 10 15 0.011458593
752 157 47 63 0.011442714
611 478 22 22 0.011438594
571 43 133 169 0.011431223
495 378 17 20 0.011428615
520 415 31 41 0.011426513
0 566 24 44 0.011400731
671 165 8 10 0.011379789
722 427 9 9 0.011379707
33 214 25 30 0.011371866
838 12 31 31 0.011361162
151 448 66 89 0.011354396
820 344 79 102 0.011353643
77 435 134 171 0.011353121
256 418 30 37 0.011328192
374 107 20 24 0.011322678
551 147 143 184 0.011315513
457 454 34 43 0.011310449
691 413 9 10 0.0113009345
599 0 45 31 0.011297156
444 102 10 12 0.011296316
897 438 15 20 0.011289323
574 406 14 15 0.01128418
903 440 8 12 0.011283333
650 414 36 50 0.011282832
718 224 149 187 0.01127376
678 508 81 96 0.011273554
655 430 7 10 0.011272787
557 454 77 86 0.011263058
589 545 92 65 0.011258111
263 473 8 16 0.011255251
608 408 38 56 0.011223387
0 384 25 51 0.011218044
309 141 94 108 0.011201168
674 228 88 109 0.0111832945
614 433 27 38 0.01117927
331 564 63 46 0.011168714
431 567 56 43 0.011147511
0 326 42 74 0.011145564
466 129 8 10 0.011117479
103 362 50 58 0.011116894
559 414 18 19 0.011111051
345 283 55 65 0.01110883
30 159 31 32 0.011108818
887 4 90 113 0.011104107
628 534 14 22 0.011094118
863 292 104 123 0.011084732
640 86 83 111 0.011078726
792 463 8 12 0.011078383
742 478 8 13 0.011067386
11 226 45 50 0.01105187
502 358 112 128 0.011050062
184 0 20 12 0.011048146
974 270 50 102 0.011047213
260 444 22 27 0.011041897
571 239 124 154 0.011033078
570 415 28 28 0.011026732
694 162 52 64 0.0110213235
719 0 71 54 0.011019844
244 393 43 57 0.011014682
171 435 35 48 0.011009625
550 410 12 16 0.010998881
0 297 5 12 0.010996517
643 474 10 13 0.010995726
791 50 79 104 0.010980476
0 439 27 76 0.010970154
374 116 9 9 0.010968381
673 139 87 106 0.010961517
711 454 9 14 0.010956251
80 0 81 63 0.010954576
141 239 74 90 0.01094499
321 392 73 93 0.010936575
440 0 76 73 0.01093282
408 419 61 81 0.010932085
113 178 17 20 0.010919819
601 465 38 41 0.010912232
204 268 48 63 0.010911912
486 358 30 34 0.010910111
611 75 138 174 0.010909164
0 315 65 182 0.010903623
544 404 107 124 0.01089903
456 194 47 68 0.010898417
618 141 84 108 0.010896848
981 592 25 18 0.010888813
351 261 85 105 0.010886905
128 252 143 178 0.0108860675
632 263 47 67 0.010883381
673 427 33 46 0.01087769
341 227 67 70 0.0108767245
761 110 225 278 0.010875591
0 269 102 278 0.010874331
223 324 76 103 0.010874098
420 55 37 55 0.010870853
260 405 129 176 0.0108675305
288 444 23 33 0.010860113
0 0 23 31 0.010857649
0 177 55 85 0.010846974
411 466 10 12 0.010845849
993 364 31 58 0.010828461
497 208 41 52 0.010824905
720 460 27 35 0.010814485
21 332 116 166 0.010810762
633 0 40 26 0.010804066
480 168 64 88 0.010798074
202 497 64 93 0.010794623
25 292 67 95 0.010785449
875 234 71 93 0.010784859
46 246 20 19 0.010780587
720 52 147 176 0.01077799
695 454 8 9 0.010776359
12 265 127 178 0.010770008
464 486 32 43 0.010769451
949 222 49 57 0.010755081
980 375 44 100 0.010752033
787 523 97 87 0.01075029
235 12 85 118 0.010749946
703 449 11 14 0.010749369
241 459 15 21 0.010748388
468 123 7 11 0.010732044
802 483 9 15 0.01072683
0 86 21 60 0.010721782
1003 484 21 75 0.010703288
256 324 77 105 0.010695783
80 351 83 110 0.010695409
1006 368 18 41 0.010694685
977 197 47 91 0.0106898565
873 75 75 103 0.010683449
566 560 57 50 0.010677206
767 491 13 17 0.010673721
226 433 17 21 0.010669558
832 237 87 112 0.010668935
557 64 85 113 0.01066727
224 282 93 115 0.010664555
472 376 37 45 0.010656474
210 0 45 36 0.010651969
261 434 10 15 0.010651684
223 184 88 98 0.010647708
28 297 47 58 0.010646792
101 333 71 94 0.010641823
223 236 94 108 0.010639763
725 451 17 22 0.010639098
666 441 27 37 0.010635798
611 461 15 17 0.010624458
279 435 8 9 0.010623025
795 230 84 104 0.010619691
61 204 125 155 0.01061882
592 173 42 55 0.010614188
569 0 45 39 0.010609614
92 305 131 178 0.010609294
230 179 51 59 0.010595711
572 243 80 98 0.010589777
430 464 10 12 0.010586971
169 297 136 184 0.010586623
602 60 67 77 0.010568484
968 465 56 113 0.010568176
469 128 10 12 0.0105658425
317 0 79 74 0.010564404
286 440 11 13 0.010557013
250 429 8 12 0.010554416
713 458 9 15 0.010553714
601 441 9 11 0.010550845
740 406 126 168 0.010548668
877 265 82 104 0.010544672
45 138 68 78 0.010535252
518 403 69 80 0.010518549
64 467 41 59 0.0105038425
798 38 135 154 0.010499822
556 404 19 21 0.0104990415
36 191 46 41 0.01049409
753 184 48 59 0.01049386
194 0 19 12 0.010480568
754 525 90 85 0.0104679195
302 369 20 25 0.010467126
488 328 38 50 0.010466585
399 170 45 62 0.010461631
106 47 79 113 0.010454411
923 194 81 105 0.010453803
303 378 68 85 0.010445965
318 301 161 207 0.010435846
637 450 13 16 0.010435298
322 195 79 89 0.010422599
582 0 70 48 0.010415957
1018 0 6 15 0.010415726
605 406 22 33 0.010400927
649 443 34 46 0.010399654
172 450 9 13 0.010396993
247 426 8 12 0.010386116
1000 391 24 76 0.010384853
517 449 30 36 0.010382991
949 195 46 53 0.010371604
476 541 82 69 0.01036962
326 357 70 90 0.010361366
38 246 16 19 0.0103582125
629 410 13 18 0.010355422
60 232 47 52 0.010354443
713 455 27 33 0.010354386
50 229 31 28 0.010353709
331 270 127 163 0.010352589
871 246 49 64 0.01034818
571 478 23 29 0.010347821
675 184 86 109 0.010346027
745 434 18 22 0.010342066
857 131 24 30 0.010335896
768 193 144 184 0.01033306
692 7 134 140 0.01033239
410 106 9 10 0.01032913
118 175 10 11 0.01032811
683 143 144 185 0.010328057
917 0 75 56 0.010313586
214 477 44 66 0.0103092315
37 166 71 70 0.010303414
508 373 18 19 0.010301301
148 22 101 117 0.0102995215
281 431 64 85 0.010296799
687 414 7 10 0.010290587
237 457 12 16 0.010287865
258 456 11 14 0.010282249
702 383 65 85 0.010280941
500 0 55 48 0.010274901
232 459 98 123 0.010269408
896 1 51 57 0.010256261
436 204 63 82 0.010230045
433 442 11 13 0.01022597
397 270 50 66 0.0102206655
235 430 18 24 0.010217784
142 31 223 273 0.010214451
276 429 17 25 0.010214311
605 411 13 16 0.010206022
57 532 72 78 0.01019642
297 464 16 19 0.010190344
958 278 29 45 0.010183707
613 58 44 47 0.010179574
982 319 42 87 0.010166236
278 488 69 96 0.010163512
617 286 78 111 0.010161702
534 28 80 99 0.010160138
668 21 90 115 0.010159075
249 207 134 158 0.010147329
778 470 29 43 0.010145183
793 324 82 106 0.010144392
639 464 20 24 0.010137264
256 69 82 107 0.010134177
286 465 10 15 0.010132917
220 304 184 227 0.010121717
608 231 52 57 0.010120096
652 466 10 12 0.010116837
697 456 18 26 0.01011253
127 281 242 288 0.01010636
645 375 30 37 0.010102795
641 462 7 9 0.010102325
896 344 81 95 0.010100338
590 23 97 107 0.010079419
168 561 57 49 0.0100761615
142 116 136 151 0.010075569
422 439 11 13 0.010070878
858 213 71 95 0.010065122
353 475 11 15 0.010064961
519 452 44 53 0.010055459
544 416 40 54 0.010053813
304 497 106 113 0.010051357
912 538 86 72 0.010051204
826 467 16 21 0.010049509
786 93 74 93 0.0100472
514 6 51 65 0.010044809
305 454 17 25 0.010042802
48 180 50 45 0.010040283
257 198 24 26 0.01003814
490 298 50 60 0.010023482
198 111 138 157 0.010019804
703 454 7 9 0.010008137
0 22 47 113 0.010007153
296 49 109 138 0.010006824
633 423 13 15 0.010004068