41_Swimming_Swimmer_41_607
2536
401 72 118 197 0.7931087
515 208 21 18 0.34202772
226 103 9 15 0.19776565
833 54 7 9 0.15489687
548 205 14 19 0.14498647
0 247 7 13 0.14465316
981 96 8 10 0.13249323
672 65 8 10 0.1320449
746 56 6 9 0.12804696
52 161 9 10 0.1222722
181 59 9 10 0.12056685
515 205 36 25 0.114096366
747 53 7 10 0.100299545
530 204 30 23 0.09850446
675 64 8 9 0.09824226
521 205 17 18 0.09762951
957 112 8 9 0.09318829
954 107 11 13 0.09218211
575 200 7 9 0.09158833
228 104 12 16 0.0886056
193 114 7 9 0.08329073
292 124 15 17 0.08184634
197 76 7 9 0.08117544
56 159 8 11 0.07864653
972 99 9 10 0.076431796
256 78 7 9 0.076392666
1 120 9 11 0.07497218
287 67 7 9 0.073292024
968 97 14 16 0.070964724
743 57 7 9 0.069348454
143 58 9 11 0.06891127
290 114 14 16 0.067796506
30 191 9 12 0.06498271
100 56 12 15 0.064757034
881 88 8 9 0.064292334
179 57 8 10 0.06199843
981 96 12 15 0.06173905
221 102 13 19 0.061204184
219 127 8 9 0.06115719
211 117 7 9 0.06005414
224 101 8 13 0.059494935
519 212 12 16 0.059130654
254 90 11 15 0.058961548
43 163 8 9 0.058522508
303 132 8 10 0.058066323
191 112 7 9 0.05702768
959 109 8 10 0.056733772
519 203 12 16 0.054580357
116 81 8 9 0.0541895
969 34 35 55 0.054049313
299 130 10 11 0.05220387
185 71 8 9 0.051938772
184 57 8 10 0.05170075
86 116 8 11 0.051679768
294 130 10 11 0.051406063
673 68 9 11 0.05118047
509 92 8 11 0.050698906
58 157 7 9 0.05036572
975 94 14 16 0.05036
108 126 8 11 0.050296564
253 112 11 15 0.050262567
35 154 9 10 0.05006255
117 92 7 9 0.049888514
52 87 8 12 0.04979107
133 77 7 10 0.04948029
747 57 8 12 0.0493816
972 31 52 83 0.048497744
907 76 12 16 0.048484202
502 88 11 16 0.04827389
296 113 7 10 0.048038416
49 162 10 12 0.04690258
50 92 7 9 0.046825554
184 63 8 11 0.046762142
178 61 10 12 0.046295498
829 55 13 13 0.046259418
749 54 7 10 0.04595074
524 212 13 16 0.0458033
108 48 7 10 0.04574752
835 52 8 10 0.04558604
859 107 8 9 0.0454157
99 134 10 11 0.045090325
137 37 8 10 0.044623356
138 135 7 9 0.044467848
569 198 9 10 0.044466455
961 111 8 10 0.044342097
81 32 7 10 0.043747853
861 77 8 11 0.04344832
88 123 9 11 0.043217972
76 63 8 9 0.043147966
2 116 9 11 0.043011494
959 53 7 10 0.042500876
189 130 9 10 0.04236173
287 70 8 11 0.042306475
0 246 13 26 0.042254914
833 51 8 9 0.042244885
878 99 8 9 0.042109787
184 130 9 9 0.042081464
195 115 7 11 0.041951276
199 75 7 9 0.041831005
110 98 8 11 0.04154727
962 70 7 10 0.040415585
352 552 57 57 0.040280722
173 115 8 12 0.04015149
213 117 8 9 0.040044297
959 113 9 10 0.03998532
835 56 8 9 0.039735246
195 78 7 9 0.039563905
270 126 12 15 0.03902631
191 115 8 11 0.038748633
57 196 8 11 0.03838664
231 101 14 16 0.038352888
290 73 7 11 0.03815973
435 73 73 138 0.038087413
983 93 9 12 0.03806114
128 122 12 14 0.03795991
22 80 9 10 0.03767391
228 98 12 17 0.03765207
145 49 7 10 0.03757993
3 181 12 15 0.03754702
105 60 8 11 0.037290026
58 29 8 10 0.036970392
24 145 8 9 0.036808196
36 154 12 14 0.036616113
951 110 8 10 0.03654911
11 123 9 10 0.036478955
883 85 8 10 0.036408585
445 140 75 127 0.036288485
577 199 8 10 0.036275756
35 23 7 9 0.036152553
666 60 12 15 0.03610422
259 76 7 9 0.03569581
0 240 7 16 0.035592657
0 95 11 18 0.03510309
51 165 10 13 0.03509288
86 120 9 12 0.035029896
916 59 9 11 0.03487174
175 59 10 12 0.034798414
192 133 8 11 0.034628958
178 54 13 17 0.0344009
224 112 14 18 0.03434965
297 133 9 10 0.033813823
507 202 20 22 0.033699676
739 57 7 9 0.03353261
259 92 10 13 0.033489406
26 118 7 10 0.033379983
907 64 7 9 0.033259112
438 40 129 202 0.033214133
288 64 9 11 0.03318971
67 122 9 11 0.033178218
0 0 100 130 0.033174276
127 84 8 13 0.033137623
256 81 9 12 0.033065774
0 93 8 9 0.03306257
0 251 6 15 0.032850992
166 34 9 11 0.032761283
187 59 8 10 0.032545548
2 124 9 11 0.032521263
221 104 8 13 0.032430515
209 46 7 9 0.0324093
928 0 96 147 0.032376483
12 91 8 11 0.032338142
668 66 7 9 0.03196786
185 125 15 18 0.031937536
254 76 7 10 0.03173075
221 128 9 11 0.031697653
27 189 10 12 0.03164405
831 50 7 9 0.03156252
140 52 13 18 0.031545456
29 90 7 10 0.03149195
670 70 8 10 0.031481802
132 126 10 11 0.03135922
89 85 8 10 0.031334873
899 88 7 9 0.031116484
974 94 10 12 0.031094337
54 89 8 10 0.030916898
134 132 12 17 0.030902322
23 197 8 11 0.0308409
203 47 13 17 0.03083072
58 164 8 10 0.030748734
310 80 11 15 0.030737158
252 77 6 9 0.03073302
821 112 14 15 0.030474367
274 154 8 10 0.030322349
50 13 8 11 0.030310813
121 86 12 15 0.030258102
526 208 19 18 0.030178305
671 62 14 16 0.030147443
167 39 8 10 0.030122278
256 117 8 12 0.02995897
161 104 7 10 0.029928891
271 92 7 11 0.029893763
27 80 8 10 0.02969522
970 97 20 28 0.029674938
365 14 132 212 0.029672595
19 200 10 11 0.02961754
76 28 11 15 0.029547285
185 120 12 16 0.029496066
962 102 13 16 0.029394213
996 125 13 15 0.029340947
505 90 13 16 0.029326297
203 52 8 10 0.029249376
519 200 46 37 0.029248813
957 46 14 18 0.029206237
6 124 8 10 0.029150616
978 93 17 23 0.029132374
330 85 138 176 0.029100753
89 26 11 13 0.02904543
0 118 14 18 0.028994909
185 133 10 11 0.02897314
37 91 7 9 0.028902316
123 105 8 11 0.028861571
178 64 11 14 0.028736008
186 118 7 10 0.028722314
171 118 8 11 0.028614301
216 128 9 12 0.028584505
31 107 7 10 0.028573416
0 254 8 21 0.02849342
29 46 8 10 0.028452273
50 115 9 11 0.028429434
152 88 8 11 0.028257325
493 198 54 55 0.02822393
574 203 12 14 0.028168725
0 125 8 11 0.028073063
986 0 38 61 0.028030166
342 94 9 11 0.027961217
192 119 9 13 0.027923482
904 65 8 9 0.027920686
127 123 8 11 0.027837338
106 85 7 9 0.027834715
112 100 9 11 0.027759701
287 116 18 24 0.027639333
513 196 17 23 0.02761146
182 134 8 10 0.027591245
526 201 12 16 0.02753625
105 49 10 14 0.027525568
263 124 12 17 0.027502589
13 108 8 10 0.02749345
274 122 8 10 0.027451722
39 35 8 12 0.02728366
105 127 10 13 0.027281994
861 104 7 10 0.027221194
946 928 78 105 0.02721919
953 100 12 17 0.02716994
41 153 9 13 0.027032766
741 53 9 11 0.026996957
971 57 19 26 0.02693536
738 704 286 329 0.026867054
182 128 8 10 0.026783189
223 109 9 14 0.026745318
86 63 6 10 0.02672758
42 30 8 11 0.026727162
670 60 8 11 0.02662059
27 87 8 11 0.026606096
212 113 7 10 0.026547277
183 74 7 10 0.02653268
6 180 8 9 0.026526101
879 82 10 13 0.02639551
475 185 59 81 0.026302975
135 128 9 11 0.026221504
61 179 7 11 0.026213814
969 64 7 9 0.026117897
63 120 10 11 0.02604019
297 110 7 9 0.025977662
215 110 7 11 0.025862357
825 54 19 21 0.025854245
263 78 6 9 0.02569806
876 101 8 9 0.025650142
54 154 9 11 0.025589477
485 65 10 16 0.025542935
90 118 8 13 0.02552414
83 114 9 11 0.025470305
123 82 7 10 0.025458075
0 104 10 12 0.02543094
272 125 8 10 0.025391404
553 208 12 14 0.025387939
28 84 8 10 0.025342962
973 101 9 13 0.025258578
955 208 16 20 0.025237788
145 54 10 13 0.02522892
540 197 21 24 0.025217652
385 0 172 165 0.025179124
671 57 12 15 0.025109395
138 57 8 11 0.02507514
0 0 65 88 0.025042962
98 57 9 12 0.02504236
954 100 8 9 0.025021238
26 0 181 131 0.024951072
881 71 8 10 0.024911799
159 0 29 29 0.024870312
49 85 9 11 0.024846591
0 117 7 13 0.024836348
210 47 8 10 0.02483617
205 100 83 125 0.024814146
442 0 188 136 0.024756543
0 0 185 264 0.024658695
247 107 12 16 0.024614058
61 30 8 10 0.024565795
74 33 7 10 0.024537077
188 72 7 10 0.024487067
213 0 182 131 0.02447666
259 82 8 10 0.024429092
512 210 14 16 0.02441185
290 78 7 10 0.024402758
191 126 9 12 0.024353199
134 85 9 12 0.024320096
905 74 10 13 0.02430586
676 60 8 11 0.024264652
2 158 7 9 0.024186542
33 189 9 12 0.024132181
202 49 7 10 0.024072222
52 155 14 18 0.024035068
273 95 8 12 0.024014058
895 88 11 14 0.023942025
880 95 9 10 0.023940982
0 886 116 147 0.023939732
210 43 7 10 0.023912618
52 91 10 12 0.023852482
905 81 10 13 0.02382047
185 114 12 15 0.023782767
979 91 8 11 0.023774836
27 146 8 10 0.02372262
130 78 9 12 0.02369614
180 132 8 10 0.023669178
102 118 7 10 0.023663713
145 60 10 13 0.023634726
956 104 8 11 0.023610197
139 137 8 11 0.023574548
226 97 8 14 0.02353207
259 108 7 9 0.023478607
132 124 14 20 0.023467477
64 41 7 9 0.02346495
306 132 8 11 0.023407549
298 114 9 11 0.023340803
520 211 24 23 0.023338102
289 68 10 14 0.023280874
323 212 8 10 0.023277394
142 61 8 12 0.023265112
0 928 72 105 0.02321726
175 114 10 12 0.0231959
142 50 9 12 0.023126189
186 110 9 13 0.023078999
953 116 13 19 0.023074102
2 90 8 10 0.02306857
0 706 208 327 0.0230479
300 125 15 19 0.023017175
56 84 8 13 0.02301225
137 88 8 10 0.022991013
836 99 13 22 0.02294585
950 104 18 23 0.022939207
124 120 9 13 0.02292444
778 0 246 251 0.022886423
823 59 15 14 0.022860369
24 200 8 11 0.022850558
126 118 8 10 0.022812922
968 101 10 14 0.02278592
307 76 17 25 0.022780754
751 61 7 9 0.022769704
738 53 7 9 0.02274437
20 195 15 17 0.022734469
287 116 10 14 0.022721129
902 67 8 10 0.02270104
640 0 90 68 0.022690384
179 113 10 14 0.02266985
58 90 7 10 0.022667697
223 124 13 16 0.022595832
126 93 8 10 0.022585554
5 115 8 10 0.022541761
1 243 12 16 0.022532329
963 68 8 10 0.022506427
883 89 8 11 0.022505572
124 83 15 19 0.022493936
510 88 9 12 0.022476416
507 95 8 12 0.022470878
100 90 7 9 0.022457104
45 154 11 15 0.022410804
189 108 8 10 0.022403756
304 0 217 290 0.022344273
1007 8 17 70 0.022342302
284 70 8 11 0.022262728
206 44 8 10 0.022258716
1011 1 13 47 0.022235407
193 109 7 10 0.022214547
21 37 6 9 0.022150252
740 52 13 18 0.022142997
216 120 12 16 0.022135634
308 77 9 14 0.022128459
22 146 12 16 0.022090897
29 195 9 12 0.0220539
953 112 10 13 0.022048032
505 86 10 13 0.02203164
284 64 9 11 0.021990636
152 28 8 9 0.021926183
224 128 9 10 0.021895744
7 121 12 15 0.02185457
306 77 7 9 0.02177485
296 115 12 17 0.021764312
110 124 10 13 0.021762546
838 108 9 14 0.021739637
83 63 7 11 0.021711903
530 214 24 27 0.021693729
414 0 120 103 0.021666663
96 35 7 9 0.02165562
97 136 9 10 0.021624712
259 119 7 11 0.021622228
213 120 10 13 0.021581015
849 108 7 10 0.021563437
494 800 7 9 0.021531738
2 109 9 11 0.021517765
89 0 44 38 0.021472901
204 56 8 9 0.021436594
50 84 13 17 0.021432145
169 0 80 99 0.021411313
115 268 23 21 0.02139567
833 49 12 14 0.021319447
335 131 179 243 0.021310156
939 133 6 10 0.021303378
689 0 179 124 0.021298788
948 51 8 10 0.021275736
57 181 10 13 0.021275118
209 113 7 10 0.021270143
41 27 7 10 0.021248186
803 0 185 131 0.021235704
0 758 10 15 0.02120457
941 131 7 9 0.021203492
99 49 13 17 0.021190677
523 201 10 13 0.021133598
226 223 12 14 0.021128139
912 76 10 14 0.021035966
975 67 8 10 0.02101615
216 106 7 11 0.021012306
875 88 7 9 0.021005297
174 63 8 11 0.020995637
969 52 13 19 0.020978468
923 79 7 11 0.020977708
503 209 28 30 0.020966502
573 198 12 14 0.020966094
950 65 7 10 0.020951075
826 52 9 12 0.020916611
971 67 15 21 0.020904902
157 36 7 10 0.02088614
300 239 9 9 0.020864757
87 113 9 11 0.020863675
31 48 8 10 0.020845179
579 0 91 67 0.020826485
193 125 13 16 0.020821234
127 115 11 15 0.020819437
200 121 11 14 0.020816596
857 77 9 12 0.02077826
54 184 11 12 0.020775981
578 209 8 11 0.020761173
487 76 7 10 0.020730287
45 15 9 12 0.020721182
489 68 7 11 0.020694805
113 81 8 9 0.020685961
860 90 7 9 0.020626582
825 67 9 10 0.020620389
546 203 12 15 0.020619245
565 0 179 130 0.020619024
515 215 25 30 0.020584067
15 277 10 11 0.020572798
286 81 8 10 0.020545585
159 87 8 11 0.020527285
154 87 9 10 0.020520777
332 94 7 10 0.020508913
571 195 11 12 0.02047944
802 111 8 9 0.02046943
51 95 8 10 0.020464785
18 152 8 11 0.020421274
960 57 12 17 0.020361368
231 109 11 14 0.02034776
32 80 7 9 0.020337896
51 83 9 11 0.020278228
181 54 9 11 0.020231068
237 93 95 138 0.02022019
184 81 7 10 0.02021809
49 118 8 10 0.020208163
128 42 8 9 0.020207094
539 207 17 19 0.020206055
248 115 11 16 0.020185003
978 100 11 15 0.020172935
13 125 8 11 0.020133495
499 91 9 13 0.020109037
205 118 8 10 0.02010597
219 108 8 11 0.020104488
732 0 88 72 0.020092899
449 116 136 190 0.020067325
873 74 8 11 0.020056289
1017 164 7 9 0.020053433
164 30 9 12 0.01999899
501 676 66 88 0.01993395
111 93 7 10 0.019929985
115 94 11 13 0.019916551
269 90 7 10 0.019894341
1016 12 8 59 0.01988181
257 108 10 15 0.019881472
11 85 10 14 0.019878082
83 118 9 13 0.019834146
306 80 10 16 0.019831743
85 125 10 13 0.019823821
108 92 7 10 0.019773105
955 91 8 10 0.019750832
676 69 9 11 0.019740429
92 33 9 11 0.019739904
6 200 10 11 0.019737925
144 88 7 9 0.019722886
54 16 7 9 0.019638851
15 865 221 168 0.019614108
59 122 8 9 0.019611103
870 97 7 9 0.019610029
744 50 9 11 0.019576179
913 60 9 12 0.019575752
847 0 15 14 0.019574877
23 116 8 9 0.019547652
37 159 8 10 0.01946062
971 94 9 12 0.019458732
290 125 11 13 0.01944455
0 206 4 10 0.0194346
19 78 9 11 0.019418355
718 137 306 487 0.01941579
522 217 11 14 0.019397736
963 72 8 11 0.019368924
927 79 7 11 0.019350804
116 60 8 10 0.019348398
98 6 6 10 0.019333657
27 94 7 10 0.019288156
905 86 7 11 0.019281512
256 122 13 18 0.01927923
239 103 12 15 0.019278048
187 64 10 12 0.019276839
351 0 129 99 0.019238282
862 89 7 9 0.01923707
290 131 12 13 0.019216921
836 59 10 13 0.019216051
964 88 8 9 0.019124884
115 51 9 13 0.019119175
1001 38 9 12 0.019071884
185 138 8 9 0.019065434
34 20 7 10 0.01905261
28 116 8 10 0.019047098
569 201 12 16 0.019044155
187 108 7 9 0.019002961
468 8 207 243 0.018976009
296 238 13 15 0.01896211
60 161 8 12 0.018959042
84 116 14 17 0.018948648
180 136 7 9 0.018900018
525 54 27 30 0.018899202
269 122 8 9 0.018882627
149 89 10 13 0.018881625
140 35 7 9 0.01887
284 83 8 10 0.018860746
4 101 9 13 0.018819202
859 79 10 14 0.018818766
907 69 8 12 0.018805785
118 103 11 14 0.018785844
292 75 7 10 0.018751642
271 85 7 9 0.018750459
89 114 9 12 0.018727975
104 46 9 11 0.018706532
957 71 8 10 0.018701738
293 127 20 26 0.018681983
525 639 417 394 0.01867692
411 175 122 168 0.018634595
308 76 8 9 0.01862778
189 76 7 9 0.018603425
847 875 177 158 0.018590486
918 0 19 16 0.018580854
88 31 11 13 0.018573415
79 34 7 9 0.018571166
127 78 7 9 0.018551676
33 123 8 10 0.01853497
3 95 10 14 0.018518306
80 27 13 15 0.01844737
283 136 9 10 0.01842954
829 96 22 30 0.018389313
964 91 14 19 0.018385533
254 81 7 11 0.018383464
128 0 10 9 0.018370675
81 44 7 9 0.01835177
218 113 8 11 0.0183325
551 202 20 24 0.018325774
295 134 13 15 0.018302105
524 0 148 105 0.018292602
75 25 7 9 0.01828071
140 89 8 10 0.018230064
0 94 5 11 0.018224701
99 118 6 10 0.018222364
284 111 13 16 0.018219912
197 121 8 12 0.018216487
498 205 21 25 0.018210806
189 135 9 11 0.018208094
232 96 10 14 0.018204741
302 154 7 10 0.018201623
83 33 9 11 0.018195035
83 132 8 9 0.018191779
828 66 8 10 0.01818209
643 462 10 11 0.01813721
62 9 7 10 0.018127833
73 37 9 12 0.018125169
734 51 11 16 0.018119732
32 92 8 9 0.018102488
63 113 7 10 0.018102271
51 76 8 10 0.018099846
842 60 10 13 0.018096553
143 0 11 10 0.018079573
14 157 7 10 0.018054934
96 103 9 12 0.018032093
941 97 7 9 0.018016048
0 180 9 12 0.018006835
17 156 7 10 0.01799568
0 178 4 9 0.017979484
181 118 9 13 0.017973956
246 105 7 11 0.017954566
167 0 18 20 0.017946701
0 283 5 9 0.017934049
166 95 7 10 0.0179298
172 137 8 9 0.017928515
145 83 7 9 0.0179207
748 63 8 10 0.017900148
919 59 10 13 0.017869856
842 87 7 9 0.017859198
126 110 7 10 0.01784571
662 65 8 10 0.017833903
992 41 7 9 0.017830433
46 156 14 18 0.017822118
12 110 7 11 0.017808508
896 282 128 293 0.01780542
830 62 10 14 0.017800564
970 40 21 33 0.017794773
704 347 320 526 0.017779328
53 29 9 12 0.017773619
894 86 8 10 0.017765801
583 0 7 10 0.017763028
218 0 10 10 0.017760042
919 79 8 12 0.017748928
233 35 153 200 0.017722769
213 107 7 10 0.017715089
956 95 7 10 0.017710201
502 86 8 9 0.017699856
678 62 10 12 0.017691804
878 96 12 15 0.017676037
472 0 125 87 0.017671378
154 26 9 10 0.017640643
109 50 10 14 0.01762772
130 65 7 9 0.017611055
39 29 11 16 0.017591609
532 196 20 23 0.017591313
826 78 7 9 0.017576508
268 32 8 9 0.017566672
36 25 9 12 0.017557785
285 132 12 13 0.017554205
250 109 17 22 0.017534524
962 114 9 11 0.017526565
290 0 127 87 0.017515969
88 83 7 10 0.017509203
183 57 13 16 0.017500037
953 50 11 14 0.017464904
904 80 15 20 0.01745813
252 87 17 22 0.01745593
18 92 8 10 0.017444586
109 61 8 10 0.017440792
33 150 8 10 0.017418684
127 45 7 9 0.017411536
251 0 229 177 0.017402839
180 802 22 19 0.017399814
820 113 9 11 0.01737595
43 149 8 10 0.017374724
149 27 8 9 0.017372228
34 194 8 10 0.017353646
0 127 4 11 0.017353605
902 62 8 10 0.01734952
512 81 8 9 0.017335424
742 59 11 14 0.017328773
941 127 8 10 0.017296055
202 56 7 10 0.017279593
615 0 76 55 0.017263377
509 323 9 12 0.017257618
956 39 20 27 0.017255768
0 520 112 262 0.017248277
136 59 6 9 0.017227603
162 33 14 17 0.01722475
136 139 9 12 0.017222585
191 711 364 322 0.017212864
857 101 9 11 0.017212082
278 83 8 11 0.017179482
954 121 7 10 0.01715324
961 96 18 25 0.017145703
217 130 12 16 0.017139653
33 105 8 12 0.017135294
173 109 13 14 0.01713005
173 119 10 13 0.01712257
251 120 10 15 0.017104238
523 196 21 24 0.017087251
984 102 10 13 0.017083468
935 132 7 9 0.01708228
646 468 21 26 0.017060092
169 114 9 12 0.017020876
177 112 18 23 0.01701228
122 92 9 11 0.016991397
0 642 116 264 0.016989416
208 49 8 11 0.01698392
269 151 13 16 0.016965484
188 83 7 9 0.016956113
56 121 8 10 0.016948415
139 8 81 108 0.016947854
985 94 11 14 0.016945694
0 405 113 259 0.016936893
893 633 131 295 0.016935326
103 90 7 10 0.016933987
114 116 7 10 0.016908467
177 118 9 12 0.016895158
295 84 12 18 0.016886668
289 82 8 10 0.016875431
57 150 10 13 0.01686866
221 114 11 15 0.016868033
0 78 6 10 0.016866077
134 40 8 10 0.016865607
275 155 9 12 0.016861131
846 61 8 13 0.016859578
274 121 13 16 0.016855177
207 119 10 14 0.016847584
995 2 27 35 0.01684207
948 91 7 9 0.016839167
180 71 9 11 0.016835997
26 106 7 9 0.016827257
32 724 368 309 0.016820103
109 45 8 11 0.016815772
0 201 6 14 0.016814891
784 10 8 9 0.016808983
225 0 86 98 0.01680299
120 50 11 15 0.016798208
62 63 8 9 0.01678321
74 29 7 10 0.016752653
94 57 12 16 0.016742967
727 877 226 156 0.016742075
760 0 146 102 0.016707858
257 102 11 14 0.016683713
217 114 11 14 0.016675362
905 71 18 24 0.016674919
232 127 12 16 0.016668996
5 159 10 12 0.016650803
235 107 10 13 0.016645385
340 96 8 11 0.016637987
874 71 9 11 0.016605219
213 129 10 14 0.016596213
232 132 15 19 0.016592149
566 199 10 13 0.016576078
90 125 9 12 0.016575707
496 880 206 153 0.01657339
158 39 7 9 0.016571894
990 42 7 9 0.016569864
111 52 11 16 0.01656976
806 484 17 21 0.016550519
229 114 14 18 0.016550293
891 86 10 14 0.016535453
222 143 13 17 0.016532155
316 486 109 122 0.016531955
974 61 22 30 0.016529404
886 112 7 10 0.0165257
60 197 8 11 0.016520992
510 792 8 10 0.016519733
46 86 10 14 0.016516864
128 114 8 10 0.016507998
39 150 10 12 0.016487971
52 10 9 13 0.016486928
964 103 8 11 0.016483359
341 519 68 79 0.016461836
164 97 7 10 0.016448246
839 64 7 10 0.016439972
192 61 8 10 0.016412172
100 0 159 184 0.01641057
492 184 37 56 0.016408266
851 108 7 10 0.016402317
527 214 14 18 0.016397906
915 80 11 15 0.016388442
826 107 13 16 0.016388033
0 359 7 13 0.016379572
137 165 8 9 0.016362324
197 37 8 10 0.016359316
65 135 8 10 0.01635254
953 88 13 18 0.016336508
215 67 7 9 0.016334498
111 101 12 17 0.01632948
844 107 10 13 0.01631833
83 24 13 15 0.01630498
965 98 10 13 0.016283745
106 6 10 13 0.016274206
131 129 10 12 0.016263748
120 121 8 11 0.01624028
957 49 9 12 0.016228367
9 106 12 16 0.016222402
460 212 58 71 0.016210817
298 169 8 9 0.016210217
52 173 8 11 0.016208138
2 195 13 17 0.016179848
146 27 7 9 0.016170243
220 99 9 14 0.016168242
268 130 10 13 0.016158326
115 88 12 15 0.016151017
260 122 8 11 0.01614459
669 13 92 121 0.016142402
226 0 11 9 0.016135743
998 528 8 10 0.016122857
180 126 8 10 0.016111908
0 289 109 266 0.016110826
487 722 8 11 0.016107304
33 150 18 22 0.016102614
180 128 15 16 0.016098285
74 0 86 66 0.016093584
966 68 8 10 0.016085703
302 76 7 10 0.016075356
180 0 12 9 0.016067801
911 64 7 10 0.016063139
49 196 11 12 0.016056474
124 114 8 11 0.016053895
27 149 10 12 0.016048603
886 445 138 313 0.01604324
826 113 11 12 0.016026529
194 135 8 10 0.016023481
365 573 8 10 0.016011886
93 61 6 9 0.016003542
78 0 12 12 0.016002895
148 83 8 10 0.015988205
2 186 13 16 0.015967786
832 1 57 70 0.015964316
97 1 15 16 0.015960585
436 187 77 105 0.015951358
120 0 11 9 0.015939472
851 81 8 11 0.015937267
104 0 89 76 0.01593637
195 40 78 113 0.015934732
137 61 8 12 0.01593309
61 41 7 9 0.01592707
146 95 8 11 0.015894968
1001 125 11 13 0.015881957
0 114 4 11 0.015880367
837 53 12 14 0.015879545
958 117 11 15 0.015879156
0 173 99 251 0.015870616
26 160 8 9 0.015842035
870 93 7 9 0.01583616
975 72 49 153 0.015821707
748 48 11 13 0.01580713
26 142 10 11 0.015803354
904 61 8 9 0.015797783
81 111 8 11 0.0157904
618 876 221 157 0.015772123
6 141 8 11 0.015771912
135 35 8 9 0.015770648
12 105 7 10 0.01576676
26 186 8 9 0.015744332
223 136 11 15 0.0157209
225 103 20 29 0.015710296
253 0 94 75 0.015700646
286 126 19 21 0.015698545
136 76 8 10 0.015690647
862 101 8 10 0.015674429
966 0 49 52 0.015668642
56 166 11 14 0.01566764
52 173 13 16 0.015665667
44 151 10 12 0.015659982
102 62 10 15 0.015657969
545 211 22 27 0.015645733
641 0 151 177 0.015641788
573 208 11 12 0.01563121
860 0 14 10 0.015630832
672 71 11 15 0.015619426
239 137 14 18 0.015611486
971 65 8 9 0.01561089
157 32 11 14 0.0156054525
83 125 8 11 0.015603748
944 318 80 207 0.015602592
251 200 214 282 0.015590311
879 75 10 13 0.01557937
947 66 7 9 0.015566615
157 24 8 11 0.015556032
162 106 8 12 0.0155524
64 0 352 247 0.0155430315
915 190 109 279 0.015539298
77 40 8 10 0.015536604
676 0 73 56 0.015531927
7 90 10 13 0.015504449
284 77 7 9 0.015498789
516 81 7 10 0.01549386
86 924 170 109 0.015492692
48 26 7 10 0.015474039
147 80 7 10 0.015471705
553 212 10 14 0.015471342
119 879 217 154 0.0154663725
566 196 9 10 0.015442262
248 0 11 9 0.015432012
262 74 10 12 0.015423072
570 201 19 21 0.015419276
285 85 9 13 0.015414933
259 111 12 16 0.015412526
315 101 8 10 0.015409393
262 89 9 11 0.015409129
59 93 7 10 0.015400528
1003 37 12 15 0.015387041
974 76 15 20 0.015379995
317 892 192 141 0.015376547
15 121 8 12 0.015371196
104 0 12 15 0.015358232
248 124 10 15 0.015341479
0 41 22 38 0.01534018
512 87 12 17 0.015335223
10 158 7 10 0.015327622
65 32 7 10 0.015324444
213 150 52 87 0.015323163
900 914 17 12 0.015321851
274 18 13 15 0.015308663
29 121 11 14 0.01529737
239 107 13 17 0.0152926
0 125 15 24 0.015291669
213 27 7 9 0.0152806975
924 94 8 10 0.015272147
239 0 12 10 0.015267381
329 93 8 10 0.015257286
52 111 10 13 0.015244578
685 66 7 9 0.015241217
102 136 9 11 0.01523981
202 38 21 31 0.015231561
49 167 8 11 0.01523083
540 216 19 23 0.015229111
819 931 160 102 0.0152157545
3 117 19 24 0.015209112
0 502 68 177 0.015200165
109 101 9 14 0.015180736
137 129 11 14 0.0151804155
231 29 7 10 0.015166822
64 18 7 9 0.015154953
0 805 71 177 0.0151386205
728 63 10 14 0.015137186
51 9 8 10 0.015130414
398 0 100 61 0.015130035
258 0 12 9 0.015123691
965 108 10 13 0.015121829
220 121 10 13 0.015106636
295 83 8 12 0.015103565
199 0 11 9 0.015101326
192 101 7 10 0.015099068
252 135 7 10 0.015094455
28 153 11 13 0.0150693795
393 568 8 11 0.015067038
44 166 8 10 0.015064193
0 156 63 154 0.015057403
514 804 8 11 0.015047917
113 109 12 16 0.015046969
943 676 81 205 0.015019273
274 149 8 10 0.01499735
862 74 13 17 0.014974328
836 49 8 9 0.014964923
74 33 12 15 0.01495985
965 77 37 53 0.014947772
249 95 12 17 0.014934163
97 55 19 23 0.014933733
464 49 71 113 0.014923501
167 0 160 191 0.014920467
985 90 8 11 0.014913304
136 80 9 11 0.014905434
117 49 8 10 0.01490138
20 174 8 13 0.014896201
874 82 13 17 0.01486175
178 53 8 11 0.014851027
495 300 12 15 0.014839107
113 120 10 13 0.014834767
237 130 16 18 0.014833847
46 91 8 10 0.014833842
145 91 8 10 0.014821917
52 64 8 10 0.014820605
392 483 128 128 0.014819818
516 216 11 15 0.014815622
80 25 8 11 0.014815232
882 68 7 9 0.014795679
0 0 44 56 0.014784834
914 62 11 17 0.014783127
236 99 9 12 0.0147755705
69 125 8 10 0.014773814
665 69 10 13 0.014750522
868 107 8 10 0.014745485
289 112 10 13 0.01473855
955 73 7 9 0.014728649
338 0 100 63 0.014728166
923 777 101 249 0.014720637
140 43 8 9 0.014718826
518 187 35 33 0.014712168
709 0 73 59 0.014711738
592 0 12 9 0.014701624
289 0 78 61 0.014695987
157 0 20 20 0.014686671
2 795 141 203 0.014686628
63 108 9 13 0.014675162
794 965 112 68 0.014668004
494 803 8 10 0.014666757
8 84 8 10 0.0146523835
78 0 17 20 0.014644949
196 79 9 12 0.014630397
970 104 10 14 0.014627484
92 130 11 14 0.014623803
33 159 8 10 0.014613506
868 73 11 13 0.014610767
566 0 63 48 0.014599594
998 27 26 77 0.014595928
47 197 8 10 0.01458875
0 623 67 176 0.014588051
0 101 5 12 0.014584696
0 967 37 66 0.014583386
243 133 14 18 0.014575712
0 63 88 240 0.014571803
82 175 9 9 0.014569421
92 82 7 9 0.014557508
223 97 8 12 0.014550969
675 55 11 14 0.014545882
134 64 6 9 0.014545523
298 121 11 16 0.014518766
364 941 114 92 0.014499953
0 236 5 14 0.0144903185
276 82 7 10 0.0144862775
671 125 204 263 0.01448291
0 172 6 15 0.014475672
917 229 16 24 0.014474047
598 0 11 10 0.014473084
99 121 11 13 0.014469421
877 75 8 11 0.014461283
966 76 20 31 0.014459834
700 929 157 104 0.014450126
470 930 139 103 0.014426636
0 233 12 21 0.014424969
1014 124 8 10 0.014422221
58 124 10 13 0.014420894
20 143 11 13 0.014415821
476 206 120 152 0.014409547
274 129 14 16 0.014407388
326 104 7 10 0.014391705
279 66 12 14 0.014390414
134 144 7 10 0.014389755
99 3 8 12 0.014378703
298 73 8 11 0.014373104
680 67 9 11 0.014370657
1016 41 8 26 0.014353048
100 100 11 15 0.014351596
99 65 10 14 0.014335421
995 123 10 14 0.014332233
111 83 8 10 0.01432842
21 25 6 9 0.014315019
254 95 9 12 0.014313338
812 79 7 10 0.014298569
232 46 76 107 0.014293617
51 17 8 10 0.0142929545
941 429 83 210 0.014290583
838 117 9 11 0.014290098
52 77 13 17 0.014287136
504 181 34 41 0.014276147
823 70 8 10 0.014270978
228 123 10 14 0.014270326
2 57 18 23 0.014267746
170 63 80 115 0.014255827
125 123 20 27 0.014255279
944 569 80 200 0.014251567
583 181 10 14 0.014250295
220 118 19 26 0.01424454
503 539 30 37 0.014240875
367 226 188 241 0.014228252
34 24 7 11 0.014226891
851 105 7 9 0.014224212
139 0 10 9 0.014215958
284 125 7 9 0.014215649
215 134 8 11 0.014207114
71 62 8 9 0.014197443
114 0 12 10 0.014196918
1007 1001 17 32 0.014187908
77 121 7 10 0.014187238
65 114 10 13 0.014178154
0 151 4 9 0.014177117
101 75 7 10 0.014167811
999 41 8 10 0.0141673675
904 630 8 10 0.01416473
6 64 11 13 0.014162594
155 0 11 9 0.014157995
0 107 6 16 0.014156631
80 86 7 9 0.0141401645
122 79 8 9 0.01413696
0 238 21 29 0.014125418
217 146 13 17 0.014122747
257 121 8 11 0.014118391
217 108 45 67 0.014118242
136 145 8 10 0.014117541
232 0 11 9 0.014109062
839 95 11 17 0.014106975
302 134 12 15 0.014098265
300 92 8 11 0.014096445
65 63 7 9 0.01409243
620 0 11 9 0.01407663
851 0 23 17 0.01407093
953 71 7 9 0.014062644
873 90 13 16 0.014057078
229 113 10 13 0.014056609
60 112 8 11 0.014055202
194 26 7 9 0.014040768
173 105 8 11 0.014010461
260 126 10 13 0.014003289
679 58 9 11 0.01399881
131 36 7 10 0.01399598
293 235 18 23 0.0139951715
740 63 8 10 0.01399243
96 0 8 10 0.013986376
937 130 9 12 0.013985743
201 127 10 13 0.013981247
727 382 237 295 0.013978762
490 621 85 131 0.013963093
92 0 7 10 0.013959183
241 19 7 9 0.013954774
955 9 48 64 0.013952977
948 37 76 231 0.01394461
947 56 10 13 0.013936812
266 449 138 159 0.013926918
871 88 7 10 0.013916331
160 66 10 12 0.013915502
762 0 77 57 0.013913426
501 134 10 15 0.013908696
202 76 8 10 0.01390476
702 574 12 15 0.013894388
964 63 9 11 0.0138849355
88 192 9 11 0.013874345
215 102 21 29 0.013870289
523 0 92 68 0.013870098
236 141 13 17 0.0138694225
54 0 76 54 0.013867331
0 388 69 180 0.013867324
818 80 206 279 0.013853683
855 82 9 12 0.0138432
39 159 13 16 0.013843086
112 78 7 9 0.0138345305
27 48 8 11 0.013831466
31 118 8 10 0.01383041
879 68 8 10 0.013819484
99 0 26 25 0.013816927
97 131 8 11 0.013809777
929 80 7 10 0.013807962
873 73 13 17 0.013807285
820 50 11 14 0.013803173
81 60 8 11 0.013791384
909 99 8 9 0.0137858465
566 204 11 15 0.013784724
23 75 10 12 0.013781767
954 73 12 15 0.013776777
957 56 10 14 0.013768198
21 83 11 14 0.013756961
943 117 22 26 0.013744984
375 0 85 49 0.013732822
165 0 12 9 0.013729737
41 120 7 10 0.013720947
216 24 6 10 0.0137128625
93 104 8 12 0.013709162
962 44 30 49 0.013704957
224 223 9 12 0.013699644
73 122 8 9 0.013697925
230 135 20 26 0.0136901
975 69 10 12 0.013689099
144 65 9 12 0.013687075
476 62 16 19 0.013687062
146 46 8 10 0.01367349
0 85 12 20 0.013671614
311 75 10 13 0.013668771
66 20 8 9 0.013660432
121 226 12 16 0.01365914
866 1 62 66 0.013658567
638 0 11 11 0.01365202
198 113 11 14 0.013651445
299 82 13 19 0.013651092
247 130 11 14 0.013647342
533 819 8 9 0.013647278
548 563 33 37 0.013636336
271 115 10 14 0.013630112
19 193 11 15 0.013623601
13 199 12 13 0.0136231035
125 51 7 10 0.0136223575
0 257 4 12 0.013620788
664 56 18 24 0.013620503
608 168 10 14 0.013617731
253 107 10 14 0.013604012
977 39 8 10 0.013598691
273 0 12 10 0.013596724
92 37 8 11 0.01359083
406 937 137 96 0.0135875875
957 222 67 187 0.01358352
890 84 9 11 0.013578195
193 0 78 67 0.0135709
902 70 10 14 0.013566759
667 59 7 10 0.013564101
846 969 94 64 0.013561971
910 81 10 15 0.01355983
976 59 9 13 0.013549861
827 0 12 10 0.013542838
275 87 8 10 0.013537098
14 109 10 13 0.013532704
684 71 8 10 0.013524768
551 202 12 15 0.013520518
102 0 10 9 0.013513348
918 66 9 14 0.013501583
41 37 9 12 0.013496166
502 95 8 11 0.013495573
765 506 13 16 0.013489675
288 0 12 10 0.013488934
72 24 18 23 0.013482627
164 93 7 9 0.013479063
258 90 15 20 0.013475959
1004 45 11 16 0.01347531
507 750 189 261 0.0134730805
20 69 13 17 0.013472312
617 174 206 255 0.013467099
584 931 151 102 0.013464293
25 152 9 13 0.013462382
35 136 8 11 0.01344911
341 137 8 10 0.01344824
13 0 84 62 0.01344356
958 123 11 14 0.013427693
18 152 12 16 0.013426956
98 77 7 9 0.013424319
296 107 13 16 0.013421405
0 183 12 15 0.013416825
0 207 6 15 0.013414897
0 88 6 12 0.01341193
895 104 7 9 0.013411357
185 53 8 11 0.013408271
199 119 8 11 0.013403003
303 117 8 11 0.01339978
293 136 10 12 0.013399138
99 0 8 11 0.013390185
59 11 8 12 0.013380533
85 18 19 24 0.013373595
19 148 9 11 0.013368313
289 88 9 14 0.013367185
157 105 9 14 0.013341738
213 77 8 10 0.013341457
43 26 9 12 0.01334054
0 266 65 176 0.013339206
713 124 13 16 0.013338379
975 56 9 10 0.013337251
947 62 8 10 0.013336387
850 75 10 14 0.0133343125
60 16 6 9 0.013332889
295 66 12 14 0.0133259315
232 142 11 16 0.013324549
218 82 10 12 0.013324349
446 164 179 228 0.013322304
809 108 30 30 0.013320493
308 200 9 12 0.013306603
230 24 11 14 0.013299312
109 0 12 9 0.013296178
825 109 9 11 0.013294124
530 199 10 15 0.013292148
21 94 8 9 0.013283515
930 55 11 13 0.013279374
0 128 6 16 0.013278326
97 10 7 10 0.013278003
928 659 7 10 0.0132689895
59 153 11 14 0.013265436
196 108 7 9 0.013258794
470 539 60 68 0.0132586965
207 0 11 9 0.01325793
57 175 10 14 0.013257458
131 89 11 14 0.013250203
65 106 8 11 0.013243668
531 202 14 18 0.013240775
558 201 15 19 0.013238617
43 17 7 9 0.013228337
940 93 9 11 0.013218899
61 746 33 40 0.0132186785
941 44 51 77 0.013217308
227 143 12 16 0.013215486
211 245 322 439 0.013208027
89 0 14 17 0.013206483
593 0 119 88 0.013204568
78 66 8 10 0.013202627
909 69 11 15 0.013199162
75 123 10 13 0.013198896
535 936 119 97 0.013196475
0 200 4 11 0.013190877
116 74 11 14 0.013180448
829 46 18 23 0.013177642
70 67 7 9 0.013170263
774 20 7 10 0.013160137
587 0 11 9 0.013159869
132 732 16 14 0.01315981
175 124 14 17 0.013159069
21 187 19 22 0.013158449
352 759 256 274 0.013153824
423 0 21 19 0.013153661
36 87 8 9 0.013152909
33 34 8 10 0.0131526645
121 111 13 18 0.013151858
75 139 7 10 0.013143341
205 106 12 14 0.013142252
173 67 8 10 0.013138267
186 78 9 13 0.013132605
822 118 9 12 0.013126868
64 37 7 9 0.013126738
826 57 8 11 0.013125942
166 108 11 15 0.013125742
3 249 10 13 0.013125033
301 131 19 30 0.013118555
116 90 17 20 0.013111963
436 0 77 49 0.013108609
480 66 16 21 0.013105797
154 35 8 10 0.0131038055
504 808 7 9 0.0130952755
201 115 13 16 0.0130915465
536 210 12 16 0.013090403
27 199 10 12 0.013089637
89 60 8 10 0.013080789
477 23 62 84 0.013077331
867 80 7 11 0.013075514
286 126 11 14 0.013051195
891 91 7 10 0.013047609
273 610 208 245 0.013046303
857 88 9 11 0.013045433
487 208 36 49 0.013043386
78 747 11 12 0.013034122
505 192 18 24 0.013031076
98 99 9 14 0.013025639
0 765 57 136 0.013013143
289 931 146 102 0.012997527
310 72 25 35 0.012995833
309 98 7 9 0.01299481
189 121 19 24 0.012992945
296 244 9 11 0.012987457
0 288 4 10 0.012979451
227 135 12 16 0.012976857
430 0 339 399 0.012976377
51 25 10 14 0.012971296
231 202 9 10 0.0129700955
0 110 3 10 0.012968688
300 70 8 9 0.012966043
859 610 24 30 0.012963933
38 93 8 10 0.012962128
62 123 11 14 0.012961535
217 138 13 17 0.012960978
0 170 4 10 0.012957868
739 586 218 262 0.0129459845
338 91 13 17 0.012942246
91 107 9 13 0.012940017
538 744 115 156 0.012934115
867 0 13 9 0.01293382
415 0 67 38 0.012928014
176 56 19 23 0.012920438
269 81 7 10 0.012912586
250 138 12 15 0.012911397
504 134 8 12 0.0129040405
1022 1020 2 13 0.012902086
151 82 7 10 0.012894523
595 40 12 15 0.0128940735
248 103 7 11 0.01289403
267 114 10 13 0.012892333
269 94 11 15 0.012885346
291 63 10 11 0.012882196
731 72 12 17 0.012878965
500 85 7 10 0.012878066
213 135 6 10 0.012875421
234 122 14 17 0.012874007
972 88 12 15 0.012872146
950 0 44 42 0.012867492
148 56 10 14 0.012863238
205 111 8 10 0.012863004
40 21 7 9 0.012862922
270 133 12 14 0.012862269
104 133 10 14 0.012860799
176 38 63 90 0.012859078
264 130 9 12 0.012855855
0 586 57 135 0.012850385
684 12 7 10 0.012848322
658 58 13 16 0.012846406
282 110 10 12 0.012844532
954 80 7 9 0.012836925
207 56 7 10 0.012829633
112 262 30 36 0.012827258
832 0 37 39 0.012825157
503 221 58 77 0.012823989
914 56 13 18 0.012823272
102 92 11 15 0.012816909
295 210 131 163 0.012815216
49 169 12 17 0.012813865
103 5 8 12 0.012804837
607 693 221 277 0.012800124
59 184 11 15 0.012799294
193 146 99 144 0.012781716
748 169 8 10 0.012781689
583 185 6 9 0.012779611
924 76 11 16 0.012777198
236 414 123 179 0.012776558
122 115 18 24 0.012776049
54 96 8 10 0.012761815
280 0 12 9 0.0127616115
52 180 10 13 0.012758515
752 68 7 9 0.012756429
957 99 9 12 0.012754996
23 930 134 103 0.012754824
551 803 223 230 0.012752235
927 75 7 9 0.012750494
670 133 7 10 0.012738049
396 570 7 10 0.012737815
103 76 7 10 0.012736998
210 113 11 16 0.01273582
841 100 12 17 0.012733918
990 38 27 42 0.012721491
606 25 7 9 0.012720156
165 42 7 9 0.012718175
266 0 12 10 0.012713865
223 926 150 107 0.012712086
438 27 72 108 0.012707986
731 66 11 14 0.012704944
496 895 8 10 0.012704624
32 126 9 11 0.012702257
267 73 11 14 0.012697591
308 129 11 14 0.012685954
0 106 4 10 0.012685392
72 68 9 11 0.012684665
103 97 10 14 0.012682277
286 61 9 11 0.0126799615
26 746 127 167 0.012664046
33 69 6 9 0.012655889
359 604 188 249 0.012655887
841 108 11 16 0.012654934
839 84 8 10 0.012653312
305 70 15 21 0.012642717
250 89 11 16 0.012637328
984 88 17 23 0.012631144
40 77 8 10 0.012621838
0 164 5 15 0.012617711
111 0 20 21 0.012617393
120 16 60 84 0.012612561
953 125 9 12 0.01260899
908 0 94 75 0.012604343
488 66 13 18 0.012603562
104 121 12 15 0.01260325
49 81 8 11 0.012601293
0 465 57 141 0.012595316
926 91 8 11 0.012594344
841 89 9 12 0.012591082
21 39 7 11 0.012587724
859 72 9 13 0.012580533
530 0 10 9 0.012579589
5 77 7 9 0.012576892
773 11 7 10 0.012574369
13 445 202 285 0.012572839
987 56 9 13 0.012566335
167 28 11 14 0.012565956
264 118 7 9 0.012564192
2 36 121 180 0.012562663
193 112 12 16 0.012562256
532 213 12 15 0.012554011
658 744 237 288 0.012529297
23 187 10 14 0.0125168
533 86 8 10 0.0125147095
180 108 10 13 0.012514373
953 56 9 12 0.012510066
891 83 18 23 0.012507894
403 77 80 108 0.012494165
730 68 7 10 0.012492193
510 95 9 13 0.012489168
75 101 7 10 0.012484056
161 76 10 13 0.012479262
719 7 12 16 0.012468601
298 138 11 17 0.012467977
596 190 119 162 0.012462798
821 56 8 10 0.012461501
717 159 230 290 0.012458935
506 99 8 11 0.012455074
451 0 12 9 0.012452457
125 126 12 14 0.012451311
0 81 7 16 0.012450879
36 77 8 10 0.012450835
241 590 125 143 0.012437093
223 92 16 21 0.012435745
1005 123 8 10 0.012433118
255 129 14 18 0.012412197
148 110 12 14 0.012406222
0 754 15 24 0.012405291
449 821 191 212 0.012401197
580 128 12 14 0.012397747
301 73 13 18 0.012397128
966 91 10 12 0.012394749
262 119 10 13 0.01239251
89 90 8 11 0.012389769
364 573 42 46 0.012358532
162 86 7 10 0.012358434
1013 127 11 15 0.012353486
1016 1017 8 16 0.012350601
76 24 10 12 0.012347166
734 54 7 10 0.012340802
30 23 8 11 0.012339554
225 115 24 33 0.012334432
516 77 7 10 0.012333925
560 99 14 17 0.012331361
50 120 11 13 0.012327453
67 184 10 13 0.012326606
628 74 176 238 0.01232389
0 707 56 134 0.012322537
552 431 195 238 0.012320358
632 180 13 16 0.012316673
33 27 13 18 0.012312921
353 0 66 42 0.0123120705
141 48 19 25 0.012308681
0 153 5 14 0.012305388
314 78 9 13 0.012296868
829 487 120 159 0.012296299
238 145 106 147 0.012290407
677 637 217 269 0.012284489
871 78 8 10 0.012280104
681 72 8 9 0.012271634
848 4 9 13 0.0122701535
22 106 7 10 0.012267976
867 90 13 17 0.012267538
248 137 9 11 0.012266763
535 709 28 61 0.012266406
247 26 9 12 0.012265555
190 102 7 10 0.012262505
245 113 10 14 0.012257443
19 38 67 85 0.012253006
735 76 13 17 0.012249962
577 0 13 14 0.012248928
88 37 9 12 0.012248759
995 186 27 33 0.012238128
935 659 8 10 0.0122343125
15 961 91 72 0.0122282
123 161 9 12 0.0122163715
70 20 8 10 0.012215918
10 146 7 9 0.012215836
0 116 182 492 0.012198934
305 150 7 10 0.012187386
908 77 20 25 0.012183721
981 105 10 14 0.012182722
883 126 19 21 0.012177488
322 0 65 48 0.012177104
1000 40 12 17 0.012175989
666 261 227 287 0.012170835
804 556 220 350 0.0121708065
285 62 13 18 0.012166723
993 986 31 47 0.012161505
318 0 11 9 0.012157341
478 0 11 9 0.012156797
0 218 8 16 0.012153489
745 43 11 14 0.012150956
6 138 8 10 0.01214586
60 147 8 10 0.012143576
238 110 48 64 0.01214333
609 0 11 10 0.012141164
489 74 8 12 0.012135972
29 95 10 15 0.012133246
460 713 171 246 0.012131292
4 163 9 12 0.012129233
283 87 9 14 0.012120912
261 109 9 11 0.0121206315
114 101 20 24 0.012107948
411 261 366 454 0.012105372
523 196 9 12 0.012102599
0 0 12 17 0.012102345
130 135 13 19 0.012102203
480 32 96 134 0.012101013
0 146 6 13 0.0120891025
54 50 7 9 0.012086755
244 123 16 21 0.012083879
128 92 10 14 0.012076343
770 429 118 152 0.012075094
50 175 17 23 0.012072171
17 161 8 9 0.012067187
519 196 11 14 0.0120668225
838 96 8 12 0.012066161
751 52 12 14 0.012066117
982 95 21 28 0.012065422
657 929 121 104 0.012065364
242 351 117 174 0.012064975
567 49 16 21 0.012064886
286 90 8 13 0.01205563
310 683 200 259 0.012052521
179 74 10 13 0.012045509
214 136 11 16 0.01204308
121 271 23 24 0.012042035
253 146 7 10 0.012039458
128 963 100 70 0.012037412
668 55 10 14 0.01203078
18 204 9 10 0.01202964
994 128 12 17 0.0120281875
722 39 101 130 0.012027963
803 0 70 57 0.012025478
86 87 7 9 0.012016046
173 0 12 10 0.012015604
263 0 25 18 0.01200627
188 0 11 9 0.012003844
98 91 11 15 0.012002573
8 185 9 13 0.011990564
967 590 21 24 0.011986167
133 70 7 10 0.011981699
896 83 9 11 0.011980662
1 174 13 17 0.011980559
629 160 118 162 0.011980238
740 47 7 10 0.011979641
234 110 14 17 0.011972696
466 0 12 10 0.011972201
576 195 8 11 0.011968617
0 185 6 15 0.011968059
901 80 10 13 0.011966634
997 120 8 10 0.011963084
18 141 18 24 0.011960975
772 19 7 9 0.011957224
977 49 21 27 0.011956121
53 800 8 9 0.011953802
98 137 12 13 0.011953623
253 74 14 17 0.011951917
286 123 8 11 0.011948453
91 170 9 10 0.011940856
947 0 23 19 0.011932762
185 141 8 10 0.011932528
403 152 86 111 0.011930466
111 108 9 13 0.011928434
175 554 10 12 0.011924055
979 103 20 27 0.0119234165
0 22 58 126 0.011920631
326 562 72 67 0.011919839
518 0 380 263 0.011918832
991 0 12 9 0.011914359
0 195 6 14 0.011913339
511 180 175 227 0.011899883
70 70 7 10 0.011898325
902 111 6 9 0.011893213
100 86 9 11 0.01188935
26 96 7 11 0.011888138
0 350 56 136 0.011885788
274 59 45 65 0.011885383
684 76 8 9 0.0118822865
812 70 10 13 0.0118792225
312 233 11 13 0.011874389
123 125 9 11 0.01187267
168 0 36 35 0.011870982
121 57 8 10 0.011859614
309 198 7 10 0.0118588125
644 457 17 17 0.011858789
884 95 8 10 0.011856555
569 207 10 13 0.011854152
0 246 24 42 0.011851702
11 19 9 12 0.011843347
276 95 8 11 0.011836627
1023 0 1 21 0.011835925
800 0 20 20 0.01183527
573 173 108 139 0.011830187
755 64 8 10 0.011824224
212 72 10 12 0.011822758
522 81 7 9 0.011818511
34 79 9 11 0.011818161
1003 0 12 9 0.011813985
201 43 8 11 0.011804004
640 4 8 9 0.011803612
0 131 4 11 0.011799717
127 73 8 11 0.011795609
29 42 8 10 0.011793921
972 54 9 12 0.0117927715
834 109 16 25 0.011788155
968 148 56 174 0.0117865745
957 65 10 14 0.011781317
73 117 8 10 0.01177626
215 80 7 9 0.011771481
47 76 12 17 0.011769359
1 149 14 20 0.011768753
137 105 103 133 0.011768531
280 73 7 9 0.0117628295
728 69 11 15 0.011762616
187 51 11 14 0.011757775
508 788 7 10 0.011756876
185 107 14 18 0.011751854
475 132 51 111 0.011748145
828 5 7 10 0.011746362
106 41 11 15 0.0117445225
97 63 7 11 0.01174373
763 0 20 25 0.011733796
153 107 11 14 0.011733028
823 102 22 27 0.011727441
218 21 9 11 0.011722328
0 266 300 447 0.011713587
117 271 14 13 0.01171207
952 61 7 10 0.011711312
648 108 11 12 0.011709023
89 43 6 10 0.011704335
933 100 8 10 0.0116992565
627 0 12 9 0.011697582
613 17 12 18 0.011697559
914 2 16 18 0.011695485
9 127 10 13 0.011692938
851 88 8 9 0.011692903
351 911 9 13 0.011686843
227 13 8 10 0.011685386
151 15 13 19 0.011683562
185 353 11 14 0.011681731
62 168 8 10 0.011680021
92 21 12 16 0.011679581
269 69 13 15 0.011678416
207 23 8 9 0.011675564
234 131 53 79 0.011671507
555 345 9 11 0.01167119
821 803 70 79 0.011671047
750 636 37 42 0.011667952
211 52 8 12 0.011663991
719 645 113 148 0.011661212
41 128 7 10 0.011658098
555 509 196 271 0.011658032
95 84 8 10 0.011656546
31 112 8 11 0.011648273
673 56 8 11 0.011647765
248 99 8 11 0.011645945
534 0 11 9 0.011645861
811 648 108 138 0.011639506
39 123 10 13 0.011637354
990 92 13 17 0.011634309
368 0 13 11 0.011627262
736 61 10 15 0.011626674
885 99 8 9 0.011624391
45 85 8 10 0.011624216
94 122 10 13 0.0116227735
305 141 10 16 0.011622142
84 0 24 28 0.011621453
523 960 85 73 0.0116157
635 459 41 40 0.011615172
234 41 9 12 0.011614567
126 50 12 16 0.0116133755
761 504 13 16 0.011612956
312 89 14 22 0.011611645
140 125 8 11 0.011608322
75 56 10 13 0.011607768
211 913 8 10 0.011605147
314 81 12 17 0.011604776
571 24 157 214 0.01160375
26 110 8 11 0.011602409
950 676 18 19 0.011593848
643 461 20 23 0.0115894005
74 21 7 10 0.011577778
120 162 114 145 0.011576972
273 140 11 14 0.011572592
600 43 7 10 0.01157085
5 237 15 18 0.011563614
951 760 73 161 0.011562585
495 73 6 10 0.01155602
230 130 9 13 0.011550248
876 764 111 145 0.011549914
58 80 8 12 0.011549256
40 50 8 9 0.011548364
902 60 12 16 0.011547562
82 15 82 103 0.0115473345
268 77 7 11 0.01154261
971 89 8 10 0.011539122
30 34 7 10 0.01153578
372 520 185 246 0.011534745
60 193 9 11 0.011532913
900 94 7 11 0.011529547
132 117 13 16 0.011528842
278 111 12 17 0.01152661
540 802 8 9 0.01152393
870 100 8 10 0.011520979
36 97 7 11 0.011518201
951 84 20 27 0.011517886
546 0 11 9 0.011517864
823 47 12 14 0.011516655
242 89 45 62 0.011507433
784 474 16 15 0.011501744
406 266 126 157 0.011501529
783 6 12 15 0.011498151
88 23 10 12 0.011492923
153 89 10 13 0.011487983
101 47 8 11 0.01148189
123 49 7 10 0.011478848
456 594 164 246 0.011476852
577 205 14 15 0.011475631
192 70 9 11 0.011475494
555 650 196 271 0.011469471
217 318 198 320 0.011464904
45 29 10 12 0.0114633115
800 396 124 162 0.011462108
8 178 9 10 0.011461
684 79 8 10 0.011459935
793 17 9 10 0.011456993
31 39 10 13 0.011448756
737 45 7 10 0.011445914
605 148 100 131 0.011445464
434 524 93 102 0.01144175
263 114 8 10 0.0114343325
262 96 9 12 0.011431621
346 270 138 167 0.011431323
716 0 11 9 0.011429611
507 214 11 16 0.011428803
36 155 19 24 0.011426202
279 77 8 10 0.011422833
143 125 11 14 0.011418972
752 1 12 16 0.011403397
618 181 9 12 0.011403117
943 77 7 10 0.011401973
767 0 13 10 0.011399585
982 78 15 21 0.011395738
957 57 20 26 0.011392906
185 83 9 12 0.011391709
277 86 11 16 0.011387604
651 11 18 22 0.011384929
6 174 8 11 0.011382402
490 130 30 57 0.011381793
107 265 47 53 0.011377858
142 80 8 10 0.011375215
525 800 13 14 0.011374923
834 105 10 13 0.011374851
878 70 10 15 0.011372767
624 237 123 170 0.011368815
19 0 13 9 0.011368256
11 560 209 296 0.011365581
17 22 10 13 0.011357691
171 69 8 11 0.0113574285
151 61 7 10 0.011351788
105 117 10 13 0.011350003
87 65 8 11 0.011344799
254 71 11 13 0.011342261
466 0 78 54 0.011337553
143 28 7 9 0.0113341035
417 107 74 127 0.011332725
7 81 8 9 0.011330831
243 24 52 77 0.011322765
54 193 14 17 0.011322721
856 108 10 13 0.011320679
194 821 213 212 0.011318337
146 116 12 14 0.011316088
399 0 12 9 0.011315963
105 48 19 25 0.011312529
944 875 16 17 0.011310799
748 68 8 10 0.011310361
247 61 45 66 0.011309278
969 927 9 10 0.011308132
527 196 10 13 0.011307894
577 555 100 142 0.0113055
285 313 219 278 0.011304373
680 234 127 179 0.011303675
964 307 60 130 0.011301511
733 14 74 103 0.011298926
68 149 9 12 0.011296392
570 136 8 9 0.011296284
590 56 7 9 0.011291723
202 334 8 10 0.011291407
221 109 168 232 0.011288327
97 189 9 12 0.0112876315
21 170 11 15 0.011286598
487 0 22 17 0.011279896
496 0 77 56 0.011277279
1004 150 16 16 0.011267488
461 102 53 95 0.011258751
0 277 6 14 0.011256272
553 798 123 161 0.011255281
26 43 13 17 0.011255061
516 87 8 11 0.011251172
11 65 8 12 0.011246538
0 496 299 474 0.011245832
514 593 180 264 0.011245761
126 105 10 14 0.011244855
634 120 103 138 0.01124061
71 23 7 11 0.011240532
21 134 178 238 0.011240043
308 146 8 12 0.011238931
4 0 13 10 0.011238603
187 85 47 66 0.011236765
186 138 12 14 0.011233454
539 0 21 20 0.01122312
155 194 11 13 0.011219452
490 79 7 10 0.011218964
940 74 11 16 0.01121435
55 77 8 10 0.011213804
652 471 25 29 0.011212117
236 0 64 49 0.011210356
300 68 12 17 0.011206257
32 457 117 167 0.01120243
910 60 18 26 0.011201844
510 215 13 18 0.011198539
874 181 12 16 0.011198072
828 70 8 11 0.011196752
587 181 7 9 0.01119661
12 272 16 17 0.011196537
60 82 12 16 0.0111962315
902 76 9 11 0.011193469
163 103 11 15 0.011192619
224 940 8 10 0.011190733
585 966 81 67 0.011189384
664 71 14 18 0.011189261
119 138 11 14 0.011188161
135 34 11 15 0.01118693
2 128 10 14 0.011185699
0 449 14 26 0.011185678
55 68 7 10 0.011185012
773 488 121 150 0.011183243
751 72 8 10 0.011177152
856 226 18 23 0.011176775
858 451 129 169 0.011173138
568 223 197 249 0.0111723915
4 267 7 9 0.011171196
811 53 23 25 0.011168816
966 113 8 10 0.011167266
952 517 72 169 0.011166345
263 19 67 90 0.011165501
658 66 9 12 0.011164656
943 985 81 48 0.011163478
97 51 10 14 0.011162929
227 30 9 10 0.011155022
120 78 13 17 0.0111533515
891 66 10 12 0.011151473
339 300 265 353 0.011150371
110 36 11 13 0.0111488635
260 153 13 18 0.011148562
1013 37 11 59 0.011148556
546 213 10 14 0.011146371
1016 41 8 9 0.011144336
637 136 12 17 0.01114106
186 29 7 9 0.011139908
536 0 63 45 0.011126166
178 80 10 13 0.0111258
196 431 111 169 0.011121753
150 0 23 30 0.011117649
545 183 8 9 0.011116461
786 1004 9 9 0.011116027
263 124 8 11 0.011113691
0 260 16 27 0.011109955
242 0 23 17 0.0111083
595 237 11 13 0.011107861
834 767 111 138 0.01110647
241 104 24 31 0.011105812
0 753 7 16 0.011101213
11 176 12 15 0.011096972
207 57 14 19 0.011095452
231 45 10 13 0.011093325
951 47 10 13 0.01109048
870 84 8 10 0.011089274
0 419 45 115 0.011089081
56 864 8 10 0.011087032
255 154 12 18 0.011086049
597 44 7 10 0.011085909
311 86 10 16 0.011079485
13 81 8 10 0.011078377
72 0 12 9 0.011076659
190 54 11 14 0.011075671
791 467 204 256 0.011075303
670 75 7 10 0.011075202
81 109 21 29 0.011074377
297 188 8 9 0.011073502
53 68 13 18 0.011072486
922 64 8 11 0.011071072
0 256 58 82 0.011070745
118 113 7 10 0.011070132
141 77 7 9 0.011069154
131 163 10 12 0.011058131
777 673 115 147 0.011057587
684 718 119 162 0.0110569885
664 83 13 19 0.011056663
262 68 11 14 0.011056242
958 72 15 18 0.011055472
239 115 15 17 0.011055273
218 92 11 18 0.011054087
3 250 16 20 0.011053813
160 81 8 10 0.0110535
205 0 22 19 0.011053443
540 231 114 150 0.011052149
321 117 11 14 0.011051244
228 51 8 9 0.011047506
198 47 8 10 0.011046751
648 21 78 96 0.011044715
423 355 116 180 0.011040674
230 148 13 16 0.011034203
858 94 10 14 0.011033375
249 597 74 90 0.011028749
138 50 11 15 0.011026368
242 34 7 9 0.011025315
808 9 7 9 0.0110242255
69 137 8 9 0.011019486
0 1006 19 27 0.011017913
730 61 7 10 0.011012843
10 204 8 10 0.011012081
608 342 218 263 0.011010947
37 119 8 10 0.011008099
698 0 11 9 0.011002697
346 0 16 13 0.01100262
139 61 15 20 0.011000896
988 91 9 11 0.010995077
497 534 29 29 0.010994496
261 82 11 14 0.010993528
0 74 7 11 0.0109909335
168 65 10 13 0.010988932
870 594 108 137 0.010988688
131 114 9 10 0.010987773
306 200 7 10 0.010983959
58 21 10 14 0.010980593
277 135 12 13 0.010965571
205 642 222 267 0.010963411
43 198 9 10 0.01096279
874 66 10 13 0.0109616425
892 82 9 10 0.010960701
206 39 15 20 0.010958685
53 34 11 14 0.0109577
991 36 17 20 0.010956554
228 217 13 18 0.010956056
720 459 115 148 0.010953819
820 94 35 43 0.010953046
175 559 10 12 0.010945049
87 106 11 14 0.010943742
225 120 9 12 0.010939489
308 99 9 12 0.0109378835
959 950 11 10 0.010935776
228 46 10 13 0.010931103
799 374 10 13 0.0109248
755 68 8 9 0.010924327
545 526 104 131 0.010921837
390 318 128 165 0.010920751
740 71 190 254 0.010920503
734 57 7 10 0.010920403
199 23 35 49 0.010916189
37 40 8 12 0.01091602
225 142 9 12 0.010915609
493 508 37 35 0.010914812
801 725 106 142 0.010911649
61 68 9 11 0.010907771
77 141 8 10 0.010906406
926 0 14 12 0.01090567
33 84 7 10 0.010899434
260 138 14 18 0.0108988965
0 289 7 15 0.010897071
1008 675 13 15 0.0108966045
877 101 10 13 0.010895081
347 346 139 168 0.010891722
44 11 15 18 0.010889413
2 137 53 82 0.010888544
258 69 11 13 0.010887237
421 56 73 96 0.010886791
895 2 50 55 0.010886195
831 45 11 14 0.010886163
308 130 19 33 0.010883886
196 527 211 259 0.010883486
0 111 25 41 0.010879819
171 936 122 97 0.010878038
418 0 12 10 0.010876985
962 124 8 11 0.010875307
331 103 7 10 0.0108718285
893 93 8 10 0.010871333
582 130 88 112 0.010869156
61 9 12 16 0.010866348
257 150 7 10 0.010865333
528 86 130 179 0.010863069
166 69 10 14 0.010858247
113 44 11 14 0.010857271
308 105 6 9 0.010856739
837 550 111 150 0.010856145
754 970 109 63 0.010854255
413 493 370 491 0.010853061
275 118 10 13 0.010845875
898 633 108 150 0.010845498
49 182 11 14 0.010843969
162 115 10 13 0.010842661
100 47 47 68 0.010842538
174 0 16 18 0.010841866
38 0 13 9 0.010841207
547 788 12 15 0.0108410325
249 96 8 10 0.010840683
687 68 7 10 0.010840433
922 74 9 14 0.010837898
172 88 7 10 0.010837421
434 228 85 107 0.010836847
600 30 7 10 0.010830462
181 1 55 63 0.0108296145
142 9 7 10 0.010821126
701 93 147 191 0.010819785
820 71 7 9 0.010816924
728 34 41 61 0.010816166
295 758 68 89 0.010813751
513 203 11 14 0.010813622
313 100 8 10 0.010808987
158 0 12 12 0.010808794
811 116 8 9 0.010807271
974 721 50 111 0.0108038485
437 477 169 230 0.010802928
276 151 9 11 0.010802691
541 261 8 11 0.010802393
922 231 11 16 0.010800387
174 85 9 13 0.01079793
92 97 12 16 0.010793631
44 117 9 13 0.0107912235
23 185 8 9 0.010790198
77 116 11 13 0.010789841
733 71 7 11 0.010786187
244 100 9 14 0.010784717
327 96 10 14 0.010783826
303 121 9 12 0.010782374
740 229 126 183 0.010773699
27 657 124 168 0.010773431
286 0 23 15 0.010772626
118 62 8 10 0.010772195
287 203 9 10 0.010770294
146 0 63 53 0.01076632
996 198 28 36 0.010765173
79 48 7 9 0.010761363
179 119 68 97 0.01076044
126 37 8 10 0.01075832
227 0 23 18 0.0107579
770 21 9 11 0.010756295
503 803 7 9 0.010755886
152 48 7 9 0.010754524
519 652 64 95 0.010748851
558 599 89 126 0.010748441
698 91 12 15 0.010745433
780 0 11 10 0.010744164
302 135 316 422 0.010741678
744 28 45 65 0.010741545
82 0 13 10 0.010739862
728 76 11 16 0.010737812
839 49 9 12 0.010737355
515 358 8 11 0.010736386
50 166 122 151 0.010736097
785 500 37 37 0.010735731
458 0 23 17 0.010731249
518 541 29 35 0.01072977
808 62 21 25 0.0107282065
538 199 42 38 0.010727198
897 66 6 9 0.010722285
678 528 219 273 0.010721578
390 567 9 10 0.010719271
200 548 7 9 0.010718725
455 0 43 34 0.010717256
305 126 10 14 0.010716681
733 65 7 10 0.010715925
240 89 10 13 0.010712091
365 0 29 23 0.010712017
249 75 12 16 0.010711244
686 150 128 177 0.0107066855
997 30 16 21 0.01070488
241 528 121 153 0.010704161
459 0 13 10 0.0107029835
333 926 9 11 0.010702816
2 92 16 22 0.010698047
205 126 10 14 0.010697978
187 214 111 166 0.010695387
106 64 9 13 0.010689651
979 53 26 35 0.010688887
273 111 11 14 0.010688856
955 206 12 15 0.01068672
804 789 108 137 0.010686566
802 0 12 11 0.01068651
971 38 8 9 0.010685809
561 115 7 10 0.010685498
848 62 10 13 0.010683704
17 71 18 24 0.010672267
373 531 44 59 0.010672125
515 0 11 9 0.010671629
796 294 206 256 0.010671424
301 56 51 72 0.010670834
251 0 18 13 0.0106668025
97 33 8 10 0.010666418
163 111 7 11 0.010665831
59 89 10 14 0.010664019
81 48 7 9 0.010663807
475 267 124 155 0.010659744
737 64 14 18 0.010658843
317 102 10 12 0.0106578665
293 90 10 14 0.01065656
272 147 16 21 0.010654137
134 222 9 11 0.010653653
833 93 14 19 0.010652558
742 587 116 151 0.010650167
83 108 11 13 0.010649684
566 37 22 27 0.010648697
557 208 13 17 0.010645531
431 618 105 134 0.010643787
875 91 17 22 0.010641195
666 87 16 19 0.010640572
987 100 10 13 0.0106385
75 74 25 37 0.010637888
161 70 9 13 0.010637033
9 181 12 15 0.010635207
0 970 7 15 0.0106312
57 47 110 139 0.010628366
933 60 10 14 0.010626891
167 43 8 10 0.01062657
84 46 7 10 0.010622603
0 83 4 11 0.0106213335
193 82 7 10 0.010619678
77 90 8 9 0.010618871
220 327 110 153 0.010617828
156 46 49 71 0.010614794
493 790 11 17 0.010614436
32 805 74 96 0.010613771
44 194 8 10 0.010606545
685 92 8 10 0.010606219
772 619 119 147 0.0106029995
33 139 8 10 0.010600469
1020 38 4 29 0.010598934
97 69 7 11 0.01059669
599 146 58 73 0.010594331
236 1 11 12 0.010589242
803 115 13 15 0.010588356
283 137 12 14 0.010587632
300 145 8 12 0.010585868
217 82 7 10 0.010585409
273 316 119 170 0.010578496
310 69 17 25 0.010578259
497 85 13 21 0.0105766645
842 48 112 139 0.010575898
98 7 10 14 0.01057238
661 69 10 14 0.010572042
868 88 7 9 0.010570842
139 141 9 11 0.010566205
26 389 121 178 0.010564638
581 755 124 154 0.010554829
131 0 11 11 0.010547733
199 50 9 12 0.010545935
14 172 15 19 0.010539091
1003 237 9 12 0.0105380565
964 95 9 11 0.0105345445
54 107 10 14 0.010534397
70 203 8 9 0.010533664
130 32 10 13 0.0105334865
515 605 90 133 0.010532845
439 971 75 62 0.010532354
172 58 8 11 0.010530519
290 56 13 17 0.01053041
201 343 9 11 0.010528764
947 43 20 24 0.010526898
583 193 13 16 0.010523737
744 367 119 159 0.010522829
612 581 214 276 0.010521181
136 114 8 10 0.01052064
153 81 12 14 0.010518653
998 118 12 16 0.010516932
950 103 10 14 0.010515546
969 54 8 12 0.010515108
779 477 55 67 0.010515068
179 47 11 14 0.010514944
213 23 7 9 0.010514119
121 266 16 16 0.010510223
751 76 8 10 0.010509142
2 238 8 12 0.0105085485
957 0 20 16 0.010507078
40 119 93 124 0.010506923
3 155 16 19 0.01050527
724 0 11 9 0.010503986
991 37 12 13 0.010501806
965 36 20 29 0.010495095
888 236 68 85 0.010490312
657 72 11 16 0.010490044
518 789 8 9 0.01048876
137 577 205 254 0.010488504
115 74 7 11 0.010487303
248 618 39 52 0.01048707
987 45 7 10 0.010486486
688 72 7 10 0.0104864575
190 98 8 11 0.010484411
59 107 9 12 0.010483463
964 859 60 137 0.010480669
39 187 11 14 0.010479182
282 125 11 15 0.010478132
510 806 8 10 0.010476534
645 0 12 9 0.0104745645
1002 40 22 32 0.010471518
503 322 14 16 0.010471241
542 90 7 10 0.0104681235
173 51 11 14 0.010463141
344 90 10 13 0.010460368
519 748 13 20 0.0104597
549 415 9 12 0.010456986
205 32 7 9 0.0104562575
743 48 15 19 0.010453398
3 144 10 12 0.010450023
0 196 4 10 0.01044828
136 30 10 13 0.01044735
938 121 10 13 0.01044721
904 86 21 27 0.010446179
212 455 347 506 0.010439025
9 278 69 91 0.010438757
618 965 83 68 0.010436243
93 57 7 10 0.010435897
939 0 13 9 0.010433813
59 76 8 10 0.0104325265
814 82 8 9 0.010431782
307 99 7 9 0.010431737
929 74 7 10 0.010430823
68 952 116 81 0.010430548
890 68 7 9 0.010430443
172 132 13 15 0.010429831
234 133 8 12 0.010428191
711 774 124 163 0.0104269935
503 67 11 15 0.010426718
204 60 7 9 0.010426615
81 142 8 9 0.010422632
851 0 16 12 0.010421972
71 41 11 17 0.010420231
3 227 22 29 0.010419968
638 475 15 23 0.010418645
977 785 47 108 0.010418284
660 80 12 17 0.010417335
598 460 218 265 0.010416673
935 128 7 9 0.010416441
96 165 9 12 0.010415838
582 135 7 10 0.010415284
616 18 82 100 0.010413994
175 46 20 25 0.010413172
197 547 7 9 0.010409678
265 318 14 19 0.010405595
141 167 8 9 0.010405586
608 95 90 121 0.010404513
264 83 7 10 0.010401343
502 63 7 10 0.01040122
144 11 7 11 0.01039928
0 579 34 92 0.010398598
0 756 34 93 0.010397575
62 176 7 10 0.010396532
909 11 11 16 0.0103812665
246 119 9 12 0.010380264
249 80 10 15 0.010378074
807 25 9 11 0.010375537
973 75 11 13 0.010373565
170 36 11 14 0.010373264
35 132 8 11 0.010371392
0 539 44 114 0.010370627
840 0 13 13 0.010369514
94 26 12 15 0.010364744
22 156 10 12 0.010364562
852 123 7 9 0.010363596
210 38 9 11 0.010362865
56 149 8 10 0.010362499
213 155 9 13 0.0103624035
2 51 12 19 0.010361811
286 11 10 10 0.010360239
501 61 11 17 0.010359152
217 85 11 18 0.010358811
524 62 17 21 0.010355145
0 65 11 15 0.010354175
943 74 6 9 0.010350071
118 130 21 26 0.010343995
272 144 8 9 0.0103397025
829 0 22 21 0.010339089
243 76 7 10 0.010337301
635 501 100 134 0.01033543
837 238 122 175 0.010335146
944 98 7 9 0.010330515
497 551 36 52 0.010328878
71 138 10 12 0.010328659
510 376 188 237 0.010328444
250 71 6 9 0.010327587
300 107 9 11 0.01032553
522 0 12 10 0.010323511
973 0 34 33 0.010322732
791 0 12 10 0.010322509
930 90 7 10 0.010321296
170 73 10 14 0.010319348
239 150 12 14 0.010316989
33 17 31 38 0.0103160655
933 3 49 57 0.01031533
150 53 9 11 0.010313796
97 131 331 452 0.0103136115
1013 120 10 12 0.010312062
116 46 19 24 0.010311801
926 85 10 15 0.010302612
875 699 112 148 0.010301899
868 102 7 10 0.01030023
7 277 8 9 0.010299535
298 165 8 10 0.010298672
996 306 26 30 0.010297487
4 257 19 24 0.010297348
213 57 47 70 0.010294921
920 68 10 15 0.010292239
870 812 121 158 0.010291943
89 95 7 10 0.010291541
199 67 8 10 0.010290451
570 404 10 13 0.01028955
783 0 24 19 0.010289545
251 292 112 146 0.010289315
506 76 7 9 0.010282887
192 95 7 11 0.010281709
923 33 14 16 0.010279135
983 114 11 18 0.010274114
1007 12 15 22 0.010273058
590 191 12 15 0.010272933
828 79 7 10 0.010272699
711 297 123 170 0.010267138
907 95 109 144 0.010266633
743 0 11 9 0.010265302
131 134 9 11 0.010263266
755 72 8 10 0.010263253
0 144 4 10 0.010259358
713 55 6 9 0.010258808
0 43 33 86 0.010257654
195 70 12 15 0.010257053
141 131 11 15 0.0102564385
485 0 11 9 0.010251833
185 532 7 10 0.010250781
30 179 12 17 0.01024922
313 120 57 85 0.010246098
29 50 8 11 0.010243794
499 216 40 52 0.010240328
975 360 49 119 0.010239834
599 216 11 12 0.010239588
688 87 8 11 0.010237294
4 166 10 15 0.010235157
276 731 70 88 0.010235119
30 141 10 14 0.010232629
826 81 7 10 0.01023235
524 221 14 15 0.010231344
978 665 46 105 0.010230878
41 200 10 11 0.010229914
245 145 14 18 0.010227805
241 144 14 16 0.010227803
1006 42 9 12 0.010226465
948 123 14 18 0.010226374
505 25 56 74 0.010222219
747 72 9 10 0.0102198925
75 191 7 10 0.010219734
2 84 8 11 0.0102194
57 1012 11 10 0.010219355
0 139 15 23 0.010218786
39 866 101 124 0.0102165425
959 95 54 82 0.010213942
130 37 11 15 0.010213436
201 551 8 10 0.010211873
141 67 9 12 0.010210947
552 231 398 490 0.010209104
511 356 11 15 0.010209025
684 16 7 10 0.0102089895
338 448 156 173 0.010207032
522 813 11 11 0.010206266
0 0 26 34 0.010204571
407 0 12 9 0.01020289
43 124 7 10 0.010202823
733 61 7 9 0.010201021
317 53 100 139 0.010193829
989 38 9 11 0.010193669
300 382 134 192 0.010192049
854 72 19 22 0.010190867
62 94 7 9 0.010187042
36 48 7 9 0.010185776
180 70 140 197 0.010183947
377 263 32 42 0.010183855
78 11 8 11 0.010182011
1001 171 18 19 0.010179496
666 75 7 10 0.010178899
109 72 10 13 0.0101786805
756 0 12 9 0.0101759005
960 90 7 10 0.010175795
0 804 7 17 0.0101756565
924 111 7 10 0.010174847
725 66 10 15 0.010174497
244 570 29 40 0.010172371
861 225 17 17 0.010172291
0 29 7 14 0.010166643
479 68 11 15 0.010165983
200 110 9 11 0.010164433
134 54 9 13 0.010161851
24 117 12 16 0.01015709
1002 105 12 17 0.01015562
201 61 8 10 0.010154352
218 146 20 28 0.010151294
502 845 117 152 0.010150075
954 924 13 14 0.010148821
380 0 14 10 0.010141477
240 118 26 32 0.010133436
57 95 10 13 0.010130985
252 71 8 10 0.010129365
253 138 14 19 0.010128849
134 167 8 9 0.010128501
517 200 9 12 0.010128172
89 79 7 10 0.010123265
955 67 22 28 0.010122563
981 57 12 16 0.010122293
121 64 8 9 0.010120685
67 45 7 10 0.010118924
923 927 14 14 0.010118405
652 967 89 66 0.010114987
54 224 7 9 0.0101113
21 136 14 19 0.0101106
75 204 7 9 0.010110051
229 92 11 13 0.010107709
1000 177 18 22 0.0101074055
682 58 10 13 0.010102846
794 458 67 86 0.010101916
186 550 9 11 0.010101151
139 73 10 12 0.010097961
954 207 7 9 0.010097943
823 62 9 12 0.010097887
0 158 3 10 0.010097585
755 58 7 10 0.010093679
305 90 7 11 0.010092847
0 150 8 13 0.0100920405
67 1002 20 17 0.01009051
196 102 7 10 0.010088818
1015 160 9 12 0.010088076
639 448 97 124 0.010087802
977 577 47 112 0.010087306
310 128 29 41 0.010087073
885 967 98 66 0.0100863585
364 85 8 11 0.01008518
1000 128 13 17 0.010084894
33 267 12 16 0.010079867
88 210 10 12 0.010079816
60 73 8 10 0.010079205
31 198 11 13 0.010077236
0 0 8 11 0.01007621
133 126 19 27 0.010073608
575 89 10 12 0.010073507
536 0 15 18 0.010072705
268 34 9 14 0.010068441
23 176 8 10 0.010068037
0 89 75 123 0.010066415
210 104 13 17 0.010066258
74 127 8 10 0.010060833
25 1011 10 10 0.010060684
802 297 125 174 0.010060188
920 73 7 11 0.010058545
489 800 10 13 0.010057222
985 708 36 27 0.010056113
600 0 21 18 0.010054791
956 145 23 38 0.010046045
998 183 19 23 0.01004593
979 46 8 10 0.010043414
834 98 10 13 0.010040035
836 0 11 9 0.010039933
706 837 132 167 0.010038177
843 55 11 14 0.01003591
78 6 10 14 0.010035743
55 52 9 10 0.010035297
637 395 11 13 0.010030359
50 799 9 12 0.010024882
817 7 8 10 0.010024733
905 0 36 35 0.010023833
272 107 23 30 0.010023493
578 66 91 121 0.010022121
271 111 9 11 0.010021368
466 52 23 28 0.01002101
84 173 9 9 0.01001544
97 94 8 12 0.010005567
483 689 118 178 0.010003874
53 152 19 26 0.010002019
324 101 7 10 0.0100016445
70 43 8 11 0.010000882
0 183 3 11 0.010000882