41_Swimming_Swimmer_41_376
280
453 103 203 275 0.8937496
0 0 140 180 0.041662466
827 0 197 178 0.041096833
810 443 214 240 0.038886387
299 161 12 15 0.037243515
0 0 90 119 0.03606771
425 0 251 230 0.03579056
0 463 139 220 0.034379575
273 113 102 137 0.03249996
595 0 251 177 0.030681726
572 77 239 318 0.030277891
275 0 244 173 0.02898965
789 216 235 364 0.028804578
26 456 258 227 0.028219897
25 0 260 192 0.027879963
807 88 217 340 0.02779264
462 0 181 133 0.02770224
429 282 261 327 0.027324447
191 465 262 218 0.027248431
581 440 289 243 0.027182328
319 97 211 267 0.027063651
341 475 267 208 0.025853805
693 0 209 150 0.025642006
328 497 48 68 0.025528057
857 40 167 235 0.024616785
519 0 215 152 0.02454192
925 0 99 93 0.024359338
633 0 168 108 0.024208415
371 0 212 153 0.024182677
238 0 167 130 0.024009397
200 74 221 287 0.023753038
0 60 159 367 0.023678822
138 0 213 153 0.023399428
420 16 68 61 0.022941398
937 603 87 80 0.022558518
299 526 190 157 0.022246879
515 310 265 324 0.022048542
482 192 251 312 0.021831077
0 211 153 357 0.021720326
399 249 191 233 0.021570195
543 523 192 160 0.02155171
212 0 221 244 0.021377994
0 33 101 245 0.021174503
463 529 189 154 0.020993898
695 512 208 171 0.020789532
497 265 170 185 0.020779252
151 527 187 156 0.020718943
532 99 62 59 0.02066056
376 0 128 86 0.020592375
683 97 248 317 0.020523656
269 323 251 317 0.020485526
503 66 151 204 0.020339126
0 192 102 249 0.019793965
22 133 250 358 0.019682257
382 357 186 221 0.019652557
0 585 81 98 0.019648436
467 0 84 52 0.019532457
0 0 56 73 0.01929025
522 0 141 96 0.019127993
637 52 159 220 0.019127041
522 203 150 179 0.01909999
445 0 139 88 0.01898886
426 87 159 206 0.018837431
24 294 242 344 0.018741196
113 383 262 300 0.01823245
308 51 173 219 0.018059455
505 0 98 64 0.017974561
191 235 245 322 0.017926378
0 351 96 241 0.017926186
424 0 99 64 0.01791156
47 0 140 99 0.017526366
897 531 127 152 0.017161056
663 297 302 369 0.017152106
270 163 12 12 0.017001204
155 236 157 244 0.01697059
301 160 8 11 0.016533393
915 308 109 208 0.016348533
979 0 45 51 0.016323617
273 94 29 21 0.016245503
297 163 9 10 0.016094893
173 55 177 223 0.016067455
48 36 202 261 0.016014013
576 0 116 78 0.015956521
624 359 194 236 0.015923757
729 0 137 99 0.015858207
134 0 133 92 0.015713198
311 287 170 214 0.015580573
700 31 204 260 0.01556195
907 223 117 202 0.015472278
711 274 194 240 0.015463076
984 637 40 46 0.015301367
339 133 46 64 0.015194837
355 0 99 64 0.01517834
283 97 15 11 0.015103736
587 113 143 193 0.015074768
842 0 144 106 0.015013492
177 194 72 124 0.014789136
230 363 181 225 0.014720424
260 83 56 40 0.014689039
451 0 54 36 0.014687947
293 162 15 16 0.014677806
636 198 160 214 0.014626512
147 358 177 226 0.014579956
629 0 93 63 0.014545627
726 201 148 187 0.014423659
902 402 122 231 0.014332316
826 109 14 18 0.014321276
30 570 161 113 0.014317414
669 0 93 64 0.014274287
834 327 164 227 0.014210143
699 0 113 81 0.01420369
1006 0 18 27 0.014189379
797 363 35 42 0.014181332
107 0 109 74 0.014010414
0 380 40 104 0.014003502
230 184 166 221 0.013981395
405 0 70 47 0.013921576
233 558 168 125 0.013889439
516 332 164 199 0.0138421925
294 0 123 79 0.013794452
575 280 100 121 0.01374434
633 563 172 120 0.013729684
286 124 12 9 0.013711504
33 351 164 225 0.013689442
1008 665 16 18 0.013678837
121 293 151 236 0.013540667
790 562 176 121 0.013481063
462 382 170 194 0.013468675
944 295 80 141 0.013402584
1000 657 24 26 0.013385793
541 99 110 114 0.01334124
938 394 86 157 0.013311001
273 125 68 88 0.013288546
70 0 96 63 0.0132822115
1019 0 5 15 0.013200382
774 371 19 24 0.013194811
176 297 109 158 0.013134298
0 138 86 196 0.013044096
117 450 149 178 0.01297837
15 600 120 83 0.012970041
161 0 70 48 0.012945428
295 423 118 132 0.01289318
832 240 167 225 0.012862016
636 288 169 213 0.012840174
26 0 100 69 0.012829235
285 154 65 94 0.012792466
92 0 140 129 0.012771225
398 564 169 119 0.012770407
871 366 41 57 0.012674417
748 0 94 64 0.012655175
743 138 14 10 0.012649171
144 182 118 229 0.012634376
738 361 181 228 0.012608076
779 0 116 81 0.012584174
435 197 162 185 0.012532351
354 135 55 62 0.012439996
516 422 178 212 0.012418508
452 551 21 30 0.0123673845
926 42 98 161 0.012348596
227 0 114 78 0.012299959
715 253 100 129 0.012265943
327 153 128 153 0.012262941
658 606 119 77 0.012258792
0 0 8 11 0.012234844
762 19 166 191 0.0122112
913 105 111 193 0.012209353
269 0 97 65 0.012205857
408 0 39 24 0.01219302
594 217 137 180 0.01218159
119 581 162 102 0.012181295
649 402 123 154 0.012142246
693 251 152 192 0.012140608
774 605 122 78 0.012130782
854 604 121 79 0.012128462
0 0 36 44 0.012101523
329 217 146 189 0.012098504
222 605 116 78 0.012078134
301 380 183 178 0.012031977
272 97 19 15 0.011963024
941 220 83 127 0.011958724
0 480 62 155 0.01194524
0 537 49 124 0.0119333165
124 390 129 180 0.011877638
871 210 29 19 0.011870115
684 144 145 189 0.011842351
326 502 33 44 0.011837555
0 411 45 122 0.01178318
202 0 70 49 0.011738107
343 415 181 184 0.011736514
578 606 117 77 0.011719063
864 0 99 70 0.011686647
492 96 109 104 0.011679328
183 0 114 75 0.011654299
182 224 51 76 0.011628769
635 447 154 197 0.011618518
268 165 9 10 0.011586494
758 147 157 201 0.0115810055
526 587 144 96 0.011564972
304 163 9 10 0.011552179
152 51 90 91 0.011545274
500 608 116 75 0.011540847
0 303 78 186 0.011530791
693 401 182 232 0.011529431
860 368 110 143 0.0115128495
506 0 54 33 0.011509465
435 94 98 136 0.0114694135
299 604 115 79 0.011457744
826 0 99 69 0.0114361085
772 272 120 147 0.01137273
100 613 111 70 0.01136442
280 448 143 186 0.011314663
541 320 104 120 0.011267644
276 176 56 54 0.011249628
176 68 52 44 0.011247052
1022 0 2 9 0.01123043
868 242 99 119 0.011136988
338 0 18 16 0.01113433
0 170 49 131 0.011121493
354 355 157 160 0.011112111
422 420 172 198 0.01111108
525 0 63 40 0.011102329
422 607 116 76 0.011092733
0 630 36 53 0.011080658
313 138 57 62 0.011058037
800 187 165 204 0.011025789
290 143 120 136 0.010970645
319 508 46 79 0.010966198
405 0 26 17 0.010955676
0 252 47 129 0.010942164
706 111 88 107 0.010919355
509 33 103 109 0.010897392
125 0 73 49 0.010889847
807 300 141 185 0.0108845625
361 83 61 51 0.01086296
709 22 97 128 0.010835708
384 191 124 156 0.010817822
252 70 90 91 0.010814939
722 569 104 113 0.010777157
188 0 58 39 0.0107724285
536 0 20 13 0.010755401
27 82 100 116 0.010749535
115 449 92 124 0.010733076
147 344 100 154 0.010723997
23 357 117 156 0.010716191
212 275 121 156 0.010712624
856 483 119 148 0.01067812
29 164 92 119 0.010674556
150 143 90 135 0.0105938045
576 391 146 188 0.0105816
688 39 139 175 0.010572895
556 0 78 50 0.010569287
205 367 102 126 0.01056127
776 366 113 139 0.010558769
145 75 49 60 0.010544508
155 0 49 33 0.010520705
145 616 108 67 0.010499635
323 494 80 104 0.010493415
804 66 157 193 0.010480272
0 613 5 12 0.010454121
447 15 61 59 0.010414509
387 558 21 27 0.010386236
0 0 18 23 0.010314792
1 72 85 129 0.010310227
38 272 142 197 0.010289814
862 354 67 91 0.0102331545
277 0 20 13 0.010216256
322 0 74 50 0.0101949405
241 0 74 49 0.010159225
943 0 20 15 0.0101269055
718 0 75 51 0.010105645
194 55 99 101 0.01010114
692 221 96 134 0.010094851
648 143 20 21 0.010087799
124 32 150 200 0.010087327
407 404 125 127 0.010071299
242 45 126 176 0.010055826
689 441 121 150 0.010027811
571 313 123 152 0.010011965
714 145 56 54 0.0100032585
198 70 55 56 0.010001248