41_Swimming_Swimming_41_240
676
415 393 186 246 0.8537917
408 140 129 180 0.7752969
404 251 183 276 0.08954838
931 656 40 52 0.06766412
779 726 53 65 0.053516723
654 462 86 111 0.053198893
6 259 41 46 0.04357115
708 402 40 48 0.041822817
766 0 258 260 0.038854737
0 0 208 257 0.035739534
462 326 194 271 0.034677308
269 339 229 285 0.034042183
762 719 262 305 0.03334044
0 0 107 137 0.033009607
439 112 208 264 0.03248973
693 386 64 75 0.031786837
0 685 205 339 0.031221276
940 664 22 26 0.03047613
406 183 288 414 0.030009855
600 418 119 150 0.029339483
983 628 18 22 0.029324973
913 0 111 140 0.028889116
955 936 69 88 0.028300658
374 512 223 294 0.028246742
409 0 375 255 0.027752664
0 0 68 90 0.027485697
0 881 105 143 0.027254876
342 408 48 58 0.027172618
443 0 190 147 0.027132064
51 0 375 263 0.02666658
920 894 104 130 0.026372766
711 416 27 30 0.026320765
418 711 378 313 0.025638228
705 367 62 73 0.025608912
364 450 192 218 0.02498566
0 926 68 98 0.024934065
534 385 120 167 0.024750758
761 136 263 490 0.02437604
399 0 158 110 0.024115767
560 305 89 79 0.024107356
173 704 367 320 0.024069907
796 747 40 54 0.023974784
443 115 134 173 0.023615131
567 454 68 100 0.023587571
337 0 284 213 0.02356136
382 511 20 25 0.02351214
81 0 203 147 0.023477105
563 0 201 154 0.023473581
516 0 160 118 0.023411438
542 406 186 239 0.023281181
470 0 133 92 0.022907434
451 186 119 137 0.022706017
195 0 306 204 0.022596462
285 909 59 59 0.02253273
715 864 230 160 0.022458952
924 643 59 84 0.022329645
718 410 26 31 0.022148384
390 176 93 123 0.022059685
922 72 56 67 0.022027427
768 373 256 468 0.021965336
258 493 141 165 0.021955691
600 870 242 154 0.021937175
581 426 75 107 0.021867076
691 779 34 47 0.021759398
29 0 170 123 0.021713886
700 340 93 113 0.021707665
518 857 151 167 0.02169638
267 0 190 138 0.021657322
799 717 41 54 0.021621052
672 0 209 153 0.02160217
608 477 119 140 0.021531753
936 959 35 47 0.02133509
499 325 137 169 0.021323195
155 0 168 119 0.021318391
923 642 38 52 0.021290341
525 447 115 168 0.021216447
931 635 18 21 0.021099476
129 228 172 242 0.021082813
579 370 86 96 0.020769706
55 498 346 461 0.020763887
909 43 82 112 0.020694127
684 472 94 119 0.020678472
324 759 311 265 0.020605747
957 560 67 190 0.020538844
902 396 122 303 0.020442542
293 137 150 193 0.020362638
645 0 144 102 0.02033898
505 146 67 110 0.020243265
944 631 45 60 0.02020821
795 735 32 47 0.019869477
135 870 216 154 0.0198554
16 865 214 159 0.019826375
218 0 166 114 0.019783385
963 0 61 76 0.019743301
253 874 212 150 0.01972857
217 526 113 138 0.019641934
961 617 31 37 0.019628545
185 375 100 120 0.019592075
945 665 25 34 0.019454053
886 210 138 317 0.01939343
1 1003 18 20 0.01932874
446 507 148 152 0.019324532
570 918 178 106 0.01921744
823 61 201 335 0.019146934
669 393 98 141 0.019016314
805 915 162 109 0.01900364
91 397 295 385 0.018996313
689 913 180 111 0.01893375
924 581 100 274 0.01889381
149 130 184 237 0.018745225
551 196 18 23 0.018697359
827 322 197 330 0.01862593
0 355 206 497 0.018583879
867 657 21 28 0.018577754
350 0 133 89 0.018505575
478 923 145 101 0.018494576
567 759 319 265 0.01848313
57 41 354 445 0.018442279
0 0 7 9 0.018269544
350 566 134 163 0.018167205
380 875 212 149 0.018139571
538 284 124 167 0.018074904
782 676 65 97 0.018058643
0 701 115 264 0.017952861
668 9 356 467 0.017931065
827 578 197 314 0.017927753
571 450 110 150 0.017907891
901 714 21 26 0.017799601
489 55 195 253 0.017781597
0 158 153 271 0.017778777
15 266 27 30 0.017773127
748 0 176 123 0.017708754
224 927 148 97 0.01769254
0 241 316 476 0.017686697
711 362 119 159 0.017640283
898 697 30 42 0.017567413
6 237 42 53 0.017535668
615 0 221 244 0.017518142
442 501 281 348 0.017492933
518 258 354 447 0.017432157
0 109 206 499 0.017428312
225 389 169 219 0.01740379
588 330 228 293 0.017355703
0 44 115 274 0.017241789
573 814 149 179 0.017076386
820 0 167 129 0.016982712
718 440 118 152 0.016930373
934 668 20 25 0.016872952
643 806 150 182 0.016781416
715 288 122 155 0.016770763
0 582 115 277 0.01671174
0 282 110 266 0.016709933
203 531 294 377 0.016670398
704 422 26 29 0.01661694
260 410 74 96 0.016615603
928 710 96 272 0.016568413
890 29 120 174 0.016559303
20 497 140 188 0.016554352
343 929 146 95 0.016525941
332 384 17 20 0.016477833
962 627 37 48 0.016461458
0 399 115 272 0.01644567
89 901 188 123 0.016434444
684 407 57 61 0.016417356
599 396 76 105 0.01638375
0 264 71 181 0.01637504
946 142 78 203 0.01636229
668 538 336 430 0.016334355
374 407 118 179 0.01633238
546 0 367 379 0.016313309
190 306 120 166 0.01629427
715 499 79 102 0.016279556
731 439 35 44 0.016272686
221 388 97 118 0.016250396
244 201 226 301 0.016231067
924 56 100 244 0.016150841
172 359 147 192 0.016116837
812 706 37 54 0.016095579
722 418 26 33 0.016080627
0 794 72 185 0.016070977
960 681 20 26 0.016057469
488 414 127 171 0.01601378
561 400 79 113 0.015955552
601 211 226 308 0.015950466
559 307 176 250 0.015923342
0 980 7 18 0.015910428
157 293 50 60 0.015824294
120 307 246 314 0.015808152
937 255 87 214 0.015796717
0 228 67 92 0.015743695
408 927 145 97 0.01573431
0 656 52 111 0.015707923
760 626 109 130 0.01568657
958 799 66 192 0.01567688
611 853 20 27 0.01565814
870 712 20 28 0.01564168
943 669 13 16 0.015591808
0 24 74 180 0.015587589
422 218 104 136 0.015579324
544 823 109 150 0.015572203
765 743 60 65 0.015543493
957 682 67 195 0.015525929
495 181 184 240 0.015496386
189 132 337 456 0.015460345
886 649 18 23 0.015358152
717 392 41 47 0.0153363915
0 967 34 57 0.0152143175
972 625 27 33 0.015210323
0 648 16 39 0.0151677355
0 683 72 189 0.01514676
255 64 253 330 0.015132637
526 149 127 167 0.015130627
409 444 122 162 0.015128366
736 326 136 176 0.015107744
930 639 13 14 0.015065756
822 703 57 70 0.015064902
61 636 217 278 0.015058015
854 709 62 71 0.014963787
524 951 89 73 0.014922709
875 665 18 24 0.014858279
336 224 182 256 0.014853614
433 197 80 110 0.014802195
201 731 139 190 0.014775412
897 708 20 26 0.014739569
899 666 51 66 0.014730354
108 75 183 235 0.014712035
584 339 80 88 0.014708408
0 382 71 181 0.01469413
590 476 67 99 0.014659607
61 0 54 50 0.014622763
742 391 130 178 0.014592555
968 646 56 134 0.014531604
297 580 127 157 0.01451278
316 640 187 237 0.014506693
426 107 93 147 0.014492768
365 55 155 223 0.014487439
128 694 226 288 0.0144564845
733 268 230 304 0.014430706
275 425 40 45 0.014424574
750 710 97 109 0.014419964
276 606 179 222 0.014418388
690 480 53 75 0.0144087095
704 473 31 38 0.014388964
0 226 98 156 0.014384736
574 331 123 151 0.014342295
0 640 27 53 0.014331472
199 101 165 206 0.014305043
490 172 70 115 0.014299953
884 715 35 41 0.014298904
936 652 23 30 0.014290834
932 627 80 113 0.014288273
128 374 130 165 0.014284658
130 863 45 59 0.01428412
654 505 112 143 0.014278945
385 676 96 112 0.014198842
565 43 203 263 0.014175303
246 422 106 152 0.014135191
151 23 179 220 0.014132746
191 463 124 160 0.014016899
0 1013 16 11 0.013965352
812 250 168 213 0.013951655
0 562 68 185 0.013937502
950 666 16 23 0.013914224
303 537 106 143 0.013887917
611 358 63 88 0.013848122
645 411 84 119 0.013846066
344 969 85 55 0.013825684
62 742 234 282 0.0138205215
316 490 121 154 0.013729676
679 723 185 226 0.013679774
712 404 26 32 0.013675467
176 258 114 151 0.013639113
1019 1009 5 15 0.013634318
320 0 26 18 0.013587337
1000 0 24 43 0.013585951
12 387 130 173 0.013583815
596 485 34 62 0.013580424
0 0 43 58 0.013549905
518 101 28 28 0.013538751
131 305 119 158 0.013519765
328 676 75 87 0.0134912
871 652 24 29 0.013458162
541 21 90 117 0.013454729
213 518 182 231 0.013415101
786 732 31 42 0.013412181
698 694 143 170 0.013410599
920 0 79 74 0.013401187
308 941 116 83 0.013392247
730 657 203 260 0.013384591
913 659 39 50 0.013383634
770 446 123 165 0.013379507
703 806 142 183 0.013375733
302 0 109 82 0.013267541
483 807 121 175 0.013242258
451 592 165 205 0.013196876
923 676 38 54 0.013184582
946 652 23 32 0.013161065
0 263 58 97 0.013157835
536 220 123 159 0.013149472
234 555 118 155 0.013146722
341 0 155 173 0.013116869
827 0 59 53 0.013097354
806 810 155 196 0.0130969165
814 725 63 74 0.013093444
102 654 136 179 0.01307462
713 417 57 68 0.013072434
864 664 17 22 0.013068852
976 238 48 125 0.013063886
909 646 16 19 0.013051716
604 844 34 48 0.013016126
571 305 61 49 0.012986725
615 89 210 280 0.012985787
982 719 42 107 0.012984544
258 970 78 54 0.012973871
79 410 200 260 0.012962783
404 627 136 163 0.012955823
852 845 172 179 0.012952253
742 240 131 177 0.01294364
12 229 33 38 0.012935118
745 179 199 250 0.012919785
700 387 42 51 0.012911466
934 629 18 23 0.0128907105
16 276 25 33 0.012885693
690 963 26 28 0.012876913
610 0 117 114 0.012852856
170 408 87 98 0.012852461
876 654 97 124 0.012846731
922 636 20 21 0.012823694
717 427 25 29 0.012822223
710 426 41 45 0.012821943
150 517 128 152 0.012791054
989 632 13 16 0.012784782
75 506 141 177 0.012779826
523 532 132 153 0.012742592
608 489 33 50 0.012739569
623 359 37 47 0.012715021
467 562 128 140 0.012703689
696 857 95 125 0.012679867
178 157 119 160 0.012671669
439 656 195 253 0.012654008
901 626 57 78 0.012631393
5 262 27 29 0.012592433
0 514 83 157 0.012583834
560 705 207 254 0.012525778
944 650 54 65 0.012523717
0 0 13 13 0.012515095
20 82 245 332 0.012511607
241 433 69 91 0.012499755
878 646 21 23 0.012497714
664 259 112 154 0.012486172
926 628 20 23 0.012445151
271 406 19 21 0.01244204
0 679 31 70 0.012425537
570 510 118 151 0.012418044
1009 0 15 29 0.012389116
54 243 17 20 0.012362284
295 445 113 153 0.012354441
571 279 130 124 0.012339059
299 209 121 161 0.012331296
620 547 125 149 0.012321647
284 556 87 110 0.01231954
42 454 142 175 0.012312654
809 648 100 127 0.012310527
900 739 51 61 0.012263466
923 14 39 41 0.012257501
935 664 17 21 0.012242906
787 625 66 89 0.012240564
387 131 86 124 0.012240502
305 916 34 39 0.012223863
982 626 12 17 0.012214643
552 182 12 12 0.012206167
25 601 185 248 0.0122056315
947 673 11 18 0.012183835
330 387 13 14 0.012164611
877 656 54 76 0.012164505
759 730 52 57 0.012141914
938 92 48 60 0.012126795
860 714 114 146 0.012104387
934 640 18 23 0.012101324
874 731 65 72 0.0120964125
730 411 22 25 0.012083749
686 420 19 22 0.012073589
828 42 144 189 0.012065084
329 407 109 175 0.012058952
652 173 124 170 0.0120583875
798 657 68 85 0.012034051
842 701 52 62 0.012032733
570 543 298 358 0.012031368
904 668 16 20 0.012026291
691 413 33 32 0.012012283
908 718 18 27 0.011992998
992 746 32 43 0.01198048
627 397 70 92 0.011979818
12 256 26 30 0.011978194
613 397 49 61 0.011958139
239 848 119 145 0.011937813
69 0 39 29 0.011899903
981 813 43 116 0.011899381
532 28 138 174 0.011898451
881 686 45 59 0.011897335
429 258 75 85 0.011893304
502 189 109 148 0.011888735
475 228 78 107 0.011876022
692 140 154 193 0.011873607
674 605 199 246 0.011865219
895 664 109 157 0.011851277
682 320 85 109 0.011848073
901 79 67 80 0.01184716
229 347 72 94 0.011830601
642 693 139 165 0.01182447
894 716 20 26 0.011821991
593 575 123 155 0.011807265
63 524 206 275 0.011791139
396 352 126 195 0.011776923
320 962 34 42 0.011757272
640 0 29 23 0.01174216
552 201 13 15 0.011733632
141 380 88 107 0.011710739
592 633 131 158 0.011704059
846 606 92 122 0.01168752
954 485 70 171 0.0116834855
229 680 136 184 0.011670216
530 833 76 102 0.011664949
147 298 64 92 0.01166296
212 0 112 80 0.011650552
744 440 195 257 0.011650499
855 722 39 51 0.011649486
688 210 121 175 0.011637378
855 710 36 41 0.011633588
617 960 94 64 0.01163253
36 0 107 81 0.011616501
869 582 61 85 0.011616371
468 360 121 160 0.0115784295
879 189 127 176 0.011574886
200 773 190 241 0.011558302
454 177 73 106 0.011555373
28 718 135 180 0.011553822
981 634 15 20 0.011550484
890 708 20 25 0.0115348715
591 747 137 168 0.011532349
871 484 117 161 0.011526512
873 704 20 29 0.011492478
863 621 60 80 0.011491509
925 66 37 52 0.011474637
973 186 51 125 0.01146751
1006 996 18 28 0.0114569
615 544 188 232 0.01145431
393 672 158 200 0.011448063
383 497 29 40 0.011442988
546 378 83 90 0.011442837
628 213 117 155 0.011442209
685 746 63 77 0.011441136
29 231 174 234 0.011439817
893 652 13 17 0.011436919
220 282 130 156 0.011423233
879 670 12 16 0.011398545
263 734 135 183 0.011397533
635 329 110 141 0.01139168
729 591 112 138 0.011383953
740 658 95 116 0.011364665
941 365 83 173 0.011358184
941 677 24 34 0.011356966
1021 0 3 21 0.011334085
475 248 127 137 0.011331515
26 592 129 165 0.011330825
817 621 149 195 0.011329668
359 419 40 44 0.011309348
794 320 139 187 0.011308392
237 418 22 22 0.01130418
799 755 27 32 0.011302911
959 109 65 149 0.011301699
414 559 131 152 0.011300939
985 78 39 85 0.011299839
233 0 27 19 0.011290707
775 169 130 178 0.011280311
556 503 76 111 0.01127567
134 181 125 167 0.011270341
314 310 99 114 0.011255029
219 564 71 87 0.0112512065
479 293 133 149 0.011244691
31 139 155 202 0.011238401
387 715 196 252 0.011236771
923 22 19 31 0.011235581
173 803 132 174 0.011226388
324 418 68 86 0.011219061
8 548 108 155 0.0112103
940 674 13 17 0.011192466
23 858 68 88 0.011175047
124 0 112 83 0.011169039
863 535 84 113 0.011167153
523 955 47 60 0.011165993
229 1007 15 17 0.011162038
691 339 202 263 0.011149631
690 422 21 24 0.011138912
808 731 40 56 0.0111381635
262 148 120 166 0.011136107
777 356 28 34 0.011130389
622 499 20 25 0.011127427
215 415 49 68 0.011127272
758 65 163 204 0.01111697
0 766 59 139 0.011114432
256 431 57 54 0.011112102
938 638 16 16 0.011111456
29 929 121 95 0.011110969
801 755 134 164 0.011106211
719 943 105 81 0.011099553
654 287 17 24 0.01109716
280 959 91 65 0.011085653
726 362 51 61 0.011076824
105 573 128 166 0.011046157
251 466 61 80 0.011043355
327 686 128 149 0.011038037
287 434 25 31 0.011030435
497 847 87 98 0.011016779
844 655 19 22 0.010996038
696 417 20 24 0.010992953
811 430 157 199 0.0109801525
568 172 186 255 0.010978208
473 126 75 98 0.010967798
592 148 135 175 0.010962199
912 640 17 21 0.010957741
760 784 144 175 0.010957185
190 0 15 10 0.010949649
0 355 77 124 0.0109479455
805 521 185 257 0.010936549
663 887 103 124 0.010929646
19 979 12 16 0.010920915
193 432 102 130 0.010915853
923 1010 44 14 0.010899945
0 451 87 158 0.010893425
877 673 18 21 0.010892167
693 548 111 145 0.010890064
38 320 142 187 0.010879338
528 659 137 158 0.0108787995
220 302 67 91 0.010873129
954 678 19 25 0.010869813
929 964 52 60 0.010851002
749 0 111 85 0.010832733
831 154 137 177 0.010829413
994 0 30 104 0.010824176
0 1005 13 15 0.010820644
296 803 119 159 0.010808501
954 50 70 148 0.010798208
76 705 136 186 0.0107934745
432 881 60 82 0.0107875345
813 704 113 135 0.010783442
102 829 100 132 0.0107710995
370 662 83 91 0.010769552
974 286 50 128 0.010765455
911 709 19 30 0.01075555
226 419 67 75 0.010749032
953 658 24 32 0.010739181
0 826 14 41 0.010738948
0 661 9 22 0.010734182
1 1007 33 17 0.0107291
855 917 37 43 0.010727575
851 664 81 106 0.010724102
951 673 29 40 0.010713418
535 291 84 82 0.010713226
135 605 204 253 0.010707873
116 464 125 155 0.010702459
402 997 19 23 0.010699897
348 429 37 45 0.010696
654 577 124 149 0.010693741
0 118 28 54 0.010681991
816 617 84 103 0.010665553
100 251 124 162 0.010661049
68 410 71 98 0.010657346
647 82 134 182 0.010636787
675 892 18 24 0.010631205
803 505 107 144 0.010624373
160 108 110 150 0.010614812
859 687 36 44 0.010608164
784 579 36 52 0.0106055485
578 964 98 60 0.010593151
575 0 109 80 0.010590128
328 738 71 103 0.0105537
458 267 80 92 0.010538255
711 376 42 48 0.010533617
444 1013 37 11 0.010514501
820 953 89 71 0.010512038
997 981 27 43 0.010508078
779 757 51 71 0.010505548
504 528 98 113 0.010503729
928 673 20 25 0.010498676
259 668 20 25 0.010494466
326 0 16 12 0.010489197
907 554 101 151 0.010483837
864 708 19 28 0.010483828
555 189 20 26 0.010483278
0 276 38 49 0.010475464
378 513 16 20 0.010474597
604 826 62 83 0.010473779
525 250 92 102 0.010458746
274 895 92 105 0.0104578035
406 0 85 64 0.010457565
468 698 132 166 0.010451683
927 0 15 9 0.010447277
784 683 19 28 0.010428789
273 258 118 144 0.01042486
718 766 116 148 0.010422356
178 941 16 20 0.010421894
618 429 77 103 0.010420191
856 863 14 17 0.010413061
872 648 17 22 0.010396696
909 636 34 44 0.010396611
512 747 166 199 0.010385463
843 661 29 32 0.0103696985
811 0 109 80 0.010366322
340 0 89 63 0.010361063
227 298 52 55 0.01034632
385 518 12 16 0.0103454795
548 202 19 28 0.010337895
757 330 90 110 0.01030826
356 425 27 32 0.010307962
877 717 18 25 0.010297221
849 0 68 52 0.010295862
293 313 81 94 0.010288485
784 691 41 64 0.010272494
869 250 106 146 0.010268279
341 609 81 80 0.010258728
197 0 15 10 0.0102505
74 23 138 181 0.010242683
45 78 132 184 0.010237334
702 482 157 197 0.010222029
839 709 36 44 0.010207155
253 0 92 64 0.010205945
945 332 39 47 0.010204538
348 177 91 124 0.010203267
874 657 28 34 0.010201889
872 721 41 48 0.010200201
610 473 81 97 0.010197245
6 0 15 10 0.010186873
345 694 49 59 0.010179506
727 398 48 60 0.010172325
181 670 133 168 0.010164949
750 253 38 54 0.010164111
261 880 80 94 0.010158309
699 440 20 21 0.010157579
240 786 114 151 0.010157341
939 703 21 26 0.010154263
926 730 21 27 0.010150426
849 0 14 10 0.010145052
941 755 18 22 0.010137125
357 323 67 86 0.01013691
83 431 130 159 0.01013605
513 104 36 45 0.01012596
224 202 133 173 0.010125644
929 50 48 61 0.010122486
120 371 18 19 0.010119356
853 772 130 179 0.010105871
0 600 45 121 0.010099378
708 88 135 174 0.010094539
250 962 20 24 0.010086425
17 245 25 33 0.010085263
709 757 70 91 0.010077725
212 597 118 157 0.010076144
1014 1008 10 16 0.010066635
738 526 69 92 0.010060812
1023 0 1 17 0.0100585325
863 668 11 15 0.010057044
120 372 32 42 0.010047043
226 681 77 102 0.010046115
739 757 73 91 0.010045755
528 163 63 92 0.01004437
362 689 45 55 0.010043823
280 0 32 19 0.010042896
668 835 97 121 0.010040168
346 738 137 174 0.010035739
460 767 123 167 0.010026052
919 82 35 41 0.010021745
530 176 39 62 0.010018752
931 86 35 43 0.010016571
756 499 89 110 0.010014366
183 0 15 10 0.010009461
774 578 125 157 0.010008505