41_Swimming_Swimmer_41_449
3671
643 288 48 37 0.68766415
766 283 53 49 0.35494417
956 213 56 53 0.27387202
908 251 12 14 0.22095127
838 280 27 32 0.16864216
785 295 40 34 0.15043421
794 656 42 22 0.14897941
860 345 38 63 0.14730535
804 613 20 29 0.12080378
488 279 16 18 0.11965151
792 614 35 51 0.11550591
968 616 27 35 0.10969639
987 270 31 35 0.10778588
860 206 81 91 0.10729569
1006 156 18 40 0.106495775
652 297 28 24 0.10602903
903 252 20 20 0.10204672
969 204 51 47 0.09921237
958 229 41 47 0.09591438
985 204 31 29 0.095285535
864 317 48 69 0.09299312
683 583 35 52 0.09196684
997 166 27 53 0.09134973
946 3 54 55 0.091193296
921 297 30 41 0.091017656
844 340 45 53 0.09089365
954 195 45 52 0.09060219
980 358 44 67 0.090449385
774 271 77 71 0.08957371
830 269 33 36 0.08856017
768 163 35 36 0.08744168
686 492 35 47 0.087111786
1006 293 18 27 0.08620345
813 659 23 16 0.0839767
933 371 29 39 0.083284646
996 138 28 62 0.08216508
840 586 35 45 0.08176851
949 296 30 39 0.08157204
908 0 43 33 0.07937388
797 441 30 42 0.079281606
845 359 48 61 0.077614605
714 585 38 51 0.07754036
846 0 46 31 0.076865524
817 14 10 11 0.07655711
867 263 23 30 0.07641957
1003 350 21 54 0.072771184
546 272 36 42 0.0726404
1008 201 16 45 0.07141833
841 356 29 37 0.07139371
492 306 29 28 0.069943756
835 0 24 18 0.06983174
978 16 25 27 0.06959693
883 237 55 63 0.06939382
977 431 32 40 0.06930875
850 571 38 51 0.06886529
868 374 26 45 0.0688602
811 337 29 35 0.06872483
822 629 33 34 0.06822619
300 14 95 124 0.06807165
675 305 17 15 0.06652719
761 151 33 41 0.066267505
969 141 55 88 0.06595421
853 633 21 23 0.06591027
809 636 43 37 0.065865055
760 244 64 84 0.06535348
811 282 48 44 0.06512759
817 206 28 32 0.06429778
952 214 34 32 0.06427741
769 168 47 55 0.0638436
781 206 48 61 0.063780665
794 199 43 51 0.0633678
972 209 37 26 0.06293691
872 308 48 48 0.062814824
763 291 35 31 0.062707454
818 599 35 44 0.06252008
631 274 75 67 0.062460408
812 341 45 50 0.062342394
752 4 23 29 0.062141143
909 253 24 22 0.062127907
976 449 48 95 0.061475456
777 126 15 20 0.061318196
721 608 26 30 0.061241943
547 291 31 33 0.06083888
838 665 28 13 0.06081216
933 296 34 41 0.060594767
841 287 32 40 0.06047977
782 632 49 46 0.060299177
1007 135 17 41 0.060175613
873 349 29 44 0.060044516
777 154 43 46 0.059155785
962 249 30 30 0.05868956
885 316 31 33 0.058371942
977 107 47 86 0.058221433
839 0 34 22 0.05816155
762 135 31 41 0.057962038
760 272 46 45 0.057956062
1002 296 22 48 0.057875436
987 19 16 19 0.057771873
832 338 39 47 0.05746288
940 219 53 65 0.057217326
685 560 51 62 0.05703651
861 365 45 64 0.05685912
826 278 29 33 0.05684066
873 351 43 62 0.056623075
304 33 55 76 0.056343943
660 281 45 34 0.056191277
767 136 44 56 0.055938642
966 1 30 31 0.055915456
964 254 16 20 0.05531614
812 612 38 45 0.055274066
806 624 32 40 0.055251192
882 475 142 203 0.05522398
1003 211 21 56 0.05498515
31 0 20 21 0.054561753
766 123 41 45 0.054544944
997 283 25 29 0.054095257
803 262 77 69 0.05388614
719 599 41 52 0.053754695
836 630 35 32 0.05369552
488 277 11 15 0.053504545
854 553 42 56 0.053311273
901 237 36 38 0.05320173
314 61 28 33 0.052486047
965 225 53 69 0.052240744
691 0 61 48 0.052137874
824 651 51 27 0.0521234
851 236 59 61 0.051913373
988 488 36 70 0.051799685
731 622 37 51 0.051448513
655 299 14 13 0.05136669
783 182 45 61 0.051226232
949 287 26 33 0.051050816
904 245 45 58 0.05100624
861 285 64 81 0.050920952
974 9 13 15 0.05060855
1000 146 12 19 0.05031116
843 261 37 40 0.04995803
961 10 32 32 0.049928095
657 289 22 25 0.049773194
780 291 27 29 0.049618494
795 618 72 60 0.049530976
909 247 19 20 0.049491186
299 32 44 45 0.04925689
898 295 40 48 0.049032085
866 248 35 45 0.04892087
298 2 63 72 0.048748057
251 1 100 97 0.048676766
645 302 29 30 0.04857313
822 1 55 49 0.04818338
952 0 32 34 0.04815717
808 367 44 52 0.048100524
808 606 21 29 0.048002113
962 214 37 26 0.04793016
918 368 40 53 0.0476134
923 286 22 39 0.047270477
829 364 43 50 0.047228344
795 283 42 40 0.04719599
922 0 32 22 0.04716444
833 281 69 78 0.047014594
892 262 45 54 0.046743546
907 245 12 17 0.046581034
32 138 36 48 0.046546042
44 151 18 16 0.046541158
277 0 63 59 0.046529204
994 211 26 33 0.046394236
712 559 43 41 0.046293832
798 608 22 27 0.046256576
824 263 30 33 0.04618876
690 595 48 60 0.04618038
915 1 51 46 0.046145122
491 264 38 40 0.046036094
978 254 46 66 0.04594148
858 638 11 14 0.045868684
910 275 42 55 0.045842417
960 15 44 58 0.045839272
779 1 35 41 0.045714412
843 191 27 40 0.04567158
756 295 53 54 0.045492727
910 255 12 14 0.045389477
827 198 31 35 0.04533274
814 579 48 58 0.04526849
754 162 42 48 0.04526442
842 0 13 11 0.045239896
817 241 81 77 0.045000393
1011 171 13 47 0.044804327
899 250 18 16 0.044673715
762 299 67 77 0.044567846
974 435 41 60 0.04446492
483 122 32 51 0.044460155
664 298 28 23 0.04445336
782 449 38 53 0.044410508
485 273 24 30 0.044390228
486 277 34 39 0.044353712
696 139 26 35 0.044225667
999 113 25 55 0.04402313
360 184 95 110 0.043590784
1009 291 13 19 0.043392796
971 179 45 58 0.043254707
897 210 53 69 0.043164726
818 653 23 21 0.04310097
817 301 69 78 0.043029618
421 152 40 67 0.04299869
888 0 62 50 0.042878475
1011 279 13 33 0.042741094
909 0 32 18 0.042652596
909 256 9 10 0.042533547
952 202 23 37 0.042450115
859 536 49 53 0.042426385
855 276 33 39 0.04239837
806 222 137 146 0.042366907
18 0 51 47 0.04213228
886 278 59 73 0.04206082
811 356 28 39 0.04195775
793 298 61 67 0.04193273
976 429 25 27 0.041878745
643 7 51 59 0.04183892
660 305 14 16 0.041520808
743 610 43 55 0.041375346
840 333 28 34 0.041363087
549 303 30 33 0.041223396
842 316 42 50 0.040955808
319 39 103 131 0.040918946
737 266 73 68 0.040886868
859 385 31 42 0.04083908
907 562 47 50 0.040631324
806 445 19 27 0.040563006
671 298 15 17 0.040533975
811 322 41 43 0.040512227
997 191 25 38 0.040499095
801 268 43 46 0.04049574
897 250 35 35 0.040475912
707 607 44 57 0.04033157
799 177 47 56 0.040316273
836 206 67 75 0.04027809
917 253 24 26 0.040176064
852 631 32 40 0.04009921
491 300 46 40 0.03978941
682 306 16 14 0.03972852
871 303 24 26 0.039689284
960 622 37 44 0.03968213
831 575 53 69 0.03967857
964 609 60 69 0.03964173
816 8 41 48 0.03962853
1000 369 24 59 0.039451778
57 50 44 59 0.039306294
688 296 21 26 0.03912557
819 665 15 12 0.038904306
781 304 31 32 0.038784184
792 537 201 141 0.038778882
797 385 45 50 0.038777843
655 591 32 54 0.03877075
758 293 20 25 0.03872404
659 295 15 14 0.038698226
790 143 37 49 0.03868863
973 15 18 21 0.03855418
826 610 41 52 0.038357522
868 330 31 47 0.038308397
766 226 125 112 0.038217854
547 281 52 48 0.03818253
920 13 25 36 0.03813835
337 0 100 95 0.037936
935 1 43 39 0.037902102
997 595 27 51 0.037864506
976 252 21 23 0.037713274
0 28 21 26 0.037678774
955 362 60 72 0.037648104
830 628 64 50 0.037500545
58 331 35 47 0.037473217
926 482 49 61 0.03747122
768 657 47 21 0.037415024
1010 117 14 39 0.03740422
991 396 24 31 0.037349116
781 231 52 69 0.0373237
972 501 52 85 0.037294555
858 305 42 48 0.037173305
1011 151 13 29 0.03716159
998 0 26 40 0.037117977
884 355 57 74 0.037115235
712 214 80 100 0.037108947
991 542 33 67 0.037081275
953 307 31 39 0.037075892
718 49 239 363 0.036960304
681 573 28 44 0.03664381
660 2 34 41 0.036636338
770 128 19 27 0.03663562
717 0 56 49 0.036626745
870 257 50 55 0.036581174
724 571 41 51 0.036537275
782 664 37 14 0.03644205
810 190 44 55 0.036400814
639 299 44 52 0.036310513
708 590 21 34 0.0363099
695 582 32 43 0.036309168
841 305 25 33 0.036134142
877 384 23 36 0.036090795
564 0 52 50 0.035848677
946 494 78 145 0.03584156
463 115 21 24 0.03580668
843 299 37 48 0.035790645
908 82 116 225 0.035715245
679 302 25 21 0.03567406
510 262 36 46 0.035654917
181 0 19 15 0.0355289
971 21 13 14 0.035517316
940 251 60 80 0.035467416
742 448 66 82 0.03544181
951 224 34 42 0.035375725
912 264 29 37 0.035320826
1012 234 12 39 0.035266783
973 0 18 20 0.035266258
996 570 28 57 0.035122905
946 456 67 90 0.035108455
909 292 50 61 0.035008296
835 0 13 9 0.034967884
1012 299 12 25 0.034813456
979 224 37 39 0.034801304
999 321 25 70 0.034710094
491 287 12 13 0.03452101
882 323 44 58 0.034465045
761 133 67 83 0.034397054
620 0 51 49 0.0343737
270 24 77 113 0.03429411
0 0 64 81 0.034282193
883 305 31 32 0.0342752
673 592 33 52 0.034256298
294 53 49 52 0.03417348
824 177 41 49 0.03415649
939 361 33 43 0.034147594
794 418 38 51 0.034032047
873 238 43 44 0.034020048
894 238 26 29 0.034010973
833 374 51 60 0.033974793
321 50 26 37 0.033957835
912 251 9 11 0.033946034
435 159 49 62 0.03393654
652 302 15 13 0.033930358
950 115 37 48 0.033842433
878 283 42 48 0.03382993
989 451 35 56 0.033818144
988 283 36 69 0.033806644
817 1 37 34 0.033767946
921 591 88 87 0.033665955
860 291 27 32 0.033654585
325 0 52 55 0.033654574
922 302 18 29 0.033567395
886 582 81 92 0.03347268
701 206 63 73 0.033434246
914 278 26 38 0.033404663
195 0 168 155 0.033350326
968 401 56 81 0.033340096
795 310 38 45 0.033182383
699 133 37 46 0.03317842
943 18 49 64 0.033108264
0 24 31 43 0.033094604
783 617 32 41 0.03304104
970 247 34 36 0.033036295
672 290 27 26 0.03302415
814 520 47 54 0.03298153
830 317 37 45 0.03297834
867 0 52 39 0.032976363
872 0 31 24 0.032881454
1004 266 20 41 0.032870013
951 107 59 67 0.03275204
411 172 43 57 0.032737054
892 256 27 31 0.032707177
923 358 58 71 0.032640055
749 492 28 31 0.03249165
1012 365 12 40 0.032469057
24 0 34 32 0.032424428
300 0 48 45 0.032386735
981 384 32 39 0.032383922
716 615 26 32 0.032337297
723 618 28 39 0.032332156
764 192 47 60 0.032319155
886 228 41 45 0.03231595
957 287 36 44 0.032294765
931 195 24 36 0.03227112
814 13 22 28 0.032221884
0 0 21 22 0.032144908
808 664 21 14 0.03211265
883 589 47 63 0.032039456
748 208 69 102 0.031979084
925 283 51 60 0.031951927
982 215 29 28 0.031878997
248 30 76 89 0.03185637
1015 211 9 36 0.031794596
37 139 25 30 0.031731132
745 5 33 43 0.031622835
849 380 31 40 0.03158758
1002 494 22 50 0.031468835
973 607 28 36 0.031268895
945 213 22 30 0.031267013
788 190 129 124 0.031219264
45 0 25 22 0.031096833
798 668 25 10 0.031067334
887 20 51 66 0.030991489
548 252 49 53 0.030946348
796 223 58 72 0.030921137
874 292 30 33 0.030915556
810 272 28 32 0.030905023
811 663 41 15 0.030726833
984 639 40 39 0.030668989
812 621 15 26 0.030653454
1001 144 20 26 0.03064989
854 420 22 25 0.03064413
956 17 8 9 0.030637035
4 65 31 28 0.030571569
933 236 47 64 0.030550832
915 545 60 62 0.030536741
796 275 30 33 0.030470133
1016 182 8 41 0.030456094
863 222 46 50 0.030405309
959 1 18 22 0.030361073
829 17 46 54 0.030272154
833 362 26 30 0.030195141
243 51 34 46 0.030138467
911 0 16 9 0.030123198
342 0 65 61 0.030061623
965 258 11 13 0.030042935
852 397 36 46 0.0300323
806 451 26 38 0.029995251
909 26 40 58 0.029994907
964 0 20 17 0.02996514
972 0 52 53 0.029947072
777 128 44 52 0.029913263
1014 162 10 22 0.02979857
495 279 12 14 0.0297649
274 29 56 60 0.029762
826 192 46 57 0.029711494
661 301 16 15 0.02970525
974 15 10 11 0.029702995
942 277 28 31 0.029699128
948 655 60 23 0.029617604
774 122 14 19 0.02953703
862 310 25 29 0.029484928
820 16 9 10 0.029448787
304 60 71 121 0.02942438
675 281 27 24 0.029295633
962 8 11 14 0.029256392
794 3 45 45 0.029245012
756 296 29 34 0.029240152
996 467 28 60 0.029239707
861 0 18 18 0.029225826
878 608 59 70 0.029180411
703 0 39 33 0.02917637
681 559 39 43 0.029101336
806 348 27 36 0.029076977
764 611 49 56 0.029051516
659 516 23 28 0.029013447
867 115 53 65 0.02898844
0 157 40 83 0.028955495
1015 399 9 31 0.02890106
905 253 10 10 0.028856613
985 615 32 36 0.028754322
868 277 27 34 0.028751627
984 7 19 27 0.028742716
655 307 27 30 0.028704202
848 323 26 30 0.028660823
910 538 44 51 0.02864602
742 308 68 80 0.028614957
640 299 67 79 0.028580442
975 399 38 44 0.028556336
21 111 52 74 0.028540062
943 261 36 42 0.028526673
787 309 32 37 0.028502282
864 211 25 26 0.028464574
850 310 24 30 0.028416362
973 297 51 92 0.028403
779 119 22 24 0.028363667
691 126 30 39 0.028353635
933 175 63 79 0.028297743
621 290 59 46 0.028271481
860 243 30 36 0.028250784
747 637 51 41 0.02809181
31 25 66 82 0.028090902
777 596 40 51 0.028085679
859 621 39 49 0.028048076
679 309 11 12 0.028033057
917 229 41 51 0.028018182
940 0 28 25 0.028011868
19 332 40 52 0.027977053
8 0 15 13 0.027973996
783 276 34 37 0.027944101
946 299 21 28 0.027938962
461 117 15 18 0.027916137
826 437 30 37 0.027914526
652 150 44 61 0.027911296
984 279 29 37 0.027805714
943 350 81 126 0.02778374
952 157 50 63 0.027779773
1014 143 10 29 0.027777433
901 265 28 35 0.027774103
892 330 23 22 0.027757887
798 447 20 27 0.02773342
986 22 21 27 0.02771401
1003 151 14 16 0.02765397
651 266 66 57 0.02762182
772 663 28 15 0.027617846
991 614 33 56 0.027594317
850 365 24 35 0.027573429
669 295 12 17 0.027570654
45 147 50 52 0.027546974
251 0 62 52 0.027433062
922 257 37 41 0.027418394
756 176 44 61 0.02739731
766 136 19 24 0.027264403
851 650 36 28 0.027224526
722 582 25 38 0.027197631
676 308 22 18 0.027187115
773 171 19 27 0.02717855
748 429 52 61 0.02716174
368 0 57 50 0.027154012
953 13 19 22 0.027082698
765 154 21 25 0.02704727
704 111 41 52 0.027024206
909 249 9 11 0.026961368
565 269 42 47 0.026855227
497 314 20 18 0.026852628
500 279 9 12 0.02680822
939 192 31 44 0.026748806
686 555 79 87 0.026659578
958 442 45 59 0.026642615
539 278 29 34 0.026632342
667 288 21 23 0.026578741
652 567 35 53 0.026570078
425 131 43 68 0.026564851
547 303 46 55 0.026552834
825 211 32 37 0.026525525
990 183 27 40 0.02649865
941 0 10 9 0.026485143
663 308 15 15 0.026469206
847 286 18 22 0.026432643
692 627 46 51 0.026424741
824 248 37 40 0.02641101
808 430 43 51 0.026280295
958 16 22 23 0.026245132
896 254 20 21 0.026240712
926 208 87 98 0.026201189
96 0 49 56 0.02619971
811 260 32 34 0.026189892
853 640 13 16 0.026141416
930 389 94 188 0.02614086
499 278 13 17 0.026139954
782 587 129 91 0.026128827
54 0 51 52 0.026099421
752 149 88 119 0.026090667
597 0 56 52 0.02608797
780 208 31 38 0.026065065
490 283 8 11 0.026064558
862 202 43 45 0.025989423
926 0 15 10 0.025987742
952 608 41 46 0.025968812
1011 217 12 20 0.025940878
864 642 30 36 0.025933385
807 610 13 19 0.025918014
868 229 31 34 0.025910433
1009 590 15 42 0.02590204
868 516 49 60 0.025869403
20 21 36 47 0.025855012
298 0 23 21 0.025827644
980 19 36 49 0.025797829
806 142 22 34 0.025797585
891 529 42 51 0.025760692
802 438 56 69 0.025672358
845 602 45 59 0.025668837
597 531 21 26 0.025658784
236 0 45 41 0.025630124
4 309 334 369 0.025626503
562 0 37 32 0.025605896
67 164 27 29 0.02560559
787 451 50 73 0.025589136
843 172 72 93 0.025584467
912 566 81 88 0.025507517
664 0 70 65 0.025485318
824 661 13 13 0.025471825
931 272 25 30 0.025471093
665 291 13 16 0.025456863
660 302 10 11 0.025421211
482 0 27 23 0.025418526
488 277 8 10 0.025400663
821 639 23 30 0.025396528
702 120 10 12 0.025366606
802 301 27 32 0.025355386
776 222 41 55 0.025347361
896 328 28 30 0.02533385
925 441 62 86 0.02530373
768 420 61 78 0.02525265
967 201 30 30 0.025243793
654 496 36 48 0.025160242
821 382 44 48 0.02515007
927 215 39 54 0.02509077
0 0 38 39 0.025079468
688 556 49 36 0.02507864
733 488 35 41 0.025060695
476 312 12 13 0.025047628
970 520 27 34 0.025041796
911 259 8 10 0.025022388
661 290 11 13 0.024966126
459 113 37 43 0.024942566
951 499 48 60 0.024935074
963 74 61 89 0.024927434
964 225 32 30 0.024909545
876 266 26 33 0.024909269
486 298 27 29 0.024875453
890 266 28 35 0.02486605
809 491 71 85 0.024841214
690 1 86 80 0.024813488
985 505 23 23 0.024808187
357 39 112 123 0.024801405
997 208 17 21 0.024792938
914 504 41 49 0.024792373
783 299 17 17 0.024790239
0 42 6 12 0.024785882
982 583 42 78 0.024785277
841 378 61 81 0.024774201
841 204 23 32 0.024766011
702 0 23 24 0.024760485
786 334 42 51 0.024706189
511 246 31 31 0.024705281
866 350 24 41 0.024700692
975 501 40 50 0.024691923
250 115 38 47 0.024653258
816 629 11 17 0.0246466
768 463 63 85 0.024644818
1009 358 15 32 0.024644012
1001 289 16 19 0.024620702
374 0 78 71 0.024600908
995 22 29 64 0.024585646
954 250 26 32 0.02457912
819 660 13 11 0.02456669
0 57 25 31 0.024564184
887 0 42 29 0.024513122
784 563 64 76 0.024510458
940 15 31 38 0.024506448
664 294 42 37 0.024500592
818 43 8 10 0.024494419
812 655 17 15 0.024493149
391 421 15 20 0.024487752
29 2 51 68 0.02446011
780 400 63 78 0.024455113
532 295 42 45 0.024445811
952 271 34 42 0.024430944
621 159 29 56 0.024430377
1011 252 13 34 0.024421219
949 181 36 54 0.02441399
933 0 18 13 0.024410507
907 223 28 39 0.024383103
252 48 45 53 0.024339348
662 304 28 27 0.024315512
768 132 13 15 0.024305569
667 496 41 50 0.024293834
712 139 28 35 0.024286553
702 652 42 26 0.024261396
859 580 40 51 0.024243837
282 0 36 32 0.024177464
925 529 47 54 0.024141714
954 424 41 48 0.024140147
899 290 30 36 0.024118243
989 11 19 25 0.024096686
970 21 21 25 0.024091976
783 173 29 31 0.02405532
739 162 43 52 0.024053702
678 302 12 13 0.024029769
230 0 26 33 0.02402638
884 348 29 40 0.02400497
707 528 81 85 0.023999408
925 251 26 31 0.023996705
659 211 32 29 0.02395291
15 134 33 44 0.023942012
831 541 61 76 0.023885794
973 553 51 75 0.023878802
849 201 27 35 0.023846515
520 258 26 33 0.023845965
0 38 24 42 0.02380508
819 296 28 34 0.023749826
989 422 35 49 0.023745855
970 376 35 42 0.023711761
996 151 22 29 0.023685416
453 0 52 46 0.02368172
806 647 25 25 0.023668181
510 0 52 54 0.023662845
0 0 9 14 0.023662409
492 273 14 18 0.023609228
653 305 18 20 0.023594229
854 126 74 126 0.023591105
779 194 31 39 0.023579204
694 258 83 80 0.023556117
626 0 32 30 0.023553897
20 133 13 16 0.02355058
742 439 282 239 0.023549415
886 45 32 44 0.023508314
794 166 30 39 0.02346195
900 318 60 81 0.023434805
37 108 22 25 0.023427382
996 254 28 41 0.023417713
983 358 20 26 0.023409827
734 448 51 60 0.023381213
941 432 37 54 0.023332562
812 218 39 50 0.023316395
817 12 15 17 0.023304958
998 509 26 65 0.023295976
392 185 49 54 0.023293905
775 133 20 25 0.023288133
390 167 76 88 0.023283863
998 655 26 23 0.02327065
506 267 57 59 0.023232423
669 301 8 9 0.023215298
876 215 22 24 0.023211403
7 91 21 24 0.023199907
757 234 47 64 0.02319812
819 315 88 110 0.023171386
749 484 44 54 0.02316891
59 162 41 57 0.023152502
2 291 171 256 0.023148954
504 609 94 69 0.023140078
806 588 36 48 0.023135426
26 0 326 315 0.02312351
493 281 9 11 0.023103265
499 250 39 47 0.023100598
710 634 44 44 0.023059612
839 8 68 72 0.023049545
816 16 8 12 0.023046844
813 626 19 29 0.023020389
852 254 29 33 0.022999698
805 527 64 77 0.022987131
847 16 31 38 0.02298588
929 353 31 45 0.022982795
872 555 32 38 0.022981286
576 7 52 62 0.022964997
39 116 13 13 0.022952802
403 187 92 102 0.02293772
702 131 15 18 0.022929702
791 157 26 31 0.02292835
975 17 11 14 0.022908611
441 138 43 62 0.022901824
0 40 39 71 0.022856599
762 0 68 59 0.022787737
812 612 12 18 0.022783153
590 153 49 65 0.022766668
645 195 210 198 0.022732258
894 512 39 49 0.022722838
924 382 64 86 0.022708999
580 304 53 60 0.022652373
583 166 9 12 0.022649521
1014 305 10 35 0.022643015
514 0 89 91 0.022642886
775 14 38 49 0.022641974
943 538 58 69 0.022641493
858 201 27 31 0.022640858
1002 211 17 21 0.022622326
837 258 28 34 0.022622028
718 164 69 80 0.02261342
880 0 15 16 0.022595005
960 432 24 28 0.02256674
732 137 65 83 0.022555208
978 115 36 40 0.022539534
533 0 27 21 0.022524007
668 302 11 12 0.022520058
973 32 42 62 0.022490367
153 0 51 47 0.02248943
585 0 38 32 0.022476455
678 308 9 9 0.022471672
857 325 11 14 0.022449074
149 191 8 9 0.022418268
964 7 20 23 0.022387302
804 369 29 35 0.02234158
632 1 80 91 0.022318864
33 326 48 52 0.022314742
665 297 9 10 0.022277616
649 300 13 11 0.022262802
905 236 18 24 0.022256175
210 389 44 63 0.022250224
484 141 37 64 0.02220931
657 173 7 10 0.022205986
8 109 42 62 0.022199742
826 0 198 228 0.022197774
403 0 71 55 0.022197416
959 12 10 10 0.022189511
459 161 49 54 0.022185309
1016 294 8 20 0.022176245
988 123 17 27 0.022143345
883 430 58 77 0.02211933
689 604 28 42 0.022107847
723 473 63 76 0.022061393
684 124 27 33 0.022040732
942 381 41 49 0.022034844
718 114 20 24 0.02202459
826 0 25 20 0.022013392
442 408 366 270 0.02200092
798 264 28 30 0.021999521
664 299 11 12 0.021993041
719 0 30 27 0.021953972
558 314 53 64 0.021929702
789 463 75 99 0.021895725
902 246 12 14 0.02189109
909 315 27 34 0.0218822
492 127 32 56 0.02187761
739 557 64 77 0.021836238
1019 150 5 20 0.021821557
953 23 17 23 0.021821292
771 158 22 26 0.021816147
840 508 55 66 0.02181434
783 120 31 34 0.021813774
642 298 27 22 0.021811193
657 276 81 72 0.02179202
898 324 22 23 0.021762043
732 642 47 36 0.021742139
665 201 311 405 0.021740675
776 270 131 144 0.021726087
932 625 57 53 0.02170674
383 494 32 43 0.021703951
177 2 273 231 0.021677643
659 25 30 37 0.021668399
18 134 19 25 0.021650337
775 480 40 55 0.021637417
939 292 57 73 0.02162152
776 164 21 27 0.021616543
722 288 40 45 0.021605074
729 0 37 33 0.021591855
634 577 47 60 0.021570455
936 659 48 19 0.021568859
134 0 25 27 0.021561874
822 251 24 29 0.021554636
721 292 75 79 0.02155257
993 127 23 30 0.02151815
655 293 14 13 0.021517133
763 306 25 32 0.021506216
686 111 62 79 0.021505466
767 298 17 19 0.021488871
535 274 24 29 0.021457298
674 572 24 37 0.021437146
891 8 29 35 0.021408355
485 265 54 61 0.021374095
643 583 64 84 0.021372946
311 58 40 60 0.021359965
516 140 75 95 0.021338008
951 284 17 21 0.021310046
217 0 45 44 0.02130516
904 621 53 57 0.021301465
811 22 50 61 0.021293195
920 563 36 32 0.02126347
170 0 34 26 0.021252807
738 0 66 51 0.021234091
447 118 42 56 0.021216104
978 158 37 45 0.021214515
830 596 27 35 0.021210542
814 1 24 27 0.021209452
429 177 49 65 0.021205386
638 235 67 80 0.021202
776 1 25 27 0.02119707
447 175 53 57 0.02118764
595 261 38 41 0.021184256
1017 172 7 33 0.021174653
895 572 44 55 0.02115297
253 145 44 48 0.021134768
1009 663 15 15 0.021103224
950 430 25 33 0.021089466
764 562 51 62 0.021079203
273 0 30 27 0.021072142
861 387 61 79 0.021045486
778 537 40 45 0.021042889
934 211 23 33 0.021036237
892 490 49 61 0.021024885
673 301 8 10 0.021006482
493 0 47 52 0.021002576
669 288 12 15 0.020996876
959 208 23 27 0.020986255
963 14 11 13 0.020979868
698 489 38 44 0.020977845
956 14 13 14 0.020977596
304 0 27 25 0.020977283
304 0 11 9 0.020970935
854 549 29 34 0.020970127
860 643 7 10 0.0209411
411 136 42 68 0.020937549
709 273 46 53 0.020929959
20 0 25 20 0.020923687
1019 218 5 25 0.020923117
866 301 17 20 0.020912971
693 156 40 58 0.020894771
477 308 40 34 0.020860989
799 388 65 83 0.020857578
708 247 51 63 0.02085502
157 207 15 15 0.020832889
665 243 87 85 0.020820847
283 20 33 34 0.020808948
869 394 41 49 0.020801213
874 316 25 26 0.020782387
671 298 7 10 0.020780083
940 228 25 35 0.020778818
194 1 52 49 0.0207644
872 582 44 55 0.020755643
677 145 43 57 0.020735752
875 364 22 45 0.02073116
718 195 51 58 0.020718856
1009 399 15 44 0.020716261
1000 164 21 26 0.020693114
989 209 19 20 0.020670064
917 292 107 155 0.020667968
669 304 12 16 0.02065155
972 276 31 36 0.020644614
1008 165 14 16 0.02064274
966 523 42 58 0.020635813
856 494 24 28 0.020630118
929 240 23 32 0.020620825
663 286 13 15 0.020591302
841 371 27 34 0.020590521
174 0 52 49 0.020570537
861 236 86 107 0.02056438
491 126 20 33 0.020558067
11 29 28 34 0.020551708
858 626 22 26 0.020540735
920 285 17 23 0.020540003
684 165 75 96 0.020528026
816 304 35 41 0.020527678
831 0 12 11 0.020524943
846 275 22 27 0.02052422
761 665 29 13 0.0205022
404 111 50 63 0.020486074
792 529 46 49 0.02047928
855 3 45 55 0.020477839
133 0 46 50 0.02047643
796 222 31 43 0.020472279
314 71 25 34 0.020458248
961 0 14 13 0.02045561
973 13 8 10 0.020449528
1009 608 15 38 0.020406257
694 505 36 46 0.02036952
900 15 29 37 0.020367205
1018 159 6 19 0.020349117
1011 649 13 29 0.020339003
756 453 42 53 0.020314025
504 303 52 49 0.020293534
193 517 45 63 0.020286195
801 155 33 44 0.020279445
817 350 27 34 0.020274848
10 129 27 40 0.020255141
790 305 19 21 0.020242643
553 303 20 17 0.020235319
922 555 33 26 0.02023206
873 635 46 43 0.020224623
676 298 11 11 0.020215465
878 173 61 96 0.020213895
0 35 12 19 0.02020456
735 392 80 85 0.020202793
655 0 30 29 0.02019424
684 486 27 36 0.020172635
700 588 92 90 0.020147836
862 217 29 34 0.020139655
14 168 42 66 0.020134829
979 184 28 39 0.020128287
903 0 25 16 0.02012252
192 147 16 22 0.020111598
345 160 85 94 0.020108636
0 70 24 40 0.020099849
905 380 59 80 0.020081626
334 190 142 188 0.020081595
755 105 45 54 0.02006483
63 343 23 28 0.02006171
812 107 131 187 0.02004956
973 4 8 11 0.020020204
516 257 21 21 0.02001039
672 273 26 23 0.019952297
850 476 74 88 0.019951215
617 271 113 110 0.019948708
104 365 27 33 0.019943392
396 167 37 53 0.019937873
491 544 48 45 0.019934492
476 284 52 61 0.01992207
770 334 42 52 0.019920189
947 10 19 23 0.019904615
815 45 9 12 0.019904431
52 377 45 55 0.019903611
811 451 71 91 0.019890862
700 152 25 33 0.019876547
561 131 77 101 0.019875843
758 385 69 67 0.01986675
988 17 12 14 0.01985259
698 486 25 31 0.019847764
1018 304 6 22 0.019844651
39 124 47 56 0.019843517
733 180 43 56 0.019833677
658 304 45 50 0.019802695
738 292 38 43 0.019789347
698 641 30 34 0.019788701
889 333 16 17 0.019778129
79 434 73 96 0.019773657
916 233 28 34 0.019768314
969 24 10 10 0.01975951
706 134 10 12 0.019753776
73 435 33 37 0.019709058
761 335 70 83 0.019704798
418 0 83 74 0.019690525
817 393 30 33 0.019675678
951 539 25 29 0.019672526
832 366 18 21 0.019670924
148 126 8 11 0.019662123
0 79 9 23 0.019649701
874 442 46 56 0.019648708
883 217 14 16 0.01962196
948 564 45 54 0.019610727
885 391 60 79 0.0196052
885 460 62 77 0.019592654
354 396 40 56 0.01958395
592 266 53 53 0.01957685
49 440 26 29 0.01957226
935 90 56 75 0.01956332
954 308 17 23 0.019554056
443 454 42 59 0.019527638
1 83 38 63 0.019523868
695 565 34 42 0.019501753
794 131 13 16 0.019498615
662 289 8 9 0.019498259
1018 166 6 20 0.019491762
538 457 39 52 0.019487403
923 312 13 17 0.019481013
38 0 17 14 0.019477729
950 523 34 39 0.01945557
848 0 12 9 0.019448433
137 111 35 53 0.019442521
950 234 74 118 0.01943276
46 143 15 19 0.01941784
825 441 48 59 0.019409418
879 617 37 48 0.019385813
915 308 22 30 0.01937969
437 35 49 65 0.019377645
888 645 47 33 0.01936768
847 658 24 20 0.019355271
80 195 23 33 0.019349916
940 287 24 31 0.019332545
75 169 44 59 0.019330462
563 291 33 32 0.01931838
466 612 98 66 0.019288486
0 10 10 14 0.019283185
954 399 38 45 0.019282611
945 412 35 51 0.019241735
735 608 33 42 0.01922368
1017 267 7 33 0.019212633
949 23 32 41 0.01919221
545 164 72 84 0.019184167
973 233 29 30 0.019171651
880 208 46 50 0.019163061
501 274 16 20 0.019151144
594 283 23 26 0.019144483
910 444 51 71 0.019141762
553 556 163 122 0.01914062
977 261 14 17 0.019138513
1014 289 10 18 0.019115932
878 282 25 32 0.019115107
709 154 10 13 0.019081494
5 527 165 151 0.019081188
483 259 31 38 0.019074442
772 376 49 50 0.019069383
863 650 18 25 0.019063966
715 489 43 51 0.019052168
450 156 71 92 0.019044941
811 466 24 33 0.019034654
153 200 21 24 0.01903105
672 284 16 18 0.019028986
338 86 74 94 0.01902832
702 143 16 23 0.019021846
683 276 51 50 0.019016817
259 17 49 60 0.019008957
500 281 28 33 0.019004539
474 0 38 36 0.018991284
654 131 36 51 0.018981028
251 0 32 28 0.018979507
254 136 36 38 0.01897699
982 18 16 17 0.018972075
732 405 52 56 0.01896423
857 630 14 19 0.018949702
850 10 10 12 0.018948212
752 592 98 86 0.018932924
663 295 8 9 0.018925084
980 0 14 13 0.018921157
3 81 30 38 0.018920025
504 118 68 98 0.018918179
770 634 37 42 0.018894766
790 612 26 30 0.018888766
668 295 8 9 0.018885987
495 259 24 30 0.018878683
1021 294 3 21 0.018877156
579 0 346 372 0.018868355
50 0 17 14 0.01884248
820 433 28 32 0.018833088
988 26 11 12 0.018827358
496 285 9 13 0.018825492
739 260 123 138 0.018793708
838 602 33 40 0.018791018
666 201 76 91 0.018786069
867 404 26 34 0.018775964
497 298 27 28 0.01876524
992 283 17 22 0.018737571
785 127 17 20 0.018715126
813 165 42 51 0.018699396
78 467 46 59 0.018690296
828 657 15 17 0.018667929
815 42 7 9 0.018667776
814 488 44 63 0.018621653
972 451 28 40 0.018605797
321 20 43 61 0.018600564
752 551 46 50 0.018588701
162 140 9 12 0.01858573
663 307 8 10 0.018582528
497 0 12 11 0.018581335
855 358 27 38 0.01856599
658 23 45 70 0.018558826
821 114 43 52 0.018549358
744 655 41 23 0.018546222
671 291 7 10 0.018544843
65 310 44 59 0.018528413
819 628 22 28 0.018527081
190 15 48 63 0.018525476
695 133 71 96 0.018487755
1005 147 14 15 0.018478245
75 165 16 17 0.01847786
0 0 5 9 0.018477792
1022 155 2 19 0.018458715
20 2 106 118 0.018457472
1005 635 19 43 0.01844512
674 1 28 33 0.018442014
1018 201 6 36 0.018436292
89 397 43 59 0.018434864
1009 563 15 54 0.018412406
740 582 41 56 0.018409556
741 145 38 48 0.018406922
574 251 23 28 0.018400485
81 3 47 60 0.018396646
956 181 23 36 0.018375557
899 321 43 46 0.018369105
764 296 14 15 0.018368592
724 151 39 51 0.018367736
889 351 38 50 0.01836326
481 281 20 25 0.018361585
928 584 50 57 0.018359466
319 50 62 83 0.0183526
1019 284 5 22 0.018351184
726 543 45 44 0.0183408
550 588 86 90 0.018323917
620 605 71 73 0.018315516
877 96 54 71 0.018308057
592 295 28 26 0.018286224
513 289 48 50 0.018280558
828 429 79 92 0.018274384
948 394 57 74 0.018272882
675 303 8 10 0.018268539
105 341 41 55 0.0182658
712 517 27 35 0.018257964
895 491 28 33 0.018254746
485 0 71 80 0.018244056
912 0 101 85 0.01824396
789 592 31 37 0.018242614
321 0 30 27 0.01820068
667 560 40 47 0.018199341
356 475 43 58 0.018195298
719 117 27 36 0.018176699
811 397 42 52 0.018166125
766 538 59 66 0.018146494
1006 0 18 25 0.01813309
37 161 46 62 0.018132895
996 82 28 69 0.018114733
979 11 9 11 0.018097823
1021 162 3 20 0.018093707
930 301 19 30 0.018092291
307 0 309 253 0.018079463
790 158 87 99 0.018077774
188 0 33 21 0.018075384
913 658 45 20 0.018068494
381 175 45 54 0.018064264
455 121 63 88 0.01803147
650 295 14 13 0.018023668
1008 334 16 43 0.018019512
568 284 45 50 0.018014688
982 0 19 22 0.01800898
954 31 12 17 0.017994316
1005 474 19 41 0.017985698
796 304 22 27 0.017973224
378 87 83 99 0.017971722
992 0 24 27 0.017961247
761 263 33 40 0.01794645
803 459 14 15 0.017943902
352 0 149 130 0.01793371
64 349 26 36 0.017924143
492 596 24 26 0.017913949
829 166 34 39 0.017913276
930 112 73 97 0.017908068
814 135 18 28 0.017892698
1020 189 4 27 0.017889408
675 645 47 33 0.017886916
647 290 22 23 0.017870702
658 570 23 33 0.017862944
3 28 67 84 0.017861936
699 610 31 39 0.017852573
806 626 18 27 0.017851768
328 195 77 93 0.017825468
988 134 13 18 0.017825356
970 361 31 41 0.017820073
251 65 32 41 0.017812531
726 4 90 99 0.017809423
966 627 19 25 0.017787851
672 293 10 13 0.017787088
0 63 12 31 0.017784702
239 64 9 9 0.017772699
494 153 42 63 0.0177661
738 201 42 52 0.017764788
152 0 98 91 0.017763034
37 6 12 14 0.017758377
765 135 14 16 0.017721586
609 0 36 32 0.017720582
0 569 42 73 0.017719157
791 123 36 43 0.017711164
594 299 40 36 0.017709143
665 303 9 9 0.017704321
302 19 34 36 0.017680278
742 278 36 43 0.017653802
904 0 14 9 0.017644335
3 54 19 22 0.017638411
996 407 14 19 0.017634796
755 277 24 31 0.017629772
672 611 23 39 0.017612776
1013 254 8 9 0.017602952
651 624 47 54 0.017601361
2 144 32 60 0.017596554
968 260 15 18 0.017588697
418 487 43 58 0.017585447
69 164 10 13 0.01758281
256 404 45 65 0.017578356
972 8 9 12 0.017567983
250 83 11 12 0.017567797
634 286 40 32 0.017559156
539 291 26 30 0.017543873
1007 193 17 28 0.017542806
135 195 75 91 0.017535158
846 407 29 37 0.017533746
70 0 87 85 0.017527431
841 439 42 50 0.017526459
858 638 19 25 0.017519096
361 410 27 32 0.017514827
656 653 14 15 0.017512953
278 53 52 73 0.017510647
772 302 25 29 0.017508967
772 503 65 74 0.01750641
833 240 44 47 0.017497612
1014 116 10 15 0.017495597
484 571 139 107 0.017489651
854 431 39 47 0.017479612
858 599 30 37 0.017471895
937 615 39 45 0.017471803
954 297 16 24 0.017455537
292 31 35 35 0.0174551
508 146 45 65 0.017441073
797 0 84 79 0.017437711
796 0 29 30 0.017429467
910 260 15 17 0.017421937
917 246 18 21 0.017408412
319 64 18 19 0.017404083
862 459 59 70 0.017397597
795 644 29 31 0.0173898
869 392 19 28 0.017381588
814 13 9 10 0.017372116
957 665 46 13 0.017357886
22 130 71 97 0.01735646
745 393 55 55 0.01734354
464 0 61 61 0.017341666
841 661 18 16 0.017341018
953 18 9 10 0.01731029
852 609 24 30 0.01729847
1016 430 8 30 0.017290886
504 309 17 19 0.01728778
712 668 27 10 0.017282594
393 100 48 59 0.017280677
966 253 11 14 0.017264824
806 156 18 23 0.01724998
983 295 31 38 0.017238375
1022 149 2 19 0.017221728
984 130 28 35 0.017205112
712 578 26 40 0.017201077
873 215 18 18 0.017200947
778 617 21 32 0.017184312
741 424 26 27 0.017173352
1012 132 12 28 0.017172959
572 0 90 85 0.017169023
146 3 145 145 0.017163321
109 0 88 83 0.017148456
809 306 26 34 0.017143615
714 161 40 53 0.017139794
1015 218 8 11 0.017135827
506 293 33 32 0.01711888
667 132 42 52 0.017114878
820 364 29 30 0.01711439
328 0 36 33 0.017102193
104 474 42 52 0.017091788
1003 176 19 33 0.017084006
692 298 72 77 0.017073063
718 662 28 16 0.017056676
813 196 25 34 0.01704311
543 252 31 42 0.017040092
817 47 11 14 0.017030263
932 337 36 46 0.01702654
118 481 39 54 0.01699829
788 363 41 46 0.016996192
592 282 59 61 0.016995683
917 192 37 55 0.016993254
867 630 25 32 0.016986867
1017 229 7 37 0.01697984
483 280 13 15 0.016969059
184 36 150 219 0.016966928
40 155 32 39 0.016951416
930 1 9 12 0.016946498
206 437 43 62 0.016942535
712 601 27 35 0.016929882
867 136 53 78 0.016920086
674 295 16 18 0.016915949
885 363 29 41 0.016915398
40 0 45 41 0.016915066
925 646 48 32 0.016909298
193 495 45 61 0.016901024
776 175 24 34 0.016900865
968 541 46 61 0.01690082
497 502 45 55 0.016898222
68 36 43 60 0.016890632
819 580 29 38 0.016882619
990 376 17 24 0.016877294
982 141 32 39 0.016875034
182 455 46 64 0.016867451
1003 142 12 17 0.016853046
1014 603 10 33 0.016849702
752 287 8 11 0.016844353
37 108 34 47 0.016842417
835 290 24 28 0.016827038
592 489 41 55 0.016818719
328 491 43 58 0.016800769
59 319 84 118 0.016786091
344 0 28 37 0.016771745
877 562 42 53 0.016769389
568 158 44 61 0.016761774
2 604 81 74 0.016758742
929 311 24 35 0.016746784
964 18 11 13 0.016742231
69 564 170 114 0.016732326
649 208 28 31 0.016730944
688 619 35 47 0.016726643
216 395 87 125 0.01669572
682 306 9 10 0.016694931
297 61 33 34 0.016692381
852 272 24 27 0.016688528
363 0 26 23 0.016683355
277 439 44 64 0.016672157
20 124 19 25 0.016670404
479 361 79 114 0.016658725
99 397 80 114 0.016643975
849 46 10 12 0.01664314
573 252 34 43 0.01663868
86 179 48 55 0.01663572
1013 416 11 37 0.01661937
555 391 43 57 0.016613746
437 179 32 44 0.016608372
905 527 42 44 0.016606018
959 384 41 44 0.016595356
156 0 29 25 0.016594622
706 146 20 23 0.016584387
638 0 30 26 0.016579293
468 109 26 28 0.016577559
796 240 29 37 0.016575983
714 126 27 35 0.01656325
818 135 8 9 0.016559886
1007 156 15 17 0.016556695
1 203 43 64 0.016552357
926 20 32 43 0.016551526
860 166 153 234 0.016532093
688 308 15 13 0.016530767
965 317 26 33 0.016524008
0 534 80 129 0.016510833
16 379 177 259 0.016509783
540 552 33 35 0.016504262
825 667 13 11 0.016502652
811 26 28 38 0.016494146
345 16 24 37 0.016490318
828 408 47 57 0.016484302
936 382 17 22 0.016477512
747 401 97 129 0.016474267
931 19 93 167 0.016468046
769 214 38 49 0.016467221
79 415 41 51 0.016464144
227 0 73 75 0.0164608
32 17 30 42 0.016446594
700 336 27 33 0.01643742
121 0 39 46 0.01643465
847 205 42 49 0.016431957
936 0 10 9 0.01642879
858 637 8 11 0.01642499
691 575 27 35 0.016415667
808 214 30 29 0.016396154
950 551 24 27 0.016393224
267 144 26 38 0.016390285
644 327 44 58 0.016373677
1012 509 12 35 0.016368885
704 597 16 26 0.016367784
789 326 32 40 0.016366536
443 192 66 83 0.01636358
976 631 27 36 0.016362596
34 3 12 13 0.01635662
612 373 44 58 0.01634556
583 324 47 64 0.016334709
675 289 17 18 0.016320542
666 128 71 93 0.01632042
602 307 71 91 0.016312141
926 193 20 34 0.016311556
780 153 24 31 0.016310457
1010 169 14 22 0.016304264
343 483 44 58 0.016286612
482 271 18 24 0.01628573
966 12 8 10 0.016283762
903 98 66 86 0.016277501
333 357 46 61 0.01627524
327 75 138 166 0.016274398
31 155 25 36 0.016272523
675 309 11 13 0.016271682
682 313 9 11 0.016260926
264 387 42 59 0.016251467
541 381 78 111 0.016241936
81 29 69 92 0.01623966
684 103 42 48 0.016232079
508 555 30 29 0.01622966
842 175 32 43 0.01621471
963 137 41 47 0.016213505
727 655 35 23 0.016212944
999 414 25 37 0.016212722
267 80 12 12 0.016192509
892 324 17 20 0.016181761
482 146 68 94 0.016180485
768 312 34 44 0.016175231
657 140 116 160 0.016175166
659 284 12 13 0.01616958
612 490 42 54 0.016164986
474 122 29 37 0.016164916
424 320 17 17 0.016159967
783 308 18 22 0.01615247
855 499 37 45 0.016146349
845 29 45 56 0.01614211
876 0 92 89 0.016139606
782 316 26 32 0.01612596
685 283 27 28 0.016109413
133 181 45 50 0.016108148
143 0 28 27 0.016096573
893 250 16 17 0.016089397
703 178 49 59 0.016085627
263 80 20 22 0.016083805
843 395 26 34 0.016079277
720 594 21 29 0.016076336
503 86 145 170 0.016074175
793 481 49 66 0.016074166
644 151 67 93 0.01607173
982 257 22 25 0.016071033
800 659 21 16 0.016070638
603 315 43 61 0.016068228
44 440 37 47 0.016066961
125 530 45 56 0.016065063
873 301 17 18 0.016059097
215 0 33 29 0.016045075
776 518 41 49 0.01604176
688 500 124 139 0.0160337
217 250 80 97 0.016030652
9 30 14 17 0.016029604
853 191 24 33 0.016020015
248 427 41 59 0.016017782
187 154 8 12 0.016013127
749 377 49 51 0.016012905
529 265 24 31 0.016008621
816 659 11 10 0.016006257
275 31 29 32 0.015992539
707 395 70 79 0.015992142
1001 154 9 13 0.015986813
69 0 36 33 0.015975893
993 215 18 21 0.01596494
847 269 105 139 0.01596456
705 12 40 43 0.015962185
683 509 30 41 0.015956203
863 640 8 10 0.015936278
764 125 19 24 0.015932616
578 609 78 69 0.015922148
95 516 42 56 0.015910873
795 139 27 32 0.015882984
260 0 34 35 0.015876928
922 320 64 84 0.015873801
381 416 32 42 0.015868342
105 182 56 52 0.015867416
685 170 41 61 0.015862832
882 386 43 51 0.015857302
955 210 15 24 0.015848072
993 293 23 25 0.015842076
804 241 35 39 0.015827965
951 343 43 55 0.015805906
634 492 45 53 0.015801156
992 142 20 27 0.015799839
724 339 135 173 0.015792808
673 614 97 64 0.015790593
856 640 8 11 0.015771786
742 499 63 72 0.015754238
581 34 48 63 0.015753431
771 208 27 35 0.015753029
599 518 223 160 0.015744051
475 134 30 39 0.015743779
878 7 28 34 0.015736278
834 346 23 34 0.015709378
995 200 16 21 0.015708154
973 585 39 50 0.015707962
10 93 12 17 0.015704788
485 588 37 40 0.015702683
780 127 8 11 0.015690349
733 585 28 34 0.015682945
411 194 32 42 0.01568152
947 15 8 9 0.015677292
786 633 26 37 0.01566416
0 177 65 100 0.015660383
0 161 23 48 0.015658349
35 161 17 20 0.0156448
1012 4 12 37 0.015642194
646 473 43 60 0.015635123
90 365 41 54 0.015618419
835 445 28 36 0.015616666
35 168 11 14 0.01561243
968 477 43 60 0.015597662
799 166 12 17 0.015592511
1013 294 8 11 0.01559056
526 0 37 35 0.015588178
15 66 29 23 0.015586277
717 316 68 80 0.015581893
686 146 29 35 0.015575371
625 423 87 116 0.015570906
755 503 30 38 0.015561634
942 312 29 36 0.0155599965
616 303 50 55 0.015558547
704 387 109 145 0.015552397
693 658 27 20 0.015539401
651 304 10 10 0.015525273
434 469 46 66 0.015520302
607 567 72 86 0.01551001
180 30 45 58 0.015509749
909 430 43 57 0.015507617
974 19 8 11 0.015505911
789 299 19 19 0.015504752
0 137 26 46 0.0155014
741 576 24 34 0.015500388
830 647 25 25 0.015498973
270 39 37 43 0.015493127
1014 347 10 37 0.0154907415
845 292 17 23 0.015489955
506 164 64 88 0.015488558
79 375 81 117 0.0154748885
975 25 8 10 0.015472312
939 253 25 34 0.015470036
0 0 205 211 0.015465472
714 300 40 46 0.015461789
873 303 11 12 0.015459146
397 396 42 62 0.015458854
936 318 38 46 0.015449785
689 256 50 53 0.01544788
980 210 18 18 0.015441692
816 616 10 24 0.015424975
543 1 55 58 0.015422697
731 308 48 53 0.0154132
878 234 31 27 0.015401675
78 378 46 58 0.015397497
322 239 38 48 0.015395298
838 274 21 25 0.015383572
735 116 46 53 0.015381403
905 662 35 16 0.01537959
462 552 108 99 0.015370384
17 304 85 114 0.015367559
269 329 42 57 0.0153646935
651 210 43 58 0.015358285
299 424 21 29 0.015357723
488 314 22 22 0.0153574245
657 310 16 20 0.015357124
766 328 33 45 0.015355793
996 143 12 18 0.01535557
0 92 24 38 0.0153476875
898 242 14 16 0.015346561
1010 298 10 16 0.015344006
914 249 10 12 0.015340423
1023 159 1 18 0.015338398
661 115 13 16 0.015336453
909 546 33 30 0.015331559
474 312 10 10 0.015327514
985 206 17 19 0.0153226275
1017 363 7 30 0.015320558
1020 140 4 22 0.015320164
956 19 10 12 0.015313915
500 639 67 39 0.015313358
896 20 15 21 0.015313017
854 284 14 19 0.015309507
610 10 53 63 0.015306955
784 647 24 29 0.015305786
925 569 42 43 0.015299564
957 9 9 11 0.015294402
963 437 13 17 0.015271384
539 632 70 46 0.015269087
808 440 14 22 0.0152689265
1020 176 4 25 0.015264441
0 54 15 27 0.015248839
364 166 48 57 0.015246593
983 309 24 32 0.01524617
596 1 101 119 0.015242015
780 8 68 80 0.015227504
52 178 53 64 0.015224984
651 348 45 58 0.015222441
727 569 24 40 0.015221147
990 22 9 11 0.01521413
847 1 12 16 0.01520997
1019 257 5 28 0.015209451
663 610 24 39 0.015200226
31 113 24 26 0.015199354
710 183 113 159 0.015196891
650 313 22 23 0.015186654
790 571 41 50 0.015179116
867 531 35 37 0.015173434
250 288 51 59 0.015169256
671 481 30 40 0.015167986
486 279 8 10 0.015167917
877 544 39 43 0.01516579
1001 300 18 21 0.015161148
881 45 62 88 0.015156993
221 375 47 61 0.015155016
1013 557 11 39 0.015150226
360 0 37 44 0.0151487645
772 130 15 15 0.015146199
69 417 63 87 0.015139263
967 222 18 19 0.015139115
116 375 47 61 0.015123031
887 221 13 16 0.015117308
423 111 43 55 0.015116022
1021 228 3 23 0.015115058
26 38 26 34 0.015113538
0 114 29 48 0.015113257
971 0 14 11 0.015108797
554 0 30 25 0.015108615
450 90 57 68 0.015106221
971 21 9 10 0.015103601
952 220 13 17 0.015099455
201 527 30 39 0.015096884
917 187 22 39 0.015096668
145 175 16 22 0.0150900595
43 113 23 28 0.0150898155
825 33 52 64 0.015089095
658 272 33 35 0.015087651
175 477 45 61 0.0150835
898 20 11 13 0.015081725
970 598 25 33 0.015073456
623 292 37 32 0.015069255
682 554 33 30 0.015061957
0 34 87 133 0.01506138
819 284 24 32 0.015057697
169 510 39 53 0.01505502
804 20 25 32 0.015039304
772 627 26 36 0.015027525
215 455 45 60 0.0150244385
730 532 144 146 0.015022702
912 109 43 59 0.015015834
482 552 50 55 0.015005855
1010 149 14 15 0.015002074
254 431 27 35 0.0150020495
47 507 33 43 0.014992566
1003 148 8 12 0.014992063
670 231 50 57 0.014990833
922 30 65 87 0.014990483
546 237 39 49 0.01498928
200 541 46 60 0.014986558
549 278 21 24 0.014985082
442 426 44 67 0.014984223
31 32 35 47 0.014981598
665 310 8 9 0.0149800675
37 141 11 15 0.014974856
875 321 15 18 0.014958963
817 662 10 9 0.014957436
686 598 22 39 0.014956718
606 356 39 54 0.014948147
445 525 247 153 0.014943827
721 129 34 48 0.014925418
329 61 20 29 0.014921577
288 487 43 58 0.014921005
946 668 38 10 0.014920587
921 280 16 18 0.014917942
802 429 23 34 0.014916685
977 22 8 10 0.014910384
987 666 36 12 0.014909262
881 528 37 36 0.014904602
292 6 38 42 0.0149037205
338 19 36 56 0.014898501
68 448 44 61 0.014894889
821 18 14 19 0.0148814395
988 355 25 30 0.014878426
236 444 44 64 0.014875978
731 555 23 26 0.014874754
818 455 35 41 0.014873942
235 154 53 59 0.014872843
1010 224 14 26 0.014871585
597 177 42 60 0.01486419
262 67 75 113 0.014859855
264 423 47 67 0.014858983
904 570 25 33 0.014846372
777 338 118 156 0.014843244
514 476 41 57 0.01483654
571 182 48 58 0.0148272365
811 128 45 56 0.014824037
975 6 9 12 0.014816978
778 300 14 15 0.014816318
458 120 21 29 0.014810093
266 122 48 51 0.014806877
732 13 45 58 0.014798509
371 0 13 13 0.01479201
825 262 18 21 0.014786175
975 222 25 20 0.014783965
980 245 21 23 0.014778068
497 312 30 36 0.014773628
656 305 9 9 0.014754547
528 162 47 63 0.014752898
685 311 17 17 0.014748157
265 44 28 32 0.014742938
1020 199 4 27 0.014733555
814 22 9 12 0.014732644
684 310 9 9 0.014730139
958 15 8 9 0.014725121
618 387 77 113 0.014716929
950 0 17 14 0.014709774
770 303 15 22 0.01470621
788 113 229 362 0.014700225
753 513 41 46 0.014697269
780 132 10 14 0.014696179
491 241 39 45 0.014683979
958 314 17 21 0.0146796545
933 514 45 45 0.014675734
589 417 92 121 0.014674863
816 355 15 23 0.0146743655
586 278 37 39 0.014672855
925 32 38 55 0.014663614
877 658 34 20 0.014661828
438 360 83 118 0.014660842
812 27 9 11 0.014652935
904 242 10 11 0.014646539
751 349 44 52 0.014641342
882 0 11 9 0.014640874
38 518 39 56 0.014637472
98 406 380 272 0.014633898
366 9 45 64 0.014630923
752 185 27 39 0.014623321
756 569 37 46 0.014612905
840 193 20 30 0.0146093955
15 0 20 18 0.014603412
974 259 21 27 0.014601834
935 398 38 53 0.014601074
564 19 48 65 0.014601056
963 123 29 33 0.014599228
777 358 33 41 0.014598259
364 411 41 54 0.014588264
33 221 170 220 0.014582169
179 0 14 10 0.014581988
834 431 31 35 0.014581891
680 301 8 9 0.014576452
985 0 14 13 0.014575957
999 380 12 14 0.014572029
913 63 39 59 0.014571722
47 452 45 57 0.014568237
1019 402 5 24 0.014566644
1009 320 15 40 0.014563545
550 469 34 46 0.014563302
25 123 30 38 0.014561446
407 418 42 62 0.014561419
483 232 62 72 0.014556829
424 483 26 32 0.01455615
85 529 40 51 0.014555918
997 277 17 22 0.01455423
494 303 17 19 0.0145501
512 0 33 31 0.01454422
631 647 47 31 0.014543964
640 328 70 95 0.014541695
87 354 36 45 0.014538575
946 0 12 10 0.014536317
700 492 14 16 0.014533894
856 662 25 16 0.014529629
582 482 38 54 0.014523808
736 328 9 9 0.014522007
574 361 86 118 0.014521861
980 26 17 21 0.014514007
601 283 26 28 0.014513403
980 9 8 9 0.014513146
354 368 42 59 0.014500927
861 487 38 41 0.014500236
740 217 44 60 0.014498144
0 540 42 68 0.014493541
817 612 10 18 0.014492393
1008 38 16 53 0.014490999
671 312 26 25 0.014488601
488 121 11 15 0.014486299
1008 143 12 14 0.014485257
803 0 140 174 0.0144845955
630 439 45 56 0.014459922
829 396 27 32 0.014456649
807 224 29 38 0.01445441
472 120 11 14 0.014438917
259 74 21 21 0.014433506
138 521 41 54 0.014432544
721 0 144 153 0.014429307
819 632 11 16 0.014427745
66 346 40 51 0.014413677
106 307 44 65 0.014408932
251 45 33 39 0.014404534
959 408 24 30 0.014400161
813 498 29 35 0.014399279
704 431 71 88 0.014398666
680 300 58 64 0.014391835
813 447 15 20 0.014390032
194 0 34 34 0.014388048
734 564 23 29 0.0143863885
791 350 27 35 0.014385779
745 292 22 27 0.014381506
691 289 16 21 0.014374317
21 76 365 522 0.014371868
566 444 42 59 0.0143718645
403 566 156 112 0.014366151
641 310 23 26 0.014365651
979 460 30 40 0.0143645555
904 581 50 62 0.014360311
973 502 23 35 0.014356997
908 228 19 24 0.014351722
963 53 43 55 0.014351318
837 651 24 25 0.014338668
854 452 40 50 0.014322906
859 429 15 18 0.014322848
528 16 97 124 0.014317741
105 364 46 58 0.0143146245
148 125 21 31 0.014312646
388 0 36 35 0.014299881
700 662 34 16 0.014297991
740 300 15 20 0.014296416
915 338 38 42 0.01429238
43 119 10 9 0.01428851
97 189 89 98 0.01428034
606 588 142 90 0.014278294
940 1 8 10 0.014276575
999 358 21 29 0.014270453
895 503 24 31 0.014267414
957 286 23 25 0.014258831
104 387 48 59 0.014256241
94 123 40 62 0.014255628
218 410 30 40 0.014251763
702 115 29 35 0.014234287
374 228 8 9 0.014232639
520 288 27 32 0.0142226545
68 153 47 56 0.01422169
496 0 298 271 0.014221304
110 42 39 46 0.014218781
60 417 38 47 0.014214619
465 543 50 57 0.0142134875
668 282 15 16 0.014204731
51 300 42 62 0.014199514
634 155 38 61 0.014190972
544 204 64 81 0.014187283
524 309 47 55 0.014181479
495 14 92 118 0.014178696
951 324 40 54 0.014176922
557 276 32 30 0.0141764525
306 250 19 38 0.014170356
203 32 42 57 0.014168486
545 323 48 62 0.01416818
43 61 61 86 0.014167016
448 185 33 40 0.014165427
284 457 42 66 0.014163603
524 402 72 105 0.014163501
962 303 17 21 0.014157064
673 306 7 10 0.014154795
597 379 44 58 0.014144623
59 465 44 55 0.014140751
556 187 44 54 0.0141299665
514 238 42 48 0.014129529
673 32 44 64 0.014127858
601 427 47 63 0.014122048
274 408 46 62 0.014120805
791 135 18 19 0.014111049
383 47 48 61 0.014102982
693 498 24 29 0.014102734
447 140 26 36 0.014102658
195 148 11 13 0.014095027
915 255 9 10 0.014093115
948 5 9 10 0.014091979
773 504 39 44 0.014086339
157 462 49 65 0.014085666
497 128 21 38 0.014071455
146 419 41 58 0.014068847
158 523 40 50 0.014061438
711 15 49 55 0.014049445
867 5 10 12 0.014040807
684 396 66 82 0.014038603
861 637 13 14 0.014038398
610 257 67 66 0.014037138
940 544 39 41 0.014031761
396 379 39 55 0.014020241
266 496 44 59 0.014020118
213 514 47 61 0.014011982
21 9 10 11 0.014011942
828 492 46 51 0.014010604
456 376 43 60 0.014009175
353 410 24 32 0.013992917
115 329 44 60 0.013987796
51 508 20 25 0.013987059
894 316 20 21 0.013984353
1004 16 20 49 0.013981436
760 169 26 32 0.013980991
439 159 29 47 0.013980543
801 459 20 27 0.013976889
820 229 26 34 0.01397656
662 329 45 54 0.013974225
825 422 31 38 0.013961185
10 103 22 24 0.013959666
581 152 36 50 0.013959596
637 343 42 54 0.013958506
619 175 34 62 0.013957454
182 396 83 122 0.013939055
651 219 132 135 0.0139384875
972 411 26 29 0.013938023
236 383 44 59 0.013931588
62 73 35 52 0.01393152
837 286 18 21 0.01392366
930 344 24 28 0.013922179
778 265 31 38 0.0139200315
774 668 13 10 0.013919474
982 250 15 14 0.013919176
988 367 18 25 0.013916355
352 0 30 31 0.013915222
843 463 55 65 0.013911519
706 151 95 134 0.013909282
69 437 25 27 0.0139065925
911 247 8 11 0.013903731
39 457 11 14 0.013902985
628 319 41 54 0.013901644
503 0 25 24 0.013899802
954 625 28 34 0.013897267
576 326 79 107 0.013892256
158 16 33 41 0.013891559
669 307 8 9 0.013889225
491 104 50 55 0.013887407
1022 261 2 21 0.0138853025
596 341 41 59 0.013868851
190 386 46 63 0.013860057
808 121 38 44 0.013855357
829 469 27 28 0.013854398
557 238 60 64 0.013850696
646 118 65 88 0.013849915
317 221 58 79 0.013845131
866 0 22 16 0.013845118
990 51 34 64 0.013841845
209 91 66 86 0.013840136
968 401 26 29 0.013838148
681 482 10 11 0.013826962
282 52 30 36 0.013826336
443 108 40 45 0.013811538
924 324 37 44 0.013805841
204 0 32 23 0.013804754
958 34 31 40 0.013803938
430 502 48 58 0.013802018
0 41 4 9 0.013787102
0 438 36 54 0.0137819145
985 239 26 27 0.013765924
135 374 44 65 0.013762034
33 0 13 11 0.013756157
835 36 34 39 0.013752421
458 5 79 104 0.013751031
843 318 24 28 0.013745971
639 204 39 60 0.01374482
503 557 41 45 0.013742186
795 19 41 58 0.013739941
1018 646 6 32 0.013734993
912 520 29 31 0.013734092
805 204 27 29 0.013728868
908 240 10 10 0.0137253795
991 381 12 14 0.013716983
581 294 28 28 0.013707244
209 100 12 14 0.013690259
515 269 24 29 0.013683001
371 0 29 29 0.013682243
748 549 89 107 0.013672491
170 52 36 48 0.013643888
846 636 21 23 0.013643659
679 656 33 22 0.013642715
229 662 9 10 0.013637443
256 397 86 123 0.013632854
936 545 29 27 0.013630486
843 384 26 31 0.013629566
613 442 43 58 0.013616882
950 323 28 34 0.01360277
753 21 39 48 0.013591895
1008 524 16 39 0.013589412
231 123 46 56 0.013587868
444 395 45 64 0.013579814
57 88 28 36 0.013579463
583 283 25 28 0.01356806
392 290 22 24 0.013564945
943 206 19 28 0.013564745
644 423 52 69 0.013559465
970 258 9 11 0.013551891
750 248 36 47 0.013551169
765 30 41 49 0.013550905
107 622 103 56 0.013550653
973 214 18 17 0.013548027
466 121 13 15 0.013544276
179 530 47 58 0.013544003
222 163 45 54 0.0135348365
124 423 75 105 0.013532456
785 442 28 35 0.013532366
815 618 23 30 0.013530876
784 135 20 22 0.013527721
931 623 31 41 0.013527248
317 367 44 61 0.0135204205
11 69 18 19 0.013513973
933 43 42 53 0.013510234
827 228 32 40 0.01351005
466 389 66 95 0.013504732
89 285 44 58 0.013503563
255 444 47 63 0.01349549
357 433 43 65 0.013494996
274 8 33 41 0.013491511
742 37 44 59 0.013488483
656 202 31 28 0.013487711
253 93 40 57 0.013484313
758 411 47 48 0.01347748
502 291 71 84 0.013476307
300 251 12 14 0.013473369
701 574 22 25 0.013470553
1011 92 13 43 0.01346933
336 37 68 84 0.013467882
881 602 29 41 0.013460162
203 508 28 37 0.013457943
729 347 46 55 0.013457233
380 343 80 115 0.013456243
863 214 18 18 0.013442125
1005 533 19 49 0.013438851
487 410 61 90 0.013435831
330 115 57 79 0.013434809
665 11 89 115 0.013432484
416 172 26 39 0.013428516
624 22 54 62 0.013424835
780 179 15 21 0.013423273
954 120 23 31 0.013416132
870 617 25 32 0.01341185
735 212 32 34 0.013406493
297 409 44 59 0.013399551
947 353 26 34 0.013398046
811 158 13 15 0.013389472
748 9 18 21 0.013386131
818 489 32 38 0.013383699
781 11 18 22 0.013382509
659 281 22 23 0.013380967
54 532 42 52 0.013378682
296 69 44 77 0.01337752
700 444 108 132 0.013375854
967 25 16 20 0.013371743
656 112 20 24 0.013370484
819 630 8 11 0.01336937
496 342 41 54 0.013367411
726 507 51 55 0.013360573
233 366 43 54 0.013360395
817 668 10 9 0.013355255
219 45 39 52 0.013353563
985 426 26 30 0.013352074
0 77 14 35 0.013351639
958 194 18 32 0.013350594
583 426 46 63 0.013330504
330 327 36 48 0.013326972
319 21 30 36 0.013326028
1006 220 15 22 0.013318943
940 455 29 36 0.013317508
71 162 15 17 0.013315017
1023 294 1 18 0.013313247
677 320 40 49 0.013309668
706 127 13 17 0.013307028
355 103 85 105 0.0132999625
505 318 15 16 0.013299726
777 122 10 12 0.013298357
653 368 44 62 0.013291332
621 491 28 37 0.013289302
444 463 31 30 0.013288464
534 402 43 55 0.013287083
818 111 70 89 0.013285954
813 633 12 17 0.0132841915
166 18 44 57 0.0132817635
219 567 30 35 0.01327755
984 218 19 17 0.013277181
134 539 29 36 0.013276613
324 0 18 17 0.013270233
790 135 13 14 0.0132641
969 532 29 37 0.013263706
781 562 40 44 0.013257627
191 650 57 28 0.013255491
653 158 29 40 0.013254703
682 0 233 215 0.013250294
914 242 16 17 0.0132474555
414 396 45 64 0.013246553
873 423 45 51 0.01324079
761 162 20 25 0.013228328
687 13 39 47 0.013224649
142 196 26 27 0.013220526
576 505 24 35 0.013217734
683 486 56 70 0.013214677
491 182 354 373 0.0132127395
621 11 30 41 0.013207302
155 398 44 60 0.013197651
1018 574 6 30 0.013196318
9 60 15 16 0.013194599
1016 586 8 35 0.013194526
926 283 17 24 0.01318832
253 74 40 53 0.013187591
141 304 79 114 0.013179449
479 438 42 57 0.0131791355
217 170 82 98 0.013176027
787 0 23 24 0.013173063
996 394 15 25 0.013171776
63 165 18 27 0.013171266
675 478 20 25 0.013170606
761 194 28 39 0.013167346
732 604 27 33 0.013166671
49 121 33 38 0.013162997
1010 255 9 10 0.013160018
952 9 13 16 0.013155593
340 215 86 108 0.013153176
88 307 44 63 0.013150106
320 288 156 235 0.013148485
807 13 20 27 0.01314565
928 64 52 76 0.0131447455
510 16 32 43 0.013144071
947 571 27 31 0.01313635
845 2 7 11 0.013131137
519 403 41 57 0.013128692
881 310 21 22 0.013126321
11 91 27 30 0.013122788
166 24 19 26 0.013122112
289 331 41 57 0.013120587
760 479 36 40 0.013118171
627 353 40 55 0.013111688
732 372 47 54 0.01311086
983 438 18 21 0.013110342
90 59 12 13 0.013108655
596 515 22 34 0.0131051
58 487 38 54 0.013100505
803 605 14 19 0.013096904
602 396 29 38 0.013092969
111 78 68 93 0.013092232
420 113 31 38 0.01309156
488 287 8 10 0.013088297
790 545 38 46 0.013085915
411 473 40 52 0.013080568
679 539 46 48 0.013078942
980 514 25 32 0.013078599
14 9 30 36 0.013077516
959 257 16 18 0.01306798
691 424 46 60 0.013064353
846 201 16 25 0.013063864
383 231 101 133 0.013063668
873 192 40 44 0.013062353
709 327 46 56 0.0130613
642 480 63 83 0.013059686
807 467 39 48 0.013056673
166 480 29 42 0.0130499955
646 383 58 78 0.013046396
904 44 34 46 0.013045502
417 606 95 72 0.013043384
199 357 82 123 0.013042714
648 32 39 54 0.0130409
820 0 19 15 0.013040515
38 7 8 10 0.013038678
751 564 28 37 0.013038663
56 606 132 72 0.013037836
399 530 84 94 0.0130357575
196 519 28 36 0.013034449
824 568 35 45 0.013031818
491 0 15 13 0.013031225
673 391 42 56 0.013031168
460 332 79 107 0.013028704
577 456 41 62 0.013026144
769 148 17 21 0.0130174775
824 387 28 30 0.0130148735
0 656 32 22 0.013008351
872 320 12 16 0.013007531
128 359 42 54 0.013004976
907 246 8 10 0.012999281
116 291 44 57 0.012997524
1009 281 11 22 0.012993442
456 353 42 58 0.012991293
624 452 42 59 0.012990654
708 511 48 51 0.012985501
238 429 85 126 0.012979745
593 402 47 69 0.012977312
394 113 30 41 0.012976658
760 2 16 21 0.012972975
31 93 32 39 0.012972269
902 146 37 77 0.012968985
925 5 9 10 0.01296797
861 4 10 12 0.012966818
473 375 46 63 0.012962011
880 257 25 28 0.012961875
642 551 61 73 0.012960693
2 176 31 49 0.012959112
854 388 14 13 0.012955486
466 635 67 43 0.012950852
351 163 38 55 0.012947611
601 389 134 175 0.012942987
461 450 45 55 0.012935443
794 312 19 24 0.012931787
705 602 23 35 0.01292608
33 52 44 55 0.012926054
206 565 39 47 0.012919737
782 290 17 20 0.0129117835
968 210 16 19 0.012909032
128 396 46 63 0.01290655
990 274 17 23 0.012901836
324 71 21 27 0.012898394
477 235 40 52 0.012895738
107 496 40 59 0.012894937
870 219 18 21 0.012890283
320 322 81 116 0.012888487
974 228 18 19 0.012883104
524 553 67 87 0.012878429
224 106 8 11 0.012876494
673 0 22 21 0.012873628
788 251 30 36 0.012871625
45 359 77 109 0.012871328
911 26 26 39 0.012865818
857 98 47 61 0.012862236
67 398 43 56 0.012861206
39 145 15 18 0.012856751
704 315 38 46 0.012856021
778 0 115 132 0.012854647
476 352 43 60 0.012849897
729 17 32 36 0.012848647
12 76 28 33 0.012847097
634 235 44 60 0.01284147
897 0 16 11 0.012840219
1021 314 3 22 0.012833338
251 71 60 83 0.012833118
849 0 18 13 0.012832361
184 458 31 42 0.0128284125
730 282 26 34 0.012826754
476 105 43 48 0.012824027
820 11 10 12 0.01282278
561 252 30 33 0.012821014
327 154 71 90 0.012820976
512 549 42 41 0.012818672
638 197 74 95 0.012812999
819 46 9 11 0.012812431
1013 631 11 41 0.0128121255
202 2 63 72 0.012807899
730 297 26 31 0.012807852
505 390 64 92 0.012790641
960 19 12 14 0.012788127
817 605 24 28 0.012785822
423 103 72 91 0.012784441
390 491 41 50 0.0127811525
974 395 28 30 0.012779149
104 282 43 55 0.012775404
817 650 14 17 0.012773178
705 137 25 27 0.012772948
308 333 41 55 0.0127636865
437 546 49 64 0.012762086
498 599 27 30 0.012761947
662 13 26 22 0.012754601
746 551 34 39 0.012750953
901 353 42 50 0.01275057
483 172 45 59 0.012749661
255 370 44 60 0.012745296
388 417 15 18 0.012744824
816 364 16 22 0.012737227
682 304 36 42 0.012733707
902 542 28 30 0.012733583
604 130 55 89 0.0127313845
218 293 82 121 0.012730741
751 477 28 37 0.012729528
822 15 13 11 0.012727417
666 401 54 73 0.012725454
237 356 84 125 0.012721964
714 392 45 54 0.012720808
510 259 23 27 0.012720433
1020 372 4 23 0.012716923
381 504 41 59 0.012714884
78 331 42 55 0.012710822
0 39 15 29 0.01271011
247 49 24 30 0.012708503
692 0 26 28 0.012706555
796 216 30 28 0.012702651
782 602 27 32 0.012701656
757 137 25 29 0.01269904
517 0 154 187 0.012697329
815 631 9 11 0.012696241
241 412 41 56 0.012695081
684 52 40 55 0.012694409
958 219 17 22 0.012693953
97 320 85 119 0.012693701
27 4 18 23 0.012693196
375 490 30 37 0.01269015
360 320 41 54 0.01268685
828 125 46 58 0.01268074
722 620 17 19 0.012672416
332 463 45 63 0.012669784
727 590 16 22 0.012668212
319 447 40 56 0.012667607
173 246 407 432 0.01266427
665 114 14 18 0.01265684
939 205 15 23 0.012650309
194 253 69 90 0.012647617
359 235 148 214 0.012642505
698 560 31 23 0.012634887
974 205 16 19 0.012633503
196 454 40 48 0.0126208775
886 560 27 32 0.012618672
476 193 68 87 0.012614596
140 379 81 119 0.012612787
851 277 14 18 0.012610844
805 566 39 48 0.012610589
604 470 42 61 0.01260998
868 577 28 38 0.012609251
118 356 82 121 0.012609127
248 439 26 34 0.012607111
32 614 86 64 0.012605772
565 0 19 17 0.012603729
387 160 35 49 0.012602766
762 287 21 27 0.01259823
906 259 11 12 0.012593513
1010 208 14 22 0.012588092
423 519 101 88 0.0125791505
74 342 53 72 0.012576902
813 47 10 15 0.012576583
399 375 83 122 0.012572808
954 274 21 26 0.01257103
552 420 51 70 0.012570101
47 154 10 9 0.01256659
853 214 28 30 0.012556276
750 200 26 34 0.012555821
589 308 33 33 0.0125545245
868 64 54 75 0.012553918
503 518 28 37 0.012549518
546 280 14 18 0.01254893
862 323 88 109 0.012546219
536 563 42 54 0.012545326
490 598 44 52 0.012544564
782 130 8 11 0.012542345
812 182 24 36 0.012541455
1022 162 2 16 0.0125362715
570 210 175 163 0.01253616
961 8 8 10 0.012533849
505 252 12 13 0.012533105
411 143 124 136 0.012531086
349 9 32 48 0.012530389
719 156 29 38 0.012529876
1006 432 18 51 0.012522826
791 372 26 31 0.012522065
956 219 11 12 0.012520571
129 507 40 58 0.012518745
816 346 16 22 0.012518279
1018 599 6 29 0.012516454
200 290 42 55 0.012514446
487 117 17 28 0.012510243
617 565 48 56 0.012509242
690 313 11 10 0.012507611
643 316 28 34 0.012506749
661 313 12 12 0.012506285
378 331 43 54 0.012504155
835 371 11 12 0.012500722
0 8 7 10 0.012496537
275 378 43 58 0.01249255
765 299 9 10 0.012491004
518 448 44 60 0.012490519
867 196 28 34 0.012489005
12 53 46 53 0.012484631
657 123 25 40 0.012481693
930 150 57 78 0.012478874
605 291 39 37 0.012474604
176 523 24 31 0.012472589
960 448 27 36 0.0124714
76 427 25 31 0.012470605
91 422 53 70 0.012470404
890 34 26 39 0.012470046
384 508 73 97 0.01246886
139 210 9 10 0.012466845
910 243 9 10 0.012466093
863 466 39 47 0.0124612665
687 516 35 46 0.012460153
803 668 12 10 0.0124594
986 223 14 15 0.012455863
856 28 28 36 0.012448565
541 571 66 92 0.012446043
255 104 27 36 0.012444076
36 456 36 46 0.012442116
693 642 14 17 0.012441885
464 0 33 26 0.012441329
680 107 30 36 0.012439297
199 429 84 122 0.012438436
76 86 25 36 0.012438078
491 124 56 79 0.012436182
699 163 11 15 0.012435884
113 448 49 65 0.0124353925
639 240 11 12 0.012434153
319 80 16 13 0.012431062
265 398 28 37 0.012431003
420 316 33 35 0.012430947
359 326 78 110 0.012430917
149 441 72 101 0.012425337
486 514 46 56 0.012424169
261 319 82 119 0.012421604
3 90 79 117 0.01241832
1000 141 10 16 0.012417326
709 156 27 33 0.012408194
775 281 26 31 0.012407961
89 529 26 35 0.012406994
505 44 44 63 0.012406891
26 108 34 41 0.012403711
18 112 15 15 0.012402375
1010 168 8 9 0.012401715
533 424 48 68 0.012400807
510 279 25 24 0.012399992
811 444 27 31 0.012399076
665 428 38 52 0.012396657
886 203 33 36 0.012396383
99 471 33 43 0.012392196
819 7 16 19 0.012391066
820 53 69 92 0.0123892035
199 140 135 176 0.012389011
965 296 20 25 0.012385853
382 401 33 42 0.012385077
245 296 27 36 0.012379119
741 668 28 10 0.012377212
238 504 43 62 0.012374525
648 320 34 42 0.012372419
945 0 16 17 0.012369978
171 171 8 10 0.012369831
195 401 53 73 0.0123682935
671 191 54 68 0.0123617565
0 109 20 34 0.012358493
688 306 139 171 0.012358106
850 226 38 43 0.0123565905
458 143 36 46 0.012348981
299 366 42 62 0.012345185
701 123 9 13 0.0123449145
168 390 42 60 0.012342691
187 0 11 9 0.012331212
569 385 44 53 0.012329791
339 388 44 59 0.012327274
922 254 17 17 0.012322888
987 24 8 11 0.012320398
609 301 135 169 0.012320115
366 456 43 62 0.012319092
817 135 12 16 0.012315137
433 151 26 45 0.012311743
925 4 15 17 0.012310794
1009 293 8 11 0.012303285
924 529 31 34 0.012300995
886 512 26 30 0.012299776
1018 245 6 31 0.012296159
70 521 40 51 0.01229013
54 512 41 52 0.01228566
97 157 46 64 0.012283674
876 589 15 16 0.012280801
696 79 75 91 0.012271351
45 154 22 21 0.01226524
161 491 38 59 0.012258359
766 596 36 42 0.012257672
888 580 28 38 0.012255913
228 107 72 91 0.012255254
516 170 40 57 0.012254967
553 263 87 90 0.0122521715
628 498 29 36 0.012251195
1016 377 8 39 0.012250577
986 255 16 17 0.012250354
472 212 47 53 0.012241584
0 519 22 35 0.01224086
258 318 42 57 0.012239899
557 308 78 99 0.012239841
826 0 12 9 0.012235597
342 341 44 61 0.012233275
16 350 44 64 0.012231077
845 211 24 32 0.012229592
948 75 52 66 0.012229312
594 263 24 30 0.012225787
611 269 27 32 0.0122231
1010 138 12 14 0.012223036
977 14 11 12 0.012222747
129 320 43 57 0.012222711
482 157 28 39 0.012221817
896 227 11 12 0.012212356
1003 199 13 15 0.012211351
931 424 35 47 0.012211134
46 66 10 11 0.012208512
962 187 27 35 0.012205115
80 444 32 38 0.012203446
791 316 14 19 0.01220235
457 129 25 39 0.012192106
154 202 14 16 0.012191085
710 0 25 18 0.012190767
1005 154 8 11 0.012186641
401 480 80 111 0.012184434
539 325 80 108 0.012181657
446 275 70 81 0.012180825
307 386 43 63 0.012179523
819 22 19 26 0.012177836
993 329 29 38 0.012177031
298 495 49 60 0.012176353
366 382 40 53 0.012175955
754 309 22 29 0.012175797
600 630 71 48 0.012175591
1021 271 3 22 0.012174769
159 591 83 87 0.012174676
912 484 42 51 0.012172255
826 646 14 19 0.012163608
829 341 22 28 0.012161271
644 195 23 35 0.012159099
141 160 9 13 0.012156821
804 616 14 19 0.012153893
794 139 9 9 0.012151403
598 25 50 61 0.012148574
1023 156 1 16 0.012148514
819 40 7 9 0.012148231
301 245 21 32 0.012141538
963 225 17 21 0.012139561
243 125 24 37 0.012138686
885 530 23 21 0.0121363355
5 63 16 18 0.012124986
739 0 16 11 0.0121210655
697 157 20 24 0.012119265
4 337 74 108 0.012115815
1021 253 3 23 0.012114762
929 3 24 31 0.012112916
86 49 8 10 0.012112469
1004 370 18 26 0.012111139
1022 219 2 21 0.012108211
158 0 20 16 0.012104336
0 632 59 46 0.012104334
861 448 26 33 0.012103379
1022 143 2 20 0.01210224
976 11 8 10 0.01209924
137 464 47 62 0.012097638
413 39 91 116 0.012095436
481 311 73 96 0.0120868245
203 213 76 97 0.012086008
1022 300 2 21 0.0120855365
949 38 29 38 0.012083013
1023 158 1 16 0.012081092
661 310 8 9 0.012079379
828 271 18 20 0.01207654
714 598 16 23 0.012075084
913 3 10 12 0.012074817
71 332 29 37 0.012072843
181 160 34 51 0.0120712705
339 397 81 118 0.012071208
788 621 20 26 0.012069167
386 419 42 59 0.012069011
944 140 39 51 0.01206791
113 422 52 69 0.012067055
181 320 81 118 0.012064132
967 0 11 9 0.012062479
161 209 14 14 0.012061605
948 562 25 27 0.012060878
1017 412 7 32 0.012058204
95 79 43 59 0.0120557
132 446 40 58 0.012053754
1023 155 1 15 0.012053394
129 207 10 11 0.012049054
112 527 28 35 0.012048749
807 453 13 18 0.012047667
52 206 54 61 0.012046847
335 279 41 47 0.012045559
655 168 14 18 0.012042083
102 136 9 11 0.0120413
56 323 28 38 0.012040934
167 200 65 84 0.012038553
620 514 43 54 0.012037297
180 401 41 57 0.012035714
726 116 14 17 0.012035379
901 145 66 103 0.012032865
854 292 15 19 0.012032824
544 585 39 50 0.012024901
494 317 41 53 0.012020265
585 164 8 11 0.012019112
292 437 46 61 0.012017038
694 24 23 29 0.012016028
893 260 14 17 0.0120140435
905 257 9 9 0.012003908
1013 216 8 9 0.012001611
95 398 29 38 0.011999496
955 14 7 10 0.0119981915
184 47 47 61 0.011998153
913 388 41 47 0.011997004
868 656 17 21 0.011995189
495 73 87 111 0.011991827
461 131 15 16 0.011988153
904 195 35 52 0.011985226
1006 307 16 23 0.0119834235
693 391 43 55 0.011983141
104 63 43 55 0.011981454
841 492 26 30 0.011980868
425 408 67 97 0.011977726
955 461 35 50 0.011973505
490 274 10 13 0.011971351
203 214 144 203 0.011971343
711 424 48 58 0.01197134
497 299 16 17 0.011970764
362 486 29 38 0.011966039
1009 114 12 14 0.011964188
920 51 23 36 0.011962537
988 262 23 28 0.011958023
960 371 30 37 0.011957138
643 602 31 38 0.011956559
76 504 11 14 0.011954491
487 286 12 16 0.011951075
523 259 84 97 0.01195051
930 391 27 36 0.011944047
1001 252 9 10 0.011941169
225 427 45 61 0.011936979
423 496 29 38 0.011933549
245 152 150 171 0.011932396
861 628 12 14 0.0119296685
902 495 32 39 0.011927158
525 588 43 48 0.011923921
615 267 43 46 0.011921506
941 114 31 39 0.011918596
931 662 32 16 0.011918496
840 245 27 30 0.0119114835
659 316 28 33 0.011908484
945 334 32 42 0.0119082555
226 664 12 14 0.0119080525
0 446 21 38 0.011905572
919 598 47 56 0.011905291
995 169 20 26 0.011904656
809 305 16 21 0.011903634
0 341 44 69 0.01189415
519 346 82 111 0.011893484
882 19 25 33 0.011885904
723 484 27 36 0.011879276
514 320 43 54 0.011877458
789 137 24 27 0.01187698
1004 453 20 46 0.011875704
18 185 85 98 0.011872531
158 134 13 19 0.011872142
676 123 24 32 0.011869789
298 396 83 122 0.011869049
617 238 10 16 0.011868913
987 7 13 18 0.011865928
964 283 25 29 0.011863368
0 228 78 95 0.011860725
770 253 32 39 0.0118553145
942 384 16 22 0.011853174
149 512 38 52 0.011851693
315 71 18 21 0.011851224
877 503 40 47 0.011844776
145 324 39 51 0.011844422
661 481 28 37 0.011844412
586 549 75 90 0.011842823
829 300 25 33 0.011842509
630 368 45 61 0.011839886
882 303 17 18 0.011837198
123 287 77 108 0.011836371
343 447 46 61 0.011835945
413 126 30 39 0.01183435
753 597 36 45 0.011832863
945 246 13 16 0.011827324
91 482 40 63 0.011827032
363 80 66 79 0.011827001
978 340 35 49 0.01182319
991 201 12 17 0.011821587
820 18 8 12 0.0118202185
659 523 14 17 0.0118185235
457 291 48 52 0.011818466
824 200 19 27 0.011817598
447 169 32 42 0.011815347
380 420 21 25 0.011814112
774 40 40 54 0.011814057
440 230 75 89 0.01181317
977 198 21 25 0.011809373
943 217 13 18 0.011808909
313 601 84 77 0.011801294
403 173 24 34 0.011800445
994 374 12 16 0.011799903
749 65 83 111 0.011796298
850 44 8 10 0.011795345
291 423 35 48 0.011791853
755 165 23 31 0.0117886085
680 299 15 14 0.011785539
959 362 27 33 0.011782982
139 18 43 55 0.011779062
594 15 35 40 0.011771159
506 459 44 57 0.011768426
51 422 31 40 0.011768128
288 388 42 60 0.011767776
562 415 73 108 0.011765555
463 124 11 11 0.011760659
256 471 44 66 0.011759721
956 290 13 18 0.011758537
409 524 57 67 0.011757281
952 306 14 18 0.011757152
821 217 22 26 0.011756194
861 198 16 20 0.011751314
166 532 25 30 0.011749946
496 245 26 30 0.011746204
228 463 43 62 0.011743834
169 439 45 64 0.011742365
393 545 51 63 0.011740662
101 465 67 88 0.011738655
105 113 45 59 0.011735575
861 295 17 22 0.011733872
768 396 45 43 0.011730045
741 307 28 37 0.011727828
642 17 35 40 0.011727002
879 295 16 19 0.011724499
643 573 33 39 0.011724407
769 36 10 10 0.011724066
649 449 28 37 0.011723797
978 225 13 16 0.011722554
593 443 45 63 0.0117194755
542 36 46 63 0.011718584
442 0 31 26 0.011713673
820 409 27 33 0.011712119
810 630 14 14 0.011711871
2 0 15 11 0.011708242
387 480 31 45 0.011706277
722 113 13 17 0.011704767
568 401 54 74 0.011702332
84 0 147 125 0.01170031
184 7 30 38 0.011700249
0 568 26 53 0.011698147
163 324 43 53 0.011694435
0 46 6 15 0.01169437
947 17 11 11 0.011693501
686 640 23 30 0.01168951
557 308 20 19 0.0116894115
692 305 21 26 0.011687722
797 568 28 33 0.011687571
550 60 91 128 0.0116870515
465 428 43 58 0.011686304
629 548 103 113 0.011686099
173 660 53 18 0.011681185
578 577 28 29 0.011677608
774 181 13 18 0.0116747
885 333 22 29 0.011672819
932 291 17 28 0.01166876
331 47 24 34 0.011663682
211 517 29 37 0.011663371
924 271 21 28 0.011659685
1023 296 1 17 0.011658063
802 396 30 32 0.011657163
469 185 50 58 0.011650785
873 400 13 16 0.011648198
22 389 25 32 0.011644596
0 85 5 15 0.01164284
0 3 13 28 0.011641011
865 668 26 10 0.011635785
726 204 34 36 0.011635755
56 157 30 32 0.011635604
37 159 81 95 0.011630283
7 435 60 85 0.01162727
0 524 29 57 0.011625956
481 312 8 9 0.011625398
541 0 18 12 0.011622262
457 460 30 36 0.0116219
897 341 28 33 0.011621329
880 223 16 21 0.01162124
261 145 27 23 0.011620331
856 276 13 17 0.011617512
290 450 30 41 0.011615722
121 359 167 219 0.01161546
693 480 24 28 0.011614408
44 95 23 30 0.011612884
33 371 14 16 0.01161074
926 54 34 48 0.011606151
733 38 79 108 0.011605963
498 328 78 107 0.011604806
722 325 12 13 0.011599656
567 642 54 36 0.011593405
811 425 24 33 0.011592219
7 33 20 24 0.011588064
43 152 11 12 0.011585986
934 235 22 28 0.011585375
35 169 26 28 0.011584567
201 602 77 76 0.0115844095
656 290 11 11 0.011580267
474 148 27 36 0.0115801385
474 520 74 90 0.011580052
492 375 48 65 0.011574918
689 284 16 18 0.011566487
510 236 9 10 0.01156447
928 461 41 52 0.011562524
869 46 39 47 0.011562122
859 426 24 27 0.01156148
965 117 9 13 0.011560442
390 365 39 53 0.011555854
948 287 13 18 0.011555808
679 170 9 12 0.011553407
27 0 13 11 0.011553288
758 33 63 83 0.011549144
839 1 10 13 0.011538524
782 7 13 19 0.01153603
265 18 32 40 0.011532658
309 54 27 30 0.0115321195
402 292 13 18 0.011532055
157 368 43 59 0.011530906
970 5 9 11 0.011530151
803 99 64 82 0.011528
506 279 14 17 0.011527593
400 433 41 59 0.011527544
535 481 40 58 0.01152541
425 355 67 93 0.01152189
518 302 29 32 0.011516042
47 134 22 27 0.011512944
1018 512 6 29 0.011510039
0 244 45 64 0.011509636
123 96 41 58 0.011507346
939 303 19 27 0.011506228
631 235 21 21 0.011504807
272 122 9 11 0.011500727
464 597 38 42 0.011500124
675 292 8 9 0.011498794
827 632 16 20 0.011496765
478 0 21 17 0.011492747
573 350 45 56 0.011487683
895 372 37 48 0.011486446
379 600 84 78 0.011485033
275 88 46 62 0.011482073
788 109 25 29 0.011480883
367 483 65 97 0.01147629
588 14 28 33 0.011475366
524 308 72 96 0.011474197
540 236 31 38 0.011472625
162 358 81 120 0.011469714
828 258 14 16 0.011464172
181 628 73 50 0.0114624845
956 116 9 13 0.011461177
617 334 39 53 0.0114571005
245 484 44 64 0.011455824
103 535 49 59 0.011454838
659 111 12 15 0.011451136
866 417 27 31 0.011445254
561 353 69 93 0.011444774
413 37 52 61 0.011440872
798 405 34 43 0.0114384545
74 60 39 55 0.011437134
850 640 10 15 0.011436311
670 444 46 61 0.01143577
925 291 14 22 0.011434271
784 30 39 51 0.011434267
48 389 31 39 0.011434062
1018 564 6 27 0.011428113
138 171 28 38 0.01142465
226 4 319 363 0.011422513
12 577 51 61 0.011422389
737 0 23 19 0.011421297
20 526 41 53 0.011420425
587 362 42 56 0.011420344
311 120 53 72 0.0114164855
761 340 29 36 0.011416359
847 668 15 10 0.011416091
437 0 45 41 0.011416088
942 274 18 25 0.01141554
150 557 167 121 0.011406381
71 500 37 52 0.011402529
524 35 45 63 0.011401477
738 257 37 51 0.011398781
313 260 12 18 0.011398691
826 275 16 21 0.011395742
190 305 41 53 0.011393613
84 0 29 27 0.011392967
700 5 28 36 0.011390752
421 470 97 108 0.011386474
367 420 23 29 0.011385897
857 2 17 18 0.011383626
121 165 41 52 0.011382863
666 574 22 32 0.011376193
878 481 40 42 0.011375912
56 228 17 15 0.011375133
956 0 14 10 0.011374003
120 524 36 45 0.011373631
266 149 48 48 0.011373608
64 94 28 39 0.011372511
294 499 27 36 0.011371968
857 178 44 53 0.011366545
111 255 170 224 0.011364831
513 480 27 34 0.011364262
171 0 23 15 0.011364014
60 364 34 47 0.011363176
1020 608 4 23 0.011362207
966 630 13 17 0.011362171
45 527 23 26 0.011361947
903 242 7 10 0.0113598015
992 140 13 19 0.011358024
276 309 44 59 0.011357722
909 332 26 29 0.011354078
39 80 22 28 0.011349332
145 537 44 57 0.011348001
986 526 29 38 0.011346197
0 468 113 185 0.011343548
60 106 35 46 0.011343121
9 219 31 39 0.011341978
54 399 115 151 0.011341754
891 0 26 16 0.011340918
805 309 16 21 0.011339448
532 207 51 64 0.011338929
521 561 25 27 0.011338577
849 298 16 23 0.0113371415
804 315 22 27 0.011336834
905 594 31 42 0.011329913
519 252 16 17 0.011329791
1014 223 7 11 0.011328853
174 489 27 39 0.011328284
984 226 23 24 0.011324846
830 376 26 36 0.011324191
671 16 38 41 0.011322853
573 0 9 10 0.0113218995
770 137 8 10 0.011321405
264 111 36 44 0.01131846
850 448 27 33 0.01131733
136 368 27 33 0.01131266
851 4 11 15 0.011310017
153 237 48 59 0.011304724
254 157 47 66 0.011301958
866 444 35 43 0.01130163
447 344 41 54 0.011301236
208 31 58 80 0.0113000395
964 567 44 53 0.011295675
1006 164 12 14 0.011294777
691 91 131 175 0.011290741
154 434 43 65 0.0112867765
529 211 130 136 0.011285781
565 309 33 32 0.011285631
905 449 30 37 0.011283505
780 588 27 32 0.011282928
69 184 171 185 0.011277062
7 510 37 45 0.011275819
749 325 38 49 0.011272649
134 146 78 105 0.011270623
807 340 22 27 0.011270372
1023 150 1 16 0.011269782
721 507 25 38 0.011268489
855 422 14 17 0.0112676965
570 31 96 127 0.011266137
828 44 10 12 0.011263692
474 277 19 22 0.011261174
0 52 6 15 0.011261066
922 314 22 32 0.011259323
963 633 24 32 0.011255429
899 29 28 39 0.0112530645
896 0 10 9 0.011251949
508 428 66 96 0.011250865
839 319 144 186 0.011246029
149 190 52 63 0.011244757
436 377 43 59 0.0112378
305 0 15 14 0.011237337
806 434 165 190 0.011235384
794 452 17 23 0.011232833
766 116 20 25 0.01123259
960 170 23 37 0.011232114
942 421 25 33 0.0112302825
859 0 10 10 0.011227664
278 348 42 59 0.011224504
206 129 77 101 0.011224166
213 581 29 37 0.011219535
501 580 43 49 0.011219234
387 410 66 93 0.011217161
387 427 17 22 0.011214388
632 391 47 56 0.011205507
41 36 38 53 0.011205431
369 189 37 38 0.011203358
859 271 24 24 0.01120311
741 496 106 125 0.011201149
52 398 34 48 0.011199324
366 347 44 59 0.011195443
937 34 10 13 0.011193717
282 113 43 52 0.011192892
815 616 7 12 0.01119018
554 217 43 51 0.011188803
531 505 24 28 0.011188787
238 152 77 94 0.0111790635
395 0 15 11 0.011178068
273 146 18 20 0.011177338
657 169 10 12 0.01117501
834 637 24 23 0.011173745
281 503 34 45 0.011173651
586 24 34 41 0.011173311
868 17 27 36 0.011170223
1019 361 5 23 0.011168057
48 10 40 55 0.0111659765
395 561 89 107 0.011165884
861 474 26 32 0.011159823
145 530 27 34 0.011156233
501 0 10 9 0.011154889
655 285 113 113 0.011153982
699 143 12 17 0.011150429
224 109 40 52 0.011149171
526 267 142 164 0.011147201
0 121 15 30 0.011146302
963 308 22 25 0.011144375
72 163 8 10 0.01114269
735 618 23 25 0.011141678
352 416 36 52 0.011141613
987 280 17 22 0.011139103
389 196 34 40 0.011138551
490 310 16 17 0.011138183
622 575 31 38 0.011136063
671 466 91 107 0.011135292
497 477 43 61 0.011131551
364 442 72 107 0.011131274
815 638 17 25 0.011128713
436 467 29 36 0.01112575
222 457 29 39 0.011125587
859 320 13 18 0.011121954
37 11 9 11 0.011121539
272 407 28 36 0.011120819
273 287 47 58 0.011119442
578 489 120 141 0.011118267
475 118 11 14 0.011116862
353 478 29 38 0.011113417
1000 403 12 19 0.011109796
1003 382 8 10 0.011107016
419 340 39 55 0.011102817
720 142 17 20 0.011100932
222 7 26 34 0.011100531
1007 169 11 17 0.0110998005
818 35 32 41 0.01109879
0 208 4 10 0.011096195
71 478 68 91 0.011094084
1017 0 7 25 0.011093751
907 327 17 19 0.01109206
766 499 28 30 0.01109085
490 291 9 10 0.011090027
820 477 30 33 0.011088762
85 180 27 40 0.011088633
516 132 45 60 0.011087969
310 426 43 65 0.011085872
1015 119 9 30 0.0110852895
66 444 35 42 0.011085223
39 186 46 54 0.011083572
784 405 95 125 0.011082429
111 14 49 65 0.011082357
665 288 9 10 0.01107981
711 605 15 23 0.011079202
656 654 38 24 0.011079022
695 293 19 25 0.011078796
112 206 57 64 0.011078418
1008 63 16 53 0.011075292
776 645 21 30 0.011073928
887 222 21 24 0.011068844
567 496 41 54 0.011067802
866 0 11 10 0.011067501
416 490 27 34 0.011064879
654 114 14 17 0.0110588465
183 491 30 40 0.01105756
10 142 172 186 0.011057127
753 578 23 32 0.0110549815
758 10 14 18 0.011050929
696 306 37 42 0.011050731
780 331 26 34 0.011050618
96 375 27 35 0.01105039
891 225 13 14 0.0110499505
638 133 42 62 0.011048349
947 352 13 17 0.011041654
980 48 26 37 0.011040726
762 320 24 33 0.011040207
191 149 34 54 0.011033751
554 295 18 18 0.0110324565
970 296 25 31 0.011030208
146 187 15 18 0.011029412
794 182 19 26 0.011029039
151 599 48 51 0.011028636
670 355 115 150 0.011028258
661 63 77 105 0.011023935
620 39 78 125 0.011023656
694 596 19 30 0.011023643
693 32 14 14 0.011022009
1020 412 4 23 0.0110187335
642 500 28 35 0.011017432
830 504 104 118 0.011011322
691 302 14 16 0.011011042
726 175 35 47 0.011007461
741 570 12 17 0.01100698
1011 119 9 14 0.011006494
962 259 9 11 0.011004741
310 175 57 81 0.011003485
652 290 12 14 0.011002211
687 308 9 10 0.011002045
559 325 30 40 0.011001495
992 26 9 10 0.010993987
923 6 19 25 0.010991284
154 539 27 34 0.010990923
423 0 29 25 0.010990029
250 59 26 26 0.010988167
968 172 30 38 0.010986608
767 346 31 37 0.010983667
798 323 22 24 0.010981404
459 178 33 39 0.010977729
914 235 16 17 0.010975169
1007 149 9 10 0.01097465
971 379 19 24 0.010968626
424 139 27 38 0.010967627
32 182 33 48 0.010967581
272 427 30 39 0.0109655885
943 11 15 18 0.010963632
547 459 51 69 0.0109561365
1016 618 8 31 0.010955314
995 187 19 26 0.010954122
1023 299 1 17 0.010951973
0 411 39 61 0.010950725
207 365 47 57 0.010950104
1022 167 2 21 0.0109496545
742 0 28 25 0.0109488545
153 422 27 36 0.010948459
661 585 25 36 0.01094774
613 239 42 52 0.010946693
815 154 14 21 0.010942262
962 330 43 60 0.010940697
48 53 11 12 0.010940146
721 361 72 80 0.010934975
153 126 11 13 0.010930776
1012 536 12 35 0.010929285
19 322 119 164 0.010927484
55 13 47 75 0.010926245
259 341 39 54 0.010922124
683 478 23 28 0.010920097
228 525 46 61 0.010919733
280 356 82 122 0.010917056
1018 318 6 28 0.010916111
605 505 43 56 0.010910919
823 136 9 14 0.010908659
429 189 30 44 0.010907724
247 150 33 34 0.010907467
777 310 14 19 0.010905992
3 271 78 107 0.010904216
700 548 42 34 0.010902124
766 401 30 29 0.010901662
823 313 21 27 0.0108930785
544 313 31 38 0.010891591
987 157 25 31 0.010888588
194 614 26 31 0.0108858645
248 60 13 14 0.010885761
549 307 20 19 0.010885667
684 129 19 21 0.010884188
203 472 46 62 0.010880726
1006 144 7 12 0.010879135
332 207 49 65 0.010877649
141 233 69 93 0.010877111
800 127 23 29 0.0108769955
417 444 43 60 0.010875445
761 577 25 31 0.010874869
481 313 11 16 0.010873883
731 576 12 17 0.010873521
954 115 15 20 0.010865341
741 596 24 35 0.01086529
908 263 19 23 0.010863453
486 396 44 62 0.010862239
515 568 40 48 0.0108610075
324 501 32 41 0.010860239
231 211 81 99 0.010858035
550 277 13 17 0.010856948
801 181 24 32 0.010856258
214 170 35 46 0.0108543495
979 593 25 32 0.010853406
140 304 41 57 0.010850135
359 338 152 217 0.010848173
340 234 42 51 0.0108481515
934 451 25 32 0.010847755
589 645 52 33 0.010842634
793 425 24 33 0.010839475
818 1 14 18 0.010839117
862 304 18 24 0.010837344
267 133 30 32 0.010828077
158 344 42 59 0.010826969
210 110 38 49 0.010826953
990 384 18 26 0.010823512
916 29 14 19 0.010823383
619 513 70 90 0.010809944
96 508 27 36 0.010809171
22 4 14 18 0.010808847
429 351 39 56 0.010804656
522 578 26 32 0.0108043775
39 153 16 17 0.01080393
1021 574 3 20 0.010801165
917 581 31 38 0.010800574
718 567 25 32 0.010800402
951 133 28 37 0.010795778
54 513 22 27 0.0107956985
841 299 18 22 0.010790011
761 560 24 31 0.0107872095
905 655 13 18 0.0107818255
793 666 14 12 0.010781671
956 592 35 42 0.010777874
1022 293 2 16 0.010776548
235 5 17 23 0.010776345
62 88 69 101 0.010776156
911 285 21 24 0.01077545
554 264 28 35 0.01077465
1021 451 3 32 0.010772312
549 374 41 59 0.010767052
581 163 14 20 0.010766477
369 529 67 90 0.01076637
505 332 42 52 0.010764874
656 441 33 45 0.0107632335
670 515 27 35 0.010762695
487 306 150 193 0.010761565
72 167 93 96 0.0107613355
236 65 10 11 0.010758563
572 22 31 43 0.010757684
488 141 20 29 0.010757078
795 624 21 28 0.010756919
130 103 11 15 0.010755133
684 328 66 85 0.0107548535
981 446 21 29 0.010754312
11 187 31 42 0.010750797
525 385 39 59 0.010750141
464 394 44 62 0.010747089
652 194 25 30 0.010746397
40 270 82 108 0.010742527
283 353 153 217 0.010741901
46 547 20 25 0.010735656
283 428 29 38 0.0107331155
865 202 16 22 0.010732948
947 220 13 18 0.010730851
706 121 9 10 0.010729026
659 306 8 10 0.010728274
79 291 80 109 0.010726582
1000 295 14 17 0.010726581
852 357 20 29 0.010725624
607 548 45 55 0.010725219
560 348 143 187 0.01072414
286 0 25 17 0.010720799
995 228 14 16 0.010719967
218 482 43 63 0.010719269
708 594 10 16 0.010718121
939 529 30 33 0.010717593
244 295 159 236 0.01071442
466 130 30 34 0.010713727
581 7 26 35 0.010706641
247 305 43 58 0.010704371
277 595 88 83 0.010703377
32 340 52 72 0.010703103
705 155 15 22 0.010702136
312 229 7 9 0.010701774
223 623 75 55 0.01069705
388 26 52 64 0.010694395
430 493 17 16 0.0106937755
184 520 27 33 0.010690498
534 601 32 27 0.01068895
0 485 39 61 0.010683576
769 368 32 37 0.010682694
984 226 13 16 0.010679621
99 382 37 49 0.010679285
674 109 24 27 0.010677346
23 455 34 46 0.0106762545
733 559 11 14 0.010675699
704 468 40 51 0.010674723
263 84 13 15 0.010674172
196 543 32 30 0.010673115
168 306 41 54 0.010672191
676 339 43 53 0.010668137
869 281 12 13 0.01066115
693 368 43 58 0.010658226
196 152 9 15 0.010658037
209 537 31 40 0.010654892
809 40 11 12 0.010653921
898 531 29 30 0.010652606
815 52 9 11 0.010645967
619 416 48 69 0.010644873
407 427 66 95 0.010642447
144 358 43 57 0.010641154
586 236 60 67 0.010639044
948 390 26 34 0.010638533
770 577 28 33 0.010637181
815 143 19 32 0.010636722
619 180 116 143 0.010636175
602 242 12 11 0.01063592
11 156 36 53 0.010633875
271 459 39 51 0.01063251
354 9 12 16 0.010631697
755 0 31 27 0.010625746
152 645 52 33 0.010624914
108 144 42 58 0.010620931
1013 57 11 38 0.010617388
481 554 33 37 0.010617126
993 132 14 21 0.010611079
485 583 25 32 0.010610141
428 121 20 24 0.010605885
185 143 27 39 0.010605365
147 183 10 15 0.010603961
768 172 16 21 0.010599984
432 488 28 35 0.010599481
852 401 14 12 0.010598467
977 27 23 32 0.010597835
513 565 26 31 0.010595945
179 371 43 57 0.010594287
262 437 29 38 0.010592012
253 512 48 65 0.010589042
977 67 36 43 0.010586658
332 19 30 37 0.010583195
125 49 70 99 0.010583125
529 9 52 61 0.010580117
40 455 21 27 0.010579147
785 175 17 21 0.0105728945
782 489 120 140 0.010572848
347 140 63 77 0.010572561
990 227 15 15 0.010570571
19 246 85 105 0.010568579
976 0 13 10 0.010566152
727 624 15 17 0.010564019
746 413 30 31 0.010561996
1023 264 1 19 0.010558233
699 177 29 40 0.010554009
488 46 41 60 0.010551864
931 43 23 34 0.010551701
524 118 11 14 0.010547058
713 313 24 28 0.010543322
957 108 28 38 0.010542792
35 540 32 41 0.010542422
668 363 53 73 0.010539894
849 646 21 27 0.0105395345
781 382 25 30 0.010534934
812 518 30 41 0.010532904
55 470 30 37 0.010530855
521 250 16 11 0.01052982
28 16 8 10 0.010529295
775 114 17 22 0.010528983
1001 380 8 10 0.010520896
0 29 6 11 0.01052033
193 69 61 90 0.010517456
156 129 9 12 0.010516334
998 198 13 14 0.01051144
288 236 65 83 0.010509532
628 477 32 43 0.010501674
745 276 21 29 0.010501335
704 280 110 124 0.010500615
94 180 29 39 0.010495753
815 218 18 17 0.0104948105
0 603 41 65 0.010488721
792 0 11 10 0.010487586
691 28 42 54 0.010484816
809 28 9 13 0.010483108
32 351 29 38 0.010482397
700 136 12 15 0.010481817
546 411 42 59 0.010481077
264 270 45 57 0.010477841
147 351 66 93 0.010476537
856 202 15 21 0.010475547
833 359 14 19 0.010475136
858 281 18 22 0.010473121
7 112 24 33 0.010473095
147 26 68 94 0.010472792
248 78 17 18 0.010471009
927 500 30 38 0.010469439
509 103 46 39 0.010468117
433 444 35 46 0.010466557
549 565 27 32 0.010464533
200 0 18 13 0.010462895
257 236 72 87 0.010461837
461 419 75 112 0.010460096
641 180 41 59 0.010460029
826 286 16 21 0.010458248
508 492 14 19 0.010455868
263 416 30 40 0.010455725
34 170 8 11 0.010453241
988 410 21 27 0.010451424
770 420 27 31 0.010451155
733 415 27 30 0.010450807
935 4 15 17 0.010450153
693 325 44 54 0.010449332
854 666 15 12 0.010445843
911 213 21 31 0.010439294
80 381 148 181 0.010439232
40 512 27 34 0.010436527
832 52 14 15 0.010435494
869 206 17 20 0.010432719
153 124 16 19 0.010431508
942 466 40 56 0.0104300035
965 647 31 31 0.010429859
124 482 26 34 0.010428317
577 578 38 46 0.010423122
522 275 23 25 0.010422693
35 45 12 16 0.010422011
0 342 16 25 0.010421239
962 268 21 27 0.010420564
973 259 13 15 0.010420026
992 20 11 12 0.0104191005
661 114 22 27 0.010418811
1023 455 1 23 0.0104181245
667 511 20 28 0.0104181245
292 40 15 13 0.010416843
930 6 8 10 0.010413001
665 515 42 55 0.010409972
786 408 34 40 0.01040742
95 338 33 48 0.010407121
830 66 92 129 0.010406904
599 523 15 22 0.010403934
887 319 16 18 0.010380074
593 0 25 18 0.010377505
895 620 32 43 0.010376477
1009 169 7 10 0.010375914
830 282 18 21 0.01037359
170 417 41 57 0.010372536
180 426 41 62 0.010371083
563 14 32 42 0.010370586
955 319 16 20 0.010368178
841 569 27 40 0.010366747
172 600 48 49 0.010366239
109 34 60 81 0.010365523
226 464 68 97 0.010363109
378 431 134 166 0.010363059
674 591 20 37 0.010361224
499 520 109 112 0.010360466
958 548 24 30 0.010360449
874 274 15 20 0.010358826
48 127 10 13 0.01035871
914 162 36 66 0.010357522
287 110 64 89 0.010356415
985 321 10 11 0.010355894
0 495 53 101 0.010355641
310 246 67 91 0.010351834
886 591 24 38 0.010348543
1002 182 14 21 0.010345818
871 69 81 124 0.010344991
811 571 26 33 0.010341773
249 331 38 51 0.010341323
940 374 17 23 0.0103413025
678 315 11 13 0.010340501
964 205 15 20 0.010340378
381 460 76 109 0.01033947
994 122 14 20 0.010335607
955 10 8 10 0.01033499
848 13 9 10 0.010333198
230 110 18 24 0.010333027
284 557 147 121 0.010331321
967 244 22 23 0.010327676
476 599 41 49 0.010327501
1008 197 12 16 0.010327221
31 547 83 100 0.010325346
664 314 13 14 0.01032494
575 0 29 25 0.010324089
405 351 42 56 0.010323972
779 464 28 39 0.010323841
226 589 23 32 0.010323758
758 19 26 33 0.010320357
159 211 9 9 0.010318178
978 267 25 31 0.010317161
854 30 7 9 0.010314705
895 332 15 15 0.010313801
0 308 45 69 0.010311273
763 302 15 22 0.010310531
823 30 12 15 0.01031035
583 502 29 39 0.01030801
467 344 40 54 0.0103060035
822 129 28 35 0.010305759
296 553 47 64 0.010305424
769 68 46 60 0.010302557
557 485 40 55 0.010299168
0 369 11 17 0.010298341
614 174 28 48 0.010297174
286 37 23 25 0.010297138
846 24 19 23 0.010296226
603 357 66 89 0.010292947
452 487 45 63 0.010291608
742 191 25 36 0.0102906665
163 0 13 11 0.01028969
804 379 14 16 0.010289262
311 65 19 19 0.0102884425
13 127 21 24 0.010285529
684 627 24 32 0.010283797
414 438 28 39 0.01028123
244 456 29 40 0.010281162
13 543 31 39 0.01027836
163 272 70 99 0.010277919
797 618 11 16 0.010277397
199 248 44 59 0.010277033
884 54 23 32 0.010274156
515 502 37 47 0.010270652
652 592 26 36 0.010267408
819 560 32 39 0.0102673415
367 399 27 30 0.010267203
1012 154 11 13 0.010264415
0 22 15 24 0.010264064
667 32 29 42 0.010262513
944 369 21 29 0.010261838
671 140 27 33 0.010260229
183 586 49 56 0.010259703
185 141 10 11 0.01025824
245 176 47 57 0.0102581335
876 355 19 30 0.010257693
548 182 10 13 0.010256549
193 450 28 39 0.010255458
0 551 23 44 0.010251839
462 33 46 66 0.010249055
757 420 30 32 0.01024729
923 9 8 10 0.010246256
958 217 14 15 0.010244842
782 125 13 15 0.010244775
1012 228 10 13 0.010244445
827 93 47 61 0.010244059
978 358 16 20 0.010243038
781 511 26 30 0.010241841
881 244 30 27 0.010240118
0 377 114 204 0.010239411
585 245 37 44 0.010235911
0 227 126 203 0.01023557
746 109 37 43 0.01023192
928 201 13 23 0.010231617
652 214 16 18 0.010231548
821 628 13 17 0.010229876
890 663 28 15 0.010225779
496 291 10 10 0.010225702
855 643 8 11 0.0102249645
656 16 27 31 0.010222348
375 437 42 61 0.0102218
260 122 24 33 0.0102210175
1003 274 16 19 0.010219313
494 287 19 22 0.010217258
377 31 39 51 0.010216657
743 170 26 34 0.01021647
499 23 41 62 0.010213593
712 616 20 24 0.010207393
864 401 21 23 0.010204566
656 159 19 25 0.01020415
961 441 16 22 0.010202922
610 308 27 33 0.010202014
548 545 46 47 0.010201819
194 16 31 41 0.010201782
1017 522 7 34 0.010200731
24 111 11 13 0.010200419
937 315 23 30 0.010197928
403 0 43 42 0.010197312
847 49 45 57 0.010196955
123 262 9 11 0.010195383
41 72 35 48 0.01019515
915 645 25 32 0.010189508
69 293 44 55 0.010185919
495 575 36 42 0.010185219
208 286 69 94 0.010183268
339 505 45 57 0.01017882
684 133 11 14 0.010175828
326 388 66 96 0.010175712
638 189 23 35 0.010174142
603 486 74 97 0.010173859
649 23 136 177 0.010171042
521 487 27 36 0.010171022
769 296 11 12 0.01017077
929 18 16 19 0.010170332
1009 165 7 10 0.010169966
245 329 68 96 0.010167586
453 215 43 50 0.010166406
173 341 53 73 0.010166316
852 383 19 22 0.010166308
868 299 11 14 0.010166079
312 401 52 72 0.01016566
204 387 30 41 0.010164604
532 242 26 31 0.01016396
67 425 25 31 0.010161126
92 102 37 60 0.010157093
780 500 25 29 0.010156973
633 97 54 82 0.01015521
92 0 34 34 0.010154962
474 37 87 110 0.010154088
951 205 14 23 0.01015279
763 301 8 10 0.010152654
766 158 13 16 0.010152165
421 557 51 59 0.010150277
1003 253 13 13 0.010149521
611 447 30 39 0.010148961
214 449 28 39 0.010148625
523 248 26 26 0.010148014
570 278 26 32 0.0101462025
157 171 40 48 0.010145881
977 381 12 16 0.010145868
806 330 21 22 0.0101451995
705 35 10 11 0.010144454
727 85 62 74 0.010144097
47 0 9 9 0.010142277
989 197 12 16 0.0101420125
325 44 21 27 0.010141422
884 154 47 73 0.010141118
770 0 19 20 0.010140116
91 90 69 98 0.0101395
0 46 247 386 0.010138913
553 469 13 17 0.010138382
893 241 15 15 0.01013767
527 464 60 87 0.010134685
566 233 38 44 0.010134519
723 549 24 25 0.010133016
27 181 24 37 0.010132993
80 127 41 63 0.010131868
514 280 15 16 0.010131715
191 197 70 88 0.010128148
773 142 17 20 0.010125915
921 333 24 30 0.010121255
147 122 16 19 0.010119191
82 314 35 46 0.010117097
140 340 41 55 0.0101152025
503 238 133 150 0.010113072
580 445 31 40 0.010112299
911 239 10 9 0.010111943
831 475 41 44 0.010107519
214 137 46 65 0.010106074
464 386 27 38 0.01010042
747 586 21 34 0.010100317
41 468 40 53 0.010099944
29 413 66 93 0.010098102
753 289 9 13 0.010095781
534 310 28 32 0.010094932
365 390 67 94 0.01009317
912 260 10 11 0.010091988
969 144 27 32 0.010090688
171 535 34 43 0.0100900605
674 322 14 13 0.010088009
784 628 18 28 0.010087028
620 359 32 44 0.010083548
127 149 165 175 0.010081337
352 494 29 38 0.01008041
224 350 68 95 0.010079331
392 420 22 29 0.01007737
937 388 19 25 0.0100770295
433 131 26 36 0.010077017
771 135 8 9 0.010075523
416 371 42 56 0.010075131
817 372 22 24 0.010074613
732 303 7 9 0.010074436
516 374 39 54 0.01007304
656 188 48 60 0.010072785
999 152 9 11 0.010071009
674 310 7 11 0.0100696925
752 282 10 13 0.010068868
952 544 18 17 0.010065612
293 0 11 9 0.010065057
206 407 32 42 0.010061894
528 556 41 46 0.010061441
50 153 13 11 0.010060722
1022 457 2 28 0.010059341
46 84 21 29 0.010056882
669 306 19 18 0.010056528
130 283 41 54 0.010056502
693 134 17 18 0.010053909
349 311 41 54 0.010053694
244 508 28 38 0.010052715
1020 429 4 24 0.010052578
168 237 60 85 0.01005039
858 330 12 15 0.010050122
0 98 126 186 0.010048837
1012 166 9 10 0.01004836
955 280 13 16 0.010046923
383 59 66 83 0.010046675
989 373 13 15 0.010043509
791 160 15 21 0.010041665
899 229 11 13 0.010041589
252 81 22 22 0.010040907
997 120 10 12 0.010039813
1020 113 4 19 0.010039759
426 322 41 50 0.010037614
1021 237 3 23 0.010036861
887 221 8 11 0.010035811
712 366 45 57 0.010032909
171 597 25 18 0.010032092
311 0 19 15 0.010030984
954 557 31 37 0.0100285625
24 11 11 14 0.010026921
660 571 14 17 0.010023953
67 67 28 38 0.010019342
963 285 16 17 0.010017773
898 224 12 13 0.010017085
453 523 46 61 0.010013854
794 169 17 19 0.010009922
623 527 29 31 0.01000697
0 371 21 36 0.010006736
620 99 117 150 0.010003936
997 157 15 19 0.0100028915
73 529 22 30 0.010001988
202 148 40 61 0.010001402
763 637 24 35 0.010000111