57_Angler_peoplefishing_57_566
2541
471 385 12 16 0.7367204
327 420 12 16 0.66930044
500 427 11 14 0.6398156
501 219 10 14 0.6200964
424 437 9 12 0.6049468
263 416 11 14 0.60239637
250 408 11 14 0.58140314
457 428 6 10 0.38929954
608 414 10 14 0.17089392
460 458 11 19 0.15550753
455 429 8 14 0.1342113
325 415 11 15 0.12875974
565 465 8 9 0.12661429
254 410 12 16 0.12536699
454 455 13 21 0.11984782
248 406 10 12 0.11971561
609 413 6 9 0.11204197
420 435 10 11 0.10309125
446 533 20 16 0.09904573
505 410 10 12 0.09885966
598 167 13 14 0.095980756
557 170 10 14 0.09450033
266 413 11 14 0.09074687
457 425 10 13 0.09046584
267 418 9 13 0.08157474
503 222 10 14 0.07992197
503 424 12 15 0.077961415
237 449 14 21 0.07703209
611 413 8 11 0.07631166
252 414 9 12 0.07520736
500 421 10 14 0.07352991
258 414 11 14 0.072054304
441 276 8 9 0.067171626
606 414 8 11 0.06716256
447 538 20 21 0.066689305
394 299 14 13 0.06645877
330 424 10 11 0.062720194
470 322 10 14 0.06264213
497 424 11 15 0.06256787
393 303 14 15 0.06173597
415 207 7 13 0.061086595
264 412 8 13 0.060935505
426 435 10 14 0.05978966
418 435 8 9 0.058944367
539 170 15 18 0.05870168
418 438 12 12 0.05781317
453 432 7 11 0.05769167
567 464 12 11 0.05744039
565 467 11 11 0.05681687
327 426 11 14 0.055696063
457 430 10 14 0.055295493
425 327 9 19 0.05504054
484 256 14 15 0.053239197
484 382 10 12 0.053038906
500 432 10 13 0.05210815
504 219 9 11 0.052095506
253 406 9 12 0.051267963
454 428 7 11 0.050984625
552 173 14 17 0.050824877
470 380 19 25 0.050737977
513 472 16 15 0.05069443
484 429 13 17 0.050301075
485 520 10 11 0.04978395
503 446 9 13 0.049681835
401 435 10 11 0.0496436
542 180 17 16 0.04963525
462 274 8 10 0.049399983
489 414 19 24 0.048583668
248 411 9 11 0.048525933
499 224 9 11 0.047200896
454 421 9 15 0.047119405
486 423 12 15 0.046929944
463 458 11 16 0.04679236
501 226 9 11 0.046678513
499 413 13 15 0.04627705
576 484 10 10 0.045542665
380 430 10 11 0.045128826
452 457 10 20 0.04501537
506 416 11 15 0.045015365
115 532 62 34 0.044874854
519 486 11 14 0.044382643
422 442 9 13 0.044182584
629 223 16 21 0.044079646
544 260 17 22 0.043632627
391 307 12 12 0.04311205
603 169 11 13 0.04295261
415 434 9 11 0.04267709
450 427 10 16 0.04192498
322 427 15 20 0.041610837
455 420 14 19 0.041432384
433 422 8 10 0.04095172
485 419 19 22 0.040877894
312 452 10 12 0.040857345
460 429 8 10 0.040420838
257 413 8 11 0.039901584
388 303 13 14 0.03911859
346 389 9 10 0.039067917
406 435 9 11 0.03898272
327 410 13 18 0.03894662
558 175 9 13 0.03860571
381 307 42 36 0.03859424
523 490 8 10 0.03830978
505 421 9 11 0.038236532
498 214 11 16 0.03822879
415 279 8 10 0.037973866
463 463 13 18 0.037961442
429 330 8 17 0.037790712
519 476 11 18 0.037540153
449 527 16 16 0.037458126
400 300 10 9 0.03743188
427 441 9 12 0.037177917
371 341 18 19 0.036803126
605 417 10 15 0.03638765
456 463 9 16 0.03615144
508 428 9 12 0.036151346
425 181 9 10 0.036017846
523 279 7 9 0.035797454
489 419 11 14 0.035443343
476 385 13 15 0.035178315
417 206 6 9 0.035122205
504 432 11 13 0.03507976
508 413 7 9 0.035043646
302 453 10 11 0.03497347
388 298 12 14 0.034920942
504 449 13 17 0.034885902
479 379 13 15 0.03474419
546 175 19 21 0.034620177
499 414 17 24 0.034465253
499 420 9 11 0.03444413
422 331 11 19 0.03438871
329 416 12 15 0.034060296
249 442 10 11 0.033973064
419 433 16 20 0.03386038
398 432 9 12 0.033803664
507 383 10 12 0.033643216
263 421 10 14 0.03363785
508 276 8 11 0.033383198
462 456 8 13 0.03326866
560 172 9 11 0.033245817
454 435 8 11 0.033179007
932 474 30 33 0.03303188
321 421 13 16 0.033016484
212 467 9 11 0.032982733
484 161 9 15 0.03289149
530 256 8 12 0.032860663
412 278 8 10 0.032803956
551 182 12 13 0.032495886
523 484 12 15 0.03230486
464 231 7 10 0.032278903
438 271 10 9 0.03226514
403 437 9 13 0.032183338
633 219 19 26 0.032132927
486 385 10 12 0.03211255
495 465 8 12 0.032061778
544 169 13 15 0.032033496
587 410 11 18 0.031800944
460 464 7 14 0.031798407
255 417 10 13 0.031726267
456 435 9 11 0.03163853
252 444 9 13 0.031438675
625 274 33 27 0.031419825
587 171 9 12 0.031114755
593 230 6 10 0.030990958
452 534 11 10 0.030898286
562 466 8 9 0.030730095
573 255 12 16 0.030690353
420 183 8 10 0.030639593
460 424 11 13 0.030607961
607 407 16 23 0.030471005
12 641 11 12 0.030464942
502 401 14 20 0.03043278
307 457 12 12 0.030421428
424 448 9 12 0.030364254
501 217 16 21 0.030345682
426 433 7 11 0.030336834
506 466 12 13 0.030297618
470 391 10 14 0.030189617
509 387 10 11 0.030153144
414 206 6 10 0.030131578
551 488 8 9 0.03005367
694 570 13 15 0.029980626
452 427 14 20 0.029971242
270 418 8 11 0.029936261
259 408 10 14 0.029864354
425 323 9 14 0.029845376
483 330 14 11 0.02982586
505 444 11 16 0.029717555
443 277 8 9 0.029659621
472 396 10 12 0.029562376
397 307 9 10 0.029498868
387 295 9 14 0.029470662
521 188 10 12 0.029312385
507 417 7 9 0.029273303
296 453 11 12 0.029229268
369 345 12 16 0.029150272
453 450 10 17 0.028960355
564 471 10 11 0.028879197
497 430 8 10 0.02880987
485 168 7 10 0.028797885
496 256 9 13 0.028753776
934 462 29 31 0.028673785
431 424 9 13 0.028622441
473 278 9 10 0.028545795
312 456 10 14 0.028542574
572 462 11 11 0.028351339
522 274 7 9 0.028334742
503 436 8 11 0.0283021
428 327 7 13 0.028299663
609 407 10 13 0.028256273
552 170 11 11 0.028221805
597 166 9 11 0.028161176
571 410 6 11 0.028111931
632 222 10 15 0.028051417
490 425 12 14 0.027769972
382 427 8 10 0.02774946
258 407 17 22 0.027618352
543 184 10 10 0.02759345
498 407 12 15 0.027570546
587 400 9 14 0.02755983
507 269 9 11 0.027554752
412 436 8 10 0.02751277
418 332 10 17 0.027502062
466 457 19 23 0.027452685
634 219 10 15 0.027433563
430 440 8 11 0.027359672
534 495 11 11 0.027284587
330 432 9 13 0.027226068
485 260 9 11 0.027222551
458 426 15 19 0.027095776
403 294 13 15 0.027081031
466 382 15 20 0.02694536
516 213 11 17 0.026905505
508 406 8 13 0.026891693
500 225 14 18 0.026883857
855 547 169 221 0.026857618
436 292 8 10 0.026760977
455 442 17 27 0.026735492
287 452 9 13 0.026671704
471 391 17 21 0.02664965
604 408 12 19 0.02657845
442 479 11 13 0.026555697
485 405 19 26 0.026502209
526 490 8 10 0.026304552
351 386 7 10 0.026303984
502 439 11 15 0.02621359
605 410 9 11 0.026194768
389 303 8 9 0.026191588
236 448 10 15 0.026168149
270 421 9 13 0.026087709
431 318 11 12 0.026027156
585 241 6 10 0.026021127
0 587 124 181 0.02600252
804 522 8 18 0.025988534
501 451 11 16 0.025982628
258 419 13 15 0.025940165
409 292 10 16 0.025827382
815 0 209 222 0.025732359
239 452 8 14 0.025679976
414 432 8 10 0.025630893
542 176 9 12 0.025604721
423 326 9 14 0.025574455
241 448 20 24 0.025493784
415 438 10 12 0.025249697
162 506 35 36 0.02522688
464 484 11 18 0.025171729
548 179 12 13 0.025128407
421 292 8 11 0.025073888
536 171 12 15 0.025050158
450 434 7 10 0.025037318
402 431 10 11 0.024960807
468 448 19 24 0.024958398
324 414 18 24 0.024903638
421 448 9 12 0.024860814
586 411 7 12 0.024766179
549 485 9 9 0.024755199
560 283 8 12 0.024721384
503 418 8 10 0.024658307
256 444 9 13 0.024591789
550 173 11 13 0.024523688
329 415 9 10 0.024512246
463 449 15 22 0.024476137
482 169 7 9 0.024470804
503 210 16 21 0.02446434
572 171 12 14 0.024363771
332 412 12 16 0.024316322
612 415 10 14 0.024306374
488 389 9 12 0.024281004
572 626 13 13 0.024277542
424 429 16 21 0.024235126
567 467 14 15 0.024224922
521 193 10 12 0.024223728
250 417 8 10 0.02420539
327 436 10 13 0.024059625
178 508 24 27 0.024023341
429 322 9 13 0.024002548
458 437 10 13 0.023964884
269 415 13 17 0.02395815
490 431 11 14 0.023856152
374 311 26 23 0.023834324
591 168 12 15 0.023695135
448 534 11 10 0.023600506
432 300 11 14 0.023484703
390 295 12 13 0.023475468
390 279 9 9 0.023458058
264 421 16 20 0.023392685
423 448 14 18 0.023364536
436 464 7 9 0.023353254
417 210 7 13 0.0233453
450 404 9 9 0.023278909
0 0 163 204 0.023259569
310 454 8 9 0.023257313
520 271 8 10 0.023235492
549 255 13 15 0.023232536
529 488 7 10 0.023202835
488 254 13 14 0.023163356
510 432 7 10 0.023128564
270 412 9 11 0.023068452
547 251 12 14 0.023054492
114 521 75 63 0.023050262
514 433 10 14 0.022982802
558 168 14 18 0.02293876
139 508 55 41 0.022901885
431 437 6 9 0.022811713
512 428 7 10 0.022801248
397 436 11 14 0.022765692
464 387 17 25 0.022762341
207 491 22 24 0.02275088
245 430 11 15 0.022731928
442 483 12 16 0.022723472
253 419 8 11 0.022713158
390 306 8 10 0.02267196
278 475 13 13 0.022671506
247 402 18 25 0.02265958
491 390 10 11 0.022596594
532 258 9 12 0.022589467
236 477 9 10 0.022530587
333 419 10 13 0.022528123
332 428 9 11 0.022466082
324 416 8 10 0.022460014
461 432 8 10 0.022437606
294 455 12 16 0.022434657
328 431 8 10 0.022433454
449 538 13 14 0.022432562
410 206 9 14 0.022417162
507 423 9 11 0.02241148
561 469 9 11 0.022397257
0 465 10 13 0.022359332
881 0 143 142 0.022322869
589 215 8 15 0.022190982
479 409 9 12 0.022183888
435 425 10 15 0.022155972
465 470 8 12 0.02215573
565 474 13 15 0.022148175
419 429 10 14 0.022119306
481 487 10 15 0.022112826
506 388 9 9 0.022112716
481 426 12 14 0.022104222
423 334 7 13 0.022092668
589 228 10 15 0.022067882
301 446 11 12 0.022061331
473 375 14 20 0.022057567
421 423 15 21 0.022052892
514 423 9 14 0.022047957
502 411 9 10 0.022017933
555 180 12 15 0.021969011
462 469 8 11 0.021934476
552 484 9 9 0.02191494
246 439 11 13 0.021880649
563 461 9 11 0.021863544
246 408 8 10 0.021840416
230 543 12 13 0.021837996
516 431 7 9 0.021810435
414 274 7 9 0.021809867
408 430 10 11 0.021806395
490 414 12 15 0.021759128
283 757 12 9 0.021686925
415 366 61 82 0.02167693
148 536 31 26 0.021638049
497 221 8 10 0.021614056
494 217 15 20 0.021561833
593 264 20 28 0.021550084
460 417 13 16 0.0214888
502 215 10 13 0.02148413
250 418 13 17 0.021473551
520 492 9 11 0.021470606
461 370 57 75 0.021453781
313 449 14 17 0.021424323
424 452 7 11 0.021383459
493 396 17 21 0.02135933
475 400 10 12 0.02133742
484 149 7 9 0.021221917
428 452 8 11 0.021172445
487 253 10 11 0.021163914
592 225 6 9 0.021162856
236 456 10 16 0.021155499
481 251 7 10 0.021145165
375 342 24 22 0.021140344
1021 563 3 19 0.021116542
504 230 7 9 0.021109125
597 171 9 11 0.021092128
283 429 8 10 0.02109191
463 430 9 11 0.021049162
484 172 8 10 0.020978287
483 387 10 13 0.020956665
732 576 13 15 0.020924756
482 331 9 9 0.020912169
493 259 12 15 0.020899829
418 206 8 13 0.020850005
337 421 9 13 0.020822627
431 422 7 9 0.020802932
413 429 14 18 0.02078669
397 308 13 14 0.020777473
508 469 17 16 0.020774273
554 178 10 11 0.020747917
334 426 9 11 0.02074075
244 436 10 13 0.020700837
486 180 7 10 0.020691382
548 260 12 13 0.020658242
582 412 10 14 0.020570349
489 519 7 10 0.020549128
417 277 9 10 0.020541837
967 494 10 11 0.020522365
638 216 12 17 0.02051662
563 168 11 14 0.02047523
438 278 9 9 0.020421697
601 173 8 11 0.020370623
98 706 21 22 0.020366225
461 441 15 22 0.020362118
429 182 7 9 0.020325502
513 417 11 15 0.020322727
430 428 10 14 0.0203014
1020 680 4 19 0.020280294
516 208 10 15 0.020264251
469 388 8 10 0.02025891
496 434 15 21 0.020211201
460 433 13 16 0.020157577
476 181 8 9 0.020157546
465 272 10 11 0.02014761
446 293 5 9 0.020142319
446 536 9 10 0.02012492
250 451 12 15 0.02008692
1020 649 4 20 0.02007807
397 0 289 220 0.020076515
452 436 7 10 0.020049209
505 451 8 11 0.020024559
482 374 15 19 0.020009384
467 473 11 16 0.02000617
453 528 10 10 0.020005811
548 175 8 11 0.020004466
415 305 8 9 0.019983796
1022 571 2 12 0.019947313
354 385 7 10 0.019941501
459 399 19 26 0.01989824
522 475 8 10 0.019873137
411 180 8 10 0.019871395
584 405 18 33 0.019867152
908 680 116 88 0.019865936
242 454 10 14 0.019854221
410 280 8 10 0.019836735
510 390 11 14 0.019827243
590 471 8 10 0.019826608
476 392 11 13 0.019820044
508 407 16 22 0.019804338
515 481 13 17 0.019782875
494 392 10 12 0.019781899
299 421 7 9 0.019779295
482 456 19 24 0.019774906
430 425 7 10 0.019762635
387 273 9 10 0.019759135
515 268 10 11 0.019753907
535 256 10 13 0.019749684
1022 566 2 15 0.019742446
498 261 6 10 0.019707935
392 466 20 27 0.019661129
448 451 11 18 0.019640613
391 208 7 13 0.019622687
540 169 28 33 0.019592745
394 348 65 81 0.019589469
255 449 11 15 0.019582363
435 444 11 14 0.01955259
194 14 283 368 0.019519275
588 409 7 12 0.01951098
459 454 19 26 0.01947188
330 120 243 340 0.019470928
333 437 10 12 0.019432692
0 0 103 133 0.019408261
481 406 9 12 0.019397033
384 429 10 10 0.019396842
320 412 11 15 0.01938996
469 397 10 12 0.019379452
345 385 9 11 0.019362956
237 442 9 14 0.019346502
434 441 7 9 0.019337615
632 228 9 13 0.019324029
415 183 9 10 0.019304197
401 303 9 10 0.019302972
467 489 13 16 0.019268744
319 426 13 17 0.019248925
481 431 20 23 0.01924667
543 273 9 9 0.019238913
578 487 8 10 0.019192277
420 418 11 13 0.019180816
414 271 9 9 0.019167898
419 324 10 16 0.019161498
441 428 10 14 0.019142743
573 253 10 13 0.019117884
408 439 10 13 0.01911597
329 439 11 13 0.019091932
487 381 9 10 0.019073345
418 447 13 18 0.019064963
544 178 10 12 0.018997882
241 404 16 20 0.018971488
430 455 8 10 0.018970745
401 290 11 13 0.018962953
410 275 8 9 0.018904496
413 455 21 26 0.018901091
504 407 8 10 0.018896654
231 451 10 13 0.018896218
482 328 19 19 0.01887689
82 547 26 20 0.018861283
324 438 11 14 0.018853636
250 458 12 16 0.018833261
481 420 13 15 0.018821757
491 394 10 13 0.018819738
251 402 9 12 0.01880076
479 391 20 26 0.018769937
480 168 7 10 0.018749284
428 445 8 11 0.018745285
273 413 9 12 0.018725079
439 404 10 13 0.018720774
505 225 11 13 0.018687995
405 478 9 15 0.018682461
265 431 10 13 0.01866358
496 461 11 14 0.01865802
560 279 8 11 0.018657085
126 496 74 72 0.018654034
240 440 9 14 0.018648809
464 267 9 10 0.018625317
461 268 10 12 0.01860588
497 423 7 9 0.018598508
490 405 13 16 0.01859777
541 248 7 10 0.01858268
608 417 13 18 0.01856895
38 486 44 52 0.018568618
487 392 8 11 0.01855177
805 480 8 17 0.018548949
428 432 7 10 0.018508729
467 464 13 14 0.018501163
391 455 21 27 0.018498434
442 529 17 17 0.018487317
457 412 11 14 0.018457832
449 406 9 12 0.018449534
317 431 14 21 0.018410012
460 456 7 12 0.01839175
471 270 9 13 0.01838849
296 452 7 10 0.018382223
509 448 12 16 0.018380014
513 387 11 13 0.018354157
231 573 10 11 0.018351253
374 389 59 82 0.018349653
228 451 8 9 0.018344734
378 429 15 16 0.018315442
1018 560 6 20 0.018289149
245 459 6 10 0.018273365
630 219 10 14 0.018272655
154 503 32 31 0.018258076
914 491 11 13 0.01824523
446 475 9 12 0.018240377
473 401 8 10 0.018226324
486 415 11 14 0.018204058
603 416 8 11 0.01819707
453 466 10 15 0.018188534
417 444 10 13 0.018184936
487 309 12 16 0.018175637
491 386 9 12 0.018169912
241 458 7 11 0.018154843
232 450 7 9 0.018152585
208 461 10 14 0.018128663
387 301 8 10 0.018110262
506 272 9 13 0.018104244
482 447 18 23 0.018101124
617 231 42 63 0.018088182
266 427 9 12 0.018066028
418 181 7 10 0.018055314
511 268 10 11 0.018036071
534 273 8 10 0.018028557
356 344 11 11 0.018014278
611 276 9 16 0.018012056
561 472 10 15 0.018004822
500 234 10 14 0.017982509
456 458 8 14 0.017977213
344 389 8 10 0.017964825
445 433 10 11 0.017963033
474 488 13 16 0.017959353
451 410 11 13 0.017951814
336 417 7 10 0.01794827
450 521 14 15 0.017936064
936 453 25 29 0.017902251
426 329 15 23 0.01788217
499 391 16 22 0.01782287
89 543 19 16 0.01778379
514 217 10 14 0.017753663
324 422 8 10 0.017744482
405 207 11 16 0.017733563
614 278 10 14 0.017728351
678 210 8 12 0.017723963
211 455 10 13 0.017718729
543 269 12 12 0.017711515
585 231 10 16 0.017710736
453 439 10 11 0.0177088
1022 674 2 12 0.017703956
155 538 26 15 0.0176747
519 433 10 14 0.017659184
431 331 6 10 0.017653527
916 481 21 25 0.017608333
421 297 10 15 0.017591905
886 600 13 17 0.01758205
562 174 11 15 0.017564064
592 467 9 11 0.017557563
624 216 18 25 0.017535955
471 396 20 27 0.01753421
486 245 11 14 0.017529374
496 228 13 17 0.017519746
400 442 9 14 0.017503545
586 169 8 10 0.017501354
411 300 10 13 0.017466351
506 205 8 12 0.017404746
445 351 58 77 0.017371858
325 434 19 23 0.017368892
478 429 11 13 0.01736424
342 435 10 14 0.017358389
74 667 10 11 0.017281594
504 458 16 21 0.017273871
249 397 14 20 0.017269712
418 443 7 9 0.017266434
1023 728 1 12 0.017247977
416 336 17 23 0.017245442
372 344 11 13 0.017233187
474 281 9 11 0.017228285
244 422 13 17 0.017222429
1023 539 1 11 0.01720544
253 454 12 18 0.017165734
1022 510 2 11 0.017165108
628 441 13 19 0.017164651
596 406 18 27 0.0171628
513 272 11 12 0.017159764
245 436 19 24 0.017152863
370 311 63 73 0.017145786
483 252 10 11 0.017143767
473 322 9 11 0.0171435
256 337 65 93 0.017134024
1022 687 2 14 0.017131167
548 184 18 20 0.017125225
407 440 6 9 0.017123815
501 399 12 16 0.017122734
431 479 9 19 0.017121693
405 425 18 23 0.017116532
454 531 15 15 0.017107638
452 458 7 13 0.017082179
1022 654 2 15 0.017074829
457 205 8 9 0.017047094
522 216 10 16 0.017045228
585 403 10 17 0.017042935
474 269 12 14 0.017031042
245 412 9 12 0.017013794
571 407 6 10 0.016987441
596 162 19 23 0.016986353
248 423 19 23 0.016979927
404 300 10 11 0.01697814
459 441 11 16 0.016949242
430 448 9 12 0.016941557
934 481 17 20 0.016939014
506 437 8 10 0.016931068
550 268 12 15 0.016914662
267 410 7 10 0.016892673
510 420 16 20 0.016859097
464 426 10 12 0.01682421
483 481 16 22 0.01680596
501 446 20 27 0.016803313
249 428 10 13 0.016788458
499 308 12 21 0.01678726
343 278 225 261 0.01678415
430 326 8 12 0.0167834
567 358 10 11 0.016762532
369 326 20 23 0.016734445
393 309 13 17 0.016731367
377 428 10 13 0.016720997
395 430 10 13 0.016718453
435 456 10 15 0.016717039
493 469 9 12 0.016716328
395 311 8 10 0.0167093
575 622 15 15 0.016696941
452 426 7 10 0.016688792
445 275 8 10 0.01668299
435 450 11 15 0.016665908
400 479 8 13 0.016660409
588 406 6 9 0.016659217
458 201 9 10 0.016646357
880 530 10 10 0.01663608
517 202 12 13 0.01663388
350 389 60 81 0.016581474
451 448 9 14 0.016565097
0 631 8 15 0.016560165
261 409 7 10 0.01649782
576 467 8 12 0.016494794
597 246 9 13 0.016484026
591 398 11 14 0.016463676
284 370 59 80 0.016436381
497 454 13 17 0.016428016
606 167 8 10 0.016407514
423 54 224 314 0.01637958
435 272 10 10 0.016373234
237 313 72 102 0.016370945
500 211 10 14 0.016367834
422 319 9 13 0.016362434
543 262 13 12 0.016353441
1021 675 3 16 0.016351895
393 281 8 9 0.016347835
591 426 11 13 0.016338265
477 397 10 12 0.016336499
729 574 19 20 0.016333688
590 230 7 10 0.016288143
543 247 7 10 0.01628405
496 394 10 13 0.016277704
383 305 14 15 0.016276939
15 643 11 12 0.01627448
545 163 13 16 0.016270382
467 459 11 14 0.016266292
618 281 8 11 0.016258137
1022 724 2 12 0.016257243
245 443 12 15 0.016256629
474 395 34 47 0.016249115
1022 679 2 14 0.016247181
292 452 9 13 0.016243082
250 337 120 166 0.0162356
577 628 9 10 0.016235271
511 411 7 10 0.016225912
481 271 7 10 0.01622132
451 322 13 18 0.01620502
578 478 12 15 0.016192308
933 504 9 10 0.016182648
550 159 8 10 0.016169012
1022 515 2 12 0.01616223
209 462 13 18 0.016136488
306 371 59 80 0.016128581
432 446 6 9 0.016119452
509 420 7 9 0.016114376
565 173 7 10 0.016109737
489 460 12 15 0.01610858
487 516 7 10 0.016103946
501 440 8 11 0.016101101
406 430 8 10 0.016091868
918 499 34 38 0.016077647
416 202 8 13 0.016077109
490 399 13 15 0.016072128
370 349 14 17 0.01607212
273 420 9 12 0.016063098
400 426 10 12 0.016062602
427 448 16 21 0.016062563
495 411 13 13 0.01605226
241 416 9 12 0.01604823
405 379 42 53 0.016043196
509 435 9 11 0.016013753
908 480 20 25 0.01598853
579 214 18 25 0.015978439
486 435 8 12 0.01596913
471 396 7 9 0.015967721
770 716 13 14 0.015960606
240 476 6 10 0.01595611
249 434 12 15 0.01591804
325 712 9 9 0.015907839
527 259 10 14 0.015887909
915 598 11 13 0.015884954
414 401 11 14 0.015878256
102 0 329 239 0.0158722
206 455 10 14 0.015868746
473 325 12 14 0.015863957
449 544 13 14 0.015859947
507 394 11 16 0.015838958
244 457 14 17 0.015832242
343 294 124 164 0.015831912
591 224 9 15 0.015831774
476 406 10 13 0.015827268
264 448 11 13 0.015812648
508 438 9 14 0.015798666
269 430 9 12 0.015798446
465 432 10 11 0.015794693
441 434 11 13 0.015793819
568 0 314 230 0.015786447
531 491 11 13 0.015781617
379 425 8 9 0.01577858
491 259 10 12 0.015769651
629 291 13 10 0.015768083
418 449 8 10 0.015754335
413 211 7 11 0.015746992
493 255 9 10 0.015746098
466 481 13 17 0.015743908
482 159 8 14 0.015736984
403 455 20 27 0.015732577
482 393 7 9 0.01572319
484 483 10 17 0.015708268
521 435 7 10 0.015703673
401 455 11 14 0.015697083
462 412 11 14 0.015692072
665 308 22 29 0.015679423
366 333 17 25 0.015676478
520 276 8 9 0.01567357
334 407 11 14 0.01566831
1020 658 4 18 0.015666911
400 305 10 12 0.015661757
452 464 7 12 0.01565699
0 0 272 362 0.015646692
590 630 12 12 0.015636366
420 179 9 10 0.015631733
385 308 25 24 0.015628848
403 333 21 23 0.015622195
603 421 7 10 0.0156170055
447 418 11 15 0.015598525
337 426 9 11 0.015586232
403 466 20 27 0.015585658
428 179 7 9 0.015582635
592 170 17 19 0.015582488
569 173 10 11 0.015582412
499 437 7 9 0.015582353
240 440 6 10 0.015580445
241 429 11 15 0.015579878
569 476 14 15 0.015571201
979 732 45 36 0.015553985
109 712 11 13 0.015551772
387 307 128 153 0.0155496085
568 407 11 16 0.015545593
452 223 9 15 0.015544463
523 476 12 19 0.015541836
928 494 35 39 0.015535767
425 454 20 27 0.015532094
289 449 10 13 0.015524636
456 461 16 24 0.0155133465
430 344 124 148 0.015509281
910 493 11 12 0.0154901
479 325 10 13 0.0154774785
276 574 13 18 0.015455702
550 154 9 11 0.015453437
485 255 8 11 0.015449414
502 454 13 19 0.015431436
560 208 10 13 0.015426945
950 500 10 10 0.015420908
433 448 9 11 0.015411923
225 451 8 10 0.015410412
1021 510 3 15 0.015408825
471 2 143 171 0.015402752
456 447 10 15 0.015399212
933 0 91 77 0.015397661
406 292 9 12 0.015367822
499 255 7 9 0.015367682
370 314 34 32 0.015365364
255 425 9 13 0.015357363
586 403 7 9 0.01535302
510 152 9 11 0.015352457
495 460 8 11 0.015347746
1023 707 1 11 0.015344861
260 428 10 14 0.01532246
1020 719 4 16 0.015307363
488 397 9 13 0.015306055
407 441 36 49 0.015303265
453 444 10 13 0.015302445
563 209 10 14 0.015302165
510 246 7 9 0.015299855
434 292 11 16 0.015297905
429 455 12 15 0.015274044
394 289 21 22 0.015267393
536 258 12 17 0.015265639
433 452 9 11 0.015263988
327 369 61 82 0.015260536
301 457 12 13 0.015254867
1022 721 2 13 0.015248119
132 526 41 29 0.015235168
483 260 8 10 0.015232753
281 455 9 14 0.015227707
735 570 19 22 0.015224286
540 244 9 12 0.015217314
553 491 7 9 0.015209602
469 270 8 9 0.015181309
240 473 7 10 0.015181289
208 453 10 11 0.015172862
1022 499 2 12 0.015172037
321 443 13 15 0.015171848
625 226 18 26 0.015167669
516 208 7 9 0.015165729
451 443 8 11 0.015161851
442 536 18 19 0.015151008
470 402 7 9 0.015149257
597 257 21 30 0.0151490895
414 335 12 16 0.015144395
546 245 19 22 0.015140474
262 432 10 15 0.015126816
345 437 12 16 0.015126337
380 455 22 26 0.015108127
481 400 10 13 0.015100117
356 386 7 9 0.015099835
422 301 11 15 0.015098874
396 293 12 15 0.015098028
505 0 243 174 0.015094215
0 219 241 334 0.015086265
828 327 196 374 0.015084618
887 414 13 13 0.015073363
599 249 9 13 0.01507259
482 519 9 10 0.015059145
499 229 9 12 0.01505912
467 406 9 12 0.015057438
257 406 8 10 0.015035472
92 548 14 13 0.015031605
452 472 8 13 0.015026433
585 415 10 14 0.015024238
520 164 8 10 0.015017581
401 440 8 10 0.015015971
822 312 11 14 0.01501425
560 179 9 12 0.015012549
602 408 9 14 0.015010725
1021 726 3 16 0.015007539
304 450 10 11 0.015003192
389 332 21 24 0.014983688
459 421 7 10 0.014983494
552 392 7 9 0.0149738025
333 435 8 9 0.014970087
448 464 10 16 0.014967834
588 220 10 17 0.014956659
371 331 24 27 0.0149531085
564 626 14 13 0.014950775
1022 733 2 12 0.014948385
485 165 11 13 0.014933525
413 425 11 14 0.014931394
471 375 28 38 0.014916837
233 446 25 33 0.014913785
731 571 13 15 0.014913684
460 264 10 9 0.014912231
412 282 7 10 0.01490169
519 418 10 14 0.014886663
242 275 235 272 0.014869413
1023 415 1 11 0.014866952
335 434 11 12 0.014863176
392 444 21 25 0.014854935
602 164 10 13 0.014824935
502 446 7 10 0.0148233855
1021 500 3 16 0.014822308
448 427 9 12 0.0148159815
255 423 16 21 0.014809308
482 324 12 14 0.014799324
589 404 10 18 0.01479676
452 400 9 12 0.014794094
457 405 10 14 0.014787477
1022 660 2 14 0.014787226
15 475 15 17 0.014781978
482 432 9 12 0.014780794
158 540 14 12 0.014776374
0 0 62 84 0.014764637
3 528 262 240 0.014760922
921 474 11 12 0.014753505
611 398 10 15 0.014746492
261 424 9 12 0.014745731
370 345 8 11 0.014744754
511 476 15 16 0.014743311
0 0 5 11 0.014740574
488 261 17 19 0.014738971
436 441 8 10 0.014738847
550 162 15 18 0.014728004
602 421 12 15 0.014709318
1019 552 5 20 0.014703751
163 497 30 33 0.01469102
281 661 8 9 0.014671687
403 480 7 11 0.014666462
595 168 8 10 0.014647968
404 461 39 50 0.014639714
424 421 10 12 0.014638538
593 504 408 264 0.0146319885
925 498 11 11 0.014623394
518 431 9 11 0.014613836
408 425 10 12 0.014610384
521 470 13 15 0.014603954
497 400 11 14 0.014599834
503 381 12 12 0.014581689
1022 672 2 12 0.014569179
543 251 11 13 0.014561252
447 438 10 14 0.014557928
470 327 9 13 0.01455003
289 456 11 16 0.014545695
419 281 7 10 0.014543486
584 165 15 18 0.014538046
500 448 9 12 0.014536118
803 56 221 418 0.014508628
455 597 266 171 0.014498215
412 430 7 9 0.014489794
446 534 30 35 0.01448556
488 329 13 11 0.014467618
299 456 9 11 0.0144649325
443 383 59 84 0.014463607
578 256 13 16 0.014457552
427 324 6 10 0.014456199
409 184 8 10 0.014454283
549 477 13 15 0.014453369
28 582 11 11 0.014451788
143 502 30 32 0.014448982
522 437 8 10 0.014441945
0 82 162 385 0.014440122
509 422 11 13 0.014435109
406 442 8 13 0.014426677
464 408 9 12 0.0144266095
548 488 9 11 0.014400943
364 431 10 12 0.014399204
472 408 10 13 0.014374869
479 256 9 11 0.014366389
325 433 10 13 0.0143661965
510 415 9 12 0.014366134
527 242 7 11 0.014360112
270 428 7 10 0.014359079
252 464 8 11 0.014356918
457 206 11 14 0.014343855
396 455 10 13 0.014341273
463 400 11 14 0.014340885
656 216 10 16 0.014325311
597 628 233 140 0.014308369
507 404 7 10 0.014301361
538 179 14 16 0.014287287
415 463 9 11 0.014282906
696 298 18 28 0.014278857
1021 493 3 16 0.014277444
485 458 12 16 0.01427434
540 180 9 11 0.014270281
316 444 20 21 0.014269225
640 212 13 16 0.014264383
557 167 8 11 0.01426015
418 455 11 15 0.014258188
586 185 9 11 0.014253134
628 225 10 14 0.014242613
512 436 13 17 0.014231119
339 473 15 13 0.014228496
810 477 43 52 0.014220726
332 411 19 25 0.014219562
484 472 18 24 0.0142136235
1000 754 24 14 0.014213448
412 477 10 16 0.014193103
128 100 272 370 0.014161146
533 172 9 13 0.01415599
201 580 11 12 0.014147164
475 410 11 15 0.0141442865
538 261 6 10 0.014141688
429 428 7 10 0.014130525
405 434 18 23 0.014128588
915 490 21 25 0.014123324
479 405 8 10 0.014120334
510 441 10 15 0.0141191585
509 396 16 23 0.014116256
474 418 36 49 0.014116177
1022 695 2 12 0.014113511
480 474 11 15 0.014111894
1020 543 4 18 0.014111249
353 388 8 12 0.01411029
468 429 10 12 0.014093199
500 258 7 10 0.014083499
261 450 6 9 0.014074756
496 252 8 9 0.0140721295
460 213 13 19 0.014070891
418 287 9 14 0.014060178
494 456 18 24 0.014054474
113 735 14 15 0.014046549
411 307 10 10 0.014043726
368 454 21 26 0.014041165
427 440 37 49 0.014032065
425 425 9 13 0.014031966
427 321 6 9 0.014030165
1018 685 6 18 0.014026619
409 477 9 15 0.014013217
325 0 243 178 0.013997148
0 691 58 77 0.0139929755
214 470 8 9 0.013984217
403 305 13 13 0.0139837675
477 383 9 12 0.013980036
375 348 12 13 0.01397704
335 438 12 14 0.013976997
799 479 11 18 0.013974214
263 429 9 10 0.013967038
370 346 22 26 0.013955537
284 433 11 15 0.013952241
533 255 8 11 0.013948355
454 537 10 11 0.013938587
510 404 6 10 0.013934269
445 317 23 25 0.013934243
118 530 40 26 0.013924233
235 461 20 29 0.013918795
495 206 9 14 0.0139095895
454 222 6 10 0.013907623
0 755 4 9 0.01389854
519 219 9 13 0.013892423
575 481 13 16 0.0138911
416 178 8 10 0.0138850855
1021 571 3 17 0.013885083
508 461 10 14 0.013873937
483 176 8 12 0.013866827
955 222 69 138 0.013859903
312 438 14 21 0.013857592
467 465 21 25 0.0138435075
453 212 15 25 0.0138408495
385 291 10 13 0.013839401
451 527 23 23 0.013832535
1022 505 2 12 0.013831437
489 378 11 14 0.013829784
439 441 9 11 0.0138291
919 491 11 13 0.013828716
519 167 10 13 0.013823133
479 265 10 13 0.013803664
419 474 18 22 0.013800452
349 343 61 86 0.0137986345
77 732 13 15 0.013798452
445 531 10 10 0.013797426
394 438 12 16 0.013793851
583 388 34 52 0.0137895495
481 351 63 74 0.013777561
3 737 31 31 0.013777077
694 328 9 13 0.013776215
611 400 13 20 0.013773099
441 412 11 13 0.013767713
241 373 57 76 0.013747739
253 423 8 11 0.013737658
225 0 255 186 0.013726553
598 268 13 18 0.013724623
452 477 7 9 0.0137143815
348 382 8 12 0.013713819
421 454 7 9 0.013703176
505 203 8 10 0.013703121
279 432 11 16 0.013690635
549 185 10 11 0.013690383
453 408 9 10 0.013684774
503 469 11 13 0.013679349
447 403 9 11 0.013672203
504 436 16 22 0.013664674
297 449 9 12 0.0136564495
541 165 13 15 0.013650379
467 315 12 18 0.013643348
484 412 27 35 0.013641838
469 310 13 17 0.013637214
238 412 16 22 0.013636103
1023 453 1 10 0.013632619
463 533 11 18 0.013631585
430 323 16 23 0.01362972
700 570 13 13 0.013627194
300 543 15 14 0.013621267
239 419 9 12 0.01362069
472 424 20 24 0.013618621
429 316 9 12 0.013618034
464 277 7 10 0.013615979
509 217 17 21 0.01361524
1022 625 2 12 0.013611157
485 405 12 16 0.013593517
595 258 12 18 0.013591923
502 386 13 16 0.013591267
435 466 10 13 0.013588903
1021 692 3 16 0.013587162
259 423 7 10 0.013585976
105 536 53 50 0.013585118
509 281 8 10 0.013582794
484 150 9 13 0.013580308
277 418 8 11 0.013577247
637 219 9 11 0.013575778
550 163 9 12 0.01356887
473 411 21 27 0.013560374
408 277 7 9 0.013545927
442 384 10 13 0.013540116
440 418 11 14 0.013536274
472 268 7 10 0.013535456
438 425 18 23 0.013529935
341 428 11 14 0.0135269705
412 450 12 14 0.013520299
18 640 12 13 0.013519472
817 720 10 12 0.013519317
509 465 15 14 0.013515411
689 0 259 185 0.013513138
495 264 11 14 0.013511936
454 453 7 9 0.0135062
438 408 9 11 0.013497543
1022 540 2 12 0.013491815
293 331 125 171 0.013491477
415 413 17 20 0.013489358
412 440 16 20 0.01348853
489 402 9 13 0.013486042
452 518 21 22 0.013474651
463 439 12 13 0.013458423
446 406 14 20 0.013450763
1020 641 4 20 0.013449491
592 173 8 10 0.013448934
152 537 22 12 0.013448087
476 427 10 12 0.013444341
250 467 12 20 0.013443739
512 243 7 10 0.013438683
756 640 238 128 0.0134385815
583 171 10 13 0.013438197
379 336 28 24 0.013431146
633 217 8 12 0.013426188
463 201 10 10 0.013418668
460 448 8 12 0.013413371
453 414 10 13 0.013407712
482 263 10 12 0.013406705
483 394 10 13 0.0133998515
460 453 7 10 0.01339747
472 460 13 16 0.013393845
338 477 13 13 0.01339329
456 531 10 10 0.013386824
470 467 15 13 0.01338359
230 453 18 24 0.013383278
527 276 10 12 0.013380646
513 445 11 14 0.0133777885
426 454 9 13 0.013375939
281 477 13 15 0.013368688
224 457 7 10 0.013363356
517 171 11 12 0.013353258
573 229 9 14 0.013352535
501 256 10 13 0.013349552
514 310 13 19 0.013344778
572 257 7 10 0.013343248
267 450 11 15 0.013342209
23 639 10 11 0.0133340955
916 470 23 28 0.013333499
590 414 11 13 0.013324262
567 461 8 10 0.013322346
949 502 12 13 0.013321949
393 206 5 11 0.013321405
940 496 8 9 0.013319065
806 521 6 11 0.013316624
40 5 104 125 0.013312709
586 258 22 30 0.013306365
572 483 11 13 0.013303959
503 237 10 14 0.013302269
728 565 21 22 0.01328568
433 323 8 9 0.013283135
607 399 10 14 0.013279316
538 267 11 14 0.013278848
433 436 8 11 0.013275612
569 230 9 14 0.013261017
465 232 9 12 0.01325904
426 441 16 20 0.013249739
560 280 12 17 0.013241513
538 176 9 12 0.013241266
285 454 10 17 0.01323702
240 227 138 202 0.0132355485
503 207 10 13 0.013228226
494 413 28 39 0.013228013
1022 577 2 12 0.01322395
519 212 9 12 0.0132112205
542 255 13 16 0.01320795
484 312 17 21 0.013197551
1020 527 4 16 0.013197297
368 444 21 26 0.01319689
460 276 9 10 0.013189318
0 264 79 189 0.013185126
419 186 10 12 0.013184605
537 247 9 13 0.013182159
528 255 7 10 0.013168908
907 494 10 12 0.013164473
515 223 7 10 0.013149637
558 487 9 12 0.013145362
588 634 10 10 0.013138771
380 444 21 26 0.013133824
396 407 59 82 0.013126623
912 487 32 36 0.013115798
112 537 80 88 0.013109882
400 226 6 9 0.013109411
395 297 8 10 0.013104976
1021 668 3 11 0.013103379
83 702 24 27 0.0130834365
580 130 6 10 0.013083102
770 711 11 12 0.013077569
331 403 7 10 0.013074261
368 439 9 9 0.01307346
410 404 12 13 0.013070314
416 282 10 13 0.013064646
559 183 17 19 0.013061442
469 425 10 13 0.013060117
502 239 6 10 0.01304838
581 404 16 25 0.01304552
510 219 10 14 0.013036455
270 311 73 107 0.013032923
203 165 149 218 0.013028527
457 381 32 47 0.013019589
570 461 10 9 0.013011076
412 326 62 83 0.0130009875
414 329 12 15 0.012997823
272 426 7 10 0.012994068
256 433 11 16 0.012992412
492 251 15 19 0.01298927
935 491 11 13 0.012984167
393 339 24 23 0.012979415
468 410 12 15 0.012977915
0 352 76 188 0.012977075
606 442 15 19 0.012974954
256 507 34 48 0.012971632
219 456 6 10 0.012971539
536 490 10 12 0.012969338
463 115 131 187 0.012965719
492 251 9 10 0.012959933
588 394 10 15 0.012958094
1022 533 2 11 0.012957605
442 403 8 10 0.012954016
486 147 8 9 0.012937398
467 395 9 12 0.012937243
250 447 8 11 0.012936548
607 174 7 10 0.012935514
265 454 12 17 0.012933724
517 470 10 11 0.012921765
634 227 21 27 0.012921395
496 433 9 12 0.012920536
446 444 11 14 0.01291779
944 476 19 21 0.012912152
558 628 13 11 0.012911736
401 460 12 15 0.012909392
555 486 9 10 0.012905003
326 469 13 20 0.012887258
525 280 9 11 0.012885495
961 476 6 9 0.012875213
369 429 9 11 0.01287164
406 309 13 13 0.012860954
530 309 10 24 0.012860251
556 209 10 15 0.012859674
413 466 21 27 0.01285966
212 452 7 9 0.012858445
917 504 22 26 0.0128558
503 404 8 10 0.0128550995
390 429 10 11 0.01285458
567 210 9 14 0.0128508285
494 204 6 9 0.012850041
562 275 7 10 0.012849842
567 410 8 12 0.012847844
757 541 39 41 0.012838359
463 405 60 82 0.012834808
595 242 9 13 0.012833357
624 221 28 41 0.012829879
0 31 86 193 0.0128230695
1019 751 5 17 0.012822361
367 435 9 10 0.012820904
491 479 10 18 0.012816844
600 274 15 18 0.012812515
435 420 11 13 0.0128102815
204 504 7 9 0.012799388
323 442 22 27 0.012795199
388 428 9 9 0.0127918385
1021 0 3 9 0.012790614
527 282 10 11 0.012785073
480 162 7 14 0.01276578
886 130 138 285 0.0127632385
605 297 12 20 0.012756738
196 619 12 15 0.012753677
358 454 21 26 0.012752875
388 299 27 23 0.012744502
1022 738 2 13 0.01274437
548 265 11 12 0.012740525
1021 529 3 12 0.0127400495
549 257 9 9 0.012736013
216 462 10 14 0.012735197
440 399 18 23 0.012734938
527 146 61 85 0.012733258
490 304 12 18 0.0127247935
347 433 9 13 0.012724043
1021 557 3 15 0.012722588
246 403 9 13 0.012721712
248 418 6 9 0.012712426
412 212 10 16 0.012711551
379 388 6 9 0.012708499
1020 516 4 15 0.012707215
540 250 27 35 0.012698782
513 44 139 185 0.012694757
641 218 18 27 0.012692551
524 238 9 13 0.0126888305
481 384 16 20 0.012683079
455 412 9 9 0.012681924
507 262 12 13 0.012681863
252 427 8 11 0.012679331
518 220 7 11 0.012677213
483 146 7 9 0.012676019
496 212 10 15 0.0126709975
397 530 7 11 0.012670475
962 539 21 22 0.0126689505
457 453 6 9 0.012664898
925 503 12 13 0.0126644075
566 349 10 11 0.012658904
399 410 12 16 0.012657982
467 425 15 20 0.012655236
553 258 13 14 0.0126468465
265 436 9 12 0.012640856
481 389 57 79 0.012639719
513 208 9 14 0.012636383
469 374 11 16 0.012630851
602 159 18 22 0.012625709
309 449 9 12 0.012625621
375 428 8 9 0.012623243
460 267 7 10 0.012622934
1021 732 3 16 0.012618003
508 221 8 10 0.012616239
570 167 11 14 0.012609697
474 349 12 14 0.012607085
425 467 19 25 0.012602077
418 342 11 16 0.0126015805
472 317 9 14 0.01259887
571 630 10 10 0.012597548
539 258 8 10 0.012592801
443 424 12 13 0.012591372
548 0 148 113 0.012578447
474 260 11 14 0.0125767635
168 509 43 53 0.012573019
509 380 12 13 0.012565913
480 450 10 15 0.012563175
712 5 97 122 0.012562856
528 390 11 14 0.01255827
516 489 10 12 0.012554199
487 465 13 14 0.012549266
447 165 105 149 0.012545527
191 685 18 23 0.0125336405
436 418 9 9 0.012526799
262 444 11 15 0.012517062
256 424 7 9 0.0125099085
417 404 12 14 0.012509632
491 448 12 14 0.0125074955
518 207 11 12 0.012504579
482 455 12 17 0.012502009
549 364 8 11 0.012494938
362 341 16 18 0.012492864
954 474 11 13 0.012485258
743 180 85 124 0.012481944
240 423 11 14 0.012480486
465 396 8 11 0.012475424
506 444 7 11 0.012473378
478 381 9 10 0.012468346
404 444 7 10 0.0124547435
419 212 8 13 0.012449365
35 615 14 15 0.01244617
576 168 11 13 0.012445251
505 231 10 12 0.012443839
486 238 11 15 0.012443053
455 206 8 14 0.012439929
392 434 20 23 0.012439863
400 297 23 20 0.01243972
530 485 7 12 0.012435982
541 186 8 9 0.012433392
387 306 8 10 0.012426912
425 176 9 11 0.0124264425
262 401 11 15 0.012417176
395 327 54 64 0.012416155
520 238 9 13 0.012414808
443 519 21 23 0.0124030765
569 186 11 13 0.012400746
478 447 9 14 0.012399728
74 1 202 205 0.012396006
476 320 11 15 0.012395789
330 428 18 22 0.01239551
418 454 8 11 0.012390703
424 341 11 15 0.012389733
265 429 16 22 0.012376043
409 270 10 11 0.012373764
559 419 8 10 0.012371645
444 289 6 10 0.012366448
255 446 20 26 0.012344753
1022 411 2 14 0.0123445345
370 351 9 12 0.012343192
478 409 14 18 0.012342927
572 464 14 19 0.012342467
582 132 6 9 0.012339342
612 474 11 13 0.012336083
592 217 7 11 0.012334563
535 169 9 13 0.012328526
476 258 7 10 0.012321371
320 426 9 11 0.012317253
570 211 9 16 0.012316878
116 712 10 12 0.012303654
162 507 15 14 0.012297242
491 520 8 10 0.012291489
890 599 19 20 0.012291483
488 391 16 20 0.012278357
450 441 38 50 0.012277533
590 417 12 18 0.012277424
927 623 10 10 0.0122766495
588 473 8 11 0.012275031
504 265 9 13 0.01227499
874 531 10 9 0.012274631
428 421 34 48 0.01226848
420 305 9 10 0.012250407
730 581 13 15 0.012248723
605 402 8 14 0.012247532
513 226 11 14 0.012244803
400 463 15 22 0.012231835
332 470 13 16 0.012230149
34 480 35 41 0.012225504
153 262 234 285 0.012223161
461 407 9 11 0.012219261
600 243 22 32 0.012219246
478 250 8 12 0.012217423
507 456 10 14 0.012214414
493 430 7 10 0.0122140115
1022 710 2 12 0.012210371
368 442 8 11 0.012209005
891 491 12 14 0.012208522
438 321 21 25 0.012207215
379 431 20 23 0.012206342
1019 521 5 16 0.012194273
388 293 9 10 0.012188474
840 584 11 14 0.0121875005
572 245 11 15 0.012186
572 406 12 17 0.012182544
437 269 15 17 0.012170822
480 437 11 14 0.0121692065
481 333 12 13 0.012158366
550 393 8 11 0.012156206
410 211 7 13 0.012150936
397 308 26 25 0.012149498
295 460 7 13 0.01214726
379 419 12 16 0.012144959
979 477 10 12 0.012143437
1020 632 4 18 0.012142902
600 425 6 10 0.012137064
384 441 38 50 0.012135023
25 618 11 15 0.012130723
453 291 7 9 0.012130359
239 460 14 20 0.012127679
402 422 12 12 0.012125357
516 485 8 11 0.012120792
459 485 11 19 0.012110662
532 732 13 13 0.012107033
395 456 8 9 0.012103486
443 406 11 15 0.0121001955
413 456 11 15 0.012099156
950 475 10 11 0.01209139
606 273 12 16 0.01208987
511 405 11 16 0.012087993
516 434 16 21 0.012087155
499 214 7 10 0.012086875
261 438 11 15 0.01208127
1021 436 3 15 0.012080276
496 467 11 15 0.012075868
480 259 16 20 0.012071296
281 445 19 24 0.012067861
396 425 10 12 0.012065383
160 543 8 9 0.012063428
585 175 10 13 0.012056464
939 487 11 13 0.01205049
420 330 7 12 0.012050257
373 428 7 10 0.0120500345
0 360 159 382 0.012047419
285 431 8 11 0.012038788
281 434 19 25 0.012033711
487 402 7 9 0.012028062
704 570 21 18 0.012027589
537 163 10 14 0.012022265
38 698 11 12 0.012019937
487 411 9 11 0.012019184
361 440 8 10 0.012018367
599 421 10 13 0.012014285
231 535 14 19 0.012009555
382 461 40 52 0.0120083075
916 459 24 28 0.012008001
443 533 9 11 0.012001672
883 407 21 22 0.012000767
312 453 21 26 0.011997163
417 460 9 12 0.011995974
426 461 40 53 0.011995372
496 243 11 15 0.011988062
459 471 9 12 0.011986919
846 164 50 73 0.011984957
211 288 119 175 0.011974599
808 480 11 17 0.011973086
499 463 12 14 0.011965009
368 348 8 11 0.011963134
465 390 9 12 0.011951527
469 205 7 10 0.011949472
509 237 10 14 0.01194768
549 361 16 18 0.011946094
496 389 12 14 0.011945002
388 310 11 12 0.011944992
378 0 135 107 0.0119422935
441 443 10 12 0.011941771
480 332 8 9 0.011937711
440 455 11 15 0.011935283
480 152 13 21 0.011933873
419 319 9 13 0.0119319195
450 464 18 26 0.011926184
336 419 17 21 0.01192592
61 636 218 132 0.011921383
499 412 8 10 0.011916259
494 309 13 18 0.011914714
561 167 9 13 0.011913639
1021 542 3 15 0.011912718
215 466 7 10 0.011905974
771 717 17 20 0.011896465
499 237 7 10 0.011887238
546 244 12 12 0.011885453
416 307 9 11 0.011884919
584 268 26 34 0.0118822
937 464 12 16 0.0118793035
452 419 36 50 0.011874897
1022 483 2 11 0.0118728485
455 471 9 13 0.011870814
156 543 14 17 0.011862145
90 533 50 34 0.011856446
441 468 10 14 0.011856356
377 294 67 64 0.011854876
22 42 91 136 0.011851054
722 155 84 128 0.01184315
285 439 10 14 0.011837769
0 625 9 17 0.01183761
614 412 8 10 0.011835401
592 413 17 26 0.011834346
326 462 9 10 0.011826259
540 718 10 11 0.011825352
468 435 10 12 0.011825035
501 205 9 12 0.011822157
807 525 7 13 0.01182195
578 173 7 10 0.0118128415
440 382 9 12 0.011811674
612 411 18 24 0.011799926
301 758 23 10 0.011799056
147 530 46 43 0.011798715
539 160 10 12 0.01179744
419 295 7 10 0.011796839
1006 539 11 11 0.011790504
434 482 6 13 0.0117880665
328 441 7 9 0.011787936
598 253 10 16 0.011778448
506 235 10 13 0.011776995
490 437 11 14 0.011772979
940 482 27 30 0.011770935
625 284 25 21 0.0117692035
279 423 11 14 0.011767156
318 417 21 28 0.011766139
929 497 10 10 0.011766087
895 636 15 18 0.01176146
470 435 19 23 0.0117548965
437 446 7 9 0.0117536485
800 567 13 12 0.011752956
190 509 15 17 0.011751496
496 205 6 9 0.011748221
408 272 7 9 0.011735863
673 0 336 329 0.01173255
456 209 10 17 0.011732361
272 433 9 13 0.0117290765
757 668 11 11 0.011722323
259 455 6 10 0.011719383
242 438 8 11 0.011715257
499 267 9 11 0.0117116645
522 494 9 12 0.011710998
234 480 9 9 0.0117105
420 341 18 25 0.011709803
508 251 11 15 0.011709682
456 405 8 10 0.011706196
491 469 18 24 0.011703756
281 426 15 19 0.011703035
265 377 47 62 0.011698861
506 392 9 12 0.011698223
524 244 9 12 0.011695137
1022 490 2 13 0.011693282
904 469 23 28 0.011685221
448 528 10 10 0.011682986
486 450 11 15 0.0116818
440 461 11 15 0.011679112
482 523 11 10 0.011675336
93 543 27 25 0.011672864
339 420 6 9 0.011671277
635 214 10 13 0.011671217
487 241 16 22 0.011671099
1017 548 7 18 0.011669768
1 605 12 15 0.011666496
888 418 10 11 0.011662248
549 247 12 12 0.011658877
456 271 10 12 0.011644079
260 452 8 15 0.01163894
262 450 8 13 0.011635329
485 376 10 12 0.011631876
20 645 8 10 0.011631688
360 441 39 49 0.011630577
494 452 12 17 0.011628572
489 148 9 10 0.011627546
407 450 11 15 0.011626803
577 231 8 11 0.011619588
1013 0 11 14 0.011613361
216 452 9 11 0.011612633
518 185 11 11 0.011605313
858 222 25 37 0.011604879
398 321 26 28 0.011601565
1021 230 3 13 0.011600528
494 403 11 14 0.011600326
0 594 9 15 0.011596035
510 401 6 9 0.011591545
403 444 20 25 0.011586372
472 441 38 49 0.011584348
478 375 11 13 0.011583852
466 401 16 22 0.011582261
438 432 10 13 0.011580413
579 411 9 13 0.011579691
492 474 9 13 0.011576258
349 442 9 14 0.01157611
900 562 17 20 0.011575983
240 447 8 14 0.011573374
1021 626 3 14 0.011573327
527 491 11 13 0.011569878
602 399 9 14 0.011569793
423 291 9 11 0.011568093
485 186 11 13 0.011561632
538 156 39 55 0.011553393
616 0 202 135 0.011551083
519 193 8 10 0.011550294
457 447 7 9 0.01154755
508 471 9 10 0.011547283
565 646 10 12 0.011547274
595 172 18 25 0.011545263
417 182 15 18 0.011540882
557 473 11 16 0.011538289
367 423 10 13 0.011536419
545 271 14 14 0.01153433
488 251 8 9 0.011534245
498 205 8 11 0.011533681
267 559 12 13 0.011528062
568 622 13 16 0.011527517
860 522 9 12 0.011525968
414 186 10 12 0.011522361
514 276 9 10 0.011522214
453 418 8 12 0.011519817
495 445 11 14 0.011517291
877 528 10 10 0.011515726
480 425 8 11 0.011515372
1021 552 3 13 0.011514657
768 755 9 10 0.011514391
447 385 11 12 0.011511598
1022 701 2 11 0.011508117
623 672 16 17 0.011506565
236 435 10 15 0.011506423
444 387 11 13 0.011504468
751 59 198 250 0.0115007665
358 443 20 26 0.011498374
471 365 17 24 0.01149685
358 638 218 130 0.011495196
536 251 10 13 0.011489728
391 284 10 15 0.011488628
242 471 9 10 0.011481815
537 498 9 10 0.011480789
437 433 19 24 0.011477024
502 365 64 81 0.011475804
475 433 11 14 0.011473821
545 497 9 10 0.011471346
485 158 11 16 0.011468525
791 209 49 73 0.011465028
870 217 154 330 0.011464273
0 292 50 130 0.0114624305
68 41 90 137 0.011460613
540 262 8 10 0.0114599075
338 430 16 20 0.0114591485
628 279 11 12 0.011453941
421 178 15 17 0.011453682
12 672 146 96 0.011452127
378 349 52 70 0.011448844
1022 703 2 13 0.011447784
408 420 34 48 0.011442559
304 459 13 15 0.011442529
507 247 9 12 0.011438883
326 438 6 9 0.011437491
413 467 10 14 0.011433119
0 435 48 123 0.011431916
488 262 9 11 0.01143162
134 471 61 73 0.011430174
246 418 10 14 0.011430095
443 701 16 14 0.011428706
488 333 15 17 0.011427542
552 388 8 10 0.011426725
576 480 8 11 0.0114249615
333 73 49 73 0.011424687
400 283 20 25 0.01142452
598 218 10 14 0.011424479
469 262 10 12 0.011424189
405 289 8 10 0.011421628
0 566 17 21 0.011418621
507 441 18 25 0.011418318
559 603 41 48 0.0114139905
547 484 7 10 0.011412022
264 399 16 22 0.01141096
461 208 12 15 0.011409253
505 26 257 358 0.011402521
472 423 11 15 0.011401604
907 55 117 244 0.011400609
287 563 11 10 0.011400173
526 475 6 10 0.011395749
509 640 48 60 0.011385598
484 403 8 11 0.011384607
401 448 7 11 0.011384471
630 232 11 16 0.011384438
1020 578 4 16 0.011382538
598 234 35 49 0.011377966
1021 407 3 17 0.011376191
255 449 7 9 0.011367042
455 216 10 17 0.0113645345
407 207 7 11 0.011356595
473 309 12 14 0.011355652
477 411 7 9 0.011354204
256 455 7 10 0.011350347
531 265 11 14 0.011348106
24 312 88 127 0.011346335
578 543 11 12 0.011345037
361 437 9 9 0.011342257
263 631 205 137 0.011341676
492 401 8 11 0.011339272
342 524 6 11 0.011333922
478 442 8 11 0.011333103
409 344 20 23 0.01132651
82 531 82 75 0.011321808
457 441 7 9 0.01131385
470 409 8 11 0.011312217
938 479 11 12 0.011311098
568 179 15 18 0.011304712
654 311 17 27 0.011304354
465 438 15 19 0.011303862
159 0 216 140 0.011300057
576 377 52 76 0.011296888
538 163 24 26 0.011292299
525 256 9 12 0.011290639
227 453 8 10 0.011288718
502 260 10 14 0.011286774
291 646 14 14 0.011284743
501 273 8 12 0.011284131
1021 524 3 11 0.011283998
435 434 11 13 0.01128348
620 223 16 21 0.011281698
420 42 133 190 0.011280674
414 418 12 15 0.011280199
0 749 6 10 0.011276073
7 642 14 14 0.011275592
460 205 9 9 0.011275366
89 695 25 28 0.011273877
923 193 17 19 0.011273057
566 361 11 14 0.011271523
575 458 10 13 0.011270064
311 757 24 11 0.011264185
1021 235 3 14 0.011261215
517 235 10 13 0.011257955
470 274 13 18 0.01125772
396 435 8 10 0.0112563195
533 276 8 11 0.011255642
527 473 9 14 0.011254479
726 208 77 110 0.011250244
944 738 16 17 0.011243111
631 244 9 14 0.011241816
600 550 13 15 0.011239917
457 421 7 10 0.011235923
533 0 96 100 0.011235736
347 467 15 18 0.011231933
596 412 12 15 0.011230856
926 477 12 15 0.0112307975
479 480 10 15 0.011228698
592 232 9 15 0.011226109
391 433 14 17 0.011223628
47 55 176 221 0.011223422
504 237 7 9 0.011221054
210 314 66 97 0.011217924
1021 635 3 13 0.011205281
412 341 14 17 0.011203818
443 536 10 13 0.011200355
318 418 36 48 0.011196917
1021 224 3 14 0.011196375
1021 415 3 15 0.011195189
504 227 17 21 0.011195079
550 253 18 23 0.011187573
371 432 19 24 0.011186685
241 401 11 15 0.011183989
670 220 42 62 0.01117909
882 534 9 11 0.011177973
912 599 17 19 0.011177367
407 444 11 14 0.011173852
278 430 10 13 0.011173179
530 244 10 13 0.011172393
136 54 192 230 0.0111666685
485 378 46 59 0.011163639
601 318 11 13 0.011160366
430 460 11 14 0.011160206
495 204 15 23 0.011158039
524 433 11 14 0.0111551145
447 290 7 11 0.0111545315
650 267 9 10 0.011153806
438 462 7 9 0.011151647
436 444 20 25 0.011139939
3 488 29 34 0.011139859
451 385 11 12 0.011133937
546 156 12 14 0.011132517
321 422 8 10 0.011129866
603 215 11 14 0.011128204
84 553 16 17 0.011123678
331 187 134 195 0.011122218
495 401 23 33 0.01111918
96 536 30 24 0.011117157
747 246 45 65 0.011113961
527 236 8 12 0.011113586
0 383 48 128 0.0111116385
947 162 77 154 0.011110725
1022 442 2 12 0.011107348
636 225 9 13 0.011106554
410 289 9 13 0.011105941
548 169 8 10 0.01110025
663 294 31 38 0.011099031
1019 670 5 14 0.011098794
355 343 16 18 0.0110980775
318 736 14 17 0.011096793
303 746 38 22 0.011095577
385 321 29 30 0.011094493
570 414 6 10 0.011092853
215 487 15 17 0.011092385
353 433 8 10 0.01109092
438 448 9 12 0.011088839
452 220 7 10 0.01108577
349 389 10 13 0.011081393
381 235 130 178 0.011078515
0 451 72 172 0.011071839
252 438 11 14 0.011071028
545 247 9 11 0.011070774
1021 477 3 11 0.011068783
548 492 10 12 0.011064612
191 744 18 15 0.01105556
367 344 7 10 0.011053818
239 463 7 12 0.011053511
521 174 12 13 0.01104935
746 231 81 105 0.01104671
327 442 14 16 0.011043419
668 460 107 111 0.011041262
269 405 17 21 0.011039584
802 186 49 73 0.0110388165
509 401 10 15 0.0110373255
336 432 8 9 0.011036492
507 216 9 11 0.011034142
572 412 8 14 0.011033559
254 163 50 73 0.011031507
204 685 20 25 0.011031463
583 473 12 16 0.011026641
401 312 13 14 0.011025703
423 456 7 10 0.011025216
475 417 11 14 0.011023515
826 18 93 137 0.0110224895
379 412 9 13 0.011021708
887 630 20 25 0.011021514
436 478 10 14 0.01101988
609 170 7 10 0.011019854
21 476 69 81 0.0110165225
348 441 7 11 0.0110092955
0 176 73 193 0.011008948
295 447 15 17 0.011008665
1021 241 3 14 0.011001906
93 233 149 195 0.010998272
336 466 13 16 0.010997811
574 243 8 10 0.010993799
186 312 59 91 0.010993745
494 389 9 10 0.010993707
368 315 10 13 0.010988682
932 497 10 11 0.0109798275
475 440 9 12 0.010979708
296 758 11 10 0.01097836
401 222 10 13 0.010975481
678 676 155 92 0.010972038
430 473 10 15 0.010970987
279 416 9 11 0.010968687
491 462 8 9 0.01096853
1021 249 3 14 0.010968204
509 189 9 11 0.010967176
468 194 63 89 0.010966544
405 215 11 16 0.010965875
399 393 34 45 0.010961542
460 197 9 10 0.010954397
396 475 15 20 0.010953252
463 393 8 12 0.010952525
492 313 19 23 0.010946996
437 413 9 10 0.010946814
516 409 16 23 0.010945943
501 189 61 87 0.010944623
518 422 12 16 0.010939739
239 399 61 87 0.010938661
480 293 6 9 0.010931907
416 252 12 14 0.010931754
572 204 21 27 0.010929031
513 394 11 14 0.010923794
620 1 89 101 0.0109233335
694 153 8 10 0.01092303
402 408 12 15 0.010922508
472 493 9 11 0.010916948
0 19 56 132 0.01091481
595 687 11 13 0.010914512
718 570 21 20 0.010909657
40 677 13 12 0.01090869
592 220 8 13 0.010908481
471 487 10 13 0.010906541
575 225 18 22 0.010903032
489 456 10 13 0.010902922
385 266 12 15 0.010902123
399 440 16 21 0.0109011335
728 156 159 203 0.010900575
1021 754 3 14 0.010897418
401 533 13 20 0.01089496
489 328 20 18 0.010890582
613 213 10 15 0.01088987
423 295 9 13 0.0108849555
496 154 11 13 0.010878021
496 383 12 14 0.010877847
250 387 33 47 0.010874974
1020 428 4 17 0.010872115
445 394 17 23 0.010870639
477 456 11 15 0.01086762
400 286 11 13 0.010859637
381 95 153 212 0.010859411
586 230 7 11 0.010857199
409 300 8 11 0.010854218
70 745 36 23 0.010853776
429 298 11 14 0.010849092
936 488 9 11 0.010848884
477 285 8 9 0.010846806
361 427 10 13 0.0108456565
311 498 9 10 0.010844464
165 465 26 32 0.010843272
414 325 21 24 0.010842571
464 446 8 10 0.010840539
492 425 8 9 0.010837887
553 242 14 14 0.010837641
362 339 23 29 0.010833616
1022 450 2 10 0.01083164
346 429 11 13 0.010830673
337 403 15 23 0.010830523
514 237 10 14 0.010830259
434 430 7 10 0.010826174
441 401 7 10 0.010825303
487 524 10 9 0.010824093
399 423 15 20 0.010822573
32 63 48 73 0.010822486
464 454 8 11 0.0108191045
32 98 48 71 0.010813126
219 0 102 100 0.010812923
975 301 25 35 0.010810718
577 0 18 15 0.010810488
327 410 9 12 0.010810013
474 428 7 10 0.010809149
402 310 8 9 0.010807399
524 221 7 10 0.010807252
576 473 9 15 0.010805659
0 755 11 13 0.010804263
551 362 11 11 0.010796827
416 219 11 17 0.010795729
381 385 7 10 0.010793533
845 0 99 104 0.010792874
920 243 104 200 0.010792542
1020 506 4 15 0.010790375
1021 255 3 13 0.01079011
498 399 7 10 0.010785566
1021 535 3 14 0.010783359
417 273 9 9 0.010782682
522 202 9 10 0.010779545
336 412 7 9 0.010779187
921 601 11 13 0.010777021
528 226 9 13 0.010776064
526 286 9 9 0.010775785
869 217 24 36 0.0107749505
0 599 4 9 0.010774506
352 432 7 9 0.010774182
506 279 8 9 0.010773609
47 87 89 128 0.010766491
473 470 15 14 0.010764402
563 110 125 177 0.010760732
968 492 7 9 0.010760616
523 225 9 12 0.010759586
562 410 10 15 0.010759021
253 463 11 19 0.010755891
663 244 9 11 0.010754953
331 441 7 9 0.010754235
87 343 49 72 0.01075294
407 280 9 12 0.010751315
636 632 11 14 0.01074412
608 203 59 83 0.010743437
596 157 14 19 0.010738609
1021 480 3 15 0.010738102
1001 489 12 12 0.0107375905
884 530 10 10 0.010737266
152 511 64 75 0.010736161
175 637 196 131 0.010736148
376 385 8 10 0.010735422
0 0 39 54 0.01073349
585 162 10 13 0.010729378
376 351 15 16 0.010729304
517 436 8 11 0.01072917
419 423 11 15 0.010728953
776 758 10 10 0.010725229
437 241 8 10 0.010724338
860 555 9 11 0.010723695
330 462 13 16 0.01072165
496 437 8 11 0.0107205985
824 174 49 74 0.010718648
769 548 39 43 0.010717006
361 420 38 49 0.0107156215
597 269 23 31 0.010713486
335 401 11 14 0.010710623
509 386 16 21 0.010710403
452 453 6 9 0.010708949
628 234 18 25 0.010707767
1020 0 4 13 0.0107076
975 262 24 35 0.010706117
298 539 14 14 0.010703715
87 0 102 106 0.0107025085
373 710 11 12 0.0106978705
516 391 11 14 0.010697535
858 141 49 72 0.0106970575
47 247 92 133 0.010693261
768 220 49 72 0.010693136
413 284 11 15 0.01068945
979 0 45 43 0.010688729
377 348 24 26 0.01068823
829 321 18 21 0.010688012
934 468 17 23 0.010687086
926 604 12 14 0.010684355
144 391 24 35 0.010678621
674 6 93 121 0.010678594
759 258 44 62 0.010674967
392 293 8 10 0.010673691
927 721 17 19 0.010672321
468 417 11 14 0.010670505
746 319 14 19 0.010670479
484 212 20 25 0.0106678475
599 264 11 14 0.010665624
515 215 8 11 0.0106645515
0 469 12 19 0.010663581
458 217 17 27 0.0106628435
672 581 235 187 0.010660364
317 434 9 13 0.010658365
576 600 11 11 0.010656745
434 276 10 11 0.010654118
337 414 9 11 0.010652217
408 407 10 12 0.010651298
318 401 34 47 0.010650244
471 483 21 24 0.010650045
919 677 10 12 0.010649683
247 462 8 10 0.010649542
493 435 7 10 0.010645827
471 454 11 15 0.010644135
436 454 21 26 0.010643903
524 271 9 11 0.010642791
531 281 9 11 0.010642611
389 546 15 17 0.010641942
731 334 11 12 0.010640065
412 276 14 16 0.010635751
534 262 8 12 0.010633446
41 269 162 204 0.0106330365
484 182 11 12 0.010632045
399 418 11 13 0.010631532
286 446 8 11 0.01062972
591 216 11 19 0.010628921
933 701 13 15 0.010623158
357 383 8 9 0.010622024
490 205 10 14 0.0106202895
910 758 7 9 0.010619928
712 463 95 106 0.010619142
813 261 25 37 0.010616816
536 182 18 21 0.010615534
384 640 13 13 0.01061536
424 324 6 9 0.010614937
511 235 10 13 0.0106129525
106 527 306 241 0.01061164
1021 219 3 13 0.010609777
254 407 27 34 0.010609646
594 676 157 92 0.010607593
310 63 50 72 0.010602371
514 424 19 26 0.010601335
519 155 8 11 0.010600077
109 153 49 70 0.0105962865
256 430 6 9 0.010595333
603 175 9 12 0.01059408
441 302 11 16 0.010591763
360 434 15 18 0.010591651
411 398 12 14 0.010590975
934 494 7 10 0.010590507
460 311 21 25 0.010590044
407 397 21 25 0.010589095
386 419 35 49 0.010587213
432 404 14 14 0.010585703
512 153 11 13 0.010583863
914 636 12 14 0.010583609
913 445 36 41 0.010581878
580 629 12 12 0.010580792
250 425 8 11 0.010580666
1021 260 3 14 0.0105773285
364 442 9 12 0.01057563
243 186 49 72 0.010575079
490 477 18 25 0.010574351
769 734 11 11 0.01057306
557 273 11 16 0.010572258
513 383 11 11 0.010570429
276 173 146 218 0.010570064
78 549 19 15 0.0105691375
383 417 12 16 0.010568345
449 400 21 28 0.010566673
875 594 13 13 0.010566634
432 192 7 10 0.010565443
654 222 9 15 0.010564964
488 333 10 11 0.010563843
400 420 28 38 0.010561212
585 218 10 14 0.010555448
846 222 26 37 0.0105553325
424 187 10 12 0.010547256
310 425 16 22 0.010546476
462 370 20 27 0.010544653
737 40 91 138 0.0105430605
718 87 88 134 0.010540727
410 476 18 21 0.010538088
47 337 87 122 0.010535096
438 290 8 9 0.01053372
440 449 11 15 0.010533026
486 265 9 10 0.010531522
553 160 10 11 0.01053114
423 318 7 9 0.0105307
411 433 64 92 0.010525673
422 185 8 10 0.010524597
627 219 9 11 0.01052438
625 399 9 14 0.010522445
141 536 25 18 0.010517258
97 0 18 14 0.010514718
32 310 48 71 0.010513104
957 755 27 13 0.010512154
506 240 10 14 0.010511022
976 650 10 12 0.010504829
507 400 7 10 0.010504811
457 259 11 13 0.010504778
401 396 46 63 0.010503415
216 374 110 153 0.010502103
599 400 25 39 0.010501729
861 652 15 16 0.0105008
445 56 24 35 0.010499314
473 476 14 15 0.010499249
407 401 12 13 0.010497141
727 0 160 114 0.01049701
32 367 46 69 0.010493491
462 412 7 10 0.010491985
519 227 10 14 0.010491294
224 105 167 231 0.010490812
508 203 8 11 0.01048783
74 665 14 17 0.010484502
134 18 93 136 0.010482918
951 479 10 12 0.010480775
244 16 98 135 0.010477456
1022 455 2 11 0.010474908
394 280 10 12 0.010471369
398 444 8 11 0.010470525
420 430 8 9 0.010470481
240 458 26 34 0.010468647
488 291 14 15 0.010467695
875 210 24 36 0.01046367
163 539 14 10 0.010463636
378 407 9 13 0.010461373
236 424 19 26 0.010461351
109 750 8 10 0.010460247
530 623 11 13 0.010460159
687 210 8 12 0.010459982
345 455 21 27 0.010458536
107 704 20 24 0.01045298
228 459 11 15 0.010452067
1021 486 3 16 0.010451995
71 111 85 124 0.010450163
642 442 28 35 0.010449299
432 328 8 13 0.010448993
22 122 47 70 0.01044824
869 166 49 72 0.010447741
408 459 11 13 0.0104468
473 381 8 13 0.010445628
554 393 8 12 0.010444781
753 692 14 15 0.010442738
224 454 12 17 0.010440119
290 758 11 10 0.010435335
559 470 7 10 0.010434627
408 181 7 9 0.0104335705
514 232 10 12 0.010432365
323 463 11 15 0.01043099
584 244 6 10 0.010429481
574 182 11 12 0.010424111
682 211 10 13 0.010421567
338 419 37 49 0.010420725
345 440 7 11 0.010420219
569 169 8 10 0.0104141915
0 293 124 306 0.010413631
65 343 49 72 0.010412384
245 452 10 14 0.010412293
964 307 25 35 0.010411054
328 730 15 17 0.010411049
473 252 16 19 0.010410478
463 435 9 10 0.010410377
481 148 8 9 0.010409822
1021 708 3 16 0.010408328
335 455 22 27 0.010403226
340 418 10 13 0.010401717
996 0 28 30 0.010399045
475 450 10 14 0.010393547
350 435 9 13 0.010390441
526 220 10 15 0.0103874095
1022 744 2 12 0.0103864325
0 611 15 25 0.010385188
528 478 9 15 0.01038515
100 465 8 10 0.010384766
565 0 19 14 0.010381533
747 506 56 61 0.010378074
0 747 18 21 0.010377643
465 477 9 14 0.010376881
152 546 12 15 0.010375918
157 674 16 17 0.010370056
501 173 9 10 0.010369459
802 267 25 36 0.010368733
588 165 8 12 0.010367068
516 447 11 16 0.01036619
439 428 8 10 0.010364369
468 266 8 10 0.010362486
394 208 6 10 0.010362252
93 104 169 222 0.0103593785
146 0 19 14 0.010359277
356 431 15 18 0.010358192
76 701 9 11 0.010356894
506 673 159 95 0.010356466
445 542 11 12 0.010354892
421 277 8 11 0.010352469
548 473 11 15 0.010352322
544 185 12 13 0.010351522
557 161 9 11 0.010347925
253 431 6 10 0.010347034
880 119 49 72 0.01034595
501 242 12 16 0.010342026
499 243 7 9 0.010342023
812 562 12 14 0.010341666
859 402 159 181 0.010339494
263 468 11 16 0.010337847
282 470 12 16 0.0103360545
76 755 26 13 0.0103347115
902 758 11 10 0.010334554
602 427 12 14 0.010331171
480 445 9 12 0.010326666
483 645 12 12 0.010324451
391 444 11 12 0.010323741
392 426 19 23 0.010323067
1022 420 2 12 0.010319824
591 599 32 36 0.010319585
446 373 12 13 0.010319528
479 244 11 14 0.010318388
933 473 12 16 0.010317971
611 275 7 11 0.010316805
495 1 83 96 0.010316763
588 635 14 14 0.010316498
484 250 7 9 0.010316496
282 563 11 10 0.010316063
0 752 3 9 0.010313454
563 190 12 15 0.010312386
305 689 12 13 0.010312082
602 253 8 11 0.010311769
341 756 23 12 0.01030874
448 397 10 14 0.010308558
560 395 9 12 0.010308156
136 621 10 11 0.010306438
420 284 10 14 0.010306213
1021 641 3 13 0.0102998465
620 279 8 12 0.010293447
11 643 16 20 0.010293156
493 383 11 12 0.010291985
951 488 10 14 0.010291976
501 403 8 9 0.010291152
1021 266 3 13 0.0102886325
431 397 21 25 0.010288183
970 290 24 36 0.010286751
397 685 23 22 0.010285796
589 455 15 17 0.010281628
437 302 9 13 0.01028137
429 339 11 16 0.010281298
536 270 9 10 0.010276864
975 129 24 36 0.010274411
881 201 24 34 0.010270474
152 0 102 104 0.010268537
941 491 8 11 0.010266061
517 441 10 14 0.010265007
496 237 12 15 0.010264214
274 427 9 12 0.010262099
508 484 13 17 0.01025916
629 441 21 26 0.010258899
390 378 117 156 0.0102575105
976 574 14 16 0.010255451
779 186 50 72 0.010255051
613 471 10 10 0.010254249
395 428 8 10 0.010253481
292 440 39 51 0.010252974
616 216 10 14 0.010250063
1021 350 3 13 0.0102496175
526 737 14 13 0.010248178
300 31 50 71 0.010248155
782 18 93 137 0.010245976
544 241 11 13 0.0102425
622 444 15 18 0.010241147
308 447 8 11 0.010238603
438 454 9 12 0.010238573
265 142 51 73 0.01023658
327 464 12 17 0.010231918
435 320 13 14 0.010231827
1021 213 3 14 0.010231309
391 274 10 12 0.010231091
327 471 8 14 0.0102310525
885 606 10 12 0.010230175
675 265 20 24 0.010229725
591 293 14 20 0.01022836
335 442 22 27 0.010226708
61 681 12 14 0.01022526
856 0 19 15 0.010218185
901 458 19 25 0.010218076
291 434 20 25 0.010217035
467 276 7 9 0.010215491
509 207 7 10 0.010214436
42 343 48 72 0.010213257
155 385 24 35 0.010207881
703 301 13 20 0.010205936
531 733 18 20 0.010204489
11 757 20 11 0.010204188
646 309 19 30 0.010204054
482 247 6 10 0.010202515
96 494 33 37 0.010201586
132 396 24 35 0.010200981
589 223 7 10 0.0102003915
271 440 39 52 0.010199398
937 340 23 35 0.010197267
280 420 9 11 0.010195974
299 443 12 12 0.01019412
775 727 13 15 0.010191875
312 433 13 17 0.010191568
572 456 14 19 0.010191171
902 108 50 74 0.010186479
387 345 24 20 0.010185638
472 438 10 11 0.010183298
448 228 11 16 0.010183253
158 0 18 14 0.010181476
520 179 11 13 0.010179654
468 412 7 10 0.010177248
433 466 8 10 0.010175957
546 153 10 12 0.010173125
156 235 135 191 0.010172867
431 235 128 173 0.010167808
653 218 14 23 0.010167209
523 233 8 11 0.010166714
109 343 49 72 0.010165126
388 277 14 18 0.010165056
442 389 11 14 0.010164827
346 419 11 14 0.010164319
406 202 10 14 0.010164098
490 238 12 15 0.010163705
408 467 10 15 0.010162048
884 480 22 26 0.010160613
1021 372 3 14 0.010160004
679 498 28 32 0.010159875
232 164 49 72 0.010159692
420 308 10 11 0.010158867
461 479 19 25 0.010153275
417 429 8 11 0.010152739
894 562 17 23 0.010152589
26 622 11 17 0.010150017
1021 433 3 13 0.010149603
246 614 10 11 0.010148987
461 232 7 9 0.010147173
951 494 10 12 0.010146659
742 595 13 14 0.010145657
129 455 41 45 0.01014515
538 244 7 10 0.0101450365
701 3 49 63 0.010142149
76 463 9 10 0.010140499
1021 344 3 14 0.010139957
425 315 9 11 0.010139121
357 439 9 12 0.010138975
253 0 18 15 0.010138663
26 365 85 116 0.010135869
495 176 11 11 0.0101350965
586 462 13 13 0.010132771
461 330 62 79 0.010132557
514 187 12 14 0.010132208
480 267 7 9 0.010130574
143 163 49 71 0.010127739
237 474 7 10 0.0101261595
585 632 9 9 0.010122522
195 491 7 10 0.010121923
261 433 7 10 0.010121437
552 173 24 31 0.01012077
240 433 7 10 0.01011857
530 273 9 10 0.010117067
551 396 9 11 0.01011657
261 1 93 96 0.010114632
602 609 18 22 0.01010859
466 290 8 10 0.010104926
977 481 12 16 0.0101034455
466 382 10 15 0.010096373
696 85 155 210 0.010095625
760 107 90 137 0.010095538
231 532 300 236 0.01009527
512 225 8 10 0.010093971
515 174 10 11 0.010093125
566 161 17 21 0.010090128
379 309 14 14 0.010089569
576 623 9 10 0.010088005
588 0 19 14 0.010086183
0 497 54 72 0.010084551
432 437 16 20 0.010084099
491 621 16 19 0.010080062
899 477 10 12 0.010078919
952 451 10 14 0.010077798
663 248 10 14 0.010075219
423 347 12 15 0.01007482
727 721 16 19 0.010074522
1021 377 3 15 0.0100723775
624 465 93 108 0.010070718
373 124 23 34 0.010069522
488 407 7 9 0.010066403
85 0 19 15 0.01006638
455 399 10 12 0.010065202
302 445 20 25 0.010061484
466 216 10 15 0.01006044
589 233 7 11 0.010058265
520 243 10 13 0.010057631
348 430 15 19 0.010056555
377 353 8 10 0.010051629
651 199 41 56 0.010050964
421 382 10 11 0.010047212
645 244 19 27 0.010047048
184 514 22 30 0.010043818
228 602 10 12 0.01004355
393 292 33 31 0.010043377
948 326 12 17 0.010041174
457 219 6 10 0.010037894
404 414 19 27 0.010035749
558 599 77 89 0.01002649
605 21 89 126 0.010021213
714 65 47 70 0.010020527
400 459 8 12 0.010020028
394 422 9 11 0.01001974
737 223 44 68 0.01001856
283 12 96 114 0.0100165075
1021 366 3 14 0.010015845
835 228 26 35 0.0100153405
144 724 15 16 0.010010969
585 248 7 9 0.010007337
303 435 20 24 0.01000658
400 455 7 10 0.010006305
0 205 47 129 0.010004654
633 231 14 20 0.010004572
467 324 15 19 0.010004251
72 481 13 15 0.010003072
1021 208 3 13 0.010002404
360 384 7 9 0.010000369