57_Angler_peoplefishing_57_900
409
492 361 194 247 0.8721706
478 459 218 261 0.055857077
866 0 158 190 0.046549834
0 0 144 182 0.0459559
410 555 184 165 0.040838107
829 512 195 208 0.038078245
0 0 92 121 0.037114948
117 0 286 194 0.035327483
280 0 288 203 0.034746192
532 0 283 194 0.03422522
781 582 178 138 0.034186218
707 0 284 192 0.033175316
0 478 165 242 0.033135287
931 0 93 109 0.032918096
386 0 241 162 0.030705152
639 0 238 153 0.030474493
52 0 238 155 0.030381095
314 323 7 9 0.029956799
668 386 165 222 0.029690498
0 0 56 78 0.02963691
577 551 179 169 0.029580561
290 521 251 199 0.02901994
199 462 19 19 0.028931253
237 0 198 129 0.028880537
155 0 197 126 0.028867483
936 637 88 83 0.028502604
320 0 200 130 0.028386682
857 66 167 379 0.02804732
489 0 199 128 0.027611436
857 243 167 363 0.026856514
0 615 80 105 0.025505459
0 62 148 368 0.025487885
55 143 69 96 0.025387978
678 570 180 150 0.025299147
190 479 269 241 0.025199391
23 449 287 271 0.025161032
904 33 120 260 0.025054872
615 264 251 331 0.024693994
330 388 174 221 0.024688115
201 0 287 278 0.024000723
487 368 99 151 0.023990715
0 0 231 274 0.02287255
681 0 145 109 0.022746569
908 204 116 259 0.022702258
0 648 51 72 0.02269346
903 392 121 240 0.022535436
429 0 149 112 0.022213088
772 0 144 111 0.022180835
502 246 241 329 0.021875476
0 42 93 245 0.021815889
0 227 153 384 0.02172459
890 586 134 134 0.021614147
624 0 269 342 0.021346513
450 0 277 281 0.021271933
427 391 11 14 0.021229533
596 0 148 116 0.020665212
246 365 13 18 0.0206077
543 476 134 157 0.020604229
62 0 134 101 0.020438926
381 624 148 96 0.020008214
108 262 267 344 0.019966444
145 530 206 190 0.019727128
478 273 162 231 0.01960993
312 273 247 321 0.019600542
739 0 121 87 0.019589389
28 64 278 385 0.019405168
215 267 22 29 0.019180432
220 379 202 255 0.019124664
656 452 209 257 0.018946322
822 652 121 68 0.018946212
356 373 12 12 0.018862508
0 205 91 248 0.018727187
649 0 122 91 0.018694507
513 625 149 95 0.018611915
370 2 263 358 0.018475648
483 0 123 90 0.01831401
400 0 124 91 0.01818696
704 0 99 70 0.01806157
0 157 84 177 0.018061392
569 0 123 90 0.017975276
828 693 65 27 0.01796416
532 89 257 360 0.017827185
311 334 12 16 0.017713353
314 0 126 92 0.017554663
193 472 10 17 0.017551813
629 442 140 185 0.01724262
856 0 130 94 0.017194739
718 66 271 368 0.01715738
665 209 38 50 0.016936999
919 307 105 230 0.016898317
300 79 254 356 0.016864004
966 0 58 59 0.016829124
26 0 116 84 0.016816657
44 591 169 129 0.016814787
371 390 8 12 0.016731257
0 374 99 257 0.016657881
232 0 123 88 0.016644359
207 601 167 119 0.016637783
641 627 152 93 0.016570657
116 0 96 70 0.016569277
836 367 102 114 0.016451512
730 363 248 317 0.016383842
974 681 50 39 0.016378047
312 320 8 10 0.016361317
0 0 37 49 0.016338484
289 442 140 173 0.016336437
998 700 26 20 0.016320037
825 0 105 76 0.01629792
536 0 100 70 0.016237676
213 476 10 13 0.016188173
438 653 110 67 0.016021263
745 625 151 95 0.01600083
619 0 102 73 0.01599627
0 489 83 200 0.015926009
462 427 155 187 0.015903242
452 0 102 72 0.015900327
933 491 91 189 0.015838914
248 358 10 13 0.015726002
368 0 102 72 0.015696708
148 32 207 259 0.015664186
561 343 154 208 0.01562873
0 321 77 193 0.015611629
672 224 171 231 0.015559266
325 41 199 259 0.015550707
150 0 121 85 0.015532734
954 267 70 155 0.01552638
245 363 9 16 0.015525617
283 0 103 72 0.015489753
303 614 160 106 0.015489097
819 349 152 200 0.015474225
576 43 190 241 0.015463921
854 693 66 27 0.015439317
319 350 11 13 0.015399219
0 147 53 122 0.015373602
349 379 20 23 0.015353833
10 140 113 139 0.015340425
405 369 145 200 0.01533198
948 426 76 162 0.015261627
202 0 100 69 0.015258148
78 81 41 52 0.015157969
250 371 11 13 0.015049881
28 88 21 29 0.015032758
249 355 9 10 0.015014072
219 358 7 10 0.014989572
0 18 45 120 0.014979456
204 172 253 353 0.014952427
6 472 9 11 0.014883168
421 388 15 20 0.014874404
1 342 229 338 0.014834274
575 657 105 63 0.014806376
930 152 94 199 0.014772227
481 643 125 77 0.014757233
0 253 63 156 0.014589676
947 93 77 157 0.014528993
127 395 14 16 0.014481481
0 50 56 152 0.014473408
64 294 199 262 0.014445784
327 651 110 69 0.014426673
592 452 118 153 0.014350136
199 367 25 24 0.014253903
619 657 105 63 0.014239632
192 641 121 79 0.014239513
346 372 9 9 0.014192377
22 637 117 83 0.014095467
251 364 13 19 0.014037981
141 620 146 100 0.013969453
0 311 46 126 0.0139562385
277 649 113 71 0.01390674
313 325 8 13 0.013900782
245 362 7 10 0.013887367
669 129 175 233 0.013805951
897 695 48 25 0.013804331
198 456 28 33 0.013772709
0 224 49 127 0.0137561
427 387 9 9 0.013753578
492 139 186 262 0.013668631
743 36 201 249 0.013634681
113 643 117 77 0.013627901
363 383 39 42 0.013619954
354 371 17 22 0.013612618
580 138 175 235 0.013530755
147 127 197 258 0.013521884
68 642 117 78 0.013478551
304 347 19 25 0.013437772
705 657 105 63 0.013435403
830 701 42 19 0.013410115
40 0 40 25 0.013403005
756 318 172 226 0.013380617
361 375 11 12 0.013283914
0 493 6 12 0.013272048
95 21 163 204 0.01313993
430 395 11 12 0.013131463
348 375 8 10 0.013129852
367 388 13 17 0.013035881
661 19 170 219 0.012988784
284 360 7 9 0.012982889
247 370 9 12 0.012876022
675 664 80 56 0.012831322
452 308 131 180 0.012815938
246 357 16 21 0.012809339
0 0 9 12 0.012805336
350 372 9 10 0.012786141
390 386 8 10 0.01277565
0 364 4 12 0.012758288
330 473 154 195 0.012753068
1012 0 12 14 0.012673941
214 480 11 12 0.012673509
626 334 145 201 0.012611558
453 377 29 22 0.012566643
798 0 81 61 0.01253766
338 222 168 234 0.012526177
857 673 79 47 0.012510645
25 201 101 117 0.01250103
0 0 24 31 0.0125008775
0 520 49 132 0.0124961715
225 369 10 11 0.0124875875
623 238 23 27 0.012436763
245 129 185 252 0.01240366
0 480 10 23 0.01233883
414 303 26 30 0.0123328455
430 388 10 11 0.012302964
0 422 61 162 0.012294718
360 472 104 132 0.012291272
805 2 150 162 0.012244477
485 512 142 169 0.012170597
706 681 56 39 0.012094044
996 0 28 29 0.012081976
90 0 81 60 0.012079528
846 702 43 18 0.012041532
369 490 13 17 0.012026595
249 352 12 15 0.012025178
830 448 105 142 0.012012939
355 384 20 24 0.012011305
26 0 70 53 0.0119852675
428 397 7 9 0.01195204
305 354 13 15 0.011920716
440 386 9 10 0.011905819
426 388 23 26 0.011864015
75 395 12 14 0.011819944
7 0 41 30 0.011811509
361 0 21 15 0.011788006
46 0 23 15 0.011780669
413 86 174 228 0.011767862
0 472 6 12 0.011766147
423 396 12 15 0.011763511
373 394 6 9 0.011761125
775 694 62 26 0.011745234
776 655 96 65 0.011741927
28 99 13 17 0.011733859
453 396 10 11 0.011726829
38 146 159 196 0.01172367
374 419 8 12 0.011680303
1016 500 8 21 0.01167639
393 667 95 53 0.011653094
752 225 178 233 0.011645845
803 694 60 26 0.011615412
16 107 99 113 0.0115813315
14 266 98 129 0.011566239
879 702 40 18 0.0115506435
351 0 21 15 0.011540239
252 359 10 11 0.011528984
838 0 20 15 0.011518052
81 158 72 95 0.0115054315
0 488 6 13 0.0114855245
758 133 168 215 0.011473852
952 692 61 28 0.011458622
496 330 101 121 0.0114472555
0 497 5 13 0.011447086
337 0 81 59 0.011441834
646 216 16 19 0.011428934
249 367 8 12 0.011402498
0 396 46 128 0.011397377
0 96 5 11 0.011389223
417 397 91 134 0.011382381
668 521 90 116 0.011380195
45 231 161 207 0.0113626355
421 0 81 59 0.01135516
471 351 74 126 0.01132678
180 431 172 219 0.011299334
885 659 105 61 0.011298709
340 0 22 15 0.0112463925
100 142 153 199 0.011202065
616 236 35 41 0.0111906435
0 681 26 39 0.0111101465
357 365 10 11 0.011068046
315 320 7 9 0.011066537
527 292 113 140 0.011060988
158 362 7 10 0.011055847
828 0 20 15 0.011039501
372 0 21 15 0.011029922
256 0 22 15 0.01102718
848 109 153 197 0.011018628
802 169 170 223 0.01100945
213 473 9 11 0.010960093
329 0 22 15 0.01093846
0 124 37 99 0.010935712
26 189 77 75 0.010913775
245 356 9 10 0.010907083
0 524 5 10 0.010897101
788 678 62 42 0.010883139
290 350 11 14 0.010867555
665 0 21 15 0.010853877
30 76 27 36 0.010853826
139 382 10 13 0.010853699
817 148 24 27 0.010851561
150 115 132 174 0.010817663
50 248 101 122 0.010815589
406 395 8 11 0.010810102
319 0 22 15 0.010799509
380 395 8 10 0.010785987
311 340 10 13 0.010773107
0 104 11 30 0.010764468
197 463 14 13 0.010750756
747 682 56 38 0.010747636
348 153 142 186 0.010745187
576 0 20 16 0.010744177
108 227 15 17 0.010740082
844 503 103 128 0.010716975
308 0 22 15 0.010713593
649 0 21 15 0.010683727
267 0 21 15 0.010671898
615 318 101 140 0.010651086
6 182 16 17 0.010630328
298 0 22 15 0.010628834
373 219 88 125 0.01062668
218 355 7 11 0.010621586
597 0 21 15 0.010613782
474 401 73 130 0.010597251
37 0 22 15 0.010594715
670 0 80 59 0.010591621
861 324 102 124 0.010587191
589 253 15 16 0.010574681
466 29 152 191 0.01055365
0 253 5 12 0.010543652
587 0 20 15 0.010530661
349 380 10 13 0.010527331
361 401 12 14 0.010512539
0 586 7 14 0.010512397
833 126 85 108 0.010510062
761 0 76 57 0.010500349
0 170 33 82 0.010482516
665 681 55 39 0.010478533
684 694 57 26 0.010477513
0 100 6 13 0.010477465
878 142 98 127 0.010452246
848 0 21 14 0.010451217
603 237 50 62 0.010443376
217 306 22 26 0.010439001
533 367 122 151 0.010433393
183 160 124 164 0.010412154
368 387 9 11 0.010409353
505 0 81 59 0.010399083
567 546 111 129 0.010397368
188 48 123 154 0.010393145
589 0 81 59 0.010389505
0 582 12 20 0.010389265
277 0 22 15 0.01036657
117 9 44 48 0.010339041
639 0 21 14 0.0103364065
451 394 16 16 0.01033514
837 387 59 73 0.010318794
372 140 97 137 0.010318022
197 476 7 12 0.010315427
95 478 101 139 0.010304961
1017 497 7 15 0.010299895
98 388 100 113 0.010298509
288 0 21 15 0.010295454
206 467 14 17 0.010277007
104 0 21 14 0.010268998
389 409 8 9 0.010265709
476 0 21 15 0.010263117
289 9 101 141 0.010261153
203 457 17 18 0.010261044
220 263 28 32 0.010247628
726 694 59 26 0.010244774
162 76 107 138 0.010208703
158 207 113 148 0.010205747
1008 575 16 39 0.010193694
380 281 74 97 0.010186769
463 673 65 47 0.010186203
193 455 22 24 0.010177313
8 161 50 67 0.010172671
313 333 8 12 0.0101563325
354 370 11 13 0.010155587
259 25 156 193 0.0101459315
357 377 12 13 0.010138849
426 389 8 12 0.010137786
431 376 49 35 0.010131346
675 0 21 14 0.0101277875
608 0 21 14 0.010112425
136 0 21 15 0.010111133
252 0 83 56 0.010101284
190 475 11 17 0.010088248
412 160 97 134 0.010080951
433 391 9 10 0.010073997
882 0 80 58 0.010069919
925 0 80 61 0.010064943
132 493 149 191 0.010060055
551 27 153 193 0.010050443
819 255 133 177 0.0100437775
387 484 150 185 0.010042744
109 10 113 127 0.010040387
0 92 5 11 0.0100390185
367 396 102 139 0.010037285
384 395 12 11 0.010034944
784 456 10 12 0.010029837
245 0 22 15 0.010021714
132 233 147 195 0.010016181
73 485 8 10 0.010008043