6_Funeral_Funeral_6_483
379
223 303 459 586 0.9000252
29 653 140 227 0.10669013
353 512 342 389 0.04582298
24 694 94 146 0.044164162
755 0 269 284 0.044095516
0 0 202 269 0.04096738
728 1139 296 392 0.040409766
387 274 316 456 0.038268153
0 1152 219 379 0.038051788
20 627 218 330 0.037194643
0 0 133 175 0.035393335
232 235 315 412 0.032646988
140 470 332 418 0.032242354
392 0 412 286 0.032109555
0 351 364 525 0.031298656
160 0 400 293 0.03065448
30 1120 407 411 0.03049721
524 1104 441 427 0.03021697
269 1125 428 406 0.029836908
753 103 271 533 0.028925037
54 712 99 142 0.028829651
722 857 302 519 0.028409148
327 55 439 602 0.027979657
304 0 344 223 0.027945524
76 0 329 238 0.027874608
551 0 343 234 0.027554348
769 327 255 516 0.02669703
454 0 285 181 0.026320653
761 580 263 495 0.026072402
0 496 144 418 0.026011618
908 0 116 155 0.025619105
161 557 442 546 0.025546368
213 0 279 185 0.025442816
948 1394 76 137 0.024620695
256 799 436 534 0.024221951
0 221 180 550 0.024186093
0 704 83 129 0.024180312
110 619 283 351 0.023814926
0 831 210 513 0.02365622
0 952 333 499 0.023621527
409 411 462 531 0.023568941
440 659 245 267 0.02316881
136 926 433 547 0.023127116
830 538 194 348 0.022731865
94 123 434 619 0.022592044
971 673 53 109 0.022311604
0 0 85 114 0.022303862
210 1242 296 289 0.02182518
855 667 57 114 0.020945255
0 730 149 429 0.02087571
454 1233 300 298 0.020815648
526 847 420 523 0.02077494
0 1346 107 185 0.020654459
0 725 323 486 0.020651069
386 925 458 565 0.020646252
824 776 200 349 0.020471364
536 616 189 263 0.020078676
0 0 332 396 0.019975938
811 642 98 143 0.019555332
148 384 221 358 0.019424293
868 311 156 333 0.019329032
337 620 440 532 0.019226402
519 2 428 527 0.019071348
431 78 300 386 0.01904427
702 660 260 329 0.018700162
975 1454 49 77 0.018697605
216 346 221 349 0.018600428
874 135 150 346 0.018458793
957 0 67 85 0.01830761
57 541 196 281 0.018253336
782 671 111 148 0.01819717
950 1083 18 17 0.018054692
73 910 279 359 0.017626043
587 785 267 332 0.017574798
0 61 131 356 0.01756315
0 599 102 239 0.017364874
662 759 330 415 0.016967312
1012 1073 12 50 0.01682782
206 897 292 351 0.016772026
580 645 266 339 0.016735835
0 673 117 273 0.016725693
896 729 128 302 0.016668735
898 1280 126 251 0.016644193
445 759 281 346 0.016503092
218 359 119 211 0.016495788
640 468 369 489 0.01638947
0 736 45 117 0.016215404
0 103 338 564 0.016156971
367 0 222 152 0.016077327
1000 0 24 44 0.016061496
949 675 75 179 0.015883312
327 905 288 352 0.015815133
861 668 39 56 0.015796948
922 417 102 228 0.015646154
302 1333 230 198 0.015570993
675 904 38 43 0.015559262
570 178 286 376 0.015524632
1002 1501 22 30 0.015432592
450 892 291 360 0.0154225975
717 1313 249 218 0.015382325
155 528 172 264 0.015346961
294 1100 25 20 0.014951603
68 736 165 165 0.014937028
0 1471 20 56 0.014928985
86 0 191 135 0.014910465
1016 1086 8 46 0.014892946
906 875 118 297 0.014891156
200 0 191 129 0.014884247
925 1111 34 47 0.014873974
0 398 124 323 0.014783716
925 247 99 233 0.014743171
315 690 310 289 0.014730848
520 383 216 368 0.014697451
0 0 55 71 0.014658064
706 422 255 351 0.014618756
44 1305 257 226 0.014506422
1021 0 3 22 0.0144959
697 50 298 373 0.014429843
544 0 13 11 0.014249271
582 62 287 351 0.014188723
585 490 137 223 0.014163011
24 774 209 308 0.014113282
892 21 132 286 0.014100812
721 0 238 164 0.013988191
325 168 304 354 0.013941556
591 1312 245 219 0.013919895
941 846 83 204 0.0137354005
44 636 89 151 0.0135230785
0 1451 50 80 0.013500724
283 0 148 99 0.013475092
945 1085 33 36 0.01346996
807 0 15 11 0.013419053
562 0 189 129 0.013410299
1010 0 14 28 0.0133955935
0 936 121 287 0.013374498
145 657 156 212 0.013372543
743 613 192 230 0.013355449
0 275 117 309 0.013355413
947 1096 42 45 0.013295114
209 0 13 10 0.01329377
200 0 15 10 0.013290339
807 1390 167 141 0.013245259
0 697 37 101 0.013232566
343 0 147 99 0.013222362
898 1092 126 315 0.013190709
934 126 90 225 0.013159523
1016 1520 8 11 0.013149716
0 501 76 208 0.013137404
162 286 188 296 0.013134992
799 1042 21 21 0.013121293
969 674 38 55 0.0130889965
670 449 124 232 0.013029752
185 144 260 369 0.013006491
447 0 182 121 0.012932095
278 1396 164 135 0.012927633
160 0 154 104 0.012912512
43 0 150 106 0.012896873
536 734 229 289 0.012886621
947 923 77 192 0.0128754
403 0 146 98 0.012860846
578 717 144 197 0.012816018
591 0 15 11 0.012795166
919 537 105 254 0.01278641
235 293 148 215 0.012728221
0 1049 124 293 0.012727899
834 0 14 10 0.012685007
223 0 15 11 0.012650031
944 1199 80 217 0.012649784
0 0 13 17 0.012569192
0 763 85 230 0.012561481
392 1390 158 141 0.012547054
653 1048 291 363 0.0125265205
166 0 15 11 0.01246743
517 0 15 10 0.0124672735
148 0 14 10 0.012433959
0 1110 7 14 0.012420087
0 897 89 231 0.012409758
0 1168 120 298 0.012406298
938 1146 63 86 0.012399106
1023 0 1 18 0.012346994
173 442 135 212 0.012342363
0 1508 17 23 0.0123040015
652 400 216 303 0.01228382
915 1094 17 19 0.01227525
60 1061 19 19 0.012268211
1020 1092 4 39 0.012262975
609 1075 126 125 0.012256199
881 0 15 10 0.012242401
1012 1096 12 22 0.012210856
216 1393 164 138 0.012201847
192 0 16 10 0.012197379
0 858 67 181 0.012193539
82 693 104 120 0.012192569
151 910 135 164 0.012150698
986 651 38 98 0.0121325
28 519 131 231 0.012126719
681 0 190 127 0.012116214
738 51 139 210 0.012100824
607 0 15 11 0.012092424
525 0 148 98 0.012059796
696 1392 164 139 0.012056059
492 213 265 380 0.012046586
952 1077 14 16 0.012043423
603 560 218 293 0.012034174
25 762 133 186 0.01201359
0 0 28 35 0.012012063
461 0 14 11 0.011988622
371 0 16 11 0.011962008
1023 1090 1 32 0.011922636
502 1341 201 190 0.011841136
826 0 15 10 0.011808575
566 0 14 11 0.011796795
0 1145 13 33 0.01179138
638 0 152 101 0.011776237
230 0 15 10 0.011755209
851 0 15 11 0.011735087
345 1069 274 352 0.011732717
967 736 57 167 0.011713831
459 1386 160 145 0.011694092
33 1367 173 164 0.0116809625
801 0 15 10 0.011673251
382 0 16 11 0.011653778
469 0 14 10 0.011643695
1022 1084 2 33 0.011622194
867 0 15 11 0.011594396
945 0 15 11 0.0115772225
1002 1063 22 67 0.011575432
759 1101 151 183 0.011555311
117 0 121 85 0.01154914
914 1091 52 63 0.0115391165
454 1087 284 350 0.011507888
613 0 15 10 0.011503015
353 0 15 11 0.011483755
582 350 220 305 0.011475997
215 0 15 11 0.011472074
0 617 66 156 0.011444227
715 0 120 84 0.0114428215
677 542 218 283 0.011440204
0 782 32 93 0.011407118
510 0 14 10 0.011390372
315 0 16 10 0.011378622
338 1163 22 23 0.01136615
651 902 53 61 0.011352937
525 0 14 10 0.011348375
631 1387 164 144 0.011345742
160 0 15 11 0.011333922
632 0 15 11 0.011324696
479 0 116 77 0.011320715
666 946 260 321 0.011307278
0 1040 73 188 0.011304885
142 0 15 10 0.011288472
502 0 15 10 0.011285493
922 1022 102 250 0.011276584
99 514 144 207 0.0112753045
174 0 15 10 0.01125019
495 0 14 11 0.011227186
0 261 71 196 0.011197508
815 0 14 10 0.011193235
0 1132 14 32 0.011166241
186 0 16 11 0.0111559555
599 0 15 10 0.011147297
1003 1083 17 25 0.0111380955
599 0 118 81 0.01111067
611 935 157 189 0.011108333
160 1029 264 318 0.011097369
63 320 215 371 0.0110851955
245 0 15 11 0.0110488
875 0 14 10 0.011042524
993 708 31 113 0.0110318875
238 0 14 11 0.011029099
0 1428 9 17 0.011021309
0 786 53 140 0.0110075865
211 649 236 279 0.011003598
926 0 15 11 0.011002318
651 0 34 22 0.010999422
476 0 15 10 0.010978068
0 1148 10 17 0.010971296
1018 667 6 61 0.010959972
1001 1025 23 86 0.010957421
239 0 118 85 0.010954889
1001 696 23 66 0.010937678
0 1466 7 16 0.010914674
0 380 71 202 0.010905005
484 0 14 11 0.01090038
889 0 15 10 0.010859426
559 0 14 10 0.010829404
859 0 15 10 0.010813281
130 0 15 11 0.010812999
551 0 14 10 0.010812665
962 528 62 116 0.010811219
718 0 14 10 0.01080819
785 0 15 10 0.010806241
338 0 15 11 0.01078468
1019 1067 5 46 0.01077102
775 0 119 84 0.010754943
346 0 15 11 0.010747765
0 1092 8 14 0.010735654
806 116 176 229 0.010725625
0 1155 14 40 0.010718822
545 869 235 289 0.010714485
0 1476 9 21 0.010709709
662 0 15 11 0.010677687
729 0 14 10 0.010663729
585 0 14 11 0.010657126
59 1037 233 299 0.010646705
573 0 14 10 0.010613367
621 0 16 10 0.010601999
990 136 34 100 0.010593913
537 0 14 10 0.010588011
250 1075 251 326 0.0105799455
819 0 150 103 0.010561741
0 137 69 199 0.010555646
775 600 117 165 0.010550754
303 1098 21 16 0.010528366
793 0 14 10 0.010522549
122 739 208 267 0.010522297
1009 1053 15 57 0.010520934
0 1153 72 196 0.010497162
365 0 15 11 0.010481027
278 0 15 10 0.010478887
215 0 31 21 0.010472692
737 0 14 10 0.010458148
0 1457 8 16 0.010447603
442 35 81 102 0.010442587
752 0 14 11 0.010411905
322 0 16 10 0.010408082
532 985 254 308 0.0104017835
950 50 74 192 0.010397959
711 0 14 10 0.010395322
348 0 31 22 0.010382923
0 1170 8 21 0.010363688
938 0 15 11 0.0103435395
667 968 81 101 0.010343123
994 1284 30 86 0.010339617
0 1275 73 194 0.010336339
655 0 15 11 0.010335727
952 0 16 10 0.0103289755
0 0 10 9 0.010326597
953 1154 45 49 0.010307222
791 715 65 98 0.010305408
774 0 14 10 0.010303465
260 0 15 10 0.010289074
0 1446 15 26 0.010284046
1019 1105 5 47 0.010271977
304 1162 62 62 0.010269423
885 262 73 88 0.0102646565
640 0 14 10 0.010258949
0 34 67 140 0.010257856
347 932 145 192 0.0102564
84 1051 171 168 0.010251611
321 1082 23 24 0.010249048
390 0 15 10 0.010241544
453 0 16 11 0.010237538
290 0 15 11 0.010224843
85 907 178 222 0.010218953
89 1122 164 188 0.010202912
897 0 15 10 0.010201595
1019 695 5 60 0.010200773
135 12 155 201 0.010194709
867 395 65 85 0.010190557
756 693 149 198 0.010183003
442 0 15 11 0.010182555
409 0 29 21 0.010181887
655 1209 253 297 0.010177193
693 941 25 20 0.010174364
1021 1101 3 39 0.01014662
40 719 61 91 0.010145292
1010 1090 14 50 0.010141138
988 1104 17 26 0.010128789
112 0 14 10 0.010108774
687 774 47 61 0.010093109
122 0 15 10 0.010090979
658 902 149 179 0.010089787
428 191 154 188 0.010046172
821 1187 155 209 0.0100447545
173 786 254 313 0.010036843
327 1159 42 50 0.010024047
309 0 15 10 0.010004251
920 0 14 10 0.010000715