6_Funeral_Funeral_6_733
3547
655 150 85 101 0.8595666
135 205 80 87 0.85393363
829 136 123 157 0.8126444
26 278 28 39 0.67181236
300 306 14 16 0.6533398
332 303 14 18 0.5887544
211 289 33 40 0.56511873
259 310 11 14 0.54237
601 277 12 21 0.3602409
315 308 10 15 0.32082874
272 297 12 20 0.31646273
279 299 13 18 0.30632228
390 306 7 13 0.29814512
318 312 8 13 0.25703228
263 307 9 12 0.16065085
464 26 8 10 0.1253485
257 308 9 13 0.12043866
284 302 10 17 0.11730848
602 282 16 19 0.11059057
608 393 11 16 0.10109498
600 281 9 17 0.0978697
296 302 7 9 0.09541582
319 308 12 17 0.09507745
297 304 12 14 0.08678192
308 307 14 15 0.080770314
388 306 12 17 0.07830838
319 306 7 13 0.07677295
609 285 15 14 0.07583921
329 301 11 18 0.07432732
330 307 12 17 0.07272891
681 691 24 31 0.07086903
322 305 11 16 0.06996693
392 307 9 11 0.06994714
852 84 169 202 0.06941978
272 295 9 16 0.06800991
258 311 16 21 0.067840986
269 302 10 15 0.06549624
388 309 7 12 0.06543592
164 169 27 26 0.06435703
202 282 50 61 0.06351835
277 294 13 18 0.06225732
219 296 35 41 0.059505936
243 308 11 17 0.059073403
303 394 12 12 0.05856603
462 56 18 20 0.058464285
267 306 9 13 0.05763791
773 569 11 18 0.05628551
17 108 19 21 0.05603833
315 305 8 11 0.05534569
290 300 10 15 0.05515126
603 271 11 18 0.054803226
464 28 9 13 0.054314684
602 274 7 16 0.05412376
613 309 8 10 0.053651776
940 136 41 52 0.05297023
252 303 17 25 0.051792115
463 23 16 25 0.051259045
918 112 99 136 0.05121402
426 369 9 13 0.05119589
971 340 23 34 0.050712187
265 305 8 11 0.050686408
288 301 7 11 0.050463557
616 270 9 13 0.050167345
273 303 15 18 0.05004943
324 301 11 16 0.04987823
334 310 10 12 0.049448248
254 309 8 11 0.049272746
388 304 7 12 0.04909814
311 0 48 48 0.048281156
763 285 49 65 0.048224363
45 334 11 10 0.047862157
53 368 12 10 0.047836978
459 626 24 33 0.047644656
390 312 7 11 0.047280822
647 242 9 12 0.046954904
896 416 16 19 0.046759874
0 296 8 22 0.04591522
264 311 9 11 0.045244522
215 294 21 25 0.04468921
999 222 10 11 0.044543494
256 312 9 13 0.044509128
312 307 8 11 0.04430406
606 295 29 42 0.044189334
290 302 15 19 0.043998253
919 334 14 18 0.04304124
1012 324 10 9 0.04287661
905 349 18 20 0.04204715
315 315 9 12 0.04200344
0 305 7 19 0.041931823
606 276 17 21 0.04174455
627 274 20 24 0.04172135
299 298 15 19 0.041505463
17 593 7 9 0.04101725
289 305 6 12 0.040702153
698 696 8 9 0.040699307
321 316 8 11 0.04065423
0 284 9 16 0.04047781
580 317 10 13 0.040375043
304 310 14 16 0.04020369
32 294 22 30 0.03972251
65 0 24 19 0.03970374
1007 264 17 28 0.03970007
172 83 11 15 0.03963938
706 286 19 21 0.039421704
626 575 22 21 0.039335217
17 286 36 47 0.039242923
39 289 16 24 0.039228734
605 393 9 16 0.038876753
670 265 7 9 0.038842686
268 308 19 23 0.03882714
386 307 7 11 0.038573492
0 693 16 31 0.03825139
272 305 10 15 0.037969925
464 22 10 10 0.037930053
296 306 7 11 0.037672393
606 269 10 14 0.03736391
335 297 16 21 0.037266545
769 315 39 35 0.036992673
847 306 36 45 0.03677711
0 287 7 21 0.036771763
766 101 149 183 0.036565486
0 302 11 29 0.03618941
11 265 37 48 0.035949014
297 298 8 11 0.035946894
1005 272 19 35 0.035682388
631 265 21 30 0.035451483
298 309 9 12 0.034940034
878 9 146 215 0.034835484
326 0 51 39 0.03478018
969 326 28 36 0.034395408
0 702 24 59 0.034164194
615 276 11 17 0.03415512
0 327 8 25 0.034090213
861 313 38 42 0.03408762
876 53 27 34 0.034064237
611 271 13 16 0.033947807
286 297 7 13 0.03378239
45 363 31 33 0.033775676
913 0 111 103 0.033568114
595 274 14 24 0.033517182
639 152 121 158 0.033497527
264 313 13 16 0.03349051
691 694 14 19 0.033416707
256 307 7 10 0.03324537
394 305 11 12 0.033234224
294 300 7 10 0.033179864
243 314 12 17 0.03308545
214 308 38 52 0.033072397
603 286 9 14 0.0330352
227 308 32 40 0.032964226
326 302 22 27 0.032932684
834 49 123 188 0.032864783
13 285 28 31 0.032615136
2 299 43 59 0.032431684
599 373 11 18 0.03225257
893 379 17 18 0.03220343
385 311 8 13 0.03203275
0 313 12 31 0.031936474
306 0 37 30 0.031795025
462 23 8 9 0.031701203
301 0 27 25 0.031668164
253 316 7 10 0.03156456
6 681 103 87 0.031544276
608 289 12 14 0.03151429
256 317 12 17 0.031353384
249 308 10 14 0.03125792
463 37 10 13 0.03125149
714 363 15 40 0.031193253
261 315 8 11 0.031055428
341 300 12 16 0.030805236
221 293 27 28 0.030803494
1017 281 7 23 0.030571008
283 309 9 13 0.030537415
876 323 32 38 0.030523557
245 333 21 27 0.030479094
291 309 11 15 0.030471213
306 307 10 13 0.030411016
565 460 14 20 0.030369084
657 247 16 22 0.03029471
436 559 39 63 0.030288432
598 271 24 34 0.030271478
261 305 8 10 0.030269623
227 482 9 12 0.030213593
460 45 10 12 0.030178912
316 313 13 19 0.030173343
258 319 17 23 0.030095635
993 225 6 10 0.029863873
311 311 9 11 0.029743627
508 649 15 22 0.029705148
322 313 12 15 0.029609397
765 158 96 125 0.029488191
465 46 22 27 0.02942824
251 337 9 13 0.029396644
995 277 29 41 0.029348241
222 321 44 56 0.029324405
905 153 91 129 0.029250132
247 316 21 28 0.029239977
55 365 10 9 0.029172774
299 312 12 14 0.029156694
166 233 50 57 0.029051188
276 304 9 13 0.02882405
42 299 13 20 0.028598936
929 696 95 72 0.028533477
677 569 14 19 0.02839424
605 282 9 13 0.028350929
817 224 159 207 0.028277915
612 268 11 12 0.028188195
259 325 9 10 0.02817378
391 314 10 13 0.027980495
0 0 79 103 0.027925123
880 333 19 22 0.027887855
268 320 21 25 0.027755747
1016 336 8 27 0.02773948
275 307 17 21 0.027726296
250 319 10 13 0.027697325
1001 253 23 33 0.027614864
320 302 9 15 0.027590688
464 46 10 11 0.027507639
202 297 34 40 0.027498525
203 296 22 28 0.027478589
254 316 9 13 0.027472697
249 314 10 13 0.027364353
440 572 23 43 0.027351918
597 283 15 23 0.027346952
301 392 18 20 0.027210778
760 202 90 117 0.027177628
640 107 89 126 0.027144527
209 286 23 27 0.02710764
619 272 9 13 0.026902698
875 303 40 46 0.026892625
255 324 13 18 0.026872648
328 296 9 16 0.026859166
1018 0 6 10 0.026812963
939 200 85 122 0.026748657
160 211 89 102 0.026724061
0 312 8 22 0.026717031
900 347 28 33 0.026697159
653 189 80 100 0.026678775
526 299 49 56 0.026612476
465 17 24 36 0.026593886
644 247 11 15 0.026580207
183 617 10 11 0.026378203
577 390 25 33 0.026354503
0 544 148 224 0.02633996
978 338 21 28 0.026224716
571 402 10 20 0.02621353
196 273 41 48 0.02617424
690 144 108 129 0.026067583
979 446 17 36 0.026019711
312 303 8 11 0.025943846
669 110 25 31 0.025927866
465 57 22 26 0.02582737
46 318 9 11 0.025804853
251 308 7 9 0.025777245
582 313 12 15 0.025695583
0 327 12 36 0.02567873
788 642 12 17 0.025633892
834 542 190 226 0.025607161
259 291 18 25 0.02556001
320 318 6 11 0.025499832
0 0 156 219 0.025455032
274 479 10 12 0.025425948
933 37 90 126 0.025377676
8 0 14 11 0.025326375
1006 321 18 34 0.025224363
502 360 11 13 0.02518981
611 290 23 29 0.025142957
246 307 8 12 0.025072107
649 241 8 9 0.025036493
572 455 14 23 0.025007583
614 276 20 24 0.025003381
217 279 28 31 0.024981998
689 260 30 35 0.024786312
326 309 12 18 0.024763122
614 283 9 11 0.024709698
0 631 25 48 0.024677226
1010 321 14 17 0.024640499
27 256 32 52 0.024608532
237 310 14 18 0.02447563
391 302 9 13 0.024475407
298 313 18 22 0.024456596
333 314 9 12 0.02439623
382 309 17 21 0.024256691
0 280 29 39 0.024215229
265 317 15 19 0.024082351
266 299 10 14 0.02397649
329 294 7 10 0.023892634
693 0 141 110 0.02389236
258 322 8 10 0.02375529
446 18 23 32 0.023732213
684 704 18 20 0.023661556
231 477 17 21 0.023647595
253 321 11 13 0.023613596
898 245 126 211 0.023564737
31 275 17 29 0.023538195
104 188 118 161 0.023513213
263 301 9 13 0.02350116
578 404 20 28 0.023435792
0 0 50 67 0.023415415
460 23 12 17 0.023402534
909 354 17 22 0.023378318
651 151 54 79 0.023362016
251 287 37 50 0.02332574
974 334 17 25 0.023287842
7 704 7 10 0.023257533
138 240 80 97 0.023254596
304 313 9 11 0.023198016
224 0 283 216 0.023170495
655 238 27 35 0.023143493
680 538 12 19 0.023037896
227 479 10 10 0.023031315
971 343 15 24 0.023002015
1000 146 14 16 0.02299005
305 316 15 19 0.022956524
234 475 12 15 0.022944713
337 133 130 189 0.022943217
607 62 13 17 0.022899425
248 339 11 17 0.02285033
577 319 11 14 0.022836743
234 327 29 35 0.022836529
825 161 69 101 0.022799674
611 303 11 16 0.02274512
0 594 14 37 0.02265657
280 309 19 24 0.022646137
609 258 8 11 0.02261375
563 60 12 15 0.022574857
52 366 18 22 0.02255632
496 300 9 12 0.02255292
579 303 21 26 0.02248909
608 394 18 23 0.022465535
934 197 44 68 0.02245074
555 0 138 112 0.02236925
780 375 29 34 0.022352496
222 275 37 44 0.02233757
978 322 24 31 0.022335293
644 240 14 18 0.02229862
983 727 10 13 0.022235477
300 300 7 11 0.022195844
394 311 8 11 0.022175966
114 228 64 69 0.022168282
992 321 11 12 0.022149768
268 330 23 29 0.022082364
778 0 142 104 0.022010641
334 307 19 22 0.021996345
745 0 116 86 0.02198623
1021 226 3 17 0.021949269
0 0 13 15 0.021938954
306 255 59 83 0.021936016
634 353 6 9 0.02192159
499 274 79 94 0.021895366
635 276 21 24 0.021842724
0 292 17 28 0.021799535
0 713 14 45 0.021799441
263 319 9 12 0.021772232
264 1 46 63 0.02173761
716 382 9 25 0.021716598
926 448 13 15 0.021700466
245 301 28 36 0.021689404
593 368 19 27 0.021687783
299 249 112 154 0.021686688
945 251 79 117 0.021661475
306 398 14 19 0.021645777
919 139 55 62 0.021615474
602 263 20 27 0.02157644
368 184 72 112 0.021576405
0 281 6 13 0.021569712
379 321 11 15 0.021556234
671 264 9 14 0.021516155
984 319 37 45 0.021494024
19 290 13 19 0.02147949
0 200 7 17 0.021435859
338 305 15 16 0.02143512
647 238 8 10 0.02140547
209 263 29 39 0.021394275
381 319 19 25 0.021385483
1018 219 6 18 0.021380179
345 0 41 31 0.021367872
0 596 6 11 0.021352438
871 59 37 48 0.021348743
269 293 25 33 0.021323431
45 310 11 16 0.02125693
740 9 128 167 0.02119869
1006 225 10 12 0.021190159
202 41 139 197 0.021189969
381 362 7 9 0.021172268
380 315 10 15 0.021124503
315 292 19 25 0.021115795
899 337 23 28 0.021103725
606 295 18 23 0.021090299
283 222 62 94 0.021089217
33 0 12 9 0.021081561
385 320 11 15 0.021074682
543 456 11 16 0.02105897
352 324 8 10 0.021050746
660 249 10 14 0.021038348
307 397 11 12 0.021027133
973 719 51 49 0.021017667
624 571 32 36 0.02101428
590 163 87 108 0.020983273
873 661 149 107 0.020944662
545 458 14 23 0.020940773
327 297 6 9 0.020932678
0 710 5 10 0.020902101
234 299 20 24 0.02087498
1018 211 6 17 0.020839727
297 391 16 16 0.020824436
0 327 43 66 0.02080969
700 273 27 31 0.02079865
572 310 18 26 0.02078553
58 0 37 33 0.020765536
246 317 9 10 0.020759763
379 327 11 14 0.020731192
657 279 21 25 0.020727154
583 320 9 11 0.020692613
291 81 143 202 0.020665001
860 294 41 47 0.020629616
619 267 8 11 0.020617334
891 0 99 68 0.020587882
662 0 116 84 0.020578485
948 160 63 119 0.020533226
250 312 7 10 0.020515451
474 409 9 13 0.020486455
462 50 14 17 0.02047684
331 315 18 22 0.020467702
279 321 22 26 0.020464709
608 266 9 11 0.02046203
706 551 7 10 0.02044294
301 318 21 26 0.020425634
636 256 20 32 0.02036217
846 186 156 181 0.02035243
466 24 11 14 0.020332593
792 191 138 173 0.020299979
625 284 23 26 0.020274937
15 592 10 13 0.020265818
391 307 15 19 0.020263491
729 667 157 101 0.020254778
606 288 9 12 0.020247811
800 183 79 110 0.020227365
90 302 89 105 0.020219395
0 324 5 18 0.020168945
0 582 5 10 0.020165235
247 327 42 53 0.020143036
1021 233 3 18 0.02012078
315 302 7 10 0.020113833
909 344 19 22 0.020106766
616 267 15 21 0.020104479
889 331 27 30 0.020099847
835 0 117 81 0.020099485
0 651 64 117 0.020052837
716 355 29 40 0.020039909
876 134 97 122 0.019972214
48 41 29 35 0.019911906
252 329 16 21 0.019882612
679 524 22 33 0.019879205
467 0 142 108 0.0198565
184 301 48 57 0.019856395
0 233 5 13 0.019828105
332 290 16 21 0.019802362
571 277 20 26 0.01980089
234 454 12 16 0.019799847
352 243 111 160 0.019789565
633 272 11 17 0.019771038
179 258 83 103 0.019769179
904 405 120 220 0.019767674
516 595 18 21 0.019767405
398 307 10 12 0.019766487
697 252 31 37 0.019750033
21 297 40 56 0.019732572
376 177 30 36 0.019709326
798 29 116 163 0.01968364
645 245 8 11 0.01965743
45 331 17 16 0.019630907
1019 69 5 17 0.019622246
299 201 67 100 0.019595455
673 255 37 43 0.01958017
248 307 40 51 0.019573973
347 300 7 12 0.019573657
526 0 119 88 0.019554013
365 73 143 205 0.019529523
967 0 57 58 0.01952774
159 93 17 17 0.019499226
623 264 20 27 0.019496782
616 576 29 29 0.019478546
716 238 172 218 0.019448258
372 0 146 108 0.019425845
300 296 8 10 0.019399356
282 299 70 93 0.019382266
32 713 89 55 0.01936818
658 558 16 15 0.019365283
0 696 9 17 0.01936172
275 310 8 11 0.019341929
118 0 76 49 0.019337188
275 2 11 14 0.019301822
794 128 81 124 0.019292666
39 290 24 33 0.019281358
84 204 76 90 0.019277526
143 0 45 25 0.019243939
808 0 178 143 0.019242126
183 221 39 60 0.019209875
254 196 119 167 0.0192045
46 295 14 22 0.019192131
607 286 21 25 0.01918919
131 297 90 110 0.019175706
10 138 224 315 0.019167747
386 316 9 12 0.019156657
1020 200 4 18 0.019139864
610 0 119 84 0.019137958
912 363 15 20 0.01912897
501 634 27 40 0.019116426
228 482 14 16 0.019114088
567 306 11 18 0.019108696
0 688 40 61 0.019101875
1001 488 23 43 0.019101853
16 0 147 105 0.019084554
668 0 281 207 0.019076318
623 270 28 35 0.019073058
880 337 28 32 0.019064002
69 321 10 9 0.019061422
780 452 148 181 0.019049073
39 275 17 30 0.019019248
584 276 19 25 0.019007714
313 319 21 26 0.019004388
537 320 39 45 0.019003691
645 292 7 9 0.018993413
352 253 59 87 0.01899225
1021 117 3 17 0.018985493
1009 226 10 16 0.018983772
41 264 42 52 0.01896539
302 303 9 12 0.018950254
0 0 32 43 0.018949425
270 460 15 18 0.018936574
263 180 7 11 0.018889049
1021 262 3 17 0.018854152
1019 77 5 17 0.018815609
1020 97 4 17 0.018805766
574 304 8 10 0.01877543
851 95 82 113 0.018763958
0 332 5 16 0.018740248
757 249 88 112 0.018735802
1022 122 2 12 0.018729957
476 104 13 19 0.018727163
4 255 65 96 0.018703945
138 148 77 114 0.01868211
701 697 7 10 0.018664042
1017 275 7 19 0.018657286
470 408 16 19 0.018655205
48 216 82 100 0.018643124
445 581 40 61 0.018607998
312 305 23 29 0.018604085
0 310 4 13 0.018578406
272 314 13 15 0.018522423
948 145 27 30 0.018517593
238 453 7 9 0.01851672
251 325 12 17 0.018513631
460 29 11 15 0.018511279
326 448 12 22 0.018501196
893 359 28 34 0.018497588
382 305 11 15 0.018496048
27 0 78 57 0.018489616
556 453 20 27 0.018466013
151 0 29 16 0.018452885
623 184 56 71 0.018433485
305 387 13 16 0.018433364
424 382 19 40 0.018431231
73 0 80 55 0.018424626
562 306 17 29 0.01841665
65 299 6 9 0.018397786
1 285 15 23 0.018394697
192 300 64 87 0.018388385
579 307 12 19 0.018346908
379 333 11 14 0.018337771
38 263 29 42 0.01833554
1022 230 2 13 0.018323913
318 325 11 15 0.018302383
304 296 15 19 0.018271117
810 342 12 17 0.018249791
877 61 18 23 0.018239051
19 0 289 218 0.01822992
1008 741 7 9 0.018225048
271 286 35 48 0.018196648
14 110 35 44 0.018184025
42 333 10 13 0.01817725
962 321 45 58 0.018166205
238 718 11 15 0.018162578
303 323 9 11 0.018157365
17 605 7 10 0.018153531
1019 230 5 17 0.018139882
988 201 36 76 0.018138848
207 301 13 20 0.01812734
0 17 22 48 0.018112367
200 0 138 99 0.018094689
503 442 14 20 0.01807017
1017 204 7 17 0.018069364
107 0 145 94 0.018055616
186 247 42 56 0.01805344
228 263 78 101 0.01803897
1011 350 13 37 0.018037342
536 268 11 15 0.018029233
38 334 8 9 0.018024791
601 291 17 24 0.01802238
307 391 14 15 0.018021995
282 0 51 55 0.018006723
886 289 43 49 0.018002704
312 316 8 11 0.01798745
653 272 9 13 0.017953997
798 0 98 67 0.017951757
1008 224 6 9 0.017949559
281 648 163 120 0.017949477
197 247 26 37 0.017936682
1005 318 15 15 0.017934062
672 118 90 118 0.017930217
0 314 24 41 0.017928975
291 0 145 106 0.017925214
1019 61 5 17 0.017921872
1003 307 21 35 0.017902298
880 51 41 48 0.017901344
658 263 31 40 0.017894842
1019 88 5 17 0.017884536
615 307 9 12 0.017881986
596 377 11 17 0.01788006
0 286 5 12 0.017865203
952 141 41 55 0.017852793
170 86 8 10 0.017839452
0 717 47 51 0.017822599
311 332 12 15 0.017818628
37 307 14 17 0.017817482
601 378 11 19 0.01780995
0 601 10 20 0.017787673
536 704 11 17 0.017773885
488 0 276 199 0.017763345
326 223 63 95 0.017751258
269 311 7 10 0.017745038
966 345 33 53 0.017736692
190 294 34 38 0.017727287
993 310 25 30 0.01771122
597 283 8 12 0.017705167
573 424 11 14 0.017695865
582 388 18 22 0.017690657
389 318 10 13 0.017681079
0 700 6 10 0.01767323
278 330 23 29 0.017669078
0 25 39 63 0.017666988
555 657 146 111 0.017659243
309 296 16 21 0.017649435
717 210 86 109 0.017644554
891 351 21 21 0.017642811
811 340 18 23 0.01764032
125 196 58 69 0.01763733
37 13 11 13 0.017620092
89 239 47 58 0.01761238
638 287 8 9 0.0176118
600 271 8 13 0.017611068
1001 223 11 14 0.017600715
665 258 11 16 0.017593598
246 287 20 29 0.017591747
792 702 110 66 0.017585577
850 202 105 113 0.017578952
0 78 78 195 0.017573904
253 305 7 10 0.01756784
1018 265 6 19 0.017538238
1021 221 3 14 0.017537788
727 281 20 26 0.017529925
461 28 8 9 0.017516643
287 311 6 10 0.017510314
627 410 10 14 0.017509246
324 312 8 11 0.017491018
467 10 35 52 0.017487809
604 277 33 48 0.017448364
320 299 67 90 0.01744359
866 330 35 42 0.017442193
109 273 131 169 0.017434968
182 621 11 13 0.017428627
41 248 103 129 0.017423129
563 398 19 28 0.01741317
12 290 15 18 0.017410396
475 210 119 157 0.017406544
1021 242 3 18 0.017395986
255 329 23 30 0.01739314
142 491 49 58 0.017376909
223 304 21 29 0.017365308
644 253 9 11 0.017365059
0 300 4 13 0.01736197
289 298 6 10 0.017359076
768 564 20 28 0.0173551
862 364 24 33 0.017352536
1020 105 4 17 0.017340966
932 439 14 24 0.017340537
176 0 26 16 0.017335279
602 269 9 14 0.017329559
725 168 34 59 0.017328767
612 299 36 49 0.01732661
521 10 133 176 0.017289493
968 352 10 18 0.017278658
301 325 8 11 0.017277397
955 733 12 16 0.017268341
327 0 153 149 0.017260034
268 288 15 23 0.017249923
571 335 19 26 0.01723334
492 65 11 18 0.01722628
0 278 6 11 0.017221333
1008 337 16 36 0.017221272
373 274 58 86 0.017195852
852 78 10 11 0.017186496
888 61 98 120 0.017165981
463 647 145 121 0.017164122
231 301 78 100 0.017155258
636 276 12 16 0.017136388
270 478 16 17 0.017130649
881 296 30 36 0.017128725
386 187 123 178 0.01712681
983 281 41 61 0.017125858
0 62 54 137 0.017116174
0 703 6 14 0.017115984
782 488 94 121 0.017113853
546 467 15 22 0.017112613
238 281 32 42 0.017096704
522 271 49 66 0.01709628
47 664 152 104 0.017087026
585 422 11 14 0.017072046
153 46 135 178 0.017069804
486 441 23 26 0.017069286
56 325 10 9 0.017053172
1007 359 17 41 0.017045246
645 658 156 110 0.017023826
1021 71 3 13 0.01700742
826 144 51 81 0.01700427
434 0 116 84 0.017003963
321 2 77 77 0.016999424
170 82 10 11 0.016987186
41 276 12 18 0.016985144
21 294 14 20 0.016983904
374 350 6 9 0.01696956
380 330 21 29 0.016956871
816 326 11 13 0.016950734
593 283 13 20 0.01693864
201 0 13 10 0.0169376
370 320 21 26 0.016936878
24 289 13 20 0.016935246
467 29 11 13 0.016931554
0 402 76 182 0.01691956
610 260 10 13 0.016884783
324 328 9 11 0.01688422
924 94 71 107 0.016869793
0 246 34 87 0.016869077
384 317 8 12 0.016867971
52 305 7 10 0.01686433
847 493 11 11 0.01684161
697 678 11 14 0.016836923
775 179 240 319 0.016833596
374 333 10 14 0.01680821
669 535 298 233 0.016805638
698 698 9 14 0.016804686
470 34 10 13 0.01679332
901 129 60 64 0.016785143
0 252 21 35 0.016782122
571 383 24 33 0.016777426
167 0 116 76 0.01677456
610 383 18 23 0.016762938
280 493 58 52 0.01676032
1019 289 5 23 0.016757477
640 268 19 24 0.01675393
1000 711 7 9 0.016750455
940 294 84 123 0.01674422
1021 80 3 12 0.016739119
372 310 20 23 0.016738614
618 285 11 14 0.016728772
784 386 19 28 0.016709177
1012 225 10 16 0.016704453
577 302 8 10 0.01670394
52 363 10 9 0.016695784
1022 236 2 13 0.016694335
970 359 22 29 0.01668686
580 322 7 9 0.016668666
568 171 71 101 0.016667139
781 322 33 36 0.016660456
566 56 13 17 0.016660212
739 260 70 87 0.016634742
610 301 18 23 0.016598957
977 428 27 53 0.016596865
49 0 13 9 0.016587283
383 336 9 12 0.016581597
205 237 121 161 0.016577175
643 246 17 24 0.01656625
407 495 254 273 0.016530948
832 301 23 33 0.016528772
388 215 67 103 0.016527032
580 422 13 15 0.016524518
155 133 234 311 0.016515844
12 272 24 32 0.01651397
117 173 22 35 0.01650321
606 397 12 19 0.016499182
266 318 8 10 0.016492544
70 0 32 22 0.016484903
522 90 127 181 0.01648328
1021 215 3 15 0.016463993
427 358 5 9 0.016459178
1019 48 5 18 0.016457327
197 657 151 111 0.016428482
993 224 11 15 0.016425855
943 729 11 14 0.0164187
376 352 6 10 0.01641522
468 629 19 26 0.01640326
601 374 8 13 0.016388597
384 326 12 15 0.016376935
981 269 37 47 0.016370963
247 320 10 13 0.016369509
232 308 15 18 0.01636886
165 0 77 51 0.01636666
679 232 45 49 0.016357506
262 294 11 15 0.01635669
301 330 22 28 0.016354779
383 325 8 11 0.016348178
639 281 10 13 0.016341716
625 289 11 14 0.01633587
71 0 15 12 0.016334468
92 174 12 17 0.01633064
760 75 87 124 0.016327076
305 325 9 11 0.01632644
709 696 111 72 0.016323386
117 276 11 21 0.016314892
605 35 11 18 0.016312763
979 146 14 21 0.016308941
262 255 58 82 0.01630894
424 138 131 189 0.016303698
1020 84 4 14 0.016293624
1017 512 7 21 0.016293313
699 224 127 164 0.016292948
1020 249 4 19 0.016276028
320 14 28 41 0.016275302
312 330 22 29 0.016252639
915 351 12 16 0.016245205
1020 192 4 18 0.016238049
421 134 16 17 0.016236335
654 20 128 171 0.016235176
497 45 8 13 0.016225254
514 285 12 17 0.016216286
278 340 23 31 0.016210629
929 498 95 165 0.016200196
982 315 23 27 0.016199488
1001 749 23 19 0.016197735
481 324 10 12 0.016178422
1 163 42 71 0.016172586
48 332 10 10 0.016172523
290 320 22 26 0.016164673
571 398 19 28 0.01616318
598 288 10 15 0.016162753
963 225 11 16 0.01615856
295 285 35 49 0.016143642
1021 66 3 12 0.01613155
720 0 81 61 0.016128503
48 309 8 9 0.016127324
917 347 14 17 0.016120931
266 292 11 16 0.016120115
614 288 13 16 0.016116466
329 326 11 15 0.016112061
1007 735 9 11 0.016103271
445 606 36 51 0.016102789
232 87 13 20 0.01609642
619 369 12 14 0.016091723
88 114 121 161 0.016081743
487 731 35 37 0.016080562
686 710 11 13 0.016078524
681 545 9 13 0.016068837
56 259 13 16 0.016063817
326 318 11 12 0.016054008
606 274 8 12 0.01604576
328 320 12 15 0.016043728
93 252 93 107 0.016043399
264 184 7 18 0.01604223
464 19 8 10 0.01604074
400 305 7 10 0.016039455
47 303 9 14 0.016037356
364 657 155 111 0.016024759
458 36 15 19 0.016024694
688 172 63 73 0.016011983
425 366 13 23 0.016006146
990 386 34 67 0.015999895
973 338 11 18 0.01599046
309 325 11 13 0.015989995
66 1 45 43 0.015986575
264 0 96 67 0.015972203
127 585 18 23 0.015971554
577 367 31 42 0.015971482
574 399 11 19 0.015967144
870 147 62 65 0.015960222
831 345 9 11 0.015957072
327 300 6 10 0.015956797
903 197 57 70 0.01595259
618 279 7 11 0.01593682
1021 100 3 12 0.015933637
1018 41 6 18 0.015914127
674 678 36 47 0.015906962
197 4 51 40 0.015905928
110 254 51 60 0.015904775
374 327 11 15 0.015902491
328 290 13 19 0.01589213
284 314 12 16 0.015888657
1022 265 2 14 0.015886912
0 262 25 40 0.015847491
615 370 14 18 0.01584
279 311 11 13 0.015834805
659 229 40 47 0.015833655
636 234 163 210 0.015823562
118 226 40 46 0.015819423
2 23 94 136 0.015817966
317 331 12 16 0.015807198
665 248 33 43 0.015799692
164 0 29 15 0.015788155
307 336 12 15 0.015787331
497 444 14 20 0.015778849
1021 94 3 12 0.015776072
39 321 11 12 0.015770512
342 27 12 14 0.015765935
604 79 23 30 0.015759967
776 364 152 212 0.015749177
0 336 44 120 0.015744677
333 326 9 11 0.015734442
985 340 38 53 0.015732946
362 305 37 53 0.015722353
602 453 31 37 0.015719203
244 2 152 179 0.01569751
283 290 12 18 0.015687583
605 110 209 279 0.015687311
1022 164 2 13 0.0156848
320 321 8 13 0.015682843
978 349 22 31 0.015668767
176 84 7 9 0.01566846
60 47 135 183 0.015667366
616 276 8 11 0.01563086
374 306 62 91 0.015620603
60 0 146 138 0.015612775
712 565 8 10 0.015612356
516 315 48 57 0.015610302
571 305 10 16 0.015606533
622 274 9 14 0.015602122
3 301 25 29 0.015598834
301 291 11 14 0.0155931255
998 313 14 12 0.01559098
555 329 24 30 0.015583363
1020 208 4 14 0.015568164
1022 199 2 13 0.01556808
466 49 12 11 0.015539051
103 646 17 19 0.015529087
0 0 19 27 0.015528845
1021 105 3 12 0.015525968
1 155 33 44 0.015514883
601 200 251 321 0.015511938
158 275 130 170 0.015510818
573 408 12 20 0.015505824
296 398 18 17 0.0155027285
33 99 24 27 0.015501144
72 222 11 17 0.015491631
461 57 12 14 0.015491628
388 315 17 24 0.015484641
1020 161 4 16 0.015482228
1020 285 4 17 0.015478345
436 4 36 47 0.015463265
574 304 12 16 0.015443549
935 389 89 149 0.015436874
839 743 9 12 0.015435158
318 284 35 50 0.015434658
657 229 113 140 0.015428829
576 204 100 131 0.015428413
197 290 20 29 0.015424671
567 464 17 22 0.015419389
802 168 53 76 0.015409046
107 11 133 173 0.0154066365
298 314 8 10 0.015404095
262 205 66 96 0.015386636
683 533 12 19 0.0153846815
323 331 12 15 0.015380022
447 61 9 9 0.015374085
290 315 11 14 0.015368951
30 65 103 133 0.015360504
45 700 10 12 0.0153554585
303 398 11 12 0.015349881
46 170 88 112 0.01534943
797 565 56 67 0.015343888
385 333 10 12 0.015339183
957 373 11 17 0.015337475
654 281 11 17 0.0153365005
476 124 9 16 0.015332118
1015 328 9 24 0.015327334
0 385 46 127 0.015324731
709 91 235 295 0.015324249
804 206 51 73 0.015310799
851 279 173 365 0.015305885
85 255 55 66 0.015305449
912 358 11 13 0.0153027745
587 363 30 39 0.015296458
575 406 7 13 0.015273149
244 319 16 22 0.015266805
833 685 137 83 0.015255815
348 0 63 54 0.015237714
1018 32 6 18 0.0152351605
689 63 132 166 0.015233789
19 422 144 197 0.015231327
847 323 41 53 0.015228475
384 306 36 51 0.015215634
224 489 10 13 0.015209133
110 662 146 106 0.015208981
775 642 24 27 0.015208723
577 317 8 10 0.015208027
917 105 52 75 0.015206949
1022 136 2 9 0.015205038
284 272 60 84 0.015198445
993 314 13 13 0.015185303
580 316 20 26 0.015180172
0 307 65 185 0.01517686
530 616 12 15 0.015165863
269 328 41 52 0.01516404
628 273 12 16 0.015163119
921 333 10 12 0.015157734
0 0 9 10 0.015155349
209 254 15 26 0.015149107
244 265 49 63 0.015137912
472 32 13 16 0.015135042
347 0 107 74 0.0151334945
775 643 8 9 0.015133415
888 346 15 16 0.015128568
414 4 142 180 0.015123296
714 359 10 19 0.015121997
673 270 19 27 0.015120214
570 312 10 18 0.015118025
521 378 49 59 0.015110781
62 317 139 179 0.015098614
31 280 129 167 0.015097862
597 2 43 52 0.015097031
273 0 30 33 0.01509674
28 525 276 243 0.015095646
315 320 6 9 0.015091329
368 331 22 29 0.015085553
11 0 64 49 0.015082277
32 264 67 82 0.015078399
43 278 20 31 0.015070239
684 517 25 34 0.015068026
102 641 26 31 0.015065519
538 646 9 12 0.015062496
597 0 247 276 0.015055267
129 341 95 116 0.015037913
404 146 21 27 0.015035019
596 163 122 164 0.015028808
983 253 16 20 0.015020108
259 328 7 9 0.015017648
228 487 8 10 0.015016371
383 331 9 12 0.015010975
92 138 10 13 0.015006426
788 370 25 30 0.015005814
572 621 8 11 0.015005741
20 114 23 28 0.015002087
1016 310 8 16 0.014998944
229 476 12 14 0.014998153
338 306 38 53 0.014983666
324 318 21 28 0.014983151
385 302 9 13 0.014981073
921 593 103 154 0.0149786975
971 299 53 79 0.014978697
0 344 12 27 0.014977204
792 317 38 41 0.014976459
736 330 16 27 0.014975673
11 295 26 29 0.014973224
522 600 14 17 0.014966965
263 324 8 10 0.014963839
307 314 9 11 0.014955009
728 693 14 18 0.014945916
466 53 14 13 0.014944486
258 304 8 11 0.014937421
593 450 25 34 0.014931444
49 305 85 106 0.014930528
2 74 46 68 0.014922982
605 16 130 173 0.014920123
232 467 17 25 0.014916374
607 390 8 14 0.014906018
381 332 7 9 0.014903965
20 91 25 30 0.014901522
783 476 13 18 0.01487666
255 424 12 19 0.014869875
0 673 26 53 0.014861143
61 529 145 190 0.014848066
294 318 14 18 0.014843037
599 171 53 69 0.014842567
390 302 6 9 0.014836556
131 76 89 122 0.014817993
738 742 7 9 0.014810712
698 679 41 47 0.014790217
344 190 24 29 0.014782322
674 262 13 19 0.0147820385
303 0 16 18 0.014776154
297 387 28 32 0.01477284
684 542 8 12 0.014772088
253 339 10 15 0.014770039
1021 112 3 15 0.014768603
971 637 24 36 0.014763769
226 477 7 10 0.014759859
697 692 16 23 0.014759757
13 121 42 55 0.014757139
641 290 9 10 0.014754714
146 109 132 171 0.014752641
960 139 27 33 0.014749388
540 223 76 103 0.01474474
25 113 39 47 0.014741031
621 268 11 14 0.014729286
0 466 49 129 0.014728442
30 181 130 161 0.014728179
382 55 110 144 0.014726418
716 370 12 20 0.014719342
1018 24 6 18 0.014719083
87 533 9 11 0.014716186
49 363 8 10 0.014715598
971 356 15 21 0.01470927
1021 51 3 13 0.0147081455
309 336 8 10 0.014701095
738 338 7 14 0.014699443
765 642 27 32 0.01469103
863 78 36 46 0.014678453
159 169 37 44 0.014675458
949 116 38 61 0.014673676
266 340 25 30 0.014672479
381 338 9 13 0.014664655
1020 56 4 15 0.014660423
294 233 35 54 0.014651435
789 639 24 26 0.014644195
634 293 8 9 0.014614895
212 291 12 19 0.014597067
961 157 36 53 0.0145846335
258 329 16 19 0.0145714255
1017 54 7 19 0.014560189
45 330 10 10 0.014545291
582 286 19 25 0.014541084
129 0 293 295 0.014531523
289 330 23 29 0.014527985
1022 241 2 14 0.014527112
238 722 8 9 0.014524555
593 379 18 27 0.014520198
180 255 34 39 0.014519278
1014 216 10 15 0.0145187415
211 252 23 32 0.014517383
633 274 7 11 0.014512912
116 637 53 57 0.014512131
576 697 101 71 0.014511324
467 644 9 13 0.014505573
316 306 38 51 0.014500561
200 301 17 24 0.014481323
505 304 10 14 0.014480475
650 562 19 15 0.014479105
61 294 11 15 0.01447442
439 572 15 32 0.014472725
919 340 13 18 0.014471456
2 633 38 57 0.014468671
45 253 23 31 0.014467909
699 680 7 9 0.0144648915
628 72 35 43 0.014452246
749 176 73 95 0.014440304
660 256 10 14 0.014439534
391 320 21 26 0.014439272
237 316 19 24 0.014437126
0 223 24 45 0.014426834
592 298 21 29 0.014416991
550 305 34 46 0.014409674
653 284 18 24 0.014409363
562 275 11 16 0.014407979
207 228 65 88 0.014402114
338 283 36 52 0.014401861
889 370 27 31 0.0143893175
1010 224 8 11 0.014388038
713 286 18 19 0.0143864155
7 287 14 20 0.014381571
0 715 6 12 0.014381393
882 65 18 23 0.014380602
231 730 7 9 0.014378627
892 358 14 16 0.014368602
53 0 13 10 0.014367869
695 283 25 23 0.01436222
642 223 60 76 0.014361059
523 456 8 10 0.014354948
892 55 47 61 0.014343084
40 248 34 47 0.014339921
202 311 12 21 0.014332701
570 46 19 25 0.014326987
99 358 148 187 0.014325231
0 591 11 20 0.014321521
624 462 9 12 0.014316969
236 476 8 10 0.014316576
26 298 19 22 0.014313186
592 35 21 29 0.0143117085
105 0 58 36 0.014311646
1022 127 2 12 0.014288312
469 57 15 17 0.01428601
374 339 10 14 0.014278229
522 621 21 29 0.014278047
72 465 11 15 0.014275808
896 381 22 23 0.014274466
300 318 9 13 0.014261738
993 462 31 63 0.014253413
676 267 12 20 0.014247033
1020 270 4 18 0.014243388
463 40 17 20 0.014235984
244 7 57 71 0.014235877
938 341 86 136 0.014235127
1018 345 6 21 0.01423278
586 85 25 31 0.01423224
254 107 117 162 0.014222539
737 332 9 17 0.0142208105
764 558 30 43 0.014218782
504 475 9 12 0.014217004
207 1 32 25 0.014215286
507 607 144 161 0.014212569
580 40 21 30 0.0142123755
11 148 71 98 0.014212144
822 569 50 64 0.014204699
1017 323 7 17 0.014203343
9 0 21 17 0.014201732
708 278 28 28 0.014197171
33 109 24 27 0.014177315
408 0 74 55 0.014169205
76 242 24 30 0.014165365
273 331 10 13 0.014154249
1019 180 5 18 0.014152201
935 140 55 86 0.0141501855
18 314 30 37 0.014150175
300 324 14 19 0.014148487
244 336 13 17 0.014136819
263 326 19 23 0.014136779
33 167 12 13 0.014128389
522 0 74 57 0.014121669
917 683 14 17 0.014119594
0 478 75 202 0.014118941
374 322 11 14 0.014117973
857 0 74 55 0.014108301
326 281 20 29 0.0140980715
536 457 12 14 0.014096674
242 315 9 13 0.014091829
597 273 10 16 0.014091671
574 24 95 123 0.014084477
337 694 117 74 0.014083393
572 303 7 11 0.014083391
652 552 22 22 0.014074192
47 337 12 12 0.01407208
267 325 12 16 0.014065281
265 321 10 13 0.014064617
27 91 37 41 0.014062115
934 321 10 13 0.014060921
325 323 9 11 0.0140605355
183 627 9 10 0.014060192
363 285 35 52 0.01405184
447 584 25 34 0.014051826
1022 194 2 14 0.014048218
888 382 15 15 0.014047114
625 276 11 15 0.014046854
375 346 9 13 0.014043988
312 327 11 13 0.014034829
0 723 11 23 0.014031683
624 243 11 15 0.01403101
579 344 14 18 0.014026297
422 429 10 20 0.014025746
476 54 22 27 0.014025374
756 245 52 71 0.014024673
965 15 59 108 0.014023558
711 294 15 17 0.01402149
294 296 25 32 0.014015395
894 312 40 45 0.014009406
881 598 79 102 0.014008076
905 331 22 27 0.0140039055
818 314 12 16 0.01400151
271 308 37 49 0.013998834
242 308 9 11 0.013990836
34 0 16 15 0.013989448
952 377 11 18 0.013989104
667 264 9 14 0.013988289
337 28 12 17 0.013981543
482 101 13 21 0.013970906
11 115 23 28 0.013967271
681 350 150 197 0.013958694
618 281 34 41 0.01395842
693 676 12 14 0.013958274
234 480 19 25 0.013955999
560 537 147 197 0.013955616
764 706 89 62 0.013954348
1018 1 6 19 0.013950648
296 291 11 14 0.013945244
545 0 22 15 0.013944448
41 207 14 18 0.013942255
203 141 127 179 0.013940942
1010 309 14 19 0.013937135
722 543 8 9 0.013934002
251 676 138 92 0.013931193
583 262 79 100 0.013930386
566 312 17 28 0.0139287105
781 558 50 64 0.013928275
191 284 22 28 0.013927473
125 0 44 25 0.01392559
11 321 39 52 0.013918086
312 321 11 13 0.013915809
506 151 21 26 0.013908924
682 684 20 26 0.013900757
0 233 241 381 0.013899847
716 361 12 22 0.013893892
335 323 9 12 0.013890686
775 578 7 11 0.013890308
944 89 22 31 0.013880079
1 281 11 16 0.013863568
872 113 61 67 0.013859751
168 17 110 136 0.013857005
106 53 38 48 0.013855011
471 42 138 196 0.013847742
761 0 18 15 0.013844115
50 366 10 11 0.013843228
0 270 11 19 0.013834532
384 287 35 51 0.01383429
18 591 9 10 0.0138336485
982 431 39 66 0.013827813
276 506 27 30 0.013827799
637 290 8 10 0.013825959
885 350 19 21 0.013825192
501 85 11 12 0.013823463
16 150 41 52 0.013821379
249 300 13 17 0.013810535
861 85 22 29 0.013806485
779 473 22 25 0.0138029
736 515 156 185 0.013802545
766 327 19 25 0.013801899
17 149 14 19 0.013793486
1012 257 12 23 0.013787488
294 27 90 115 0.013786809
384 331 14 19 0.013785806
331 280 25 36 0.01378215
705 556 9 11 0.013779523
0 56 199 293 0.013778345
1019 338 5 21 0.0137748085
228 511 284 257 0.013774679
1016 658 8 20 0.01377328
34 39 44 59 0.013768059
47 295 9 15 0.01376677
993 298 24 25 0.013761984
1021 46 3 13 0.013758991
177 321 50 62 0.0137554845
934 150 13 20 0.0137526095
345 23 11 16 0.01374854
619 373 14 19 0.013744854
827 220 49 76 0.013743772
762 325 43 49 0.013741544
1018 16 6 17 0.013741462
317 337 12 16 0.013740248
98 515 8 11 0.013739718
54 360 11 10 0.013738338
995 509 13 15 0.013736402
9 45 48 60 0.013735036
575 721 57 47 0.013732488
632 580 18 25 0.013732143
0 345 26 70 0.013730532
0 687 14 24 0.013730334
616 698 103 70 0.013728925
418 388 19 31 0.013728899
531 694 102 74 0.013722379
682 695 37 46 0.013716895
556 275 22 30 0.01371298
413 321 11 15 0.013712717
956 307 37 47 0.013712579
484 693 102 75 0.013711684
115 230 26 35 0.013711595
655 275 9 14 0.0137091065
674 240 25 23 0.0137046445
622 278 18 22 0.013699085
292 327 41 53 0.013698343
304 155 105 152 0.013689604
1018 114 6 17 0.013689013
295 295 8 11 0.013687517
39 335 9 12 0.013687104
294 308 38 49 0.013684835
568 449 17 23 0.013676971
641 277 12 15 0.013668584
322 323 14 19 0.013660372
625 253 89 107 0.013658403
407 0 254 260 0.01365571
22 645 26 31 0.013655653
260 276 115 155 0.013652927
477 405 10 13 0.013649375
814 89 84 126 0.013642879
1 646 19 27 0.013642497
322 363 12 13 0.01363973
271 318 14 18 0.013638895
574 354 13 17 0.013636671
298 289 17 22 0.013636628
924 208 70 96 0.013634376
297 322 9 12 0.013633899
1020 313 4 11 0.013633411
375 225 54 85 0.01363088
317 323 8 10 0.013630749
578 303 12 16 0.013630223
640 448 152 193 0.013628685
357 321 21 27 0.013628418
165 173 57 81 0.013624357
468 39 11 14 0.013609089
210 303 17 24 0.01360062
275 505 17 23 0.013592168
586 315 13 15 0.013591909
229 58 9 12 0.013591895
368 321 11 15 0.01358617
457 0 70 55 0.013586097
913 639 43 57 0.013581354
334 318 22 27 0.013579284
235 226 65 89 0.013573621
270 294 8 11 0.01357327
718 24 94 115 0.013564798
375 174 44 55 0.013564299
293 306 6 10 0.013559556
471 28 11 15 0.0135574145
604 373 17 23 0.01355692
684 534 24 31 0.013556701
512 270 24 34 0.013554972
815 727 62 41 0.013550298
655 240 72 87 0.013544553
363 0 21 17 0.013539594
260 468 22 25 0.013535192
1014 287 10 22 0.013532896
703 0 67 50 0.013529494
320 47 12 16 0.013528365
587 249 36 50 0.013526639
0 1 8 19 0.013522445
905 361 17 20 0.01351922
625 241 17 20 0.01351858
558 339 23 29 0.013515435
710 348 48 60 0.013510968
455 631 19 26 0.013507436
616 265 9 11 0.013502268
0 329 3 12 0.01350146
0 192 21 36 0.013500545
0 579 9 15 0.013496883
1012 206 10 14 0.013491659
773 379 247 334 0.013491547
733 324 16 24 0.013488325
49 323 11 11 0.013487584
542 67 15 22 0.013486363
481 8 36 58 0.013483221
238 454 10 12 0.013477033
804 342 12 16 0.013476096
1019 122 5 16 0.013475942
607 29 13 17 0.013475552
223 347 44 58 0.013474359
575 320 8 10 0.013468165
497 627 13 18 0.013462095
309 332 9 10 0.013459175
334 31 12 16 0.01345899
55 319 11 11 0.013454338
767 364 38 41 0.013436116
1021 125 3 17 0.013430488
979 369 13 16 0.013430106
697 684 11 17 0.013429867
4 699 9 13 0.013427754
810 317 11 14 0.01342099
977 395 36 72 0.013405332
558 59 17 22 0.013401613
702 550 14 18 0.0133973155
692 139 56 75 0.013393495
659 0 74 58 0.013392102
358 208 51 76 0.013391225
49 287 12 19 0.013383236
333 299 8 15 0.01338082
54 328 13 12 0.013378847
712 330 17 27 0.013376011
270 365 15 18 0.013375678
174 168 15 16 0.013375432
608 253 11 14 0.013369846
524 351 34 36 0.013369323
487 626 21 26 0.013368769
512 305 76 91 0.013367366
793 0 65 49 0.013366372
866 358 26 31 0.013365949
642 254 55 68 0.01336593
307 322 10 12 0.013360968
18 308 21 24 0.013360333
757 729 59 39 0.013352667
198 229 24 38 0.013350272
462 53 9 10 0.013348281
165 58 76 104 0.0133462185
482 248 78 99 0.0133431
276 363 12 18 0.013338873
582 318 14 16 0.013336124
613 0 48 57 0.013335988
993 322 20 25 0.013335329
635 526 156 194 0.013331298
38 0 37 31 0.013329731
998 368 26 61 0.013327889
333 330 8 11 0.013326494
310 26 27 37 0.013319794
378 337 8 11 0.013317381
2 107 22 29 0.013314915
135 643 26 35 0.013313563
542 326 26 29 0.013309302
0 152 95 226 0.013305279
508 64 11 16 0.013300114
93 571 70 84 0.013296955
524 92 10 14 0.013295084
681 106 58 81 0.013294947
425 357 10 19 0.013293012
453 54 22 26 0.013291296
312 343 12 15 0.013290293
228 474 10 12 0.01328458
0 339 8 23 0.013282026
359 326 42 55 0.013280551
404 189 75 110 0.0132792005
800 0 19 15 0.013277605
0 46 26 52 0.013274968
816 336 18 23 0.013273919
874 372 13 17 0.013266256
816 513 96 123 0.013265465
224 126 87 126 0.013264611
819 309 149 203 0.013262537
772 345 38 50 0.0132609885
392 405 14 21 0.013252903
36 310 17 22 0.013252055
383 358 7 10 0.013251464
1002 147 8 12 0.013235686
52 264 21 29 0.013227983
606 296 12 16 0.013227661
376 0 24 16 0.013222471
494 61 15 24 0.01322127
0 231 9 16 0.013220409
533 260 79 98 0.013220117
379 344 11 15 0.013219688
434 239 127 164 0.0132169835
291 347 43 58 0.013216308
383 295 17 24 0.0132074235
67 263 43 54 0.013204323
212 0 65 57 0.0132028265
733 166 25 39 0.013200761
243 153 224 293 0.013200407
289 0 28 29 0.013199498
203 277 21 29 0.013197255
343 60 50 67 0.013196165
664 250 18 24 0.01319526
342 307 15 18 0.013193814
1021 0 3 12 0.013193461
592 390 21 25 0.013191016
711 362 10 15 0.013190421
494 718 13 13 0.013175503
631 234 34 43 0.0131679075
175 693 102 75 0.013167557
1009 502 15 35 0.013164317
700 693 6 9 0.013159694
302 93 47 64 0.013158295
881 348 35 39 0.0131568
695 57 15 22 0.01315583
0 317 4 13 0.013151844
374 316 11 14 0.013139625
387 321 7 9 0.013133729
618 404 18 21 0.013133205
790 642 9 10 0.01313222
425 356 5 9 0.013131297
1001 83 7 9 0.013130911
950 386 12 15 0.01313012
474 627 19 24 0.013129585
292 397 14 18 0.013125437
380 363 9 15 0.013119447
1021 280 3 13 0.013116661
656 710 8 10 0.013116216
517 254 49 54 0.013113222
499 331 78 92 0.013109323
0 172 55 105 0.01310011
300 340 24 31 0.013100037
624 77 24 34 0.013096142
636 268 13 19 0.013094091
312 341 23 30 0.013090041
868 97 50 64 0.013089051
13 0 14 9 0.01308899
390 326 12 16 0.013086989
368 327 11 15 0.013086139
653 277 7 9 0.013083165
635 283 10 13 0.013081843
988 286 26 32 0.013081803
721 711 8 9 0.013079144
174 85 12 19 0.0130781
0 643 28 66 0.013076302
550 112 65 90 0.013075205
0 77 11 25 0.013073183
79 0 41 28 0.013064683
849 285 41 49 0.013064616
486 68 14 16 0.01306379
982 397 6 10 0.013063606
695 291 246 330 0.013061229
471 47 11 12 0.013056232
506 436 14 22 0.013055109
195 265 23 31 0.013053766
985 52 39 76 0.013051167
205 234 37 50 0.013049385
607 69 12 16 0.013046264
138 468 73 92 0.013044513
56 281 19 26 0.013041279
50 363 46 48 0.013035957
368 342 22 31 0.013031811
680 568 9 12 0.013029554
275 317 17 22 0.013026891
587 299 12 11 0.013025827
602 53 18 25 0.0130255325
985 482 39 70 0.01302541
696 567 15 18 0.013024298
534 712 8 11 0.013020756
678 531 12 22 0.013019358
0 145 11 23 0.013018056
501 360 8 10 0.013015385
254 337 17 16 0.013012988
112 694 89 74 0.012999875
642 166 41 61 0.012999386
571 410 17 26 0.0129992245
707 248 29 34 0.01299817
442 696 103 72 0.0129938815
970 315 25 31 0.01299316
1018 245 6 18 0.012989778
378 331 8 11 0.012986615
955 628 44 57 0.012980628
891 627 96 123 0.0129794115
28 452 84 113 0.012973505
688 731 8 10 0.012969369
201 3 13 13 0.012966122
331 317 7 10 0.012964673
399 340 11 13 0.012963652
577 429 15 17 0.01296343
215 283 18 20 0.012959837
985 726 8 9 0.012951759
664 564 8 9 0.012948463
366 0 40 35 0.0129453605
954 721 7 9 0.012943057
304 319 10 12 0.012934083
611 307 8 10 0.012932952
312 29 245 316 0.012929823
0 315 3 10 0.012928
388 329 18 23 0.01292683
0 109 37 98 0.012924929
1017 254 7 22 0.012923995
607 304 10 13 0.012921497
622 212 49 62 0.012920681
1022 258 2 15 0.012918953
773 225 12 16 0.012916116
990 377 12 15 0.012915819
724 623 49 59 0.012913131
4 704 9 14 0.012909972
378 337 13 18 0.012908131
841 0 61 45 0.01290339
167 0 42 27 0.012901458
677 229 29 28 0.0128978
31 87 27 30 0.012896841
42 317 15 18 0.012894479
587 48 20 30 0.012894041
823 337 12 17 0.012893739
389 698 110 70 0.012893519
898 349 18 19 0.012893287
597 279 8 11 0.012891381
199 615 24 27 0.012888803
1006 220 9 11 0.012884752
75 173 7 9 0.012884597
703 403 76 94 0.012877061
669 566 20 24 0.012874562
344 0 25 22 0.0128657
938 82 23 30 0.012856938
645 313 142 182 0.012843522
633 251 7 9 0.012842761
685 483 154 183 0.012840439
117 186 23 35 0.012837528
1022 247 2 13 0.012828806
928 434 21 41 0.012824111
603 32 20 30 0.012822878
79 305 11 14 0.012821041
560 52 132 179 0.012819965
465 13 11 14 0.012816313
351 327 8 10 0.012815921
658 206 53 55 0.012813246
332 318 10 13 0.012812066
1018 730 6 15 0.012811815
322 71 52 67 0.012809892
595 259 19 28 0.01280955
555 374 37 47 0.012809016
565 280 7 10 0.012807456
926 138 37 41 0.012806627
599 296 12 15 0.012803523
0 622 45 105 0.012803471
455 26 12 15 0.012801952
50 317 8 10 0.01279267
54 374 86 108 0.012790583
336 326 42 55 0.012789717
608 262 8 11 0.012786546
983 152 12 17 0.012785701
209 294 12 19 0.012785643
225 264 12 15 0.012784178
56 315 7 9 0.012781962
256 294 11 15 0.012781343
608 223 132 166 0.012781191
985 245 23 30 0.012778849
769 553 43 57 0.0127787525
28 86 13 14 0.012778133
679 584 160 184 0.012775106
67 171 21 26 0.012760176
969 331 55 99 0.012759393
61 237 54 68 0.01275877
653 270 7 10 0.0127581395
941 208 29 43 0.012752423
585 0 83 82 0.012750725
37 77 24 23 0.012749276
594 302 35 48 0.012748078
424 384 13 23 0.01274303
368 316 11 14 0.012738441
323 331 22 28 0.012737844
1021 41 3 12 0.01273116
591 38 13 17 0.01272815
394 19 45 57 0.012727398
397 338 10 13 0.012724124
832 0 10 9 0.012720154
592 440 22 31 0.012709482
829 342 13 17 0.012701866
180 174 8 10 0.01269785
1019 238 5 15 0.012697122
575 56 21 29 0.012696219
132 0 28 15 0.012693769
570 265 21 28 0.012691419
932 653 13 16 0.0126896165
306 381 18 23 0.0126866605
218 18 98 121 0.0126816705
576 210 55 76 0.012677946
1 57 38 55 0.012674854
10 7 22 22 0.012673146
540 271 13 17 0.012673112
739 335 10 18 0.012672386
714 375 11 20 0.012668228
579 415 13 16 0.01266663
485 447 13 19 0.012663167
1008 238 16 36 0.012661893
261 478 23 24 0.012661065
783 0 19 14 0.012656606
519 200 115 158 0.012651188
275 482 12 17 0.012648546
833 360 26 32 0.012647278
976 256 35 46 0.012644971
608 282 10 11 0.012642008
46 32 26 33 0.012641482
613 273 8 11 0.012639963
478 301 12 16 0.012634683
101 287 23 23 0.012632607
607 27 21 29 0.012630194
309 333 17 21 0.012625009
912 658 30 40 0.012618505
24 269 21 26 0.012614376
29 0 30 27 0.012613893
967 461 57 114 0.012613155
584 0 41 38 0.012612211
355 47 49 66 0.012608081
342 8 28 36 0.012605706
584 306 12 16 0.012602604
695 699 8 11 0.012602301
70 728 60 40 0.012599098
885 0 62 44 0.01259814
476 214 75 101 0.012594942
314 327 42 53 0.0125925895
106 239 10 13 0.012591552
533 352 49 59 0.012588455
654 748 7 10 0.012583957
747 634 44 56 0.012583711
976 366 36 60 0.01257363
720 270 24 30 0.012571829
301 660 38 49 0.012570172
21 640 42 54 0.012569175
772 0 19 15 0.0125680715
88 100 13 16 0.012567012
682 568 14 18 0.012564088
293 638 89 113 0.012560978
88 0 14 10 0.012556666
775 171 54 69 0.012555436
984 354 15 17 0.012554996
669 246 21 25 0.012553913
484 159 102 147 0.012552955
205 308 15 20 0.012546211
634 167 24 32 0.012543883
318 296 11 15 0.012542807
621 290 17 22 0.012538456
348 20 11 15 0.012531997
1008 728 9 14 0.012530657
233 286 21 26 0.012526835
225 173 80 115 0.012523376
647 99 60 85 0.012520289
935 0 49 49 0.012518313
594 438 17 21 0.012517282
61 409 133 163 0.012512491
210 323 28 36 0.012506173
675 607 9 11 0.012503852
506 641 15 23 0.012493381
368 333 11 15 0.012493213
982 141 12 19 0.0124926735
530 286 7 10 0.012487149
4 166 13 19 0.012486595
581 427 18 21 0.012485045
505 0 61 46 0.012484917
52 371 10 10 0.012483524
267 346 45 58 0.012481789
892 84 51 63 0.012477991
276 327 9 11 0.012477634
615 463 20 33 0.012474019
47 234 36 47 0.012472721
535 265 37 47 0.012464552
677 260 21 29 0.012464388
621 278 7 11 0.012461457
408 269 67 101 0.012460237
244 304 9 11 0.0124599
23 65 44 50 0.012459332
555 463 19 25 0.012457795
328 314 8 11 0.012457592
1021 167 3 16 0.012455852
38 327 17 18 0.012455137
327 327 9 10 0.0124514
589 290 17 22 0.012448755
1022 132 2 12 0.0124432845
46 281 8 12 0.012440984
288 388 19 22 0.01243714
877 309 23 29 0.012435248
527 460 11 15 0.012427038
638 285 22 25 0.012425985
245 347 45 56 0.012424205
242 384 11 14 0.012423354
694 551 21 28 0.012422509
407 391 24 36 0.0124144545
10 84 59 74 0.012411624
655 565 10 10 0.0124093825
972 176 24 36 0.012404896
332 325 15 17 0.0124014905
679 211 57 54 0.012401045
903 368 23 28 0.012397814
623 466 9 11 0.012393252
690 697 18 25 0.012392203
620 264 8 10 0.012387381
867 424 16 21 0.012386434
465 12 17 27 0.012385412
751 550 18 22 0.01238479
397 343 10 13 0.012383684
623 286 10 13 0.012382927
184 647 20 25 0.012381183
569 353 19 27 0.012379545
36 332 8 9 0.0123770535
910 354 11 13 0.012375943
1022 315 2 9 0.012374286
391 330 22 30 0.012371475
211 270 13 17 0.012371393
31 384 118 153 0.01237051
781 628 21 29 0.012366629
1012 0 12 15 0.012361849
342 294 15 19 0.0123592345
460 383 44 53 0.012358822
49 327 21 18 0.01235512
875 29 87 94 0.012348531
116 335 50 64 0.012346054
668 231 27 27 0.012345183
956 565 68 128 0.01234096
683 711 75 57 0.012340257
564 311 28 41 0.0123381335
85 529 16 17 0.012336205
453 265 85 105 0.012335573
1021 35 3 12 0.012333607
59 263 13 17 0.012332713
571 34 21 31 0.012332024
739 535 41 57 0.012330292
982 459 12 14 0.012328891
681 573 9 12 0.012328009
605 255 11 14 0.012327285
1021 183 3 13 0.012325773
26 479 13 17 0.012325753
944 700 9 11 0.012321226
756 290 92 117 0.012319767
748 424 132 170 0.012308171
353 195 15 20 0.012307279
369 32 10 12 0.01230711
895 635 46 62 0.012306788
184 270 30 34 0.012303504
184 513 167 221 0.012302271
34 335 11 14 0.012299294
566 452 25 31 0.01229902
637 248 13 16 0.012297388
930 654 21 28 0.012295882
646 264 30 39 0.012294445
0 181 30 82 0.01229206
615 251 62 82 0.012291786
269 315 8 10 0.012290702
1021 29 3 13 0.0122900065
123 161 41 51 0.012282824
210 282 15 18 0.0122802565
692 686 9 9 0.012279416
300 352 24 31 0.012274106
622 294 12 12 0.012273075
1021 252 3 13 0.0122729745
0 617 6 11 0.012270175
301 331 12 15 0.012266327
449 41 23 30 0.012265653
382 327 40 54 0.01226405
60 244 36 48 0.012262265
53 215 11 15 0.012259966
726 147 36 60 0.01225393
561 216 43 62 0.012250311
109 642 32 34 0.012249984
466 60 10 12 0.012247631
24 316 20 24 0.012247264
295 326 12 16 0.012246806
954 719 11 13 0.01224411
642 236 13 15 0.012243373
714 294 93 118 0.012241949
938 321 11 12 0.012241166
0 258 4 9 0.012240755
0 38 18 28 0.012239927
748 136 75 101 0.012235271
555 49 19 26 0.012233345
303 317 7 9 0.012225699
102 470 162 215 0.012225596
225 228 38 50 0.012225339
106 278 14 16 0.012223453
244 295 11 15 0.012219528
362 321 12 15 0.012219349
0 325 162 396 0.012216052
594 609 153 159 0.012210998
398 0 29 22 0.012208056
599 41 20 32 0.012207615
393 318 7 9 0.012205472
642 285 9 11 0.012201401
624 269 11 16 0.01219368
525 617 17 22 0.012189486
679 593 9 12 0.012188389
1022 156 2 12 0.0121880025
1018 166 6 20 0.012186171
275 281 19 25 0.012185677
549 123 10 11 0.012182377
0 268 5 9 0.012175211
877 70 49 59 0.012174948
1021 187 3 15 0.012174392
323 43 12 16 0.01217416
219 0 28 16 0.012171198
691 685 13 19 0.012170512
1007 83 17 36 0.012168992
53 251 18 22 0.012166617
263 303 30 37 0.0121636
593 56 20 25 0.012162207
352 329 9 12 0.012160785
596 301 13 14 0.012159909
616 175 33 44 0.012157067
59 287 13 17 0.01215558
828 126 44 66 0.012155008
402 321 21 27 0.012154579
994 263 25 27 0.012150979
562 296 17 27 0.012150006
74 337 84 102 0.012149638
467 35 9 12 0.012145277
387 0 17 12 0.012141972
650 245 8 10 0.012134948
313 53 93 118 0.012130537
0 291 5 13 0.012130512
166 79 12 14 0.012129323
967 355 7 12 0.012128685
591 218 11 14 0.012128082
97 79 76 100 0.012125741
493 300 14 19 0.012125324
546 446 21 30 0.01212467
938 578 48 67 0.012123002
0 110 30 48 0.012119537
74 35 79 99 0.012115552
429 580 140 188 0.012114311
1021 295 3 15 0.012108548
33 199 71 96 0.012108309
419 322 10 14 0.01210803
368 0 66 45 0.012106979
365 110 11 16 0.01210549
846 573 47 59 0.012103404
1004 393 20 42 0.01209907
812 327 18 22 0.012097288
647 279 17 24 0.012096764
20 218 44 66 0.012092195
1019 137 5 17 0.0120910695
962 229 46 71 0.012087976
294 312 11 14 0.012086369
509 303 11 12 0.01208595
574 298 9 11 0.012085457
289 340 23 31 0.01208523
64 455 46 56 0.012083073
392 321 9 13 0.012081526
102 91 42 53 0.012081069
749 0 45 42 0.012080856
43 338 9 11 0.0120792445
206 275 14 18 0.0120723
706 264 79 93 0.012070505
870 518 93 127 0.012070502
176 342 90 113 0.012070011
767 571 15 17 0.012069877
1021 24 3 12 0.012066143
351 293 62 89 0.012065582
792 417 9 11 0.012060623
240 323 13 15 0.0120599875
896 564 91 125 0.012059382
154 624 147 144 0.012055499
399 260 46 69 0.012054418
582 366 21 25 0.012053823
904 352 37 43 0.012051584
452 607 11 13 0.012051311
376 369 6 10 0.012043785
883 625 46 62 0.012042136
2 349 23 33 0.012039927
368 338 12 15 0.012038702
640 258 14 21 0.012038357
401 330 22 30 0.012034643
956 0 19 15 0.0120312115
112 185 6 9 0.012026761
338 322 10 11 0.012023967
312 347 44 58 0.012023313
1019 724 5 15 0.012021517
859 571 80 108 0.012021473
12 0 40 35 0.012012374
312 352 23 30 0.012011295
796 634 26 31 0.012008714
328 142 238 307 0.012006444
681 247 22 24 0.01200559
992 182 32 63 0.012004912
216 0 14 11 0.012003989
379 326 7 11 0.0120039275
37 271 14 21 0.0120013915
402 307 9 12 0.01200112
451 40 43 59 0.011998042
696 516 25 34 0.011996924
860 76 10 11 0.011995093
705 0 19 15 0.011993125
211 330 67 91 0.011991352
1006 294 18 31 0.011991314
27 107 21 23 0.0119898245
521 82 18 24 0.011989692
492 619 17 23 0.011989064
686 0 56 41 0.011988712
680 669 24 33 0.011987802
614 311 10 13 0.0119871255
988 313 13 14 0.011986499
780 259 141 177 0.011983287
0 580 21 41 0.011983107
394 318 10 13 0.011981701
557 446 147 197 0.011979022
532 404 41 51 0.011977603
514 627 22 37 0.011977372
613 583 26 32 0.011971127
597 335 12 14 0.011970467
590 309 22 30 0.011969592
984 346 23 28 0.011969066
803 334 30 34 0.0119687
585 59 14 19 0.011967646
646 274 15 20 0.011967584
382 319 7 10 0.011966806
630 348 10 13 0.011962938
379 349 11 16 0.011962883
37 685 13 14 0.01196042
212 269 20 25 0.0119563565
581 399 32 40 0.011952955
488 403 10 12 0.011951962
600 37 13 17 0.0119475955
1018 317 6 14 0.011945917
709 730 55 38 0.011943812
312 723 9 12 0.011942137
646 255 10 12 0.011942069
379 355 11 16 0.011940742
676 447 77 96 0.01193865
209 494 50 62 0.011937681
241 292 16 23 0.011934209
937 98 24 32 0.011933437
490 630 31 40 0.0119324345
608 43 20 30 0.011930017
0 69 21 37 0.011928772
750 0 18 15 0.011923938
351 17 11 15 0.011914568
61 98 38 48 0.011914298
679 549 10 13 0.011909254
8 310 63 93 0.011909038
62 98 59 71 0.011908737
954 198 43 70 0.011908566
31 143 67 80 0.0119053675
543 73 8 14 0.011903494
593 306 13 16 0.011899035
1020 154 4 17 0.011887309
82 178 8 12 0.01188645
664 237 11 12 0.011884466
650 238 8 9 0.011883074
342 312 17 21 0.01188106
469 29 7 9 0.011879855
426 138 18 16 0.011879029
985 378 13 15 0.011877552
990 463 10 16 0.011874909
495 730 20 29 0.01187374
486 98 15 22 0.011873466
2 290 11 15 0.0118668135
279 323 9 11 0.011863215
597 211 55 74 0.011860372
0 7 11 23 0.01185844
618 463 15 19 0.011857812
922 0 20 15 0.011857189
603 246 38 51 0.011856652
350 180 10 9 0.011851369
375 161 12 15 0.0118491165
0 306 4 11 0.011847651
1013 372 11 30 0.011845901
605 353 142 184 0.01184527
1 296 11 16 0.011844786
377 366 10 18 0.011842013
0 323 3 12 0.011841842
100 513 10 12 0.011839483
840 303 27 39 0.011837795
221 265 25 31 0.011836249
630 292 9 9 0.011833704
369 112 13 16 0.011833574
531 459 11 13 0.011831196
159 336 15 18 0.011829747
116 290 77 91 0.011827829
722 160 66 84 0.011827176
416 59 18 26 0.011826998
1020 9 4 15 0.011824075
36 171 22 27 0.011823405
467 17 11 14 0.011819016
1011 232 11 16 0.01181829
895 708 90 60 0.0118168155
427 396 14 26 0.011816479
603 29 12 18 0.011816427
859 115 11 15 0.011816201
377 350 8 13 0.011815202
776 0 56 40 0.011814539
563 127 79 114 0.011814216
1 275 7 9 0.011813685
128 137 8 11 0.011810116
367 35 10 12 0.011808823
288 312 10 13 0.011808618
235 721 12 15 0.011808576
973 139 51 114 0.011804612
707 339 98 122 0.011804276
882 268 48 53 0.011804219
117 63 78 98 0.011800404
318 52 11 15 0.01179796
0 240 12 34 0.0117968125
624 265 41 53 0.011795669
176 87 8 12 0.0117953
809 321 18 22 0.011795223
467 308 133 168 0.0117937615
931 86 24 33 0.011791807
234 488 22 28 0.011788389
1020 299 4 18 0.0117883
686 715 9 10 0.011788165
317 144 12 17 0.011786912
683 537 7 13 0.011782686
656 561 22 25 0.0117783435
608 68 9 11 0.011776444
579 334 21 25 0.011773289
936 655 8 10 0.011772669
1021 18 3 13 0.011770304
356 331 23 29 0.011768339
752 63 71 94 0.011764391
121 687 48 62 0.011763325
31 323 18 23 0.011759825
893 410 26 32 0.011759444
580 383 15 18 0.011759084
472 624 35 44 0.011758591
504 628 36 58 0.011758451
438 0 61 44 0.011756305
538 122 51 70 0.011753895
346 320 22 27 0.011753416
994 221 11 12 0.011752711
405 288 34 51 0.011751777
43 0 13 11 0.011749409
659 248 8 10 0.011749126
642 266 10 18 0.011746334
1021 515 3 15 0.0117438575
559 356 41 55 0.011742598
3 690 12 13 0.011740479
614 521 73 96 0.011740043
676 277 19 29 0.011738901
557 267 16 23 0.011738463
828 367 24 29 0.0117359245
278 357 11 19 0.0117351785
61 325 21 22 0.011733735
304 328 7 10 0.011733312
570 626 11 15 0.011731345
938 87 46 71 0.011730621
807 319 9 17 0.011730102
611 26 12 17 0.011728086
548 0 65 47 0.011727121
423 430 7 11 0.011725014
0 563 47 132 0.011716578
605 72 37 45 0.011715061
317 327 8 10 0.011713366
287 317 7 10 0.011713135
660 240 16 23 0.01171033
330 334 9 11 0.011710279
774 570 19 25 0.011709581
711 670 42 51 0.011709161
58 268 20 30 0.011709096
356 321 11 14 0.011707439
782 383 19 18 0.011704963
985 331 22 27 0.011703473
443 32 34 46 0.011696453
438 64 100 140 0.011689799
846 77 16 18 0.011687378
609 510 127 161 0.011686269
529 610 11 17 0.011684397
618 726 57 42 0.011682573
270 471 13 18 0.01168223
239 312 8 11 0.011681469
0 202 127 302 0.011679801
76 271 70 82 0.0116738705
114 495 15 19 0.011673569
16 183 52 73 0.011665114
232 0 27 16 0.011651551
374 311 11 14 0.011650692
973 340 7 12 0.011650623
1016 177 8 18 0.011649763
267 351 24 30 0.011643804
589 300 14 14 0.011641473
973 252 25 29 0.011640823
20 0 14 9 0.011639586
394 301 9 10 0.011639027
183 187 66 84 0.011637689
857 71 33 42 0.011636015
161 524 28 32 0.011635425
261 85 26 33 0.01163225
0 203 52 139 0.011632104
972 422 24 48 0.011631706
1006 725 9 10 0.011630238
321 330 7 9 0.01162845
702 294 19 19 0.011627858
579 310 8 13 0.011627549
804 610 23 31 0.011624671
516 587 15 23 0.011620353
39 328 9 11 0.011618301
445 631 36 46 0.011616055
600 373 7 11 0.011614718
475 179 74 98 0.0116144
448 596 13 16 0.011610779
403 343 10 13 0.011610396
788 333 21 27 0.01160472
340 20 11 16 0.011604506
332 36 11 16 0.011604325
357 18 11 15 0.011603025
0 710 11 27 0.011602871
1 212 42 71 0.011602086
610 293 11 15 0.011592369
966 721 8 9 0.011591419
687 545 22 28 0.011589602
955 219 20 31 0.011588464
144 183 54 66 0.011585004
94 178 7 12 0.011584031
339 33 12 16 0.011583312
480 445 13 18 0.011580466
0 273 12 33 0.0115801105
672 0 43 45 0.011578214
943 325 48 56 0.011578002
24 328 21 26 0.011573858
260 454 22 27 0.011571943
606 17 40 54 0.011568573
870 98 28 30 0.011566609
376 338 6 9 0.011564531
437 219 66 98 0.011557815
142 653 22 30 0.011555316
175 200 41 62 0.011553909
976 330 13 18 0.011551552
0 593 25 67 0.011550965
335 79 95 118 0.011547292
930 240 11 15 0.011546707
56 172 43 50 0.011545993
59 0 21 16 0.011545659
911 0 20 15 0.011540055
90 228 17 24 0.011539431
584 271 7 9 0.011533762
0 605 9 11 0.011529705
911 0 54 38 0.011527449
0 434 27 72 0.011527257
504 369 11 13 0.01152572
275 0 9 10 0.01152558
1017 522 7 19 0.011523876
765 443 83 117 0.011523577
707 556 14 18 0.011517486
262 177 8 9 0.011516292
747 360 11 17 0.011515329
402 2 47 46 0.011513885
1012 273 12 27 0.011511204
997 0 27 30 0.011510869
59 534 14 18 0.01151083
469 35 21 23 0.011509844
710 267 24 30 0.011509437
711 382 17 35 0.011504913
300 366 23 30 0.0115046175
214 253 6 10 0.011503974
39 220 38 50 0.011503412
694 681 17 25 0.011496211
589 62 15 20 0.011495772
585 11 41 53 0.011494036
951 161 17 18 0.011493239
267 136 37 46 0.01149157
906 74 62 77 0.011490992
346 31 9 10 0.011489858
717 440 83 107 0.011488838
676 251 22 26 0.011486384
511 381 38 46 0.011485099
76 104 11 14 0.011484273
787 646 21 31 0.011483005
647 0 46 57 0.011482402
801 334 18 23 0.011481207
913 324 24 28 0.011480593
234 456 17 25 0.01148016
369 532 155 212 0.011479657
429 551 9 13 0.011476288
413 327 11 15 0.011475374
217 718 12 16 0.011474581
199 0 27 16 0.011472525
1004 196 9 11 0.01147124
73 463 17 22 0.011469508
675 513 39 50 0.011469437
187 741 10 12 0.011467686
994 489 10 12 0.011463867
10 89 24 30 0.011462261
898 219 67 80 0.011456965
356 326 12 15 0.011453503
718 333 18 29 0.011452802
73 296 29 33 0.01145222
204 265 17 25 0.011450223
1000 181 24 41 0.0114496695
498 0 75 92 0.011448617
970 393 25 46 0.011444904
232 316 14 16 0.011444346
40 341 36 47 0.011441626
0 732 12 32 0.011441196
54 311 11 14 0.01143829
568 345 17 25 0.011437141
559 353 23 29 0.0114365565
535 709 7 9 0.011435429
395 313 11 12 0.011434252
843 293 100 120 0.0114314705
627 243 24 31 0.01143128
365 236 27 36 0.011426335
0 740 30 28 0.01142349
529 622 17 22 0.011422023
997 489 11 15 0.011421869
476 718 67 50 0.011421823
456 48 11 12 0.01142007
597 374 8 13 0.011418439
282 319 10 13 0.011416244
585 311 7 12 0.0114158075
839 344 39 46 0.011413945
275 335 11 14 0.01141228
406 341 10 13 0.011411137
949 208 34 48 0.011402921
650 272 10 14 0.0114028985
361 128 85 120 0.0114025595
757 331 24 29 0.011401331
162 170 15 19 0.011399856
8 357 23 27 0.011399571
374 361 11 17 0.011389502
980 374 13 19 0.011389215
160 496 51 59 0.011389101
472 38 11 13 0.011385103
411 15 47 60 0.011384815
637 564 43 51 0.0113823665
740 0 40 31 0.011381171
560 288 40 52 0.011380422
776 209 54 67 0.011377791
135 175 47 54 0.011375015
648 260 9 11 0.011374417
811 0 19 15 0.011373395
272 315 8 9 0.011370044
232 587 14 19 0.01136816
400 335 10 13 0.011367598
0 448 44 90 0.011367326
651 243 17 23 0.01136617
721 0 19 15 0.011365875
34 201 19 23 0.0113621345
998 143 11 15 0.011361584
875 609 43 60 0.0113609955
984 0 19 16 0.011360087
674 489 77 100 0.011359529
1006 142 9 11 0.011358991
363 26 9 11 0.011358647
503 90 11 11 0.011357838
495 2 39 61 0.011355739
227 337 84 108 0.011355588
958 718 13 15 0.011352946
384 341 8 13 0.011351725
1005 324 16 17 0.011349031
810 310 17 20 0.011347417
418 327 11 14 0.011346998
386 408 15 18 0.011344266
971 375 53 113 0.011343071
856 115 23 34 0.011341426
59 224 37 47 0.011339757
61 299 23 24 0.011339288
903 289 42 50 0.0113390945
1001 102 7 10 0.011338938
94 0 34 21 0.0113354875
85 366 87 109 0.0113350805
551 157 66 90 0.0113331275
922 449 86 135 0.0113320565
1008 62 16 36 0.01133159
991 249 13 18 0.011330722
26 0 15 10 0.011325317
289 322 10 12 0.011318645
32 332 10 11 0.011315764
495 307 11 16 0.011308224
617 298 22 29 0.011307851
662 405 43 43 0.011307202
224 0 41 25 0.011306976
93 290 37 41 0.011306221
539 442 18 25 0.011306205
681 542 20 27 0.011305501
231 450 13 17 0.011305094
274 54 85 109 0.011303643
692 538 23 30 0.01130275
916 370 14 17 0.011302018
495 46 6 11 0.0113017075
909 156 37 45 0.011299547
665 92 47 58 0.011298943
295 161 12 16 0.011298767
473 619 79 106 0.011293991
934 0 20 15 0.011293699
722 543 9 15 0.011293032
191 493 8 10 0.011289956
658 556 42 53 0.011289782
343 17 11 15 0.01128882
233 459 10 14 0.011284191
293 80 88 111 0.011284015
597 289 7 11 0.0112832915
613 292 64 80 0.011281981
621 288 7 9 0.011279774
379 365 6 10 0.011277979
814 308 11 13 0.01127459
490 304 24 32 0.011274056
1005 65 11 15 0.01127043
783 330 20 24 0.011269517
362 327 12 14 0.011268319
57 294 19 21 0.011267132
564 237 121 156 0.011266252
771 311 52 63 0.011263914
1001 311 18 17 0.011263551
233 444 14 20 0.011261077
337 302 10 13 0.011257242
802 485 12 19 0.011256132
267 294 7 10 0.011255917
40 237 53 70 0.011248682
658 564 11 11 0.01124791
777 473 15 19 0.011247807
181 629 8 10 0.011247388
508 494 145 208 0.011244867
397 332 10 14 0.011244311
0 125 23 65 0.011244267
39 152 12 15 0.01124313
576 49 17 24 0.011241754
214 264 10 16 0.011240953
467 45 10 11 0.011238457
611 399 9 13 0.01123535
506 447 9 13 0.011229558
350 186 30 35 0.011228185
683 566 9 11 0.011226328
994 146 12 16 0.01122572
609 35 13 17 0.011225458
442 727 56 41 0.011223058
832 311 43 54 0.011220535
297 355 10 14 0.011220291
679 669 69 82 0.011219047
114 497 10 13 0.011217111
985 97 39 71 0.011216063
79 86 44 52 0.011215745
701 18 48 69 0.011214843
76 227 7 11 0.011214591
152 249 55 56 0.011209615
998 68 10 13 0.01120768
53 372 13 13 0.011206014
544 59 18 25 0.011206009
23 337 22 29 0.011204772
614 394 15 15 0.011200879
527 696 20 28 0.011199095
30 334 18 24 0.011199066
1021 272 3 13 0.011198267
313 605 95 127 0.011197658
667 696 35 44 0.011196626
275 348 29 38 0.011196156
34 100 39 46 0.011194338
684 237 26 27 0.011194123
710 291 11 13 0.011188499
66 283 46 55 0.011187803
233 475 8 10 0.011186063
0 693 7 11 0.011185623
306 334 9 11 0.011183336
52 4 78 78 0.011181253
703 559 10 14 0.011178717
573 446 20 24 0.0111783
0 174 25 46 0.011178253
386 338 9 12 0.0111776125
636 238 17 20 0.011175747
333 335 9 12 0.011175206
355 321 8 11 0.011171956
275 474 14 15 0.011166506
984 309 12 14 0.011164752
531 721 59 47 0.011164587
215 703 8 9 0.011163492
638 582 22 29 0.01115737
946 161 30 42 0.0111563485
987 146 12 18 0.011155003
972 373 21 33 0.011154526
1021 308 3 10 0.01115428
664 604 8 11 0.011154234
858 626 21 27 0.011153157
632 407 10 16 0.011152976
681 695 12 15 0.011149919
0 719 5 12 0.011148561
312 239 43 66 0.01114765
32 119 25 29 0.011147251
751 510 79 103 0.011146032
619 537 22 31 0.011144513
155 627 23 30 0.0111440485
597 33 12 16 0.011143769
570 62 21 29 0.011142851
864 622 42 54 0.011141918
1003 734 10 12 0.011141659
314 37 27 33 0.011138146
120 639 31 34 0.01113779
821 339 18 25 0.011133361
1020 178 4 15 0.011130846
821 0 53 38 0.011129626
618 261 14 19 0.01112945
564 105 13 17 0.011128772
1005 142 18 23 0.011126855
771 329 23 28 0.011126473
11 14 15 15 0.01112549
926 662 21 31 0.011122479
869 725 61 43 0.011120902
345 541 13 16 0.011120601
37 334 17 20 0.01111912
613 257 25 33 0.011118775
382 353 9 12 0.011118648
0 528 39 102 0.011118383
596 313 10 14 0.011114449
901 380 13 15 0.011113116
378 368 7 12 0.011112835
39 537 8 10 0.011111833
690 668 24 31 0.011111504
0 177 8 18 0.011110749
550 641 43 61 0.011110638
46 113 17 23 0.011108977
286 327 18 23 0.011108582
209 0 16 12 0.011104997
357 311 21 26 0.011102694
597 372 32 41 0.011101685
412 0 23 16 0.011095811
738 0 19 15 0.011093966
980 263 24 30 0.011092891
78 469 22 31 0.01109194
261 343 36 45 0.0110910265
520 449 11 18 0.0110904
323 297 8 12 0.0110867405
307 342 12 16 0.011085942
556 118 43 58 0.0110844
1011 64 12 16 0.011083595
219 326 19 24 0.011083406
346 326 12 15 0.011080914
405 308 35 51 0.011080697
832 253 78 96 0.011078615
1014 517 10 19 0.011074378
385 344 11 15 0.011071086
472 103 13 19 0.0110685695
964 372 13 14 0.01106843
893 183 51 69 0.011066952
646 409 13 17 0.0110662775
17 268 16 13 0.01106627
548 68 11 15 0.011065558
607 21 13 18 0.011064254
928 556 47 69 0.011062644
617 344 18 23 0.011059681
584 312 20 23 0.011058886
564 241 39 53 0.011058116
403 338 10 13 0.011051901
373 343 7 10 0.011051276
819 320 11 14 0.011049825
427 354 5 9 0.011049443
980 196 15 21 0.011047215
1015 18 9 18 0.011047031
483 583 18 30 0.011044418
556 275 12 14 0.011040493
6 253 30 41 0.0110402275
618 259 9 13 0.011039781
204 62 20 18 0.011038288
840 728 59 40 0.011038219
188 495 49 60 0.011036734
994 735 30 33 0.01103373
465 0 6 9 0.011032585
684 679 15 16 0.011032526
840 357 76 91 0.011031176
371 249 16 19 0.01103016
963 288 45 56 0.011028895
483 214 45 61 0.011026074
88 194 48 63 0.011023634
602 367 11 19 0.011023614
608 12 24 31 0.011023384
916 590 45 66 0.01102333
320 0 29 20 0.011021063
543 66 6 10 0.011015621
560 392 41 55 0.011015505
31 202 31 40 0.011015244
980 366 20 26 0.011014117
983 393 9 12 0.011011208
456 22 11 13 0.011010643
832 316 22 32 0.011006629
0 414 14 19 0.011005331
571 55 16 23 0.011004719
793 390 16 21 0.011004503
418 230 54 81 0.011003456
564 348 30 42 0.011003209
706 441 48 59 0.011003082
967 0 19 14 0.011001856
82 600 23 31 0.010999403
638 684 15 18 0.010996995
370 105 12 17 0.010996123
206 316 22 27 0.010996012
71 542 78 101 0.010995248
988 324 14 21 0.010994947
485 20 102 134 0.010993942
1004 226 20 30 0.010993518
0 474 27 76 0.010992503
923 331 13 15 0.010991379
339 326 13 15 0.010990882
237 458 12 16 0.01099079
711 379 11 25 0.010988315
787 323 123 163 0.010987915
0 259 11 19 0.01098618
674 456 42 52 0.010985377
499 62 17 23 0.010983124
1019 142 5 19 0.010979927
666 296 96 120 0.010979902
1019 574 5 17 0.010979709
346 14 11 16 0.010979275
893 607 43 63 0.010977633
507 71 11 16 0.010976444
386 0 31 24 0.010972922
387 326 7 10 0.010972168
51 0 19 16 0.010971124
187 545 83 115 0.010970122
634 283 16 22 0.010968562
0 274 99 168 0.010967899
733 729 59 39 0.010967466
187 657 16 19 0.010967031
37 296 35 45 0.010965187
898 400 21 27 0.010965044
929 418 34 56 0.010964469
537 440 12 19 0.010964366
522 361 25 24 0.010963639
644 408 9 12 0.0109632835
314 150 12 16 0.01096307
0 280 3 9 0.01096184
1 334 25 33 0.010958234
912 372 13 18 0.010957894
110 20 87 99 0.010957397
281 119 44 54 0.010956976
658 427 9 11 0.0109552955
376 0 12 10 0.010952936
1018 188 6 19 0.010952355
877 323 126 168 0.0109513365
575 454 278 314 0.010947893
831 379 13 16 0.010944382
670 284 21 28 0.010939607
634 348 9 12 0.010939471
199 348 47 62 0.010938209
904 0 10 11 0.010935833
402 264 13 18 0.010931971
654 288 26 30 0.010931056
293 358 12 14 0.010926725
0 233 15 26 0.010926176
505 290 48 54 0.010925789
967 617 57 101 0.010924538
625 544 83 106 0.01091977
117 513 9 11 0.01091953
117 551 8 9 0.01091818
626 18 44 61 0.010917904
1018 540 6 19 0.010917689
787 341 14 15 0.010916097
229 17 49 61 0.0109156035
460 40 9 12 0.010915099
374 354 10 16 0.0109150885
570 318 18 27 0.010913778
335 21 29 31 0.010912444
605 258 16 21 0.010911531
386 105 12 16 0.010909628
292 325 9 12 0.010908704
167 87 10 12 0.01090842
335 333 9 12 0.010907684
3 569 88 141 0.0109058805
136 632 47 55 0.0109046595
720 288 8 9 0.01090387
959 369 11 17 0.01090369
245 0 13 12 0.010903641
584 46 12 16 0.010902826
960 369 19 23 0.010901677
714 30 47 69 0.010896553
323 31 28 33 0.0108958185
606 580 24 30 0.0108955065
50 299 9 13 0.010895237
271 22 53 72 0.010891755
612 256 11 13 0.010888853
141 432 162 213 0.010887945
174 724 59 44 0.010885843
5 712 8 13 0.010885039
234 475 164 218 0.0108845215
508 440 19 24 0.010882286
386 353 9 12 0.010881057
546 59 78 112 0.010880716
721 107 78 106 0.0108803725
687 285 24 26 0.010877328
636 253 16 21 0.010877303
223 479 10 12 0.010875441
294 560 92 128 0.010874577
254 343 11 15 0.010874058
344 33 8 10 0.010873362
589 45 15 20 0.0108696725
523 460 18 23 0.010866729
360 15 11 15 0.010865224
1004 81 11 15 0.010864939
580 321 11 15 0.010864302
883 344 61 68 0.010862742
103 463 81 99 0.010862029
395 296 58 85 0.010861877
368 37 50 62 0.01085872
356 316 11 14 0.010855637
399 311 9 11 0.010855045
700 678 13 15 0.010853544
319 149 13 17 0.010853116
320 354 17 21 0.010850271
588 35 13 17 0.010848628
230 54 14 16 0.010847898
901 413 23 24 0.010846757
416 364 21 42 0.010846471
579 59 14 19 0.010845596
984 461 12 18 0.010845282
592 434 15 18 0.010845224
279 363 20 24 0.010845137
691 91 81 112 0.010843126
110 280 14 18 0.0108423205
715 375 24 32 0.01084057
347 29 12 14 0.010840238
292 381 24 28 0.010840197
267 543 93 124 0.010839761
707 285 12 15 0.010838143
1022 136 2 14 0.010837246
651 271 16 21 0.010836003
864 634 17 24 0.010835149
926 375 12 17 0.010834721
338 328 9 11 0.010833295
360 238 42 66 0.010830379
529 129 73 106 0.010830293
630 492 80 98 0.010826386
299 360 12 16 0.010824228
45 323 9 9 0.010820534
574 76 36 46 0.0108182905
985 731 9 12 0.010817834
705 269 19 23 0.010816865
86 0 28 18 0.010816416
655 582 20 29 0.010815536
389 295 13 19 0.010814589
324 1 14 14 0.010811974
498 606 9 11 0.010808041
619 233 54 69 0.010807668
579 360 11 15 0.010806875
0 75 28 48 0.010806826
560 313 133 172 0.010805317
226 471 10 12 0.010805266
498 153 32 38 0.010804653
964 533 60 106 0.010804522
497 82 8 10 0.01080417
46 251 10 14 0.010802007
685 250 25 29 0.010801595
46 320 17 19 0.010800922
391 332 11 14 0.010798036
588 281 13 15 0.010797607
887 674 13 15 0.010797329
810 549 54 71 0.0107966075
60 292 33 40 0.010796458
544 79 6 12 0.010795931
613 30 12 18 0.010795338
499 362 13 17 0.010795081
828 0 18 15 0.01079333
691 465 83 107 0.010790744
918 365 14 15 0.010788893
514 395 49 57 0.010787346
167 625 11 15 0.010786829
571 54 12 16 0.010784729
322 337 13 16 0.01078457
457 582 23 30 0.010783979
830 338 21 25 0.010782156
443 60 11 10 0.010781352
238 709 13 16 0.010781054
691 557 9 11 0.010778442
237 303 13 15 0.01077825
2 687 21 29 0.010777283
182 0 15 9 0.010772072
0 429 23 38 0.010770458
168 596 11 21 0.01076927
114 299 45 56 0.010769196
616 25 12 16 0.010768856
108 64 24 34 0.010767592
678 680 11 13 0.010766753
336 320 8 10 0.010766711
641 294 9 12 0.010764528
368 0 12 11 0.010763547
388 301 7 11 0.010763141
0 749 7 15 0.010762923
613 75 20 31 0.010761299
819 749 8 9 0.010758953
268 320 9 11 0.010758172
981 222 17 28 0.010754574
591 365 11 12 0.010752849
21 116 10 12 0.010750944
958 253 55 70 0.010750311
582 300 13 14 0.01074952
1004 227 12 17 0.010747987
918 352 8 11 0.010747728
283 228 12 14 0.010747037
243 326 12 15 0.010746571
887 646 62 78 0.010746219
308 328 9 11 0.010738551
5 292 11 15 0.010737891
901 499 93 128 0.010737038
0 588 7 16 0.010736967
58 576 77 101 0.010736616
823 174 33 56 0.010736305
841 356 24 30 0.010736068
792 604 23 31 0.010735732
329 39 11 16 0.010735104
976 172 33 57 0.010734328
621 74 52 68 0.010733569
588 633 79 113 0.010732749
32 12 46 58 0.0107325455
447 265 40 57 0.010731752
491 447 13 19 0.010729968
944 693 18 24 0.010729144
444 588 17 30 0.010728939
348 305 9 13 0.010727731
345 36 48 60 0.010726913
770 652 28 35 0.01072687
360 23 10 12 0.010725535
272 334 10 15 0.010725273
355 705 18 20 0.010724981
10 2 8 11 0.010722629
703 696 8 9 0.010720958
282 515 34 28 0.01072033
0 384 10 21 0.0107200965
583 509 21 27 0.01072007
569 368 22 32 0.01071981
45 284 10 19 0.010716176
977 459 12 14 0.010714132
1020 351 4 13 0.010712915
354 11 11 16 0.010711039
625 298 11 13 0.01071073
889 384 20 25 0.010709308
581 28 21 31 0.0107082175
372 28 10 12 0.010706599
886 293 104 123 0.010704751
392 312 17 21 0.010704614
1015 366 9 26 0.010704141
1019 738 5 15 0.010702505
204 618 13 14 0.010701909
228 120 10 11 0.0107003935
643 301 23 28 0.010697899
550 151 18 24 0.010697328
212 697 13 16 0.010696284
96 511 16 20 0.010695552
726 352 34 40 0.010694671
99 654 54 49 0.010694562
371 292 19 26 0.01069351
149 416 21 31 0.010693481
740 420 81 104 0.010691533
574 316 8 11 0.0106900195
730 430 22 30 0.010689881
475 636 11 14 0.0106898425
586 415 17 23 0.010689379
695 647 78 94 0.010689337
43 307 9 13 0.010689221
424 376 12 19 0.010687391
138 111 14 14 0.010685928
768 312 21 25 0.010683905
422 407 14 19 0.010682234
882 673 20 25 0.01068213
0 198 5 13 0.010681986
7 279 12 19 0.010679174
273 460 20 21 0.010678853
945 0 19 14 0.01067826
226 474 6 9 0.010675871
209 154 73 103 0.010674592
557 444 28 34 0.010673536
20 723 59 45 0.010673102
984 347 14 18 0.010671107
15 602 10 15 0.010668553
876 73 23 32 0.010667178
527 83 75 106 0.010665135
34 317 12 13 0.010664944
1006 137 9 10 0.010664629
701 697 11 14 0.010656947
891 59 24 29 0.010656499
632 288 10 12 0.010655925
253 324 7 11 0.010655543
108 723 60 45 0.010655414
497 129 77 109 0.010655366
277 292 10 13 0.01065527
693 509 85 114 0.010654324
153 95 8 13 0.010654279
19 0 27 17 0.0106535265
555 482 50 63 0.010651956
45 59 25 28 0.010651397
604 293 10 13 0.0106482385
977 725 16 21 0.0106473975
1020 332 4 19 0.0106416885
705 548 8 9 0.010641263
896 32 42 55 0.010640333
0 572 5 12 0.010639775
373 182 21 27 0.010637537
393 215 19 24 0.010636579
653 282 7 10 0.010635963
1019 130 5 15 0.01063495
925 677 45 58 0.0106347855
235 34 14 15 0.010634645
146 707 8 10 0.010632291
577 340 25 31 0.010630215
559 320 21 28 0.010629038
326 457 11 20 0.010628785
726 260 25 29 0.010628621
723 537 10 15 0.010627113
499 731 14 18 0.010623497
854 48 79 97 0.010623416
379 341 22 31 0.010623276
299 400 19 25 0.010616743
17 569 13 18 0.010616514
718 286 8 10 0.010611702
325 47 11 16 0.01061136
453 563 45 56 0.010609931
656 277 13 16 0.010607937
817 216 82 107 0.010607212
997 226 10 11 0.010605522
629 681 11 15 0.010605357
252 343 7 11 0.010604106
669 631 40 53 0.010602347
542 68 9 15 0.010599603
1016 7 8 19 0.01059953
274 335 79 106 0.010599228
954 134 22 31 0.010598535
826 432 122 154 0.010596894
687 537 12 16 0.0105963
79 0 20 15 0.0105946595
300 158 13 16 0.01059449
689 558 19 26 0.010594447
195 0 14 13 0.010592805
381 0 12 9 0.010591674
384 348 8 11 0.010591028
646 512 43 53 0.010588669
842 151 73 72 0.010586918
604 377 7 12 0.01058625
538 632 84 122 0.010585474
742 323 120 157 0.010584821
595 89 13 18 0.010584608
685 709 20 24 0.010583778
460 301 11 16 0.010583717
668 0 31 32 0.010582653
294 119 84 115 0.010582231
665 599 21 29 0.0105787
88 523 21 25 0.010578039
754 358 28 29 0.0105770845
500 631 12 17 0.010576895
265 279 18 26 0.010576011
109 98 51 64 0.010574913
394 329 11 14 0.010574392
336 329 7 9 0.010574103
372 25 9 11 0.010573597
241 339 20 26 0.010571521
610 312 9 12 0.010571504
351 316 11 14 0.010570695
96 346 53 66 0.010568815
120 658 48 64 0.010565946
483 620 20 26 0.010564718
779 0 16 12 0.010564371
493 695 10 16 0.010563369
601 248 16 21 0.010562518
516 462 18 24 0.010561923
762 650 82 97 0.010559907
894 391 20 25 0.010556219
235 453 7 10 0.010556159
639 681 23 25 0.010554278
689 352 63 82 0.010553903
627 351 12 14 0.010552551
907 329 33 37 0.010552216
360 193 13 17 0.010551497
524 167 74 105 0.010550341
707 277 15 20 0.010550216
681 280 24 27 0.010548762
282 325 9 11 0.010548556
292 723 57 45 0.010547961
300 337 13 15 0.010546871
806 501 46 65 0.010545259
897 342 16 20 0.010544844
308 303 8 11 0.01054443
810 615 23 31 0.010544126
471 740 18 28 0.010543599
844 77 35 46 0.010538684
595 45 15 20 0.010537481
610 388 12 16 0.010536122
370 348 10 12 0.010534943
640 728 53 40 0.010534771
577 460 14 20 0.010534122
621 304 42 54 0.010533795
384 362 10 13 0.010530769
703 686 8 11 0.01053061
357 26 46 57 0.01052955
919 375 14 17 0.0105294855
394 340 10 14 0.010527703
1007 35 17 40 0.010527123
368 311 11 14 0.010525352
158 135 37 48 0.010521009
289 338 9 13 0.01052039
518 289 11 14 0.010518422
569 295 11 16 0.010517216
72 252 9 12 0.010513507
635 687 22 28 0.010513484
895 322 26 31 0.010513253
986 258 24 26 0.010512554
185 121 9 11 0.01051189
224 472 16 21 0.01051067
352 105 23 33 0.010510294
421 642 21 26 0.010508764
56 363 16 15 0.010508152
978 729 10 13 0.010507573
388 366 10 16 0.010507362
312 57 11 15 0.010507196
553 505 53 66 0.010504479
597 275 7 9 0.010502207
683 553 19 25 0.010500932
587 42 13 18 0.010499863
47 324 36 44 0.010497945
995 322 14 15 0.010497428
0 216 12 34 0.010496441
989 225 11 18 0.010495698
592 278 12 16 0.010495383
272 291 8 13 0.010495131
508 269 126 156 0.010494456
928 437 39 62 0.01049328
513 436 14 21 0.0104923565
1000 34 10 15 0.010492113
877 58 10 12 0.010490923
548 20 73 95 0.0104880985
55 467 47 66 0.010487369
52 285 16 21 0.010482331
549 135 31 39 0.0104814945
971 261 24 30 0.010481356
541 636 10 14 0.010480124
293 329 15 19 0.010479356
473 88 9 13 0.010477328
925 628 46 60 0.01047712
36 181 16 20 0.0104767345
393 347 11 12 0.010476495
499 400 10 15 0.010473162
760 565 40 58 0.010472584
747 366 6 9 0.010471191
227 310 15 18 0.010470966
524 268 20 28 0.010470407
262 323 35 44 0.010470132
610 77 79 111 0.010468603
29 71 65 78 0.010468057
703 546 21 28 0.010466998
692 452 48 56 0.01046606
370 22 8 10 0.010462288
506 86 10 11 0.010462199
33 598 25 31 0.010462159
294 385 16 18 0.01045893
92 101 9 10 0.010457389
312 349 12 16 0.010457262
680 484 23 30 0.010455212
115 387 86 114 0.010454745
425 88 78 106 0.010453716
230 489 50 57 0.010453029
768 0 15 12 0.010453024
490 299 11 14 0.010450681
1019 710 5 15 0.010449427
786 588 140 161 0.010446684
160 336 21 28 0.010444797
630 297 9 10 0.01044375
191 24 68 86 0.010443545
741 341 12 19 0.010443328
549 378 62 84 0.010442989
47 453 46 60 0.010442352
631 413 8 11 0.010441611
107 628 27 36 0.010440616
506 355 140 182 0.010439796
192 73 55 74 0.010438562
356 120 12 16 0.01043632
425 359 5 10 0.01043631
997 259 17 19 0.010435515
656 561 10 11 0.010433984
240 721 8 9 0.01043294
936 651 22 28 0.010432632
562 488 75 96 0.010431691
311 145 12 17 0.010431428
420 422 15 37 0.010430958
855 744 8 10 0.010429831
925 208 36 47 0.010427973
926 329 75 97 0.010427942
0 470 8 15 0.01042792
461 8 15 25 0.01042742
716 0 41 31 0.010426937
571 267 10 13 0.010426859
513 652 15 20 0.010426153
228 276 20 22 0.010424863
984 125 40 71 0.0104245525
609 52 13 20 0.0104235625
68 219 21 26 0.010423121
1018 616 6 17 0.010421693
819 185 40 75 0.010421632
758 550 104 123 0.010420271
821 325 9 13 0.010419569
315 195 12 13 0.010419533
435 40 69 96 0.010419386
176 114 17 19 0.010417569
598 358 18 27 0.010417278
302 3 9 13 0.0104170395
706 204 54 67 0.0104162125
299 12 50 67 0.01041499
364 37 10 12 0.010414966
804 0 11 11 0.010409223
108 0 28 16 0.010408698
394 335 11 13 0.010408032
290 368 44 62 0.010407195
775 240 53 70 0.01040532
253 340 20 25 0.010404443
0 546 25 69 0.010402827
449 24 15 21 0.010402638
577 362 18 23 0.0104021095
382 352 16 26 0.010400951
158 373 119 150 0.010400929
843 104 59 79 0.01039968
253 246 32 52 0.010397677
375 324 32 46 0.010397634
645 271 11 17 0.010397112
64 298 14 15 0.010396006
600 391 32 36 0.010395928
832 348 10 14 0.010393669
4 596 24 33 0.010392409
1007 515 17 42 0.010390503
214 679 20 29 0.010387627
211 250 11 19 0.0103873825
643 402 43 44 0.01038727
860 582 46 60 0.01038564
75 443 46 56 0.010384828
0 183 11 19 0.010379757
375 26 11 12 0.010378857
155 532 24 30 0.010375484
676 475 23 30 0.010374384
724 407 48 58 0.010374208
12 589 11 13 0.010372885
173 523 26 31 0.010372841
623 279 9 13 0.010371282
0 261 5 13 0.010370271
698 565 10 14 0.010369795
252 458 25 29 0.010369692
141 635 26 31 0.010367028
579 268 30 39 0.010364233
345 331 23 29 0.010362865
995 112 9 11 0.010362176
649 87 46 60 0.010361793
797 341 13 17 0.010360395
925 270 73 84 0.010359951
159 477 83 105 0.010359948
156 710 7 9 0.010357392
4 274 8 11 0.010357163
694 0 19 15 0.010357125
0 610 10 23 0.010355809
129 276 54 62 0.010354466
289 391 31 38 0.010354235
1000 97 8 11 0.010352702
198 279 18 23 0.010351448
75 380 48 64 0.010351211
443 528 47 79 0.010350736
631 0 24 22 0.010350225
615 312 22 32 0.010349039
649 407 15 15 0.010348505
425 0 20 12 0.010348488
653 252 17 23 0.01034827
577 272 20 24 0.010348256
377 346 15 24 0.01034778
590 426 12 16 0.010347159
153 95 20 23 0.010344529
469 44 32 41 0.01034434
506 725 59 43 0.010343093
924 79 25 33 0.010342099
627 287 7 10 0.010340054
589 316 8 9 0.0103394985
145 409 46 57 0.010339452
315 48 12 16 0.010338712
1006 742 7 10 0.010336922
569 355 13 18 0.0103363525
46 313 14 18 0.01033344
637 315 22 29 0.010333369
0 15 18 30 0.010332847
314 400 11 19 0.010331758
997 225 20 27 0.010330005
7 356 61 90 0.010329359
287 317 17 22 0.010328934
421 362 11 17 0.010328135
719 283 12 14 0.010327862
427 352 8 12 0.010327808
989 224 18 29 0.0103258565
408 347 10 12 0.010325313
698 561 21 28 0.010325301
440 558 21 35 0.010323455
568 426 18 20 0.010319596
143 3 68 69 0.010316618
44 271 11 17 0.010315294
370 167 27 34 0.010314987
501 471 11 14 0.010314894
615 545 20 29 0.010314071
146 95 16 15 0.010313683
927 454 10 11 0.010312477
491 67 8 12 0.01031015
335 346 44 59 0.010309251
442 0 27 29 0.01030713
770 641 13 16 0.01030426
303 153 12 17 0.010304183
585 287 13 15 0.010303451
346 316 11 14 0.010302617
381 355 7 10 0.0103022065
880 343 17 20 0.010301514
123 0 13 12 0.0103009995
714 129 44 65 0.010299912
503 374 10 12 0.010296723
336 241 41 63 0.010296076
659 593 21 30 0.010294968
608 309 10 11 0.010294636
624 530 23 32 0.01029409
238 630 13 17 0.010292777
923 371 13 15 0.010292419
573 445 13 14 0.010291403
614 34 21 31 0.010290964
270 485 13 16 0.010289665
81 175 15 17 0.01028945
626 27 21 30 0.010286628
1018 608 6 17 0.010286051
888 332 49 54 0.010285769
892 142 48 54 0.010285563
0 449 21 30 0.010283476
136 109 41 49 0.010283284
703 689 22 27 0.010282978
289 51 26 33 0.010282917
250 131 42 52 0.010280076
806 0 40 32 0.010278712
534 266 10 13 0.010278066
15 281 15 21 0.010276516
581 346 9 11 0.010274307
323 144 12 17 0.010274123
202 324 22 26 0.010273953
351 4 12 17 0.0102735935
1001 519 13 20 0.010270382
1019 583 5 17 0.010269782
951 0 41 30 0.0102695795
0 296 3 10 0.010266111
799 0 9 11 0.010265743
469 9 23 32 0.010264448
317 355 13 16 0.010262893
935 424 18 32 0.010262608
945 704 10 13 0.010262168
490 604 12 17 0.0102619
985 723 7 9 0.010261079
754 623 34 45 0.010260892
553 59 15 18 0.010260317
324 543 140 181 0.010259599
146 722 62 46 0.01025943
0 408 22 36 0.01025908
684 563 13 16 0.010258296
3 516 43 64 0.010250309
617 28 15 20 0.010249692
241 0 55 41 0.010249671
1005 482 19 33 0.010248826
559 42 21 28 0.010248509
13 699 35 44 0.010247864
66 69 11 12 0.0102478545
31 356 81 103 0.010247531
861 351 22 29 0.010247204
967 690 21 27 0.010247108
267 0 26 18 0.010247022
335 357 11 14 0.010246358
271 325 10 13 0.010246157
684 700 12 17 0.010245494
1015 710 9 19 0.010245039
736 530 32 41 0.01024481
236 327 13 13 0.010243926
529 421 25 33 0.010243788
255 704 87 64 0.010242621
676 263 77 90 0.010242583
929 289 39 50 0.010242261
627 295 9 10 0.010242085
775 312 14 14 0.010241871
701 0 16 12 0.010241061
883 383 10 14 0.0102386
1000 705 12 17 0.010238435
829 689 12 13 0.010238371
903 382 24 27 0.010235739
250 24 11 16 0.0102352435
664 382 102 127 0.010231422
523 305 34 39 0.010231035
522 307 15 18 0.010229461
915 280 42 52 0.010228587
625 543 22 30 0.010227529
976 439 16 33 0.010227461
611 474 73 95 0.010227147
354 22 12 15 0.010226706
925 441 13 16 0.010226512
594 69 11 16 0.01022606
906 429 78 125 0.010226051
365 116 11 17 0.010225037
807 433 93 127 0.010223667
0 704 3 10 0.010222824
60 268 13 20 0.010222277
60 0 11 9 0.010221304
294 352 10 13 0.010221115
290 355 12 14 0.010219406
635 248 7 9 0.010218307
61 63 14 16 0.010218089
258 296 63 82 0.010218003
407 16 33 40 0.010217198
297 338 20 24 0.01021644
254 40 48 70 0.010216202
659 571 21 29 0.01021617
473 405 8 11 0.010215633
792 624 23 32 0.0102155525
993 336 22 27 0.010214771
1019 560 5 17 0.0102134375
882 584 45 63 0.010212698
466 198 14 17 0.010212034
489 452 11 17 0.010211587
686 725 12 15 0.010210637
37 620 97 126 0.010208985
975 424 9 13 0.010206968
149 527 24 29 0.010206733
798 312 10 13 0.010205168
226 0 16 9 0.01020453
205 288 14 18 0.010204399
591 369 13 16 0.010203034
43 327 9 11 0.010202315
627 171 35 49 0.010201854
715 424 46 55 0.010201121
148 647 24 31 0.010200822
1002 67 11 16 0.010200613
554 15 45 61 0.010199507
68 105 78 101 0.010198112
687 719 10 9 0.010194183
574 51 13 16 0.01019401
832 27 79 95 0.0101939
563 267 39 50 0.010193075
502 354 12 15 0.01019289
656 543 21 27 0.01019147
913 59 46 63 0.010189298
5 125 32 42 0.010189118
173 0 14 14 0.010188235
220 493 12 14 0.01018816
717 619 38 47 0.010187555
875 325 20 25 0.010186766
653 383 66 79 0.010186671
662 225 25 29 0.010185638
318 42 11 17 0.010183326
618 525 23 32 0.010180758
842 744 8 10 0.010178668
21 284 13 20 0.010178459
735 211 49 62 0.010177759
827 336 11 16 0.010176676
622 366 19 24 0.010175243
923 92 25 34 0.01017477
311 339 9 10 0.010174591
721 491 81 111 0.010168667
719 708 21 27 0.010168536
505 62 18 26 0.01016817
394 293 14 19 0.010167868
667 660 57 74 0.010167229
573 0 38 26 0.010167167
601 301 17 23 0.010166929
137 511 43 59 0.010166179
0 750 14 18 0.010164474
575 641 36 58 0.010163451
0 539 9 16 0.010161447
200 288 13 18 0.010161345
249 69 43 56 0.010159352
934 706 9 12 0.010159102
939 662 43 59 0.010158956
661 11 45 66 0.010158837
949 99 19 26 0.010158751
537 653 44 65 0.010157797
407 321 12 15 0.010157685
256 427 21 28 0.010157393
848 616 24 32 0.010156258
309 61 12 16 0.010154867
564 327 30 39 0.010152887
289 161 13 16 0.010152154
350 320 13 17 0.01015055
978 439 13 19 0.010150009
977 253 15 21 0.010149294
493 100 13 14 0.010148451
215 252 9 13 0.010145038
0 254 6 12 0.010144254
720 719 7 9 0.010143215
739 331 23 30 0.01014019
265 274 31 42 0.010139024
228 592 14 20 0.0101388525
306 332 8 9 0.010136965
526 236 58 78 0.0101363165
603 365 19 23 0.0101362765
502 724 11 15 0.010133687
821 6 48 61 0.010131859
928 147 15 22 0.0101318415
895 726 8 9 0.010131835
352 0 21 16 0.010128882
501 111 12 17 0.010128425
51 357 11 11 0.010127133
140 416 85 114 0.010127079
632 279 10 13 0.010127045
900 0 20 16 0.010124677
7 316 27 34 0.010120788
334 23 12 16 0.010120548
1009 535 15 37 0.010120213
606 18 12 15 0.010120186
188 99 72 105 0.010119377
0 274 4 10 0.010118838
47 33 47 56 0.010117283
84 360 51 63 0.010116081
87 593 24 32 0.010115146
278 149 20 27 0.010113614
263 181 15 27 0.010111736
273 243 40 57 0.010111583
320 139 12 17 0.010111515
1006 722 7 10 0.010111485
226 277 15 16 0.010109564
507 447 12 21 0.010108798
304 1 11 13 0.010108214
814 502 68 83 0.010107715
466 638 14 21 0.010106436
647 569 8 9 0.01010573
564 609 77 116 0.01010541
718 255 26 29 0.010104881
218 267 7 11 0.01010277
836 591 44 59 0.010101393
1011 213 10 14 0.0100995945
612 590 76 107 0.010098913
693 293 24 24 0.010097885
670 269 13 17 0.010097557
44 70 22 24 0.010097111
1021 4 3 13 0.010096486
487 731 10 12 0.010096266
336 36 8 11 0.010094774
632 291 35 42 0.010093658
527 337 36 40 0.010093183
681 467 43 60 0.010092441
944 748 7 9 0.010092097
537 227 189 249 0.010090551
273 481 20 26 0.010089994
43 435 22 27 0.01008931
361 315 14 17 0.010089147
257 278 20 29 0.010086667
676 642 22 31 0.010086365
25 201 17 20 0.010085431
574 76 11 18 0.010085228
291 341 10 13 0.01008507
213 717 18 25 0.010084981
831 562 81 106 0.0100802155
596 525 13 16 0.010076756
467 68 23 30 0.01007552
802 623 25 33 0.010074753
3 608 8 10 0.010074402
416 724 63 44 0.010074009
100 603 60 74 0.010073367
610 296 8 10 0.010073185
120 361 44 56 0.010072037
34 188 42 51 0.010070401
854 75 11 12 0.010070355
597 30 36 50 0.0100674685
291 658 58 72 0.0100636855
698 570 22 30 0.010063363
850 74 21 28 0.010062873
313 82 11 11 0.010062462
598 334 18 21 0.010061522
738 259 27 28 0.010060606
399 402 10 24 0.010059849
990 258 15 19 0.010059702
132 349 267 353 0.010056213
172 89 7 12 0.010055804
0 203 4 12 0.010054688
168 157 31 35 0.010053871
807 0 16 12 0.010053519
520 70 21 28 0.010053417
308 150 13 17 0.010053083
743 354 8 11 0.01005218
527 405 29 33 0.010052113
586 301 19 23 0.010052108
841 607 23 32 0.010050585
1000 509 14 16 0.010049571
221 605 15 19 0.010049539
306 65 12 15 0.010049235
665 688 8 10 0.010048851
869 364 53 63 0.010048543
194 609 35 41 0.0100475
1012 31 12 19 0.010046433
531 374 31 39 0.010043694
313 705 90 63 0.01004208
395 99 12 17 0.010041863
588 328 13 18 0.010040878
482 24 13 16 0.010040453
696 394 21 26 0.010039702
113 498 18 26 0.010038856
610 0 20 14 0.010038761
240 333 13 15 0.010038734
238 238 30 44 0.01003833
893 636 23 32 0.01003818
512 185 12 17 0.010037822
81 614 96 117 0.010037485
582 454 40 45 0.010036968
216 244 36 49 0.010036244
101 324 50 60 0.010033985
427 266 39 57 0.010033332
647 594 20 28 0.010032943
164 172 9 10 0.010030933
896 78 13 17 0.010030803
224 471 27 32 0.01002963
855 357 24 30 0.010029033
411 151 21 27 0.01002556
67 464 17 22 0.010025525
522 603 21 27 0.010025074
791 9 50 69 0.010023714
429 412 7 9 0.010022445
398 329 18 23 0.010020888
390 369 6 9 0.010020646
230 336 24 30 0.0100205075
483 300 10 15 0.010020121
711 672 24 29 0.010019899
895 331 17 22 0.0100192325
873 328 46 52 0.010016788
398 308 17 21 0.010015448
725 384 46 55 0.0100152735
46 268 18 24 0.010015268
224 486 21 25 0.0100131435
230 588 20 29 0.01001229
52 375 18 21 0.0100117205
328 31 12 16 0.010010927
391 725 63 43 0.010009821
714 285 11 14 0.010007948
66 252 25 31 0.010006602
851 403 41 51 0.010005857
460 623 15 22 0.010005676
374 353 7 11 0.010004641
198 307 21 31 0.010004316
316 347 14 19 0.0100041
621 257 7 9 0.010002139
634 292 70 88 0.010001993
55 375 48 56 0.010001809
358 346 44 59 0.010001376