3_Riot_Riot_3_101
3441
722 327 58 76 0.6231129
785 66 49 48 0.55031157
23 264 41 45 0.5258883
78 231 33 24 0.48032525
426 282 45 56 0.46079057
178 63 50 42 0.42741874
160 68 84 77 0.26457396
554 233 50 62 0.21586107
576 242 33 49 0.20810889
947 21 23 38 0.19643754
434 286 58 67 0.18360683
103 396 45 40 0.17753707
699 10 43 62 0.1667987
487 37 29 21 0.15458363
496 248 43 55 0.14017203
284 106 46 69 0.13937555
4 260 42 57 0.13794382
192 65 47 60 0.13657703
669 127 39 53 0.12441504
840 247 53 56 0.12134084
406 289 45 51 0.12035547
439 289 28 39 0.11908855
8 269 56 68 0.11899891
152 0 65 49 0.114820756
633 130 47 51 0.11443317
40 269 28 38 0.11133599
181 226 44 42 0.11010398
539 223 49 61 0.10948881
507 235 58 61 0.108244285
535 242 61 67 0.108009286
855 234 50 62 0.10751093
792 81 34 31 0.10546243
261 0 48 43 0.101800606
0 272 41 77 0.09983571
21 282 31 28 0.099448055
460 278 52 66 0.094636045
116 176 35 38 0.09229261
160 15 67 65 0.09025285
648 130 50 59 0.08939726
163 43 57 56 0.08823288
746 23 34 59 0.08759785
620 137 44 63 0.08758935
482 269 40 57 0.087028064
885 230 58 76 0.086496904
146 74 39 49 0.086141065
909 191 46 38 0.08557846
768 76 56 50 0.08373621
146 134 33 44 0.08138624
203 78 50 62 0.08012435
833 237 40 54 0.079975724
24 290 28 33 0.07802469
421 297 40 58 0.07708447
0 266 26 49 0.07705045
559 243 32 42 0.076982886
769 0 50 43 0.075616024
490 260 54 70 0.074779354
144 113 38 52 0.07470418
708 305 85 117 0.07378203
492 243 29 53 0.07324197
904 207 63 82 0.07292832
937 9 36 44 0.072824486
1006 0 18 29 0.07223828
859 245 27 38 0.07146473
268 0 34 25 0.07099089
871 231 52 56 0.07009127
350 316 62 87 0.06882987
706 475 38 54 0.06877502
0 488 33 77 0.0683085
410 291 26 34 0.06760391
147 83 50 63 0.066856794
954 121 43 61 0.06617523
441 273 39 56 0.06595599
543 255 62 86 0.0654407
193 91 47 62 0.06538606
543 288 44 60 0.06534904
941 109 33 51 0.065160945
695 19 31 44 0.06497725
697 461 39 52 0.0644531
32 246 43 55 0.064337604
729 14 14 14 0.06404024
139 3 54 61 0.06346039
975 120 49 83 0.06326203
180 80 49 53 0.063050136
281 0 49 49 0.06275086
67 228 41 41 0.062464263
546 200 60 75 0.061996665
625 125 39 47 0.061357994
750 0 52 59 0.061065014
777 76 32 29 0.06100473
760 52 52 57 0.060864914
588 259 22 31 0.060728885
513 254 38 48 0.060392175
850 0 28 20 0.06017182
557 1 41 59 0.059951905
569 226 59 76 0.058692273
679 2 46 59 0.058577213
631 149 48 58 0.057946462
736 346 55 70 0.057894424
26 279 52 72 0.057853658
194 70 30 31 0.05784278
138 25 63 76 0.05669319
701 2 32 45 0.056424633
274 129 55 70 0.056301046
185 209 52 53 0.056290444
712 4 35 40 0.05627811
791 42 56 67 0.055771932
620 7 44 52 0.055598676
975 10 30 45 0.0555901
774 0 68 61 0.0555279
760 9 67 77 0.054936882
497 228 43 54 0.0549345
910 1 48 43 0.054933812
197 55 34 41 0.054293312
813 0 27 22 0.05411827
20 270 28 32 0.053775825
163 71 56 49 0.05364652
182 0 53 46 0.053295206
699 332 49 55 0.053043995
239 1 53 47 0.05264989
750 30 51 67 0.05261775
892 0 49 39 0.052387327
563 183 60 72 0.05227141
36 261 53 70 0.052046023
176 200 45 52 0.051952112
75 216 44 43 0.05150933
209 70 30 41 0.05100815
0 240 33 61 0.050692335
568 258 36 51 0.050405372
952 7 39 44 0.04989101
737 2 40 55 0.0497712
721 13 39 58 0.049685456
0 283 25 54 0.04924842
785 593 36 43 0.049098007
786 0 49 33 0.049081802
152 25 86 94 0.048985165
733 294 63 90 0.04882808
118 188 38 46 0.048689004
77 2 42 48 0.048663467
491 288 25 26 0.048617125
576 180 41 42 0.048516113
884 180 71 68 0.048425287
124 131 34 38 0.048288338
52 365 43 50 0.0481992
944 0 36 39 0.047977883
920 0 30 22 0.047891606
669 104 45 61 0.047814872
422 290 29 34 0.047656987
178 71 33 28 0.04752721
164 212 47 52 0.04750202
503 272 72 85 0.047164146
940 0 26 25 0.046592295
1001 46 8 10 0.046518244
467 271 33 43 0.046486054
943 0 14 12 0.04624713
254 83 71 93 0.046225548
0 217 50 73 0.045928326
606 0 50 45 0.04584691
790 71 63 62 0.045667768
829 0 29 24 0.04561441
872 0 46 38 0.0454477
811 0 44 42 0.044841655
947 28 16 24 0.044831306
578 232 17 20 0.044817913
865 241 35 39 0.0448115
867 261 53 66 0.044648744
93 3 46 49 0.044524387
478 25 35 35 0.044431265
544 248 33 39 0.04442747
193 28 66 76 0.044357467
568 235 21 25 0.04415964
952 53 37 42 0.044084918
721 1 26 28 0.044029336
879 0 28 22 0.04386583
168 90 55 61 0.043854043
867 0 29 24 0.04367193
78 230 20 17 0.0436619
445 279 25 36 0.043544516
154 170 13 16 0.043517932
830 0 41 39 0.043489765
692 29 39 53 0.043431707
999 3 25 43 0.043374788
951 36 36 43 0.043306794
919 173 48 55 0.043274753
520 261 49 56 0.042971406
693 291 74 100 0.042865593
526 0 57 42 0.042817716
559 0 25 19 0.04242253
667 10 41 60 0.042355422
936 122 45 65 0.04223609
414 262 46 63 0.042109583
217 132 45 49 0.04158932
137 132 27 32 0.04158366
116 2 63 74 0.041426618
279 173 44 44 0.04125889
33 289 24 22 0.041163426
536 249 26 40 0.041107744
849 0 43 38 0.04110305
87 100 11 17 0.041004494
239 375 85 92 0.04092531
205 70 77 90 0.04081687
224 158 15 22 0.040747687
616 162 47 54 0.040537678
842 197 73 85 0.040483054
36 495 42 57 0.040401388
962 104 55 68 0.040354155
755 0 43 31 0.04027103
53 257 41 51 0.040150184
528 263 30 38 0.040127736
127 394 50 50 0.040061038
590 2 56 67 0.03998743
264 3 62 74 0.03983712
3 290 63 88 0.03970537
88 230 45 41 0.03964654
935 86 37 50 0.03960411
295 618 47 21 0.039454374
574 198 66 82 0.039316177
96 423 48 58 0.039201267
993 108 31 71 0.039056465
109 123 41 46 0.039022278
317 330 87 104 0.03891652
795 55 33 48 0.038821448
345 253 39 47 0.03865516
109 401 50 57 0.038623977
743 358 34 45 0.03856798
454 277 38 46 0.03851612
254 0 39 32 0.038354035
262 120 51 61 0.038285583
155 148 38 47 0.038253147
961 15 38 48 0.038224522
737 31 30 48 0.038208783
317 403 60 70 0.0381001
498 270 31 42 0.038054485
212 97 50 60 0.038047783
552 257 32 44 0.038044382
433 303 28 35 0.03798744
939 53 38 47 0.037981674
718 17 26 35 0.037894662
957 0 27 23 0.037747294
371 279 62 88 0.037699714
98 194 40 44 0.037564065
899 0 32 24 0.03742071
1003 65 21 31 0.037407454
548 242 11 13 0.037287727
121 144 32 44 0.037039183
84 387 63 62 0.037034992
413 307 29 44 0.037033297
104 160 37 46 0.03693614
198 153 42 44 0.03678403
738 57 49 61 0.03678285
957 0 14 10 0.03677033
138 142 43 55 0.036769766
196 132 46 51 0.036734506
520 0 75 74 0.03665588
958 131 22 32 0.036514368
707 33 44 52 0.03646028
279 69 60 98 0.03615913
0 454 37 55 0.036075365
103 134 39 47 0.03606701
936 0 15 9 0.035963446
884 204 50 60 0.0358257
751 0 26 23 0.03579129
885 0 16 9 0.03570032
146 110 58 73 0.035458468
587 189 44 49 0.035392296
276 384 97 96 0.03533617
181 417 46 53 0.035298355
55 384 44 54 0.035296727
0 2 50 69 0.035176706
188 77 30 31 0.03507037
153 137 23 23 0.035068747
813 235 67 75 0.03505083
894 55 39 50 0.035026025
655 2 42 50 0.035005197
35 60 59 75 0.034985274
119 209 41 49 0.03495163
583 268 24 38 0.034787104
397 278 40 57 0.03463031
729 18 8 9 0.0344865
600 141 74 85 0.034450002
127 31 34 54 0.034349237
492 290 48 64 0.03419405
884 0 70 64 0.03418758
276 445 38 46 0.03408313
185 106 68 77 0.034025114
808 0 19 13 0.033962697
713 495 34 40 0.033828173
681 455 58 82 0.033803258
311 0 49 50 0.03372548
830 256 38 48 0.033488095
216 1 47 49 0.033467516
975 36 32 46 0.033385873
769 90 38 46 0.0333567
200 417 47 54 0.033270832
578 235 20 30 0.03319335
569 5 44 70 0.033126816
172 168 53 66 0.033117525
294 107 60 83 0.033025805
929 0 29 33 0.03299456
709 347 50 58 0.032993644
218 61 20 35 0.032935552
33 287 29 44 0.032922454
160 193 45 55 0.03288735
982 23 11 15 0.032885026
636 15 18 23 0.032874934
291 0 31 27 0.03285791
922 203 31 27 0.03281106
102 178 37 40 0.0327613
862 262 35 41 0.032743677
949 37 19 31 0.032652277
503 193 73 83 0.032598015
519 244 30 41 0.0325957
496 30 30 27 0.032566752
616 145 33 47 0.0325496
672 79 45 54 0.032549247
991 144 33 85 0.032393895
580 253 54 73 0.032372557
560 397 47 49 0.032361154
726 365 50 62 0.032274995
409 279 23 34 0.032045066
164 233 70 80 0.031965427
859 261 24 32 0.031823643
569 5 332 282 0.03181386
784 11 71 73 0.031809863
12 28 67 104 0.031787492
790 419 38 54 0.031718004
680 119 44 56 0.031648047
892 0 18 10 0.03161911
579 166 64 69 0.031594876
322 277 84 112 0.031574707
189 130 42 37 0.03155431
198 0 36 29 0.03152665
696 0 25 30 0.03152289
229 20 30 32 0.031467423
903 285 61 99 0.03145659
92 18 50 61 0.031440575
465 269 23 30 0.03138265
936 27 25 35 0.031378202
958 139 29 51 0.03132437
208 453 49 56 0.031318415
3 281 35 30 0.031305496
509 268 31 43 0.031300057
508 254 31 30 0.031226372
754 326 57 67 0.03121264
829 52 41 53 0.031207046
489 10 44 48 0.03119704
1004 48 8 10 0.031157987
865 4 58 59 0.031122223
110 164 52 66 0.031117285
423 239 63 92 0.031095512
17 299 38 57 0.030962572
435 313 38 48 0.030958312
449 311 48 59 0.030905044
528 231 38 49 0.030850872
177 153 45 48 0.030825203
629 166 28 38 0.030740011
183 47 32 42 0.030709697
458 278 13 19 0.030636089
0 315 43 61 0.030633131
950 0 13 10 0.030497955
638 14 33 48 0.030430295
37 213 45 50 0.03042148
15 292 30 42 0.03038738
148 169 22 25 0.030307528
872 207 93 120 0.030277014
213 0 26 23 0.030222813
888 26 55 65 0.030139428
720 11 23 24 0.030088207
489 35 41 33 0.030034732
960 0 41 38 0.03003114
866 254 27 35 0.030020708
933 13 49 66 0.030012734
35 198 44 46 0.029989406
827 329 68 93 0.029959502
28 292 20 18 0.029896239
39 383 43 58 0.02988365
27 311 65 87 0.0298831
153 407 53 56 0.029875344
149 59 48 49 0.029841138
610 113 36 57 0.02981789
851 268 46 66 0.02979283
148 158 62 81 0.029765628
832 208 40 62 0.029731402
1 195 42 54 0.029588599
1 42 39 70 0.029586198
824 248 31 39 0.029552465
145 429 22 32 0.029530691
900 383 124 256 0.029521054
280 420 49 58 0.029508818
549 309 30 33 0.029499168
264 453 40 44 0.02936959
402 297 26 36 0.02932258
241 22 13 16 0.029299742
786 87 55 67 0.029257959
683 330 40 51 0.029242465
208 37 36 52 0.029206604
841 0 27 17 0.029153764
203 4 68 73 0.029080495
917 27 41 51 0.029043669
687 95 44 56 0.02902236
634 106 45 57 0.028918903
849 252 29 33 0.028893452
693 600 26 22 0.028862828
95 448 42 51 0.028775973
0 371 34 56 0.02876768
651 2 10 11 0.02871345
569 271 46 69 0.02870785
337 222 49 60 0.028703934
417 281 25 36 0.028692655
871 170 61 56 0.028669162
927 99 33 50 0.028557388
992 36 16 27 0.028556146
473 247 34 50 0.02855497
909 162 46 55 0.02848328
797 0 29 19 0.028434306
633 134 74 90 0.028413977
475 285 32 27 0.028395908
31 276 23 28 0.028387677
592 244 36 49 0.028352605
304 0 25 24 0.028319081
992 606 32 33 0.028309813
503 0 53 44 0.028303029
0 403 38 65 0.028295582
124 177 62 78 0.028238693
0 604 50 35 0.0282329
127 150 22 28 0.028150432
34 0 51 51 0.028134054
445 298 34 46 0.02812338
359 259 28 32 0.028123114
195 229 49 42 0.028114079
646 343 22 21 0.028110243
205 185 42 60 0.028088685
452 275 26 36 0.028088259
924 175 20 21 0.028086286
393 297 39 61 0.02808324
843 157 81 82 0.028054604
65 361 37 39 0.028040184
981 40 22 30 0.028025867
118 0 40 52 0.028015416
541 263 32 39 0.028001038
608 0 36 27 0.027999537
561 237 23 30 0.027989587
838 0 65 56 0.02793516
133 143 32 40 0.027933557
800 415 23 30 0.027919158
904 203 45 40 0.027821241
944 72 47 60 0.027792493
650 152 47 60 0.027770605
729 74 64 79 0.027666818
479 3 43 45 0.027650591
222 11 69 81 0.027648997
988 47 31 42 0.027641794
78 150 37 53 0.027617969
219 108 67 79 0.027585464
158 448 43 52 0.027568188
119 230 45 52 0.027566295
50 275 30 38 0.02753107
522 171 82 82 0.02752401
15 198 46 48 0.027507687
643 71 66 87 0.027394008
112 422 38 42 0.027384497
558 0 205 186 0.027365528
0 169 38 55 0.027335662
775 58 26 36 0.027321858
24 65 43 65 0.027274165
126 208 28 26 0.027216231
968 45 44 56 0.027127322
762 312 262 327 0.027120372
605 50 22 33 0.027113218
790 93 31 36 0.027075706
0 345 38 56 0.027034797
1012 0 12 19 0.027025564
549 0 37 31 0.027003106
931 116 31 47 0.026956758
212 35 73 87 0.026906176
592 156 45 51 0.026874073
54 0 54 63 0.026851125
226 152 27 25 0.02682616
561 297 34 46 0.026768383
871 45 50 64 0.02674746
970 45 27 29 0.026729235
955 502 69 137 0.026718946
997 83 27 66 0.026707018
230 149 44 47 0.026648533
411 289 65 83 0.026624786
36 15 79 105 0.02660767
951 0 24 15 0.026535496
410 299 17 22 0.026516408
724 351 26 38 0.026515126
466 284 21 28 0.026510717
9 326 64 87 0.026395129
903 252 54 73 0.02635309
950 101 40 54 0.026302656
913 52 39 50 0.026294284
727 9 24 34 0.026288256
1002 37 21 26 0.02628713
491 28 20 25 0.026280385
822 226 40 56 0.026256997
220 80 29 40 0.026245182
161 13 118 130 0.026175432
261 28 67 102 0.026138803
723 275 107 138 0.026064059
80 170 39 53 0.026019964
852 31 41 54 0.02597356
598 9 76 93 0.025970712
700 41 27 34 0.025967732
187 160 62 77 0.025889
324 0 76 85 0.025881551
555 175 53 52 0.02587156
705 3 9 12 0.025853753
532 197 53 65 0.02583701
110 410 28 22 0.025797687
0 301 26 59 0.02572932
197 436 48 54 0.025702616
565 258 30 32 0.025690002
674 314 59 79 0.025689593
673 157 42 59 0.02566586
13 263 27 34 0.02564445
0 51 51 100 0.025643282
64 10 71 85 0.025607636
82 240 30 37 0.025594292
129 161 36 41 0.025578802
197 26 40 56 0.025553051
1012 113 12 47 0.025537211
111 128 54 63 0.025530167
931 40 56 72 0.025509218
445 284 14 20 0.02548579
219 4 31 33 0.025458565
606 46 40 43 0.025456049
0 520 27 55 0.025445748
808 412 27 33 0.025427276
640 127 29 34 0.025361594
67 266 38 58 0.025357295
746 88 66 81 0.02533145
364 339 43 56 0.025255663
65 237 59 69 0.025197797
1012 345 12 34 0.02517131
133 169 41 53 0.025158025
496 198 45 56 0.025157632
681 61 63 81 0.025073506
302 127 34 59 0.025032286
352 192 28 32 0.025018265
975 626 29 13 0.025017489
992 359 32 77 0.024985831
729 351 37 43 0.024951592
619 0 21 16 0.024937904
863 412 10 12 0.024930501
61 132 42 52 0.02490035
740 0 30 27 0.02487873
674 263 35 39 0.02484312
0 124 34 61 0.024808956
53 221 46 41 0.0247885
240 383 43 65 0.024773994
675 308 39 55 0.024771558
611 30 47 51 0.024739716
0 234 21 43 0.024732146
0 255 19 45 0.024731703
669 26 65 79 0.0247263
597 263 13 21 0.024709364
870 30 43 54 0.024701238
590 248 18 31 0.024663186
167 139 66 77 0.024659256
161 428 51 55 0.024636159
963 573 61 66 0.024596818
228 0 40 33 0.0245461
978 0 29 27 0.024526488
561 367 22 23 0.024500335
99 353 43 48 0.024487834
284 595 67 44 0.024463212
765 58 23 29 0.02445766
819 1 60 69 0.024444846
332 0 54 53 0.024417158
3 474 44 64 0.024386767
219 23 23 30 0.024386466
39 282 64 85 0.024378667
811 0 12 9 0.024356144
480 39 36 42 0.024329053
275 442 26 34 0.024290107
256 413 83 93 0.024288435
53 236 43 47 0.024282496
512 219 44 59 0.024275979
836 255 72 100 0.024267683
36 295 16 16 0.0241634
816 24 62 77 0.0241453
123 36 52 80 0.024141293
877 0 15 11 0.024136564
707 275 61 70 0.024136182
163 145 15 16 0.024126807
965 69 53 69 0.024091592
929 0 20 14 0.024085421
595 216 71 88 0.024085192
147 154 26 31 0.024049742
778 0 34 20 0.024013026
593 282 43 61 0.023999685
835 125 17 22 0.02399211
636 5 30 38 0.023975054
886 265 67 97 0.023970157
133 380 46 46 0.023967724
719 317 43 60 0.02395167
482 303 70 87 0.023927081
210 101 30 43 0.023917926
175 393 49 57 0.023910157
108 198 65 75 0.023874912
776 313 80 94 0.023858437
314 514 159 125 0.023851605
51 52 76 92 0.023836844
552 0 85 92 0.023821095
216 159 33 50 0.023812115
95 433 69 89 0.02379645
809 72 35 36 0.023790931
711 0 27 26 0.02376253
914 387 69 88 0.023749627
963 0 14 10 0.023724314
988 8 29 43 0.023700526
170 27 42 49 0.023678
842 37 62 78 0.023610232
274 438 82 106 0.023603836
732 0 23 22 0.023599997
14 401 52 74 0.023571037
161 256 76 100 0.023564454
797 248 40 52 0.023552876
45 391 67 84 0.023525419
125 0 28 26 0.023521584
68 370 66 66 0.023442365
75 353 41 47 0.023440339
447 295 16 23 0.023397963
115 354 33 37 0.023393335
78 237 18 17 0.023371292
103 123 30 37 0.023351304
982 28 21 32 0.023303693
897 0 17 13 0.02328664
727 385 55 74 0.02325998
524 0 34 28 0.023212628
890 197 43 42 0.023193402
114 79 62 82 0.02316536
706 54 63 79 0.023164632
617 164 10 12 0.023125106
29 300 21 34 0.023121124
807 395 75 95 0.023106975
812 411 43 57 0.023105089
699 424 61 85 0.023096116
544 244 16 25 0.023078315
489 43 20 18 0.023068434
943 134 69 96 0.023035215
493 251 20 34 0.023027178
444 231 63 88 0.022987077
566 0 28 26 0.022947025
470 280 23 23 0.02291295
187 435 23 31 0.022904282
727 8 68 74 0.022898912
677 332 29 43 0.02285543
833 215 100 114 0.022854334
772 97 49 57 0.022850415
227 360 70 90 0.02283315
917 13 35 43 0.022829942
898 220 41 55 0.022805072
714 70 42 52 0.022791326
286 183 44 50 0.0227892
919 78 36 52 0.022761507
1000 21 24 37 0.022754507
823 191 44 63 0.022749601
965 127 29 34 0.02274449
456 299 70 84 0.022740757
611 62 28 29 0.022736423
605 40 18 27 0.02273265
942 459 40 79 0.022723578
132 10 33 62 0.022713399
67 125 55 78 0.022703633
127 69 36 54 0.02264944
129 423 34 40 0.022649327
813 57 63 74 0.022630708
604 103 32 52 0.022619369
681 1 31 38 0.022552088
185 119 34 38 0.02253272
402 259 17 24 0.0225276
910 244 77 108 0.02252627
45 97 67 90 0.022525268
118 175 22 27 0.02251911
841 0 12 10 0.022515854
0 418 50 86 0.022511644
1017 45 7 9 0.022499736
807 315 71 86 0.022446532
484 232 29 47 0.022438353
676 0 81 88 0.022435809
254 18 49 58 0.022391696
291 18 42 59 0.022361066
388 311 58 79 0.022348309
527 282 44 50 0.022329519
187 326 73 108 0.022321727
439 277 23 32 0.022296527
561 269 29 43 0.022287734
530 296 60 81 0.022256535
153 0 40 31 0.022255052
856 0 16 11 0.022227902
488 4 73 66 0.022226783
214 400 42 60 0.022176633
804 343 80 116 0.022174021
0 85 36 71 0.02216948
858 271 30 40 0.02216075
879 239 29 34 0.022127897
176 369 47 57 0.022108188
598 131 40 52 0.022095816
498 42 20 19 0.022040198
1019 0 5 15 0.022037271
123 111 35 47 0.022035712
188 437 9 10 0.022008415
503 246 31 26 0.021993686
510 172 51 57 0.021991448
494 287 18 17 0.021984102
703 479 55 77 0.021977404
18 364 47 58 0.021968022
69 358 14 17 0.021963514
999 45 7 9 0.0219608
117 393 43 36 0.021958185
853 429 22 27 0.021940349
352 294 49 75 0.021924803
240 28 26 27 0.021900441
921 0 16 11 0.021884004
606 178 57 67 0.021855729
822 0 19 15 0.021838978
351 208 49 59 0.02183575
624 281 15 13 0.021819018
748 370 43 60 0.021817151
559 278 66 92 0.021756362
305 10 70 92 0.021731779
844 305 82 107 0.021730887
156 374 46 52 0.021720013
694 209 15 14 0.021680582
56 407 43 55 0.021662572
620 30 66 87 0.021660771
888 0 29 19 0.021657893
425 326 64 85 0.02164271
674 131 59 75 0.021640733
200 198 64 71 0.021631794
595 222 40 53 0.021591786
628 134 25 34 0.021587335
727 48 38 51 0.02158681
928 210 42 50 0.02155141
251 441 40 46 0.021547971
260 151 44 49 0.021541044
36 408 43 57 0.021521054
164 291 77 108 0.021519892
898 0 92 83 0.021494772
369 0 56 55 0.021477582
186 140 29 23 0.021452406
95 466 78 105 0.021427793
181 377 69 86 0.021402588
358 0 83 96 0.021383516
419 256 88 113 0.021380503
583 239 21 35 0.021375922
642 0 26 26 0.021364368
451 464 30 34 0.021339782
156 123 34 38 0.021338793
270 474 56 76 0.021335462
224 69 51 62 0.021322154
612 89 59 79 0.021291044
777 578 57 61 0.021248952
581 253 22 29 0.021242293
214 213 41 46 0.02122559
339 366 61 84 0.021207396
590 33 53 71 0.021194864
190 514 81 108 0.02118264
520 297 50 53 0.021175787
861 0 20 15 0.02116686
452 291 23 30 0.021165775
731 20 25 40 0.021165062
0 508 44 84 0.021162141
123 215 71 82 0.02115997
110 233 67 82 0.021132981
253 526 164 113 0.021131558
262 427 40 52 0.021120504
491 223 32 52 0.02111274
638 347 35 35 0.021108165
989 324 35 79 0.021104481
904 163 85 104 0.021086007
809 257 58 71 0.021076404
234 9 25 27 0.021070208
791 236 61 77 0.02104987
918 117 31 45 0.021048062
989 65 35 55 0.021035459
678 37 39 52 0.021033224
750 36 103 102 0.021016998
329 441 39 65 0.02099706
477 40 179 203 0.020992495
898 185 39 37 0.02096436
84 29 69 90 0.02095457
244 0 32 25 0.020941244
906 36 57 77 0.020919185
833 270 45 68 0.020895967
476 15 27 35 0.020875245
644 34 67 86 0.020854264
417 298 17 23 0.020830244
844 48 36 44 0.020823287
986 30 25 39 0.020820824
134 207 46 55 0.020809334
661 125 30 41 0.020758871
921 188 26 25 0.02075123
215 24 33 46 0.020699473
862 261 14 19 0.02066381
117 184 21 28 0.020662488
176 98 12 15 0.020652404
767 62 14 16 0.020642584
293 153 38 49 0.020636337
85 433 42 53 0.020631092
719 50 27 32 0.02060581
682 20 30 40 0.02058257
248 64 61 82 0.020578148
471 1 33 40 0.020574987
625 0 36 35 0.020565508
15 4 140 174 0.020558434
295 461 74 105 0.020555409
590 122 62 78 0.020553
865 254 16 23 0.020545345
810 183 36 57 0.020535756
1016 4 8 27 0.02052782
0 358 9 20 0.020465788
1012 44 12 27 0.020449337
268 450 27 32 0.02044084
89 237 23 22 0.020438964
676 343 42 56 0.020403126
198 64 19 29 0.020372711
957 430 67 141 0.020372257
774 440 40 56 0.020341692
71 353 30 31 0.020331364
776 66 12 18 0.020319782
164 435 34 35 0.02031946
109 436 32 37 0.020316452
504 282 48 55 0.02028575
131 252 25 26 0.020267975
742 51 27 40 0.02026786
353 241 38 48 0.020265592
1004 0 14 13 0.020265434
159 356 42 50 0.020251533
206 0 25 17 0.0202515
167 478 36 41 0.020238645
105 0 29 26 0.020234536
740 274 58 76 0.020228231
138 421 45 55 0.020226596
50 277 16 25 0.020217692
965 355 59 125 0.020210294
536 192 100 124 0.020197421
624 0 25 21 0.020193035
548 249 10 14 0.020191576
19 513 45 59 0.02016694
390 429 37 51 0.02015259
207 223 33 36 0.020124903
470 292 31 42 0.020108499
310 194 68 81 0.020088278
962 273 62 125 0.020081308
94 232 21 20 0.020080082
491 167 51 60 0.02007664
944 148 40 64 0.020071886
646 361 37 38 0.020055667
26 246 27 41 0.020052576
266 405 50 62 0.02004886
333 187 55 68 0.020037405
380 273 42 58 0.020030186
91 219 28 28 0.020022964
4 407 284 232 0.020004123
236 450 45 48 0.01999749
616 289 38 54 0.019995831
674 277 41 57 0.019991813
145 120 26 33 0.019989587
245 443 76 89 0.019983398
887 223 30 40 0.019981263
0 225 84 125 0.019960554
909 548 90 91 0.019959778
556 129 81 89 0.019951584
139 165 24 27 0.019948345
291 554 85 85 0.01993209
261 173 46 48 0.019898025
313 0 29 25 0.019874014
108 414 30 38 0.019864434
453 13 46 52 0.01986279
0 276 15 32 0.019862466
1004 134 20 58 0.019809218
414 237 46 61 0.019797994
92 68 13 14 0.019779187
64 52 28 34 0.019776963
829 358 77 114 0.01977014
165 154 16 19 0.019738317
88 82 65 83 0.019731859
789 231 49 53 0.019718725
708 45 31 33 0.019651147
841 425 33 40 0.019649623
600 256 62 83 0.019641237
586 304 369 335 0.019609006
130 0 37 37 0.019608514
912 487 22 33 0.019607801
468 36 62 87 0.019595092
92 483 29 32 0.019592993
139 203 15 12 0.01959194
56 338 42 53 0.019559968
758 287 59 77 0.019535806
715 248 77 108 0.019531904
925 226 47 59 0.019497918
347 239 55 75 0.019486474
226 160 19 25 0.019450461
47 51 45 55 0.019442933
250 412 42 56 0.019428613
965 133 44 59 0.019427326
828 306 56 72 0.019423895
57 281 41 57 0.019403528
503 190 44 37 0.019384658
434 287 20 26 0.01937277
310 165 25 36 0.019356016
990 397 34 79 0.019340836
861 409 10 12 0.019320106
278 312 102 100 0.019316884
596 311 39 54 0.01930043
249 458 46 51 0.019284643
656 138 26 39 0.01927559
712 457 65 85 0.019273322
638 321 35 41 0.019272
238 24 19 22 0.019268794
217 44 23 33 0.019263955
0 207 26 46 0.019262303
623 161 66 85 0.019227525
85 228 19 16 0.019221295
252 176 65 68 0.01919744
0 458 22 26 0.019192439
104 349 62 69 0.019179264
305 627 42 12 0.019164506
128 250 39 42 0.01916306
93 148 38 46 0.019162374
495 289 34 39 0.019152367
632 48 44 55 0.019150833
933 196 28 30 0.01914251
721 498 22 27 0.01913606
625 177 27 34 0.019125259
0 148 33 57 0.019116813
125 17 27 46 0.019106176
188 64 23 27 0.019082325
280 14 39 50 0.019082235
184 411 25 32 0.019021466
70 71 49 58 0.019014416
928 42 40 49 0.018987963
374 255 19 29 0.018979121
956 29 18 22 0.018949348
875 68 41 54 0.018941062
145 0 28 25 0.018939093
568 29 52 78 0.018916957
167 83 31 30 0.018907258
117 362 39 45 0.018817397
929 169 19 23 0.018814826
967 189 57 96 0.01879736
396 313 24 38 0.018765423
98 395 34 31 0.018759994
714 89 42 54 0.01875438
930 178 20 22 0.018749835
694 358 55 63 0.018739972
652 0 24 22 0.018739616
556 375 42 54 0.018715037
200 214 31 36 0.018713376
436 9 308 288 0.018702919
670 0 30 27 0.018692942
641 17 11 16 0.01868428
98 47 44 58 0.01867824
63 18 112 133 0.018667407
279 186 65 76 0.018634522
850 168 51 56 0.018607467
951 475 45 77 0.01859255
662 0 27 23 0.018588291
163 87 40 43 0.018581804
733 307 40 64 0.018579686
299 176 38 42 0.01855129
558 364 33 35 0.018549133
0 354 15 29 0.018546456
172 135 39 34 0.018546365
165 472 29 32 0.018538523
484 405 63 85 0.018518908
167 55 35 36 0.018511813
110 359 24 30 0.018506642
629 69 54 72 0.018493213
748 337 38 54 0.01846678
149 451 64 83 0.018456882
737 34 16 34 0.018442571
155 165 19 21 0.01841625
467 81 40 33 0.018415434
93 354 33 36 0.018405227
153 435 31 33 0.018402018
976 0 14 10 0.018392827
633 24 364 403 0.018389909
1 219 33 48 0.018384531
795 597 52 42 0.01838035
931 404 75 120 0.01836762
393 295 9 12 0.018337434
308 94 46 64 0.018325474
140 446 43 55 0.018324466
85 236 67 77 0.018322797
870 0 15 12 0.018310482
111 490 80 109 0.018307334
76 247 26 34 0.018299613
0 495 26 36 0.018294338
751 363 71 92 0.018292636
818 410 27 35 0.018291175
464 109 74 103 0.018288407
572 0 35 44 0.018275915
63 5 35 42 0.018265205
803 276 73 96 0.018254267
479 217 53 75 0.018243266
648 453 69 93 0.01823886
421 302 22 25 0.018230626
917 171 18 20 0.018227112
1020 8 4 21 0.018225513
467 219 33 44 0.01822534
680 257 26 29 0.018223535
710 357 11 18 0.018214174
1007 363 17 54 0.01818831
917 171 32 34 0.01818119
954 31 27 30 0.018176837
98 96 42 54 0.0181647
646 0 15 19 0.018152878
187 458 291 181 0.018148666
895 12 39 44 0.018135281
919 125 41 57 0.018129157
381 405 19 24 0.01812284
824 82 39 48 0.018118044
800 121 34 39 0.018101567
707 21 29 32 0.018097565
70 366 25 26 0.018095344
32 310 30 44 0.018086005
220 175 31 47 0.018082814
471 300 44 58 0.018076783
90 63 55 70 0.018075423
223 0 23 18 0.01807115
478 308 22 37 0.018034983
211 153 26 29 0.018027615
138 357 41 47 0.018023409
849 339 45 61 0.017992584
802 90 35 42 0.017988842
158 483 44 59 0.017987052
72 255 30 43 0.017986326
238 94 49 58 0.01797681
83 360 27 29 0.017964453
472 244 105 128 0.01795447
553 226 28 38 0.01792598
978 21 17 26 0.017921707
727 0 18 18 0.017918697
472 135 48 63 0.017918298
0 193 22 31 0.017909324
449 575 42 47 0.017906874
1006 627 18 12 0.017906267
40 58 24 30 0.017883804
634 1 80 83 0.017877415
208 55 115 130 0.017871203
714 506 37 49 0.017833065
13 0 42 46 0.017819522
852 69 42 54 0.017818186
142 110 22 26 0.017818037
728 25 87 97 0.017800672
231 315 82 108 0.01779467
142 96 33 47 0.017788745
4 438 63 88 0.017787095
437 31 76 105 0.017786471
703 98 66 82 0.017774321
222 158 65 75 0.017764075
710 0 19 18 0.017764043
507 32 28 30 0.017760929
571 304 45 59 0.017758295
86 238 20 14 0.017749203
521 521 27 33 0.017705673
443 300 17 22 0.017693557
626 0 16 10 0.017686361
755 44 31 42 0.017684633
254 629 39 10 0.017666915
403 268 20 30 0.017666316
430 464 34 41 0.017665857
871 249 20 27 0.017665649
593 276 21 32 0.017663082
231 48 47 58 0.017639149
667 149 31 43 0.01762566
892 470 77 107 0.017619986
304 420 55 63 0.017614942
157 297 56 78 0.017606007
559 238 17 19 0.017597932
432 296 24 28 0.017592346
635 171 38 43 0.017574972
499 157 78 89 0.017574552
295 500 79 106 0.017569486
345 408 46 59 0.017559187
493 324 46 57 0.017543525
321 434 64 98 0.01754056
544 18 63 95 0.017538175
412 303 19 33 0.017532742
1010 75 14 37 0.017532356
23 287 20 19 0.017527306
895 92 39 51 0.017525842
951 4 70 83 0.01752584
107 155 27 30 0.017514432
869 5 27 35 0.017504886
384 0 67 64 0.017502923
451 254 34 48 0.01747632
274 45 43 62 0.017474711
198 408 38 46 0.01747144
552 517 41 50 0.017461045
273 2 23 37 0.017444596
51 515 26 35 0.017440306
891 314 54 75 0.01743384
653 48 45 55 0.017419266
942 119 19 23 0.017417205
44 290 17 20 0.017401775
769 70 24 31 0.017399745
90 393 74 90 0.017399386
458 300 32 45 0.017391872
345 190 23 28 0.017374156
1021 0 3 9 0.01735433
601 253 24 32 0.017344087
490 41 53 65 0.017333882
176 420 29 38 0.017332831
776 43 40 47 0.017326018
78 452 62 81 0.01732185
418 289 16 23 0.017316397
180 0 35 28 0.017312132
154 245 50 60 0.017309962
98 156 23 28 0.017306294
893 235 33 43 0.017303526
710 497 25 28 0.017285539
139 513 79 104 0.01727313
915 496 13 17 0.017259317
487 97 63 90 0.017257808
461 385 14 17 0.017254665
176 328 49 67 0.017252425
203 115 30 37 0.017251987
162 144 23 24 0.017242998
221 104 32 42 0.017241064
112 0 249 186 0.017235106
927 63 42 53 0.017205933
221 586 71 53 0.017205134
209 350 65 92 0.017202277
1012 136 12 43 0.017200576
697 274 54 38 0.017197842
150 343 65 82 0.017188298
863 234 21 36 0.01718658
930 437 47 73 0.017175516
553 323 41 55 0.017152604
698 77 43 43 0.01714113
450 313 23 34 0.017134352
865 408 9 11 0.017132618
507 524 42 58 0.017131679
556 0 19 15 0.017128209
932 39 26 33 0.017123114
223 193 30 45 0.017111966
20 72 109 150 0.017106425
17 534 39 57 0.01710387
8 92 60 91 0.017099597
16 175 43 52 0.01709572
484 339 66 83 0.017088005
499 0 112 129 0.017078854
990 277 34 77 0.01707805
709 461 38 40 0.017069079
275 470 38 56 0.017069014
464 208 12 13 0.017056083
74 234 17 17 0.01705599
584 291 60 83 0.017053412
804 139 10 10 0.017051788
157 173 9 10 0.017044518
992 182 32 77 0.017041791
546 0 26 22 0.017038602
998 0 20 22 0.017021358
681 271 50 47 0.0170198
193 353 42 52 0.017009748
302 131 64 83 0.016986331
682 390 67 90 0.016980838
290 436 50 56 0.016976379
795 268 41 55 0.016975906
733 107 43 58 0.016975794
759 359 40 56 0.016966958
450 327 30 33 0.016965773
500 31 73 84 0.016962234
763 80 31 35 0.016955763
112 65 36 49 0.016955625
577 238 14 20 0.016934404
947 119 11 13 0.016931057
704 1 13 18 0.01692552
316 223 50 62 0.01692473
958 136 14 22 0.016915997
999 44 12 15 0.01689936
93 0 30 30 0.016891846
632 336 36 37 0.016889784
172 93 21 22 0.016888833
0 614 25 25 0.016882636
246 16 36 41 0.016882084
378 309 39 65 0.016857253
62 343 62 72 0.016847247
303 53 69 100 0.01684499
863 51 35 45 0.016842196
315 606 50 33 0.016838979
911 486 44 65 0.01683334
205 170 37 50 0.016831892
894 588 78 51 0.016825905
451 286 16 23 0.01682462
195 75 18 19 0.016814565
30 263 20 30 0.016809309
641 556 85 83 0.016800504
847 225 28 40 0.016793841
583 180 24 20 0.016769959
252 389 49 66 0.016764257
599 256 12 20 0.016755093
965 619 47 20 0.016754651
447 274 19 28 0.016749151
338 544 93 95 0.016746951
187 242 38 38 0.016741663
608 302 33 45 0.016740536
741 388 38 45 0.016732084
729 14 7 9 0.016725097
119 74 109 125 0.0167022
839 59 27 34 0.01668928
113 113 32 40 0.01668539
878 250 27 35 0.016682113
202 388 71 87 0.016681863
0 271 94 143 0.016675755
630 35 30 37 0.016661637
461 71 72 106 0.016647562
1013 10 11 31 0.016636798
224 420 39 48 0.016631505
312 306 63 72 0.016629005
926 58 83 109 0.016619494
105 29 29 39 0.016619047
220 437 45 52 0.016609449
391 514 130 125 0.016608443
832 171 45 55 0.016591894
905 118 33 41 0.016579064
120 450 72 93 0.01657786
730 275 44 43 0.016575655
312 0 292 237 0.016564395
816 265 34 38 0.016564187
77 116 43 57 0.016537141
811 361 55 72 0.01649983
581 283 29 42 0.016470324
868 153 56 55 0.016466802
982 534 42 99 0.016461598
606 55 62 88 0.016457064
206 0 124 125 0.016451564
80 335 40 50 0.01644281
196 432 75 88 0.016441306
865 210 45 56 0.01642841
603 32 30 42 0.01642366
966 0 21 15 0.01642287
761 411 70 90 0.016404916
783 374 75 99 0.016400497
618 315 32 42 0.01639741
346 200 13 18 0.016370164
723 405 66 90 0.01636882
847 425 19 26 0.016361171
196 471 77 108 0.016351251
188 437 13 18 0.0163495
937 311 87 226 0.016339855
726 489 45 55 0.01633343
661 24 33 47 0.01633223
305 29 23 36 0.01633167
948 607 53 32 0.01632826
172 491 75 107 0.016328149
855 14 36 47 0.0163263
504 426 66 91 0.016324585
718 340 24 36 0.016318975
171 445 48 52 0.01631458
916 436 71 123 0.0162917
0 390 24 53 0.016291605
932 483 41 71 0.016279297
292 426 31 35 0.016265348
157 175 13 16 0.016263526
672 426 61 84 0.016254006
797 85 19 19 0.016244005
950 17 15 23 0.016238622
368 355 44 64 0.016226618
610 230 46 58 0.016214665
931 206 30 33 0.016214212
510 24 54 56 0.016212203
768 419 41 55 0.0162052
221 193 68 74 0.01619766
611 207 46 58 0.016195845
94 477 50 66 0.016195558
79 473 36 47 0.016190032
447 155 66 86 0.016188538
99 166 24 29 0.016170153
939 172 72 96 0.01616509
311 433 10 10 0.016164033
658 369 31 36 0.016163914
78 259 36 54 0.016161676
27 583 68 56 0.016160019
353 270 46 64 0.016159056
496 560 73 79 0.016145326
458 196 41 53 0.016136156
764 0 25 18 0.016133904
173 457 58 70 0.016133603
920 213 29 34 0.016130133
340 3 137 158 0.016129225
64 275 63 80 0.016111076
38 125 55 69 0.016107503
367 263 31 43 0.016103426
488 295 21 25 0.01608806
0 565 42 61 0.016082084
294 140 31 43 0.016073216
192 146 34 25 0.016069021
0 139 21 34 0.016065344
721 490 65 83 0.016064983
857 256 17 21 0.01606392
529 258 24 28 0.016054336
570 289 27 37 0.016052239
611 252 44 57 0.016051529
957 104 26 35 0.016049791
984 27 8 9 0.01604635
0 55 24 48 0.016042626
283 0 27 17 0.016042532
281 271 89 97 0.016025826
702 465 30 30 0.01602256
677 190 40 54 0.015999062
403 200 66 90 0.015995445
302 417 28 34 0.015994698
166 150 10 11 0.015979962
303 217 115 148 0.015968794
397 19 87 120 0.015967702
228 27 34 46 0.01596447
831 380 24 31 0.015961098
471 385 62 84 0.015960399
717 35 26 38 0.015959674
856 223 35 48 0.015958374
706 7 8 11 0.015944768
7 164 63 79 0.015944555
690 289 49 62 0.015944352
732 60 25 33 0.01594361
814 51 35 44 0.015934087
126 248 71 92 0.015932305
134 206 22 19 0.015923869
1002 41 11 14 0.015922284
583 127 108 130 0.015921907
472 86 49 69 0.015920458
264 561 75 78 0.015911553
733 19 10 11 0.015902596
642 133 21 20 0.015899613
159 326 44 58 0.01589811
752 35 29 33 0.015879441
934 328 34 67 0.015877867
890 213 29 35 0.015869794
492 0 28 27 0.01586658
227 407 76 80 0.015866386
763 0 111 115 0.015864594
632 412 15 13 0.01586198
924 605 57 34 0.01585363
784 62 26 35 0.015841767
942 31 81 109 0.015827836
131 198 37 37 0.015827557
512 322 48 58 0.015825756
532 195 26 26 0.015821375
867 9 97 109 0.015820496
256 0 28 18 0.015818153
178 80 25 24 0.015816407
51 267 21 31 0.015808273
204 472 49 66 0.01580083
73 345 31 28 0.015794119
285 0 12 9 0.015790887
559 314 26 34 0.015775993
158 347 23 33 0.015771782
4 551 65 88 0.015770705
782 106 64 87 0.015761426
893 28 22 25 0.01575493
288 36 52 82 0.01574307
232 124 43 49 0.01573939
840 271 30 42 0.015730936
0 309 7 17 0.015722346
477 414 41 58 0.015716877
950 448 33 57 0.015712507
1011 93 13 39 0.015710063
285 397 54 62 0.015701348
671 351 65 81 0.015698377
399 153 70 97 0.015697386
690 486 39 51 0.01569631
127 80 21 33 0.015694706
837 44 30 39 0.015693367
802 44 35 48 0.01569308
27 410 64 90 0.015688665
733 338 29 33 0.01567898
18 456 35 42 0.015677173
485 185 42 44 0.015659664
701 57 28 32 0.015655842
592 43 30 47 0.015653145
489 489 63 90 0.015647572
104 490 17 18 0.015645731
291 286 55 63 0.01564456
519 194 30 27 0.015630618
717 574 78 65 0.01561287
786 421 25 36 0.015603873
324 531 73 89 0.015601426
128 65 21 31 0.0155963665
277 88 41 64 0.015594843
282 456 43 57 0.015590064
15 244 29 40 0.01558109
313 148 44 54 0.0155796455
885 252 34 42 0.015564681
400 252 36 40 0.015559554
823 128 11 16 0.015553151
544 0 13 13 0.015543554
771 108 26 36 0.015543237
638 271 79 95 0.015538868
219 0 15 14 0.01553302
309 428 14 17 0.015520567
319 90 75 96 0.01551795
98 142 27 31 0.015517442
563 375 15 15 0.01551703
315 171 43 52 0.01551313
236 398 32 47 0.015508775
53 153 59 81 0.01548901
57 243 27 31 0.015485859
153 507 17 29 0.015484338
236 215 24 29 0.015482149
74 148 27 34 0.015474123
229 150 17 18 0.015470769
113 0 18 17 0.015456815
277 0 20 15 0.0154420445
746 81 43 51 0.015433264
199 511 49 64 0.015431852
715 58 34 37 0.015431699
438 561 64 75 0.015406548
75 0 29 34 0.015401624
709 11 23 25 0.015396787
858 267 16 17 0.015396589
452 201 29 47 0.015395664
1018 15 6 25 0.015386917
0 287 13 35 0.01538515
744 393 55 75 0.015383764
316 190 45 54 0.01538269
45 284 23 33 0.015372348
650 132 29 27 0.015368172
323 0 31 26 0.015361879
472 320 46 57 0.0153562315
31 129 42 49 0.01535485
896 71 43 51 0.015349727
424 320 28 40 0.015345391
613 300 23 30 0.015335681
305 137 22 29 0.015331275
721 24 17 22 0.015328915
46 619 59 20 0.015321798
975 0 21 16 0.015316994
29 247 16 14 0.015316448
204 279 71 109 0.015316057
450 121 58 78 0.015312221
224 0 15 12 0.015310461
498 0 36 34 0.0153104495
800 572 78 67 0.015309969
0 527 20 32 0.015309652
902 539 44 65 0.015309631
586 79 60 83 0.015307031
95 62 9 10 0.015305694
248 38 57 76 0.015302242
830 212 30 41 0.015286128
435 263 24 30 0.015279998
544 301 25 34 0.015274872
646 26 34 52 0.015266847
648 522 135 117 0.015261856
641 303 81 100 0.015245585
250 480 50 57 0.015229992
252 606 48 33 0.015225335
297 37 24 32 0.015225234
1016 104 8 37 0.015214139
0 467 23 32 0.015205114
387 296 33 44 0.015202093
240 429 40 47 0.015193188
445 75 62 87 0.015191896
36 299 19 24 0.015189784
718 20 16 20 0.01517572
249 35 24 21 0.015165408
0 334 26 41 0.015162116
736 0 17 14 0.0151491035
1005 29 16 17 0.015148629
995 447 29 71 0.015148228
0 265 12 28 0.015142227
312 403 26 35 0.015137883
792 326 49 63 0.015123283
806 97 53 65 0.015121434
511 223 28 38 0.015118901
982 22 8 10 0.015109059
437 252 37 55 0.015108345
713 401 48 59 0.015104246
66 251 27 34 0.015099311
97 532 23 29 0.015089693
830 0 15 13 0.01508486
921 314 38 79 0.015081013
1006 157 18 61 0.015080712
161 107 33 44 0.015078201
335 171 46 57 0.015072824
824 128 20 22 0.015064167
938 223 78 110 0.015059156
82 207 30 37 0.015055343
203 18 31 40 0.015051936
163 543 79 96 0.015049145
189 79 20 18 0.015048029
774 179 40 50 0.015042872
202 77 18 20 0.01504186
828 124 33 43 0.015040604
831 553 82 86 0.015037708
184 335 25 28 0.015035107
0 358 24 40 0.015031898
138 116 23 32 0.015019879
820 594 19 26 0.015017922
234 188 43 52 0.015012316
1017 130 7 30 0.015011043
159 191 69 91 0.015009992
890 605 54 34 0.015006097
154 447 29 35 0.014995201
43 464 61 78 0.014990001
241 483 79 99 0.014987504
934 397 45 59 0.014985965
369 565 90 74 0.014975959
507 144 54 65 0.014973497
479 31 22 24 0.0149709415
657 347 38 43 0.014966389
112 438 46 46 0.01495571
307 257 71 87 0.014953347
832 81 25 34 0.014942673
604 261 10 15 0.014941116
234 365 43 64 0.014941011
540 16 39 52 0.014939026
41 135 14 15 0.014938085
28 504 57 82 0.014933221
614 162 9 14 0.014931629
231 166 22 26 0.014930559
933 173 13 15 0.014926902
291 629 40 10 0.014924572
805 0 219 185 0.014923541
254 458 29 33 0.014922481
351 19 54 74 0.014921167
88 65 19 26 0.014907263
880 389 79 96 0.014905912
936 184 26 31 0.014901587
456 398 43 60 0.014892153
97 268 44 55 0.014890354
284 529 67 90 0.014886694
912 216 39 52 0.014881603
839 113 32 45 0.014877612
207 396 36 47 0.014869514
873 256 13 16 0.014860788
146 445 23 30 0.014858885
784 82 17 20 0.01483875
540 315 12 17 0.014835951
218 162 21 36 0.014826747
407 238 39 37 0.014823625
0 42 22 40 0.014818941
42 347 39 44 0.014817967
314 460 46 65 0.014817796
947 2 11 14 0.014817575
983 25 41 75 0.014809023
171 146 38 38 0.01480654
454 234 44 58 0.014803799
567 218 109 142 0.0148006445
770 127 46 60 0.014799256
110 0 114 97 0.014797244
174 234 35 36 0.014796201
80 233 13 11 0.014792526
103 277 68 87 0.014783084
943 26 14 19 0.014782627
336 458 41 60 0.014777518
823 421 47 63 0.014762372
512 0 32 27 0.014760632
52 423 53 69 0.014755043
988 221 36 75 0.014749393
255 437 27 33 0.014747607
0 303 18 37 0.014742218
98 223 33 32 0.01473722
224 67 22 32 0.014733967
623 311 21 29 0.01473147
828 0 10 10 0.014730614
833 259 26 26 0.014727657
484 52 70 100 0.014725689
525 463 73 103 0.014723992
701 1 12 13 0.014722144
237 468 45 53 0.01472022
666 259 145 172 0.014717825
416 0 82 95 0.014697067
430 0 52 51 0.014695464
920 533 13 16 0.014691397
807 274 28 25 0.01469094
707 0 13 14 0.014690814
716 0 15 13 0.0146907745
446 414 42 61 0.014672706
101 523 75 103 0.014671276
238 47 8 10 0.014670823
372 607 54 32 0.014668665
833 54 25 34 0.014662133
190 609 51 30 0.014658473
710 347 12 19 0.014655999
926 258 45 66 0.014655477
463 554 72 85 0.0146521535
645 0 37 34 0.014646013
1013 384 11 33 0.0146422405
280 621 46 18 0.014641224
976 56 28 35 0.014636877
105 185 26 25 0.01462819
119 404 27 26 0.014625846
476 238 25 35 0.0146231875
713 130 45 56 0.0146207595
1004 43 12 14 0.01461598
828 347 10 13 0.014609768
775 230 40 52 0.01460706
215 451 77 77 0.01459251
189 438 36 44 0.014584498
537 574 78 65 0.014571128
872 152 36 33 0.014551656
855 296 160 250 0.014546471
860 403 15 20 0.014543989
549 255 8 11 0.014543797
270 406 31 31 0.014536237
914 0 23 18 0.014535142
208 468 9 10 0.014522367
32 168 54 64 0.014520424
671 353 30 41 0.014516304
953 46 18 26 0.014515506
850 363 30 41 0.014508328
207 34 24 31 0.0145037
119 349 22 30 0.0145029565
149 168 14 18 0.01450113
30 442 41 46 0.014500472
497 607 46 32 0.014498903
420 177 65 88 0.014495095
202 436 7 9 0.014488767
211 457 33 37 0.0144879045
878 419 32 55 0.01447654
602 230 26 35 0.014465724
36 208 69 87 0.014460032
824 233 26 36 0.014459037
732 11 18 17 0.014452322
675 366 42 54 0.014451584
443 196 74 96 0.014444664
18 476 45 59 0.014431423
503 414 25 35 0.014430986
767 65 9 11 0.014426597
607 294 22 28 0.014426515
397 297 20 22 0.014423224
544 245 11 12 0.014414949
921 30 24 32 0.014412744
859 34 28 36 0.014412727
499 72 74 102 0.014410167
67 217 34 31 0.014409262
879 8 27 34 0.014407598
117 265 46 56 0.0144048175
615 71 41 56 0.01439775
811 128 24 26 0.014392679
490 287 16 14 0.014391215
137 462 12 12 0.01438499
183 14 40 46 0.014375507
103 489 25 27 0.014374216
410 485 68 98 0.014370801
684 587 23 23 0.014367296
907 20 39 48 0.014366469
16 150 43 56 0.01436424
89 97 21 27 0.014357704
309 0 16 11 0.014353021
141 48 36 52 0.014351299
126 348 64 74 0.014350291
2 26 35 52 0.014349367
0 0 34 43 0.01434559
629 359 35 38 0.014345143
704 304 49 62 0.014343047
883 127 70 81 0.014340108
756 363 29 40 0.014337724
81 17 36 52 0.014326509
856 392 63 83 0.014318171
28 513 31 38 0.014308364
931 355 76 103 0.014305652
306 45 18 26 0.014305415
629 199 55 70 0.014300301
182 84 29 30 0.014284884
223 50 25 39 0.014283292
531 43 50 62 0.014281993
979 412 45 103 0.01428065
246 35 37 42 0.014266847
771 273 43 56 0.014265858
414 282 16 22 0.014260287
789 404 33 46 0.014254755
487 295 34 44 0.014252758
939 153 33 44 0.014249941
677 239 80 105 0.014248147
455 320 12 14 0.014247058
195 380 43 56 0.014242908
526 196 39 44 0.014240029
56 177 26 28 0.014237484
256 291 85 96 0.014234692
194 82 19 21 0.01423209
594 68 42 58 0.014229531
617 277 34 38 0.014228461
828 0 102 93 0.014214653
413 212 47 57 0.014211006
752 127 46 60 0.014210746
494 352 44 54 0.014202405
757 98 42 54 0.014201951
406 255 23 21 0.014200323
499 38 44 39 0.014181855
576 560 21 29 0.014180809
121 516 8 11 0.014180464
312 366 52 63 0.014180281
945 2 7 10 0.014174422
137 89 27 40 0.014173111
230 91 31 39 0.014172353
743 197 223 273 0.014168057
320 489 72 97 0.014162194
1001 43 7 10 0.014160165
807 381 37 60 0.014159872
841 378 26 34 0.014155039
97 292 44 55 0.014151229
762 493 72 91 0.014149866
728 22 18 23 0.014149571
857 197 15 15 0.014146725
236 172 24 28 0.014144741
729 21 10 13 0.014143912
763 456 34 41 0.014140779
398 107 72 102 0.01413988
277 460 26 28 0.014128777
478 283 21 19 0.014127503
220 434 29 37 0.014123791
264 500 78 104 0.014120871
882 0 14 15 0.0141158905
605 129 23 37 0.014114082
275 154 65 81 0.014109265
22 323 30 41 0.014091697
465 282 17 20 0.014091664
564 415 42 48 0.014091247
367 394 59 83 0.0140863415
590 216 31 47 0.014081951
486 120 43 60 0.014081215
940 2 12 15 0.014080939
724 113 66 85 0.014080699
535 205 23 26 0.014073906
212 136 33 33 0.014062092
223 379 42 59 0.014061964
742 549 10 14 0.014054619
574 410 53 45 0.014050975
86 242 17 17 0.014047604
627 465 65 92 0.014045226
742 39 20 32 0.014045147
574 236 15 15 0.014041901
977 16 13 18 0.014039003
511 468 45 46 0.014038152
14 128 43 58 0.014037384
370 243 63 86 0.014031807
784 276 24 21 0.01403103
202 231 72 85 0.014027161
7 620 57 19 0.014022493
225 152 14 19 0.0140198
802 0 17 10 0.014019241
644 365 25 26 0.014016144
671 371 24 30 0.014007766
494 38 14 16 0.014005231
690 600 38 35 0.013999186
821 597 54 42 0.013993701
422 293 16 23 0.013991067
139 83 21 31 0.013985332
53 0 37 38 0.013977877
245 620 49 19 0.0139778685
599 264 35 42 0.013969188
378 83 77 108 0.013966972
763 99 27 36 0.013949374
0 443 32 39 0.013945635
87 399 37 36 0.013940734
692 381 48 59 0.013940693
890 10 26 34 0.013938908
774 249 41 53 0.013929868
654 186 44 56 0.013923915
129 116 22 30 0.013914266
663 309 35 54 0.013912729
790 348 37 51 0.0139100365
285 133 32 42 0.013907647
299 327 53 61 0.013906098
512 425 45 60 0.013902668
851 90 42 53 0.013902356
544 172 45 47 0.013901237
616 283 22 26 0.013901234
844 358 43 65 0.013893363
289 495 55 74 0.013892539
29 223 43 59 0.013891888
460 279 8 12 0.01388316
797 428 45 61 0.013882742
41 68 17 20 0.013876565
120 172 17 19 0.013875365
816 126 34 41 0.01386083
125 354 39 42 0.013845835
155 269 50 66 0.013830831
155 504 48 66 0.0138298245
221 479 47 63 0.013823943
928 3 14 15 0.013822663
705 5 19 23 0.013819435
410 0 49 48 0.013814896
854 238 24 35 0.013814451
396 269 31 47 0.01381129
534 184 42 46 0.013807332
870 606 50 33 0.013807011
871 486 55 64 0.013807006
747 589 71 50 0.013801761
756 275 36 45 0.013796743
116 0 26 20 0.013792936
75 60 25 30 0.0137874745
254 440 129 164 0.013787133
227 41 21 30 0.013784861
921 161 22 24 0.013782232
35 609 49 30 0.01376856
912 19 26 33 0.013759749
765 397 37 50 0.013759165
676 386 13 11 0.013758707
368 238 29 45 0.013757032
94 83 24 32 0.013754552
871 225 28 38 0.013753187
946 500 39 66 0.013752795
687 322 25 37 0.013746207
567 354 29 33 0.013741439
272 286 51 61 0.01373758
816 87 13 16 0.01373533
112 553 49 55 0.013734697
100 188 25 32 0.013733712
503 410 46 55 0.013731821
591 0 38 39 0.013727183
0 194 8 17 0.013722569
939 620 52 19 0.013718327
864 269 16 21 0.013717425
804 165 39 58 0.01371701
199 424 27 34 0.013714458
719 363 27 35 0.013704689
989 137 26 35 0.0137046585
647 204 33 45 0.013697594
239 0 17 12 0.013693877
837 0 15 16 0.0136918975
246 162 38 45 0.013691714
856 348 31 41 0.013685926
886 4 12 14 0.013677204
599 42 19 33 0.013676489
340 604 53 35 0.013675077
719 94 20 27 0.013673286
616 169 26 33 0.013672109
596 0 16 14 0.013668877
178 545 134 94 0.013668798
158 147 15 16 0.013667855
785 265 41 33 0.013667253
0 227 16 30 0.013664918
185 414 15 17 0.013662803
172 442 33 37 0.013656585
1016 62 8 28 0.01365443
239 272 77 97 0.013653682
651 116 27 31 0.013653168
679 368 10 10 0.013644599
842 199 37 45 0.013639894
606 329 33 39 0.013636135
674 237 38 50 0.0136171635
220 538 60 74 0.013615073
0 0 18 26 0.013613632
499 513 43 52 0.013611464
546 334 61 84 0.013607438
627 303 36 48 0.013591986
384 332 37 56 0.013587055
939 9 20 29 0.013585397
428 382 63 83 0.013583961
907 133 36 43 0.013583416
732 13 9 10 0.01358309
817 89 29 33 0.013580735
652 99 44 52 0.013570917
292 108 20 27 0.013566786
151 417 29 39 0.013565713
543 224 27 37 0.013562139
760 385 27 39 0.013556738
568 412 28 33 0.013554112
113 415 13 12 0.0135509465
457 55 44 52 0.013546049
0 250 13 35 0.013544061
308 143 24 35 0.013543148
726 20 9 10 0.013542771
383 249 30 39 0.01353908
713 516 25 31 0.013535465
665 142 25 34 0.013525601
820 386 27 38 0.013525488
3 624 38 15 0.013519141
52 86 49 64 0.013516972
913 489 86 128 0.013514237
0 304 12 25 0.013512524
633 118 27 34 0.013510732
613 0 19 12 0.01351065
458 378 35 51 0.013509252
42 80 39 49 0.013502332
822 0 12 10 0.013501001
618 367 35 43 0.013499238
686 594 26 25 0.0134927435
225 469 38 46 0.013489312
809 590 30 38 0.013482839
801 293 43 61 0.013481346
0 62 5 10 0.013480029
914 491 31 38 0.013469344
50 505 41 51 0.013467787
521 285 30 37 0.013466927
465 213 24 35 0.013458225
522 416 66 84 0.013450737
410 341 51 68 0.01344919
227 22 22 22 0.013448006
402 266 11 20 0.013445457
839 427 43 65 0.013441891
281 488 24 34 0.013433464
223 151 9 14 0.013432557
754 315 35 51 0.013432048
397 216 38 49 0.0134266615
379 406 34 48 0.013424262
124 168 20 21 0.013423231
346 164 60 74 0.013419253
37 521 30 36 0.013407928
134 58 31 46 0.013407769
701 27 19 24 0.01339637
697 0 291 252 0.0133895
89 300 63 80 0.013389431
42 276 17 22 0.0133878775
44 59 33 36 0.013387617
218 61 15 22 0.013385786
802 92 22 26 0.013384871
475 162 45 53 0.013383285
673 299 30 45 0.013381023
360 202 26 28 0.013379871
241 98 23 21 0.013374482
158 168 24 26 0.013370278
763 538 67 90 0.013362117
690 407 46 59 0.013353444
467 494 43 48 0.013351957
506 311 43 51 0.013347169
848 601 54 38 0.013344302
217 606 51 33 0.013343667
636 0 15 13 0.013341028
559 448 35 46 0.013339769
852 388 26 37 0.013336951
497 15 25 34 0.01333491
900 171 32 36 0.0133342305
311 148 11 16 0.013327681
630 393 19 31 0.013324806
826 137 67 78 0.013323208
184 76 19 18 0.013321953
702 136 66 82 0.0133208735
66 229 25 26 0.013315444
351 145 50 64 0.0133102685
410 289 15 22 0.013307083
624 271 20 24 0.013304955
0 110 24 59 0.013300014
273 416 30 40 0.013299168
632 273 40 53 0.013290093
252 345 78 88 0.013289638
390 226 65 86 0.013289046
10 339 35 44 0.013283005
910 210 24 30 0.0132793775
234 169 39 47 0.013268847
89 250 25 20 0.013266154
606 154 22 30 0.013256621
918 560 41 55 0.013252873
909 239 41 53 0.013249526
924 161 32 38 0.013248617
382 130 72 100 0.013245036
60 173 38 48 0.013244639
751 255 43 51 0.013241494
584 359 8 10 0.0132397115
475 196 41 53 0.013239301
242 24 9 10 0.013238423
872 90 43 53 0.013230424
237 118 11 16 0.013224553
821 386 43 63 0.013221146
812 390 25 37 0.013219847
435 347 43 55 0.013211294
335 148 46 59 0.013208135
255 203 49 55 0.013207234
138 245 31 32 0.013206201
1014 267 10 30 0.013204346
427 310 26 35 0.013201428
124 24 22 24 0.013196251
360 38 81 120 0.013190349
940 134 28 42 0.013186398
52 265 16 16 0.013178448
1023 2 1 17 0.013175823
697 600 17 16 0.013173993
905 81 29 34 0.013173809
246 401 26 32 0.013171717
92 465 268 174 0.013171501
269 612 46 27 0.013165312
101 77 32 39 0.013159784
333 70 131 163 0.013158878
704 216 67 84 0.013157027
164 360 28 31 0.0131560555
778 220 43 40 0.013153558
812 447 179 192 0.01314985
170 73 25 27 0.013149656
900 34 21 25 0.013146237
176 484 47 63 0.0131454235
285 367 66 73 0.013138625
574 328 42 53 0.013136983
766 236 61 84 0.01313369
882 142 40 38 0.013126499
743 507 67 88 0.013126257
285 38 29 31 0.013118568
0 283 10 21 0.01310608
434 169 45 61 0.013096803
977 131 28 33 0.0130961165
1003 271 21 60 0.013091877
880 551 81 88 0.013081726
670 116 28 37 0.013079653
112 0 33 37 0.013070465
620 238 65 84 0.013067092
372 39 53 75 0.013066651
397 280 18 26 0.013060067
860 476 82 98 0.013059904
354 198 16 20 0.013059048
630 580 59 59 0.013058405
586 231 12 17 0.013057709
452 223 37 46 0.01305768
703 502 29 36 0.013049558
424 135 67 92 0.013048562
580 575 69 64 0.013042951
387 291 25 33 0.013038663
538 260 108 138 0.01303769
47 244 25 35 0.013031075
945 109 24 30 0.01302786
863 5 20 25 0.013026164
511 627 35 12 0.0130244745
29 186 42 39 0.013021059
157 344 16 28 0.013020221
543 430 72 97 0.013020191
953 169 36 57 0.01301982
490 7 21 37 0.013015588
691 168 43 57 0.013011156
287 430 25 28 0.013005917
910 161 32 35 0.01300412
231 175 23 34 0.012994453
231 115 31 39 0.012992195
718 30 18 22 0.012990501
196 339 12 20 0.012990021
481 225 25 34 0.012988713
605 453 67 95 0.012987302
479 21 16 27 0.012986303
102 42 22 25 0.012985957
498 33 19 18 0.012976119
251 286 52 64 0.012975523
410 146 50 65 0.012972288
0 322 18 33 0.012968441
178 147 24 23 0.012963943
0 0 100 94 0.01296092
202 86 29 33 0.012957484
1022 0 2 14 0.012953181
80 448 39 51 0.012950988
193 310 52 74 0.0129504
166 156 20 25 0.012948338
639 374 35 44 0.012943103
178 403 24 29 0.012942219
294 406 32 39 0.012942001
83 414 38 45 0.012941113
822 209 27 38 0.012937168
863 401 23 30 0.012934941
53 484 132 155 0.012931922
205 138 27 26 0.012929445
1005 296 19 59 0.0129198395
806 426 30 40 0.012918857
599 65 92 118 0.01291359
660 149 25 40 0.012912126
328 473 55 78 0.012911587
738 6 18 22 0.012908942
302 0 125 126 0.01289831
246 4 122 148 0.012895784
275 15 27 37 0.012892088
1014 42 10 16 0.012886494
651 354 24 25 0.012883917
493 0 18 16 0.012882755
506 474 60 83 0.0128817065
409 38 126 163 0.012880136
347 409 27 31 0.012866011
74 166 30 44 0.01286364
973 101 36 46 0.0128587745
69 362 16 21 0.012858641
120 414 20 21 0.012858006
406 381 61 81 0.012857919
1012 54 12 33 0.012857451
113 389 31 31 0.012853542
269 50 34 36 0.012853211
578 164 37 37 0.012848347
632 516 40 52 0.012847786
241 119 7 10 0.012847593
395 299 10 12 0.0128465295
152 219 38 43 0.012845753
214 198 28 38 0.012845527
688 140 26 33 0.012844743
476 55 39 48 0.012843371
194 433 18 22 0.012843282
461 23 30 34 0.012841022
674 387 43 56 0.012836822
617 336 36 40 0.012828335
944 480 66 111 0.012821294
414 457 60 82 0.012818854
866 245 13 22 0.012818726
810 251 27 32 0.012815346
450 340 53 69 0.012808233
904 253 31 42 0.012808049
540 0 24 29 0.012803948
887 100 62 78 0.012799529
1003 318 21 65 0.012797352
231 0 20 14 0.012795182
137 215 17 15 0.01279357
706 16 20 27 0.012792963
1018 354 6 22 0.012792414
782 218 23 22 0.012789537
457 107 41 61 0.0127859535
723 0 15 14 0.012784322
109 215 14 15 0.012780802
1005 183 19 54 0.012778656
378 253 41 56 0.012777695
614 101 36 46 0.012775838
395 289 18 23 0.012773843
857 575 79 64 0.012773516
94 18 31 38 0.012765112
1020 24 4 18 0.012760356
227 52 12 12 0.012758695
244 219 24 25 0.0127541395
182 592 71 47 0.012754061
0 196 5 13 0.012753606
421 86 73 103 0.012750941
1018 97 6 31 0.012749097
579 183 7 9 0.012747533
326 182 24 27 0.012743312
533 223 26 36 0.012741936
195 0 26 17 0.012734307
229 69 30 42 0.012725313
798 194 10 10 0.012716456
866 0 13 9 0.012715282
861 248 16 24 0.012712551
749 419 54 74 0.012710926
786 32 35 46 0.012710527
604 26 22 33 0.012708849
639 182 14 17 0.012707016
511 189 29 25 0.012706596
614 287 17 12 0.012704892
206 431 27 32 0.0127047645
86 260 23 32 0.012702775
674 409 44 58 0.012701317
4 471 68 106 0.012698016
657 209 41 55 0.012697848
1016 151 8 37 0.012696119
79 367 21 21 0.01268993
299 51 24 31 0.012685164
469 310 8 9 0.0126847355
609 260 10 14 0.012680246
108 507 54 70 0.012678714
672 369 15 14 0.012677736
916 152 33 37 0.01267067
6 326 27 36 0.012670649
29 528 62 93 0.0126653565
427 266 25 29 0.0126634585
951 11 9 10 0.012659265
604 0 127 135 0.01265147
549 239 8 11 0.012649247
661 338 30 35 0.012644814
766 33 31 38 0.01264364
54 153 34 44 0.012642558
204 202 28 36 0.0126386825
976 486 48 104 0.012634904
392 124 50 67 0.012634303
937 480 8 9 0.012632149
414 269 22 29 0.012622133
493 371 45 59 0.012621132
297 0 12 9 0.012618977
153 352 18 27 0.012615005
538 256 11 18 0.012613868
144 398 25 33 0.012610881
348 0 59 45 0.012606033
97 368 25 29 0.0126060005
941 493 11 15 0.012603662
965 629 32 10 0.012597189
389 404 49 66 0.012596748
613 323 23 30 0.012586249
574 133 43 56 0.012580243
702 340 30 37 0.012576813
383 599 66 40 0.012576411
387 297 12 16 0.012575702
628 51 29 32 0.012575352
987 612 11 13 0.012570456
694 207 26 27 0.012568699
556 254 13 13 0.012567428
581 221 18 26 0.012565786
395 0 45 38 0.012565237
522 332 25 33 0.012558526
783 194 36 44 0.012556476
447 315 19 23 0.012554256
499 379 64 85 0.01255255
12 188 12 12 0.012550703
315 69 46 64 0.01254795
0 457 14 17 0.012535804
135 264 47 60 0.012532822
515 131 84 95 0.012523786
573 196 22 25 0.012520097
129 44 22 34 0.012519263
511 66 50 65 0.012519165
646 141 26 40 0.012519135
275 544 51 65 0.012519042
842 290 43 63 0.012516942
457 163 42 48 0.01251523
576 202 39 61 0.012509616
108 353 17 31 0.012502341
621 386 33 42 0.012497837
489 521 40 53 0.012495842
924 417 47 70 0.012495614
235 149 29 26 0.012489297
550 254 15 14 0.012487562
185 117 9 11 0.012485017
283 423 286 216 0.0124822175
1021 106 3 24 0.012468445
492 517 129 122 0.012466531
761 446 70 95 0.012452531
255 499 50 65 0.012452401
931 53 27 31 0.012452369
1000 50 6 9 0.012447834
384 426 31 40 0.012447687
940 243 42 65 0.012447408
468 126 37 52 0.012446027
884 0 9 11 0.012443125
1009 598 14 15 0.012440248
823 164 40 53 0.012437392
796 319 131 166 0.0124311745
927 493 29 45 0.012430075
634 228 43 57 0.012425157
155 176 23 28 0.012424397
51 16 43 64 0.012422942
0 507 20 39 0.012422385
91 246 30 36 0.012421124
1020 39 4 13 0.012420678
226 323 53 80 0.012420213
1016 0 8 9 0.012419576
476 508 40 52 0.01241678
0 397 15 36 0.012416413
43 552 73 87 0.012416143
0 571 24 31 0.012413926
561 361 64 80 0.012404337
943 268 66 94 0.012401343
731 518 139 121 0.012400024
775 284 123 156 0.012397371
93 345 28 28 0.012397143
210 54 23 30 0.012393702
773 13 40 48 0.012393627
393 243 34 39 0.012392401
310 13 36 51 0.012383432
301 6 20 29 0.012379832
1017 75 7 37 0.012377657
361 196 68 80 0.012377404
451 80 45 43 0.012368325
859 325 48 66 0.01236629
758 9 30 42 0.012357329
909 65 27 29 0.012356507
511 212 29 34 0.0123549625
576 244 20 29 0.0123544
349 392 27 35 0.012350651
345 113 63 82 0.012347288
370 494 27 26 0.012343722
426 277 21 31 0.012337721
484 443 70 97 0.012335115
122 559 73 80 0.012330983
788 241 114 140 0.012326946
80 49 34 42 0.0123252
433 213 44 54 0.012324843
543 253 15 24 0.012322377
383 408 23 31 0.012317536
942 456 30 44 0.012314539
718 10 17 18 0.012313789
7 112 42 58 0.012311928
404 72 66 91 0.012310821
91 242 17 13 0.012309797
489 145 47 60 0.012309095
671 567 56 56 0.012308246
222 250 72 98 0.012300489
632 253 43 54 0.012299349
166 455 15 16 0.012295407
912 314 72 115 0.01229285
868 245 10 13 0.012291765
58 359 30 34 0.0122916475
85 563 79 76 0.01228987
0 417 21 38 0.012286915
605 54 13 25 0.012285463
692 60 27 31 0.012284057
57 449 44 56 0.012283559
784 352 61 81 0.012283024
232 140 29 26 0.012279079
125 7 24 36 0.012277387
138 331 42 53 0.01227646
813 355 26 39 0.012275823
48 491 33 40 0.01226496
265 432 18 26 0.012261863
636 142 27 36 0.012254927
0 232 11 19 0.012254544
605 68 22 32 0.012249726
261 254 78 89 0.012244517
587 396 50 47 0.012243667
1018 120 6 30 0.012233026
739 329 28 32 0.012232866
629 378 31 42 0.012229609
912 175 19 23 0.012226495
152 84 26 28 0.012226026
563 232 14 19 0.012225762
9 497 30 40 0.012223903
136 302 54 71 0.012223782
391 407 14 18 0.01222244
594 292 22 30 0.012221452
444 36 42 58 0.012219557
928 198 21 25 0.012216547
674 341 109 150 0.012211489
302 112 27 49 0.012210031
207 535 46 61 0.012207095
782 514 40 55 0.012202372
477 183 112 129 0.012200642
725 441 55 72 0.012196815
439 403 41 55 0.012194479
637 212 13 18 0.012193657
260 205 71 84 0.012187581
654 220 56 78 0.01218691
38 68 26 37 0.012186617
555 13 11 19 0.012184273
805 216 42 50 0.012183178
755 124 201 231 0.012177917
51 306 37 49 0.012177338
879 0 8 10 0.012175852
0 313 9 20 0.0121758245
513 262 17 20 0.012175457
299 85 34 62 0.012174184
606 115 19 37 0.012171505
551 245 10 10 0.012163921
1022 7 2 17 0.012162116
795 0 19 12 0.01216001
935 2 12 14 0.01215542
420 166 32 37 0.012151822
584 265 18 22 0.012147343
269 55 21 25 0.012145339
432 83 51 69 0.012139614
851 194 24 28 0.0121386815
560 0 13 10 0.012137529
967 64 29 36 0.012137158
440 280 15 20 0.012136742
363 512 27 20 0.012135955
948 191 47 58 0.012135746
985 627 31 12 0.012135578
849 337 30 40 0.0121351695
640 103 33 38 0.012135123
451 595 30 30 0.012134811
78 372 41 45 0.012134084
156 517 13 18 0.012129423
758 515 33 49 0.012129262
41 323 35 42 0.012127916
767 202 58 76 0.0121221915
668 0 14 11 0.012121203
672 130 19 23 0.012117978
380 343 27 39 0.0121166445
262 448 23 24 0.012116405
676 272 27 19 0.012114589
113 333 44 53 0.012113949
229 0 13 9 0.012112472
827 24 34 51 0.0121102175
834 374 43 63 0.012108868
323 579 72 60 0.012108516
823 414 80 104 0.01210668
129 92 20 31 0.012103838
449 361 63 86 0.012102659
572 240 12 14 0.012099749
451 264 20 32 0.012098948
216 291 46 69 0.012098759
581 0 13 19 0.012097805
40 452 40 44 0.012096202
193 164 38 48 0.012093083
0 0 203 293 0.012091609
245 413 27 38 0.012087938
390 340 49 68 0.012083348
590 297 30 40 0.012082403
424 462 26 35 0.012080711
744 218 63 81 0.012078305
383 621 54 18 0.01207527
523 299 30 35 0.012069703
892 184 29 32 0.0120624015
210 503 54 60 0.012058737
193 218 28 27 0.012056142
38 263 21 28 0.012055642
90 126 20 27 0.012053943
628 277 120 151 0.012052537
109 415 11 11 0.012049856
322 176 19 28 0.012048845
900 510 46 69 0.012047638
18 55 41 54 0.012047038
522 262 19 20 0.012046649
622 333 22 28 0.012045774
584 170 24 24 0.012042145
194 556 55 72 0.012034064
224 411 26 35 0.012029713
920 276 40 70 0.012027605
231 287 49 69 0.0120253395
604 197 41 53 0.012024883
949 224 50 65 0.0120225735
498 301 34 41 0.012017294
0 627 22 12 0.0120161455
333 505 48 62 0.012013366
31 335 34 40 0.012011657
881 216 27 34 0.012011636
98 201 24 30 0.012001155
534 314 32 38 0.011999822
476 290 16 21 0.011997081
391 166 51 68 0.011990322
813 375 24 37 0.011988848
218 242 125 154 0.011987236
571 15 24 51 0.011981034
91 259 38 52 0.011977464
979 350 34 54 0.011974018
555 236 16 17 0.011973676
520 52 72 94 0.011969014
63 78 113 150 0.011963794
401 272 14 23 0.011961905
560 411 68 82 0.011961073
289 74 35 57 0.0119586885
456 99 118 144 0.011957285
837 344 39 49 0.011957187
467 509 67 97 0.011951608
646 220 23 29 0.011941338
813 340 39 58 0.011940159
464 90 41 48 0.011939494
133 447 27 29 0.011936633
790 80 17 19 0.011917534
705 300 149 175 0.011914898
762 265 21 25 0.011913451
163 417 93 113 0.011912809
866 260 12 13 0.011912172
712 169 44 56 0.011910839
341 422 61 86 0.011897675
701 440 44 51 0.0118950065
24 198 32 28 0.011893817
747 484 54 71 0.011887499
129 34 15 20 0.011885559
168 151 14 15 0.011876981
752 69 25 34 0.011876621
336 375 39 52 0.011874171
587 384 29 25 0.011872987
687 65 39 42 0.0118682
293 246 50 61 0.011866407
304 9 24 38 0.01186539
0 508 108 131 0.011863654
168 94 15 20 0.011863378
44 509 66 87 0.011863079
606 295 56 77 0.011861751
180 65 21 27 0.011861598
450 438 34 47 0.011860956
28 329 98 121 0.0118584195
136 0 22 21 0.011851461
73 490 69 89 0.011850074
868 45 25 32 0.011848117
934 0 9 10 0.01184766
417 376 310 263 0.011846622
375 393 29 37 0.011846246
512 297 27 34 0.011846012
578 397 67 77 0.01184484
959 161 25 41 0.01184297
166 44 31 35 0.011842239
296 467 45 62 0.0118346
965 26 25 30 0.01183325
669 194 57 78 0.011833058
811 503 80 110 0.011832572
498 252 25 22 0.011832117
577 185 26 24 0.011831568
241 37 28 27 0.011825849
747 284 34 46 0.011823771
570 251 21 27 0.011811871
87 154 22 30 0.011809112
177 504 51 70 0.0118071735
429 289 15 21 0.011806147
326 0 43 36 0.011801528
471 287 15 15 0.011798672
633 606 47 33 0.011798534
347 426 27 33 0.011798097
175 107 29 38 0.011796385
221 50 17 19 0.011794558
405 323 25 37 0.011794419
39 271 14 15 0.011788351
538 308 21 27 0.011787649
395 328 23 34 0.01178648
561 501 46 57 0.011781268
463 279 12 19 0.011777624
244 177 14 16 0.011776514
583 190 25 27 0.011775896
847 108 123 141 0.011774901
81 483 44 58 0.011774471
950 7 9 11 0.011773524
674 587 75 52 0.011771517
636 134 19 21 0.011767934
451 308 18 25 0.011766475
407 412 64 81 0.011764522
204 465 30 36 0.011764402
379 509 78 108 0.0117618255
618 279 19 19 0.011758204
591 339 12 17 0.011754005
457 286 17 21 0.011752442
129 210 16 14 0.011750306
193 455 36 40 0.011747381
1006 466 18 55 0.01174465
410 610 51 29 0.011742902
150 194 10 12 0.011741961
273 247 48 59 0.011741837
999 592 25 39 0.011740932
573 374 41 50 0.011740849
863 270 12 11 0.011739167
446 460 19 32 0.011738286
595 271 17 25 0.011736702
905 410 43 62 0.011735424
903 163 24 28 0.011728587
467 184 62 81 0.011722555
948 126 22 30 0.011720835
281 461 17 18 0.01171951
442 473 29 33 0.0117193805
458 322 29 32 0.01171522
71 620 54 19 0.011714741
413 251 28 23 0.011711121
499 287 24 22 0.011709455
151 447 10 12 0.011708569
143 119 117 140 0.011707321
1001 429 8 17 0.011705948
155 169 9 11 0.011704972
431 328 33 42 0.0117031615
352 269 29 40 0.011702925
314 446 37 43 0.011700102
804 139 15 14 0.011698493
728 9 12 15 0.011698174
1023 112 1 18 0.011696274
831 277 27 36 0.011696051
802 114 25 32 0.011690779
833 100 28 37 0.011689958
746 133 64 84 0.011688606
579 0 27 25 0.011688499
0 213 11 16 0.011686738
436 371 42 54 0.01168596
434 310 18 20 0.011682264
688 278 31 26 0.011680875
72 412 110 151 0.011679936
146 359 26 33 0.0116788335
218 154 14 19 0.011677437
552 535 28 38 0.011672717
633 21 26 35 0.011670026
314 129 37 54 0.011669663
281 589 45 40 0.011668086
458 0 36 30 0.011665572
501 200 31 33 0.011663441
890 79 30 35 0.011661958
1019 59 5 24 0.011659275
435 130 45 60 0.011656789
285 165 32 33 0.011656253
232 265 49 64 0.011656245
574 260 14 18 0.011654894
300 44 126 157 0.011642337
723 536 40 51 0.011638904
252 246 49 59 0.011632324
1023 109 1 18 0.011627715
93 448 17 16 0.011622009
281 438 19 23 0.011621505
887 117 36 44 0.011613404
37 135 25 31 0.011613025
436 285 13 18 0.011611244
346 185 11 15 0.011609075
786 0 19 13 0.011607277
272 390 30 39 0.011606019
128 101 25 36 0.011597296
509 629 9 10 0.011596271
89 92 17 22 0.011596224
793 276 13 15 0.01159498
150 362 13 16 0.011594673
833 127 7 9 0.01158974
86 85 9 14 0.011587737
829 420 29 37 0.011586422
694 255 12 22 0.011586361
547 604 60 35 0.011583759
745 72 119 129 0.0115828235
233 163 15 17 0.011580374
133 482 50 65 0.011576232
622 222 43 52 0.011575586
625 281 57 76 0.011574295
112 24 29 36 0.011573599
0 376 19 41 0.011570618
968 42 21 23 0.011568932
532 68 48 62 0.011554957
908 567 31 39 0.011551476
512 254 18 17 0.011550867
80 306 43 58 0.011547417
0 66 15 32 0.011546348
558 447 75 105 0.011542665
754 230 42 54 0.01154208
316 0 14 13 0.0115377
220 146 17 20 0.011537297
246 326 56 70 0.011535951
590 111 37 54 0.011535947
750 32 16 15 0.011531582
85 94 11 17 0.011530542
275 49 23 23 0.011530235
380 0 186 130 0.011528383
889 472 52 62 0.011526749
232 225 48 57 0.011525032
453 222 11 16 0.011523711
193 35 27 34 0.011522941
218 487 124 152 0.011521677
645 92 37 40 0.011510933
776 565 39 55 0.011510356
81 223 19 19 0.01150836
245 467 27 33 0.011503637
836 73 33 46 0.011497097
874 496 82 112 0.011495077
49 192 39 40 0.011493301
0 339 10 19 0.011490678
104 48 29 38 0.011483473
853 270 119 169 0.011480656
56 12 31 42 0.011479627
336 258 34 38 0.011477638
37 331 23 29 0.011474337
653 90 115 142 0.011471182
875 0 12 19 0.011468927
216 267 47 63 0.011468914
389 60 55 76 0.011465314
453 214 18 26 0.01146521
664 371 36 44 0.011461035
859 133 13 19 0.011460216
407 535 65 87 0.0114597175
463 182 25 30 0.011454575
967 105 29 36 0.011452829
878 201 39 39 0.011451156
18 545 11 16 0.011450846
311 151 8 10 0.01144724
618 166 12 14 0.011442463
960 115 25 35 0.011440309
337 346 56 65 0.011436807
239 628 35 11 0.011436769
954 27 12 17 0.011435143
1010 456 14 46 0.011434053
686 596 11 12 0.011423184
868 266 17 20 0.011422848
192 267 50 63 0.011419884
33 459 30 33 0.011419153
690 253 23 29 0.01141697
764 519 40 58 0.0114146555
3 284 18 23 0.011409715
217 285 9 10 0.011408495
783 411 24 35 0.011406724
227 316 42 55 0.011405511
288 0 13 16 0.011395989
96 427 32 37 0.011395553
766 199 40 42 0.011391983
189 443 12 18 0.011385728
476 232 21 26 0.011380601
607 284 21 27 0.011379022
693 335 24 28 0.011378906
832 262 16 18 0.0113769965
712 26 16 18 0.0113744605
475 372 46 60 0.011374392
120 449 31 29 0.011369961
942 3 8 10 0.011369303
792 86 18 21 0.011368614
1020 68 4 21 0.011366507
757 64 22 27 0.011364428
364 156 71 90 0.01136332
100 536 49 55 0.011362233
201 82 22 27 0.011362168
730 603 51 36 0.011362135
1021 76 3 23 0.011358521
112 493 7 10 0.01135839
529 152 54 58 0.011356955
526 0 21 18 0.011356367
301 337 33 38 0.011352599
233 0 29 20 0.01134479
110 448 22 31 0.011344252
848 0 16 12 0.011342005
728 72 28 33 0.011341331
637 43 31 41 0.01133956
453 99 37 44 0.0113391485
562 48 65 93 0.011337001
435 552 48 62 0.011336162
611 582 54 57 0.011333919
55 292 28 42 0.011324994
95 472 24 30 0.011323011
902 39 12 14 0.011321305
1023 106 1 19 0.011321147
132 29 13 15 0.011318999
249 572 51 60 0.011318976
597 343 13 14 0.0113177085
532 8 29 30 0.011317668
758 296 34 47 0.01131707
157 330 28 44 0.011312303
114 84 30 39 0.0113077555
751 279 26 32 0.0113074705
883 429 22 35 0.011305374
945 307 62 91 0.011301692
56 72 40 53 0.011293383
447 289 8 11 0.0112897465
735 401 37 43 0.011282139
494 0 10 9 0.011281422
920 56 24 27 0.011280658
449 0 219 155 0.011278996
751 0 16 17 0.011274003
931 135 25 36 0.011273806
821 95 63 76 0.011273542
719 389 46 49 0.011273529
268 144 22 30 0.011272822
955 15 20 26 0.01127129
773 388 129 154 0.0112656485
892 271 42 52 0.011265354
642 180 41 51 0.011261361
74 294 27 38 0.011259392
1011 328 13 43 0.011256652
72 239 20 24 0.011251674
1017 25 7 23 0.011247413
356 464 40 55 0.011246794
562 2 8 11 0.0112462845
713 555 11 16 0.011244747
663 354 23 27 0.011244645
798 440 80 105 0.011244641
634 416 16 12 0.011242292
184 353 35 41 0.01124194
975 332 20 28 0.011240825
335 477 26 40 0.0112385135
569 558 35 47 0.011237575
1019 144 5 29 0.011232163
329 34 62 87 0.011231201
297 435 20 24 0.011227956
167 449 17 18 0.011227036
874 259 16 22 0.011221805
440 513 18 15 0.011219924
42 435 36 42 0.011215943
140 211 29 30 0.011214983
852 45 24 32 0.011214532
572 221 20 26 0.011213258
679 218 14 17 0.011212827
396 13 44 67 0.011211789
332 87 52 67 0.011210045
265 17 27 35 0.011204534
0 20 22 40 0.011200515
878 58 33 41 0.011197823
89 11 26 34 0.011194837
506 261 24 34 0.0111943325
634 551 40 54 0.011194066
941 187 36 45 0.011185365
388 201 59 71 0.011183551
286 97 24 31 0.01118355
224 61 14 22 0.01117867
1 376 77 115 0.011178473
841 501 18 29 0.011175486
516 15 40 45 0.011173962
1020 141 4 21 0.011172052
404 280 17 23 0.01117083
556 617 42 22 0.011168755
883 158 36 36 0.011168346
832 616 50 23 0.011165573
570 0 18 15 0.011163317
189 87 18 20 0.011162445
617 66 34 36 0.011159389
941 9 13 18 0.011158523
717 594 12 13 0.011156751
474 548 44 60 0.011151961
1005 389 19 64 0.011151383
959 194 25 32 0.011150593
373 228 45 57 0.011141819
214 245 48 57 0.01113916
495 396 43 58 0.011139052
630 442 55 77 0.011138128
563 164 13 14 0.011133697
385 320 24 37 0.0111334035
58 527 23 28 0.011132854
420 0 31 28 0.011130353
611 184 35 42 0.01113029
874 238 19 29 0.011128102
405 304 16 22 0.011125283
806 88 20 20 0.01112172
179 101 16 13 0.011115687
0 540 31 59 0.011115682
594 0 27 24 0.011113957
271 624 33 15 0.011112065
42 628 35 11 0.011109148
411 106 50 66 0.011105992
481 137 31 41 0.011104153
843 244 28 32 0.011103042
980 24 8 11 0.011102188
355 387 39 47 0.01110061
204 151 27 24 0.011100585
268 326 55 64 0.011098512
16 8 25 32 0.011098365
223 59 14 12 0.011097805
219 287 9 10 0.011095989
926 271 31 44 0.011095716
559 214 33 46 0.0110929
241 104 24 35 0.011092744
276 456 15 16 0.011092688
429 629 33 10 0.011091452
605 343 23 26 0.011090523
274 382 49 57 0.011083188
270 134 21 27 0.011082552
971 199 9 10 0.011080526
127 237 28 32 0.01107552
278 616 12 21 0.011069733
85 73 27 39 0.011066354
873 302 44 67 0.011065982
872 12 11 15 0.011065201
671 38 28 39 0.011064907
316 46 46 63 0.011062062
158 176 9 11 0.011061272
1014 251 10 32 0.011060974
772 54 21 28 0.011059331
836 130 35 47 0.011056712
814 614 46 25 0.011056227
860 413 16 23 0.011054727
483 184 30 32 0.011051736
735 416 40 53 0.011050427
673 288 26 36 0.011049222
485 317 24 31 0.011045607
1022 41 2 14 0.011042816
484 500 40 47 0.0110399565
27 63 25 33 0.011037888
313 423 24 29 0.011033402
972 46 12 14 0.01103077
721 511 17 17 0.011030578
754 168 45 56 0.011028955
721 196 66 84 0.011028009
146 439 119 165 0.011027599
65 372 26 36 0.011023741
499 0 14 10 0.011020672
916 0 15 10 0.011020665
498 91 14 15 0.0110204555
464 194 22 32 0.011018529
38 545 41 59 0.011017632
877 278 33 40 0.011008983
651 6 15 18 0.011002625
45 182 33 35 0.0110025685
585 335 61 82 0.011001508
303 432 18 21 0.011000013
772 417 26 34 0.010999154
154 99 28 39 0.010995481
113 364 85 85 0.010994299
46 319 24 32 0.010992629
0 431 24 41 0.010991729
496 471 43 45 0.010990267
181 202 26 34 0.010986869
494 437 47 65 0.010986229
69 393 41 48 0.010986154
46 158 12 15 0.010985206
635 355 23 25 0.010978179
913 91 110 138 0.010972071
1001 50 8 12 0.0109712845
1023 38 1 15 0.0109699955
713 587 9 10 0.0109672155
584 301 24 34 0.010966724
146 74 25 33 0.010966098
230 458 30 35 0.0109550115
683 458 229 181 0.010954084
604 43 12 18 0.010952686
789 294 38 55 0.010948357
203 402 27 31 0.010943999
909 199 25 26 0.010941587
1018 386 6 22 0.010938714
882 23 24 29 0.010935383
894 205 27 30 0.010933358
246 136 41 48 0.010932677
152 376 31 42 0.010930281
372 121 51 68 0.010930258
652 154 24 38 0.010929904
142 137 14 20 0.010927388
232 491 50 60 0.010926639
725 33 15 19 0.010925629
742 69 25 34 0.010925528
282 232 78 91 0.010925066
340 68 78 106 0.010922106
16 330 25 33 0.010918379
89 105 13 16 0.010917807
935 196 15 14 0.010913431
201 61 14 22 0.010910559
477 295 19 29 0.010909356
483 71 39 41 0.0109082125
204 77 11 14 0.01090794
28 277 17 22 0.01090373
1013 299 11 33 0.010903089
595 348 41 54 0.010902274
727 542 11 14 0.010899636
455 30 49 61 0.010898221
109 18 26 28 0.010897675
772 228 24 26 0.010895837
861 25 23 29 0.010894138
796 365 24 32 0.01089011
138 55 20 31 0.010888311
437 509 71 102 0.010887241
289 592 28 21 0.01088463
654 137 17 19 0.010883319
101 9 26 34 0.01088187
201 435 12 15 0.010881723
531 459 50 69 0.010880323
592 608 47 31 0.010879161
605 372 41 51 0.010878931
814 195 23 38 0.010877863
582 32 30 49 0.010875037
896 151 37 37 0.010874249
339 392 37 60 0.010872932
336 460 27 34 0.01086952
664 474 68 100 0.010869515
819 67 22 31 0.010868988
236 411 19 26 0.010867392
653 379 25 32 0.01086329
818 362 28 42 0.010861933
1010 45 12 12 0.01086172
1013 314 11 33 0.010858677
244 164 25 30 0.010857337
648 210 23 29 0.0108563835
855 131 13 17 0.010855201
246 448 27 32 0.01085436
88 181 24 32 0.010853238
683 351 24 29 0.010852141
427 153 31 39 0.0108500635
350 0 33 28 0.010848155
874 129 37 41 0.010847256
339 193 20 24 0.010846645
529 359 64 83 0.0108438255
509 38 19 20 0.010837243
852 320 38 52 0.010836946
22 231 34 44 0.010835477
4 237 14 17 0.010834884
255 167 116 138 0.010834238
61 201 36 42 0.010833604
410 278 16 20 0.010832573
450 603 48 36 0.010831238
303 64 30 45 0.010830099
583 240 13 19 0.01082957
463 398 27 38 0.010825726
862 195 24 26 0.010821575
418 402 37 49 0.010819931
766 360 11 23 0.010819845
912 394 48 58 0.010817606
910 585 14 18 0.010816685
602 260 7 13 0.0108154295
938 7 11 15 0.010813301
977 8 18 24 0.010811419
983 0 16 12 0.0108111845
926 207 18 20 0.010809303
378 0 38 33 0.010807084
871 23 24 30 0.010806855
725 94 23 29 0.010804184
371 441 128 186 0.010799663
221 409 125 140 0.010796406
988 0 17 17 0.010795839
138 175 19 23 0.010794121
344 467 65 93 0.010792868
799 281 27 29 0.010792778
773 0 21 12 0.010792428
205 447 30 36 0.010788763
43 51 14 15 0.01078811
572 65 44 61 0.010778939
0 198 3 9 0.010775787
166 0 25 21 0.010774946
488 311 35 44 0.010774659
858 359 55 73 0.010773427
150 134 18 19 0.010769335
240 123 11 19 0.010768127
410 41 57 75 0.010767925
0 61 7 17 0.010766218
508 44 24 28 0.0107604135
479 318 15 24 0.010760367
544 236 12 16 0.010758701
653 448 48 62 0.010758604
63 591 75 48 0.010757268
497 101 42 58 0.010756446
701 74 28 29 0.010754356
5 408 25 40 0.01075215
410 208 34 44 0.010752101
459 144 38 48 0.010748316
573 347 43 56 0.010748036
912 32 24 30 0.01074802
617 159 18 20 0.01074553
886 51 34 42 0.010745003
91 619 56 20 0.010744235
563 6 16 18 0.010735718
959 42 14 21 0.010731354
51 552 21 21 0.010730796
702 6 10 11 0.010725925
874 343 81 106 0.010725223
605 272 22 28 0.01072358
107 212 25 29 0.0107208
155 496 16 27 0.010718076
61 279 25 29 0.010717887
15 188 107 136 0.010715932
264 129 32 42 0.010715372
791 149 43 57 0.010715277
965 245 42 61 0.010714145
246 0 12 9 0.010713643
238 535 70 85 0.010713591
0 491 4 10 0.0107102
477 606 46 33 0.010706329
52 210 35 35 0.010702466
398 443 37 50 0.010702105
284 2 28 34 0.010701234
698 6 16 21 0.010700741
240 31 15 20 0.010700668
512 351 44 55 0.010700637
785 230 23 18 0.010700137
86 370 122 136 0.010697163
154 559 51 71 0.010693937
562 96 67 90 0.010693916
1018 267 6 21 0.0106934095
697 629 31 10 0.010691866
965 74 33 41 0.010688759
457 384 21 29 0.010687392
591 194 24 28 0.010685444
415 370 41 55 0.010685371
931 495 18 28 0.010685292
798 74 22 27 0.010685266
569 5 21 39 0.010683699
283 317 53 59 0.010683154
858 250 12 19 0.010682686
940 271 43 62 0.010679813
9 238 13 19 0.010678095
817 111 33 40 0.010677557
937 3 8 10 0.010675215
0 547 21 29 0.010675025
565 433 41 50 0.010674855
0 0 12 15 0.010674725
129 160 15 15 0.010669349
780 65 15 19 0.010665579
1004 0 9 10 0.010663067
155 174 9 11 0.010661955
0 159 22 34 0.010660912
253 225 48 56 0.010659996
551 377 30 38 0.01065797
749 453 11 14 0.010657021
880 336 42 62 0.010652853
949 472 26 46 0.010648985
244 176 42 51 0.010648844
649 212 12 15 0.01064852
425 177 116 144 0.010646509
503 72 28 33 0.010645184
365 403 26 31 0.010644949
663 72 44 47 0.010643692
221 228 29 35 0.0106414035
538 350 42 54 0.010640381
233 152 16 11 0.010637289
352 620 55 19 0.010635423
74 457 29 42 0.010633782
766 248 34 39 0.010629895
946 335 37 60 0.010629276
20 87 40 60 0.010628493
922 108 24 34 0.010626815
1003 5 11 18 0.0106232315
898 90 28 33 0.010621323
908 39 32 37 0.010618507
864 286 48 63 0.01061635
960 397 38 55 0.01061458
745 229 100 122 0.01061364
0 69 23 62 0.010611079
171 178 36 45 0.010608059
342 186 17 22 0.01060627
490 144 30 41 0.010605552
779 61 11 18 0.0105982935
732 148 45 58 0.010596459
121 35 19 20 0.010596255
7 0 27 23 0.010595527
429 192 41 55 0.010595061
1002 124 22 40 0.010590333
759 270 27 34 0.010589683
640 175 21 27 0.0105863875
369 308 35 48 0.010585363
240 179 24 34 0.010583716
611 18 31 38 0.010583277
733 22 11 13 0.010582785
1023 455 1 16 0.010582239
0 324 11 22 0.010580638
663 272 36 45 0.010580515
729 544 7 9 0.010579685
124 410 15 15 0.010578206
785 71 16 21 0.010577649
364 434 47 58 0.010577516
225 219 28 32 0.010576303
673 378 16 17 0.010575436
442 310 17 20 0.010574838
962 460 42 66 0.010574302
283 418 28 30 0.010573461
0 362 6 13 0.010571494
241 179 12 18 0.010568938
555 194 42 53 0.010568694
1006 51 7 10 0.010568272
241 417 14 17 0.010567918
311 348 31 36 0.010566714
88 82 11 14 0.010566124
724 277 34 34 0.010565803
748 220 34 41 0.010564911
22 297 19 19 0.0105647035
772 197 12 16 0.010557959
484 295 18 21 0.010556879
619 9 27 29 0.010556017
186 151 26 26 0.010551673
941 126 16 21 0.010551319
299 0 18 16 0.01054915
330 190 16 15 0.010548211
862 388 38 55 0.010547733
905 132 13 25 0.010547477
307 354 42 55 0.010546045
115 491 13 16 0.010543555
723 180 26 32 0.010540028
776 462 31 39 0.010539851
1023 42 1 14 0.010533432
394 273 17 26 0.010533164
116 432 23 27 0.010532064
482 491 32 36 0.010529697
721 525 71 95 0.010528244
692 205 42 56 0.010527363
226 341 10 16 0.010527191
167 142 16 17 0.010525944
528 183 35 33 0.010523252
243 206 25 29 0.010520663
614 408 43 54 0.010513843
738 27 9 17 0.0105107
780 71 8 13 0.010508951
630 16 18 19 0.010508499
160 176 34 43 0.01050822
523 318 27 35 0.010507839
697 13 7 9 0.010505955
48 525 38 45 0.010505038
798 288 31 43 0.010503977
153 64 28 34 0.0105003975
112 39 28 38 0.0104998285
702 500 67 94 0.010497984
907 0 22 16 0.010497801
170 349 39 41 0.010496222
881 403 9 10 0.010495402
220 122 26 29 0.010490979
634 184 17 21 0.010487131
567 359 18 23 0.010484987
724 16 10 11 0.010478141
590 227 10 15 0.010478029
398 263 13 17 0.010477008
712 0 11 10 0.010473586
255 478 29 35 0.010471802
500 136 30 40 0.010471015
232 46 28 39 0.0104668075
371 84 54 73 0.010465624
696 11 22 34 0.010464867
732 521 46 60 0.010463451
495 295 14 16 0.010456197
138 206 12 12 0.01045586
861 415 8 10 0.010455391
683 298 39 48 0.0104527585
1023 30 1 14 0.010452576
660 106 27 30 0.010447766
947 81 29 37 0.010446327
233 21 11 19 0.01044599
744 480 11 21 0.0104425205
771 488 47 62 0.010441523
283 398 31 37 0.010440429
10 401 21 27 0.010437889
790 271 27 22 0.010434165
18 292 17 19 0.010429621
123 160 23 23 0.010427706
827 190 30 39 0.010425765
944 113 17 20 0.010425355
301 435 28 35 0.010424127
543 247 6 10 0.010423196
0 132 93 152 0.01042205
129 505 53 69 0.010421953
830 350 12 15 0.010420205
232 212 42 45 0.010420129
604 629 30 10 0.0104196025
113 617 56 22 0.0104196025
104 44 14 15 0.010418311
233 116 15 12 0.010418062
496 298 16 21 0.01041722
854 405 17 22 0.010416875
206 187 28 40 0.010415398
542 182 27 28 0.010412825
26 342 23 29 0.010411553
834 125 12 14 0.0104109235
491 538 56 84 0.010410811
910 73 15 16 0.010410133
261 396 32 40 0.010409645
647 271 8 9 0.0104087135
475 349 45 56 0.010403034
1023 41 1 14 0.010401993
522 32 25 31 0.010401321
158 426 8 11 0.010399679
905 0 15 10 0.010398587
742 16 17 24 0.010394814
834 394 10 14 0.010394813
822 291 46 60 0.010390006
960 45 24 25 0.010389634
290 438 24 29 0.010389565
35 40 39 52 0.010388184
0 335 14 32 0.010384407
843 160 43 49 0.010383272
453 176 30 43 0.010382404
302 566 24 24 0.010380296
779 35 27 33 0.010375785
236 171 14 15 0.010370769
322 370 31 42 0.010364117
1014 284 10 31 0.010364028
157 367 25 33 0.0103637045
986 42 13 20 0.010362173
231 49 11 14 0.010361997
512 320 28 35 0.0103615485
483 557 13 14 0.010356344
527 486 20 26 0.0103550255
277 499 26 35 0.010351006
166 204 29 36 0.010350868
86 430 28 34 0.010349371
643 189 25 32 0.010348215
642 350 21 19 0.0103447875
650 346 16 14 0.010342916
861 13 18 22 0.010339759
106 215 10 14 0.010339348
948 535 53 80 0.010338794
694 560 70 78 0.010337341
1023 29 1 13 0.010333989
239 225 24 30 0.010326695
0 367 9 16 0.010325098
533 404 54 63 0.0103249
822 129 8 11 0.010324821
620 139 24 33 0.010324243
835 494 73 88 0.010324069
842 124 71 76 0.010323543
943 204 22 31 0.010322855
628 395 34 40 0.010322151
211 358 23 29 0.010320896
265 0 17 13 0.010318049
202 507 26 32 0.010317162
172 18 34 38 0.010315501
573 522 129 117 0.010315417
468 295 18 25 0.010313183
459 472 127 167 0.010312943
397 249 18 25 0.010311373
803 168 16 20 0.010310761
136 0 16 13 0.010310739
696 213 9 10 0.010308043
809 162 58 79 0.010307729
696 317 39 47 0.010304982
397 306 20 31 0.010304935
482 438 27 33 0.010304337
305 69 12 15 0.010304185
632 403 23 25 0.010303904
764 153 42 56 0.010295537
770 281 29 34 0.0102953855
497 410 23 32 0.010292422
588 184 26 25 0.0102904765
888 40 29 35 0.010288651
1023 0 1 12 0.010288466
850 127 24 34 0.010286699
465 390 9 11 0.010286182
771 58 15 19 0.0102839
307 433 11 13 0.010279952
390 471 65 91 0.010278412
942 219 39 56 0.010277573
770 462 46 62 0.010276634
13 480 28 39 0.010276606
13 54 28 36 0.010275663
712 207 45 58 0.01027406
234 425 22 30 0.010273504
743 14 12 16 0.010272346
156 0 19 13 0.0102690775
696 78 126 151 0.010268364
145 179 24 32 0.01026734
984 123 26 35 0.010267143
934 215 14 17 0.010266571
1002 251 22 55 0.010264453
0 285 5 11 0.010263981
237 50 9 12 0.010263383
930 156 22 28 0.01026314
768 305 33 46 0.010261668
919 1 11 17 0.010261472
892 442 9 15 0.010260875
873 151 24 22 0.010257815
276 172 31 32 0.010254515
344 244 32 40 0.010252833
624 279 11 11 0.010252554
0 500 16 26 0.010251937
661 251 34 39 0.010246996
326 192 25 28 0.01024585
516 96 42 62 0.010245054
1015 356 9 34 0.010242987
148 199 37 42 0.010242973
672 384 18 19 0.010242785
813 156 39 52 0.0102420775
654 388 40 52 0.010240796
375 279 22 31 0.010240423
926 172 17 14 0.010233613
891 483 29 41 0.010233418
0 348 11 23 0.010231074
386 355 61 86 0.010230065
38 299 9 10 0.010229518
544 320 30 39 0.010229348
963 152 34 54 0.010225893
686 0 13 16 0.010225168
950 166 25 37 0.010224554
856 199 35 38 0.0102216825
607 255 15 20 0.010218922
858 62 30 41 0.010217635
694 135 36 45 0.010214748
871 203 25 29 0.010214721
992 77 25 35 0.010214495
578 262 18 20 0.010211181
136 20 22 41 0.010210584
131 479 10 14 0.010209369
792 110 26 33 0.01020886
1023 0 1 15 0.0102064
950 3 14 17 0.010204321
441 628 35 11 0.010204211
485 241 14 17 0.010202947
586 236 14 18 0.010201606
112 189 12 18 0.010200507
684 176 61 80 0.010200136
768 216 37 36 0.010199682
282 381 29 37 0.010199133
458 475 11 20 0.010199121
741 617 44 22 0.010198611
633 323 25 30 0.010197784
427 432 63 84 0.01019676
583 359 12 15 0.010194812
249 53 38 44 0.010190395
417 459 13 14 0.010189741
279 6 15 24 0.01018364
953 10 17 23 0.010180966
1015 628 9 11 0.010177841
846 0 11 9 0.010175957
529 343 18 26 0.010174449
229 626 31 13 0.0101734735
552 192 27 30 0.010173431
238 100 10 13 0.010172471
1023 46 1 15 0.010171602
681 60 26 32 0.010171463
263 420 23 33 0.010166138
793 217 9 11 0.010165437
709 332 26 33 0.010160692
246 479 25 32 0.010158635
130 135 20 27 0.010156631
790 204 23 28 0.01015633
747 26 23 39 0.010154995
523 97 63 84 0.010154824
1002 1 9 16 0.010154618
578 287 9 11 0.010153643
809 308 46 65 0.010153201
46 270 16 22 0.010151868
457 504 42 55 0.010148768
702 47 17 23 0.010146886
484 276 24 25 0.010145498
1023 451 1 16 0.010144504
919 502 43 71 0.010144359
133 257 14 14 0.010143759
766 0 15 12 0.010143364
839 234 25 36 0.010140041
791 613 39 26 0.010136492
338 426 34 55 0.0101353275
761 498 24 34 0.010135025
92 227 18 18 0.010134691
89 89 34 50 0.010133785
358 202 17 20 0.010133199
738 273 30 30 0.010132766
708 14 13 17 0.01012972
0 222 151 204 0.010127543
842 116 11 15 0.010126463
432 481 25 32 0.010124623
334 0 16 13 0.010122727
67 196 24 29 0.010122209
880 31 29 33 0.010119538
959 475 28 43 0.010117265
501 0 18 16 0.010117018
547 313 18 21 0.0101118805
72 188 34 45 0.010105616
798 364 36 58 0.010105044
118 140 29 30 0.010103193
18 352 39 47 0.01010303
756 412 35 43 0.010102835
187 430 13 17 0.010102479
291 490 26 31 0.0101018995
770 183 28 34 0.010101484
84 340 27 23 0.010100978
945 48 20 26 0.0101007
490 106 33 47 0.010100476
899 142 30 33 0.010100278
430 306 17 20 0.010098753
509 16 21 34 0.010097698
703 12 13 19 0.010096539
865 408 36 54 0.0100951735
663 425 119 171 0.010093875
495 31 11 16 0.010091819
602 208 27 35 0.010091136
21 51 17 21 0.010090141
506 139 37 50 0.010085792
312 179 20 28 0.010085569
783 282 23 25 0.010085193
270 78 40 53 0.0100837825
56 473 42 50 0.010082169
791 454 40 56 0.010080933
77 207 24 30 0.0100783035
941 423 53 77 0.010077775
1023 32 1 14 0.010077646
511 68 32 39 0.010077607
559 245 15 20 0.0100769345
166 401 28 32 0.010076884
780 76 17 20 0.01007601
28 498 31 40 0.010073603
796 190 39 54 0.010072986
60 162 12 16 0.010072042
1021 16 3 14 0.010070589
158 607 48 32 0.010070418
167 376 26 34 0.010065394
62 104 43 60 0.010062349
430 419 38 46 0.010061106
441 111 37 50 0.010059643
90 62 12 14 0.010058147
223 63 10 10 0.010057076
497 543 41 51 0.010054502
236 44 12 14 0.010053148
533 283 25 29 0.010052794
94 628 34 11 0.010052248
674 78 225 266 0.010050333
127 178 17 18 0.010049822
577 198 15 17 0.010047294
436 59 44 57 0.010046893
576 442 42 52 0.010046403
86 285 12 20 0.010044644
723 22 8 10 0.010043911
75 17 20 31 0.010041941
373 117 126 164 0.01004099
132 91 12 18 0.010039509
412 256 16 11 0.010039281
911 110 25 30 0.010039212
720 69 15 13 0.01003853
554 243 15 15 0.010037688
58 272 20 28 0.010035838
56 343 28 31 0.010034923
814 216 11 11 0.010032783
881 57 7 9 0.010032262
227 398 25 37 0.010031279
969 139 16 22 0.01002808
579 436 12 15 0.010027953
235 62 22 32 0.010026833
112 308 42 55 0.010026619
131 37 8 12 0.010025743
541 495 75 104 0.010023874
326 185 11 17 0.010023765
377 15 43 66 0.010023658
35 306 22 33 0.010023196
969 96 26 29 0.010021776
616 158 13 14 0.010021485
647 221 35 46 0.010020873
735 359 13 15 0.010020496
1021 44 3 15 0.010016388
937 489 18 25 0.0100123035
571 616 45 23 0.0100115705
957 117 18 25 0.010011081
975 25 9 16 0.010009621
825 431 19 29 0.010008899
88 411 24 29 0.010008697
555 216 9 12 0.010007598
145 88 24 33 0.010006496
1023 115 1 18 0.010006458
864 40 13 15 0.010005795
852 261 17 20 0.010003053
1019 620 5 15 0.010001126
0 559 4 9 0.010000089