49_Greeting_peoplegreeting_49_140
878
290 87 73 97 0.8596069
697 55 68 101 0.82899445
498 103 64 89 0.82536346
818 51 62 103 0.77984595
192 19 67 127 0.77944595
764 61 72 100 0.0689367
787 81 44 72 0.0600271
203 67 48 82 0.052636042
825 20 78 114 0.050018907
905 227 38 53 0.04915081
211 48 66 105 0.04911097
143 14 98 129 0.04745534
833 64 82 92 0.046758436
701 14 88 126 0.045189198
240 58 86 117 0.04465953
508 119 74 96 0.042962413
850 33 93 112 0.04228942
803 12 72 111 0.0413722
952 13 17 21 0.041194174
194 0 78 89 0.040287487
508 79 78 97 0.038564295
799 61 53 82 0.036569647
933 0 91 89 0.034740005
544 76 75 95 0.034027956
0 0 67 90 0.032628242
208 0 107 136 0.03243852
304 48 79 112 0.032337837
452 102 75 99 0.032326598
652 62 75 102 0.032190815
487 49 72 109 0.032094367
161 0 83 86 0.031603575
326 92 75 92 0.031106427
907 65 50 74 0.030783726
703 0 99 79 0.0305144
128 0 87 106 0.030339947
0 0 35 47 0.029976735
597 1 71 84 0.029662034
820 0 101 81 0.029641582
0 0 134 166 0.029353518
774 69 46 70 0.029129462
131 11 49 79 0.028830063
298 0 122 91 0.028672278
979 0 45 48 0.028468475
267 0 100 70 0.028277028
953 499 71 77 0.028189862
794 294 206 282 0.027758231
0 461 69 115 0.027749687
984 518 40 58 0.027718127
229 0 100 70 0.027095458
167 0 117 165 0.027014675
784 0 96 79 0.026812145
694 33 53 95 0.026688531
724 76 81 94 0.026632821
347 0 101 75 0.026595412
128 55 89 106 0.026454356
912 0 85 59 0.026091028
614 0 118 85 0.025885077
827 0 197 165 0.02582433
0 512 35 64 0.025775094
863 0 104 72 0.025751771
674 0 79 61 0.025543075
734 0 120 89 0.025510522
378 0 122 98 0.025091046
692 64 40 75 0.025043521
484 118 54 72 0.024998331
494 0 122 94 0.02484792
851 396 169 180 0.024598192
923 228 40 52 0.02458639
0 0 21 30 0.024523063
809 92 58 86 0.024312936
551 0 99 75 0.023969484
179 453 134 123 0.023929322
600 67 75 97 0.023593985
301 120 92 117 0.023470754
655 460 71 85 0.02345794
518 79 112 140 0.023442809
468 0 99 74 0.023332957
209 0 55 50 0.0232207
187 88 67 90 0.023121566
355 70 79 99 0.023054734
285 128 70 89 0.022959374
512 0 84 61 0.022879235
60 0 121 91 0.022742713
150 55 109 145 0.022087162
590 19 87 111 0.02192138
646 103 12 17 0.021785952
427 0 99 75 0.021781318
503 90 44 72 0.02158336
491 139 59 79 0.021555709
0 375 140 201 0.021454962
513 0 238 163 0.021431664
79 97 52 52 0.021195417
719 33 58 82 0.021110758
979 167 45 98 0.020945285
804 109 26 40 0.020918626
414 471 128 105 0.020866178
247 450 135 126 0.02075405
930 430 94 146 0.02040304
867 95 81 98 0.020382602
654 467 119 109 0.020249795
881 342 116 182 0.020212354
115 101 88 101 0.020208139
400 109 76 97 0.02018475
230 0 55 44 0.02014916
782 0 67 46 0.020010786
0 15 39 92 0.01997652
0 357 72 174 0.019928548
723 0 64 47 0.019860689
822 0 64 48 0.019799633
53 460 138 116 0.019756177
556 33 78 97 0.019726045
477 142 49 62 0.01946179
326 0 68 53 0.019429637
295 154 119 147 0.019425051
0 410 37 95 0.019423012
23 0 107 76 0.019278588
675 99 49 67 0.01927721
269 0 56 46 0.019274501
964 62 60 107 0.019225862
250 106 70 85 0.019225808
337 468 132 108 0.019122588
743 70 107 139 0.01905644
973 19 51 103 0.019007266
378 49 114 148 0.018915255
818 83 40 67 0.018909898
333 78 117 147 0.018906387
944 86 80 149 0.018901948
808 449 134 127 0.018806046
738 462 127 114 0.018798042
619 0 69 54 0.018796084
1005 543 19 33 0.018732991
90 150 150 195 0.01872935
976 288 48 102 0.018639846
920 321 104 180 0.018627383
0 193 68 174 0.01860928
211 102 47 55 0.018597074
591 0 56 47 0.018587274
0 52 36 91 0.018581126
900 227 60 82 0.018541748
143 0 52 49 0.018532826
699 121 70 88 0.018440444
0 34 64 167 0.018415937
493 474 130 102 0.01840357
793 12 132 165 0.018402567
712 131 82 104 0.018322
746 0 55 38 0.01830193
367 0 59 45 0.018256182
991 265 33 71 0.01825211
887 257 113 162 0.018245239
240 501 72 75 0.018200122
831 130 82 104 0.018124828
580 43 113 149 0.018099168
640 493 81 83 0.01797367
467 499 91 77 0.01793512
327 499 68 77 0.017906262
403 0 70 53 0.017832037
221 23 43 77 0.017811814
236 139 85 104 0.017742455
0 270 68 175 0.01771498
690 95 58 82 0.017704269
200 0 232 169 0.017699149
180 72 57 72 0.017673139
106 0 67 50 0.017642658
766 0 57 37 0.017617589
195 0 47 35 0.017587058
571 476 126 100 0.017562723
678 504 73 72 0.01753237
989 149 35 74 0.017477185
533 123 53 64 0.017472828
0 310 40 93 0.017442081
501 161 70 83 0.017334191
0 117 61 168 0.0173259
895 44 111 144 0.017313516
0 447 38 96 0.01730678
514 175 81 100 0.017282875
244 14 68 95 0.01726561
497 344 256 232 0.017259775
817 274 141 190 0.017238207
360 29 80 103 0.017222753
228 88 54 76 0.017199067
791 101 31 45 0.017175118
774 102 44 62 0.017163225
914 28 76 99 0.017162826
818 114 70 91 0.017152997
974 408 50 101 0.01713942
979 212 45 101 0.017138349
948 8 26 31 0.017135385
258 357 123 160 0.017120069
62 213 139 174 0.017077975
873 236 90 114 0.017067723
133 382 242 194 0.017033447
171 0 58 42 0.017020263
393 499 94 77 0.01701966
861 0 65 45 0.017003579
157 494 100 82 0.016992372
89 36 166 228 0.016985849
0 93 35 92 0.016977975
940 163 84 157 0.016964478
640 99 76 102 0.01695313
80 99 76 95 0.016944002
0 258 46 119 0.016900191
465 0 58 44 0.01689251
600 105 76 100 0.016846882
390 24 94 117 0.01683497
0 423 22 66 0.016818875
665 0 57 43 0.01680494
22 475 113 101 0.016802832
807 0 56 38 0.016777009
654 357 120 162 0.016776988
945 0 56 39 0.016755786
676 135 80 105 0.01675046
255 0 48 35 0.016721401
10 0 59 45 0.016622147
82 501 78 75 0.016612442
310 0 57 42 0.01656176
120 497 82 79 0.016475538
707 0 55 39 0.01643542
44 0 69 52 0.016408084
0 231 40 97 0.016405357
782 99 66 87 0.01637639
908 246 31 44 0.016372293
0 27 23 65 0.016366651
793 128 84 107 0.016363295
973 328 51 108 0.016281206
77 25 82 103 0.016276747
231 8 49 75 0.016275354
823 40 41 75 0.016272523
845 0 54 37 0.016259238
0 66 22 64 0.016244072
64 51 118 140 0.016238516
292 0 48 35 0.016194224
323 74 54 70 0.016176093
678 0 237 168 0.016175203
827 15 51 76 0.016152374
24 188 131 175 0.016148753
850 116 123 154 0.016124768
285 505 72 71 0.016086133
784 488 71 86 0.016065508
276 184 83 102 0.016035495
429 0 59 44 0.016028676
774 355 139 186 0.016026784
545 0 56 42 0.016021391
531 0 48 37 0.015983926
283 93 41 71 0.015966179
0 373 36 95 0.015950562
685 309 129 172 0.01589035
908 0 54 39 0.015870368
108 12 39 74 0.015810715
0 179 42 117 0.015809476
279 16 70 96 0.015777562
258 48 129 164 0.015772222
351 0 253 171 0.015754277
464 0 191 141 0.015748404
555 81 50 60 0.015703341
223 320 128 159 0.015690928
552 143 79 98 0.015646879
1021 560 3 15 0.015616613
672 521 49 55 0.015583896
180 116 121 155 0.015583523
352 0 51 37 0.015579087
434 126 94 122 0.015570521
409 351 126 172 0.015567644
493 109 35 58 0.015507697
736 27 69 84 0.015450433
438 503 80 73 0.015437035
314 520 52 56 0.015424692
0 136 38 91 0.015399773
292 322 121 159 0.015380643
0 325 24 64 0.015365537
830 72 40 69 0.01535726
255 291 125 157 0.015348518
479 176 81 102 0.015331122
93 257 139 167 0.015323502
987 97 37 79 0.015310441
298 270 77 94 0.015295316
853 494 82 82 0.015295106
1017 555 7 21 0.015285898
844 15 51 64 0.0152780935
391 0 49 35 0.015234348
688 444 133 132 0.015224206
888 0 53 37 0.015182521
918 273 63 87 0.0151713155
129 225 137 160 0.015159693
709 497 94 79 0.015153791
363 501 80 75 0.015152111
533 78 55 47 0.015139712
856 174 121 162 0.015119939
852 230 162 261 0.015109995
452 0 49 37 0.015108196
0 463 22 64 0.015090166
289 405 120 161 0.0150892865
558 117 63 83 0.015002672
711 0 13 10 0.014993258
213 240 128 158 0.014934775
6 89 230 295 0.014931517
487 0 58 41 0.014912907
650 0 50 37 0.014889065
897 122 118 152 0.014886906
238 187 84 103 0.014869619
376 393 127 168 0.014864993
568 0 56 40 0.014864498
0 107 21 62 0.014852472
837 54 54 72 0.014846646
94 362 136 175 0.014833696
528 314 126 163 0.014828247
91 0 56 42 0.014826987
157 40 63 84 0.014802667
528 120 118 145 0.014801726
1006 0 18 27 0.014779459
819 211 130 170 0.014761326
691 0 45 33 0.0147577645
198 142 83 101 0.014664402
945 0 33 26 0.014658413
791 31 53 75 0.014645263
266 44 69 97 0.014629323
35 0 48 34 0.014611981
863 97 54 66 0.014608649
178 364 134 174 0.01460242
637 131 48 65 0.014601722
552 500 83 76 0.014594568
933 254 91 144 0.01458854
813 492 77 84 0.014580905
99 139 106 131 0.014572765
458 343 123 174 0.014522919
328 138 49 62 0.014516566
692 11 47 67 0.014503154
774 242 136 177 0.014490405
152 520 57 56 0.0144863175
618 279 70 83 0.014480405
1020 0 4 14 0.014454881
111 522 56 54 0.0144150155
757 25 76 95 0.014404777
167 200 131 159 0.014387459
892 497 81 79 0.014387354
914 215 35 47 0.01437813
262 373 259 203 0.014368127
600 150 77 100 0.01436715
794 282 82 115 0.014331711
344 132 63 81 0.014299311
34 523 51 53 0.014298905
647 101 9 12 0.014279054
832 102 50 63 0.014274793
379 124 112 149 0.014271224
413 0 48 34 0.014249104
599 504 74 72 0.014235912
690 240 128 171 0.014233806
155 143 86 100 0.014230073
727 275 136 177 0.014229509
793 0 41 26 0.014203583
728 0 11 12 0.014194209
74 523 54 53 0.014186441
809 85 26 50 0.01416932
916 106 80 101 0.014137311
506 517 59 59 0.014130347
898 185 69 92 0.014115387
555 0 155 109 0.014084846
0 285 24 65 0.014081263
0 246 24 64 0.014057196
867 220 73 95 0.014051477
55 524 51 52 0.014008533
14 523 52 53 0.014007834
340 354 123 166 0.0140002975
899 100 47 55 0.013999223
1020 0 4 31 0.013994601
16 318 125 176 0.013968818
297 367 75 97 0.013955219
635 149 77 98 0.013915381
871 0 44 29 0.013905105
256 201 120 153 0.013899627
978 374 46 95 0.013817102
921 76 58 85 0.013801588
301 171 70 80 0.013790964
861 31 57 67 0.013760736
68 122 80 110 0.013736863
421 14 111 148 0.013731614
694 152 121 162 0.013720683
696 249 78 103 0.013719123
0 80 102 162 0.013713165
93 85 74 75 0.013709641
357 146 78 98 0.013687433
211 521 55 55 0.013671422
449 138 62 80 0.013670983
227 210 102 128 0.013666161
18 11 75 95 0.013653017
856 261 82 115 0.0136363795
976 450 48 98 0.013635275
805 107 39 56 0.013618975
214 121 47 60 0.013617501
295 0 204 136 0.013610342
418 284 119 161 0.013606813
917 246 59 82 0.013581824
0 560 9 16 0.0135491695
915 407 44 62 0.013519508
718 89 56 71 0.013513086
1022 0 2 10 0.013490074
312 222 85 106 0.013460812
293 242 122 159 0.0134567255
619 311 123 169 0.013426343
55 0 48 33 0.013425671
123 28 41 75 0.013419352
715 310 79 101 0.01341418
22 384 75 109 0.013413173
187 131 63 80 0.013396531
913 240 22 29 0.013390637
28 412 46 69 0.013385725
0 0 212 244 0.0133731
748 100 51 64 0.013367189
709 522 54 54 0.0133645
426 521 59 55 0.013351766
673 418 76 96 0.0133500295
718 227 80 106 0.013348455
530 442 129 134 0.013344083
497 458 77 95 0.013291181
269 526 51 50 0.013274912
78 438 84 114 0.013272563
76 0 47 33 0.013258742
0 386 22 64 0.013239022
741 0 38 24 0.013227938
475 167 43 55 0.013219645
652 525 47 51 0.013197802
290 78 47 64 0.013157036
510 84 45 50 0.013118396
377 324 121 161 0.013116249
0 148 23 62 0.013093312
68 170 82 102 0.013085283
0 205 24 66 0.013042284
535 313 77 94 0.013009433
716 266 80 105 0.012977294
759 130 69 82 0.012972733
828 373 107 135 0.01295231
790 78 30 49 0.01293457
882 80 55 59 0.012926861
0 0 14 19 0.012925774
160 0 38 26 0.012924194
141 409 124 157 0.012885297
912 207 68 90 0.01287523
479 277 70 89 0.0128687555
966 256 58 98 0.01283981
131 316 135 168 0.01283798
366 396 63 85 0.012824349
174 272 132 155 0.01282413
227 130 63 81 0.01282026
310 303 54 65 0.012817053
489 175 55 65 0.012813108
35 59 98 120 0.0128012905
735 74 50 68 0.012794161
520 252 73 97 0.0127728
573 348 125 171 0.012755426
578 288 119 157 0.012694912
0 136 144 339 0.012687256
884 517 57 59 0.012681384
339 288 116 158 0.012677961
751 224 85 112 0.012662305
218 424 83 112 0.012656701
411 404 75 98 0.012650721
15 246 81 112 0.012648479
563 104 44 64 0.012632589
925 0 34 24 0.012629787
262 256 78 97 0.012620356
853 77 51 66 0.012619502
21 437 77 113 0.012617369
310 126 56 63 0.012612052
661 389 71 104 0.012611965
76 380 85 113 0.012600148
98 399 86 115 0.012596925
677 488 55 54 0.012592757
496 191 121 163 0.012589228
335 254 74 95 0.012544514
707 15 51 71 0.012540907
653 196 123 163 0.012536761
133 268 86 101 0.012515636
771 154 125 164 0.012513679
610 268 58 73 0.01248077
609 309 67 81 0.0124760615
308 59 53 73 0.012444103
727 15 51 61 0.012442724
307 470 69 92 0.01244228
607 38 51 73 0.012439916
1022 1 2 29 0.012434006
213 119 29 33 0.012383358
791 444 82 116 0.012376606
0 545 18 31 0.012368501
825 171 106 136 0.012351319
56 358 83 114 0.01234406
880 25 65 80 0.0123374155
466 174 62 77 0.01231616
629 525 49 51 0.012315297
395 183 82 103 0.012311706
661 345 75 96 0.012311548
752 304 84 109 0.012306016
636 292 72 86 0.012291721
504 233 70 91 0.012273233
717 0 10 9 0.012272843
1023 2 1 26 0.012267784
422 309 72 89 0.0122661805
644 2 61 69 0.012242009
1022 198 2 25 0.012240297
699 0 28 21 0.012229755
117 436 88 120 0.012220093
772 244 84 115 0.01221535
137 352 82 101 0.012204429
860 38 164 219 0.012199525
221 91 30 48 0.012189367
718 190 79 102 0.012180131
677 0 37 28 0.012167028
621 237 71 94 0.012166897
396 437 78 107 0.012165891
696 292 76 98 0.0121577615
699 209 78 102 0.012150405
681 360 76 101 0.01214479
444 296 72 88 0.012143365
357 148 41 55 0.012134775
79 286 81 104 0.012123707
354 179 85 105 0.012118036
405 237 64 85 0.012103277
28 122 121 162 0.012101276
929 397 22 26 0.012095954
51 108 75 94 0.0120848445
832 277 85 120 0.012079746
362 231 69 92 0.01207913
635 188 45 53 0.012073855
530 337 8 10 0.012057591
409 435 54 72 0.012034443
904 304 69 93 0.012020191
100 262 85 103 0.011999576
932 0 19 12 0.011994274
932 65 38 62 0.011984961
265 175 65 81 0.011984932
345 176 66 80 0.011973276
926 515 57 61 0.011966057
236 308 90 107 0.011962344
671 183 83 107 0.011954872
744 367 113 148 0.011953268
479 406 69 96 0.011921933
57 268 83 104 0.011915442
19 206 78 110 0.011898446
972 117 52 88 0.011889878
0 0 9 12 0.01188156
839 231 78 107 0.0118796
794 375 83 119 0.011872068
420 253 68 88 0.011864924
257 383 80 100 0.011848999
649 425 67 93 0.011848905
137 311 83 102 0.011848271
800 566 9 9 0.011845733
670 127 46 57 0.011840824
21 0 37 27 0.011836242
919 45 43 69 0.011835862
638 254 75 94 0.011835487
16 299 84 116 0.011813543
678 273 72 94 0.011810427
363 313 68 85 0.011778208
161 251 80 99 0.011769302
920 153 70 91 0.011767394
602 346 72 93 0.011759094
419 161 117 148 0.011757867
351 106 46 63 0.011751965
100 309 81 101 0.011741808
626 50 11 14 0.011722978
947 38 68 99 0.011714674
1021 196 3 29 0.011709025
932 399 80 110 0.011707243
552 343 77 97 0.011706341
236 124 44 58 0.011705535
759 61 49 66 0.01170367
619 242 120 160 0.011703451
62 105 52 59 0.011696801
82 197 86 109 0.011692999
160 290 81 99 0.011687292
581 163 113 145 0.011687077
335 194 121 157 0.011679101
898 393 68 92 0.011667215
223 389 77 101 0.01166563
189 101 48 53 0.011659157
463 236 69 91 0.011658515
166 103 70 87 0.011656907
872 0 20 14 0.011645558
777 0 38 24 0.01164007
343 213 68 86 0.011639128
447 76 116 144 0.0116199665
255 6 48 64 0.011618056
894 211 42 59 0.011614542
603 397 216 179 0.011597534
770 43 48 68 0.011582501
874 565 9 10 0.011582287
776 338 82 116 0.011580611
57 310 82 104 0.011568107
949 182 12 21 0.011566152
362 279 70 86 0.011562123
364 424 71 96 0.011561775
938 216 41 55 0.011558932
650 116 46 60 0.011540699
812 247 83 114 0.011529609
324 195 71 86 0.011529074
187 262 93 108 0.011528181
322 438 68 91 0.011518959
1023 564 1 11 0.011501411
691 146 46 56 0.011499629
844 114 53 67 0.011499339
480 366 69 101 0.011496805
845 516 57 60 0.011495624
937 182 24 31 0.011487028
158 77 57 68 0.011486874
457 240 123 164 0.011480079
645 38 66 96 0.011472845
482 214 70 89 0.011470582
586 520 58 56 0.011466069
8 261 57 79 0.011453701
1023 563 1 13 0.01145313
0 446 17 56 0.011436862
793 117 41 56 0.011420896
101 136 71 92 0.011419609
121 378 88 114 0.011414039
137 110 183 241 0.011412732
638 326 72 91 0.011399531
45 189 77 101 0.011393599
914 472 83 99 0.011386121
110 228 89 106 0.011375102
35 389 46 75 0.011364252
737 169 77 97 0.011353335
385 395 73 94 0.01135279
386 213 67 88 0.011348169
700 175 74 92 0.011343317
713 357 80 106 0.011340222
579 434 73 96 0.011328925
347 373 68 93 0.0113278935
770 104 221 309 0.011326085
350 300 46 52 0.011322623
587 98 60 86 0.01131185
480 322 70 95 0.011311847
319 304 71 89 0.011310069
505 355 106 144 0.011300584
640 366 72 96 0.011296829
691 534 44 42 0.0112960795
401 276 69 87 0.011294198
710 146 47 56 0.011291873
283 450 74 95 0.011289786
100 347 85 104 0.011279944
605 215 67 86 0.011267337
419 346 74 104 0.011256172
867 436 85 120 0.011250622
458 34 180 230 0.011245586
846 227 43 63 0.011237537
8 298 59 81 0.011233111
445 254 70 92 0.011221696
60 226 83 105 0.011218999
176 388 81 101 0.011216323
898 112 68 82 0.011215026
583 129 24 40 0.011207083
958 10 17 23 0.011200759
714 0 18 12 0.011193617
356 417 55 73 0.011187649
363 346 68 97 0.01118001
254 425 81 104 0.01116328
727 0 37 26 0.01115745
810 143 49 57 0.011154173
717 405 76 101 0.011152688
578 367 73 94 0.011151288
661 309 71 89 0.011148896
285 118 49 65 0.011143565
540 228 73 94 0.01113478
332 471 46 62 0.011131864
498 292 77 92 0.011125602
925 84 31 48 0.011120337
936 225 28 39 0.011114007
197 186 86 108 0.011113478
141 0 38 26 0.011108047
796 58 36 60 0.011100126
658 133 65 83 0.011098979
629 196 58 72 0.011092241
918 245 23 28 0.011090543
867 13 51 59 0.011061505
720 0 11 9 0.011056004
366 116 64 86 0.011048911
556 276 76 91 0.011045395
311 374 57 58 0.011044196
444 76 68 95 0.011044105
875 150 75 95 0.011042751
8 50 62 87 0.011034894
523 214 68 85 0.011023162
833 0 39 27 0.011021258
379 242 118 158 0.01101277
96 220 58 65 0.011002788
380 324 73 97 0.011000851
458 452 78 97 0.011000348
459 226 13 16 0.010996066
520 429 74 94 0.01099092
889 0 30 23 0.010989808
890 237 41 55 0.010988893
301 328 73 100 0.010982179
180 0 38 26 0.010971534
385 254 70 92 0.01096276
203 0 31 21 0.01096089
201 487 76 87 0.010956688
531 248 122 160 0.010955002
689 0 20 13 0.0109518245
277 20 220 262 0.0109362835
747 521 57 55 0.010934497
297 405 73 99 0.010903164
541 134 60 72 0.010892975
680 64 38 65 0.010892845
359 169 36 49 0.01089107
657 497 50 58 0.010880177
284 301 75 95 0.010878076
863 267 45 62 0.010865899
660 236 73 97 0.010865262
807 285 55 74 0.010864905
752 125 48 58 0.010860352
630 86 49 66 0.0108562885
190 329 108 133 0.010854311
735 383 79 105 0.010852632
833 0 20 14 0.0108516095
434 388 76 97 0.010848409
383 172 67 85 0.010843473
382 293 72 87 0.010843002
150 400 85 115 0.010834056
153 332 48 57 0.010823772
810 504 42 66 0.010823347
424 142 57 71 0.010821234
520 503 69 69 0.010809885
794 208 79 105 0.010808029
856 0 35 25 0.010799341
611 83 49 67 0.010798366
670 22 60 88 0.010794682
653 89 46 63 0.010794305
957 20 10 14 0.010792199
431 250 43 56 0.01078812
905 0 36 25 0.010777866
411 309 51 59 0.01077182
966 0 35 25 0.010763444
540 342 48 61 0.010759984
822 396 58 77 0.010753011
625 174 94 122 0.01074654
224 277 74 89 0.010746173
703 83 41 68 0.010744684
553 182 83 103 0.010733511
125 426 46 60 0.010729812
455 129 45 61 0.010726166
425 421 93 121 0.010725555
311 161 49 59 0.010721045
609 10 41 58 0.010714024
347 66 58 74 0.010712223
770 516 58 60 0.010705492
950 223 44 56 0.010700088
116 464 46 63 0.010695606
139 170 76 95 0.010695233
757 422 82 114 0.010694213
882 252 49 70 0.010693522
423 222 63 80 0.0106923655
1016 264 8 31 0.010685831
113 369 48 61 0.010685486
135 20 31 51 0.010685477
586 293 72 83 0.0106753595
600 391 71 94 0.01067435
472 308 53 63 0.010672236
25 94 74 91 0.010658378
568 534 48 42 0.010654707
539 100 51 62 0.010651432
395 322 17 23 0.010650397
922 0 24 17 0.010632681
685 476 16 15 0.010631699
248 291 70 84 0.010614605
386 314 27 34 0.010613709
593 59 55 76 0.010607404
504 341 73 99 0.0106019005
776 190 77 102 0.010598658
722 258 47 62 0.010588628
184 311 73 92 0.01057698
576 6 51 64 0.010571744
340 453 73 97 0.010570992
285 240 71 88 0.010561609
576 330 76 92 0.010543934
351 473 30 24 0.010539397
810 119 17 25 0.010535206
134 212 83 101 0.010529164
850 250 42 61 0.010528525
811 336 82 121 0.010523437
383 89 72 98 0.010523163
42 334 252 242 0.010523072
589 420 107 128 0.010519482
700 42 34 50 0.010515982
899 260 49 69 0.010493892
727 308 55 68 0.010490483
947 158 60 79 0.010485292
321 389 63 83 0.01048332
726 117 51 63 0.010477943
294 187 48 55 0.0104733575
947 18 19 22 0.010456804
448 330 60 79 0.010449391
738 296 69 88 0.010448915
850 313 83 120 0.0104368515
305 221 63 77 0.010427827
452 184 52 66 0.010422803
932 148 46 58 0.010422533
0 134 20 50 0.010420092
110 170 49 57 0.010414232
582 231 72 92 0.01040857
334 166 45 55 0.010403712
645 104 7 10 0.010385202
786 466 58 78 0.010383068
220 0 38 27 0.010376669
424 101 61 81 0.010375227
941 0 24 16 0.010368522
351 476 17 15 0.010367421
795 565 11 10 0.010358661
552 393 47 54 0.010356224
930 236 28 33 0.010334655
172 142 54 68 0.010332055
24 53 24 34 0.010323491
889 116 48 50 0.010320821
1015 281 9 37 0.010318126
354 325 50 59 0.010313012
673 24 136 183 0.01030362
829 53 28 46 0.010300904
229 476 62 79 0.0102992
748 13 52 58 0.010292907
497 237 46 55 0.010284598
246 357 73 92 0.010280063
1018 186 6 35 0.010266494
757 0 31 21 0.0102646835
102 469 74 95 0.010258764
617 131 43 57 0.010241114
789 142 49 58 0.010225159
677 457 58 64 0.0102193635
338 0 39 29 0.010215413
152 5 57 72 0.010204772
958 0 29 18 0.010204015
638 0 37 28 0.010201566
9 435 48 65 0.010197772
740 0 21 15 0.010196532
147 454 45 63 0.010184305
414 233 45 57 0.010183443
561 411 72 93 0.010181613
370 202 56 69 0.010169392
114 406 46 62 0.010164935
209 69 214 290 0.010159124
132 319 52 59 0.010158606
996 429 28 57 0.010156795
325 267 57 70 0.010154413
251 102 137 184 0.010153818
979 0 19 14 0.010152537
394 536 45 40 0.010149689
25 353 69 97 0.010146667
202 235 71 97 0.010146561
407 21 58 77 0.0101453895
290 26 49 61 0.010135678
866 61 48 61 0.010132419
1004 164 20 34 0.010123001
431 292 48 58 0.01012008
797 172 73 94 0.010108177
306 20 62 77 0.010102009
86 376 47 62 0.010100011
884 280 58 75 0.010090776
9 222 55 78 0.010083012
257 86 46 67 0.010079333
788 302 58 74 0.010078961
547 356 55 70 0.01007883
968 0 20 13 0.0100783985
458 170 42 54 0.010077816
460 340 73 103 0.01007425
958 76 14 20 0.010072904
925 250 32 42 0.010070195
908 225 24 40 0.010065632
518 100 43 55 0.010063005
377 0 41 29 0.01006069
105 426 46 59 0.010060227
926 401 32 46 0.010058711
116 36 25 49 0.0100571
126 29 26 51 0.010046985
501 389 69 96 0.010041552
928 277 42 51 0.01003707
1006 12 12 19 0.010028546
29 0 21 14 0.010027946
934 237 44 55 0.010025552
205 372 69 90 0.01001995
894 0 20 14 0.0100190155
248 535 48 41 0.010009993
105 385 47 63 0.0100097945