49_Greeting_peoplegreeting_49_203
625
397 84 291 347 0.7577123
0 467 197 217 0.18888244
64 85 224 317 0.15078515
8 556 206 225 0.12608658
655 164 323 424 0.09061409
6 406 291 348 0.08280529
257 0 245 248 0.08219375
116 18 304 361 0.08054416
510 0 219 147 0.07540663
754 0 249 209 0.072120085
466 65 377 421 0.068532124
26 243 310 391 0.06773054
334 26 282 262 0.06575217
457 31 272 221 0.06293307
566 540 16 16 0.0594606
224 638 21 24 0.056250695
580 0 141 100 0.05495241
417 358 268 243 0.0542888
684 634 22 27 0.053364508
0 494 95 175 0.05271697
700 451 306 330 0.052269816
650 577 23 27 0.051805537
78 0 220 218 0.0512917
497 97 253 256 0.04898347
52 659 161 122 0.047998946
0 644 143 137 0.04752348
112 509 251 272 0.045773454
766 581 223 200 0.044229228
710 366 238 305 0.040704865
546 541 16 17 0.040690303
714 645 23 26 0.040623307
382 536 24 28 0.03936123
437 586 18 21 0.03925165
0 533 13 17 0.03910845
400 233 273 299 0.038861442
667 10 331 388 0.03883599
281 675 21 21 0.038387757
603 0 214 176 0.037733514
463 578 19 21 0.037375387
247 101 345 406 0.03723333
633 650 21 23 0.03546401
716 586 22 26 0.034295883
805 243 202 323 0.034209013
720 1 179 160 0.033976767
655 575 17 19 0.03365466
74 615 211 166 0.03362292
326 633 18 22 0.03346105
129 171 228 281 0.033365484
172 434 327 347 0.033352066
847 505 177 276 0.03255347
695 580 16 19 0.03159176
0 517 54 77 0.031299576
360 0 175 165 0.030901492
649 587 15 19 0.030880334
888 0 136 147 0.030575437
394 403 303 378 0.030385371
481 379 179 157 0.030118283
242 0 155 150 0.030004295
436 645 20 22 0.029765755
425 364 114 129 0.029455353
15 170 242 324 0.029092873
593 513 23 25 0.028715968
449 277 339 424 0.028688533
79 504 150 165 0.028582955
526 0 328 321 0.028397199
99 568 134 171 0.02809266
15 1 207 257 0.027991414
282 654 23 22 0.027899804
301 495 310 286 0.027626483
62 416 185 217 0.027464844
102 0 151 128 0.027325673
336 688 17 18 0.026906783
174 1 190 187 0.026812423
641 517 19 22 0.026807213
243 573 221 208 0.026739595
298 64 133 190 0.026733492
866 196 158 280 0.026732756
687 641 13 15 0.026426174
843 12 181 311 0.026339803
230 644 14 15 0.026285486
422 524 19 17 0.02612425
266 647 12 15 0.026074342
347 631 20 24 0.02588036
509 468 17 20 0.02563452
282 662 23 27 0.025626464
151 310 217 270 0.025573723
690 606 17 18 0.025534492
512 582 21 26 0.025275635
99 196 160 197 0.02482072
140 144 139 209 0.024409631
221 687 21 21 0.024311448
461 633 25 29 0.024299564
478 500 323 281 0.024174388
507 461 147 206 0.024019886
287 616 15 16 0.024001202
466 645 16 16 0.023789406
487 184 218 230 0.02370138
473 17 168 158 0.02363627
345 370 210 241 0.023485845
646 582 30 35 0.023279132
674 591 13 18 0.023254419
588 633 25 28 0.023236288
376 439 191 263 0.02312954
623 596 20 24 0.022830814
791 660 147 121 0.02277458
0 532 20 39 0.022605889
436 569 214 212 0.022464786
718 572 22 32 0.022460373
897 328 127 263 0.02231879
633 583 221 198 0.02230246
25 0 163 143 0.022213819
0 0 106 125 0.022142129
227 622 22 30 0.022091739
460 681 26 26 0.022003073
686 621 23 32 0.021873776
383 542 29 34 0.021833736
460 621 23 23 0.021603832
324 579 52 42 0.021514695
613 97 202 246 0.021419438
233 644 16 20 0.02139939
261 306 204 273 0.021397648
635 638 20 24 0.021095546
567 679 19 23 0.020991173
654 0 140 116 0.020976081
361 670 21 24 0.020743374
288 597 16 18 0.020612
586 680 21 24 0.02055108
612 0 91 63 0.020442624
363 514 104 142 0.020434307
235 103 162 240 0.020401346
495 516 24 25 0.020387508
678 304 216 278 0.0203668
569 573 22 23 0.020355633
714 631 22 27 0.020348174
523 561 18 19 0.02024588
538 563 100 135 0.020166563
685 36 202 257 0.020137712
112 87 138 224 0.020089244
711 629 31 41 0.020088369
389 531 137 194 0.019969963
501 684 14 17 0.019899184
907 470 117 238 0.019842539
523 334 234 241 0.01947063
314 529 97 126 0.01937359
434 623 22 25 0.019146997
664 684 19 16 0.018867174
0 522 23 28 0.018813558
546 582 17 23 0.018805146
0 352 111 244 0.01879248
650 594 12 16 0.018673977
181 46 175 261 0.01866914
0 535 59 121 0.018585544
520 562 13 16 0.018521648
0 159 149 228 0.018485973
430 0 136 130 0.018432572
761 634 18 26 0.018401802
403 482 18 23 0.018348115
665 618 16 20 0.018249722
517 681 20 25 0.018149111
684 634 36 44 0.018024094
533 583 11 16 0.017768908
520 404 111 115 0.017762244
386 56 148 163 0.017728861
771 80 195 271 0.017512936
175 427 194 236 0.017489946
918 56 106 221 0.017405389
483 533 140 189 0.017261803
354 452 139 182 0.017261656
945 465 79 165 0.017221788
613 632 20 32 0.017103354
564 543 20 24 0.0169756
783 0 159 114 0.016939068
545 679 16 21 0.016853562
520 614 22 22 0.016848383
589 463 36 48 0.016820742
687 609 23 30 0.016807579
561 120 142 142 0.016799157
895 613 129 168 0.016772581
516 559 11 16 0.016758204
641 638 15 16 0.016643004
718 654 14 14 0.016615843
414 650 18 20 0.016584901
0 745 48 36 0.016512666
283 683 15 17 0.016511597
0 537 12 25 0.016468545
517 621 22 30 0.016466131
541 499 11 13 0.01642049
537 0 134 85 0.016368475
297 546 130 178 0.016361197
565 638 21 23 0.016355107
264 660 15 19 0.016332353
718 197 207 295 0.016305463
81 0 121 84 0.016293574
496 273 157 173 0.016259536
11 285 187 264 0.016186664
463 688 17 17 0.016158745
571 538 13 14 0.01613591
339 116 162 208 0.016108666
218 633 31 41 0.016088646
234 691 17 16 0.016068406
944 554 80 157 0.016062671
144 260 133 151 0.015939822
464 73 170 157 0.01591084
527 583 16 21 0.015815115
151 0 145 100 0.01581485
533 345 158 159 0.015806716
564 521 20 27 0.015745832
369 637 13 13 0.015726376
0 61 137 247 0.015708039
126 498 166 188 0.01570684
561 240 210 267 0.015679691
336 630 25 25 0.015673049
651 591 10 12 0.015552088
431 246 164 192 0.015524554
0 701 61 80 0.015417231
205 233 200 252 0.015340499
719 568 19 21 0.015332846
595 482 24 28 0.015301683
343 295 195 227 0.015275912
176 637 170 144 0.015261806
321 646 20 27 0.015228076
235 624 14 16 0.015225886
582 567 102 136 0.015162201
290 643 144 138 0.015143032
1015 0 9 34 0.015058431
232 633 17 23 0.015003356
549 441 79 92 0.014993241
0 250 132 219 0.014966046
513 593 18 22 0.0149441855
659 578 11 12 0.014917028
546 512 170 237 0.014913926
759 0 121 86 0.014877197
263 0 108 77 0.014864732
712 653 24 30 0.014852977
0 533 7 14 0.014816205
565 513 21 22 0.01480855
279 433 180 226 0.014690008
943 698 81 83 0.014689623
307 597 19 26 0.01468657
159 629 63 81 0.014660305
683 641 12 16 0.014636324
197 147 130 188 0.0145805385
226 487 177 219 0.014538523
470 583 14 14 0.014481311
393 0 116 94 0.014477655
649 599 14 17 0.014465915
569 538 9 12 0.014449936
720 0 111 81 0.014431168
364 633 20 22 0.0144291995
433 433 150 185 0.014415891
598 569 10 12 0.0143924765
928 274 96 204 0.014365876
569 559 16 17 0.014318487
308 654 17 20 0.014312613
653 591 18 24 0.014310701
809 392 208 280 0.014309224
1018 761 6 20 0.014217158
698 583 10 12 0.014200243
676 631 23 28 0.014200076
747 689 18 18 0.014175653
158 572 117 145 0.014160662
8 520 33 27 0.014159828
546 656 15 19 0.0141513
739 622 22 26 0.014150804
436 596 20 27 0.014147491
0 543 24 52 0.014140484
647 571 21 24 0.014111171
614 568 15 16 0.014069837
440 590 11 12 0.01403324
661 583 22 25 0.014011574
374 385 32 40 0.0140072685
145 683 134 98 0.013983794
399 104 157 167 0.013982064
238 392 157 201 0.013952873
0 44 100 161 0.013946269
134 395 172 204 0.013942882
317 655 21 22 0.013906264
282 640 23 27 0.013894748
556 469 19 18 0.013887979
365 652 16 18 0.013883574
266 566 105 134 0.013863944
691 585 19 25 0.013855896
0 0 52 70 0.013849776
587 457 36 31 0.013847627
629 352 195 254 0.013815559
654 572 36 42 0.013741096
0 333 95 149 0.013724377
764 680 25 27 0.013708508
287 659 15 13 0.013704364
228 649 15 18 0.013693223
549 533 22 24 0.013661203
637 515 17 20 0.013644459
589 685 15 14 0.0136360135
480 0 87 59 0.01360988
685 662 14 17 0.013604676
468 573 21 23 0.013580061
600 140 137 168 0.013563786
632 9 113 138 0.013534979
564 542 11 12 0.013525347
502 520 18 16 0.013495062
523 679 16 19 0.013486329
94 351 162 211 0.0134812
279 659 17 17 0.01347356
943 143 81 162 0.0134507995
617 640 25 29 0.01344634
1021 0 3 23 0.013441906
623 634 27 31 0.01343721
291 0 143 98 0.013422088
283 599 20 25 0.0133664785
360 657 23 29 0.013361033
601 515 15 17 0.013330716
574 509 111 151 0.013317316
285 636 17 17 0.013302256
373 616 169 165 0.013278817
311 679 24 28 0.013231711
715 674 17 18 0.013220368
214 646 43 61 0.013202428
310 135 108 164 0.013176619
218 674 34 35 0.013148475
1012 325 12 84 0.013134766
467 582 10 13 0.013131727
946 0 78 79 0.013114572
464 516 24 25 0.013074233
542 536 24 25 0.013073467
648 503 21 24 0.013063263
629 639 29 37 0.013058464
0 0 10 13 0.013044655
568 545 10 12 0.013036747
522 543 19 22 0.013026486
212 367 124 169 0.012912353
0 291 51 144 0.012877252
216 0 112 77 0.012866463
454 346 84 86 0.012824595
220 644 19 21 0.012820536
564 676 41 42 0.012809292
344 178 205 248 0.012790408
469 497 16 17 0.0127784405
1014 752 10 29 0.012769516
594 526 19 21 0.012762418
283 618 21 25 0.012761635
523 657 17 19 0.012760019
235 648 10 12 0.012726551
441 562 13 16 0.012706316
520 490 17 20 0.012687869
261 620 116 142 0.012686426
945 244 79 154 0.012675813
603 472 27 34 0.012671084
621 600 15 17 0.012661421
644 616 14 18 0.012627772
533 470 21 27 0.012609071
350 635 13 15 0.012584654
437 500 122 163 0.01258433
68 385 125 159 0.012576053
220 667 15 19 0.01256888
362 381 115 142 0.012564732
999 441 25 88 0.012564484
0 528 10 16 0.012562352
642 586 23 27 0.012561446
495 583 16 19 0.012508282
315 657 37 43 0.0125062335
765 571 128 159 0.01249413
42 226 138 168 0.012491194
2 513 39 51 0.012473459
459 644 17 16 0.0124474745
659 687 16 16 0.0124435825
656 566 22 26 0.012441035
570 532 21 22 0.012417347
563 570 33 38 0.012400111
466 371 32 36 0.01239419
690 624 16 18 0.0123811355
0 538 9 14 0.0123783015
455 539 34 33 0.012368571
550 578 17 19 0.012350961
233 652 14 17 0.0123491725
939 372 85 172 0.012342729
591 490 25 33 0.012306564
690 663 15 18 0.0123058
26 394 124 167 0.012268165
645 0 64 40 0.012246311
351 0 116 75 0.012245442
428 593 62 73 0.012233017
573 683 13 15 0.012211846
788 320 144 209 0.012203399
524 0 85 56 0.012194868
454 0 23 14 0.012194363
36 0 113 78 0.012183721
508 681 20 23 0.012165217
434 609 22 26 0.012145168
844 0 123 84 0.012122452
462 627 14 14 0.012091839
611 545 139 190 0.012076098
993 728 31 53 0.012068465
569 644 14 15 0.012055678
577 469 52 63 0.012053332
767 601 17 21 0.012047111
558 626 164 155 0.012046802
755 688 14 18 0.012040574
549 540 9 13 0.0120334765
713 621 22 27 0.012023821
655 500 18 20 0.012022834
0 212 76 213 0.0119923465
451 0 94 80 0.011984255
432 479 16 19 0.011979089
309 422 113 150 0.011972238
377 530 47 64 0.011960171
490 680 22 23 0.011936267
569 563 20 24 0.011909666
676 550 22 31 0.011901555
657 36 128 170 0.011896112
432 581 28 35 0.011893226
615 542 17 19 0.011891749
684 643 20 28 0.011889643
186 229 140 162 0.011885754
595 628 27 32 0.011844847
763 629 27 38 0.011839318
788 510 164 198 0.011828602
594 210 156 203 0.011815389
672 682 16 17 0.011807708
542 571 29 37 0.011802428
219 627 23 28 0.011796263
685 645 12 16 0.011794312
432 583 18 20 0.011793934
536 612 106 139 0.01179345
514 568 22 28 0.011789416
576 474 17 18 0.01178239
418 644 22 25 0.011781415
639 510 29 36 0.011776807
709 647 136 134 0.011772772
828 595 143 123 0.011769957
602 597 17 21 0.011769916
340 690 11 12 0.011767151
459 573 18 22 0.011754772
769 688 17 17 0.011738303
459 604 17 18 0.011730582
540 466 33 35 0.011724412
458 0 62 46 0.011717894
501 581 14 17 0.01169318
0 611 55 138 0.011686087
520 662 17 18 0.011680521
524 615 15 15 0.011672579
258 331 119 159 0.011634713
0 16 57 141 0.011633926
553 438 135 176 0.011628344
580 448 186 257 0.011617539
714 634 15 16 0.011607219
507 581 35 49 0.011578697
744 611 18 19 0.011576271
1020 344 4 61 0.01154983
576 578 13 14 0.011531442
668 617 120 158 0.011519803
550 544 16 18 0.011517934
27 556 132 135 0.011516303
638 572 26 29 0.011516176
1023 770 1 11 0.011510271
389 534 27 27 0.011492912
326 638 22 28 0.011489939
0 0 20 28 0.011469054
640 250 196 269 0.011462711
683 153 193 248 0.011454117
601 622 13 14 0.011440876
477 0 152 97 0.011440178
220 522 111 140 0.011433511
565 647 16 16 0.011426042
201 546 147 182 0.011418822
394 603 14 16 0.01141743
692 608 12 12 0.011388827
436 607 16 18 0.011388222
164 317 119 154 0.0113706
438 672 16 17 0.011344003
625 512 109 150 0.011340571
613 622 42 52 0.011334633
463 586 16 19 0.011324645
325 620 24 29 0.011320318
392 645 17 22 0.011318867
289 650 23 24 0.0113129085
167 370 122 160 0.01130413
462 489 24 26 0.011279157
404 309 128 136 0.011272932
989 0 35 56 0.011261622
469 685 18 18 0.011240575
363 643 24 28 0.011225379
329 638 10 12 0.01120588
607 485 15 21 0.011196467
659 551 36 48 0.011195002
400 472 20 28 0.01114031
12 0 22 17 0.011124763
693 641 29 27 0.011105159
646 522 20 21 0.01109932
490 455 20 20 0.011096678
669 685 11 11 0.011094412
483 476 21 22 0.011089086
615 622 20 30 0.011079148
420 631 14 16 0.011075529
439 654 13 15 0.011074915
573 641 16 18 0.011074599
687 630 15 20 0.011058835
431 638 21 25 0.011038701
409 630 22 26 0.01103374
718 596 17 21 0.011028278
582 605 11 13 0.011021973
349 656 118 125 0.011014286
352 263 139 181 0.01101251
843 282 130 196 0.011004827
555 532 31 34 0.010992115
1013 0 11 61 0.010987162
689 389 107 189 0.010955696
383 544 16 19 0.010939361
477 640 142 141 0.0109353075
260 477 114 144 0.01091014
746 625 17 17 0.010903572
285 681 11 12 0.010880935
267 193 180 234 0.010871828
842 355 135 202 0.0108674485
489 685 14 14 0.010814207
314 587 51 63 0.010775963
433 650 16 16 0.01076479
478 380 32 35 0.0107594095
280 682 14 13 0.01075243
368 624 20 26 0.01074306
619 619 15 17 0.010738554
696 582 23 27 0.010737041
798 583 58 34 0.010736262
466 665 16 17 0.010729312
0 545 15 36 0.01072791
691 639 19 19 0.010696348
295 595 21 24 0.010678201
233 651 10 12 0.010670841
213 614 35 47 0.0106470855
520 510 29 34 0.010633176
121 308 122 153 0.010622725
220 680 16 21 0.010622367
35 333 112 148 0.010617208
249 193 123 168 0.010614756
798 70 134 182 0.010583447
340 585 46 50 0.0105793625
552 544 11 12 0.010549667
709 665 26 27 0.010541861
617 586 34 38 0.010541181
510 578 17 22 0.010538275
464 0 25 15 0.010531581
696 605 13 15 0.010530281
440 415 74 96 0.010500662
635 675 17 17 0.010495638
622 562 25 28 0.0104930075
609 599 15 19 0.010492564
455 580 20 21 0.010481594
453 614 34 43 0.010476888
527 554 17 21 0.0104620885
661 578 15 15 0.010424411
583 684 14 15 0.010422193
634 489 23 29 0.010416953
346 653 11 13 0.010415483
0 490 4 13 0.010415108
608 334 133 161 0.010409512
649 0 92 58 0.010404324
672 462 107 150 0.010403435
461 655 23 25 0.010399598
516 0 59 39 0.01039473
268 594 47 61 0.010393566
0 0 33 45 0.010385166
472 643 16 17 0.0103831785
832 27 107 156 0.010375876
545 45 160 156 0.010366051
228 648 11 12 0.010351895
721 655 18 21 0.010351198
655 490 142 194 0.010348669
513 603 23 25 0.010335783
512 601 16 17 0.010332156
740 692 19 15 0.010331763
237 638 18 21 0.010328585
352 623 19 27 0.010327942
310 672 41 41 0.010320586
567 464 48 49 0.010317252
638 654 14 14 0.010314453
290 615 10 12 0.010308531
342 641 20 25 0.010295847
1010 468 14 71 0.010278464
325 649 48 47 0.010271039
0 756 26 25 0.010270818
668 593 16 18 0.010266961
718 616 15 16 0.010263043
480 604 12 16 0.01025944
435 652 19 24 0.01025684
596 563 12 15 0.010246796
591 619 22 27 0.01024144
585 639 19 22 0.010238593
235 626 21 28 0.010231143
527 537 21 24 0.0102309
520 561 8 12 0.010228423
590 662 16 17 0.010212748
307 601 26 36 0.01021083
237 673 14 15 0.010198299
662 645 21 27 0.010191575
617 672 15 16 0.010190649
498 498 16 20 0.010188756
682 661 11 14 0.010187919
703 577 25 28 0.010175432
572 543 11 12 0.01017506
609 0 64 40 0.010172918
614 480 15 21 0.010171603
559 562 52 61 0.010164551
0 528 5 12 0.010159253
31 35 125 170 0.010159049
599 533 14 16 0.010153436
0 428 4 13 0.010145881
598 581 14 15 0.010139914
223 690 12 15 0.0101380935
62 742 63 39 0.010137421
544 547 15 19 0.010130919
224 653 14 16 0.01011335
657 575 10 12 0.010112934
444 0 22 14 0.010092114
511 540 14 15 0.010089862
713 658 16 18 0.010086638
210 682 42 46 0.010080099
497 456 23 24 0.010058436
324 641 16 17 0.010054374
507 686 10 12 0.010045659
573 673 30 30 0.01002322
443 0 52 39 0.010019821
631 600 15 18 0.010019706
709 603 35 53 0.0100126825
615 609 23 31 0.010011752
976 218 48 152 0.010007935
460 590 22 27 0.010000134