27_Spa_Spa_27_768
1323
337 266 51 77 0.8464162
566 243 54 81 0.83284837
737 314 50 84 0.81264216
195 330 50 81 0.80541253
841 305 10 13 0.11627266
839 740 24 18 0.10784552
840 347 8 9 0.06588527
811 815 43 46 0.054164767
205 328 32 59 0.05395444
873 288 7 9 0.051088233
893 336 9 11 0.047891665
898 321 8 10 0.043171268
875 312 11 11 0.042743973
754 290 69 90 0.04118803
310 269 69 87 0.039443273
844 747 17 14 0.03793182
210 355 39 55 0.03647694
881 350 10 11 0.034475096
566 203 79 117 0.0343712
872 319 11 12 0.031108554
236 320 54 75 0.031011522
329 294 58 79 0.030830398
0 0 53 70 0.029886033
845 304 12 13 0.029730104
566 243 36 54 0.029595712
734 342 32 53 0.029552093
833 295 8 12 0.029484846
164 332 67 77 0.029431747
353 300 34 47 0.029412221
885 287 9 11 0.028863836
930 322 7 9 0.028799597
965 308 11 13 0.028638994
961 0 63 76 0.028314201
983 309 9 10 0.028308826
908 318 8 11 0.028111676
852 305 9 11 0.02796525
919 322 8 11 0.02759
731 306 41 69 0.026920594
962 328 11 15 0.026908206
214 325 54 74 0.02685417
30 460 12 12 0.026840951
868 361 8 9 0.026732078
881 288 11 14 0.026609829
49 452 12 12 0.026249751
811 791 26 21 0.0256794
16 425 12 10 0.025618697
932 568 23 23 0.025237659
850 273 10 12 0.025170313
899 357 8 10 0.025153214
812 281 11 13 0.025127739
838 344 8 11 0.024952691
753 325 51 63 0.024838407
900 309 9 11 0.024816247
676 265 7 9 0.024677591
186 307 50 77 0.024523158
297 310 64 78 0.024445442
0 0 33 46 0.024095891
340 255 39 54 0.02400531
0 0 210 277 0.02397183
0 953 51 71 0.02372105
369 315 33 43 0.023682522
979 973 45 51 0.023617795
831 302 11 13 0.023575675
580 230 47 69 0.023560353
288 0 393 284 0.023484832
874 316 12 12 0.023438998
831 293 8 11 0.02319605
352 322 41 51 0.023077775
759 0 265 292 0.022793517
910 286 10 11 0.022697616
134 338 34 50 0.022683825
344 235 50 83 0.022570323
311 254 53 64 0.02229615
916 668 12 20 0.02204787
835 297 11 14 0.021946605
239 292 56 78 0.02192824
176 329 89 118 0.021851843
704 293 12 13 0.021847444
227 359 20 35 0.021734782
890 338 10 11 0.021625645
151 358 70 84 0.021523038
743 685 281 339 0.021383626
832 307 8 10 0.021279717
540 255 76 100 0.021242585
99 0 102 79 0.02097131
700 308 67 95 0.020890394
841 366 8 9 0.020888617
39 0 101 78 0.020825192
742 341 54 74 0.02075563
19 0 388 317 0.020738106
771 272 59 71 0.02064045
218 0 102 80 0.020493545
158 0 103 79 0.020471234
838 350 8 10 0.02044874
717 362 59 81 0.02040623
84 414 8 10 0.020269975
887 366 10 10 0.020252503
553 266 44 55 0.020206029
1002 323 12 14 0.020197375
278 0 102 80 0.020149283
337 0 102 80 0.020134106
868 269 9 11 0.020131571
545 0 102 79 0.020093868
1007 1001 17 23 0.020074962
636 0 101 79 0.020022014
738 269 8 9 0.019956017
427 0 101 79 0.019860335
834 735 36 30 0.019752776
695 0 101 79 0.019733148
814 0 101 80 0.019677669
879 285 9 11 0.019661663
876 367 9 10 0.019577663
835 356 9 10 0.019524163
755 0 101 78 0.019490352
486 0 102 79 0.019390712
959 922 65 102 0.019358749
827 294 9 10 0.019325767
226 355 40 58 0.019315016
0 362 9 20 0.01926523
1004 0 20 38 0.019246388
727 312 90 124 0.01917324
0 411 4 10 0.019164782
0 0 101 134 0.019162515
918 0 106 145 0.019122632
486 294 13 10 0.01909535
838 300 16 21 0.01906865
155 310 63 75 0.019054437
219 324 80 108 0.019047525
184 355 55 75 0.019041877
84 387 9 11 0.019041313
842 309 12 14 0.019000106
716 303 10 14 0.018999632
896 325 10 13 0.01895352
902 582 26 48 0.018934976
518 0 406 293 0.018922795
942 321 9 10 0.018840592
354 280 43 58 0.018804668
51 354 11 14 0.018792607
997 391 10 12 0.018716998
830 305 7 9 0.018486684
587 275 64 79 0.018387033
873 0 103 80 0.018326122
61 420 10 10 0.018309228
885 339 8 10 0.01818439
0 364 4 9 0.01815961
997 989 27 35 0.018106503
885 304 12 14 0.01809757
879 290 8 9 0.018022656
15 0 84 65 0.017970432
830 297 8 11 0.01796009
780 280 13 12 0.017956888
268 322 56 72 0.017937686
124 316 78 90 0.017896527
547 212 62 97 0.017801804
337 286 86 109 0.017800966
828 346 7 9 0.017795775
357 298 49 64 0.01766558
872 284 11 12 0.017608656
864 294 8 11 0.017604358
848 299 12 14 0.017529804
77 0 85 63 0.017511774
328 551 8 10 0.017501252
0 658 223 366 0.017488219
897 354 9 11 0.01747928
310 323 89 111 0.017473347
137 0 84 64 0.0173626
271 289 58 72 0.017337427
0 22 58 134 0.017201476
255 0 86 64 0.017134262
853 276 9 10 0.017094798
196 0 85 64 0.016996082
315 0 85 64 0.01697843
673 0 84 63 0.016924502
0 887 99 137 0.01691653
877 307 10 13 0.016907118
328 209 59 87 0.016902184
543 491 41 49 0.01687613
375 0 85 63 0.016828164
793 0 84 64 0.016758686
811 805 34 38 0.016755221
852 0 84 63 0.016747585
614 0 84 63 0.016746651
732 0 85 63 0.016687026
850 777 65 78 0.016669925
884 348 9 11 0.016667144
821 832 30 32 0.016601888
1011 0 13 26 0.01659503
854 302 9 11 0.016572947
711 277 8 12 0.016509868
836 344 13 16 0.016489055
849 271 9 11 0.016469562
366 621 481 403 0.016457217
524 0 85 63 0.016447946
53 357 13 13 0.016445968
887 282 8 12 0.01643286
895 320 9 10 0.016430905
893 342 10 12 0.016414728
0 452 4 11 0.016400028
455 0 106 108 0.016391497
22 594 465 430 0.01635875
875 343 7 9 0.016357286
661 278 9 12 0.016354961
29 555 222 344 0.016295679
575 277 42 49 0.016249938
882 282 8 9 0.016235458
573 0 107 108 0.01621897
838 308 10 11 0.016215896
585 251 55 66 0.016210297
902 337 10 12 0.016180998
370 332 32 40 0.016175555
76 375 9 10 0.016164228
897 315 10 12 0.016119236
912 332 8 9 0.016085321
926 289 8 10 0.016069937
508 255 60 73 0.016034544
395 0 106 107 0.016012026
865 277 8 10 0.016001105
835 733 23 22 0.0159906
0 347 13 21 0.015956298
53 0 71 50 0.015944906
295 349 62 74 0.015888885
719 284 10 13 0.015802883
0 112 54 132 0.01580223
700 277 9 12 0.015772372
928 565 32 37 0.01575651
958 563 17 14 0.015739078
903 275 10 10 0.015720183
912 0 86 66 0.015693672
0 996 27 28 0.015670983
689 305 8 9 0.015632268
386 261 56 74 0.015568639
948 331 11 14 0.01556822
230 349 28 44 0.015567288
191 0 318 226 0.015529299
834 720 33 34 0.015475268
0 802 55 130 0.015472017
270 350 56 74 0.015386802
0 13 38 90 0.015355466
114 0 70 51 0.015346562
0 1006 17 18 0.015295441
76 370 13 15 0.015288799
835 347 9 10 0.015268723
568 297 53 65 0.015258646
0 363 14 29 0.015238594
915 279 9 10 0.015229231
868 284 10 13 0.0151906
565 6 188 251 0.015051482
769 329 58 71 0.014987346
845 357 9 11 0.014976437
737 281 49 79 0.014974264
374 279 50 66 0.014958914
872 311 10 10 0.014936288
18 346 13 15 0.014928472
0 300 53 123 0.014926989
828 0 71 51 0.014926905
232 0 71 51 0.014912396
843 738 14 16 0.014910328
650 0 70 51 0.01490602
349 333 75 90 0.014901254
173 0 71 51 0.014894731
870 305 13 14 0.0148926
931 357 9 10 0.014892541
909 282 14 13 0.014875603
0 204 52 128 0.014869957
351 0 71 51 0.014846179
292 0 71 51 0.014845384
843 746 28 28 0.014813571
709 0 71 51 0.014791412
89 15 119 155 0.014788323
243 335 110 137 0.014733767
972 342 9 11 0.014730346
354 210 57 80 0.014726263
138 305 58 64 0.014703343
456 434 65 72 0.014699176
905 320 9 10 0.014695278
211 378 33 41 0.014650405
0 453 6 15 0.014646414
844 728 58 50 0.014600393
928 837 96 187 0.014599787
386 454 66 69 0.014596951
868 768 43 47 0.014586361
876 355 7 9 0.014560476
883 280 11 12 0.0145427445
560 0 71 51 0.0145123005
592 215 56 68 0.014509243
590 0 70 50 0.01450746
0 859 54 131 0.014493406
854 844 72 83 0.014482029
742 264 157 198 0.014444009
441 0 71 50 0.0144110825
871 315 11 11 0.01440463
411 0 71 50 0.014382092
717 326 46 63 0.014364541
0 441 7 16 0.014352098
859 363 12 12 0.01432806
956 328 14 16 0.014325756
0 355 16 27 0.014322931
887 342 12 14 0.014304497
80 435 13 12 0.014297711
10 955 97 69 0.014295067
211 336 23 38 0.014294259
29 13 117 152 0.014288584
839 953 100 71 0.014278133
887 0 71 51 0.014276866
648 268 9 11 0.014239841
712 273 8 10 0.014223272
140 0 203 148 0.014207036
76 422 9 9 0.014202137
0 0 21 28 0.014195019
743 260 9 9 0.014189506
471 0 70 50 0.014174223
385 0 194 148 0.014166422
0 377 34 52 0.014157981
746 510 8 9 0.014136221
505 0 191 147 0.014108275
219 358 22 37 0.014098063
821 296 7 9 0.014097176
815 827 29 29 0.014090079
0 359 7 14 0.01407342
263 0 198 148 0.014071926
501 0 70 50 0.014056368
936 565 17 16 0.014046578
953 107 71 148 0.014005401
894 294 10 13 0.014001062
936 332 9 11 0.013999571
893 625 39 88 0.013992054
0 164 33 87 0.013963639
848 805 62 87 0.013961967
907 297 9 11 0.01392813
619 0 198 149 0.013917788
869 335 9 10 0.013914098
878 352 9 11 0.013891438
697 309 7 10 0.013878699
133 947 9 11 0.013822023
953 534 71 144 0.013812346
693 310 12 13 0.013806388
350 319 32 35 0.013805776
139 390 103 134 0.01379256
826 297 10 12 0.013791196
962 270 62 120 0.01378956
877 284 18 21 0.013785845
81 407 10 12 0.013784785
850 296 11 12 0.013769766
426 313 43 50 0.013758184
819 792 51 61 0.013754617
698 385 91 115 0.013725921
807 274 12 14 0.0137249585
565 187 163 201 0.013684146
0 737 57 133 0.013667727
0 348 51 127 0.013666816
907 321 11 13 0.013660484
51 456 9 11 0.013660424
999 0 25 73 0.013651922
839 267 10 12 0.0136504825
252 286 100 125 0.013639353
0 103 34 89 0.0136300195
833 848 12 16 0.013627176
870 285 14 18 0.013625503
199 288 49 79 0.013618544
910 951 102 73 0.013610471
761 305 47 57 0.013606422
978 307 14 16 0.013601498
737 0 209 153 0.013596036
736 349 19 36 0.013591399
882 335 11 12 0.013588674
293 380 61 74 0.013575175
129 334 27 37 0.013571181
859 346 9 10 0.013565769
0 820 34 89 0.013557711
859 300 7 9 0.013556874
868 290 9 10 0.013546034
676 10 207 244 0.0135447495
952 555 21 24 0.013530205
834 745 22 19 0.013520426
0 742 29 67 0.013515595
1021 1011 3 13 0.013512659
955 591 69 144 0.01348997
659 298 9 11 0.0134865185
906 316 8 11 0.013484378
0 83 30 69 0.013471847
717 2 113 133 0.013442079
232 206 161 199 0.01343494
0 400 8 19 0.0134315975
145 274 95 126 0.013424827
871 323 10 10 0.013419435
1016 295 8 40 0.013410433
875 570 76 149 0.013392991
594 313 63 75 0.013391625
951 47 73 153 0.013391121
362 443 96 111 0.013381081
786 945 101 79 0.013361291
259 338 44 58 0.013349503
863 291 7 10 0.013341794
961 326 10 12 0.013340242
459 297 27 29 0.013329772
815 264 9 10 0.013314852
861 275 8 10 0.013311519
74 0 215 218 0.013308248
827 357 7 9 0.013302366
243 800 7 9 0.013295993
357 555 13 15 0.013294859
574 158 91 126 0.013292274
122 395 13 18 0.013275735
563 247 23 37 0.013272786
336 940 107 84 0.013269416
570 377 73 85 0.013266462
890 365 9 10 0.013260105
908 354 9 10 0.013259016
351 339 45 58 0.013227551
565 177 62 96 0.013225649
206 330 23 33 0.013224382
881 293 9 10 0.013224356
719 305 8 9 0.013218883
0 224 32 86 0.013216642
966 327 12 16 0.0132149225
442 620 210 240 0.013214859
534 264 52 65 0.013208254
220 386 33 45 0.013200753
337 195 85 122 0.013197343
838 295 12 14 0.0131921135
72 995 64 29 0.013189215
850 268 9 10 0.013184909
187 343 42 53 0.013181122
747 0 53 42 0.01316908
50 352 19 21 0.013167104
356 14 119 154 0.013162064
982 308 42 88 0.013159398
240 1 115 137 0.013159063
0 103 196 500 0.013144231
104 995 63 29 0.013136133
173 393 65 83 0.013135933
955 387 69 133 0.013135444
856 295 39 50 0.013134379
665 266 8 10 0.0131324055
888 300 11 14 0.013124061
894 356 9 10 0.013116068
956 173 68 140 0.01310469
895 352 8 10 0.013089666
745 0 13 10 0.013074668
616 76 188 248 0.013068662
886 350 11 13 0.013063415
957 567 13 13 0.01302537
446 0 187 201 0.013018054
144 408 64 77 0.012998496
580 228 103 122 0.012993766
840 355 9 10 0.012971948
749 272 8 11 0.012970337
315 370 75 92 0.012961431
940 307 10 11 0.01295688
216 464 53 70 0.0129473545
756 0 14 10 0.012937964
734 0 13 10 0.012933401
125 376 56 74 0.012929426
895 346 11 12 0.01292768
0 909 34 89 0.012902871
828 312 12 17 0.0128992675
70 955 97 69 0.012896289
858 296 11 12 0.012894607
367 309 21 30 0.012879365
165 964 9 10 0.012850618
999 837 25 81 0.012840432
1013 370 11 45 0.012838737
218 334 30 47 0.012820953
123 301 144 188 0.012815242
341 356 94 119 0.012810651
728 299 8 9 0.0128102135
1000 544 24 77 0.012809649
864 358 10 11 0.012806184
938 566 32 27 0.012801717
844 283 41 56 0.012794143
0 286 32 87 0.012793205
985 671 39 92 0.01279241
0 712 29 69 0.012771926
797 282 44 52 0.012755931
930 570 16 18 0.01275261
360 515 54 75 0.012744297
532 315 65 76 0.012743677
976 812 48 128 0.012736864
57 1008 8 10 0.012734876
1022 0 2 20 0.012730048
858 288 9 10 0.0127183115
879 303 13 15 0.012711776
497 552 210 241 0.012676966
0 519 106 282 0.01266542
0 447 5 14 0.012664684
847 744 59 60 0.012662168
564 294 38 47 0.01265628
239 263 58 77 0.012651488
884 360 12 14 0.0126506565
960 320 64 132 0.012648551
107 407 11 14 0.0126465745
976 99 48 103 0.012643097
595 467 58 76 0.0126365535
396 943 103 81 0.012629556
958 323 18 22 0.012628572
597 16 117 149 0.012613609
999 372 25 64 0.012607969
0 680 57 134 0.012599638
700 0 14 9 0.012590278
253 120 53 69 0.012590026
866 317 13 14 0.012585311
908 285 16 19 0.012585175
693 0 13 10 0.012581436
845 287 7 9 0.012568858
697 280 9 11 0.012559496
736 265 13 14 0.012559169
718 263 75 121 0.012557186
422 663 113 160 0.012548644
947 405 11 14 0.012547811
44 356 34 38 0.01254637
134 951 97 73 0.012531507
827 970 73 54 0.012526442
888 289 10 14 0.012523303
46 296 201 263 0.012522265
863 312 12 13 0.0125201065
942 362 10 11 0.012519503
0 758 34 90 0.0125194555
152 0 53 42 0.012516032
287 328 13 18 0.0125136785
967 862 57 139 0.0125078745
732 951 97 73 0.012507312
913 591 16 37 0.012503436
237 373 59 75 0.012503298
437 373 54 65 0.012497457
95 588 244 289 0.012494931
860 268 7 10 0.012488264
256 702 421 322 0.012486326
280 933 106 91 0.012481422
918 324 10 13 0.012479527
153 295 57 59 0.012476482
67 69 111 153 0.012463629
0 436 7 14 0.012455398
308 101 102 145 0.012449249
997 871 27 81 0.012446846
573 230 32 40 0.012442866
836 715 51 45 0.0124419695
880 354 12 15 0.012436131
849 301 15 18 0.012427077
316 225 85 117 0.012418853
805 0 13 9 0.0124186
791 305 33 47 0.012416245
49 352 48 53 0.012409897
390 0 53 41 0.012408509
34 458 10 12 0.012406731
768 358 38 48 0.012401784
264 246 85 109 0.012372452
976 161 48 98 0.0123721175
1022 1014 2 10 0.012357403
826 340 10 14 0.012347789
82 0 14 10 0.01234622
389 634 118 160 0.012343331
487 944 102 80 0.012336037
198 387 51 63 0.012335821
210 265 55 80 0.012333781
813 792 33 34 0.012323492
228 347 18 27 0.012322389
678 324 103 136 0.012320346
369 269 85 108 0.012313435
688 0 53 42 0.012310448
843 295 11 13 0.012306722
32 368 14 15 0.012285297
906 287 11 12 0.012262365
975 373 49 95 0.012261523
874 767 60 63 0.012258123
667 957 96 67 0.012255855
926 570 53 65 0.012251313
452 695 109 152 0.012250743
925 334 9 12 0.012247111
726 0 13 9 0.012246545
470 0 13 10 0.012243928
708 0 13 10 0.01223912
0 459 4 10 0.012225117
855 298 9 11 0.012224447
970 684 54 123 0.0122215785
811 128 102 134 0.012217134
827 302 9 12 0.01221696
3 994 52 30 0.012200297
701 288 17 21 0.012197044
992 343 14 16 0.0121921515
134 993 57 31 0.0121880025
895 194 56 73 0.012186559
961 481 63 135 0.012182413
826 289 14 17 0.012173645
778 0 53 43 0.012171779
686 0 13 10 0.012170635
0 555 62 145 0.012154181
437 318 52 62 0.01214846
75 0 13 9 0.012145746
853 0 13 10 0.012145663
1001 516 23 75 0.012143547
809 273 8 10 0.012131407
709 278 7 9 0.012128189
142 385 37 34 0.0121272085
861 15 126 157 0.012126121
338 139 94 134 0.012114206
979 431 45 94 0.012111071
156 281 214 253 0.012094562
726 333 27 45 0.012092514
860 316 11 13 0.012091955
974 38 50 107 0.012084853
60 0 13 10 0.012082724
879 278 10 11 0.012079268
908 395 9 12 0.012072566
719 0 13 10 0.0120705385
871 368 10 12 0.012069853
867 273 8 9 0.01206842
442 975 71 49 0.012064514
908 291 10 12 0.012063698
557 724 322 300 0.012060128
990 732 34 86 0.012056227
764 0 13 10 0.012054292
924 292 7 9 0.012042591
772 338 106 135 0.012041266
81 419 9 9 0.0120405285
892 393 12 12 0.012039469
890 0 14 10 0.012039293
129 346 46 67 0.012035911
262 147 36 46 0.012031452
215 304 43 66 0.012029563
884 574 50 100 0.012029377
854 272 9 11 0.012012937
968 305 10 12 0.01201223
729 293 36 53 0.012010908
834 310 13 16 0.012004323
688 310 13 15 0.012003435
96 611 121 160 0.012003349
872 406 18 15 0.011998126
900 370 9 11 0.011997058
678 0 13 9 0.0119888
547 945 104 79 0.011987216
838 0 13 9 0.011985021
833 339 10 13 0.011982211
900 850 80 76 0.011969018
846 0 13 9 0.011968317
911 290 9 10 0.011968013
147 951 9 10 0.011966958
543 374 72 85 0.011956208
1008 307 16 17 0.011939597
580 293 94 115 0.011927263
263 72 178 258 0.0119270915
0 387 6 15 0.011919636
724 314 8 9 0.0119167995
606 950 100 74 0.01191486
829 319 8 12 0.011914149
382 971 74 53 0.011911972
979 230 45 93 0.01190511
699 292 12 14 0.011904135
149 34 117 166 0.011901582
195 897 68 89 0.01189862
49 998 53 26 0.011895434
628 0 53 42 0.011889514
292 294 32 45 0.01187563
713 298 18 22 0.01187477
976 749 48 128 0.011854221
940 319 8 10 0.011849354
830 0 14 9 0.011849264
541 598 224 256 0.011839306
863 298 8 9 0.011834906
870 371 9 12 0.01183042
539 0 53 42 0.011826118
440 301 45 48 0.011820057
845 728 27 27 0.011818921
473 974 70 50 0.01181342
807 0 53 44 0.011807851
796 289 13 13 0.011801367
0 124 141 237 0.011799951
505 284 61 74 0.011793927
934 558 54 53 0.011792348
6 70 100 149 0.011791627
281 324 32 35 0.011783204
340 330 35 43 0.011782149
80 124 186 253 0.011782016
868 275 12 13 0.011781836
879 0 13 10 0.011777087
577 245 33 40 0.01177431
352 970 75 54 0.011766249
462 0 13 10 0.011764878
67 0 13 10 0.01175322
894 352 14 17 0.01175014
604 368 68 78 0.0117496215
888 976 71 48 0.011749183
833 162 57 81 0.011740436
444 612 122 159 0.011740207
42 1008 35 16 0.011739967
330 639 114 154 0.011732964
93 0 52 41 0.011726477
90 0 13 9 0.011722887
729 219 86 124 0.011721102
816 284 9 13 0.0117192855
812 0 13 9 0.011715013
121 67 113 157 0.011713576
694 305 10 13 0.011710279
749 376 53 62 0.011701031
837 363 12 16 0.0117010055
943 606 8 10 0.011700879
771 971 72 53 0.011699548
517 469 100 130 0.011699145
117 975 66 49 0.01169849
501 973 71 51 0.011694284
323 968 75 56 0.011693444
241 379 34 36 0.011692604
0 875 27 68 0.011689906
926 293 8 9 0.011689317
990 798 34 92 0.011688131
179 265 60 84 0.01168638
0 0 13 17 0.011685218
238 333 9 9 0.011675471
67 1007 44 17 0.011673775
860 0 14 9 0.01165864
48 459 9 10 0.0116514
679 265 7 10 0.011650932
649 265 8 10 0.01164495
859 290 11 12 0.011636229
96 0 167 116 0.011633797
771 0 13 10 0.011628552
838 272 10 14 0.011620571
354 265 30 54 0.011608337
953 331 13 15 0.011607763
273 378 57 75 0.011600909
393 416 62 69 0.011584653
798 0 12 9 0.011583442
275 793 11 10 0.011580998
359 612 117 154 0.011573021
484 443 59 55 0.011570163
520 381 98 126 0.0115638925
99 617 69 100 0.0115633225
273 0 12 10 0.011560409
767 293 42 46 0.011560306
742 401 62 77 0.011556335
238 349 40 53 0.011546364
875 323 11 11 0.011534745
671 0 13 9 0.011528056
0 414 50 129 0.011525104
317 339 50 61 0.011524793
997 174 27 77 0.011524742
481 724 109 149 0.011524038
212 0 53 42 0.011522874
1007 289 17 57 0.011516747
807 729 56 52 0.011512287
867 0 53 42 0.011510776
859 335 8 9 0.011505404
753 509 17 16 0.011504467
525 89 156 237 0.011503129
959 557 21 18 0.011498655
29 389 9 11 0.011497784
926 533 53 58 0.011494216
759 226 87 110 0.011493728
975 333 10 10 0.011493019
332 0 52 43 0.0114909625
980 370 11 14 0.011488368
901 322 11 13 0.0114870425
529 467 55 68 0.011483494
505 609 123 162 0.011479379
105 0 13 9 0.011477329
230 380 128 155 0.011473314
828 350 9 12 0.01146497
133 878 67 86 0.01146288
63 98 330 386 0.0114577
129 412 49 84 0.011456607
674 296 12 15 0.011456219
724 260 7 9 0.0114543615
549 283 90 116 0.0114539685
0 320 208 553 0.011451737
872 0 13 9 0.0114495875
17 0 53 42 0.011445466
229 372 28 37 0.011442286
454 370 93 118 0.011430624
303 668 113 152 0.011429627
0 682 28 69 0.011425282
344 550 12 12 0.011422261
918 288 11 13 0.011420741
119 655 119 163 0.011418968
674 304 13 15 0.011407932
0 377 8 21 0.011403839
380 0 14 10 0.011400278
715 282 10 13 0.011386925
186 942 103 82 0.011384497
97 1007 45 17 0.011381557
119 340 27 34 0.011381275
281 362 31 40 0.011379506
231 333 36 50 0.01137549
1013 277 11 51 0.011358851
997 33 27 84 0.011358172
879 316 10 11 0.011352453
20 380 8 9 0.01135243
983 497 41 93 0.011350874
876 344 9 11 0.011343235
909 208 56 77 0.0113392025
271 0 53 41 0.011338314
0 412 6 14 0.01133798
0 397 33 54 0.011337684
855 264 44 60 0.011336003
284 432 60 79 0.011335402
665 279 6 9 0.0113159325
714 977 65 47 0.011306381
738 383 42 50 0.0113020595
97 0 13 10 0.011298183
678 45 346 440 0.0112935705
455 432 92 116 0.011292827
807 180 54 71 0.011281318
996 98 28 79 0.011279197
443 871 197 153 0.011275494
353 253 33 43 0.011272644
300 112 360 386 0.011268064
820 282 13 15 0.011267118
845 165 96 127 0.011267001
809 277 18 22 0.011257601
419 38 116 159 0.011252243
211 35 113 160 0.011248713
832 335 10 11 0.011246557
142 0 13 10 0.011246556
168 0 13 9 0.011243821
895 294 54 67 0.011237796
823 0 13 9 0.011236714
777 276 18 19 0.011219219
37 831 101 137 0.011215572
238 646 113 140 0.011214178
137 323 36 47 0.0112130605
56 977 68 47 0.011210766
849 345 7 9 0.011208813
531 972 73 52 0.011202656
28 1008 35 16 0.011202502
972 338 11 11 0.011200001
451 383 60 72 0.011199102
820 726 38 35 0.01119746
722 317 15 15 0.011195447
24 879 186 145 0.011191911
128 1006 44 18 0.011191262
923 294 7 9 0.011180477
828 741 50 53 0.01117647
153 795 63 79 0.011172947
1008 848 16 58 0.0111720655
796 884 179 140 0.011171532
0 615 56 143 0.0111647565
536 580 122 163 0.011164141
1015 262 9 46 0.01116353
330 610 194 226 0.011163459
890 377 9 10 0.011157081
917 282 9 11 0.011156711
658 268 7 9 0.011154043
0 145 28 69 0.011150491
845 717 20 25 0.011149621
867 280 7 9 0.011146263
856 306 10 11 0.011145609
939 626 85 287 0.011142002
851 301 24 33 0.011132513
523 385 66 82 0.011131631
104 947 58 61 0.011130548
870 302 8 9 0.011122543
533 349 64 81 0.011120656
652 977 67 47 0.011116902
887 310 11 13 0.01111604
293 671 66 88 0.011113005
696 138 97 133 0.011112305
845 273 12 14 0.01111148
939 548 31 31 0.011110353
870 266 8 10 0.01110953
0 257 142 215 0.011102962
811 348 28 34 0.0111025395
830 820 36 41 0.01110156
873 276 12 13 0.011096178
387 0 13 9 0.011093394
667 283 6 9 0.01109196
781 285 10 10 0.011091625
828 264 42 58 0.0110857645
316 586 18 12 0.011085138
295 966 74 58 0.0110838385
17 378 14 16 0.011083014
973 346 9 9 0.011082905
869 129 108 139 0.011081005
130 408 28 57 0.011079073
137 776 62 82 0.011078776
1010 540 14 56 0.011078369
176 0 12 9 0.011074005
411 304 46 50 0.0110694235
490 707 209 254 0.011061845
806 378 58 74 0.011055796
879 366 11 13 0.011054757
842 289 12 16 0.01104948
370 325 89 113 0.011043434
0 94 18 49 0.011040413
0 340 11 21 0.011032767
809 701 56 59 0.011030864
0 433 13 27 0.011029808
492 293 44 37 0.011029066
473 353 69 80 0.011027748
207 398 61 80 0.01102294
924 988 61 36 0.011022926
333 67 109 151 0.011018467
778 37 116 160 0.011013305
53 0 12 9 0.011012043
505 692 118 159 0.011006958
911 306 9 11 0.011006779
0 633 100 280 0.011006772
695 272 7 9 0.011006274
396 0 28 21 0.011000785
279 0 14 9 0.010999284
562 274 26 39 0.010998238
1014 245 10 48 0.0109967645
898 0 13 10 0.010988135
863 301 26 34 0.010978008
752 260 9 10 0.0109750135
883 209 54 74 0.010971126
850 743 21 19 0.010966517
917 592 7 11 0.010961758
833 293 38 51 0.010951561
754 280 12 14 0.010951306
874 924 103 100 0.010949166
984 342 13 16 0.010942694
671 308 14 16 0.010941871
938 486 86 269 0.0109390365
1002 423 22 73 0.010932117
361 0 14 10 0.010929439
511 821 192 203 0.010925475
998 144 26 77 0.010923104
896 98 113 150 0.0109194135
0 380 76 131 0.010918716
916 315 46 55 0.010911207
415 582 121 158 0.010908099
567 479 60 73 0.01090398
859 716 56 50 0.010903744
14 868 59 85 0.010902678
884 588 36 46 0.010901085
898 654 27 57 0.010897379
694 888 183 136 0.010894523
820 276 11 14 0.010885998
417 384 55 68 0.010884933
999 573 25 77 0.010884786
0 432 11 15 0.010882559
889 307 11 13 0.010880514
889 355 11 12 0.010880227
812 292 40 51 0.01087754
542 68 104 142 0.010875273
653 314 61 78 0.010874791
9 802 98 139 0.010873601
492 0 13 9 0.010873105
483 494 110 145 0.010872146
824 784 33 28 0.010871716
183 0 13 9 0.010869253
933 439 91 143 0.010865026
0 752 17 46 0.010863445
359 521 112 151 0.010862997
448 288 31 33 0.010861545
568 240 27 34 0.010861363
508 521 115 153 0.010859987
889 361 9 11 0.010859704
367 247 36 51 0.0108594345
999 710 25 75 0.01085848
153 437 57 67 0.010849389
579 223 34 36 0.010844671
10 1007 38 17 0.010842958
30 270 58 79 0.010839772
265 0 13 9 0.010835701
910 321 100 130 0.010834172
779 0 13 9 0.010829649
318 176 52 71 0.010829185
725 311 9 10 0.010828641
455 0 13 10 0.010826725
674 253 99 127 0.010823047
274 333 38 46 0.010821918
1000 204 24 73 0.010808217
697 276 8 10 0.010808006
179 226 60 79 0.010807255
877 278 17 19 0.010806229
837 193 54 76 0.010802814
34 989 52 35 0.0107999
79 406 9 11 0.010792965
1000 786 24 75 0.010792757
120 742 62 82 0.01079239
591 973 72 51 0.010787915
794 196 50 67 0.010784357
847 279 11 12 0.01078219
864 986 61 38 0.010779404
869 197 54 72 0.010778686
1002 406 11 13 0.010778611
537 491 113 149 0.010778373
570 0 13 10 0.010772694
900 327 8 10 0.010772162
400 490 61 85 0.010771498
9 388 14 13 0.010770663
0 433 31 87 0.010769733
822 311 15 20 0.010768213
38 0 13 9 0.010765907
0 372 18 31 0.010757865
342 464 105 134 0.01075452
827 354 7 9 0.010754455
125 727 108 146 0.010751501
0 505 58 137 0.010749802
283 584 55 57 0.010742064
309 880 200 144 0.010741989
910 327 10 12 0.0107381055
373 0 13 9 0.010738081
414 778 22 22 0.010734613
683 284 6 10 0.010731665
161 0 13 9 0.010727981
847 309 9 10 0.010720952
742 135 190 235 0.01071812
336 587 109 146 0.010713003
6 241 48 64 0.01070389
92 407 11 13 0.010702054
0 58 43 78 0.010701631
14 254 57 78 0.010699182
1004 235 20 70 0.010696634
112 0 13 9 0.010693707
669 284 5 10 0.010688634
89 648 62 96 0.010681893
910 415 60 78 0.010681448
734 329 23 37 0.010675478
45 259 57 74 0.010673645
287 0 14 9 0.010672298
87 390 9 10 0.010666924
980 388 13 10 0.010666114
419 320 30 37 0.010662452
857 364 9 11 0.010659394
0 391 8 21 0.010656618
772 374 61 74 0.010655402
663 0 13 10 0.010651444
611 183 88 123 0.0106496755
998 653 26 72 0.010647832
384 456 24 20 0.010647181
67 457 10 9 0.010646004
135 0 12 9 0.010645673
917 1004 42 20 0.01064484
392 69 110 149 0.010642713
335 570 10 11 0.010640878
68 431 9 11 0.010639675
848 771 97 122 0.010637972
961 304 18 21 0.010637958
42 18 61 85 0.010636511
35 102 107 145 0.010635412
403 990 59 34 0.010634042
882 299 13 15 0.010629977
844 142 62 82 0.010627981
687 37 113 154 0.01062675
565 626 123 169 0.010625636
595 579 122 165 0.010623417
727 323 10 10 0.010617663
974 328 12 12 0.010617012
14 835 59 84 0.0106131025
556 260 26 41 0.010606862
463 990 57 34 0.010604279
71 6 98 114 0.010598957
354 0 13 10 0.0105967345
903 162 106 140 0.010595581
870 348 8 9 0.010595471
880 345 14 18 0.010589886
479 389 100 121 0.010583878
399 696 101 142 0.010582968
246 0 13 9 0.010580731
1006 821 18 65 0.010574909
149 0 13 9 0.010572075
392 299 41 45 0.010571187
351 127 72 93 0.010564264
326 602 16 18 0.010563522
319 239 48 52 0.010558176
581 0 13 9 0.010557742
745 986 60 38 0.01055756
979 306 10 12 0.0105533935
165 205 88 125 0.010553092
869 338 11 12 0.010543355
844 752 12 10 0.010541689
45 0 13 9 0.010537425
51 431 10 12 0.010536274
972 322 11 11 0.010534156
970 332 12 12 0.01053324
707 284 12 17 0.010533006
851 749 30 36 0.010530746
692 314 17 19 0.010528111
923 288 13 16 0.010528043
569 38 110 150 0.010528022
249 683 65 91 0.01051581
0 797 44 75 0.010514883
0 460 7 17 0.010513857
490 302 89 111 0.010511565
288 358 42 49 0.010509858
768 256 107 125 0.01050687
755 72 164 205 0.010505136
275 699 114 144 0.010504377
927 320 11 14 0.010503731
913 577 47 77 0.0105021065
563 0 13 10 0.010500209
97 837 101 134 0.010498736
123 343 34 50 0.010493805
914 290 44 52 0.010493622
565 549 122 162 0.010491887
447 524 115 149 0.010491193
453 281 42 46 0.010489736
0 722 17 46 0.010489216
674 270 8 9 0.010488782
269 989 59 35 0.01048578
530 0 12 9 0.01048443
252 478 91 118 0.0104828
844 6 97 114 0.010480786
535 657 121 167 0.010478661
343 990 61 34 0.010478356
744 318 31 48 0.010477766
7 330 85 114 0.010474959
901 334 9 12 0.0104739275
840 292 9 10 0.010473294
315 991 60 33 0.010472419
297 262 47 60 0.010471773
51 351 9 12 0.010469033
752 133 101 132 0.010467618
942 381 14 15 0.010466319
174 385 115 149 0.01046389
461 335 66 77 0.010463808
270 33 115 160 0.010460494
587 401 65 82 0.010459923
737 0 44 34 0.010457938
24 348 50 61 0.010456256
32 452 11 13 0.010456042
477 552 118 154 0.010451661
202 0 12 9 0.010448751
764 273 8 9 0.010447745
576 99 97 139 0.010447416
125 54 206 279 0.010445715
420 499 109 141 0.010444718
0 318 4 9 0.010442624
862 270 10 13 0.010438239
104 720 60 79 0.010434984
27 432 12 13 0.010429219
0 395 12 28 0.010426546
190 0 14 9 0.010421963
522 989 60 35 0.010420766
135 390 33 46 0.010411128
931 308 43 49 0.010410077
979 312 9 10 0.010404829
430 154 59 84 0.010404158
23 532 76 165 0.010401863
0 776 23 56 0.010399414
66 410 10 10 0.010398813
856 927 69 81 0.010396762
33 354 32 39 0.010395676
888 1003 42 21 0.010395275
256 544 88 111 0.010393766
729 372 35 45 0.010389938
76 619 62 97 0.010388835
627 989 60 35 0.010388202
858 756 34 43 0.01038421
323 656 67 89 0.0103772525
374 991 59 33 0.010377022
451 68 111 149 0.010376453
908 284 9 10 0.0103754625
365 555 32 36 0.010368329
881 311 12 13 0.010366886
116 947 11 12 0.010363446
18 129 72 96 0.010363227
854 213 52 73 0.010363147
541 444 104 132 0.010361663
384 509 61 81 0.010356859
178 194 63 82 0.010356712
385 318 32 40 0.010356052
207 197 61 80 0.010349768
75 187 59 80 0.010349128
775 369 249 465 0.010346982
911 270 94 115 0.010345614
875 751 97 116 0.010339985
209 229 58 79 0.010338562
719 374 112 147 0.010338411
104 916 95 108 0.010337189
0 638 34 95 0.010336683
925 313 11 14 0.010335552
773 403 62 76 0.010334601
272 405 60 77 0.010333728
349 535 49 61 0.010333417
170 435 66 80 0.010329488
346 248 33 34 0.010326569
922 291 63 75 0.010325742
582 0 28 21 0.010320317
919 601 11 12 0.010320178
930 556 10 12 0.010315003
170 646 232 257 0.010313854
589 0 13 9 0.0103133535
942 0 52 43 0.010309839
0 181 22 57 0.010307973
280 49 63 87 0.010306719
45 288 57 75 0.010306469
0 735 9 18 0.010305541
414 777 14 15 0.010304774
832 315 8 11 0.010303114
81 355 15 14 0.010300845
891 314 12 13 0.0102980025
395 0 13 9 0.010296267
739 0 27 21 0.010295605
860 313 9 9 0.010292586
1 271 55 80 0.010292184
1010 513 14 52 0.010291373
805 330 29 46 0.010291254
845 268 18 23 0.010289865
14 286 58 77 0.010289425
258 0 12 9 0.010288466
289 330 8 11 0.010288345
616 230 28 43 0.010284161
705 318 11 11 0.01027825
124 601 71 96 0.010276981
931 324 10 12 0.010276276
68 858 100 132 0.010270517
1001 489 23 73 0.0102696745
556 286 32 42 0.010269009
276 627 104 133 0.010268828
366 98 102 142 0.010263893
881 363 12 13 0.010263877
548 545 63 77 0.010263067
0 382 5 11 0.010262965
80 382 11 14 0.010262143
338 547 34 43 0.010261484
127 951 39 37 0.010254656
190 535 213 246 0.010248741
471 1005 40 19 0.01024325
548 333 91 120 0.010241324
937 392 11 12 0.010240068
403 0 12 9 0.010239912
858 368 11 10 0.010237631
381 67 183 244 0.010234014
508 754 114 152 0.010231559
0 578 31 71 0.010229597
333 606 11 14 0.010225525
951 0 12 9 0.010224985
615 307 52 57 0.0102240825
956 360 9 10 0.010222589
48 592 99 181 0.010210509
69 0 26 20 0.0102104
541 0 12 9 0.0102102
888 764 44 43 0.010204409
869 272 49 64 0.010204296
537 508 55 77 0.010204115
591 175 61 82 0.010196192
504 0 12 9 0.01019564
901 575 38 76 0.010194405
916 656 12 26 0.010191506
1 89 54 83 0.01018613
686 988 60 36 0.010185978
877 318 13 15 0.010185733
520 6 96 114 0.010182897
6 223 101 150 0.0101819
854 724 43 35 0.01018183
867 339 8 9 0.01017844
907 175 57 75 0.010176235
174 973 72 51 0.010175511
743 304 34 42 0.010175421
0 16 24 58 0.010175419
879 735 54 61 0.010172995
158 1006 39 18 0.01017108
753 369 38 48 0.010166654
708 0 44 33 0.010163142
720 104 103 139 0.010157366
544 585 16 18 0.010156522
41 389 9 11 0.010155021
129 167 97 130 0.01015086
935 575 19 26 0.010146009
514 909 109 115 0.010145853
791 239 15 17 0.010142646
226 114 59 76 0.010131093
103 870 64 84 0.010127099
0 434 5 10 0.010125096
57 123 59 84 0.010124307
843 1001 43 23 0.010121786
374 0 26 20 0.010119907
612 273 89 107 0.010119561
548 27 96 125 0.010119401
692 337 60 81 0.010115928
986 308 11 14 0.010114217
788 6 95 114 0.0101114
842 759 51 69 0.010109684
127 799 104 142 0.01010662
928 232 53 71 0.0101038655
410 0 14 10 0.010103792
309 5 98 115 0.0101026585
289 186 86 126 0.010102568
667 6 97 114 0.010102187
881 170 57 80 0.010100838
903 346 47 58 0.010100716
465 274 86 107 0.010099565
108 378 30 35 0.010099391
346 405 96 114 0.010098276
41 918 98 106 0.010097491
982 887 42 83 0.01009732
101 770 105 140 0.010096523
958 0 12 9 0.010093181
234 364 20 32 0.010090694
390 448 50 44 0.010087641
175 14 65 92 0.0100836
999 325 25 63 0.010081186
830 36 120 162 0.010080474
401 103 61 88 0.010074904
1008 882 16 57 0.010071638
75 664 107 152 0.010068466
220 682 64 91 0.010064594
760 202 31 38 0.010064534
422 909 108 115 0.01006103
89 692 60 84 0.010060792
883 293 86 107 0.01005921
209 0 13 9 0.010058645
1010 15 14 59 0.010056372
48 171 55 80 0.010055683
120 571 118 151 0.010054425
671 177 92 127 0.01005354
1010 389 14 49 0.010051591
906 55 98 131 0.010049324
825 843 20 20 0.0100482525
483 791 109 149 0.010041101
0 492 8 17 0.010036642
865 245 9 11 0.010035353
167 890 66 86 0.010031031
320 155 76 106 0.010031011
31 804 59 74 0.010029316
845 833 52 77 0.010029069
788 348 16 19 0.010028951
362 327 20 24 0.01002886
526 432 83 103 0.010028748
349 159 47 61 0.010028391
1022 287 2 41 0.010027588
568 469 109 140 0.01002523
976 321 12 16 0.010021565
522 0 12 9 0.010020992
940 313 12 14 0.010016862
851 445 173 291 0.010016663
413 642 66 92 0.010015446
442 1004 41 20 0.010011181
897 997 51 27 0.010010564
756 27 66 93 0.010007907
209 622 112 141 0.0100042075
339 0 13 9 0.010000239