52_Photographers_photographertakingphoto_52_303
613
433 220 71 95 0.85496706
262 292 61 63 0.10579443
436 170 75 115 0.08557085
271 215 49 59 0.061347984
235 287 72 78 0.05185783
250 301 79 96 0.048552915
248 252 70 90 0.048396423
276 214 39 34 0.044366777
458 172 45 22 0.043296434
436 305 72 96 0.040362574
266 231 55 73 0.039445657
210 297 81 89 0.038967453
205 263 75 92 0.036114663
285 299 33 32 0.033444956
234 275 52 66 0.032525573
260 310 124 167 0.03251526
375 316 50 63 0.031966716
141 266 67 102 0.031895243
414 244 81 106 0.030621726
283 283 52 59 0.030314852
164 269 81 98 0.030131793
224 303 52 61 0.029507622
449 197 49 68 0.029281197
449 317 48 54 0.028452372
229 222 84 92 0.027273795
430 217 50 64 0.026650049
278 291 73 83 0.025766227
242 262 124 157 0.025725074
373 218 10 17 0.02544674
461 192 31 28 0.025340464
193 297 65 73 0.025264887
451 227 44 64 0.025201244
459 274 24 28 0.025081974
923 0 101 89 0.02465944
274 299 37 43 0.02440979
391 201 13 17 0.024295092
419 333 85 110 0.024144972
866 532 158 151 0.023629596
0 0 68 93 0.02352005
262 311 50 65 0.023251913
296 290 29 34 0.02324319
467 229 72 90 0.022933662
170 252 48 67 0.022420779
249 307 52 47 0.022353137
274 249 61 74 0.022275427
467 242 44 63 0.021935493
392 329 29 36 0.02180493
183 265 48 65 0.021775965
456 267 49 62 0.02175605
951 618 73 65 0.021681314
489 180 13 14 0.021303888
147 220 114 140 0.021267412
439 146 32 24 0.020988557
450 170 33 23 0.020969136
458 179 15 14 0.020757396
836 0 188 182 0.020488983
279 253 35 45 0.02043778
198 255 122 151 0.020409657
272 272 39 50 0.020340735
979 0 45 46 0.020223707
412 189 122 176 0.020024363
988 644 36 39 0.0200185
0 0 143 188 0.020001587
161 232 46 67 0.019805603
311 312 134 187 0.019757701
269 316 84 108 0.019563433
0 460 134 223 0.019554537
154 268 123 148 0.019553738
479 176 23 21 0.01929994
459 179 30 25 0.019175015
225 320 81 105 0.019162392
176 0 274 183 0.019135138
1008 0 16 28 0.019061858
370 176 118 162 0.019006494
412 298 119 181 0.018948128
319 650 46 33 0.018911049
453 177 43 45 0.018856846
396 201 24 28 0.018851584
219 419 38 74 0.018676028
444 634 71 49 0.0186748
0 0 43 60 0.01858033
331 0 134 100 0.01814795
317 277 20 30 0.018049952
307 284 26 33 0.018030142
357 279 20 29 0.01799106
421 113 113 161 0.017864775
0 591 72 92 0.01786062
250 0 137 103 0.017853977
351 0 261 194 0.017767794
202 276 54 60 0.017716046
392 198 22 24 0.017621905
320 200 35 43 0.017503515
48 0 140 106 0.01746082
1003 1 21 49 0.01743986
233 444 21 45 0.01739395
169 0 139 104 0.017392946
250 219 55 64 0.017256854
708 429 293 254 0.016972905
1019 0 5 13 0.016909674
241 317 43 52 0.0168367
1009 667 15 16 0.01673083
366 223 77 100 0.016719544
110 259 78 115 0.01659011
409 158 22 30 0.01655444
392 224 23 33 0.016494967
227 276 195 260 0.01648175
463 186 53 75 0.016480206
411 0 136 100 0.016454646
458 222 34 41 0.016437026
922 0 67 57 0.016346978
389 198 11 17 0.01630688
447 252 70 98 0.016131263
312 308 80 101 0.015994571
467 274 27 31 0.015951414
328 134 190 258 0.015885003
1001 659 23 24 0.015804958
370 220 16 23 0.015760388
131 217 71 117 0.015754184
327 386 233 297 0.015723217
298 648 49 35 0.015694676
220 258 54 62 0.015551995
288 246 41 49 0.015544723
205 208 84 90 0.015539853
404 330 26 34 0.015490463
193 155 223 262 0.015482538
950 0 58 61 0.015408911
455 290 48 67 0.015362821
0 29 78 179 0.015327378
450 272 25 29 0.015327375
867 0 107 73 0.015274301
460 319 28 32 0.015265743
286 206 45 38 0.015220937
124 300 125 181 0.0152140185
301 0 114 82 0.015095517
173 279 47 68 0.015043299
436 649 52 34 0.014905845
288 0 220 149 0.014876789
382 0 112 81 0.014839466
389 93 201 271 0.014792743
0 630 36 53 0.014778044
468 174 25 18 0.014758341
460 208 31 37 0.014746759
287 223 32 38 0.014701355
272 320 34 41 0.014701048
566 398 327 285 0.01467173
17 0 282 201 0.014654513
124 0 148 139 0.014563185
265 242 22 39 0.014543955
464 279 15 17 0.014497971
375 227 41 54 0.014493709
20 0 113 86 0.014488054
464 285 25 28 0.01446723
387 327 51 63 0.014382923
231 627 90 56 0.014378705
363 272 74 97 0.0143528115
469 301 81 101 0.014289026
206 0 145 138 0.0142751755
194 626 92 57 0.014270278
471 194 14 16 0.014247956
235 193 134 158 0.014183015
338 638 68 45 0.014174718
950 40 74 118 0.01416365
969 450 55 112 0.01411415
0 646 23 37 0.014112895
230 415 47 80 0.0140966335
334 93 135 176 0.014065209
910 0 49 63 0.014050533
360 308 75 97 0.014030142
160 252 196 263 0.013978118
464 216 46 64 0.013968013
254 250 43 53 0.013942886
0 0 28 39 0.01387873
182 319 83 92 0.013838453
447 252 45 55 0.01382963
811 0 85 65 0.013824444
644 589 148 94 0.013804563
812 41 212 374 0.013783064
382 0 70 53 0.013749559
102 0 115 83 0.013749559
468 282 16 18 0.013741024
422 0 70 53 0.01371106
401 316 79 79 0.013704686
857 596 123 87 0.013654203
715 595 135 88 0.013638836
163 220 73 95 0.013631691
374 650 50 33 0.013619336
323 0 69 53 0.013617441
227 283 41 49 0.013617379
282 315 45 60 0.013598095
223 0 70 53 0.013579192
133 299 60 92 0.013534547
283 0 70 53 0.013496435
0 108 75 180 0.01349296
458 312 31 25 0.013443765
462 0 70 53 0.013430873
453 274 119 152 0.01342844
172 348 146 194 0.013388462
12 585 137 98 0.013387276
184 0 69 53 0.013384821
23 0 71 55 0.013352696
104 0 70 53 0.013337102
371 216 9 14 0.0133035425
144 0 70 53 0.013259761
329 206 34 45 0.0132543165
64 0 70 53 0.01320908
153 252 46 70 0.013168898
0 0 9 11 0.013152758
266 293 33 36 0.013129192
441 208 41 47 0.01311294
1016 0 8 31 0.01310132
309 276 78 96 0.01308689
157 623 91 60 0.013063468
0 190 75 181 0.013056008
259 204 84 107 0.013026425
469 187 28 26 0.013016269
472 185 12 16 0.012998835
273 262 26 39 0.0129900165
643 0 54 41 0.012976637
354 270 19 31 0.012963945
256 607 121 76 0.01294729
171 447 101 114 0.012944252
959 79 65 121 0.012935944
335 477 18 35 0.012930302
700 624 107 59 0.012911772
751 0 255 280 0.012888501
257 351 85 103 0.012884457
531 306 27 22 0.012843489
381 349 99 117 0.012826561
289 265 32 40 0.0127539495
422 612 112 71 0.012745186
609 207 347 438 0.01273158
625 621 112 62 0.012718295
0 77 120 336 0.012690299
416 652 46 31 0.0126879215
286 624 71 59 0.012653208
0 0 17 23 0.012632466
389 353 136 214 0.0126127135
243 178 77 84 0.012560526
205 371 76 96 0.012558502
394 229 72 89 0.012554239
488 0 136 102 0.012553581
356 285 14 20 0.0125309
464 177 15 14 0.0125111425
178 574 123 109 0.012485317
938 462 86 189 0.012475971
945 1 42 40 0.012456463
266 277 29 33 0.012446254
501 0 71 53 0.012405762
211 433 77 86 0.012394353
299 613 118 70 0.012379751
191 247 56 73 0.012371283
245 402 13 19 0.012369592
343 395 44 85 0.012365472
381 639 70 44 0.012338165
450 170 136 170 0.012332859
0 270 76 181 0.012328284
251 286 41 47 0.012314217
173 647 51 36 0.012308536
370 464 131 181 0.012305847
646 52 167 214 0.012304887
483 249 26 39 0.01228943
249 269 40 48 0.012286122
204 339 73 89 0.012283912
391 204 9 12 0.012271988
461 0 113 82 0.012261295
159 24 152 182 0.012251322
692 0 48 36 0.0122231245
274 648 53 35 0.01221268
0 18 48 119 0.012204308
580 239 78 112 0.012186873
884 0 60 47 0.012169058
3 476 76 118 0.012160258
358 297 54 66 0.012144605
451 183 28 30 0.012137598
792 226 232 367 0.012098932
231 648 54 35 0.012091502
235 497 186 186 0.012087932
914 0 19 13 0.012087746
781 1 97 101 0.012073141
974 429 17 12 0.01205377
240 0 76 71 0.01204055
231 204 68 58 0.012031908
735 0 48 49 0.011991049
614 0 124 93 0.011961176
458 160 61 71 0.011932361
385 201 34 44 0.011931669
240 312 32 39 0.011916233
416 378 84 110 0.011916047
457 655 54 28 0.011896583
17 136 84 122 0.011873508
383 0 19 14 0.011836162
391 208 23 24 0.0118317
65 619 101 64 0.0118260635
311 233 77 98 0.01181357
159 0 19 14 0.011813309
598 100 158 203 0.011811813
447 0 214 155 0.011802307
17 55 84 123 0.011787435
927 94 97 208 0.011782014
568 37 94 123 0.011773724
976 10 48 84 0.01175169
302 328 57 75 0.011748756
922 0 14 10 0.011748539
575 181 82 116 0.011713779
189 0 19 14 0.011706955
169 0 19 14 0.0116958
373 0 19 14 0.011691444
192 647 53 36 0.0116901025
607 582 98 101 0.011686526
383 327 28 32 0.01168041
84 0 20 14 0.011677209
461 280 11 14 0.011669539
970 502 54 114 0.0116659105
278 0 19 14 0.011665705
963 454 9 12 0.011624171
751 629 76 54 0.011613309
17 197 84 122 0.0116092125
0 185 60 109 0.011608749
979 347 45 90 0.011598629
69 0 20 14 0.0115979845
392 0 20 14 0.011579258
254 305 23 39 0.011575912
279 196 65 70 0.011570757
527 0 19 13 0.011554876
411 421 291 262 0.01155484
557 0 78 67 0.011554069
141 315 87 111 0.011554048
904 615 100 68 0.01155242
817 0 129 92 0.011545538
447 364 80 105 0.011544199
839 631 88 52 0.0115324445
669 0 52 36 0.011526005
179 0 19 14 0.011499534
517 0 19 13 0.011489107
403 0 18 13 0.011488041
0 569 40 96 0.011487041
926 183 98 199 0.011483692
970 564 54 109 0.011478816
974 417 50 103 0.011478538
518 0 80 70 0.01147709
0 10 213 304 0.011451162
49 0 20 14 0.011433462
537 0 19 13 0.011421394
950 0 28 25 0.011412911
199 213 54 43 0.011402191
145 427 90 115 0.011386947
412 167 69 95 0.011383476
303 0 19 14 0.011379843
199 0 19 14 0.011372277
602 29 154 193 0.011365982
0 386 76 182 0.011365081
313 0 19 14 0.011350541
348 0 19 14 0.011342746
814 0 41 26 0.011339056
1018 9 6 37 0.011334581
507 0 19 13 0.01133101
438 0 18 13 0.011330417
862 377 162 216 0.011322728
417 0 19 14 0.011319977
692 0 129 98 0.011317978
363 0 19 13 0.0113157695
461 173 13 17 0.011304347
94 0 20 14 0.011304046
497 0 19 13 0.011302121
288 0 19 13 0.011299566
229 0 19 14 0.01129955
457 181 21 18 0.011298974
0 231 121 343 0.011296179
482 256 39 54 0.011289705
128 429 261 254 0.011285114
269 0 18 14 0.011284995
60 0 19 14 0.011278256
463 0 18 13 0.011270223
649 0 77 62 0.011270223
594 276 83 119 0.011264901
104 0 19 14 0.011258153
115 0 19 14 0.011255723
209 0 19 14 0.011248647
441 569 79 102 0.011235636
325 666 27 17 0.011235556
219 0 19 14 0.011227634
0 522 60 110 0.011220892
485 182 14 15 0.011206239
323 0 19 14 0.01120591
447 0 19 14 0.011200752
472 0 19 13 0.011199616
361 620 73 63 0.0111966375
693 97 325 442 0.011183614
190 289 37 51 0.011159672
444 158 27 31 0.011154664
187 254 38 49 0.011149273
373 256 190 282 0.011148537
479 633 72 50 0.011146958
487 0 19 13 0.01114633
427 0 19 13 0.011133889
305 279 48 54 0.011130383
547 0 19 13 0.011125449
238 0 20 14 0.011105864
317 188 76 98 0.011101728
751 547 145 136 0.011097633
561 67 148 193 0.01109758
99 221 196 261 0.011092385
110 620 95 63 0.0110905515
35 0 19 14 0.011083177
338 0 19 13 0.01107899
0 97 45 120 0.011074916
341 572 119 111 0.011069189
635 166 162 217 0.011050589
406 620 77 63 0.011043279
22 617 83 66 0.011040616
577 318 81 117 0.011025411
717 0 45 37 0.011019976
439 40 77 103 0.011012614
839 0 18 13 0.010985443
243 78 148 169 0.010983637
149 0 19 13 0.010975733
366 288 17 18 0.010973634
267 440 11 18 0.010966636
199 265 39 49 0.010954731
333 415 129 189 0.010946362
670 0 265 189 0.01092323
974 252 50 105 0.010923048
537 508 208 175 0.0109201195
173 216 50 55 0.0109148845
940 363 84 176 0.01091256
837 0 73 46 0.010910456
18 257 82 120 0.010907777
249 0 18 14 0.010906424
376 223 9 13 0.010894111
432 160 209 271 0.010884176
608 41 93 118 0.010882019
24 0 20 14 0.0108803725
763 0 39 24 0.010867307
124 0 19 14 0.010859468
390 194 14 18 0.010851352
558 143 80 113 0.010846716
0 670 12 13 0.010840347
785 631 94 52 0.01083459
318 357 79 117 0.010825909
765 24 94 120 0.0108248675
17 434 85 121 0.010814719
707 46 176 222 0.010811675
227 464 81 91 0.010782849
961 429 11 15 0.010762517
475 198 15 16 0.0107577
449 474 127 174 0.010751596
588 76 92 122 0.010749245
278 307 211 309 0.010743967
781 0 26 15 0.010741539
591 138 86 119 0.010725201
15 0 19 14 0.010725141
259 0 18 14 0.010720547
864 0 19 13 0.010712185
473 191 13 13 0.010707491
569 580 97 103 0.0107028205
0 231 38 95 0.010697491
803 37 102 114 0.0106962025
916 0 35 38 0.010695266
222 123 76 100 0.010694685
612 237 85 119 0.010691913
0 172 38 94 0.010672478
76 521 174 162 0.010667445
988 63 36 78 0.010663615
302 301 25 32 0.010652978
381 506 72 92 0.01065049
209 321 11 14 0.010645875
661 26 290 339 0.010640628
747 0 87 80 0.010638656
993 384 31 60 0.010625665
476 172 22 15 0.010618506
325 273 17 28 0.010611925
355 284 29 36 0.01060788
910 59 93 116 0.010603903
367 225 22 33 0.0105987135
465 288 14 17 0.0105913915
155 0 85 92 0.010577212
712 476 86 121 0.010576702
17 515 83 120 0.010574535
123 403 76 111 0.010564288
170 313 63 75 0.010544822
454 524 77 110 0.010542422
49 0 59 43 0.01053448
0 271 38 95 0.010519546
21 0 37 27 0.01051144
732 0 15 10 0.0105101075
32 16 90 122 0.010508285
139 0 19 14 0.010502594
1022 19 2 24 0.010495903
454 176 15 15 0.0104939
408 0 58 44 0.010493388
770 0 27 15 0.010488058
221 212 48 38 0.010484705
308 0 59 43 0.010473903
400 161 27 35 0.010473654
334 472 40 50 0.010470317
906 0 36 27 0.010469842
248 260 24 32 0.010466702
928 262 96 194 0.010465345
4 360 75 115 0.010460198
241 453 17 35 0.0104552945
368 0 58 43 0.010447761
274 236 33 50 0.01044698
0 311 38 95 0.01044394
531 38 91 120 0.010440515
465 152 81 109 0.010432412
557 0 18 13 0.010432146
448 0 58 43 0.010428299
408 329 16 22 0.010421182
708 555 93 120 0.010420306
399 333 17 23 0.010407884
570 233 61 86 0.010407834
252 327 46 61 0.01040653
794 0 41 25 0.010402484
925 0 18 12 0.010399579
269 0 58 43 0.010393953
552 77 87 118 0.010392156
460 283 15 17 0.010377831
612 178 85 119 0.0103692105
674 56 93 121 0.010355043
478 39 80 109 0.010350037
351 372 87 112 0.010343022
599 212 156 208 0.0103383325
34 98 87 121 0.010338187
55 195 140 177 0.0103287855
229 0 38 28 0.010321899
973 130 51 108 0.0103205
462 60 72 102 0.010306079
0 489 39 96 0.010296966
574 375 84 119 0.010296538
180 201 77 74 0.010296306
61 0 37 27 0.010295961
322 465 31 51 0.010295903
183 555 72 92 0.010293391
164 574 74 98 0.010291814
508 0 264 186 0.0102893375
963 0 41 37 0.010288462
379 0 37 27 0.010285379
290 660 42 23 0.010282793
349 0 37 27 0.010275064
950 0 17 14 0.010272262
438 0 37 27 0.010271473
0 72 39 96 0.010269226
0 351 39 95 0.0102618635
200 102 79 103 0.010261026
265 227 33 39 0.010256831
169 0 59 43 0.010255249
418 0 38 27 0.010251245
464 263 24 30 0.010244744
81 0 37 27 0.010242274
239 254 41 52 0.010241747
139 379 83 112 0.010241256
121 53 145 180 0.0102341715
521 31 144 184 0.010228033
612 316 85 119 0.010227788
554 455 85 119 0.010224054
40 0 38 27 0.010219092
906 0 18 13 0.010218426
973 192 51 106 0.010207598
90 0 58 43 0.010203301
352 263 33 46 0.010198344
216 423 10 16 0.0101945065
398 0 38 27 0.010190828
468 274 15 18 0.010189608
587 0 103 76 0.010184923
464 189 18 18 0.010183791
129 0 59 43 0.0101723205
636 0 40 27 0.010169835
130 0 37 27 0.010167867
371 222 26 28 0.010167837
210 0 37 27 0.0101621635
881 0 17 13 0.010160182
1021 16 3 29 0.010156589
309 0 37 27 0.010148845
498 0 37 28 0.010148303
769 115 89 121 0.010147846
329 0 37 27 0.0101463245
591 414 86 120 0.010145679
249 0 38 28 0.01014023
458 156 13 16 0.0101286275
674 118 167 227 0.010124101
518 0 37 27 0.010121592
856 0 36 25 0.010110775
56 131 226 282 0.010107115
704 500 152 183 0.010106325
458 0 37 27 0.010105641
564 263 149 193 0.010099482
439 249 28 29 0.010095433
987 101 37 79 0.01009218
269 0 37 28 0.01008259
289 0 37 27 0.010081862
132 126 137 162 0.010079341
359 278 46 48 0.01007915
478 0 37 28 0.010079067
324 434 23 33 0.010071818
21 565 76 101 0.010066897
935 24 75 90 0.010063615
982 318 42 85 0.010061223
170 0 37 27 0.01005961
0 449 39 96 0.010055712
385 338 31 41 0.010054642
0 390 39 95 0.010048302
274 380 85 99 0.01004776
568 148 143 180 0.010043918
631 76 90 123 0.010039539
362 551 73 93 0.010021795
632 277 85 118 0.01001914
100 0 38 27 0.010017786
912 0 13 9 0.010014981
397 41 78 102 0.010011495
389 195 9 13 0.010011294
150 0 37 27 0.010010853
175 428 134 194 0.0100039095
190 0 37 27 0.010000388