12_Group_Group_12_Group_Group_12_253
660
143 26 98 136 0.8809249
290 10 86 118 0.87110305
470 173 90 121 0.8696941
772 38 101 134 0.86635447
579 32 84 104 0.8215543
261 21 86 112 0.049022228
572 0 115 107 0.043932464
721 13 123 150 0.043800227
143 0 104 100 0.043533128
768 0 123 112 0.040381942
0 0 123 167 0.039831154
929 0 95 94 0.038344704
569 38 121 161 0.03818584
833 0 191 160 0.03780536
80 7 126 156 0.03762763
603 41 96 104 0.03762594
0 0 70 92 0.036869574
118 0 91 62 0.0360447
951 492 73 84 0.034541942
0 467 70 109 0.03377629
465 215 99 132 0.033557314
475 135 80 116 0.033030834
827 386 197 190 0.032989066
776 87 106 144 0.032907713
0 0 44 60 0.03277032
497 0 124 84 0.031993605
696 0 125 83 0.031704184
241 53 84 108 0.0315415
139 0 173 151 0.031212812
557 0 86 69 0.031083098
59 0 129 86 0.030710248
337 11 98 126 0.030663894
786 0 91 68 0.030341558
0 382 137 194 0.030336663
752 0 88 62 0.029598927
465 0 103 73 0.028339863
643 9 125 144 0.028120015
526 24 91 106 0.028002657
680 53 38 75 0.027984388
159 54 118 150 0.027855441
855 0 126 90 0.027496954
977 0 47 50 0.027420122
364 351 100 167 0.02726482
415 0 126 92 0.027227655
557 181 77 105 0.027023211
919 37 105 173 0.02699705
284 0 75 66 0.026888063
204 377 241 199 0.026859688
161 0 73 56 0.026637796
193 0 85 55 0.02644592
665 0 102 64 0.026360275
614 0 110 69 0.02624422
559 84 85 111 0.026096936
713 0 86 54 0.025968717
547 134 97 126 0.025908379
345 0 104 68 0.025712509
897 464 125 112 0.02568159
429 413 231 163 0.025548587
0 0 28 39 0.025409477
76 0 87 54 0.025402587
305 0 86 82 0.025345769
270 66 100 131 0.025174508
925 113 99 171 0.024798417
144 98 105 144 0.024730658
989 520 35 56 0.02456996
871 0 87 56 0.024430828
56 464 136 112 0.024406623
459 471 133 105 0.024396755
34 382 249 194 0.024255786
24 0 105 77 0.024203666
809 469 134 107 0.024054745
386 0 105 72 0.024051085
521 479 127 97 0.024042908
676 375 247 201 0.02402201
651 59 142 172 0.023955459
395 173 100 125 0.023794908
0 268 73 176 0.023662677
172 461 139 115 0.023628876
649 471 129 105 0.023486512
731 469 132 107 0.023485772
328 478 123 98 0.02339965
0 34 79 172 0.023050142
672 59 82 104 0.02304902
928 273 96 172 0.023020176
28 497 90 79 0.022990411
254 460 130 116 0.022948567
609 28 68 83 0.022908669
932 361 92 177 0.02289387
928 200 96 167 0.02287747
0 348 70 180 0.022876477
818 0 106 68 0.02265022
19 52 147 191 0.022635855
705 67 124 151 0.022623146
598 0 70 58 0.022616217
576 482 124 94 0.022486513
809 77 97 120 0.022454247
560 138 145 182 0.022451712
629 97 87 104 0.022139322
507 110 86 115 0.022030506
587 0 57 42 0.021932596
0 195 71 171 0.02166075
150 0 57 40 0.021593397
536 0 201 171 0.021542314
175 85 66 80 0.021277834
375 480 132 96 0.02119197
0 58 48 122 0.021188159
0 510 36 66 0.021026377
221 30 67 98 0.02096595
441 0 71 54 0.020910567
0 294 46 121 0.020808682
526 88 226 295 0.020778537
234 98 82 105 0.02076434
0 112 70 173 0.020582583
336 162 119 153 0.020541752
951 338 73 125 0.020536562
230 0 104 71 0.020534506
350 0 255 169 0.020517593
322 40 77 98 0.020429634
326 0 58 41 0.02041609
950 183 74 119 0.020379197
873 501 91 75 0.020372732
578 43 47 78 0.02035103
830 163 194 328 0.020273438
522 61 84 105 0.02025692
0 72 125 338 0.020193432
790 501 92 75 0.020166801
232 493 95 83 0.020084383
631 504 90 72 0.02007329
350 0 55 38 0.019992132
535 349 124 174 0.019959884
382 11 116 144 0.019941622
435 257 88 110 0.01991715
402 351 123 170 0.019880928
560 299 83 112 0.019844856
115 497 95 79 0.01982129
255 116 125 156 0.019799346
87 126 151 200 0.019753937
805 105 130 163 0.019750021
769 158 126 162 0.01964395
450 274 125 164 0.019637078
864 48 107 136 0.01963203
0 375 44 121 0.019594189
153 497 96 79 0.01954369
673 99 81 102 0.01947392
582 341 118 176 0.019414527
708 500 93 76 0.019404149
469 20 87 102 0.01929006
50 293 148 205 0.019234397
0 138 44 117 0.019186717
232 18 158 209 0.019162392
752 127 91 114 0.019151961
875 20 85 113 0.019139607
440 501 96 75 0.019078264
574 0 46 33 0.018991506
407 0 60 45 0.018889194
543 0 68 52 0.018859532
0 302 112 188 0.018832732
787 0 55 39 0.018809622
641 0 68 49 0.018707726
532 552 28 24 0.018679317
585 130 98 125 0.01867491
354 58 81 106 0.018673152
873 100 86 111 0.018665839
312 91 83 108 0.018656047
370 0 56 44 0.018497586
886 311 131 180 0.01849513
115 137 90 109 0.018476283
733 347 134 181 0.01846411
579 282 118 163 0.018439624
381 297 111 181 0.018402902
95 201 130 172 0.01837684
86 333 151 205 0.018357046
805 346 139 183 0.018271845
917 0 74 56 0.01826121
847 272 135 175 0.018247066
0 30 41 99 0.0182105
176 107 126 163 0.018156467
614 120 123 150 0.01807172
689 430 131 146 0.018064141
625 0 58 40 0.018037017
328 14 48 89 0.017980335
772 427 131 149 0.01792448
71 521 56 55 0.017912505
487 0 59 44 0.01788464
77 501 80 75 0.017875526
852 201 128 164 0.017872341
125 292 150 211 0.01785664
667 0 56 39 0.017805826
912 19 96 121 0.017802326
689 307 134 182 0.01777224
610 0 47 31 0.017760748
733 202 127 164 0.017681673
465 109 139 190 0.017638732
450 36 120 178 0.017585337
692 233 131 173 0.017565574
399 65 81 106 0.017553927
492 224 66 76 0.017537711
735 266 133 177 0.01745879
833 501 83 75 0.017424194
647 272 132 178 0.017409585
298 354 127 174 0.017345367
523 428 206 148 0.017330421
136 0 47 32 0.01732394
592 181 83 108 0.017317045
29 0 61 46 0.017263308
825 0 57 43 0.017252807
535 195 117 152 0.017211163
462 186 152 204 0.017178508
164 332 150 207 0.017169869
590 268 84 111 0.017156256
468 0 184 130 0.017153801
131 228 141 191 0.017137673
1008 544 16 32 0.017113484
174 0 48 30 0.017100926
15 235 134 182 0.017056338
985 238 39 80 0.017056081
432 0 49 36 0.017055653
651 197 128 166 0.017044859
146 174 105 135 0.017023845
707 0 57 42 0.016989855
649 345 130 183 0.016972514
169 257 146 204 0.016955208
758 241 234 332 0.016946351
805 239 133 168 0.016937174
230 0 57 42 0.016914971
190 21 70 96 0.016901193
318 210 176 250 0.016853223
198 498 82 78 0.016835105
973 389 51 104 0.01680217
757 501 78 75 0.016788948
0 350 41 95 0.016781325
114 188 89 110 0.016722366
526 0 58 43 0.016717652
771 305 136 181 0.016717548
471 0 50 35 0.01670301
174 196 134 180 0.016676925
206 295 148 205 0.016644644
301 277 205 290 0.016628169
694 117 123 155 0.016612215
17 519 50 56 0.016577624
471 299 86 107 0.016563201
250 192 136 180 0.016532272
662 133 100 124 0.016522417
0 251 212 325 0.016475853
691 0 48 33 0.016442386
674 565 13 10 0.0164357
618 388 125 174 0.016404374
392 0 49 36 0.01638615
453 160 76 101 0.016336218
208 228 141 191 0.01630721
613 309 125 176 0.01630019
771 0 47 32 0.01628092
0 250 40 95 0.016276026
139 412 223 164 0.016259003
900 249 109 141 0.016239015
342 83 117 154 0.01622768
311 115 179 234 0.016169934
574 11 55 81 0.016166905
295 0 48 31 0.016143242
651 0 47 31 0.016071064
865 0 59 43 0.016053058
0 192 38 95 0.016034737
445 360 138 174 0.016026394
74 97 89 111 0.01600575
983 200 41 81 0.015898257
557 58 54 73 0.015863629
809 0 47 32 0.015819242
429 302 89 114 0.015783135
214 153 129 171 0.015727349
729 0 49 35 0.01571187
0 429 41 98 0.0157058
969 144 55 113 0.015702868
312 0 49 35 0.015701123
385 405 67 109 0.015693791
758 5 180 227 0.015682913
546 423 92 119 0.015663141
269 0 59 40 0.0156413
111 0 58 40 0.015639517
58 166 124 161 0.015638739
989 381 35 73 0.015609874
750 0 48 33 0.015609142
45 165 235 329 0.015604482
194 0 47 31 0.015569071
492 500 82 76 0.015550281
830 140 86 107 0.015548544
552 0 48 33 0.015534773
685 159 228 322 0.015510077
821 17 81 106 0.015463186
492 317 132 172 0.0154579
966 44 58 116 0.015441471
592 69 74 92 0.015435049
855 116 124 160 0.015430537
868 261 94 116 0.015426279
397 219 82 105 0.015408869
13 0 50 37 0.015364789
901 171 111 140 0.015353332
511 257 85 108 0.015352015
0 558 12 18 0.015339107
611 240 129 170 0.015332097
511 0 49 35 0.015306104
411 415 88 108 0.0153023545
1020 562 4 14 0.015296067
968 449 56 106 0.015291151
785 258 95 120 0.015281734
709 220 91 118 0.0152742155
314 181 90 112 0.015240297
0 118 33 81 0.015207897
889 0 49 36 0.015202797
0 25 24 67 0.015184602
580 508 77 68 0.015183769
747 415 98 127 0.0151535645
514 298 87 109 0.015152216
318 501 83 75 0.015149187
358 106 79 101 0.015141525
826 523 57 53 0.015124372
234 137 86 109 0.0151130445
494 423 116 142 0.015010248
601 325 235 251 0.015006035
977 265 47 104 0.014996556
541 505 78 71 0.0149879465
871 184 89 109 0.01497018
821 412 101 131 0.014952962
54 0 50 35 0.01491431
271 178 92 116 0.014913591
821 334 102 129 0.014907194
25 92 94 121 0.01489955
666 258 95 121 0.014886416
865 523 57 53 0.014865805
611 7 226 282 0.014840725
1005 0 19 27 0.014831216
908 0 50 36 0.01482176
647 34 80 102 0.014807873
248 268 141 197 0.014803523
96 276 124 167 0.014801441
979 334 45 95 0.014746279
487 521 56 55 0.0147427665
749 523 54 53 0.014731673
305 206 108 142 0.0147219235
512 263 233 312 0.014719453
197 170 236 333 0.014709731
787 374 98 128 0.014697046
382 335 68 104 0.014695682
591 223 84 109 0.014677599
727 522 55 54 0.014666108
850 0 47 34 0.01465217
0 66 24 65 0.014606662
786 523 57 53 0.01460515
863 335 100 128 0.014582839
69 0 59 42 0.014582175
0 165 24 64 0.014573172
150 524 57 52 0.014548727
305 60 62 77 0.014527921
193 180 90 114 0.014524694
829 183 89 108 0.014522558
826 225 92 113 0.014520145
722 52 71 100 0.0144926235
0 297 31 80 0.014481455
538 201 189 238 0.014478601
108 520 60 56 0.014475298
191 521 58 55 0.01447252
709 294 94 124 0.014464719
1015 558 9 18 0.014452736
69 258 100 128 0.0144491345
0 264 24 65 0.014448874
28 219 96 124 0.014447198
1018 0 6 15 0.0144390995
400 513 74 63 0.014436627
866 415 99 132 0.014430177
314 424 89 114 0.014425089
631 180 89 110 0.014423992
783 29 69 95 0.014404553
595 415 85 119 0.014397879
708 375 95 126 0.014394707
0 106 24 66 0.014391033
355 146 84 107 0.014379954
254 0 49 33 0.014366067
433 20 91 105 0.014324848
640 70 62 85 0.01431828
352 298 97 160 0.014302449
919 503 76 73 0.014302218
228 520 57 56 0.014290182
749 185 91 110 0.01427724
510 382 93 119 0.0142589975
986 441 38 75 0.014256184
284 505 71 71 0.014234091
358 511 74 65 0.014226269
603 51 52 73 0.0142167965
686 519 57 57 0.014183002
0 365 24 64 0.014179187
214 0 47 32 0.014133112
16 257 88 120 0.014113639
668 181 89 111 0.014113015
928 0 50 36 0.014087143
748 333 97 127 0.014076912
488 136 55 70 0.014020343
798 109 63 71 0.014013932
27 369 102 136 0.014012032
948 0 50 36 0.014008814
0 325 24 64 0.014007755
344 252 101 146 0.0139694465
27 139 93 115 0.013962423
498 42 75 100 0.013959911
814 127 76 88 0.013957344
0 225 24 66 0.013944222
907 527 50 49 0.013938107
271 518 57 58 0.013901915
129 78 233 304 0.0138662765
976 113 48 95 0.013827824
399 106 79 106 0.013808643
508 163 70 94 0.013759119
74 145 87 106 0.013755909
786 13 58 73 0.013702419
972 12 52 97 0.013684829
72 414 102 129 0.013668317
313 143 87 107 0.013638617
309 519 60 57 0.013638098
250 521 57 55 0.013594733
768 93 76 89 0.013587884
630 374 88 122 0.013580957
432 64 84 109 0.0135755185
187 116 53 62 0.013572103
667 419 93 124 0.013536365
507 133 53 66 0.013533778
0 562 7 14 0.013510852
570 524 56 52 0.013492905
228 220 95 122 0.01349072
629 220 91 114 0.0134746265
114 72 66 83 0.013452929
94 0 49 33 0.01339993
0 0 18 23 0.013395034
0 424 23 64 0.013364232
351 218 86 112 0.013362735
20 442 82 115 0.013342013
535 174 70 96 0.013315424
273 423 96 123 0.013309415
390 526 52 50 0.01328833
8 563 11 13 0.013214865
327 94 57 70 0.013152453
758 81 224 290 0.013129246
821 118 55 65 0.013104208
96 1 173 229 0.013088809
430 525 53 51 0.013036144
452 522 55 54 0.01303196
134 73 81 95 0.01301776
655 565 14 10 0.013012514
700 33 72 105 0.01300598
635 0 39 25 0.012992574
1011 0 13 18 0.012940154
389 259 98 140 0.0129366815
108 372 102 134 0.012921473
0 0 9 11 0.012844647
540 559 18 16 0.012842975
376 271 217 296 0.012842452
75 47 80 110 0.012781847
33 318 92 118 0.012687777
188 416 100 131 0.012677447
539 208 70 94 0.012671633
575 394 80 118 0.012664417
532 525 53 51 0.012662557
467 239 72 80 0.012635314
250 38 59 77 0.012634499
230 421 98 127 0.012632537
675 226 85 107 0.012626696
146 414 102 132 0.01261709
200 88 61 82 0.012576558
1021 0 3 9 0.0125322165
630 0 21 12 0.012526116
70 314 92 122 0.012494962
1017 2 7 41 0.0124729695
269 258 96 125 0.012374531
189 331 98 132 0.012348584
850 206 88 108 0.012327311
578 336 79 124 0.012307823
228 331 100 132 0.01230233
700 68 21 53 0.012296085
0 554 23 22 0.012292905
796 148 77 91 0.012291106
637 42 59 76 0.012244366
555 26 53 73 0.012192741
809 0 19 12 0.012151251
150 331 99 133 0.012129578
750 39 73 99 0.012125759
303 0 161 173 0.012120908
177 240 91 118 0.012118036
546 555 25 20 0.012105659
0 464 23 65 0.012079388
312 260 91 121 0.012078352
713 266 76 100 0.012038446
178 149 76 107 0.0120251225
393 334 46 59 0.012018124
469 305 63 62 0.011999188
170 0 37 20 0.0119830975
775 302 83 110 0.01197289
618 85 67 86 0.011969712
469 339 91 115 0.01189972
404 15 70 88 0.011855103
777 206 82 109 0.0118299415
224 89 65 87 0.011822822
794 0 38 24 0.011797649
911 303 82 106 0.01173405
470 443 89 107 0.011730293
114 436 87 113 0.011704684
530 45 51 69 0.011698073
505 258 54 61 0.01169632
54 441 88 113 0.0116623705
711 344 81 103 0.0116456505
36 189 87 105 0.011632239
662 92 57 83 0.011622204
345 92 66 83 0.0116044665
679 15 77 101 0.011602036
478 279 69 72 0.011586662
824 11 54 66 0.011557167
72 375 90 118 0.011550813
210 9 52 66 0.011530688
302 288 111 160 0.011528868
0 479 31 79 0.011526886
731 267 49 62 0.0115200505
660 566 13 10 0.011515622
359 428 80 112 0.01149339
652 101 44 67 0.011475761
63 212 76 93 0.011464745
705 78 59 80 0.011448956
810 298 89 117 0.011448819
755 383 82 112 0.011447929
668 69 42 49 0.011407147
617 160 79 101 0.011400488
429 199 61 78 0.011380232
251 7 51 65 0.011335693
456 211 64 78 0.011315513
775 172 80 100 0.011314411
941 397 67 86 0.0113003645
20 348 77 98 0.011276934
791 338 88 116 0.011264249
155 274 91 124 0.0112635065
915 346 76 103 0.0112629775
279 0 39 26 0.011240881
374 188 78 99 0.011229536
110 17 71 93 0.011228653
507 564 13 11 0.011227374
466 157 47 72 0.011224254
211 0 20 13 0.011209898
692 68 33 78 0.011205727
715 452 74 94 0.011205649
435 389 83 109 0.011195915
808 45 69 92 0.011152879
649 0 31 20 0.011151998
640 0 20 11 0.011099244
403 200 60 79 0.011079475
556 553 23 22 0.011079036
620 0 20 12 0.011076247
889 226 85 107 0.011062467
857 168 78 97 0.011041887
798 0 20 12 0.011024288
914 116 81 110 0.011020981
203 0 20 13 0.010985431
717 12 76 105 0.010982286
835 271 75 95 0.010969249
1006 565 13 10 0.010965891
800 235 71 93 0.0109650735
1023 565 1 10 0.0109597985
1015 425 9 39 0.010952156
194 270 92 127 0.010937203
13 565 11 11 0.010922246
905 80 58 77 0.010920993
60 90 72 91 0.010916858
283 114 69 84 0.010906336
858 85 75 102 0.010892585
634 268 87 112 0.010889417
1016 453 8 41 0.010863807
454 410 86 106 0.010863767
375 376 61 105 0.010847942
496 363 83 107 0.010846112
234 25 45 65 0.010837141
689 321 85 110 0.010786719
682 479 64 78 0.010778416
490 556 32 19 0.010768581
937 88 75 101 0.0107571455
866 304 88 107 0.010712353
529 148 48 67 0.0106681
330 76 45 61 0.010666226
295 362 81 108 0.01065072
858 133 74 91 0.010650094
162 0 21 12 0.01062926
647 508 26 31 0.010605539
172 0 22 14 0.010595758
781 124 69 77 0.010580381
819 0 20 11 0.010552616
0 387 10 30 0.010550594
914 404 79 103 0.010542761
463 564 11 12 0.010532043
20 25 77 107 0.010508275
749 255 44 56 0.0105063645
826 159 60 71 0.010501129
916 68 75 100 0.010489107
19 565 12 10 0.01046754
725 363 54 69 0.010460376
134 227 86 107 0.010452818
231 272 92 126 0.010443677
77 540 34 35 0.0104431
490 406 85 107 0.0104322145
835 0 37 24 0.010413411
20 66 76 103 0.010404738
563 235 70 85 0.010395708
752 267 29 27 0.010395356
446 119 72 100 0.010382505
889 101 54 73 0.010369656
175 372 90 125 0.010365672
618 252 81 102 0.010362138
533 359 84 113 0.010361943
713 196 78 95 0.010345072
595 0 39 27 0.010342233
353 86 45 59 0.010341472
239 0 38 26 0.010308624
795 447 76 97 0.010303875
704 242 58 72 0.010299507
616 444 80 110 0.01029428
532 561 19 14 0.010275724
379 91 75 93 0.010269838
761 268 76 103 0.010261192
586 436 55 76 0.010255694
545 254 68 80 0.010254997
418 350 78 110 0.01025385
939 435 70 93 0.010253437
424 39 60 77 0.010244906
783 457 60 77 0.010233039
437 440 90 105 0.010228804
427 152 73 104 0.010217615
27 319 62 78 0.010208869
1016 18 8 38 0.010198706
955 566 13 9 0.010192498
610 0 20 12 0.010190425
845 98 51 71 0.010181504
513 563 13 13 0.010179008
730 86 48 64 0.010174309
385 53 71 93 0.010159447
842 244 60 73 0.010146886
9 338 61 81 0.0101439
82 227 78 98 0.010143365
48 238 60 77 0.010142386
751 277 28 32 0.010138827
201 128 74 96 0.010136454
657 407 74 97 0.0101309875
92 84 51 69 0.010115647
9 298 60 81 0.010114424
730 47 48 70 0.010113514
484 482 61 71 0.010109602
254 375 87 117 0.0100941695
841 46 43 76 0.010087855
310 382 54 68 0.010073379
43 428 72 97 0.010070718
895 565 13 10 0.010067104
1017 377 7 40 0.0100566195
774 34 48 69 0.010043083
620 0 31 20 0.010042125
500 565 13 10 0.010039961
238 194 76 94 0.010024741
28 259 61 77 0.010009364
906 119 57 75 0.010008937
226 222 63 77 0.010004771
741 371 68 87 0.010001177