12_Group_Large_Group_12_Group_Large_Group_12_771
294
169 177 391 469 0.8576332
119 1080 302 428 0.12248525
563 906 270 320 0.108402096
584 1041 219 227 0.048972737
69 800 314 629 0.04629352
529 655 362 553 0.042086784
524 957 360 460 0.040261082
322 985 16 23 0.03903445
391 277 246 345 0.03768909
689 784 222 370 0.036765076
512 296 121 235 0.0361766
747 0 277 268 0.035975285
637 948 285 319 0.034238245
240 0 366 503 0.03405675
0 0 201 266 0.031470224
822 1243 202 293 0.030962124
134 93 317 415 0.028746285
269 364 303 314 0.027756575
0 214 200 505 0.027719822
0 1180 211 356 0.026740659
750 722 274 502 0.026613377
0 0 128 171 0.026263535
30 231 366 434 0.02620488
770 597 61 75 0.02615932
441 1086 385 450 0.025920428
500 1314 257 222 0.025665527
606 503 361 551 0.025141839
131 584 407 624 0.024588853
751 1050 273 486 0.024562078
457 402 272 339 0.024552213
613 868 183 259 0.024458248
737 97 287 511 0.024073444
317 90 10 12 0.023624795
517 1174 48 43 0.023235507
404 0 412 283 0.022899717
47 0 405 325 0.022678254
0 295 122 349 0.022547638
310 890 441 564 0.022525785
769 845 160 200 0.022505764
342 305 431 516 0.022478217
41 784 243 420 0.021895697
214 1189 294 329 0.021675527
777 478 247 528 0.021360464
421 484 414 573 0.021266332
556 1114 238 260 0.021070262
830 693 194 351 0.020882532
913 1367 111 169 0.020504165
529 390 364 514 0.020136459
104 1269 253 267 0.019957991
817 993 207 368 0.019484438
0 903 221 568 0.019420369
551 0 349 228 0.019368092
2 49 338 446 0.01936446
52 394 410 568 0.019361656
823 301 201 350 0.018712621
637 1067 299 378 0.018691719
385 39 356 461 0.018540943
518 114 394 511 0.01817537
289 0 338 247 0.018156655
475 545 281 364 0.01809559
210 376 231 260 0.01808989
219 0 276 200 0.0179021
523 92 56 85 0.017868375
0 456 182 515 0.017691348
244 72 241 307 0.01765992
0 36 155 422 0.017633155
587 314 251 338 0.017530609
290 564 437 596 0.017439712
210 450 296 366 0.01732193
241 1009 40 54 0.017111037
94 689 277 421 0.017101066
464 0 277 172 0.016933141
895 1153 129 311 0.016877238
294 984 36 42 0.01680652
102 0 273 181 0.01671249
200 1357 183 179 0.016550267
911 0 113 155 0.016197536
710 563 135 170 0.016001547
869 863 155 323 0.015987935
0 0 86 113 0.015536034
356 469 191 200 0.015336714
479 209 183 290 0.015250825
303 983 19 20 0.01519715
1001 0 23 40 0.015175422
0 1350 114 186 0.01515108
0 736 159 441 0.015081407
509 882 32 40 0.014919684
306 1197 360 339 0.014751891
321 122 244 321 0.0145409005
200 669 283 379 0.0144804185
372 0 16 11 0.014469333
586 494 267 315 0.014465511
378 0 16 11 0.014304504
444 398 163 231 0.0142801525
699 54 282 355 0.014183645
449 7 130 135 0.014123853
612 1389 168 147 0.013919344
1021 1522 3 14 0.013694922
1022 0 2 22 0.013579903
0 651 127 357 0.013570764
589 1210 225 271 0.013558376
539 278 202 283 0.013537018
108 1142 205 266 0.01341623
899 981 125 291 0.0133986585
1010 0 14 27 0.013374805
685 433 265 352 0.013317944
475 0 16 9 0.013314997
330 500 280 346 0.013294942
729 1020 171 204 0.013290331
972 1467 52 69 0.013282533
446 1059 278 287 0.013251855
1023 1524 1 12 0.013212697
91 179 212 294 0.013099371
288 1328 240 208 0.013070538
0 1002 132 366 0.012944156
884 443 140 311 0.012942372
774 568 65 81 0.012940402
234 1143 190 275 0.012922666
445 922 279 307 0.012839751
0 0 13 17 0.012830693
464 0 15 10 0.012800791
958 0 66 82 0.0127751995
9 657 240 396 0.012757511
518 836 224 290 0.012738609
1007 1506 17 30 0.012703444
549 1423 187 113 0.012682554
464 1385 194 151 0.012668055
66 612 251 353 0.012617253
788 828 188 317 0.012537097
506 0 15 10 0.012525175
665 188 249 325 0.012473869
483 817 46 64 0.012466855
370 0 28 19 0.01241415
494 0 16 10 0.012408048
437 0 16 10 0.012372118
307 984 24 24 0.012345753
949 804 75 176 0.012326737
0 0 54 72 0.012286884
112 1373 168 163 0.012246537
0 0 28 35 0.012230829
718 0 239 163 0.012226478
323 992 17 26 0.012222636
453 0 15 10 0.012219611
301 0 114 82 0.012180763
569 996 161 187 0.012171926
624 0 183 130 0.011960621
126 931 237 333 0.011837599
491 0 29 19 0.011781422
202 1269 188 203 0.011757874
513 1187 44 46 0.011729599
124 463 270 307 0.011709201
525 0 15 9 0.011701661
365 0 15 10 0.011659716
513 0 16 9 0.011642679
645 1282 259 254 0.01163498
484 0 14 9 0.011607713
297 0 64 39 0.011600616
199 1042 179 263 0.011547666
213 253 213 272 0.011538182
406 807 34 58 0.011452884
882 195 142 331 0.011434403
0 1452 59 84 0.011421612
446 0 16 10 0.011411908
492 361 187 276 0.011400602
352 0 16 11 0.0113922665
617 1480 121 56 0.011388798
320 89 9 11 0.011382795
0 248 141 230 0.01134451
0 1525 14 11 0.011332189
320 988 12 17 0.011280441
636 503 173 201 0.011229543
928 854 96 221 0.011226825
430 0 17 10 0.011224868
562 0 15 10 0.01121823
543 303 74 112 0.011216825
612 72 245 320 0.01120327
340 1390 152 146 0.011172544
445 0 59 41 0.011110353
327 988 17 21 0.01109372
540 0 15 9 0.011075395
928 425 96 225 0.011055194
30 0 117 86 0.011026746
543 183 36 51 0.0110043455
894 556 130 304 0.010961018
661 1177 178 209 0.010955663
800 0 15 11 0.010933054
555 0 15 9 0.01090646
547 0 15 9 0.010902538
588 0 141 99 0.010899179
670 0 15 10 0.010875429
658 0 16 10 0.010841904
703 0 16 10 0.010828598
360 0 50 36 0.010796033
393 1244 52 57 0.010786554
578 1214 168 144 0.010761855
554 325 72 142 0.010760913
518 1193 31 18 0.010758882
386 0 14 10 0.010753422
308 0 180 134 0.010751007
785 0 15 10 0.010749063
410 0 14 10 0.010747827
677 0 16 10 0.010746636
696 0 15 10 0.01071718
811 0 16 10 0.010704712
316 0 17 10 0.010694592
685 0 15 10 0.010682616
726 650 206 393 0.010674485
930 0 15 10 0.01067443
395 270 23 25 0.010651985
923 0 15 10 0.010622085
737 0 15 10 0.010590906
878 0 31 21 0.010585733
793 0 15 10 0.010582147
504 0 32 19 0.010571489
545 101 34 63 0.01057039
929 304 95 226 0.010555113
351 773 296 393 0.010547248
722 0 15 10 0.010546767
772 558 39 44 0.01052159
0 1501 29 35 0.010520142
767 0 31 21 0.010519926
819 0 15 10 0.010507357
729 0 16 10 0.010500331
651 0 16 10 0.010497907
778 0 15 10 0.0104963
863 0 31 21 0.010484819
575 317 133 193 0.010481283
575 543 180 210 0.010480368
700 0 149 99 0.010479989
313 91 11 13 0.010479301
770 0 16 10 0.010468142
759 0 15 11 0.010458058
744 0 16 10 0.010436718
900 0 16 10 0.010432474
848 0 31 22 0.010426403
200 907 258 379 0.010420758
0 319 75 195 0.010411247
867 0 15 10 0.010403006
811 0 31 22 0.010398327
386 0 30 20 0.010394329
359 0 15 10 0.010392563
658 0 116 87 0.010388373
938 0 15 10 0.010378871
570 0 14 10 0.010367853
860 0 15 10 0.010351946
711 0 15 10 0.010349233
286 0 16 9 0.010344622
845 0 15 10 0.010342587
894 0 30 21 0.010321388
916 0 15 10 0.010315645
752 0 31 21 0.010313139
852 0 16 10 0.010310236
752 0 15 10 0.010301629
152 0 116 81 0.0103009585
265 984 58 61 0.01029943
351 0 123 77 0.0102954535
269 0 59 37 0.010292637
676 846 34 36 0.010292164
643 0 16 10 0.01029012
345 652 283 366 0.010287996
781 0 31 21 0.01028675
0 0 8 11 0.01028414
743 121 181 227 0.010274944
326 538 168 176 0.01027487
379 1179 116 126 0.010263928
216 0 14 10 0.010250926
607 0 15 11 0.010249858
874 0 16 10 0.010247937
472 0 117 88 0.010246005
736 0 31 21 0.0102440175
406 0 141 95 0.010220987
777 0 117 86 0.010213395
204 1438 143 98 0.010209966
405 1392 161 144 0.010204132
531 1173 33 30 0.010194591
395 1523 19 13 0.010177854
834 0 31 22 0.010166942
445 38 84 100 0.010155791
300 98 89 92 0.010151652
826 0 15 10 0.01014127
636 0 16 10 0.010140669
305 629 219 283 0.010140043
402 0 30 19 0.010134284
812 1379 184 157 0.010121213
886 0 15 10 0.0101167895
796 0 31 21 0.010111381
227 0 15 9 0.010106144
577 0 15 10 0.010095319
625 0 15 10 0.010082045
908 0 15 10 0.010075149
837 0 16 10 0.010063907
479 71 97 124 0.010030263
208 0 15 10 0.010015356
471 0 34 20 0.01001312