12_Group_Large_Group_12_Group_Large_Group_12_13
2671
569 367 19 23 0.8535374
311 356 19 22 0.8505768
477 366 18 23 0.8475501
356 405 18 23 0.8474097
407 362 17 23 0.8422875
680 392 20 27 0.8396489
904 371 20 23 0.8376488
517 396 18 24 0.83736664
232 355 20 23 0.8366228
117 336 24 25 0.834592
730 353 18 25 0.83427954
637 346 17 23 0.83292633
164 392 21 25 0.8268347
866 409 23 27 0.82492524
805 361 20 24 0.8135384
376 357 16 20 0.76382
0 321 15 20 0.12681483
620 458 9 15 0.085415974
8 321 9 12 0.084340066
621 458 7 9 0.07856064
34 154 14 18 0.07836232
219 384 17 22 0.06390423
27 449 8 10 0.051504724
2 336 17 24 0.04764726
761 257 16 17 0.047410935
473 35 17 19 0.045088697
8 444 8 12 0.044925723
615 400 10 13 0.044675265
7 347 11 15 0.044557832
623 459 10 15 0.043658096
16 338 8 9 0.043491427
127 458 7 9 0.04344043
12 191 17 19 0.043241512
883 406 19 25 0.04247646
806 371 17 20 0.04218538
3 319 12 14 0.042061407
803 376 14 18 0.039724488
623 456 8 12 0.03941915
212 383 18 23 0.039261553
384 356 20 23 0.038173936
437 97 16 18 0.037719518
386 363 19 24 0.036451966
803 383 11 14 0.03627629
497 384 19 24 0.036276177
457 387 18 22 0.036019843
382 362 14 16 0.0359965
467 25 25 28 0.035878435
0 319 10 15 0.035819713
776 229 16 17 0.035785887
681 403 18 23 0.0357785
360 356 18 24 0.035495076
15 331 9 14 0.03472512
499 431 9 13 0.03436384
0 311 17 25 0.034337286
6 324 10 12 0.03374868
412 374 12 14 0.033378713
0 320 21 31 0.033032008
472 370 19 24 0.03288498
0 328 12 17 0.032829233
228 370 20 26 0.03256453
462 392 10 12 0.032511428
515 404 23 29 0.03226768
947 436 11 12 0.03189804
6 344 17 23 0.031614564
474 41 10 13 0.03156484
226 384 20 25 0.031526454
481 369 22 27 0.0314093
36 175 7 9 0.031305227
313 365 18 21 0.031068332
7 325 17 22 0.030815167
321 356 17 21 0.03010647
14 341 8 9 0.030087793
70 7 10 10 0.030048816
121 406 11 21 0.02984946
423 374 9 14 0.029425943
884 396 19 26 0.029227257
487 383 20 24 0.02915434
387 374 19 23 0.029139336
8 327 11 15 0.029064199
356 391 19 28 0.028994631
926 394 18 23 0.02897825
675 409 21 27 0.028928876
225 396 11 15 0.028833
303 355 21 24 0.028743008
417 367 16 20 0.028560536
12 210 15 20 0.028504184
153 393 23 25 0.028404307
372 359 14 16 0.028278543
350 399 26 35 0.02782024
414 368 12 14 0.027811445
10 326 7 10 0.027806409
117 344 23 28 0.027789786
616 453 12 15 0.027600333
849 426 7 9 0.027557574
709 391 9 13 0.027419822
374 423 11 16 0.02739038
308 370 20 25 0.027209645
9 332 7 11 0.026917676
365 406 17 22 0.026909221
687 390 24 31 0.026879923
671 390 24 32 0.026583076
423 387 8 9 0.026517708
33 162 14 18 0.026471326
377 372 19 23 0.026469488
404 370 18 21 0.026401889
12 199 12 13 0.026283685
462 32 18 23 0.026184253
239 352 19 24 0.026129244
894 406 18 25 0.026070695
725 370 20 26 0.026064003
157 304 9 11 0.025998771
373 366 18 23 0.025974091
640 349 20 25 0.025950091
566 379 20 25 0.025845336
233 365 19 22 0.025719704
502 392 11 21 0.025718417
629 348 23 28 0.02570331
122 398 10 20 0.025640745
807 381 14 16 0.025594644
811 370 21 25 0.025469074
909 379 24 28 0.025284706
221 393 13 16 0.02522411
1 330 36 56 0.025221622
26 173 8 10 0.025200706
416 379 8 10 0.024911366
720 348 26 34 0.024892831
15 459 9 12 0.024838857
422 380 10 12 0.024773061
578 366 18 23 0.024736345
54 145 17 21 0.024660278
491 448 12 16 0.024658257
11 243 10 13 0.024530625
483 363 19 23 0.024478216
804 380 21 26 0.024332397
785 400 17 22 0.024228578
368 354 14 18 0.024095453
385 368 12 14 0.024086451
69 1 12 14 0.024069758
373 421 10 13 0.024029206
16 432 13 19 0.024014488
7 329 8 11 0.023954011
28 174 9 10 0.02391067
3 330 13 17 0.0238928
367 373 20 25 0.023867223
472 359 18 26 0.023824848
964 219 11 15 0.023790674
1 346 15 19 0.02374875
863 429 22 27 0.023697764
30 149 22 29 0.023695523
146 425 17 23 0.02367437
214 453 10 16 0.023619387
474 43 14 15 0.023531336
0 324 8 16 0.02349862
391 388 15 18 0.023455633
466 384 20 24 0.023319636
635 329 20 28 0.023297934
894 395 20 25 0.023288963
589 414 11 17 0.023265306
843 521 17 21 0.023210691
367 386 18 25 0.023185033
2 351 17 25 0.023121914
346 424 10 11 0.023083404
558 372 22 25 0.023008086
8 343 9 12 0.022992995
517 22 14 19 0.022895215
363 396 20 26 0.022877302
636 359 20 25 0.022868812
621 454 6 10 0.022821175
10 322 12 15 0.022764446
891 397 8 11 0.022740362
4 348 10 13 0.02273803
940 448 10 12 0.022680143
440 465 7 9 0.022635786
14 213 10 13 0.022609698
679 401 28 38 0.02259644
598 433 12 12 0.022580208
799 380 12 16 0.02254217
459 388 10 12 0.022525605
872 429 21 27 0.02252013
11 204 12 11 0.022518536
2 337 24 37 0.022498433
477 379 19 25 0.022495238
631 319 12 17 0.022479068
99 185 8 9 0.022442015
81 196 8 9 0.022417996
13 209 9 12 0.022349909
15 173 8 9 0.02224355
216 372 26 33 0.022227352
13 408 12 11 0.022199482
16 158 8 10 0.022187438
378 336 19 25 0.02216833
476 349 20 28 0.022084
733 346 18 27 0.02205009
358 417 18 21 0.022033796
339 403 20 25 0.021979483
28 447 6 9 0.02196819
870 411 34 38 0.02188794
356 351 26 35 0.021885157
61 299 19 25 0.021874128
366 418 12 15 0.02185494
377 384 19 25 0.021853354
26 408 11 11 0.021842148
200 121 26 25 0.02182855
403 356 26 35 0.021739524
216 115 9 9 0.02173663
75 161 8 10 0.021736087
24 306 18 24 0.021720694
510 389 20 26 0.0216892
358 374 19 25 0.02166087
43 188 9 10 0.021657204
25 445 12 16 0.021643626
884 421 19 26 0.02160644
630 339 20 26 0.021584215
11 159 7 9 0.021563541
421 383 12 15 0.021510182
521 388 20 28 0.021489086
368 361 14 18 0.021460839
556 383 20 26 0.021446126
895 381 22 25 0.02134723
34 178 8 10 0.021332989
574 360 18 26 0.021227308
793 406 9 18 0.021181807
9 168 16 21 0.021151718
317 371 19 24 0.021145102
81 275 18 22 0.021129688
367 421 15 19 0.021066025
97 208 9 10 0.021066016
855 420 23 27 0.02105923
27 180 9 9 0.021056011
28 315 13 14 0.021048754
812 364 16 18 0.02099598
219 402 20 25 0.020864911
839 375 15 22 0.020783748
914 393 21 24 0.020734387
171 384 24 31 0.020725995
409 379 17 19 0.02069676
1013 672 11 11 0.020666068
935 395 15 18 0.020581622
590 349 7 10 0.02051555
730 366 19 22 0.020465096
209 129 20 20 0.020464268
423 371 7 10 0.020457044
374 345 17 25 0.02044687
15 126 18 23 0.020435063
504 542 26 30 0.020428857
684 385 18 26 0.020427838
4 322 8 10 0.020407315
298 373 21 25 0.020400353
223 349 27 34 0.020399485
204 355 9 12 0.020378921
8 459 7 10 0.02037292
853 160 20 23 0.020355752
0 333 49 97 0.020328464
931 401 17 19 0.020309085
429 411 8 13 0.020301156
906 300 18 20 0.020291235
220 363 22 26 0.020264188
572 376 16 19 0.020241855
495 451 8 15 0.02000095
160 380 23 31 0.0199933
214 111 11 11 0.019971453
715 374 20 25 0.01994567
458 377 18 23 0.019838646
804 366 13 16 0.01983457
426 383 18 24 0.019795364
10 336 10 12 0.019781426
965 218 19 23 0.01977859
327 355 18 24 0.019761965
901 404 16 21 0.019743634
618 462 8 11 0.019723274
794 384 20 25 0.019702293
546 376 20 24 0.019674636
903 392 21 25 0.019660005
429 328 16 20 0.019656308
379 347 20 26 0.01965385
620 452 15 19 0.01965228
218 427 19 21 0.019633206
906 382 16 19 0.019620437
26 285 17 21 0.019589497
514 545 15 22 0.019568082
34 185 9 11 0.019548424
381 368 11 13 0.019527312
52 365 10 15 0.01948133
51 484 12 17 0.019472884
371 468 12 20 0.019472204
352 293 20 21 0.019469436
309 44 21 23 0.019462904
21 439 13 19 0.019422717
12 337 13 18 0.019392433
0 0 145 189 0.01939153
251 366 8 11 0.019389592
812 0 212 202 0.019382
368 413 16 20 0.019380283
61 336 9 10 0.019360133
582 364 11 15 0.01934968
575 381 20 25 0.019310268
891 404 10 21 0.019225912
911 373 16 19 0.019167297
347 407 18 21 0.01915829
843 378 9 14 0.019145623
426 372 9 13 0.019110505
795 366 27 32 0.019107252
223 357 18 21 0.019104326
41 191 9 11 0.019070374
418 383 19 23 0.019008333
800 359 17 21 0.01899376
676 397 15 19 0.01896963
814 382 20 25 0.018948723
412 355 15 24 0.018936187
512 402 15 17 0.018928599
449 386 18 24 0.018884016
38 187 16 21 0.018875247
870 418 22 23 0.018870078
495 390 24 30 0.018854914
30 164 20 27 0.018779514
119 414 11 22 0.018748345
799 372 15 18 0.018733192
57 179 9 10 0.018724104
301 377 14 16 0.018671917
114 355 30 36 0.01864817
372 366 13 16 0.018598074
237 370 20 25 0.01858575
843 328 11 15 0.018552553
0 311 10 18 0.018534858
3 334 9 10 0.018517619
460 20 23 29 0.018514114
40 194 10 13 0.0184794
922 383 26 33 0.018386738
901 360 19 27 0.018379264
138 318 8 9 0.018376246
553 446 10 13 0.01837615
127 351 21 26 0.018375978
5 189 29 43 0.018373163
299 494 9 12 0.018333597
345 503 18 17 0.018270828
557 35 18 19 0.018255983
844 520 11 15 0.018254139
500 432 12 16 0.018226264
625 363 21 25 0.01821323
7 335 7 11 0.018159084
338 373 8 12 0.0181136
635 47 13 15 0.018090565
895 422 17 25 0.018083796
300 96 19 24 0.018062176
854 431 22 27 0.0180585
238 363 14 15 0.018021561
38 184 11 12 0.01796046
738 357 16 20 0.017950024
496 30 20 23 0.017938323
546 384 20 26 0.01793436
36 170 8 11 0.017902873
786 365 19 23 0.017893981
577 363 12 16 0.01785792
57 13 7 9 0.017823894
231 337 26 38 0.017793756
161 396 11 17 0.017765816
98 337 30 37 0.017759698
1005 366 10 14 0.017756425
607 124 11 13 0.017733721
458 364 19 25 0.01772144
380 353 12 18 0.01771887
219 418 20 22 0.017704625
680 393 12 18 0.017689684
837 51 14 18 0.017688697
0 321 6 11 0.017687976
157 412 22 26 0.017681742
334 380 10 13 0.017674694
899 376 18 19 0.017666137
810 356 15 20 0.017628664
516 376 20 29 0.017624876
9 440 8 12 0.017617214
417 381 9 11 0.01758048
33 183 13 16 0.017578471
717 361 22 26 0.017575245
192 103 38 36 0.01753028
849 422 10 15 0.017521596
525 412 20 25 0.01751546
363 403 12 18 0.01750157
162 401 29 38 0.017472252
377 427 17 24 0.01745142
21 290 23 34 0.017438266
521 547 9 15 0.01742415
216 436 19 22 0.017417246
406 356 15 22 0.01741527
79 387 16 24 0.01740749
373 353 13 15 0.017399803
449 97 18 20 0.017395003
1 361 18 27 0.017381474
624 464 7 11 0.0173454
7 353 19 25 0.017340986
505 394 15 23 0.017327538
381 356 30 35 0.017318135
943 396 10 13 0.0172782
309 338 19 28 0.017269306
0 0 92 118 0.017255025
418 377 10 13 0.017248664
619 431 6 9 0.017237665
734 371 20 25 0.017235031
106 344 30 36 0.017231625
217 386 26 33 0.017229658
506 411 21 26 0.017202388
339 413 19 24 0.017192677
798 386 12 16 0.01717251
403 19 30 43 0.017168967
966 355 9 14 0.017146101
876 407 19 23 0.017138172
991 650 33 33 0.017137816
485 1 279 328 0.01710616
586 253 10 15 0.017084874
666 413 21 26 0.01707874
416 382 13 16 0.01706364
300 362 21 25 0.0170515
811 452 213 231 0.017029906
758 251 24 30 0.017028976
138 334 19 26 0.017016783
200 131 25 23 0.01699143
149 327 12 14 0.01699054
743 354 19 25 0.01693675
235 352 33 39 0.016935807
776 229 11 11 0.016933193
0 46 9 19 0.016897442
516 423 21 25 0.016884197
244 362 15 18 0.016883392
329 357 9 12 0.016876249
14 189 12 14 0.016864765
793 396 19 23 0.016857078
9 352 7 10 0.0168497
139 405 9 12 0.01683129
37 171 11 12 0.016825024
432 366 6 9 0.016819881
786 375 19 23 0.016807105
886 412 13 17 0.01675969
416 374 20 24 0.016744677
12 324 7 9 0.016736345
403 32 20 32 0.0167334
1006 666 18 17 0.016732555
434 92 24 28 0.01671225
130 337 20 22 0.016706353
615 459 15 21 0.016693173
347 422 21 25 0.016666995
380 323 19 23 0.016645027
210 392 19 25 0.01661355
833 192 11 10 0.016608113
116 321 25 33 0.016602911
885 385 18 24 0.016602516
609 450 18 21 0.016596213
677 0 13 14 0.016590202
845 496 11 14 0.016578028
1013 0 11 17 0.016550504
131 411 7 10 0.016549736
868 380 28 39 0.016533652
11 320 8 10 0.016527604
690 394 15 19 0.016525688
34 177 12 14 0.01651806
559 384 10 14 0.0165055
63 0 14 12 0.01650277
0 340 11 17 0.016495394
387 382 11 14 0.016480329
841 335 10 11 0.016448153
126 341 17 19 0.016426517
0 294 16 30 0.016400786
198 441 10 12 0.016399376
466 393 20 24 0.01639191
319 366 13 16 0.016367612
893 372 16 21 0.016359724
496 458 6 12 0.01635756
838 325 17 23 0.016357267
460 11 37 43 0.016351856
8 312 11 16 0.016330691
520 39 39 43 0.016327875
245 354 20 25 0.016323783
454 266 12 15 0.016318832
104 493 8 11 0.016309312
57 405 16 21 0.016297294
312 322 8 10 0.01628133
381 374 11 14 0.01627656
193 450 12 18 0.016221728
211 437 17 24 0.016211567
0 453 145 230 0.016206585
26 453 9 11 0.01615477
637 349 28 38 0.016136352
231 346 17 24 0.01612924
215 109 8 9 0.016128302
305 380 25 30 0.01612641
151 379 9 11 0.016122704
61 316 8 10 0.01611111
127 409 10 16 0.016103316
643 358 12 13 0.016087336
725 361 16 18 0.016075779
864 377 20 24 0.016073886
361 414 14 15 0.01606081
387 363 8 11 0.016055353
684 417 10 15 0.016044414
991 253 8 12 0.016039768
676 394 9 14 0.016039599
142 403 11 15 0.01601043
603 11 19 26 0.016009137
567 347 19 28 0.016003318
13 158 8 9 0.015971879
366 395 11 17 0.0159579
177 349 8 9 0.015942615
587 119 14 19 0.015924476
942 419 8 11 0.015915731
958 406 10 12 0.015915364
125 404 10 19 0.015902836
613 402 8 9 0.015866667
669 396 17 22 0.01583672
482 377 30 36 0.01583354
0 329 6 15 0.015816072
11 215 10 13 0.015796902
427 386 10 12 0.015731944
16 341 9 11 0.015713578
517 11 22 25 0.015709331
30 184 10 11 0.015693162
631 354 13 15 0.015676549
197 112 38 43 0.01566932
0 174 9 15 0.015662568
420 368 9 12 0.01565218
131 381 8 13 0.015644068
479 35 16 18 0.015638592
412 108 9 11 0.015633946
605 421 12 16 0.015622629
58 0 13 11 0.015620017
138 363 10 12 0.015594942
143 388 10 11 0.015592568
913 358 33 41 0.015591478
6 438 9 15 0.015574218
858 412 20 22 0.015560471
72 188 8 9 0.015558264
884 431 20 25 0.015551924
375 390 12 14 0.0155495405
760 262 17 22 0.01554402
624 454 7 9 0.015535066
418 370 7 10 0.015533445
824 426 17 22 0.015533306
465 33 26 33 0.015507857
904 413 11 17 0.015477432
198 116 21 24 0.015457783
9 351 11 14 0.015442988
224 396 18 21 0.0154410275
594 415 9 15 0.015436892
191 285 11 16 0.015433676
215 448 17 22 0.015430022
385 365 8 10 0.0154286055
6 216 10 13 0.015428396
812 376 13 16 0.015412696
149 402 22 26 0.015405253
667 389 10 19 0.015404139
0 0 17 23 0.015389521
0 362 25 42 0.015383044
47 185 8 9 0.015362944
385 381 23 30 0.015360818
786 387 18 23 0.015343395
397 382 20 25 0.015330236
651 196 24 27 0.0153069915
838 58 10 12 0.015295428
782 405 17 24 0.015287464
16 175 7 12 0.015278936
618 439 7 9 0.015275944
189 439 12 17 0.015261417
4 208 17 24 0.015258767
0 670 12 13 0.015252661
475 380 14 18 0.015248789
389 385 12 16 0.015248615
0 376 16 27 0.0152335875
526 423 20 25 0.015209126
570 381 13 16 0.015206282
259 332 11 11 0.015202144
8 207 10 10 0.015195898
447 274 8 9 0.015190404
715 489 10 13 0.015181759
949 0 75 67 0.015181479
537 374 19 26 0.015173853
467 367 30 40 0.0151718445
349 392 17 24 0.0151645765
10 189 10 11 0.015152088
51 148 12 16 0.015136638
0 351 9 15 0.015119987
0 192 9 15 0.015116288
382 383 10 13 0.01509141
343 389 9 14 0.015084861
7 472 7 9 0.015079655
128 361 21 25 0.015077972
31 159 13 14 0.01507725
645 363 20 24 0.015072468
29 170 11 12 0.01507086
497 403 20 25 0.01507016
14 355 18 25 0.015035646
613 405 16 21 0.0150354905
426 378 7 9 0.015032537
160 255 12 13 0.015027104
77 315 10 13 0.015023564
720 352 18 23 0.015019589
17 327 10 15 0.015003489
226 425 20 21 0.015001665
426 380 9 12 0.015000782
366 350 27 36 0.014963879
680 413 11 15 0.014960587
42 182 7 10 0.014949463
121 361 17 20 0.014945731
400 348 19 26 0.014937549
48 362 11 18 0.014935779
863 404 18 23 0.014924654
8 308 19 24 0.014918174
337 380 13 19 0.014913216
317 224 11 14 0.014908366
4 187 19 24 0.014902635
947 621 77 62 0.014902277
50 154 9 12 0.014886173
418 374 7 10 0.014863009
10 308 10 12 0.014862092
24 172 13 15 0.014854928
753 575 13 19 0.014852785
108 341 18 21 0.014832951
495 460 18 33 0.014811343
903 388 12 15 0.014802072
910 296 19 19 0.014787519
379 387 11 14 0.014777627
386 374 11 14 0.014774385
755 374 18 25 0.014770802
466 372 16 20 0.014767972
616 364 20 25 0.014762032
524 23 21 23 0.0147541175
10 459 9 12 0.014743155
872 438 14 17 0.014742462
586 365 10 15 0.014731135
636 344 12 16 0.014727568
217 0 341 361 0.014712057
565 384 11 14 0.014700181
1006 225 10 15 0.01469691
482 375 14 17 0.0146947615
816 392 11 15 0.0146846315
837 382 17 24 0.014683913
374 428 13 19 0.014670126
481 47 9 9 0.01466643
25 178 8 9 0.01466577
526 398 14 19 0.014663334
489 373 12 16 0.014647358
297 383 21 25 0.014645953
429 404 10 15 0.014644768
497 425 13 18 0.014642157
799 353 31 41 0.014634148
675 422 21 25 0.014630219
322 363 11 13 0.014628454
190 316 7 10 0.014621969
0 36 9 19 0.014604444
18 155 9 12 0.014596553
458 34 13 21 0.014584404
58 365 9 12 0.014564034
745 226 95 136 0.014555312
680 404 13 15 0.014549291
607 180 21 26 0.014540143
32 177 20 28 0.014530316
71 175 8 9 0.014528125
16 311 9 12 0.0145142265
517 364 19 24 0.014510567
12 170 8 11 0.014490181
0 345 8 15 0.014487544
617 355 19 24 0.014481059
832 460 12 15 0.014479719
384 386 11 14 0.014478439
525 364 19 24 0.01447613
793 367 17 22 0.01447481
585 365 18 24 0.014473228
705 375 20 25 0.014463273
301 495 11 14 0.014461724
59 176 9 10 0.014454381
574 347 20 27 0.014447094
312 376 30 38 0.014438409
207 45 18 23 0.014436438
332 356 9 11 0.014432278
794 400 9 16 0.014423798
980 280 44 97 0.014423577
382 317 27 33 0.014421282
372 365 29 37 0.014414041
677 380 21 30 0.014413268
242 340 28 38 0.014408526
213 133 20 24 0.014399419
431 400 10 15 0.014397284
1019 0 5 13 0.014391378
246 355 12 17 0.01439092
1 440 12 16 0.014389646
618 433 8 14 0.014388759
477 48 9 9 0.014381937
834 276 18 24 0.01438146
819 362 16 21 0.014379678
68 22 342 367 0.014367337
667 401 22 27 0.014366545
739 341 28 37 0.014363005
193 438 14 17 0.014337404
453 220 25 32 0.014333518
386 393 20 26 0.014330704
824 383 20 25 0.014325956
729 347 14 19 0.01432538
738 346 12 18 0.014298304
0 0 8 11 0.014297964
556 394 20 25 0.014296162
11 160 16 21 0.014285478
453 95 21 25 0.0142804235
316 372 12 15 0.014279815
873 291 9 13 0.014274421
224 398 26 31 0.014270393
0 662 19 21 0.014249422
7 320 7 9 0.014248207
329 374 18 24 0.0142411
152 399 14 16 0.014240894
372 0 13 16 0.014237369
0 305 10 18 0.014232744
907 359 23 31 0.014232172
373 378 28 39 0.01423036
15 463 7 10 0.014227008
38 179 8 10 0.014221878
486 393 21 24 0.014201491
172 254 8 10 0.014198023
0 74 19 31 0.014195158
5 68 35 46 0.014187605
469 373 10 13 0.014182274
466 53 13 14 0.014176469
85 275 24 27 0.0141459685
617 397 13 16 0.014139851
492 469 15 25 0.014137622
610 448 12 15 0.014135163
71 0 14 11 0.0141342925
13 155 13 17 0.014119836
885 359 31 41 0.014110909
674 518 19 19 0.0141099105
712 493 9 12 0.0141084455
101 334 22 26 0.014107764
306 34 30 36 0.014096046
825 374 19 24 0.01409465
724 383 21 25 0.014084177
463 387 14 17 0.014080603
421 374 7 9 0.0140773915
171 394 17 19 0.014070395
583 253 10 12 0.014066493
686 419 13 16 0.014065895
338 423 20 25 0.01406552
683 0 16 13 0.014065335
300 266 14 17 0.014053128
70 386 21 25 0.0140454965
317 350 16 22 0.01404005
616 345 20 25 0.014039475
232 551 14 11 0.014036362
49 206 8 9 0.01403125
128 435 13 14 0.01403045
795 404 11 15 0.014019446
316 337 19 28 0.014018713
14 317 9 12 0.014010337
806 390 17 20 0.014009614
10 362 18 25 0.013990674
440 470 6 9 0.0139831565
717 430 21 25 0.01395954
737 366 13 16 0.0139559535
72 206 10 12 0.01394353
0 215 13 16 0.01393442
347 427 11 15 0.013927685
778 227 21 24 0.013914348
386 333 19 24 0.013902344
26 0 17 12 0.01389241
982 0 42 46 0.0138910925
559 387 14 16 0.013891033
919 372 16 20 0.013884648
504 431 11 14 0.013881262
346 394 7 9 0.013867602
164 407 18 21 0.0138322385
646 353 11 15 0.013830904
12 348 11 14 0.013826645
897 410 12 15 0.013826526
209 112 18 16 0.013820136
710 394 12 16 0.013819828
124 208 7 10 0.013805429
656 301 21 26 0.013799287
459 230 21 19 0.013798811
50 0 14 11 0.013793137
396 362 17 21 0.013788791
582 25 20 25 0.0137784425
946 230 9 15 0.0137735745
505 423 21 25 0.013773555
325 361 23 30 0.013769076
132 311 8 10 0.013764396
437 0 18 14 0.013763671
164 360 27 40 0.01376294
260 458 7 12 0.013745934
170 386 14 21 0.013733742
222 411 11 18 0.01372702
342 414 12 16 0.013722126
636 257 21 28 0.013722078
684 411 12 16 0.0136968475
0 55 9 20 0.013690471
581 373 10 14 0.013687903
216 133 13 12 0.013683388
349 357 18 23 0.0136828525
745 364 19 24 0.013678537
81 0 16 12 0.013667904
522 54 22 26 0.01365744
714 384 20 25 0.013652063
12 345 18 24 0.013637813
114 327 34 41 0.01362354
0 209 10 16 0.013617033
889 397 11 17 0.013607167
561 387 30 38 0.013606476
257 240 13 18 0.013582723
359 426 17 20 0.013577113
389 393 13 16 0.01357324
170 405 14 16 0.013564352
313 353 14 18 0.013557693
231 358 12 17 0.013554718
58 397 22 25 0.013553131
311 0 14 13 0.013539588
80 399 12 16 0.01353482
162 402 17 19 0.013527895
529 34 14 15 0.013518492
812 48 49 62 0.013516287
913 321 20 26 0.013515168
824 364 19 26 0.013514737
157 384 34 41 0.013505213
1008 0 16 34 0.013495846
453 388 27 35 0.013494347
518 393 13 17 0.013492755
396 37 10 11 0.013488857
593 146 15 21 0.013486585
155 423 21 26 0.013484671
1022 0 2 9 0.013482614
680 416 30 37 0.0134783955
737 0 16 12 0.013477109
504 403 10 17 0.013474857
514 398 11 16 0.013462588
589 58 14 17 0.013453489
4 307 11 14 0.013451005
811 355 32 41 0.013450241
898 400 28 36 0.01344549
383 222 13 14 0.013440737
884 374 20 24 0.01343385
20 172 10 10 0.013420729
64 152 10 16 0.013416378
116 353 17 21 0.01341309
508 16 24 27 0.013413047
718 443 11 13 0.013407889
107 362 23 26 0.013406307
634 361 14 18 0.013385831
573 143 22 25 0.01338149
392 50 8 9 0.01338117
943 441 13 13 0.01337675
693 401 20 27 0.0133676985
506 27 22 24 0.013361392
625 374 20 25 0.013359451
894 375 10 14 0.013355607
4 302 27 36 0.013354743
380 436 17 20 0.013354137
377 394 19 26 0.01334504
519 549 12 22 0.013332762
150 419 17 25 0.013326216
28 174 13 15 0.013323161
0 336 7 14 0.013322377
347 304 107 139 0.01331922
721 438 22 24 0.013317633
1019 48 5 25 0.013302241
836 280 10 16 0.013301849
64 391 22 25 0.013294814
53 140 26 34 0.013294383
885 415 16 22 0.013293283
175 401 22 26 0.013285398
618 447 13 19 0.013277108
566 377 14 15 0.013271272
466 41 14 14 0.013270153
463 42 19 21 0.013261901
746 373 19 25 0.013259474
352 413 29 37 0.013259299
695 413 19 25 0.013259063
536 365 19 24 0.013258854
495 470 10 16 0.013258082
190 445 12 20 0.013257862
705 364 19 25 0.013251354
514 50 48 57 0.013247971
664 11 10 10 0.013236912
443 416 10 13 0.01321703
719 489 9 13 0.0132083185
530 359 11 15 0.013207933
556 447 10 14 0.013194036
599 432 17 18 0.013192883
471 42 9 9 0.0131847765
21 407 12 9 0.013183736
209 366 20 26 0.013178299
311 373 13 14 0.013171148
518 539 14 23 0.013170203
0 315 6 11 0.013167813
87 61 8 9 0.013164109
15 426 20 30 0.013161638
473 45 8 10 0.013157864
606 0 18 13 0.013154561
69 12 11 11 0.0131541295
14 484 8 9 0.01315111
0 254 15 27 0.013143072
427 394 18 24 0.013141525
904 345 20 27 0.013131559
675 384 32 43 0.013129218
616 224 31 34 0.013115234
17 77 8 10 0.013111552
288 374 20 25 0.0131087685
178 339 20 26 0.013105672
874 245 12 15 0.013097263
991 60 10 10 0.013089418
116 344 15 17 0.013086956
481 363 14 17 0.013085172
0 0 35 46 0.013082956
959 0 18 12 0.013082815
367 432 20 25 0.013081267
769 263 59 87 0.013080202
327 367 9 11 0.013077569
584 369 10 15 0.013077033
146 397 13 18 0.013076327
344 351 28 37 0.013062084
16 0 17 12 0.013055869
403 374 29 35 0.013048593
497 414 20 25 0.01304562
98 364 21 25 0.013039335
244 250 8 10 0.013037827
902 373 11 16 0.013032205
365 420 24 29 0.013012979
411 384 11 13 0.013012792
585 31 12 18 0.013011941
385 369 8 9 0.013011796
897 364 34 43 0.013011323
802 394 22 26 0.013011292
623 464 12 17 0.013002576
388 367 7 10 0.01300001
840 244 21 24 0.012986767
43 193 9 12 0.012985059
635 355 15 17 0.012979939
546 365 20 25 0.012975473
704 423 19 24 0.012974519
99 354 21 26 0.012963068
170 0 17 12 0.012961372
3 663 33 20 0.012957425
0 43 15 26 0.012954882
831 0 17 12 0.012943987
472 31 15 14 0.012939121
727 0 16 12 0.012934475
462 393 15 18 0.012931442
7 339 7 10 0.012924385
425 332 17 21 0.012920704
845 415 19 23 0.012915855
0 358 8 16 0.01291524
270 141 8 11 0.012915034
522 541 9 16 0.012914726
123 458 10 12 0.012912496
90 0 17 12 0.012905809
679 418 11 15 0.0129047
716 435 14 14 0.01290283
38 159 10 11 0.012900756
477 41 21 19 0.0128981965
347 433 21 26 0.0128978435
669 309 104 136 0.012897829
619 463 9 15 0.012891535
328 360 9 12 0.0128910635
45 393 11 13 0.012884864
123 329 22 27 0.012883443
431 390 9 12 0.012879901
848 501 13 16 0.012878724
224 415 26 27 0.012877218
819 51 205 342 0.012872454
93 292 8 11 0.012871286
576 19 21 26 0.0128690805
880 374 33 41 0.012864332
306 0 14 12 0.012857866
16 131 12 16 0.012852847
496 423 21 27 0.012846784
941 416 15 19 0.01284529
0 590 72 93 0.012842393
361 223 11 13 0.012841408
859 43 15 21 0.012832396
806 236 9 12 0.0128286
614 458 12 12 0.012827538
89 179 8 9 0.012826244
36 0 17 13 0.012805941
887 0 134 95 0.012796917
374 394 11 15 0.01279681
687 404 14 15 0.012794888
411 15 41 50 0.01279394
13 343 8 11 0.012784402
176 334 13 16 0.012782831
65 16 8 9 0.012779385
341 362 8 9 0.012772866
375 378 14 17 0.012772603
783 350 28 37 0.012770502
132 438 14 15 0.012758197
858 435 31 37 0.012757752
712 229 16 11 0.01275226
373 435 11 17 0.012750752
300 346 20 26 0.0127488775
844 376 14 19 0.012745458
146 0 16 12 0.012742321
765 260 9 10 0.012738488
149 357 8 11 0.012736721
480 381 12 15 0.01273537
128 376 11 15 0.012730741
783 369 27 35 0.012729376
0 0 55 70 0.012728324
695 423 20 24 0.012723751
481 24 30 33 0.012723116
86 416 12 13 0.012710915
101 371 37 45 0.012709358
566 365 16 20 0.012702762
331 351 8 13 0.012696249
8 210 8 11 0.0126949
27 183 10 11 0.012680741
845 528 19 21 0.012678445
521 417 30 38 0.012677589
866 416 12 18 0.012668646
924 374 19 25 0.012667907
210 438 10 15 0.012665202
122 372 36 45 0.012664273
519 409 14 16 0.0126603665
383 421 16 23 0.012653803
17 409 11 10 0.012647334
583 371 23 30 0.012647084
392 369 9 14 0.01264307
67 31 8 11 0.012642986
348 377 7 9 0.012642231
525 374 19 26 0.012642226
973 223 12 16 0.012641432
498 19 21 26 0.012636181
807 349 24 31 0.01263547
543 370 28 37 0.012631685
0 363 11 19 0.0126305325
892 411 12 21 0.012627461
497 0 17 13 0.012622695
687 410 15 18 0.012621516
471 379 12 14 0.012621448
237 383 21 25 0.012620436
780 312 101 133 0.012613729
801 366 9 14 0.012612095
589 254 11 18 0.012602911
22 0 15 10 0.012591548
354 430 25 31 0.012582886
846 0 17 12 0.012571659
361 380 28 39 0.012566296
844 321 15 19 0.012565417
3 176 17 22 0.012564131
490 387 10 14 0.012564108
315 217 21 22 0.012561746
0 633 36 50 0.0125612095
495 368 12 14 0.012560747
285 400 8 14 0.012558207
843 477 10 13 0.012544632
802 350 18 26 0.012543714
475 371 11 15 0.012541807
71 356 8 11 0.012526985
448 122 37 44 0.012523117
919 347 9 13 0.012518348
915 0 18 12 0.012513973
10 194 12 14 0.012507609
330 0 15 12 0.012506877
845 423 20 25 0.012501516
16 148 9 11 0.012500369
268 17 20 27 0.012488958
826 425 12 14 0.012485303
435 326 16 19 0.012483293
437 104 12 13 0.012479666
212 215 30 38 0.012471996
653 0 313 354 0.012471823
466 341 27 40 0.012468906
200 67 15 15 0.012458461
674 422 12 17 0.01245732
704 341 33 41 0.012451388
950 0 17 12 0.012449034
746 0 17 12 0.012447763
136 406 8 11 0.012445131
601 429 11 13 0.012437057
329 285 54 76 0.012433759
845 484 18 23 0.012433498
236 392 22 27 0.0124328
8 288 30 39 0.012432739
431 395 9 13 0.01243251
0 33 15 26 0.012432277
377 417 16 22 0.012431361
705 384 20 27 0.012428892
808 388 11 14 0.012425812
442 101 14 16 0.012423958
216 380 15 19 0.01242099
418 0 18 12 0.012417569
513 20 13 17 0.012410855
590 0 32 23 0.012405555
471 48 19 19 0.012405278
833 87 20 18 0.0124010835
299 376 11 14 0.012392267
0 152 10 14 0.012392098
249 368 9 11 0.012388838
385 357 11 15 0.012386536
4 164 25 33 0.012386083
338 384 18 25 0.012385455
467 370 9 13 0.012382004
249 278 57 79 0.012378161
670 423 12 21 0.012374466
711 430 14 15 0.012372643
79 376 18 24 0.012368671
464 11 24 28 0.01236609
190 0 17 12 0.012365982
840 280 10 16 0.012364296
835 46 23 26 0.01236173
519 34 13 17 0.012345066
19 165 22 27 0.012343793
35 638 9 9 0.012340752
207 103 33 32 0.012334081
464 70 20 24 0.01233298
0 370 13 23 0.012324724
199 462 12 15 0.01231135
426 0 280 210 0.012307204
48 399 10 13 0.012294991
627 305 103 139 0.0122924615
844 145 30 39 0.012291964
210 67 32 41 0.012289895
684 420 6 9 0.012285537
777 0 16 13 0.012285243
1019 38 5 25 0.012284009
763 426 11 12 0.012282898
3 159 18 27 0.012282074
495 453 13 30 0.012280535
697 391 10 15 0.012278603
794 394 12 17 0.012272397
0 65 10 29 0.012270497
298 382 13 16 0.012269439
349 508 13 9 0.012267272
656 375 19 24 0.012265538
158 402 14 16 0.012263449
814 373 13 14 0.012262097
710 420 18 23 0.012260658
354 374 11 15 0.012258492
813 397 12 13 0.012254173
453 432 11 12 0.012246999
144 382 9 12 0.012244702
894 306 40 57 0.0122436015
840 381 11 15 0.012243384
646 345 14 18 0.012242848
26 0 32 33 0.012242665
839 397 34 40 0.012240734
11 438 6 10 0.012239495
907 400 20 22 0.012238445
879 417 14 18 0.012225148
0 198 10 18 0.0122243175
339 378 7 10 0.012219822
416 361 10 16 0.012219461
478 42 9 10 0.012216951
283 0 32 32 0.012214976
343 421 10 13 0.012206112
470 248 35 42 0.01220061
774 248 103 150 0.01219942
350 404 10 15 0.012198361
0 385 11 22 0.012197282
61 143 13 20 0.012194167
404 363 13 16 0.012193338
247 363 20 25 0.012186784
16 461 10 15 0.012185118
177 396 18 21 0.012180376
90 71 8 11 0.012172555
471 390 19 20 0.012168627
709 390 7 9 0.012163536
976 666 37 17 0.0121599035
473 0 18 13 0.012156526
101 0 16 11 0.012148953
498 435 10 14 0.012148044
43 0 13 10 0.012146951
339 394 19 25 0.012136197
329 383 19 25 0.012134149
500 308 112 138 0.01213193
434 335 13 16 0.012128297
701 391 11 14 0.012122522
581 360 11 11 0.012122499
223 266 9 11 0.012121219
446 358 11 13 0.012114995
323 342 28 37 0.012107457
33 156 11 11 0.0121065825
368 350 10 13 0.012106395
692 402 13 17 0.012099497
675 395 6 10 0.012099372
168 329 9 10 0.012094521
835 464 11 15 0.01209083
444 27 20 30 0.012090336
387 91 9 10 0.012089671
157 502 7 11 0.012085866
747 227 20 19 0.012084702
582 379 28 36 0.012083044
344 377 8 9 0.01208204
873 377 20 24 0.012078983
756 0 16 12 0.0120770205
517 3 38 40 0.012075558
1019 58 5 25 0.012073093
18 335 9 11 0.012072854
474 61 19 21 0.012071128
387 344 19 25 0.01206919
839 16 19 24 0.012062172
523 403 19 22 0.012060702
859 361 32 40 0.012059532
428 376 7 10 0.012058387
12 436 15 22 0.012057519
828 387 8 12 0.012054254
615 430 9 13 0.012053757
381 344 12 17 0.012036182
371 374 12 14 0.012035133
587 300 101 138 0.012035092
210 427 19 23 0.012030463
543 303 107 139 0.012029874
809 18 20 24 0.012029035
476 56 14 15 0.012025659
395 386 12 14 0.012025543
482 59 15 16 0.012018502
10 239 17 23 0.012015459
0 32 56 102 0.012009795
756 260 14 15 0.012001753
180 333 8 9 0.01200164
89 15 11 15 0.011995193
853 151 31 37 0.011993889
288 384 20 25 0.011991957
680 360 29 40 0.011991736
852 427 7 10 0.011987928
536 374 14 16 0.011983759
196 373 24 32 0.011983569
89 365 21 24 0.011983027
0 221 10 17 0.011979893
587 0 18 13 0.011978977
336 387 8 10 0.011976292
446 418 11 14 0.011975115
63 0 32 24 0.011973685
613 348 29 39 0.011973139
837 332 18 26 0.011969778
496 388 13 16 0.011967185
250 384 16 20 0.011965785
520 29 18 21 0.011958378
519 415 15 17 0.011955995
919 338 12 17 0.011948248
638 323 29 40 0.011946961
407 376 12 13 0.011946565
910 396 30 36 0.011942914
705 252 108 151 0.011941861
903 319 25 31 0.011941206
846 377 9 10 0.0119349705
447 375 19 24 0.011934884
1019 390 5 25 0.011933595
0 167 9 16 0.011931517
783 405 12 15 0.011928331
0 373 36 68 0.011923771
394 568 13 14 0.011917694
717 455 18 21 0.01190805
938 444 11 13 0.011907293
0 395 16 30 0.011904512
516 411 12 16 0.011896765
471 388 30 37 0.01189158
322 374 11 13 0.01188954
248 374 19 24 0.011889447
931 295 15 15 0.01188844
8 181 7 9 0.011888364
97 274 14 16 0.011886343
330 343 55 70 0.011886048
158 356 12 16 0.011883429
96 571 12 18 0.011882597
51 201 18 20 0.011880608
741 349 15 20 0.011875262
803 369 10 16 0.011873529
545 612 21 28 0.011872312
1006 130 11 13 0.0118702045
909 389 19 22 0.011864948
382 363 9 11 0.011853487
674 94 21 26 0.011852518
223 376 17 21 0.011852024
572 0 18 13 0.011850417
6 0 17 13 0.011849711
844 509 19 23 0.011839171
619 405 12 16 0.011838532
330 268 22 24 0.0118343765
361 423 12 14 0.011832119
22 158 17 22 0.011831718
308 359 11 15 0.0118307555
17 362 19 27 0.011820566
320 0 34 24 0.011818595
497 538 25 30 0.011818335
498 416 12 17 0.011818099
274 0 18 13 0.011817987
1019 251 5 26 0.011815912
165 322 11 13 0.0118144825
936 664 39 19 0.011812001
500 34 11 15 0.011811392
18 217 10 12 0.01181018
241 369 12 12 0.011809369
367 467 12 18 0.011808952
1019 434 5 26 0.011806609
359 366 16 22 0.011797783
556 352 27 36 0.011790257
596 437 12 13 0.011785263
628 390 12 15 0.011782059
563 390 16 20 0.011781205
464 15 11 11 0.011781082
96 281 22 28 0.011778803
567 0 300 216 0.011778447
663 215 112 159 0.01177824
354 0 16 12 0.01177801
199 54 35 46 0.011776492
21 128 11 14 0.011775304
11 438 10 13 0.011772158
535 617 21 29 0.011765445
696 375 19 26 0.01176252
377 350 11 14 0.011761917
815 279 8 10 0.011761905
939 406 17 20 0.011759824
405 382 14 15 0.011759714
303 389 14 14 0.011752576
229 0 18 13 0.01175059
133 191 8 11 0.011749338
683 232 12 18 0.011740844
554 371 15 23 0.01173625
973 585 20 29 0.011729394
369 88 7 9 0.011728503
411 297 9 10 0.01172544
155 0 17 12 0.011724987
502 12 12 12 0.011724013
91 0 302 212 0.011720704
912 367 42 50 0.011720187
844 433 20 25 0.011717852
27 457 8 10 0.011716816
503 413 10 17 0.011713931
855 0 17 12 0.011712881
705 95 58 76 0.011711227
178 464 14 17 0.0117100105
387 195 19 26 0.01170692
226 29 14 20 0.011706082
916 443 14 15 0.011693996
116 0 16 11 0.011686981
368 334 26 38 0.011683434
611 391 13 20 0.011683017
555 443 10 13 0.011682285
855 465 10 13 0.011680286
586 384 19 24 0.011672059
454 370 28 36 0.01167158
8 305 15 18 0.011671554
65 484 11 15 0.011669159
569 142 33 42 0.0116687
881 0 16 13 0.0116666015
338 433 20 26 0.011664596
934 409 10 12 0.011662495
506 375 19 25 0.011660599
63 345 9 11 0.011653273
688 0 13 9 0.011645126
729 376 30 38 0.0116445385
589 217 105 147 0.011637878
709 387 13 14 0.011637542
637 0 18 12 0.011635653
0 48 15 44 0.011632922
588 347 12 15 0.01163155
603 439 16 18 0.011627031
1019 28 5 25 0.011626476
25 294 16 21 0.011626265
0 172 122 308 0.011626151
658 0 33 24 0.0116205625
713 356 17 22 0.011618099
447 0 18 12 0.01161801
876 426 14 15 0.01161432
983 357 8 12 0.011613761
364 383 17 21 0.011611784
624 353 16 20 0.011611635
965 217 28 36 0.011604279
704 573 12 17 0.011603658
361 0 32 24 0.0116031105
1016 43 8 34 0.011600765
865 411 10 17 0.011599953
847 390 16 22 0.011598328
559 243 39 44 0.011597872
339 0 37 35 0.011596041
371 346 10 12 0.011595039
690 506 11 10 0.0115893595
138 356 11 14 0.01158602
931 408 16 19 0.011585953
288 364 20 24 0.011583414
863 418 19 20 0.011583287
866 252 8 10 0.011581106
869 402 18 24 0.011580734
214 313 22 28 0.011578623
667 222 29 35 0.011573598
893 429 22 28 0.011572819
162 417 30 39 0.011572091
64 365 9 11 0.011571937
704 354 20 25 0.011571638
407 23 18 30 0.0115715405
26 433 13 16 0.01157142
872 441 22 26 0.011570927
78 0 13 9 0.01156879
828 89 14 13 0.011568463
828 442 12 14 0.011565734
444 426 9 13 0.011565574
259 0 18 13 0.011564765
458 0 17 12 0.011563146
7 157 10 12 0.011561692
533 19 20 23 0.011555518
449 228 22 28 0.011554708
588 32 35 43 0.011553748
836 82 31 35 0.011550632
470 30 36 44 0.011550492
667 385 22 27 0.011548564
923 365 20 25 0.0115460465
197 109 19 23 0.011545293
1019 455 5 24 0.011544862
596 0 19 13 0.011542847
885 299 10 13 0.011540701
506 530 22 32 0.011539903
417 388 11 14 0.011537345
346 295 19 21 0.011535298
864 381 13 15 0.011531886
484 381 14 17 0.011531829
561 374 11 16 0.011529645
712 400 13 15 0.01152794
901 423 20 25 0.011527634
680 20 8 10 0.01152748
24 211 8 10 0.011525191
795 388 11 14 0.011524009
660 178 9 11 0.011523334
303 360 11 15 0.011522061
209 0 19 13 0.011520587
308 303 103 141 0.011520315
1016 424 8 31 0.011512476
140 325 19 25 0.011511807
1 244 16 27 0.01151043
845 217 9 10 0.011509217
0 76 26 45 0.011503185
643 327 20 27 0.01150061
344 430 12 16 0.011500532
537 385 19 25 0.011495909
1008 224 7 9 0.011494505
470 617 22 29 0.011486702
64 182 9 11 0.01148342
863 574 13 9 0.011483295
609 412 14 21 0.011479534
306 392 22 27 0.011476096
38 219 10 10 0.011473933
714 463 13 14 0.0114717875
214 18 28 33 0.011469857
907 306 28 34 0.011469429
4 327 7 9 0.01146582
895 0 17 12 0.011465272
510 0 32 27 0.011463797
10 383 19 23 0.011463254
359 404 28 35 0.011462358
943 614 21 32 0.011454056
178 101 14 17 0.01145182
2 336 10 14 0.011449545
955 578 12 17 0.011447976
195 137 24 28 0.011445408
813 383 12 14 0.011443122
178 348 12 12 0.011443071
321 239 18 22 0.011442957
1019 400 5 25 0.011442402
940 400 13 16 0.01144236
108 187 8 11 0.011441553
224 35 20 29 0.011438692
642 360 15 18 0.011437743
585 372 7 10 0.011437704
0 14 244 332 0.011436882
617 410 17 23 0.011429419
202 0 33 24 0.011426186
635 316 19 26 0.011424612
0 280 12 36 0.011424045
206 340 32 40 0.01142059
691 407 28 37 0.011415509
141 0 37 36 0.011414664
722 579 13 19 0.011414534
767 235 18 21 0.011413251
1019 381 5 24 0.011412904
453 486 7 10 0.011412612
598 414 12 12 0.011412608
496 1 22 23 0.0114116995
546 394 20 26 0.011408116
436 124 20 22 0.011403486
58 410 20 21 0.011398352
408 0 18 12 0.01139729
933 609 21 32 0.011394096
175 200 117 159 0.011393608
242 243 10 11 0.011392916
60 340 10 13 0.011392846
1019 445 5 25 0.011391574
284 403 12 17 0.011390324
953 493 9 14 0.0113892425
917 264 19 23 0.011387968
473 5 40 43 0.0113862315
221 623 38 46 0.011383801
308 103 11 15 0.0113834385
276 262 21 23 0.011382608
23 302 15 19 0.011381665
866 0 17 12 0.0113795595
880 281 16 21 0.011378262
831 266 193 287 0.011378096
370 399 12 16 0.011376347
315 377 15 17 0.011375068
685 82 21 27 0.011374819
497 395 13 19 0.011373638
245 392 14 14 0.011372475
384 201 115 154 0.011371318
208 404 20 25 0.011368569
249 382 13 15 0.011367722
417 321 21 26 0.011367625
438 416 16 21 0.011361377
255 381 11 15 0.011359703
500 211 112 145 0.01135887
447 357 7 9 0.011357976
1019 519 5 25 0.011356015
168 337 26 35 0.011355904
0 13 15 31 0.01135331
1019 465 5 24 0.01135134
483 356 15 20 0.011347906
390 380 10 12 0.0113453
2 124 20 30 0.011343018
454 103 14 17 0.01133987
824 354 19 26 0.011332232
19 339 12 11 0.011330752
415 0 14 10 0.011330471
177 376 35 42 0.011327809
924 0 18 12 0.011325194
506 0 57 60 0.011323905
821 42 32 39 0.011322383
428 119 35 40 0.011321012
1019 236 5 26 0.0113193495
39 141 19 24 0.011319288
77 321 9 9 0.011316479
1018 280 6 26 0.0113158235
1010 28 14 48 0.011315786
633 370 16 21 0.011315622
62 305 30 40 0.01131514
416 314 14 13 0.01131396
24 172 30 41 0.011312644
69 362 9 11 0.011311747
610 427 9 13 0.01131172
233 315 28 43 0.0113114705
244 368 28 37 0.011310883
525 617 22 29 0.011308994
904 333 21 26 0.011306891
556 404 11 17 0.011304683
777 397 17 22 0.011303642
72 357 10 12 0.011303343
365 0 17 12 0.011303215
427 403 19 25 0.011302975
555 392 13 15 0.011301893
345 235 13 18 0.011296309
17 167 15 17 0.011294769
852 386 18 22 0.011294568
351 385 8 10 0.011293359
359 208 233 293 0.011292879
372 386 12 15 0.011291107
857 401 18 24 0.011289579
0 228 10 15 0.0112871
9 160 8 12 0.011286637
462 12 17 19 0.011285875
823 381 14 18 0.011282236
618 28 32 39 0.01128151
315 390 24 32 0.011281086
496 7 31 35 0.011279513
767 252 17 22 0.011278773
458 1 20 21 0.0112772845
695 413 34 44 0.011274527
705 390 10 12 0.011270175
662 0 17 12 0.011269195
550 347 12 16 0.011268806
471 48 29 34 0.011268458
1004 47 9 14 0.0112683
22 149 18 23 0.011267777
905 408 20 23 0.011267459
686 183 27 36 0.011262089
616 375 20 26 0.011261969
347 410 10 15 0.011261099
422 370 27 35 0.011260176
447 404 19 25 0.01125886
275 214 229 290 0.011257968
1007 288 17 47 0.011256006
916 663 41 20 0.011254994
917 383 12 15 0.011252762
132 337 30 37 0.011250882
618 367 7 10 0.011249928
575 357 30 40 0.011248791
979 376 16 23 0.01124876
671 393 9 16 0.011246389
1008 9 16 46 0.011244763
215 85 21 24 0.0112437345
189 126 37 45 0.011243279
124 413 11 20 0.011241229
248 296 21 26 0.011239016
247 269 10 11 0.011238304
348 375 18 24 0.011235192
13 414 11 13 0.011234931
646 0 18 13 0.011233007
493 391 12 16 0.011231601
973 236 51 103 0.011229962
477 95 18 24 0.011228552
386 381 9 11 0.011224284
623 318 28 41 0.011224167
615 436 19 25 0.011224142
245 0 17 13 0.011222235
694 392 34 42 0.011218831
368 369 10 17 0.011218679
768 79 13 14 0.011218665
533 439 11 15 0.01121586
869 363 53 67 0.011215459
213 456 7 12 0.01121281
160 1 35 33 0.011212437
905 0 17 12 0.011209418
455 613 22 28 0.011208989
939 284 10 12 0.011206066
17 434 9 11 0.011202525
596 117 18 23 0.011201346
590 81 263 341 0.011200661
568 141 19 23 0.011200607
503 396 8 13 0.011198543
956 665 38 18 0.011195269
1 171 12 16 0.011192852
550 617 21 29 0.011192465
580 0 32 30 0.011190749
55 146 10 12 0.011189569
113 341 12 15 0.01118792
866 0 34 35 0.011187021
314 49 23 25 0.011185211
838 667 36 16 0.0111845
9 430 14 21 0.011183621
33 189 8 10 0.011183391
857 383 18 22 0.0111805415
139 440 13 16 0.011179869
710 409 20 24 0.0111769065
433 479 9 13 0.01117674
173 361 12 16 0.011175642
585 361 9 12 0.011174722
543 18 11 20 0.011173309
401 324 20 26 0.011171756
179 0 18 12 0.0111711
844 330 16 20 0.011169652
900 371 9 14 0.011167841
459 21 12 16 0.011166392
690 0 18 12 0.011163882
855 464 16 19 0.011162874
598 425 15 19 0.01116182
8 370 21 27 0.01116166
349 366 18 23 0.011158472
892 318 28 38 0.011157396
663 580 12 18 0.011157375
683 422 14 18 0.011155731
287 194 10 14 0.011154703
928 290 13 13 0.011153621
673 511 20 19 0.011150699
986 293 27 44 0.011150213
24 214 9 11 0.01114919
535 423 21 25 0.011147364
819 390 12 15 0.011145626
476 350 30 41 0.011144849
639 371 34 45 0.011143928
424 363 14 20 0.011141396
723 0 63 67 0.011140905
606 435 20 26 0.011138374
532 345 52 67 0.011135722
804 334 21 28 0.011134058
431 364 11 14 0.011133708
237 372 12 15 0.011133282
1010 46 14 49 0.011127568
1019 475 5 24 0.0111270845
1016 384 8 29 0.011127056
47 201 28 35 0.011126538
338 342 9 12 0.011126027
223 401 11 16 0.011124647
763 248 14 19 0.011123948
389 416 15 22 0.011123876
767 0 16 12 0.01112319
131 282 32 44 0.011120344
678 329 12 16 0.011120042
441 290 19 19 0.011118928
614 404 10 14 0.0111156255
297 26 11 14 0.011114981
494 455 7 11 0.011114766
696 365 19 24 0.011113719
677 289 10 13 0.011112935
354 402 13 17 0.011112598
230 279 21 20 0.011104755
104 212 243 284 0.011103762
219 0 18 13 0.0110989185
1019 365 5 25 0.011098653
333 316 30 44 0.011097128
338 295 17 20 0.011089627
493 455 10 18 0.011089057
195 627 74 56 0.011085712
1022 56 2 18 0.011084504
288 0 14 11 0.011083491
214 454 15 24 0.011082357
849 71 11 12 0.011077078
428 401 10 12 0.011076745
925 289 9 9 0.011075567
339 0 17 12 0.011074635
468 65 22 24 0.011074164
422 21 25 31 0.011071985
718 8 33 41 0.011071519
968 195 56 95 0.011070814
393 430 12 15 0.011070456
186 0 15 10 0.011070096
392 316 29 38 0.01106987
844 384 6 10 0.011067104
624 371 15 20 0.011066354
43 150 16 18 0.011065193
116 369 25 32 0.011062781
10 421 8 12 0.011059891
85 189 8 9 0.011056417
0 263 10 29 0.011055122
566 333 18 25 0.011054312
923 604 21 31 0.011051467
477 123 16 13 0.011051102
1018 578 6 27 0.011049765
693 327 53 68 0.01104577
1020 258 4 22 0.011045263
1021 397 3 21 0.0110430345
947 607 22 28 0.011042814
7 314 43 59 0.011041578
798 391 35 44 0.011041416
704 228 13 11 0.011041226
246 247 9 11 0.01104044
111 671 28 12 0.011039251
676 349 11 12 0.011038906
687 185 14 13 0.011038807
575 392 21 26 0.011038513
1019 495 5 25 0.011038296
191 268 33 44 0.011036969
125 0 17 11 0.0110365525
777 393 34 43 0.011035174
701 358 29 38 0.011035091
609 443 11 13 0.0110333795
726 444 21 23 0.011032668
391 383 12 13 0.011032516
184 358 29 41 0.0110306535
873 434 12 14 0.011030363
607 126 18 23 0.0110302875
578 187 31 39 0.01102981
69 376 20 25 0.011029703
608 137 19 23 0.011029611
618 424 10 13 0.011026564
955 402 10 13 0.01102237
557 444 14 19 0.01102081
948 431 15 17 0.011019686
366 427 10 12 0.011019546
1013 274 11 30 0.011018975
818 397 11 14 0.0110145835
325 381 17 20 0.01101219
915 301 21 20 0.011011569
67 84 72 99 0.011008102
909 270 8 10 0.011007265
9 183 9 10 0.011005346
1016 63 8 33 0.011001561
639 362 12 15 0.010998901
551 31 27 31 0.010998798
975 160 15 18 0.010998488
390 405 16 22 0.010996039
394 0 17 12 0.010994136
191 641 8 10 0.010992845
811 0 17 13 0.010990926
121 440 9 12 0.010985888
897 448 12 14 0.010985151
785 0 17 12 0.010984707
649 612 22 28 0.010983542
300 0 15 11 0.010983272
884 407 13 16 0.010983242
429 0 18 13 0.010982967
782 235 14 16 0.0109822275
560 390 7 10 0.01098172
966 0 14 10 0.010981442
940 0 17 12 0.010978889
117 365 17 21 0.010978599
697 405 9 12 0.01097636
1015 443 9 31 0.010975889
687 17 20 25 0.01097204
703 417 16 21 0.010970193
397 393 18 22 0.010969161
499 663 39 20 0.010965831
1018 356 6 25 0.01096438
632 368 11 15 0.010961679
82 0 33 33 0.010960836
13 0 12 9 0.010959532
446 613 21 29 0.010956233
1019 505 5 25 0.010956069
36 166 8 10 0.010951014
693 39 9 11 0.010949568
802 386 7 10 0.01094875
24 300 12 14 0.010948285
1019 262 5 25 0.010943309
1021 387 3 21 0.01093987
1014 582 10 32 0.01093875
994 0 18 14 0.010937874
627 0 17 12 0.010937517
925 292 18 19 0.010935266
350 359 7 9 0.010933556
123 369 17 21 0.010931006
1021 452 3 20 0.010929397
850 413 12 15 0.010928683
316 0 23 15 0.010928489
1019 420 5 26 0.010928216
141 354 7 9 0.010924471
196 162 124 162 0.010922963
195 327 52 69 0.010920562
460 622 22 30 0.010920322
477 29 16 19 0.010920204
1019 529 5 25 0.01091951
348 278 31 40 0.010919149
0 28 25 47 0.010916734
301 0 33 22 0.010916216
480 617 22 29 0.010915175
447 220 11 14 0.010914948
536 443 10 14 0.010914691
861 433 14 17 0.010914275
488 0 18 13 0.010912967
191 283 18 24 0.0109126745
612 462 12 15 0.010912264
517 657 41 26 0.01091155
306 376 11 13 0.010911532
514 16 28 31 0.010911259
254 365 8 12 0.010908336
1019 485 5 24 0.010905991
250 291 29 37 0.010904994
825 310 103 138 0.010904932
81 206 8 11 0.010904535
1 225 16 25 0.010901036
438 105 16 18 0.010900116
828 0 13 9 0.010896471
199 0 18 12 0.010896103
528 211 230 287 0.010895948
37 10 15 17 0.010893627
795 381 11 15 0.010892601
1020 248 4 22 0.010891414
372 107 7 11 0.010891329
732 0 15 10 0.010889244
381 475 12 16 0.010888495
870 323 125 159 0.01088846
465 607 22 29 0.010885207
14 599 35 48 0.010884206
695 434 20 25 0.010883933
421 54 269 357 0.010882775
490 58 12 17 0.010882638
1021 462 3 20 0.0108815655
42 160 7 9 0.010878698
0 217 7 13 0.010877327
904 292 19 22 0.010875665
339 383 8 11 0.010874196
12 353 13 15 0.010874067
117 403 14 18 0.010873654
490 361 11 16 0.010872641
6 355 10 14 0.010871927
479 663 39 20 0.010871127
326 363 8 10 0.0108701615
998 332 26 44 0.010869228
501 408 10 16 0.010869189
53 30 35 52 0.010869119
288 355 19 24 0.010866659
497 365 18 25 0.010864129
669 621 22 31 0.010863569
303 153 112 156 0.010862645
0 411 17 31 0.010860105
3 194 9 12 0.010859657
69 399 21 22 0.0108567355
53 209 35 44 0.010856359
837 0 33 26 0.0108543
952 590 12 16 0.010852625
717 663 40 20 0.010850911
1020 441 4 22 0.010850861
9 317 7 11 0.010850455
990 671 29 12 0.010838337
725 0 38 40 0.010837668
841 47 11 17 0.010836671
966 451 11 14 0.010835566
704 434 20 24 0.010835536
220 51 36 49 0.01083404
131 52 8 10 0.010833819
725 162 22 28 0.010833648
883 282 10 13 0.010833393
109 311 7 10 0.010833393
337 336 9 13 0.010832707
723 431 13 14 0.010832114
369 286 57 76 0.010831108
505 420 11 14 0.010829004
800 245 12 16 0.010828689
7 671 25 12 0.0108284345
304 427 13 15 0.010828227
842 88 21 21 0.010827709
14 0 32 23 0.010827101
1019 410 5 26 0.010825975
817 666 37 17 0.010824674
0 293 9 18 0.010824494
327 353 9 12 0.010822035
442 369 28 37 0.010817466
339 665 38 18 0.010816953
433 361 7 11 0.010813297
538 663 39 20 0.010809605
617 403 10 13 0.010808603
121 191 10 13 0.010808181
693 352 24 31 0.01080551
51 8 10 12 0.010804382
73 159 12 15 0.010800316
99 276 9 11 0.010796346
189 318 10 13 0.01079206
943 377 9 11 0.010792011
115 301 28 39 0.010791941
0 180 9 16 0.010791111
47 202 9 11 0.010787889
617 0 17 12 0.010787618
582 553 19 17 0.0107863685
704 427 12 15 0.010785371
659 617 22 29 0.010783608
816 107 18 23 0.010783425
65 0 69 53 0.01078181
692 15 18 19 0.010781332
489 391 11 15 0.010780111
134 361 12 13 0.010780086
121 0 36 37 0.010779403
581 248 10 14 0.01077615
387 430 13 16 0.010773547
460 382 12 15 0.0107725365
841 0 16 10 0.010772346
0 158 9 14 0.010772135
629 0 32 24 0.010770917
160 344 20 26 0.010770737
842 390 14 20 0.0107687125
348 0 16 12 0.010767195
10 239 10 12 0.010766114
1007 282 11 17 0.010765751
604 118 18 24 0.010765746
813 387 14 16 0.010763907
854 324 19 25 0.01076236
268 306 55 74 0.010759962
896 663 40 20 0.0107599525
687 74 22 25 0.010755408
459 664 39 19 0.010754281
1005 317 19 48 0.010754256
407 333 21 28 0.010754072
211 117 20 22 0.010752111
359 400 13 18 0.01074485
562 0 18 13 0.010743831
53 403 11 14 0.010742498
1014 106 10 32 0.010741713
20 72 39 51 0.010741535
513 387 33 44 0.010739441
60 306 21 29 0.010738537
45 182 8 10 0.01073784
109 0 14 12 0.010735623
809 41 137 142 0.010733067
350 281 17 22 0.010731956
827 74 32 36 0.010731742
500 591 12 18 0.010727488
805 325 20 26 0.010727422
260 199 15 21 0.010726457
515 617 22 29 0.010725389
897 0 38 36 0.010723903
841 52 22 25 0.010723821
21 134 15 20 0.010721599
1019 226 5 25 0.01072124
897 372 8 11 0.010718732
843 277 12 19 0.010718061
966 215 13 16 0.0107162595
737 663 40 20 0.010715915
858 419 12 15 0.010715275
541 0 187 131 0.010714944
174 92 9 10 0.010714484
929 400 12 14 0.010713953
851 372 28 38 0.010713816
164 254 8 9 0.010710061
337 423 13 17 0.010708987
824 103 36 41 0.010707296
463 233 23 24 0.010705325
641 353 11 14 0.010703993
138 350 11 14 0.0107021965
626 461 10 12 0.010698305
20 353 16 22 0.010697473
1022 260 2 18 0.010697238
7 194 7 9 0.010696836
220 658 36 25 0.010696327
894 501 12 16 0.010694866
1018 564 6 26 0.010693085
179 438 21 25 0.010692594
900 340 18 25 0.010690769
1022 46 2 18 0.01069033
603 0 64 66 0.010689817
43 0 32 22 0.010687345
917 365 12 17 0.010686762
689 0 32 25 0.010686754
421 294 7 9 0.01068674
382 410 11 15 0.010685705
409 320 22 28 0.010685656
478 50 12 13 0.010684239
21 221 9 11 0.0106829945
809 386 31 40 0.01068011
856 581 31 39 0.010679992
385 343 14 17 0.010679799
178 413 20 24 0.010678205
77 673 27 10 0.010675874
686 306 18 27 0.010673405
943 415 10 10 0.0106732035
562 356 32 43 0.010671
111 348 19 22 0.010670819
366 409 10 15 0.010669398
306 356 9 14 0.0106677525
559 407 12 16 0.010666726
1022 404 2 17 0.010666329
630 360 11 13 0.010664232
702 0 16 12 0.010662025
806 10 34 40 0.010656075
17 160 12 16 0.010655286
550 438 14 20 0.010652309
561 368 15 19 0.010650004
1021 407 3 21 0.010647133
697 663 40 20 0.01064706
20 179 18 23 0.010644321
918 287 20 19 0.010643169
63 198 37 48 0.010642406
917 293 19 20 0.010641867
625 255 60 84 0.010641683
913 332 19 25 0.01064085
1021 283 3 19 0.010639621
1022 453 2 18 0.010639615
336 267 20 18 0.010639417
726 16 20 26 0.010634765
859 328 19 27 0.010634174
432 75 29 37 0.010633032
320 664 40 19 0.010632786
29 453 8 10 0.010632134
919 272 10 14 0.010632081
516 390 11 15 0.010631448
13 319 29 38 0.01062724
443 218 39 50 0.01062627
482 390 35 44 0.010626124
911 0 15 10 0.010625975
212 131 13 12 0.010623866
1022 433 2 18 0.010621344
569 145 9 11 0.010619967
269 627 18 28 0.010619308
616 391 10 16 0.010618214
503 352 29 38 0.010615257
570 0 32 23 0.0106127765
767 664 39 19 0.010610625
169 351 20 26 0.010610525
246 370 10 11 0.010607732
619 362 7 10 0.010606872
867 438 13 15 0.010606748
1015 483 9 31 0.010605725
124 443 10 13 0.010605173
881 321 28 36 0.0106043555
0 383 6 17 0.01060266
78 440 23 33 0.010601793
877 0 14 10 0.010601115
395 30 33 47 0.010601
440 664 38 19 0.01060091
369 345 15 20 0.010600452
953 614 21 32 0.010600435
223 360 11 15 0.010600168
358 200 16 22 0.010598952
84 337 30 39 0.010598741
630 309 29 41 0.010598575
1018 593 6 27 0.010598069
869 276 19 25 0.010597512
11 350 9 10 0.010596113
1022 394 2 17 0.010594584
268 304 103 140 0.010593792
874 286 17 22 0.010592617
503 424 15 19 0.010592155
389 471 9 14 0.010591941
840 520 26 34 0.010591921
304 382 15 18 0.010590463
60 37 38 57 0.010589112
713 496 11 13 0.0105888
1020 233 4 21 0.010587025
450 622 23 30 0.010585623
135 0 17 12 0.010585376
701 424 11 16 0.010582079
125 670 28 13 0.010581039
328 379 10 13 0.0105809765
696 234 12 17 0.010580528
434 416 10 14 0.01058044
855 577 11 9 0.010579473
365 362 11 18 0.010577464
741 368 28 37 0.010571055
931 571 21 28 0.010569039
834 204 11 12 0.010568265
497 462 7 10 0.010567932
1022 464 2 16 0.010567799
775 414 10 12 0.010566163
877 442 13 15 0.010565344
27 671 25 12 0.010564111
577 359 12 11 0.010563323
941 381 7 10 0.010562181
472 368 10 15 0.010560457
394 347 46 63 0.010559498
1006 218 18 47 0.010554669
33 0 13 11 0.010554044
677 397 6 10 0.010553995
13 504 8 11 0.0105527155
437 394 18 25 0.010550222
0 51 5 17 0.010547629
678 664 39 19 0.010546305
841 377 9 11 0.010546279
797 665 38 18 0.010545921
299 364 8 10 0.010544403
0 265 87 146 0.010544233
341 384 10 12 0.010543958
486 445 14 18 0.01054293
969 0 18 12 0.010541525
221 105 34 38 0.010541399
822 372 14 19 0.010540759
472 326 30 43 0.010540049
834 259 10 10 0.010535346
250 453 309 230 0.010533133
405 254 12 11 0.010532724
936 593 13 15 0.010529392
390 360 12 15 0.010526516
725 275 63 83 0.0105263535
53 0 131 86 0.010524989
1022 36 2 18 0.010523726
272 0 33 24 0.010522531
1021 472 3 20 0.010521834
210 279 56 78 0.01052141
328 350 13 18 0.010519684
660 389 13 15 0.010519319
300 659 39 24 0.010518184
555 403 20 26 0.010516942
199 439 13 17 0.010515042
72 308 16 19 0.010514935
1020 277 4 22 0.010514578
315 368 13 13 0.010513659
1001 0 23 19 0.010512534
1021 526 3 21 0.010511835
591 17 60 68 0.010509706
139 383 7 10 0.010509533
625 360 12 16 0.01050808
724 199 23 28 0.010507179
132 158 131 168 0.010506113
958 351 9 11 0.010505509
838 247 29 37 0.010502739
114 413 14 17 0.01050255
4 191 13 15 0.010502477
313 218 12 15 0.010502457
153 377 12 12 0.010501246
1018 341 6 24 0.010500081
550 55 29 39 0.010498846
779 227 9 10 0.0104982415
27 451 13 16 0.010493313
0 174 94 160 0.0104925055
19 325 19 23 0.010491578
501 37 7 10 0.010491375
425 311 110 136 0.010489466
864 369 18 22 0.0104864435
179 328 8 11 0.01048557
301 475 12 17 0.010485018
820 59 60 80 0.010480122
534 44 65 81 0.010479602
373 250 30 36 0.010479115
843 64 12 14 0.0104789175
325 0 68 51 0.010477951
1022 364 2 18 0.010476981
370 49 30 39 0.010476787
17 307 11 14 0.010475002
1015 522 9 31 0.010474339
56 161 28 37 0.010473951
133 289 9 11 0.010471025
557 400 11 15 0.010471013
912 604 22 31 0.010470234
0 26 9 19 0.010470059
1014 23 10 36 0.010469013
704 273 59 85 0.010468741
583 33 25 33 0.010468287
729 374 12 14 0.01046756
844 383 11 18 0.01046563
375 429 8 11 0.010464912
475 607 22 29 0.010463016
578 665 37 18 0.010462894
374 416 12 17 0.01046289
639 609 85 74 0.010462214
589 126 12 16 0.010461476
338 419 11 14 0.0104613155
82 666 36 17 0.010459383
341 328 30 42 0.010458288
655 183 32 38 0.010458226
653 355 9 13 0.01045768
307 46 35 44 0.010456498
103 342 15 20 0.0104542645
788 412 11 16 0.010453956
271 551 14 12 0.010451703
613 416 17 23 0.0104512125
246 374 10 13 0.010450601
722 230 14 10 0.010449425
620 438 11 16 0.01044874
1015 403 9 30 0.01044791
223 373 32 43 0.010445487
15 205 19 24 0.010445214
779 224 16 17 0.01044479
779 409 13 16 0.010441848
173 406 30 38 0.010440269
638 664 38 19 0.010439423
371 426 9 11 0.010439359
42 512 70 108 0.010436535
33 286 14 19 0.010435929
1022 443 2 18 0.010435849
1011 588 13 39 0.010433723
334 361 7 10 0.010431804
294 0 14 11 0.010430946
897 426 9 13 0.010430674
0 378 9 17 0.010430135
486 611 21 30 0.010429588
573 11 23 26 0.010428525
829 235 12 11 0.010426064
260 383 11 15 0.010425915
227 323 21 27 0.01042509
200 468 12 13 0.010424362
489 358 11 12 0.010424086
473 236 33 37 0.010423275
635 12 22 26 0.0104226405
144 405 7 9 0.0104222465
445 412 11 12 0.010421101
384 0 17 12 0.010419775
284 358 29 38 0.010419534
661 462 21 27 0.010418829
871 291 24 25 0.010418761
0 472 11 14 0.010418689
585 374 10 15 0.010417579
648 241 32 41 0.010417289
237 107 20 24 0.010415896
327 216 11 15 0.0104151815
1022 250 2 18 0.0104149375
37 671 26 12 0.010413654
607 425 17 22 0.0104132155
17 334 20 26 0.010410018
498 450 11 14 0.010408431
5 143 27 36 0.010408168
876 664 39 19 0.01040058
142 273 36 47 0.01039987
693 83 21 24 0.010399684
177 357 12 17 0.010399679
341 305 32 47 0.010397427
15 434 25 38 0.010394823
138 353 20 25 0.010394073
237 548 11 12 0.010393733
655 197 32 39 0.0103923455
605 408 14 20 0.010391214
419 394 32 40 0.010390689
505 405 16 21 0.010389815
541 11 15 18 0.010389685
218 113 8 9 0.010389099
1020 585 4 22 0.010388966
369 391 13 14 0.01038775
925 448 14 16 0.010387328
287 376 14 18 0.010386224
565 280 55 81 0.010385841
223 306 29 42 0.010384726
454 350 29 37 0.010384101
591 353 8 9 0.010384038
351 411 19 22 0.010381734
3 47 36 53 0.010379832
196 456 10 17 0.010378677
379 368 8 10 0.010378318
850 36 29 35 0.010377833
621 443 17 23 0.010375904
74 501 57 89 0.0103735775
941 391 8 9 0.010368363
531 607 20 29 0.010367111
597 180 23 28 0.01036686
46 0 232 161 0.010366504
999 332 10 13 0.010365008
239 346 15 20 0.010359717
341 346 9 11 0.010358212
833 190 16 16 0.010358123
880 300 13 15 0.010358002
134 345 17 22 0.010357662
711 391 14 14 0.010357596
856 660 39 23 0.010357393
375 0 13 9 0.010357099
436 617 21 29 0.010356795
437 404 19 25 0.010354775
999 54 10 12 0.010354693
643 581 23 31 0.01035453
838 462 12 13 0.010354396
1013 391 11 35 0.010354279
1021 378 3 21 0.010354127
855 314 19 26 0.010353641
558 664 39 19 0.010353258
841 46 65 82 0.010351797
1018 18 6 26 0.010351435
197 364 21 28 0.010351327
700 240 21 25 0.010349818
201 664 36 19 0.010349502
647 231 13 17 0.010349418
585 109 23 29 0.010348875
1013 214 11 32 0.010348239
1014 301 10 35 0.010348219
17 412 8 9 0.010346365
845 0 36 35 0.010345691
685 295 19 26 0.010345113
343 0 28 19 0.010345103
2 234 16 27 0.010344814
895 333 18 26 0.010344585
689 615 22 30 0.0103437025
505 617 22 29 0.010343506
666 428 12 18 0.010342391
908 0 34 24 0.010341424
721 121 40 51 0.010340569
862 0 14 10 0.010339214
685 434 22 25 0.010339212
1022 384 2 17 0.010337514
316 69 21 26 0.010337479
314 415 13 15 0.010337077
441 430 10 12 0.010336746
659 664 37 19 0.010336578
818 378 12 14 0.010335931
649 19 18 25 0.010334749
458 356 19 24 0.010334575
57 5 32 38 0.010332816
350 391 10 11 0.010331654
291 665 37 18 0.010329104
730 318 28 42 0.010327626
687 34 16 17 0.010325811
727 356 13 17 0.010323601
367 17 24 31 0.010323188
865 354 19 25 0.010322983
588 46 37 48 0.010322835
169 313 9 10 0.010320812
679 616 22 29 0.010319368
422 391 13 16 0.010319111
12 327 8 10 0.010318666
953 438 13 13 0.010316403
788 407 10 14 0.010315423
114 420 14 18 0.010314981
399 375 17 20 0.010313852
530 0 32 23 0.010312226
503 370 28 39 0.010311057
554 256 20 25 0.010310738
929 343 29 39 0.010308489
943 443 16 19 0.010306334
998 59 9 11 0.0103063295
720 449 22 23 0.010305524
436 374 20 24 0.010304653
879 339 34 46 0.010301652
619 360 12 15 0.010301109
81 245 34 49 0.010300325
1022 528 2 17 0.010300163
122 0 14 9 0.010297288
688 16 31 39 0.010296759
206 672 27 11 0.010296038
600 32 11 14 0.010294629
338 374 13 17 0.010294608
899 298 57 79 0.010294448
884 333 19 27 0.010294287
308 325 19 27 0.010293537
0 352 6 10 0.01029187
859 66 32 41 0.010287416
831 261 27 37 0.010283698
829 382 8 10 0.010283658
1020 575 4 23 0.010282991
654 381 23 29 0.010282984
120 424 18 25 0.010282844
222 0 33 23 0.010282134
877 240 140 181 0.010281711
86 105 69 95 0.010279502
439 283 29 39 0.010278131
290 282 54 81 0.010277756
602 418 12 12 0.010277374
178 349 20 26 0.010276186
24 31 22 29 0.010275163
456 271 11 14 0.010273791
708 53 14 16 0.010272489
347 443 21 27 0.010268728
500 438 11 17 0.010266043
616 465 17 29 0.010265864
451 602 21 30 0.010265853
717 0 17 12 0.010262833
461 42 13 17 0.010261519
286 0 24 16 0.010261017
129 158 61 82 0.010259509
1022 235 2 17 0.010257676
767 256 11 13 0.010257274
52 191 31 39 0.010257118
1015 542 9 31 0.010256664
1019 68 5 24 0.0102557065
530 396 17 22 0.010253306
902 433 20 25 0.01025227
795 365 10 15 0.010252262
546 56 19 26 0.010252143
351 394 12 15 0.010251664
66 298 11 15 0.0102515975
766 569 13 18 0.010250962
515 433 22 26 0.010250105
912 361 12 17 0.010248864
727 379 11 14 0.010248807
814 325 19 26 0.010248628
540 602 21 30 0.010248128
62 169 18 24 0.010247546
230 553 14 17 0.010246767
524 412 13 15 0.010243505
798 408 11 15 0.010243392
152 0 34 24 0.010241417
56 411 10 14 0.010241147
652 286 30 40 0.010240873
58 0 25 18 0.0102408705
937 345 11 13 0.010240411
928 404 15 18 0.010239298
338 356 18 25 0.01023803
519 422 10 12 0.010237663
0 455 8 13 0.010236729
615 414 11 14 0.010235905
649 588 22 33 0.010234156
364 372 12 17 0.010232764
367 385 11 14 0.010231967
237 297 29 40 0.010231865
609 0 32 23 0.010231612
1021 482 3 20 0.010231011
887 0 34 23 0.010230834
697 236 18 23 0.010230297
489 330 57 69 0.010230048
895 414 34 44 0.010228901
56 483 7 9 0.010228797
863 389 52 65 0.010228292
1022 587 2 18 0.010228047
825 388 10 14 0.010227687
649 357 11 13 0.010225074
22 294 34 42 0.010224983
1014 601 10 32 0.010224901
724 392 21 27 0.010224805
144 376 10 12 0.010224644
186 445 12 17 0.010224396
772 477 9 13 0.01022411
17 355 13 16 0.010222446
1022 414 2 17 0.010221054
43 31 20 32 0.010219177
520 74 25 32 0.010218151
496 413 12 15 0.010215963
798 0 32 25 0.010214638
867 426 15 16 0.010214222
97 0 14 9 0.010214007
66 29 76 104 0.010210018
599 37 39 48 0.010208742
494 387 11 13 0.010207101
560 382 8 10 0.01020657
415 477 294 206 0.010204257
37 305 19 25 0.010203243
362 391 11 15 0.010202281
1019 539 5 25 0.010202035
177 386 11 16 0.010201946
1022 473 2 17 0.010200118
299 335 19 26 0.01019967
410 387 14 16 0.010199548
0 74 35 91 0.010199406
1021 64 3 21 0.010198664
1021 492 3 20 0.010198164
76 133 34 47 0.01019745
1018 554 6 26 0.010197316
158 393 11 16 0.010195019
957 534 21 28 0.010191746
782 452 16 21 0.01019124
269 0 14 12 0.010191034
963 586 20 27 0.010190368
761 113 23 25 0.010190239
207 75 23 29 0.010189925
859 409 11 16 0.010189537
860 570 25 18 0.01018856
964 523 21 26 0.010188118
684 65 17 22 0.010186957
336 616 22 30 0.010186199
757 574 13 18 0.010186088
539 440 11 15 0.010185203
160 359 18 21 0.01018359
352 381 12 14 0.010183459
877 247 16 17 0.01018336
219 259 109 148 0.010183056
888 424 13 16 0.01018278
802 391 14 18 0.010180293
715 415 20 24 0.010178502
903 415 19 23 0.010178425
593 408 14 20 0.010176595
0 352 67 137 0.010174408
474 622 15 19 0.010173461
466 379 13 16 0.010172987
145 361 33 45 0.0101713855
957 592 12 16 0.010171218
1015 13 9 28 0.010170491
133 402 13 20 0.010169451
918 352 10 14 0.010169401
829 605 21 31 0.010168928
493 442 11 19 0.0101685105
530 445 12 15 0.010168224
420 665 37 18 0.010167822
612 328 29 39 0.010166997
536 448 11 14 0.010166374
499 470 21 26 0.010166112
833 200 16 20 0.010165553
419 112 34 37 0.0101654725
1020 417 4 22 0.010165063
1022 274 2 19 0.01016458
928 396 26 32 0.010164141
650 347 16 22 0.010163199
277 162 9 12 0.010163197
71 358 14 19 0.010162625
495 611 22 30 0.01016244
940 394 8 10 0.010162082
249 362 8 11 0.010159123
977 257 11 14 0.010158606
36 0 26 19 0.0101574445
74 191 9 11 0.010156769
335 373 21 29 0.010156309
1015 500 9 26 0.010153716
793 357 17 23 0.010152873
985 306 20 28 0.010151416
10 121 7 10 0.010151051
1013 233 11 34 0.010150967
680 388 13 16 0.010150599
619 32 16 20 0.010149085
818 18 21 27 0.010147889
912 388 13 14 0.010147308
963 349 18 24 0.010146805
689 274 21 28 0.010145572
44 155 60 78 0.010145286
18 389 13 15 0.010145142
17 186 19 21 0.010145126
0 414 9 17 0.010143476
699 615 21 30 0.010143363
458 110 35 44 0.01014211
756 274 20 27 0.010142014
413 168 119 153 0.0101419
613 448 24 28 0.010141504
833 196 11 12 0.0101406975
307 368 14 15 0.010140414
216 357 16 21 0.010140303
434 4 20 17 0.010139831
137 409 10 12 0.010139323
127 352 13 16 0.010138229
833 614 22 31 0.0101375375
773 0 14 10 0.010136154
340 216 12 16 0.010135443
212 639 34 44 0.010131865
15 26 37 53 0.010130968
774 473 10 16 0.010130625
441 607 21 30 0.010129884
1006 110 18 45 0.010127588
199 351 12 15 0.010126301
865 334 18 26 0.010124915
283 0 14 12 0.0101245865
937 576 22 27 0.010123848
497 477 17 22 0.010123127
858 58 72 93 0.01012215
845 404 19 25 0.010121676
601 20 17 26 0.010120497
142 0 14 10 0.010119946
300 392 35 46 0.010119899
779 259 20 28 0.0101180645
496 448 18 28 0.010117054
845 512 28 35 0.010115537
121 16 22 29 0.01011551
0 369 7 15 0.010114659
5 445 8 9 0.010112933
739 276 19 26 0.010112697
762 0 14 10 0.010112576
687 424 17 21 0.01011188
171 411 14 17 0.010110946
181 0 34 32 0.010110909
126 369 25 32 0.010110881
395 410 16 21 0.010110604
944 421 17 22 0.010108576
47 390 13 14 0.010106662
530 10 21 22 0.010106152
492 366 11 14 0.010105818
10 76 9 10 0.010104965
297 616 21 30 0.010104615
569 0 13 9 0.0101044765
482 389 19 21 0.010103881
941 435 12 12 0.01010347
389 245 36 44 0.01010287
132 0 34 24 0.010101875
321 615 22 31 0.010101268
161 368 18 20 0.010101016
35 452 9 12 0.010100842
221 578 13 17 0.010099316
1019 206 5 25 0.010099109
848 476 11 13 0.010097925
330 370 8 12 0.010097284
618 452 7 11 0.010095274
858 575 14 10 0.010094155
929 559 95 124 0.010093489
544 441 16 22 0.010093407
23 411 10 9 0.010093195
533 0 17 13 0.010092857
354 0 28 19 0.01009206
875 334 18 26 0.010088953
10 302 10 13 0.010086293
737 378 11 13 0.010084663
821 0 17 12 0.010083925
8 238 28 37 0.01008302
441 622 21 30 0.010081403
142 386 9 10 0.010080443
1022 577 2 18 0.010078597
122 392 37 44 0.010078493
45 177 28 35 0.010078299
26 318 16 19 0.0100782
865 267 35 42 0.010078168
900 298 12 17 0.010076253
970 425 9 12 0.010074521
675 427 12 17 0.010074159
343 427 11 15 0.010073834
822 330 28 39 0.01007356
929 422 10 12 0.01007331
860 0 111 72 0.010072555
102 662 35 21 0.010072354
789 258 20 29 0.010070747
774 344 52 67 0.010069542
1019 192 5 25 0.010069302
666 584 13 17 0.01006687
639 612 22 29 0.010065712
876 430 35 44 0.010062325
922 567 37 51 0.010061784
142 398 10 13 0.010061437
360 0 14 10 0.010061171
348 393 8 9 0.01005989
28 413 11 12 0.010058149
640 563 78 97 0.010056729
133 365 14 17 0.01005563
469 383 14 17 0.010054815
225 427 16 14 0.010054799
849 321 19 23 0.010054052
402 0 14 12 0.010053322
230 311 56 71 0.010051092
964 358 13 20 0.010049504
530 627 22 30 0.010048073
199 314 22 26 0.010046887
301 381 8 9 0.010046326
445 128 13 12 0.010045654
342 435 11 15 0.010044698
296 360 15 21 0.010044672
141 368 9 11 0.0100430725
339 360 7 9 0.0100415815
284 341 32 40 0.010041111
394 380 10 13 0.0100407945
187 673 26 10 0.010039847
176 345 8 12 0.010037826
475 627 22 30 0.0100375
937 389 13 18 0.010036353
459 396 16 21 0.01003622
525 26 48 49 0.010032206
443 141 8 10 0.010030974
12 444 7 9 0.0100302985
80 432 12 16 0.010029684
942 451 12 12 0.010029062
670 399 11 15 0.010028569
1022 518 2 18 0.010028477
0 460 9 14 0.010027918
401 0 32 22 0.010027904
555 623 21 29 0.010027765
931 0 15 10 0.010027054
708 239 32 39 0.010027026
552 616 79 67 0.010026569
1020 502 4 21 0.010026298
437 384 19 25 0.010025437
493 377 15 19 0.010025417
62 174 33 44 0.010025124
656 365 19 25 0.010024489
279 398 13 16 0.01002296
1015 85 9 32 0.010021744
456 211 21 25 0.010021684
712 477 12 14 0.010020995
1008 67 16 48 0.010018872
210 6 30 35 0.010016586
588 352 8 10 0.010016302
532 378 29 39 0.010014861
950 261 7 9 0.010011801
26 460 9 13 0.010010855
495 591 13 18 0.010010764
52 368 14 20 0.010009838
128 363 14 16 0.010008967
989 59 15 16 0.010008119
134 231 18 21 0.010006597
4 86 33 46 0.010004753
873 325 21 25 0.010004227
46 643 29 38 0.010002898
505 390 10 15 0.010002247
466 332 12 13 0.01000158
721 130 24 28 0.010001535
378 256 115 150 0.0100001