5_Car_Accident_Accident_5_642
3009
58 670 15 19 0.738278
492 620 14 19 0.6229601
582 745 15 16 0.60157037
539 744 12 15 0.5582019
476 718 13 17 0.5108024
699 742 17 16 0.4522235
710 764 14 19 0.4517316
439 520 22 28 0.37851822
640 752 13 13 0.36383128
809 715 16 22 0.28557372
756 642 8 10 0.24949391
802 733 15 19 0.23755172
732 783 44 35 0.22653665
341 906 16 19 0.22597876
824 712 25 31 0.21434073
236 639 7 9 0.20513712
706 743 17 17 0.20250796
638 755 15 16 0.19659796
753 636 12 15 0.17240752
751 635 7 9 0.16406032
727 795 35 31 0.16213939
488 284 16 22 0.15876143
451 764 11 15 0.15612055
643 748 11 13 0.15482318
635 749 15 14 0.14819416
804 724 17 24 0.14494634
341 902 8 10 0.1350813
617 665 6 10 0.13402349
446 525 22 25 0.12700377
566 818 15 21 0.12433832
815 709 16 21 0.12376231
713 744 13 16 0.121850744
814 715 22 28 0.1167017
493 613 17 21 0.11566798
339 902 13 19 0.113240555
573 668 7 9 0.10710625
702 747 15 15 0.10411748
278 635 6 9 0.100324705
715 750 14 18 0.09701587
634 759 15 18 0.096726365
347 729 16 17 0.09664093
821 710 19 24 0.09642968
732 753 14 18 0.09591292
758 638 9 12 0.09502614
753 634 9 12 0.09494695
480 723 12 15 0.09461075
742 797 24 18 0.094134
714 759 18 23 0.09372694
479 716 16 18 0.093725
340 902 26 26 0.089528106
448 766 10 12 0.088019855
833 698 13 15 0.08685472
810 709 12 16 0.086222745
695 746 16 14 0.08286236
439 526 25 38 0.081234775
573 673 7 10 0.08084754
469 694 12 16 0.08007537
612 755 12 14 0.07872139
349 734 17 19 0.07699261
614 752 7 9 0.07676913
536 746 12 17 0.07612468
617 669 8 11 0.07497475
437 515 36 39 0.0747744
704 767 16 22 0.07248433
620 665 7 10 0.072452225
830 717 26 34 0.07147524
61 677 11 15 0.071148545
354 740 14 20 0.07092424
575 670 7 11 0.07015306
703 754 23 25 0.07005355
697 734 23 27 0.0688991
624 650 8 10 0.06822843
472 712 14 20 0.0671806
825 707 16 20 0.06675033
495 624 16 21 0.066687964
341 897 16 21 0.066682585
490 625 13 17 0.06637225
232 638 9 11 0.06550681
543 741 12 15 0.06456182
811 723 13 18 0.06269186
737 791 20 22 0.062475517
695 738 15 17 0.062239777
759 634 10 12 0.061764203
829 709 17 23 0.06102286
647 752 11 12 0.060844183
543 747 12 16 0.059523843
105 93 139 163 0.059294075
491 616 12 15 0.058627654
809 729 10 15 0.058567837
476 740 14 15 0.058363024
572 821 12 20 0.05792089
581 750 15 19 0.057150923
631 748 12 13 0.0565028
743 798 14 12 0.05630478
587 749 12 14 0.055727147
559 815 18 21 0.055712864
717 765 13 15 0.054748565
338 915 16 15 0.054452084
616 753 13 15 0.054361146
758 645 8 11 0.05432824
568 778 13 14 0.05421615
720 757 16 18 0.05322464
612 753 8 12 0.05299147
829 701 14 17 0.052728355
685 763 13 16 0.052495867
632 751 14 15 0.052018937
817 724 20 26 0.051207397
258 632 7 9 0.051184177
800 738 12 15 0.05090032
583 740 11 16 0.050776016
751 631 7 9 0.0505008
313 945 15 19 0.05044561
753 644 9 10 0.0503314
799 732 12 15 0.050195094
474 189 41 46 0.05001933
458 761 12 14 0.049802408
489 256 23 30 0.0497997
55 667 14 18 0.04975396
452 760 10 13 0.049722362
819 716 12 16 0.049390078
488 610 25 33 0.049382772
851 713 12 15 0.049071055
587 741 13 16 0.048094045
728 755 14 17 0.04791878
807 724 11 15 0.047902487
808 734 14 17 0.04787497
693 743 12 14 0.04767986
719 761 11 13 0.04756392
709 750 10 12 0.047505494
721 752 12 14 0.04691987
338 913 11 13 0.046822485
610 654 9 10 0.046475995
729 789 19 22 0.04620278
706 761 13 17 0.04620224
235 635 7 9 0.04584002
712 757 12 18 0.045416478
470 706 14 19 0.044951033
486 718 12 15 0.04489864
476 206 28 32 0.04480678
700 755 17 19 0.044652775
384 632 8 9 0.044648413
714 762 13 14 0.044111356
467 697 12 17 0.043965634
454 768 10 14 0.043650698
808 715 11 15 0.043625675
548 745 9 12 0.043545373
475 674 13 16 0.04333104
836 695 12 13 0.04325231
489 629 18 22 0.043186385
840 693 10 11 0.043090448
612 669 11 13 0.043083765
345 906 34 34 0.043005463
577 742 15 16 0.04286954
486 692 13 17 0.042258754
535 741 12 15 0.042232648
54 675 15 18 0.042131722
475 763 10 10 0.042121377
365 723 12 18 0.041981596
814 706 13 17 0.041780457
761 644 8 11 0.041604675
63 674 15 17 0.041603457
643 745 9 13 0.041262336
475 157 48 54 0.041005574
497 673 16 15 0.040612504
750 632 17 22 0.040582873
51 672 14 17 0.040341966
725 750 15 17 0.040223006
713 765 24 26 0.0401883
732 764 13 18 0.04014566
334 900 12 15 0.04000546
500 621 13 16 0.039785594
475 723 12 18 0.03954299
492 692 12 16 0.039389692
700 770 14 20 0.039357033
609 652 7 10 0.03933989
763 631 8 9 0.039327625
274 635 7 10 0.03924622
642 758 14 17 0.03923204
351 724 18 21 0.039208166
484 629 13 16 0.039103158
345 903 12 13 0.03890826
623 665 7 10 0.03889914
817 641 7 9 0.038866192
506 643 14 16 0.03885569
796 733 10 13 0.038695272
435 526 16 26 0.03834789
499 247 14 14 0.038325492
737 756 12 20 0.038275935
837 706 18 20 0.038121134
448 526 13 18 0.0381172
339 899 8 11 0.03811128
804 707 36 45 0.037670225
689 774 13 18 0.037622795
745 790 14 19 0.03747699
157 860 13 16 0.037325893
637 742 18 20 0.037316594
487 676 13 15 0.037300892
830 722 17 24 0.03718488
609 649 10 10 0.037036415
709 740 11 15 0.037034202
475 692 13 17 0.03697766
822 715 13 15 0.036912452
816 644 7 9 0.036889773
557 818 12 17 0.03688865
532 647 10 14 0.03684698
718 745 14 16 0.036805052
310 899 13 16 0.036799554
0 648 11 19 0.036747802
337 920 11 10 0.036566354
698 751 12 12 0.036439925
441 231 14 16 0.036249667
561 718 10 12 0.036066234
350 899 23 26 0.035957582
717 757 10 12 0.035637498
800 719 17 22 0.035615496
491 675 15 15 0.03560573
317 948 18 19 0.035500765
838 698 15 17 0.035427216
628 753 16 19 0.035415623
287 922 24 30 0.035228662
316 727 17 24 0.034942146
633 741 16 17 0.034623347
752 782 31 29 0.034380797
536 753 14 18 0.03431298
471 674 12 17 0.034262087
534 745 10 13 0.034209076
464 762 13 13 0.034182765
805 706 12 14 0.033979155
767 642 7 9 0.033949424
451 519 35 37 0.033680532
57 663 20 29 0.03365291
513 636 9 10 0.033599336
265 752 14 18 0.03342222
612 668 7 9 0.03340678
467 211 30 33 0.03331732
814 724 15 22 0.033181775
922 657 12 13 0.033175312
833 693 12 12 0.033101372
945 486 15 16 0.03298898
461 740 10 16 0.03296415
478 733 14 17 0.0328294
572 763 15 17 0.032685317
487 684 13 17 0.032605298
357 625 10 12 0.032376617
348 718 17 20 0.03224154
614 656 10 13 0.032201417
300 732 22 26 0.031992506
325 901 14 17 0.03196956
567 767 17 19 0.031937193
767 826 15 16 0.031936657
849 713 9 12 0.031928033
487 261 12 12 0.031923115
490 261 14 17 0.031869456
272 638 8 10 0.031814847
865 638 9 10 0.031671923
740 785 14 18 0.03164311
704 753 13 14 0.031566303
566 761 14 17 0.031353716
616 669 12 15 0.03132047
500 639 16 17 0.03128502
61 666 11 16 0.031244753
453 523 21 23 0.03122175
803 727 11 14 0.03116748
492 679 18 19 0.031101154
814 636 8 10 0.030891823
709 774 11 16 0.030880986
541 751 10 15 0.030810177
334 907 14 18 0.030805448
620 654 10 14 0.030556627
765 633 9 11 0.030548528
582 671 11 14 0.030498167
635 775 10 12 0.030448366
49 571 10 11 0.03043462
342 714 17 21 0.030374281
621 669 7 11 0.030358473
578 683 11 15 0.03033449
345 726 15 15 0.030299144
817 703 16 20 0.03025812
831 698 10 12 0.03024958
628 760 16 20 0.030178582
345 893 19 24 0.030174648
765 636 10 13 0.029985221
480 227 17 19 0.029884655
691 740 10 15 0.029786127
378 647 8 9 0.029780593
189 939 13 14 0.029775606
702 762 12 14 0.029766848
612 660 8 11 0.029738862
646 745 8 11 0.029719023
463 736 7 9 0.02971858
538 762 9 12 0.029460913
702 761 29 31 0.029373815
607 668 7 10 0.029048884
716 741 10 14 0.029046496
944 631 12 16 0.029021863
573 771 16 21 0.029013317
255 631 7 10 0.028880369
499 616 11 14 0.02886544
640 763 12 15 0.028818598
608 648 7 9 0.028805755
343 897 11 13 0.028781282
804 658 7 10 0.028775977
638 777 9 12 0.028576724
804 637 8 10 0.028555686
445 528 11 18 0.028523875
805 741 11 14 0.028446587
58 681 11 14 0.02841876
539 755 9 12 0.028310971
827 743 15 20 0.028203262
721 767 15 17 0.028155403
587 632 7 9 0.028090984
344 738 22 28 0.028058024
591 747 11 14 0.028053673
770 638 7 9 0.027927669
505 625 9 12 0.027907193
541 738 11 14 0.027873123
0 577 7 17 0.027850144
574 818 10 14 0.027734574
498 694 14 17 0.027732762
628 750 12 14 0.027697254
426 343 19 16 0.027586218
754 629 9 12 0.027523221
221 904 16 17 0.02748331
827 717 16 22 0.027475134
505 249 13 17 0.027406236
759 627 10 13 0.02739252
739 793 13 15 0.027368706
590 641 8 9 0.02733835
617 663 11 15 0.027265362
804 702 10 11 0.027180828
715 771 12 15 0.027167084
812 643 7 9 0.027011681
817 726 9 15 0.027011674
267 640 7 9 0.026974529
822 721 14 18 0.02690235
336 893 38 43 0.02686182
732 772 11 13 0.026823213
805 732 22 26 0.026819948
749 639 9 12 0.026793065
50 679 12 14 0.026766472
710 757 9 12 0.02674948
832 730 18 24 0.026610782
791 731 19 21 0.02656291
261 639 7 9 0.026562752
585 676 7 9 0.026515609
622 753 14 16 0.02637545
799 729 9 12 0.026330939
334 910 22 26 0.026278632
360 724 13 19 0.026272818
572 780 15 17 0.026257625
569 704 11 14 0.026235703
378 565 13 14 0.026166676
463 760 10 11 0.026123673
484 633 18 20 0.026094642
618 747 14 16 0.026064212
323 947 21 20 0.025991319
327 729 26 29 0.025972141
610 758 9 11 0.025955543
357 634 7 10 0.025945729
63 667 15 18 0.02591841
575 676 11 15 0.025890594
483 242 24 33 0.025843345
511 736 12 17 0.025827855
625 654 8 11 0.025813688
322 902 10 15 0.025799084
218 446 37 43 0.025754921
474 695 16 23 0.025684722
60 684 13 16 0.02561655
55 665 11 14 0.02561273
734 781 27 27 0.025607463
502 626 13 16 0.025605038
484 242 36 47 0.025592066
747 794 29 26 0.025580214
420 630 7 9 0.02557314
703 736 14 17 0.02556654
336 724 23 26 0.025558148
638 766 11 15 0.025524823
329 905 14 18 0.02551693
4 3 131 130 0.025450736
487 626 11 14 0.025441825
447 537 22 30 0.025438996
480 711 13 16 0.0253742
593 742 10 14 0.02533705
723 766 11 13 0.025322897
222 911 19 20 0.025263898
456 760 9 11 0.025257789
826 727 14 20 0.025214396
551 764 7 10 0.025210055
301 158 24 31 0.025144175
530 736 20 26 0.025089495
380 630 11 12 0.025063897
712 737 12 18 0.025061337
82 713 7 11 0.024899734
496 644 15 17 0.024891896
585 757 11 13 0.024870468
248 420 12 14 0.024834204
431 348 13 12 0.024794927
851 711 9 11 0.024777861
449 532 15 22 0.024733
453 527 13 16 0.02467726
684 773 10 12 0.024673972
734 788 12 16 0.024644917
716 774 31 32 0.024626877
235 535 16 15 0.024589559
836 715 19 23 0.024516845
482 622 13 17 0.024505766
0 654 12 26 0.024463858
463 170 46 51 0.024455817
234 642 7 11 0.024449272
485 714 11 14 0.024433795
694 772 15 19 0.024408037
798 705 23 33 0.024378706
41 725 8 10 0.02430032
348 896 9 11 0.024292322
480 766 8 10 0.024288738
736 0 288 297 0.024286237
356 732 11 15 0.02427774
503 732 10 11 0.024275882
580 651 7 9 0.024234487
649 747 9 12 0.02416963
458 737 11 15 0.024145165
448 514 22 26 0.024121437
339 629 26 24 0.02411989
561 765 14 17 0.02404082
597 679 7 10 0.023981908
6 18 164 199 0.023962827
564 810 17 21 0.023954062
469 720 13 16 0.023907674
297 635 6 9 0.023854688
295 729 19 25 0.023852477
306 902 13 17 0.023837043
624 662 7 10 0.023815252
544 752 12 16 0.023782302
819 723 11 16 0.023752766
264 640 7 10 0.02372711
355 877 51 58 0.023723269
383 913 18 18 0.023672648
571 815 11 14 0.023625217
506 634 15 18 0.023609377
468 678 13 23 0.023590175
438 237 10 11 0.02357749
632 767 15 19 0.023549708
0 380 449 745 0.023542425
363 716 13 19 0.023531962
578 765 10 14 0.023507599
282 636 8 10 0.02350544
470 229 17 18 0.02345938
38 722 12 16 0.02341997
385 628 11 15 0.023410117
580 755 10 13 0.023347564
56 728 8 9 0.023342058
579 766 13 21 0.02331812
311 920 15 16 0.023316067
477 632 15 18 0.023260148
496 287 14 18 0.0232436
707 751 30 35 0.023211818
609 642 8 10 0.023195527
506 733 13 18 0.02316133
576 748 16 17 0.023149842
581 676 12 14 0.023056518
483 628 9 11 0.02302735
568 824 12 19 0.022996832
482 711 21 26 0.022925096
746 786 12 16 0.0228773
801 653 7 10 0.02282486
612 749 7 10 0.022815572
267 635 8 10 0.022807276
0 570 58 95 0.02280211
560 813 12 16 0.022785658
580 739 21 27 0.022779811
833 706 13 15 0.022730695
824 591 14 15 0.02271699
482 694 12 13 0.022707017
692 750 20 24 0.02264458
484 764 8 11 0.022592857
279 640 7 9 0.022587957
586 633 10 14 0.02241103
608 756 7 11 0.022342484
259 750 15 16 0.02232883
576 669 11 14 0.022304963
806 655 7 10 0.022285283
487 619 12 13 0.022243645
617 651 8 9 0.022235347
476 407 16 25 0.022231909
812 648 7 10 0.022198291
498 633 15 17 0.022154575
700 763 8 11 0.022151086
504 620 9 13 0.022147032
514 770 13 13 0.022113066
615 750 19 22 0.02210918
815 690 40 51 0.022108631
736 771 11 13 0.022100111
578 757 12 17 0.022075403
824 702 12 16 0.022068582
257 637 8 10 0.022047548
510 640 14 17 0.022044947
346 914 11 14 0.02202237
488 288 21 28 0.022020705
698 756 12 14 0.021935798
486 278 15 20 0.021906007
729 798 22 20 0.021885844
817 636 8 10 0.021868886
471 765 11 11 0.021853961
276 639 6 10 0.021844946
0 650 6 12 0.021844206
496 686 17 19 0.021751639
490 256 14 16 0.021732315
611 662 14 17 0.021727826
804 723 11 14 0.021685407
357 738 11 14 0.021661062
317 899 11 17 0.021582304
512 730 11 14 0.021568293
469 706 10 12 0.021554718
449 768 12 16 0.021547971
616 673 13 18 0.021535393
230 916 15 17 0.021526555
713 774 16 20 0.021500416
797 648 7 9 0.021486718
802 656 7 10 0.021398995
276 630 8 10 0.021394644
309 737 17 23 0.021392046
692 748 13 16 0.021389542
319 944 13 13 0.02138283
625 622 8 10 0.02137158
465 685 13 20 0.021363268
508 252 15 18 0.021344481
583 767 7 11 0.0213342
729 758 27 33 0.021331646
264 669 13 19 0.021330982
993 549 15 19 0.021277063
3 92 188 255 0.021257091
319 731 25 30 0.021253247
702 814 14 17 0.021249034
725 733 8 10 0.021219203
640 740 12 15 0.021203786
804 712 10 11 0.021190377
240 613 46 55 0.021189436
606 640 9 12 0.021166733
823 709 12 15 0.021139005
472 758 16 17 0.021126732
488 269 7 11 0.021123901
232 653 6 9 0.021122899
755 652 8 10 0.021112004
844 709 21 24 0.021102007
724 799 17 21 0.021057809
486 181 47 49 0.02105295
816 648 7 10 0.021047274
845 714 10 12 0.021041198
995 534 12 17 0.021038877
737 784 12 15 0.02100368
369 727 14 18 0.020999148
721 735 13 17 0.020986618
473 734 7 10 0.020916536
500 732 13 18 0.02090806
496 664 17 20 0.020893643
708 792 10 18 0.020874187
743 907 14 19 0.020861916
364 903 38 34 0.02084854
226 629 7 9 0.02080949
756 628 16 20 0.020784844
490 666 21 24 0.020774268
539 750 20 25 0.020773783
303 739 12 17 0.020751989
834 739 15 21 0.020740923
52 667 10 14 0.020733628
487 644 15 16 0.020732991
621 644 11 14 0.020728609
424 512 40 49 0.020672407
738 751 10 16 0.020655984
354 716 19 21 0.02060694
812 634 8 9 0.020606227
426 494 43 51 0.020601775
491 640 14 14 0.020589417
703 767 9 13 0.020579569
761 779 21 22 0.020578656
650 748 12 15 0.020572446
10 609 79 103 0.020525392
171 885 15 16 0.020520842
474 663 15 19 0.020476785
608 655 7 10 0.020455215
571 668 13 16 0.020453801
434 511 20 31 0.020446118
330 912 14 18 0.020400302
306 908 12 16 0.020394046
500 618 21 28 0.020383852
470 739 14 17 0.020367388
328 900 11 12 0.020359632
348 905 13 15 0.0203284
494 257 16 18 0.020310733
64 682 11 14 0.020268086
757 664 8 9 0.02023781
210 763 8 10 0.020196088
458 744 9 12 0.02017935
794 724 14 18 0.020134987
801 637 10 14 0.020104783
386 626 8 11 0.020102853
728 794 48 48 0.020095743
53 721 14 17 0.020091236
305 941 26 25 0.020090347
231 650 6 10 0.0200817
173 113 89 130 0.020067472
55 724 9 10 0.020062145
584 763 13 19 0.020050166
155 913 8 10 0.02003293
271 641 7 10 0.020028595
832 688 20 22 0.020023255
578 683 7 11 0.020006211
820 732 28 35 0.01999077
730 775 15 16 0.019966405
801 740 21 26 0.019966174
795 714 32 44 0.019965256
610 762 14 19 0.01995216
590 755 9 12 0.019929739
762 648 8 10 0.019924793
470 715 21 29 0.01991314
480 207 43 54 0.019905077
805 633 9 12 0.019886333
271 944 22 17 0.0198823
811 626 10 12 0.01985713
705 775 11 15 0.019841895
574 770 11 14 0.01981175
303 896 14 17 0.019805366
348 922 24 24 0.019795714
948 989 76 139 0.01978629
461 730 13 17 0.019757438
493 634 11 14 0.019750418
383 624 8 11 0.019695707
476 232 17 17 0.019695263
615 748 12 14 0.019690627
457 222 41 48 0.019678196
577 730 22 27 0.019676328
723 788 18 18 0.01967461
550 753 8 11 0.019669948
639 771 12 16 0.019661397
472 732 12 15 0.019660285
349 833 21 29 0.019653112
533 748 11 17 0.019649033
461 241 48 67 0.019635063
682 773 8 11 0.019633558
378 641 9 11 0.019629402
130 153 93 117 0.019628655
324 908 12 17 0.019618895
509 732 8 10 0.019587496
491 648 14 16 0.019577611
478 631 11 12 0.019568421
740 755 11 15 0.019529112
549 742 14 18 0.019525472
501 668 16 19 0.01951648
750 796 14 11 0.019490657
536 762 14 17 0.019479102
306 772 27 37 0.01944751
349 840 15 17 0.01941751
646 655 14 13 0.019405382
23 0 79 73 0.01936395
752 648 8 10 0.019362122
772 635 8 10 0.019319775
419 732 7 9 0.01928575
256 645 7 9 0.019278856
453 531 28 34 0.019276906
726 745 20 25 0.019263756
562 771 15 18 0.01926101
79 682 12 13 0.019258855
807 641 7 10 0.019225506
627 651 8 11 0.019204773
531 756 13 18 0.01916024
549 741 8 12 0.019138083
482 735 15 19 0.019131286
721 773 10 12 0.019129125
446 208 46 47 0.019120777
529 246 14 17 0.019120496
472 686 12 20 0.019114899
627 739 14 17 0.019110855
539 738 9 11 0.019051768
57 655 18 25 0.019030042
575 688 12 16 0.018968748
49 671 10 15 0.018961195
596 743 12 16 0.01895733
490 606 17 23 0.01887438
816 632 10 11 0.018870959
294 633 7 10 0.018866599
319 902 15 21 0.01885877
617 754 26 29 0.018847097
316 881 10 15 0.018843746
477 745 12 13 0.018811565
500 255 30 34 0.018811356
738 768 9 12 0.018801885
582 769 16 21 0.018788055
477 618 22 29 0.018776005
802 636 7 9 0.018773979
685 776 12 14 0.018761396
451 222 30 30 0.018758884
276 717 43 57 0.0187308
263 635 8 10 0.018720204
694 732 14 18 0.018718535
573 745 12 14 0.018714793
457 732 11 14 0.018710926
483 263 14 15 0.018710067
729 768 11 13 0.01869066
464 675 13 21 0.018688377
785 633 8 9 0.018664688
483 635 12 13 0.01865781
58 729 10 10 0.018653834
809 704 10 13 0.018647594
770 633 8 9 0.018638603
249 925 16 17 0.018628031
802 642 7 9 0.018608311
506 634 8 10 0.018592767
464 736 14 18 0.018577075
728 782 23 21 0.018574396
353 629 12 14 0.018573876
461 730 9 11 0.01857056
509 282 9 10 0.018569661
842 689 10 13 0.018563353
544 764 14 17 0.018531067
713 732 26 32 0.018527867
3 986 145 142 0.01852106
460 764 14 17 0.018521018
636 745 9 12 0.018504892
594 737 11 16 0.01848219
688 734 21 26 0.01847793
447 759 13 16 0.018451031
831 728 10 15 0.018382946
69 681 9 12 0.018370083
282 753 40 58 0.018353185
48 676 25 34 0.018349536
492 266 24 30 0.018347558
587 673 7 9 0.018319292
468 732 8 10 0.018315502
803 1044 39 45 0.018305385
495 241 21 22 0.018298408
438 638 7 9 0.018291712
483 216 15 23 0.018285295
265 640 12 15 0.018270778
46 694 28 38 0.018262265
463 737 9 13 0.018248
443 763 14 18 0.018240603
622 514 28 33 0.01823337
624 747 14 14 0.018232776
449 762 19 23 0.018218108
418 635 7 9 0.018197054
553 767 8 11 0.01818506
231 645 7 10 0.018181209
143 859 15 16 0.018157097
475 633 11 14 0.018155266
538 726 21 28 0.018148296
972 551 18 19 0.018125655
551 760 7 10 0.018116573
421 245 18 16 0.01811378
78 713 8 11 0.01811275
75 0 89 67 0.018099073
498 762 12 14 0.018095907
759 652 7 10 0.018089345
475 705 15 18 0.018085917
748 781 21 24 0.018078249
606 638 8 9 0.018076682
558 768 8 11 0.018069748
452 734 10 12 0.01806762
963 611 11 14 0.01804083
522 257 16 18 0.018039612
719 772 44 51 0.018014017
694 757 26 32 0.01800463
569 784 11 12 0.017991977
82 17 169 189 0.017984139
711 786 13 20 0.017976565
458 767 11 15 0.017973261
339 922 12 13 0.017970914
557 716 17 23 0.017963232
625 619 15 14 0.017921863
151 859 15 17 0.017920684
588 678 6 9 0.017911509
435 380 46 79 0.017906355
350 672 8 9 0.017906133
261 698 10 12 0.017901264
781 636 7 9 0.017896563
461 708 19 26 0.017890247
576 789 9 11 0.01786709
290 735 23 28 0.017863374
329 943 19 20 0.017861076
627 748 27 30 0.017856976
449 794 9 11 0.017854774
489 266 10 13 0.017851291
689 756 14 15 0.017846718
464 704 13 18 0.017837157
570 663 8 10 0.01782971
854 711 14 15 0.017822495
608 669 11 15 0.01782247
360 801 15 18 0.017769303
736 774 15 16 0.017767005
506 264 17 22 0.017758423
491 728 15 18 0.017752236
748 629 12 17 0.017719096
798 703 15 18 0.017712058
587 763 8 11 0.017710084
309 0 14 11 0.017708631
463 449 14 25 0.0177047
501 647 15 16 0.017703254
81 708 9 13 0.017697202
156 891 11 14 0.017695513
728 804 20 22 0.017690636
0 734 271 394 0.017677143
345 735 12 15 0.017676698
476 640 10 14 0.017653443
635 762 21 27 0.017632194
0 47 119 250 0.017600056
960 544 23 25 0.017597497
491 246 16 16 0.01759114
59 727 14 17 0.017582666
826 648 8 11 0.017570784
758 642 13 17 0.017561998
357 896 24 31 0.017520167
815 734 13 17 0.017509537
503 692 15 18 0.017509103
909 0 13 11 0.01750782
302 723 25 29 0.017500272
696 760 9 10 0.017494412
805 739 27 34 0.017463386
809 649 6 10 0.017452873
842 696 9 11 0.017451098
590 737 11 14 0.01744939
316 0 14 11 0.017447282
302 0 13 11 0.01744562
837 419 70 44 0.017433753
938 477 18 19 0.017423194
345 725 10 11 0.017416617
714 732 14 18 0.017377825
438 487 45 51 0.017371232
566 752 14 18 0.017368633
67 111 208 269 0.017365955
209 424 35 39 0.017339969
824 649 7 11 0.017333519
871 0 14 11 0.017333174
467 725 12 16 0.017324638
606 751 15 19 0.017318951
793 735 10 13 0.017308246
324 0 14 11 0.017307816
231 633 7 9 0.017304586
457 510 33 34 0.017285723
337 918 26 29 0.017276939
818 737 19 23 0.017268853
320 718 24 29 0.017261293
492 0 12 10 0.01725392
596 707 9 12 0.01724809
37 725 7 10 0.017242571
691 762 13 17 0.017239481
78 716 10 13 0.017231075
294 0 14 10 0.017230695
500 720 12 18 0.017220328
796 739 11 14 0.01720905
509 631 9 11 0.017199665
471 700 11 13 0.017199304
490 705 14 18 0.017193744
879 0 13 11 0.017191669
480 283 21 26 0.017189534
486 637 12 14 0.017166283
577 784 11 14 0.01716434
370 726 8 13 0.017155759
3 608 52 77 0.017155243
527 251 16 19 0.017152729
852 707 7 10 0.017149225
71 680 12 14 0.017112548
484 726 12 15 0.01709591
129 0 80 64 0.017093543
802 681 7 11 0.017084695
399 631 8 10 0.01707821
294 927 28 36 0.017076498
528 238 16 19 0.017076379
764 642 11 13 0.017068803
847 699 16 18 0.017061876
647 757 12 14 0.017054955
570 674 10 14 0.017045997
331 0 14 11 0.01702766
63 848 14 15 0.017008428
365 0 13 10 0.016990878
234 654 6 9 0.0169892
491 734 13 19 0.01697988
61 126 155 168 0.016976567
735 628 8 10 0.016975747
375 626 9 11 0.016972886
2 150 242 315 0.016971037
434 351 12 11 0.016958728
956 629 8 9 0.01695705
321 896 14 17 0.01695462
586 737 10 13 0.016953196
495 610 13 15 0.016951505
864 0 13 11 0.016950281
901 0 13 11 0.016948298
454 744 7 9 0.016922887
412 644 7 9 0.016918736
740 755 19 24 0.016909063
942 0 14 12 0.016879229
226 676 10 16 0.016871966
213 841 16 19 0.016867012
339 0 14 11 0.016849956
577 779 17 17 0.016843887
261 938 16 17 0.01683724
486 762 11 11 0.016834652
752 625 8 10 0.016807083
522 245 15 17 0.016796222
927 0 13 11 0.016780205
166 888 17 16 0.016778562
634 779 13 17 0.01674914
612 644 9 10 0.016732102
704 0 13 11 0.01672845
271 645 7 11 0.016721379
678 0 13 11 0.01670518
685 0 14 11 0.016697694
950 0 13 11 0.016695878
489 698 11 16 0.016694412
57 661 11 14 0.016691836
857 0 13 11 0.016687885
522 644 11 15 0.016671956
454 738 9 13 0.016662436
467 440 19 31 0.016658304
596 673 7 10 0.016641816
0 0 70 90 0.01663561
373 0 13 11 0.016635569
132 599 8 10 0.016633783
957 0 14 11 0.01663136
585 670 7 9 0.016627029
476 683 14 20 0.016623413
357 0 14 11 0.016620995
837 689 11 13 0.016604908
346 0 14 11 0.016603092
56 690 13 15 0.0165878
1007 1092 17 36 0.016578583
469 714 12 16 0.016574807
566 743 15 17 0.016572054
365 731 14 19 0.016569978
667 0 13 11 0.016568108
341 930 9 10 0.01656597
794 744 22 26 0.016558621
935 0 13 11 0.016540084
567 703 9 11 0.016534572
279 666 7 9 0.016525641
913 0 111 151 0.016518617
734 795 12 15 0.016518248
702 738 322 390 0.016515417
424 525 25 31 0.01651263
611 670 14 20 0.016511848
796 652 7 10 0.016487604
500 732 9 11 0.016485706
916 0 13 11 0.016475748
365 651 8 10 0.016474497
487 272 28 36 0.016470507
42 0 139 101 0.01646922
812 623 9 10 0.01646816
831 722 11 15 0.016444478
364 723 8 13 0.016437953
634 619 8 10 0.01643718
886 0 14 11 0.01643215
642 770 9 11 0.016411206
849 0 13 11 0.016409442
422 631 7 10 0.016406702
790 815 18 18 0.016403805
267 632 8 9 0.01637668
298 913 25 29 0.01637595
966 629 8 10 0.016367612
466 760 10 10 0.016366486
473 705 10 11 0.01636291
349 909 17 18 0.016360622
536 729 15 20 0.016358005
792 807 35 30 0.016351203
243 418 20 20 0.016350007
296 889 17 21 0.016346818
528 650 9 12 0.01634146
625 752 9 12 0.016318874
580 679 8 10 0.016315464
518 766 15 17 0.01631439
376 661 6 11 0.016307378
277 635 12 14 0.01629516
894 0 13 11 0.016289985
737 802 30 33 0.01627527
207 424 59 60 0.016269889
337 719 18 20 0.01625407
689 745 12 16 0.016245175
697 0 13 11 0.016244803
711 0 14 11 0.016235834
462 721 14 18 0.01622593
640 756 23 27 0.016220665
738 776 9 11 0.016211813
62 689 9 10 0.0162072
357 709 16 19 0.016174702
297 941 13 15 0.01617185
964 0 14 11 0.01614889
759 660 7 9 0.016134886
691 724 25 31 0.016131233
173 878 15 19 0.016109591
448 228 18 20 0.016104428
43 722 8 10 0.01609756
83 684 11 13 0.016088914
581 675 7 10 0.016076306
598 692 6 9 0.0160738
287 0 13 10 0.016062953
521 794 9 13 0.016059255
313 665 14 15 0.01605705
0 642 20 37 0.016049087
463 747 14 16 0.016043223
804 675 11 15 0.016024532
590 643 9 11 0.01602424
387 0 14 11 0.016017897
625 769 16 20 0.016016249
37 714 14 18 0.016000368
0 28 74 171 0.015998382
576 752 10 12 0.015995929
343 705 22 25 0.015976472
8 940 238 188 0.015970247
518 648 10 14 0.015969278
719 0 13 11 0.015948469
633 621 7 10 0.015943194
955 622 25 27 0.015931364
589 767 13 19 0.015924862
775 486 22 20 0.015918277
760 0 13 11 0.015906831
557 806 18 23 0.015887469
57 725 11 10 0.015870051
732 772 25 28 0.015863996
640 0 14 11 0.015856707
380 0 13 11 0.0158511
502 612 12 17 0.015848758
300 936 20 22 0.015835721
629 0 14 11 0.015816413
420 339 18 17 0.015810072
981 632 8 10 0.015800571
46 664 21 26 0.015799383
700 768 8 12 0.01579929
551 765 13 17 0.015797028
187 862 15 17 0.015785301
598 682 7 10 0.015784439
321 721 43 41 0.015769292
138 916 9 12 0.015768863
271 607 16 23 0.015767474
929 536 15 20 0.015763707
395 0 13 11 0.015759028
964 630 13 17 0.015757415
450 544 15 19 0.015745323
833 458 27 33 0.015744546
353 745 21 29 0.015743777
573 680 8 11 0.015729941
509 171 12 18 0.015721608
383 634 9 11 0.015717776
622 0 13 11 0.015716353
65 690 12 15 0.015707351
118 925 10 13 0.01570066
791 631 12 15 0.01568602
302 728 35 34 0.015681662
952 614 8 10 0.015681032
36 725 16 21 0.015677428
755 617 9 9 0.015664946
245 651 8 10 0.015662154
315 613 11 14 0.015650714
227 650 6 9 0.015647829
750 786 10 12 0.015646473
481 758 14 15 0.015631152
625 619 8 9 0.01562078
328 668 15 15 0.01561383
782 649 7 10 0.015610958
743 784 9 12 0.015609224
782 0 13 10 0.015606914
313 742 24 31 0.015602625
475 634 20 26 0.015600503
48 677 10 13 0.015595627
752 790 12 11 0.015594013
260 700 12 15 0.015582095
625 670 6 10 0.015580807
797 0 13 10 0.01557326
342 887 15 22 0.015571642
726 0 14 11 0.015569203
789 633 7 10 0.015568666
302 945 15 17 0.015567417
548 766 9 12 0.015562731
428 0 14 11 0.015530989
617 676 8 12 0.015530601
767 0 14 10 0.015522115
370 620 13 14 0.015510072
793 634 8 10 0.015509842
567 768 26 34 0.015508033
496 639 11 12 0.015507496
190 88 73 107 0.0155070685
615 0 13 11 0.0155020645
652 0 13 11 0.015492502
606 761 11 14 0.0154918
551 736 14 19 0.015488402
824 749 16 21 0.015487365
43 720 14 18 0.015486291
839 707 11 14 0.015483258
356 918 28 27 0.015478267
305 747 16 20 0.015476878
573 750 8 10 0.015473963
280 0 12 11 0.015464051
295 929 15 17 0.015447125
457 734 16 24 0.015446928
146 777 15 16 0.015441317
755 624 8 10 0.015439015
617 761 16 20 0.01543745
740 607 72 93 0.015401922
414 885 15 22 0.015396824
513 262 19 22 0.015389169
465 144 70 84 0.015380638
809 645 7 10 0.015376053
573 654 8 9 0.015372995
40 704 8 11 0.01536772
507 707 11 16 0.0153650325
420 390 53 98 0.015353725
333 705 23 27 0.015349347
775 475 9 11 0.015334529
972 0 14 11 0.01532516
714 737 8 11 0.0153164435
790 0 13 10 0.015300323
61 662 10 12 0.015281202
748 0 13 12 0.015280603
306 755 16 18 0.01527188
839 704 9 11 0.015264151
59 733 9 10 0.015253385
375 720 7 9 0.015249436
272 0 13 11 0.0152472695
487 612 12 14 0.0152418995
434 639 6 9 0.015237596
915 910 12 14 0.015236394
972 474 12 17 0.0152346
484 738 10 13 0.01523141
473 749 14 18 0.015229667
452 754 15 21 0.0152267115
694 78 330 531 0.015226281
503 660 17 20 0.015218788
516 252 14 19 0.015212871
436 0 13 11 0.015207765
734 0 13 12 0.015206312
756 659 7 9 0.015184092
775 0 13 10 0.015183337
476 864 16 18 0.015182414
436 640 7 9 0.015180774
314 757 11 11 0.015179999
523 651 8 11 0.015177833
513 761 15 18 0.015174056
328 622 40 38 0.015173463
358 623 10 10 0.015169124
306 734 13 19 0.0151633
469 526 36 41 0.0151475705
348 721 10 12 0.015146719
503 700 12 15 0.015144479
358 739 20 27 0.0151444115
52 726 17 21 0.015135984
859 411 75 52 0.0151223
257 750 11 13 0.015115706
842 0 13 11 0.015115497
446 745 12 12 0.015115162
659 0 14 10 0.015113121
302 149 21 28 0.015091202
367 633 9 10 0.015086884
39 672 46 64 0.015074443
714 561 28 36 0.015069153
463 442 11 21 0.015068684
283 777 33 40 0.015063838
609 637 8 10 0.015061902
403 0 13 11 0.0150608225
77 683 9 10 0.015059918
558 822 18 23 0.015058776
461 752 13 16 0.015057068
353 890 19 24 0.015052778
767 489 17 18 0.015045021
481 702 14 19 0.015044946
752 797 16 14 0.015041503
558 725 14 20 0.015040301
500 712 13 18 0.015031479
494 291 13 19 0.015027393
770 818 18 20 0.01502276
372 717 7 10 0.015015689
432 338 19 21 0.015014485
363 708 15 19 0.015010375
334 897 10 13 0.015005546
930 947 15 17 0.01500429
833 714 12 15 0.01499558
643 766 13 16 0.014994832
558 768 11 16 0.014992494
720 740 10 12 0.01498945
161 889 16 17 0.01498676
723 780 16 18 0.014983054
402 629 7 10 0.01496397
501 633 9 12 0.014956762
804 678 7 10 0.014945442
957 557 28 33 0.014940739
61 692 11 12 0.014936116
804 652 7 9 0.014927922
463 746 9 12 0.014916997
59 780 34 49 0.014915896
748 645 8 10 0.014911826
640 733 10 13 0.014910422
328 949 12 15 0.014904253
501 264 12 15 0.0149014015
384 566 9 10 0.014899633
607 0 13 11 0.014887959
515 734 9 13 0.0148877865
641 778 10 12 0.014885321
421 0 13 11 0.014883355
420 637 9 9 0.014881579
460 438 21 24 0.01487402
52 686 13 15 0.01486367
360 736 13 17 0.014860006
516 732 8 11 0.014856029
349 743 13 15 0.0148546165
323 946 14 14 0.014853887
625 643 11 15 0.014852891
125 898 15 17 0.014852183
443 0 14 11 0.01484385
831 0 12 12 0.014831468
847 645 9 10 0.014828498
812 0 13 11 0.014819052
577 761 8 12 0.014818356
409 620 7 10 0.014816195
51 730 8 10 0.014801594
462 0 13 11 0.014800843
527 661 10 14 0.014798969
977 878 12 14 0.0147982715
632 746 9 11 0.014796863
43 729 8 10 0.014794733
505 616 15 19 0.014794237
311 904 13 16 0.014793538
268 729 30 29 0.01478998
585 729 18 23 0.014779513
473 632 10 12 0.014774911
614 677 8 12 0.014767961
350 897 11 13 0.014757245
484 258 12 12 0.014750942
620 673 7 11 0.0147504
445 227 10 14 0.01474931
566 736 14 17 0.01474817
513 728 9 11 0.014747036
270 955 9 12 0.014728854
366 652 9 13 0.01471135
39 697 10 16 0.014708073
565 780 12 14 0.014702925
424 346 20 20 0.0146846315
814 704 9 12 0.014679034
381 903 19 15 0.014663503
332 940 26 25 0.01464988
788 717 24 29 0.014632666
470 0 12 10 0.014622162
410 0 13 11 0.014618337
588 739 21 27 0.014617592
533 694 8 11 0.014617062
290 755 13 17 0.0146160005
444 184 49 57 0.014598038
0 68 440 679 0.014592972
57 685 18 23 0.014591148
228 0 11 9 0.014563882
466 704 9 11 0.014562188
484 244 16 18 0.014556638
238 637 11 14 0.014552158
375 896 8 11 0.014551628
805 0 13 11 0.014544676
692 736 10 13 0.014536402
471 394 20 32 0.014529368
421 736 16 19 0.014525741
855 716 14 18 0.0145171415
830 693 9 10 0.014506767
276 646 6 11 0.014503468
593 707 8 9 0.014497363
158 0 41 33 0.014488781
798 712 15 16 0.014473883
0 667 12 26 0.014472795
569 827 15 24 0.014466918
45 616 77 105 0.014464528
607 760 8 10 0.014460211
235 532 26 22 0.014457698
337 892 13 17 0.014454109
481 268 13 14 0.014450851
509 726 12 15 0.014448545
623 759 15 17 0.0144381365
510 731 19 26 0.014438101
796 630 8 10 0.0144244535
477 0 13 10 0.01441976
736 785 9 11 0.014416065
310 712 23 29 0.014415625
598 792 21 17 0.014411317
502 644 20 24 0.014410406
820 705 10 14 0.0144101055
780 724 25 28 0.014406058
832 734 9 16 0.014403375
682 766 12 15 0.014395879
706 789 10 16 0.014389884
588 760 13 16 0.014386201
376 861 17 19 0.014376695
804 664 7 10 0.014373658
225 916 11 12 0.014369185
520 654 8 11 0.014362296
374 646 8 9 0.01435929
167 849 9 13 0.014352675
429 511 77 94 0.014351581
77 708 9 11 0.014347511
372 722 11 15 0.014328968
238 644 7 10 0.014326858
506 277 16 19 0.014320339
485 0 13 9 0.014316946
13 327 219 273 0.014316541
142 850 18 23 0.014314744
688 765 19 26 0.014309292
548 732 20 28 0.014303317
294 882 15 21 0.014303115
441 523 11 21 0.014300164
573 754 7 10 0.014296198
976 1053 48 75 0.014293829
742 0 13 12 0.014292128
753 621 7 9 0.014291595
315 892 13 18 0.014287358
375 628 12 14 0.014280039
505 638 10 12 0.014258109
811 740 14 16 0.014241646
374 0 476 503 0.014239952
332 921 13 15 0.014239454
594 795 14 19 0.014235956
558 736 14 18 0.014234669
874 612 32 26 0.014222815
318 911 15 20 0.014213279
529 762 13 18 0.014207422
69 668 9 13 0.014206346
820 0 12 11 0.014200811
466 661 82 115 0.014200269
386 622 7 9 0.014199888
919 653 17 21 0.014198977
604 764 15 18 0.014198638
47 567 11 12 0.014198442
570 756 23 31 0.014197308
568 84 50 59 0.014190387
294 632 10 14 0.014188073
634 620 32 33 0.014180111
467 443 12 21 0.014174872
599 740 10 15 0.014173463
46 654 33 45 0.014172642
822 646 8 10 0.014167901
465 678 9 13 0.014155907
43 727 15 19 0.014148179
608 653 12 15 0.014131121
279 649 7 10 0.014125058
226 639 8 9 0.014123522
464 674 9 12 0.014117357
688 770 26 32 0.014111969
514 564 163 228 0.014103321
576 738 12 15 0.0141023025
0 638 6 12 0.014089372
148 905 8 9 0.01408277
712 793 10 14 0.014078898
521 759 14 17 0.01407109
469 711 9 12 0.01406692
493 234 43 54 0.01405749
41 729 7 11 0.01405723
367 511 18 25 0.01405087
822 504 14 15 0.014049076
85 710 7 10 0.014042928
510 178 8 10 0.014038924
979 0 14 11 0.0140355965
757 786 12 11 0.014034011
906 0 11 9 0.014031804
486 606 12 16 0.01403148
506 720 13 18 0.0140219545
51 708 16 17 0.014015368
569 503 17 12 0.01400478
866 634 9 11 0.013998517
632 616 8 9 0.013997324
766 781 12 14 0.01399651
41 701 12 16 0.013989029
606 658 10 14 0.01397736
712 799 45 50 0.013974497
450 524 45 54 0.013963765
945 654 8 10 0.013961049
789 738 19 22 0.013957422
296 898 17 21 0.013955402
804 684 7 12 0.013952898
598 733 10 12 0.013949551
845 710 9 11 0.013942905
528 748 12 16 0.013940561
612 639 8 11 0.01394015
392 569 9 11 0.013939856
140 159 123 168 0.013934267
532 757 9 11 0.013930348
469 639 11 17 0.01392802
645 738 16 19 0.013926299
487 638 24 28 0.013924306
291 70 15 19 0.013923958
309 748 19 22 0.0139235845
707 781 14 19 0.013918722
490 716 11 14 0.013918507
451 0 13 11 0.013917344
317 761 10 11 0.013908174
479 644 14 16 0.013901059
265 0 13 10 0.013899207
990 622 10 9 0.013896569
348 856 51 63 0.013887609
68 687 12 14 0.013872645
562 807 24 33 0.013858688
839 714 11 13 0.013857348
914 0 10 9 0.013856195
0 642 7 14 0.013855106
735 779 11 13 0.013854826
0 0 24 29 0.013853031
862 0 11 9 0.013852326
770 781 16 18 0.0138501
465 683 24 35 0.013846574
739 763 14 19 0.013843486
161 862 14 18 0.01384311
796 635 8 10 0.013842485
373 972 12 13 0.013838493
558 636 9 11 0.013825495
307 709 46 59 0.013824183
3 700 51 81 0.013823596
521 735 13 17 0.013823195
831 690 29 39 0.013820138
129 702 14 18 0.013813208
840 720 24 31 0.013810358
56 661 8 11 0.013803538
506 0 447 316 0.0138012385
779 650 7 9 0.013800239
744 821 21 17 0.013777313
486 601 12 14 0.013769789
505 684 15 17 0.013766163
932 0 11 9 0.013755746
329 912 10 13 0.013755244
402 364 97 139 0.013738312
70 673 12 16 0.013733303
691 728 35 43 0.0137324985
474 637 9 13 0.01372629
795 656 7 9 0.013725871
269 91 28 37 0.013718069
512 626 11 14 0.013699331
884 0 11 9 0.013688841
363 629 12 15 0.013686364
830 446 46 45 0.013679596
266 730 15 17 0.013676456
770 644 7 9 0.013675285
67 809 10 13 0.013675193
545 744 22 27 0.013667437
580 786 14 18 0.013667425
463 229 18 19 0.013662023
127 1026 15 16 0.013661855
596 670 7 9 0.013661249
347 842 15 25 0.013656578
176 0 29 24 0.013653948
573 690 7 10 0.013648304
330 739 25 31 0.013646092
474 766 13 15 0.01364438
308 948 12 14 0.013641159
947 0 11 9 0.01363916
40 690 11 16 0.013636947
263 755 23 32 0.013634851
617 633 78 114 0.013634468
0 0 14 17 0.013630691
44 697 15 19 0.013630388
50 685 10 12 0.013627789
952 611 13 15 0.013627556
821 733 12 17 0.01362705
940 0 11 9 0.01362557
444 764 9 12 0.013623524
506 739 14 21 0.013618051
745 631 8 10 0.013617511
446 871 15 13 0.013615124
266 943 17 17 0.013614759
753 729 15 17 0.013612716
732 810 22 20 0.013612366
144 54 139 172 0.013604995
36 702 10 15 0.013595918
939 630 14 15 0.013594199
508 623 9 12 0.013591874
368 742 7 10 0.013589995
591 760 8 11 0.01358695
628 620 9 10 0.013585591
1021 1107 3 21 0.013583576
801 659 8 10 0.013582606
485 237 23 24 0.01357645
366 627 13 15 0.013569616
7 641 51 71 0.0135684
261 723 17 18 0.013567008
954 0 12 9 0.013556739
334 805 15 19 0.013554257
216 0 13 9 0.013553588
388 624 9 13 0.013543658
1023 1110 1 18 0.01354046
609 746 20 23 0.013538968
66 689 8 10 0.013536442
512 165 16 21 0.013534688
271 748 8 10 0.013527718
513 650 14 18 0.0135276
473 188 29 30 0.013521796
493 688 12 15 0.013520544
607 642 12 15 0.013517194
45 682 14 18 0.0135109415
0 427 8 17 0.013510001
980 629 8 10 0.013505067
451 522 12 17 0.0135024665
111 586 81 103 0.013496825
564 738 21 27 0.013496738
468 581 74 100 0.013493918
56 697 14 17 0.013492701
553 812 14 20 0.013487983
587 767 8 12 0.013487772
508 272 17 19 0.013487272
818 583 21 25 0.013486847
79 877 19 20 0.013482929
115 891 27 27 0.013479641
600 0 13 11 0.013479448
500 252 15 18 0.013470193
333 883 22 30 0.013468092
479 624 11 14 0.013466012
443 216 17 22 0.013449415
459 673 14 19 0.013437368
891 0 11 9 0.013430906
121 601 29 31 0.013425603
276 946 15 11 0.013423609
501 704 13 18 0.013416684
504 735 10 12 0.01341595
982 627 9 9 0.013405116
442 391 25 44 0.013398346
316 906 26 30 0.01339735
375 658 7 10 0.013391908
591 752 13 17 0.013388398
32 578 176 214 0.013380021
479 414 18 21 0.013376588
392 0 11 9 0.013369495
300 634 7 10 0.013368006
280 914 37 43 0.013366049
56 724 21 26 0.013356975
326 897 10 12 0.013356441
812 653 6 10 0.013355667
703 778 21 30 0.013352187
76 720 11 14 0.013351651
759 806 27 29 0.01334806
522 3 15 18 0.01333927
70 686 8 10 0.013339144
522 742 14 18 0.013338571
704 608 7 9 0.013333926
672 603 83 113 0.013328332
347 700 16 18 0.0133280335
482 615 45 61 0.013324706
473 443 13 20 0.0133164665
743 802 13 13 0.013313354
583 682 8 11 0.013312328
573 743 8 11 0.013302015
165 839 10 13 0.013301809
821 639 8 10 0.013294368
674 487 28 27 0.013292111
842 704 12 15 0.013284727
746 634 9 11 0.013282983
509 709 14 19 0.013276319
445 549 17 22 0.01327071
490 644 10 10 0.013266559
371 626 10 11 0.013263786
563 811 11 13 0.013256053
793 729 10 12 0.0132528795
530 663 8 11 0.013250138
713 604 76 105 0.013246434
213 0 22 19 0.013242948
114 0 110 107 0.013234381
308 634 7 10 0.013230285
220 422 33 30 0.013226822
483 647 15 18 0.013226148
274 931 27 33 0.013220729
1004 0 20 38 0.013216228
893 895 131 233 0.013211993
694 0 11 9 0.013211202
35 730 20 28 0.013208433
572 760 8 11 0.013192202
561 708 8 10 0.013188757
758 789 22 17 0.013187958
367 737 9 12 0.013180279
307 920 23 25 0.013168537
807 627 10 13 0.013166935
235 532 14 12 0.0131637165
483 620 9 12 0.013155519
632 777 10 12 0.013148141
269 648 7 9 0.013146952
822 634 8 9 0.013146573
604 669 7 10 0.013145676
555 808 13 17 0.013140628
633 649 9 10 0.013138475
634 0 12 9 0.013131642
371 898 9 12 0.013129224
546 737 8 10 0.01312741
450 742 10 13 0.013127245
43 704 8 11 0.01312713
593 787 22 19 0.013125473
49 700 14 17 0.013124371
482 657 23 28 0.013123756
478 638 10 11 0.013122862
564 63 71 93 0.013122489
747 802 15 15 0.013119583
502 243 12 14 0.013115255
753 620 44 56 0.013115146
564 719 13 17 0.013110468
567 707 9 12 0.013108609
388 599 14 17 0.013107603
350 290 12 16 0.013106715
519 0 12 10 0.013101819
390 625 12 16 0.013094824
450 962 12 13 0.013084706
453 394 28 41 0.013076663
494 284 13 16 0.013053883
240 634 9 12 0.013045215
728 733 15 18 0.0130373
576 662 8 11 0.013034416
586 633 76 111 0.013030792
598 673 8 11 0.013024055
0 140 75 181 0.013024044
550 749 14 18 0.013019449
645 0 12 9 0.013011063
789 608 81 106 0.013005029
53 693 12 16 0.013002259
238 541 13 17 0.013002123
958 954 19 24 0.012999566
451 679 49 68 0.012995344
577 636 7 9 0.012992902
366 901 12 23 0.012992139
671 0 11 9 0.012988227
148 825 8 10 0.012987525
558 793 14 19 0.0129865715
673 492 15 17 0.012981481
816 752 17 23 0.01297456
657 0 11 9 0.012972092
77 550 86 117 0.012947691
733 801 12 13 0.01294669
242 617 14 18 0.012941725
399 767 7 10 0.012941298
603 636 10 13 0.012940255
345 893 9 12 0.012937439
604 646 7 9 0.0129305115
160 894 11 13 0.012930075
355 720 24 31 0.012923275
478 750 24 27 0.01291992
629 620 16 17 0.012915545
369 719 11 14 0.0129128555
400 0 11 9 0.012912611
812 638 11 14 0.0129058305
311 610 49 58 0.012897522
828 741 11 15 0.012896881
443 506 20 26 0.012891475
476 683 26 36 0.012882346
339 838 76 104 0.012882039
521 787 14 22 0.012863995
34 713 11 16 0.012856807
607 731 13 17 0.012850231
573 810 12 16 0.012848108
519 737 22 28 0.012847752
510 0 13 11 0.012845494
134 0 424 532 0.0128448
237 630 8 9 0.01284382
226 423 20 19 0.012842115
373 659 7 12 0.012840681
519 263 16 14 0.012833371
516 631 7 10 0.012825444
439 239 11 13 0.012823559
323 622 8 9 0.012822831
593 639 8 11 0.01282173
216 821 18 19 0.01281281
565 764 9 12 0.01280929
309 787 20 18 0.012807808
754 660 12 17 0.012793412
40 734 8 11 0.01279317
74 723 9 11 0.012791507
370 902 8 12 0.012789908
484 699 9 12 0.012789891
969 0 12 9 0.012788235
500 0 12 10 0.0127848685
995 541 15 22 0.01278424
486 318 8 11 0.012783128
854 718 10 12 0.012777138
246 424 11 12 0.012770078
331 583 46 56 0.012766664
243 653 7 9 0.012762191
405 723 13 15 0.012762028
804 644 7 10 0.012759286
501 23 51 61 0.012757592
185 65 185 246 0.012755655
447 149 54 61 0.012752723
803 630 10 13 0.012741331
381 628 16 21 0.012740244
458 670 12 15 0.012736803
701 791 13 19 0.012731371
328 599 13 14 0.012729785
461 452 10 18 0.012723704
826 698 12 15 0.01271969
815 652 7 10 0.012718137
811 748 16 19 0.012716204
498 778 14 20 0.012716144
556 741 11 15 0.012711692
738 847 14 15 0.012710181
522 750 14 18 0.012703724
222 638 8 11 0.012703165
579 0 12 12 0.012700883
854 1005 40 54 0.012699359
366 714 9 13 0.012697889
37 703 15 20 0.012697627
141 840 21 25 0.012691902
437 225 16 20 0.012682004
568 760 9 12 0.012681216
516 683 13 16 0.012680237
58 689 9 10 0.012678413
583 647 7 10 0.012675704
453 746 10 14 0.012675611
277 954 14 15 0.012673344
712 778 11 15 0.012671736
267 751 10 13 0.012671682
987 0 14 11 0.012671166
625 904 19 21 0.012668251
620 612 15 15 0.0126605695
765 495 16 18 0.01266005
786 747 22 27 0.012654275
573 818 23 29 0.012651744
509 27 32 38 0.012649444
978 626 9 9 0.0126443785
515 641 9 11 0.0126425
287 721 25 29 0.012639554
46 710 28 37 0.012635948
976 1029 14 17 0.012632996
421 333 10 18 0.012631421
163 897 13 15 0.012627541
348 884 16 22 0.012627488
497 650 11 14 0.012626491
528 666 8 12 0.012624686
847 718 12 15 0.012624472
612 0 11 9 0.012622565
800 669 13 18 0.012622378
80 687 11 14 0.012617051
554 745 7 11 0.012613454
0 576 131 269 0.012607459
512 319 13 16 0.012602291
576 56 33 39 0.012600984
310 739 11 16 0.01259759
798 696 14 16 0.012591652
380 624 7 10 0.012586803
467 663 16 22 0.012586365
576 757 9 11 0.012577497
154 864 14 20 0.012577348
474 234 23 25 0.012574056
279 927 15 13 0.012574022
454 367 167 243 0.012569544
514 668 14 19 0.012564196
27 647 41 53 0.01256036
560 708 13 18 0.012555495
76 699 12 17 0.012554551
534 735 12 16 0.012550512
227 810 16 19 0.012549497
749 480 13 14 0.012543799
363 744 9 12 0.012533701
528 753 9 11 0.012526116
807 476 17 15 0.01252446
746 747 24 30 0.012519308
632 771 10 12 0.012517824
43 734 8 11 0.012517219
358 749 10 15 0.012513015
387 921 12 13 0.012512035
5 534 311 447 0.012510587
754 611 11 12 0.012509892
432 648 6 11 0.01250541
1005 464 14 17 0.012490992
498 652 17 20 0.012486363
796 643 10 12 0.012486138
715 793 15 19 0.012478624
81 703 8 12 0.012475583
61 676 21 26 0.012474192
590 790 13 18 0.012470067
262 630 9 9 0.012468835
961 941 14 16 0.0124671
121 904 18 18 0.012465482
484 285 14 17 0.012449489
59 696 28 37 0.012448003
507 704 10 13 0.012446577
622 637 11 17 0.012444147
214 107 78 124 0.0124421045
531 246 19 27 0.012438308
170 854 14 15 0.012425578
254 640 7 10 0.012418643
754 893 16 17 0.012418024
774 812 14 17 0.01241652
370 654 11 14 0.012412707
884 624 8 9 0.012411577
586 532 27 36 0.012411313
558 495 15 14 0.012410539
606 767 8 10 0.012405201
35 709 21 27 0.012397345
369 883 8 14 0.01238836
112 0 61 56 0.012388127
280 949 12 12 0.012386705
465 750 16 18 0.012386164
582 796 11 11 0.012383099
580 655 7 10 0.012382082
782 633 8 9 0.012379518
43 712 16 19 0.012379131
582 652 8 10 0.012373526
320 906 9 13 0.012372825
489 724 9 13 0.012372684
613 761 9 12 0.012370295
313 760 15 15 0.012367986
741 758 30 37 0.012367175
428 263 28 38 0.012366095
576 588 16 20 0.012364486
429 575 20 17 0.012351033
71 80 75 107 0.012349048
761 785 13 12 0.012340238
260 645 7 10 0.01233878
697 808 14 18 0.012337001
267 759 13 15 0.012333548
873 712 11 9 0.012331106
502 641 10 11 0.012330509
716 777 11 13 0.012329522
868 637 9 10 0.012328719
265 0 424 309 0.01232388
329 679 29 38 0.012323796
611 678 13 20 0.012319545
0 632 12 22 0.012317574
526 0 12 10 0.012314071
863 604 34 28 0.012313131
433 348 17 19 0.012307505
551 758 13 18 0.0123052085
594 0 11 10 0.012304764
461 520 85 110 0.012296937
77 869 16 22 0.01229595
250 0 12 11 0.012293907
753 0 12 9 0.012288829
62 654 43 61 0.012288724
68 694 12 15 0.012279315
475 258 25 32 0.0122784525
179 866 15 17 0.012275448
604 649 7 9 0.01227346
484 732 11 15 0.012272852
473 437 22 21 0.012270509
23 0 27 24 0.012268362
267 636 14 16 0.012266585
258 0 12 10 0.01226453
1011 0 13 25 0.012261937
275 784 29 41 0.012260063
404 631 7 10 0.012258055
207 0 191 144 0.012256222
839 649 7 10 0.012251909
39 550 88 121 0.012251697
473 701 28 38 0.012249436
711 917 258 211 0.012247639
394 623 7 9 0.01224724
334 738 17 22 0.012245113
84 681 9 10 0.012240725
522 675 12 17 0.012239431
34 655 28 34 0.012238636
40 717 8 11 0.012238364
139 553 87 99 0.012235124
765 783 23 24 0.012231483
701 764 48 57 0.012229166
227 597 72 86 0.012228545
0 583 8 21 0.012222905
227 921 17 18 0.01222129
427 232 59 71 0.012220118
470 645 14 19 0.012219111
463 666 13 18 0.01220839
126 911 16 16 0.012206652
559 750 13 18 0.012201978
469 652 15 20 0.01220059
717 736 9 12 0.01219898
282 641 8 10 0.012198037
351 566 19 22 0.01219057
484 295 18 24 0.012189918
165 906 9 11 0.01218747
32 710 11 15 0.01218665
282 94 23 29 0.012175587
500 284 10 14 0.012175392
563 0 13 10 0.012173444
231 667 8 9 0.012161283
134 680 9 10 0.012155918
174 869 16 19 0.012154784
370 564 9 11 0.012154147
847 706 11 16 0.012153786
252 666 7 11 0.012152397
511 357 181 257 0.012151548
554 749 7 11 0.012139478
845 515 13 15 0.012139179
609 766 9 12 0.012138399
1004 604 18 17 0.012133964
797 647 12 16 0.0121331755
513 749 14 19 0.012131822
829 745 21 27 0.012119474
46 693 11 15 0.0121138105
317 615 7 9 0.012100431
339 823 16 20 0.012099218
309 921 29 35 0.012097733
506 283 9 11 0.0120955445
77 412 204 235 0.012093579
246 656 7 10 0.012091802
55 717 19 17 0.012090617
7 669 51 76 0.012086625
366 720 9 13 0.012085573
628 655 9 11 0.012083032
387 744 7 11 0.012082153
353 637 10 9 0.0120791495
633 653 7 9 0.012072313
374 660 9 19 0.012069284
542 734 9 10 0.012069111
521 655 11 15 0.012065637
987 624 12 12 0.012062291
497 664 81 115 0.012057665
591 909 258 219 0.012056414
789 757 15 20 0.012051564
506 315 9 9 0.012047908
518 735 10 16 0.012041703
263 664 14 17 0.012041452
268 747 13 16 0.012040254
582 774 10 15 0.012039154
605 696 7 9 0.012034699
268 760 26 37 0.012031666
857 634 9 12 0.012028766
770 629 11 12 0.012026864
686 744 19 26 0.012023135
339 746 23 32 0.012021578
158 856 11 15 0.012015274
549 722 21 29 0.011996079
968 555 23 27 0.011995336
590 633 8 10 0.0119940415
342 735 10 15 0.0119928345
280 823 21 26 0.011988229
867 467 28 38 0.01198701
568 487 173 248 0.011985271
835 0 11 9 0.011982792
714 784 19 23 0.011980713
862 638 6 10 0.011976689
509 770 16 18 0.011972484
493 703 9 12 0.011972214
49 690 11 14 0.011968877
54 720 10 11 0.011968823
315 942 11 13 0.011963188
570 0 13 10 0.011960646
382 902 12 10 0.01195883
216 0 29 25 0.011958709
461 666 21 27 0.011950995
382 649 7 10 0.011949862
833 725 11 15 0.011948105
32 721 8 10 0.011941692
88 834 19 24 0.011939416
369 577 39 46 0.011938007
236 88 31 37 0.0119374925
121 923 16 15 0.011932473
225 531 72 60 0.011926222
876 503 14 17 0.011920358
831 747 15 17 0.011919416
943 654 14 15 0.01191794
352 748 13 16 0.011910399
622 609 10 10 0.011910267
865 592 78 97 0.011906943
899 32 125 307 0.011906405
487 290 12 17 0.011905363
564 715 9 13 0.011900845
315 925 13 13 0.011897643
243 626 13 16 0.011895442
638 779 15 18 0.011891767
624 612 9 10 0.011890798
723 743 10 12 0.011883907
469 449 13 21 0.011882749
745 638 8 9 0.011878562
410 631 7 9 0.011875724
340 926 17 19 0.011872871
103 188 103 133 0.011871765
579 736 12 15 0.011871117
474 644 9 12 0.011869917
367 658 12 18 0.011868262
309 882 15 22 0.0118680885
336 809 17 23 0.011866779
929 428 27 28 0.011865612
622 747 9 10 0.011861448
301 742 9 12 0.0118576065
475 651 15 19 0.011848387
268 944 10 10 0.011845928
314 637 13 14 0.011840963
590 648 9 10 0.011840112
762 632 74 101 0.011834076
801 632 7 10 0.011829154
48 17 14 18 0.0118272
88 826 16 15 0.01182493
168 0 79 70 0.011823015
477 728 24 29 0.011818696
701 579 159 228 0.011818385
835 732 10 14 0.01181815
724 728 13 15 0.011814516
823 684 24 26 0.011804858
504 211 438 530 0.011800767
784 647 8 10 0.011798268
445 537 10 15 0.011796937
973 513 15 17 0.011796438
622 624 9 11 0.0117962845
48 729 23 30 0.011794592
457 560 150 213 0.0117942
918 447 12 17 0.0117925
792 753 23 27 0.011789487
169 873 16 20 0.011785353
291 101 12 16 0.011784253
971 544 16 20 0.011783149
334 689 16 18 0.01178153
592 676 7 9 0.011779747
668 511 82 104 0.01177391
1022 0 2 19 0.011773168
742 813 19 21 0.011769258
273 813 24 28 0.0117675075
444 237 10 12 0.011766353
976 467 13 18 0.0117631545
121 885 26 28 0.0117628
234 421 19 18 0.011761039
943 717 25 29 0.011759681
301 745 14 19 0.011753291
647 740 7 10 0.011749769
687 760 10 12 0.011746468
702 788 28 33 0.011745558
326 914 9 13 0.011745192
240 538 10 12 0.011744746
868 525 66 82 0.0117429625
535 244 13 19 0.011742737
459 0 11 9 0.011737295
566 712 12 18 0.011733623
446 233 11 13 0.011731177
52 20 14 18 0.011727098
672 96 220 285 0.011724979
737 499 287 512 0.011718179
553 769 28 36 0.011717262
322 629 8 9 0.011715685
838 743 17 21 0.01171558
0 151 123 271 0.01170365
578 99 34 38 0.011703602
511 722 12 15 0.011702708
587 637 14 17 0.011702234
522 661 13 19 0.011701387
248 653 7 9 0.011700918
739 0 11 9 0.01170026
567 702 17 22 0.011698695
760 797 22 23 0.011694962
491 152 46 51 0.011693969
293 751 12 15 0.011692511
226 645 12 16 0.011687339
804 668 7 11 0.011684048
68 646 13 20 0.0116837
373 893 8 12 0.011683334
531 652 10 13 0.011680352
605 0 11 9 0.011673801
494 517 85 115 0.011669938
63 0 59 55 0.011669509
521 682 13 16 0.011667985
588 784 20 19 0.011666025
782 655 8 10 0.011662282
321 1084 17 17 0.011657689
330 921 10 12 0.011652211
238 632 14 16 0.011651855
541 764 10 13 0.011651195
75 725 14 19 0.011646576
591 701 11 15 0.011643697
392 1107 17 21 0.011635257
518 641 10 13 0.011634366
312 732 15 20 0.011632536
452 648 49 68 0.011631777
794 629 8 10 0.011631633
539 684 10 12 0.011626489
26 656 78 112 0.011626206
327 675 11 13 0.011624506
538 770 9 10 0.011624026
268 739 26 33 0.011623249
327 942 14 16 0.011621136
439 529 9 19 0.01161884
800 750 24 29 0.011618443
58 693 9 10 0.011614969
584 0 13 11 0.01161332
482 614 14 17 0.011609379
74 686 8 10 0.011600091
203 873 21 27 0.011598341
330 938 14 18 0.011597905
596 705 7 9 0.011597716
838 727 18 21 0.011595399
0 0 329 296 0.011593748
842 648 7 10 0.011592328
398 771 8 10 0.01159228
236 629 12 13 0.011591462
314 879 19 25 0.011586888
929 490 15 18 0.011582126
318 887 9 14 0.011578367
315 754 19 23 0.011574959
627 623 9 12 0.01157433
346 915 19 19 0.01157431
702 800 21 28 0.011572389
597 749 11 16 0.011567367
762 652 8 10 0.011565159
579 633 11 14 0.011562447
384 585 30 33 0.011562382
647 763 13 16 0.011559313
0 969 15 30 0.011554058
333 269 52 60 0.011552772
524 255 11 14 0.011551824
135 911 13 15 0.011541688
80 609 80 111 0.011537305
650 744 8 11 0.011531242
556 666 79 113 0.011526263
44 695 8 12 0.011525689
0 14 26 43 0.011525133
253 939 20 18 0.011524208
415 642 8 10 0.01152033
498 251 11 14 0.011520097
598 118 112 166 0.011517523
822 755 23 29 0.011512169
370 713 8 11 0.011511219
234 630 8 9 0.011510566
293 747 46 62 0.011508907
499 281 24 29 0.011506932
33 0 16 14 0.0115049975
586 698 80 110 0.011502874
56 643 21 30 0.011501915
561 766 8 10 0.01150183
784 653 7 10 0.011501177
726 794 16 18 0.011496729
700 733 14 15 0.011495271
126 924 18 16 0.011494899
374 563 19 22 0.011493168
512 257 10 15 0.011486236
302 906 12 16 0.011485639
574 686 7 11 0.011485082
779 652 8 11 0.011484317
376 725 10 14 0.01148373
614 640 12 16 0.011480402
820 594 16 20 0.011469302
960 613 10 13 0.011465973
54 56 73 104 0.011464441
423 638 13 14 0.01146276
593 765 11 17 0.011460077
258 764 25 35 0.011459706
351 577 45 54 0.011459491
463 670 27 36 0.011458918
777 296 247 383 0.01145176
624 777 16 19 0.011450358
970 405 28 39 0.01144807
66 727 15 19 0.011445702
891 608 7 9 0.011443939
643 775 13 17 0.011443422
225 634 13 15 0.01144152
154 915 11 13 0.011438093
586 65 18 29 0.011437703
346 832 16 23 0.011435212
970 920 13 15 0.011435025
781 751 20 27 0.011434427
761 626 9 10 0.011433092
795 626 11 11 0.011431142
618 680 13 21 0.011430484
843 732 15 19 0.011426207
984 643 9 10 0.0114261415
798 536 29 39 0.011424809
575 829 10 17 0.011421965
268 795 28 38 0.011419917
495 264 13 16 0.011419068
589 0 12 9 0.011417213
480 680 52 70 0.011414818
280 960 11 12 0.011413611
56 734 8 10 0.011411693
60 657 10 13 0.0114039425
569 746 9 12 0.011403891
804 673 8 12 0.011401225
673 9 223 254 0.011398591
114 767 16 19 0.011395241
235 418 31 29 0.011394643
30 694 30 39 0.011392325
284 143 43 54 0.011392007
800 795 44 39 0.011391359
606 674 8 11 0.011386737
228 913 12 12 0.011386047
754 686 47 59 0.011385933
375 901 8 10 0.011385832
189 856 15 20 0.011385459
748 625 7 9 0.011381953
563 753 7 9 0.011381694
227 640 12 14 0.011380964
740 671 77 102 0.011380344
572 791 16 20 0.011378861
778 811 10 12 0.011377153
983 607 9 12 0.011374148
566 794 14 19 0.011374012
331 672 41 57 0.01136936
752 653 7 9 0.011367311
703 619 26 25 0.011360296
916 572 25 30 0.011356948
49 669 8 12 0.011353957
353 1115 15 13 0.011353522
506 835 16 18 0.011351877
569 708 20 30 0.011351007
846 0 178 216 0.011346698
502 606 22 28 0.011346257
514 689 15 17 0.011345354
250 931 19 19 0.0113409525
244 552 12 11 0.011339972
999 0 25 78 0.011338234
573 672 17 23 0.011336003
0 289 7 17 0.011333909
94 0 52 44 0.011332543
0 577 14 20 0.011330857
441 558 78 99 0.01132753
857 1024 27 37 0.011323143
48 0 16 13 0.011319905
82 715 11 16 0.011314857
592 708 12 15 0.011314479
97 0 28 23 0.011313321
418 732 15 18 0.0113133155
57 703 17 19 0.011312657
244 923 27 29 0.011308838
777 633 10 11 0.011304366
75 683 14 18 0.011301811
365 702 15 17 0.01130172
349 635 14 18 0.011300837
463 726 9 12 0.011300027
331 891 13 16 0.011298334
585 642 8 10 0.011297475
611 772 15 18 0.011295087
463 250 31 37 0.011293748
0 451 11 21 0.0112916855
386 633 14 17 0.011291079
293 886 10 15 0.011286767
513 646 11 15 0.011285806
73 730 8 10 0.011284794
441 534 10 18 0.011283839
374 854 17 20 0.01128368
613 733 26 30 0.011283671
544 0 12 11 0.01128349
389 395 71 89 0.011282541
633 630 8 10 0.011278818
230 644 13 16 0.011277861
481 646 50 68 0.011276207
268 777 28 42 0.011273808
953 651 8 9 0.011273595
805 657 10 13 0.011273388
34 21 13 18 0.011272049
46 401 61 86 0.011270851
487 189 29 31 0.011266803
420 913 24 29 0.011265205
249 635 8 10 0.011264392
64 661 11 15 0.0112626925
798 744 14 17 0.01126218
962 0 62 78 0.011259424
328 893 11 12 0.011257595
805 617 10 12 0.011256263
616 695 80 112 0.011255165
781 636 11 14 0.011252498
317 919 16 19 0.011251946
852 721 9 12 0.011251592
707 808 25 27 0.011243622
674 623 25 28 0.011243128
941 635 11 12 0.011242637
571 787 12 15 0.011240581
506 2 15 16 0.011238741
83 701 11 16 0.011238336
59 733 14 19 0.011237568
467 385 24 30 0.01123695
295 914 8 10 0.011235126
553 759 7 10 0.011234918
135 0 27 25 0.011232935
517 260 10 13 0.011230619
606 630 14 17 0.011228247
272 629 8 10 0.011223098
263 635 13 16 0.011220976
315 781 29 29 0.011220281
38 0 27 25 0.011219213
290 709 28 32 0.011218535
224 650 6 9 0.011212995
135 657 14 17 0.011212101
524 663 8 12 0.011208886
40 0 16 13 0.011208166
923 157 101 273 0.011206606
261 639 19 24 0.011206594
597 765 12 16 0.011205689
581 665 14 17 0.01120545
513 660 15 20 0.01120342
43 733 15 22 0.011197483
293 894 14 18 0.011193992
33 696 52 77 0.011193892
730 730 27 33 0.011193685
0 656 9 14 0.011191423
791 517 82 107 0.011187425
407 281 32 41 0.011186821
324 690 48 62 0.011185596
731 747 12 16 0.011183718
72 713 13 17 0.011178392
347 626 20 21 0.011177141
52 724 8 9 0.011176588
744 625 7 9 0.01117518
1 240 28 40 0.011171211
791 638 12 16 0.011165008
25 0 16 13 0.011163574
440 262 42 56 0.0111585045
210 454 59 70 0.011157038
907 614 9 10 0.011153219
603 207 111 171 0.0111471405
577 678 18 24 0.011146947
946 627 14 16 0.011146096
282 629 7 10 0.011145113
746 642 14 18 0.011142611
73 697 12 15 0.011141544
240 626 23 28 0.01113344
460 596 42 59 0.011131274
360 621 14 13 0.011128506
120 216 115 157 0.011125717
349 828 18 22 0.011122399
193 258 21 27 0.011118599
533 0 12 9 0.0111169275
468 675 9 13 0.011116155
55 23 14 19 0.011114171
529 515 80 109 0.011112263
604 653 8 9 0.0111099295
552 0 12 9 0.011109811
59 27 14 19 0.011109106
783 692 43 58 0.01110465
993 1029 16 22 0.011102419
531 618 11 10 0.011100974
542 768 49 65 0.011100061
432 234 16 17 0.011098728
781 647 13 14 0.011098509
312 664 10 13 0.011097493
114 664 13 15 0.01109478
27 24 68 103 0.011093883
326 670 9 10 0.011093198
97 939 256 189 0.011092225
715 706 16 18 0.011090989
554 754 7 9 0.011088774
52 655 15 20 0.011087227
154 852 18 21 0.011084186
795 681 76 95 0.011080494
599 784 18 15 0.011079865
505 714 10 13 0.011072912
217 911 17 16 0.011072815
527 643 11 14 0.011071778
0 0 8 11 0.011071379
760 664 8 10 0.011069486
707 732 13 17 0.0110692065
41 708 15 17 0.011061554
991 619 10 9 0.011052769
788 730 16 16 0.011051526
845 691 20 23 0.0110514695
165 896 9 10 0.011048327
381 599 16 18 0.011047857
167 894 13 13 0.011046259
332 924 23 27 0.011046098
818 651 8 11 0.011045677
423 638 9 10 0.011045034
432 633 9 12 0.011044023
705 670 83 108 0.011043275
351 891 10 14 0.0110426275
565 727 14 19 0.011042521
597 636 11 14 0.011041196
435 218 16 19 0.011040943
239 541 25 26 0.011038597
420 732 11 12 0.011035607
966 608 8 10 0.011026898
30 18 13 17 0.011024632
804 635 13 17 0.011023154
597 657 12 13 0.011020549
258 626 11 13 0.011019784
621 638 9 13 0.011012745
761 821 22 25 0.011012034
652 754 11 13 0.011010875
753 614 9 10 0.01100846
368 865 60 70 0.011007833
558 721 12 16 0.01100578
558 714 11 14 0.011005388
40 723 21 29 0.011003982
625 703 8 9 0.011003485
41 17 14 17 0.011002618
36 729 10 13 0.011001133
336 699 22 24 0.010996216
577 664 11 14 0.010991924
53 9 73 104 0.010991384
984 0 12 9 0.010988717
343 727 9 10 0.010988433
490 708 9 12 0.010987167
377 917 21 17 0.010986241
59 20 14 19 0.010981372
585 679 12 15 0.010976373
380 643 9 11 0.010975995
30 25 14 17 0.01097394
485 921 235 207 0.010970661
544 771 14 18 0.010966939
34 28 13 18 0.010965463
226 673 8 9 0.010962503
494 528 32 35 0.010959723
505 655 16 17 0.010959668
18 0 15 13 0.010958837
778 1019 69 80 0.010956926
350 879 8 12 0.010956279
586 669 13 16 0.010955987
60 712 27 35 0.010955606
501 610 9 11 0.010949772
559 763 6 9 0.010948727
982 554 16 18 0.010939331
297 630 8 10 0.01093843
361 747 12 19 0.010938315
737 872 8 10 0.010933909
37 25 13 17 0.010933217
577 245 107 160 0.010930942
381 621 13 17 0.010930337
47 730 8 10 0.01092889
642 566 164 233 0.010925221
168 882 13 16 0.010924213
48 27 14 19 0.010921396
477 616 16 19 0.010918645
440 768 14 18 0.010917705
431 241 13 14 0.010916998
799 682 14 18 0.010916172
45 571 25 28 0.01090867
323 693 12 16 0.010908405
518 251 27 34 0.010905925
656 569 24 35 0.010905353
48 682 9 11 0.0109043345
798 718 13 18 0.010899647
741 772 22 25 0.010897159
460 754 9 11 0.0108964415
363 732 10 13 0.010895461
515 308 10 13 0.010893611
508 241 24 27 0.010890743
374 0 203 135 0.010884211
71 667 11 15 0.010883435
550 800 20 28 0.010874504
284 638 8 10 0.0108742025
443 538 17 20 0.010873449
511 743 11 18 0.010872664
767 814 15 17 0.010871917
114 0 16 15 0.010866714
771 473 11 12 0.010865362
412 647 8 10 0.010865126
569 56 48 62 0.010864837
835 737 10 15 0.010860079
829 728 33 42 0.010857908
327 664 23 23 0.010857246
265 677 11 16 0.010856749
123 16 34 46 0.010854657
482 765 12 15 0.010853697
844 835 10 14 0.010851883
677 734 15 20 0.010851018
571 725 21 29 0.010846092
278 513 16 22 0.010842007
222 0 10 9 0.010839144
362 647 7 10 0.010838401
303 164 29 43 0.010829707
536 699 8 11 0.0108254375
694 769 10 13 0.01082283
0 401 7 16 0.010820446
867 607 11 9 0.010817427
150 848 17 22 0.010813089
295 727 13 16 0.010812544
353 822 27 33 0.010812511
80 696 11 16 0.01080878
630 370 394 501 0.010805893
34 768 17 20 0.010801195
756 775 21 22 0.010800204
174 860 16 20 0.010798446
357 640 8 10 0.0107973125
0 675 10 13 0.010796846
529 806 19 19 0.010796152
296 927 11 12 0.010795291
355 859 33 40 0.010793318
347 357 151 204 0.0107908435
788 627 18 25 0.01078959
455 432 19 29 0.0107885795
770 620 56 72 0.0107885515
33 14 14 18 0.010787911
491 666 28 38 0.010785379
0 838 17 20 0.010784846
420 640 10 10 0.010784372
967 629 11 12 0.010784319
601 748 11 14 0.010783729
738 724 78 104 0.0107798055
601 768 12 16 0.010779419
0 972 7 15 0.010776908
596 729 13 19 0.010774787
595 756 8 12 0.010766414
773 626 9 9 0.010766344
545 722 41 52 0.010765498
616 776 14 18 0.010763349
402 626 7 9 0.010763128
524 678 7 12 0.01076289
298 633 9 14 0.010761338
63 24 14 18 0.0107606435
766 604 16 19 0.010760274
41 699 22 29 0.01075977
654 747 8 11 0.010759009
625 683 7 11 0.010757643
387 524 24 30 0.0107572265
162 880 15 19 0.010756795
957 628 11 13 0.010755531
31 256 117 153 0.010755043
454 963 11 11 0.0107538635
807 676 7 11 0.010752375
491 651 28 36 0.0107519645
581 792 14 19 0.010747421
478 212 14 21 0.010744782
38 710 10 13 0.010741946
726 809 15 17 0.010738612
45 660 16 20 0.01073842
752 619 15 18 0.010737097
77 694 11 15 0.010736103
538 714 24 30 0.010735702
805 687 27 37 0.010734732
279 51 101 131 0.010734496
487 702 10 13 0.010733421
491 762 13 17 0.0107329525
778 735 23 29 0.010730024
521 732 7 9 0.010727741
252 8 190 219 0.010727301
567 669 11 16 0.0107264565
535 770 9 11 0.010726454
164 849 15 18 0.010725486
693 808 13 16 0.010725353
725 745 12 15 0.010725244
327 904 44 48 0.010724338
339 875 21 31 0.010722285
312 996 15 13 0.010721468
45 32 14 18 0.010718645
433 641 6 10 0.010718304
662 740 16 19 0.010714595
415 906 14 15 0.0107134
53 0 27 25 0.010711321
452 729 9 13 0.010710178
554 756 26 33 0.010706357
569 633 8 10 0.010706104
341 720 11 13 0.010704192
163 875 26 27 0.010703982
817 703 10 13 0.010703811
751 121 112 169 0.010703534
45 24 14 18 0.010702598
529 698 77 108 0.010700668
244 633 11 14 0.010698354
306 744 11 14 0.01069607
313 751 12 14 0.010695525
566 500 24 20 0.010693714
753 783 11 14 0.010690774
37 32 14 17 0.010690051
400 617 12 15 0.010688483
55 0 16 14 0.01068739
133 798 15 14 0.0106853
733 850 18 22 0.010685231
740 739 23 30 0.010682712
838 735 16 20 0.010681304
763 782 9 11 0.01068092
935 619 8 10 0.01067869
569 755 8 10 0.010678508
781 641 8 10 0.010671657
148 0 29 26 0.010671379
712 795 25 30 0.010667467
1001 678 13 15 0.010664405
254 647 8 10 0.010664028
551 801 32 46 0.010663961
441 752 14 19 0.01066294
402 802 14 17 0.010662553
616 597 7 9 0.010662238
636 774 21 27 0.0106528215
368 637 8 9 0.010651752
276 922 19 14 0.010651686
594 663 12 14 0.010651338
347 839 29 40 0.01065128
192 885 12 16 0.010650718
388 764 14 19 0.010644838
581 752 24 32 0.010643071
259 14 32 37 0.010642701
950 611 8 10 0.010638055
363 711 9 11 0.010637726
487 224 12 16 0.010634012
55 31 15 19 0.010633779
112 0 27 22 0.010628656
231 426 35 39 0.010626191
723 730 9 11 0.010622626
571 655 11 13 0.010622492
496 735 13 18 0.010622488
131 918 16 17 0.010617521
612 342 202 256 0.010615417
738 803 14 14 0.010615414
455 531 15 19 0.010609282
429 365 41 62 0.010608616
398 653 7 10 0.010607461
281 944 18 15 0.010605702
940 899 14 16 0.010605246
897 731 127 319 0.010604193
480 678 10 11 0.010602718
813 616 11 13 0.0106011545
153 1 112 124 0.010601064
781 628 11 12 0.010598022
691 780 15 20 0.010597142
452 273 53 73 0.010595292
86 682 12 14 0.010590568
864 634 7 10 0.010588763
173 890 16 15 0.010579172
734 819 19 17 0.010577527
603 744 7 11 0.010577249
174 992 144 136 0.010572496
557 741 16 21 0.010572398
845 647 8 9 0.0105718905
371 889 9 13 0.010570991
308 149 28 36 0.01056815
782 641 12 15 0.010566569
318 953 10 14 0.010565782
632 782 11 12 0.010565373
978 625 22 25 0.010564651
0 642 151 350 0.0105646
289 830 13 15 0.010563707
496 262 43 54 0.010563445
277 663 7 10 0.010561692
72 731 12 15 0.010561531
684 695 16 18 0.010561106
190 772 15 17 0.010558019
0 585 13 31 0.010556863
116 662 10 10 0.010555756
486 643 10 11 0.01055427
245 647 13 15 0.010552031
444 374 33 48 0.010551714
446 749 9 9 0.010550554
956 146 68 198 0.010549909
0 971 5 10 0.010549632
261 24 22 23 0.010548821
773 14 57 71 0.010548701
442 247 37 47 0.010548502
455 836 21 16 0.010548285
590 775 17 20 0.010548199
779 57 116 176 0.010547193
610 51 219 279 0.010543194
494 734 9 12 0.010542566
129 1021 21 22 0.010540582
479 749 15 19 0.0105393855
194 466 15 18 0.010537956
467 744 10 12 0.010537593
528 760 9 11 0.010536654
794 647 7 9 0.0105340835
439 628 81 113 0.0105332965
257 627 7 9 0.010530218
73 690 11 15 0.0105301635
62 30 15 20 0.010527413
602 762 11 14 0.010527306
435 345 47 65 0.010523446
571 563 15 16 0.010518469
944 476 22 26 0.010517319
29 9 14 19 0.01051385
501 310 15 15 0.010513781
16 575 51 58 0.010512871
238 641 13 15 0.010512533
409 241 9 12 0.0105120335
1 526 93 133 0.010510718
640 738 8 11 0.010509411
956 949 15 20 0.010506374
788 630 8 9 0.010506032
312 766 26 33 0.010502626
924 494 14 17 0.010498509
502 288 12 16 0.010497378
510 619 13 16 0.010495654
48 35 15 18 0.010495506
189 434 66 75 0.01049318
622 622 21 27 0.010493154
329 939 10 12 0.010491547
222 814 17 21 0.010490296
485 743 10 13 0.010485931
495 758 19 24 0.010482705
762 777 12 14 0.010480397
758 732 15 18 0.010478281
350 883 8 13 0.01047767
405 601 13 15 0.010477445
476 646 9 13 0.010476915
58 659 8 10 0.010476755
821 741 11 11 0.010473657
544 738 46 63 0.0104734665
72 704 13 17 0.010472012
508 284 11 13 0.010471416
806 563 48 60 0.010471223
37 685 12 16 0.010469992
444 211 74 94 0.010466112
466 729 22 28 0.010465628
0 266 13 33 0.010465005
723 774 15 16 0.010465004
41 28 13 18 0.010463873
232 915 11 11 0.010462892
615 759 12 14 0.010462283
29 90 125 153 0.010460834
538 0 12 9 0.010460677
867 601 49 39 0.010460477
361 626 11 12 0.01045698
767 778 9 11 0.01045531
529 667 12 16 0.010453295
1 226 26 39 0.010451219
562 510 76 103 0.010447858
631 175 114 175 0.010447517
466 693 9 13 0.010446838
394 235 58 68 0.010446549
42 716 12 13 0.010446254
632 648 14 15 0.010446005
567 795 22 30 0.0104455445
460 680 15 21 0.010445525
413 628 7 9 0.010445263
247 630 11 14 0.010442204
522 793 19 21 0.010438477
528 768 8 10 0.010436971
30 31 14 18 0.010436092
822 630 9 10 0.010433584
275 929 15 15 0.010431943
205 894 15 21 0.010431835
349 873 11 16 0.01043122
508 265 10 12 0.0104298135
53 715 12 12 0.010429502
0 313 27 43 0.010429163
322 881 23 29 0.010426214
451 738 8 10 0.010423151
26 28 13 18 0.01042179
801 748 14 18 0.010416725
307 900 20 27 0.010414935
333 947 11 13 0.010414759
498 750 14 20 0.010413794
549 769 16 21 0.010413567
791 697 18 19 0.01040957
528 789 22 26 0.010409396
748 621 7 10 0.010408965
953 756 15 18 0.010407989
554 101 217 284 0.010405678
486 256 8 10 0.010405402
326 912 21 27 0.010404564
221 859 29 30 0.010402735
889 604 13 16 0.010400563
240 647 13 16 0.010397687
417 334 29 30 0.010397311
455 264 30 37 0.010395054
382 897 17 16 0.0103937425
811 660 44 60 0.010393655
288 744 22 28 0.010393381
311 950 19 23 0.010391981
283 649 6 9 0.010391617
787 736 15 18 0.010390034
0 228 13 34 0.010390034
853 622 10 15 0.010389496
752 660 8 10 0.010388067
0 655 5 12 0.010385376
797 633 17 25 0.010383445
66 721 15 17 0.0103813885
1 189 27 37 0.010381225
44 670 12 16 0.01037788
252 670 7 10 0.010377089
243 0 12 10 0.010375064
597 798 19 20 0.010374275
26 21 13 17 0.010373378
19 21 13 17 0.010373303
26 14 13 17 0.010371588
260 120 68 90 0.010370005
855 624 7 10 0.01036679
0 576 5 12 0.010363566
169 1055 87 73 0.010362975
448 875 14 16 0.010360845
730 898 24 29 0.010360204
383 619 8 10 0.0103600435
715 782 13 17 0.010358218
914 444 24 33 0.010357433
571 700 10 12 0.010356026
278 319 189 227 0.010354813
396 970 14 14 0.010353233
565 757 10 13 0.010352749
331 674 17 18 0.01035086
898 418 29 27 0.010349298
165 577 85 100 0.010344588
445 742 17 21 0.010344144
410 577 78 106 0.010343511
423 1115 17 13 0.010343338
243 229 16 17 0.010341542
35 1116 17 12 0.010339835
0 264 174 255 0.010332935
789 625 8 10 0.010331941
994 0 14 11 0.010331768
563 789 21 28 0.01033154
452 391 11 16 0.010331349
237 262 29 39 0.010330724
477 290 19 26 0.010328162
458 511 19 22 0.010328137
490 733 8 12 0.01032771
86 706 11 15 0.010327238
790 638 6 10 0.010326591
63 17 14 18 0.010322915
605 620 13 16 0.010322251
301 894 12 14 0.010319713
361 720 9 14 0.01031883
617 681 8 11 0.010318352
306 791 18 19 0.010316199
662 144 114 177 0.010313153
42 687 20 27 0.010312694
433 786 11 17 0.010312588
535 719 17 21 0.010312535
125 599 52 65 0.010310034
476 667 28 38 0.010308157
374 515 94 109 0.010304995
249 91 30 36 0.010303401
635 652 9 9 0.010303001
562 777 10 14 0.010301295
1016 1106 8 22 0.010298166
272 913 32 34 0.010298062
23 25 12 17 0.01029768
400 623 11 15 0.010294227
605 303 109 157 0.010294014
223 214 15 18 0.010293735
437 767 12 20 0.010290496
965 632 9 11 0.010289663
81 719 13 19 0.010283873
255 0 10 9 0.010280751
430 352 15 16 0.010280728
561 704 9 11 0.010279203
953 542 19 21 0.010278195
96 872 20 16 0.010277033
519 237 20 23 0.010276808
602 655 11 13 0.0102763185
497 644 10 10 0.01027588
247 637 11 15 0.010274205
70 859 15 16 0.010273741
593 634 11 14 0.010271841
335 726 38 45 0.010270022
420 625 8 10 0.010268975
128 711 14 18 0.010268795
952 552 26 30 0.0102653615
703 725 44 55 0.010261897
182 872 15 17 0.010260593
169 864 16 19 0.010260242
574 637 7 9 0.010257774
488 594 18 25 0.010253381
22 9 14 19 0.010252182
319 618 13 16 0.01025217
469 238 16 19 0.010250559
63 729 21 29 0.010247568
731 755 47 56 0.010246726
749 647 58 77 0.010246238
516 626 8 10 0.010244055
793 626 8 9 0.01024241
209 0 14 9 0.010241683
540 793 51 71 0.010240419
227 666 7 9 0.010239333
344 938 25 25 0.01023903
523 0 23 18 0.010238123
376 973 14 17 0.010235269
524 643 7 9 0.010234319
0 251 13 33 0.0102338595
0 393 201 497 0.010233677
0 572 37 56 0.010231716
327 923 12 15 0.01022938
472 514 24 33 0.010229181
240 547 14 14 0.010228822
758 889 16 16 0.010224892
427 632 10 11 0.010223234
946 544 27 31 0.010222317
924 486 15 19 0.010221152
416 240 38 49 0.01022108
547 754 21 26 0.010220751
998 638 9 9 0.010218846
41 35 14 18 0.010218575
360 638 7 9 0.01021845
852 706 12 15 0.010214132
227 646 8 10 0.010213519
67 20 14 18 0.010210053
191 192 101 142 0.010209958
342 893 9 12 0.010209602
773 478 14 16 0.010209354
943 651 8 10 0.010208677
740 629 8 9 0.010208471
221 918 13 14 0.010205883
498 197 36 40 0.01020521
142 590 64 75 0.010204876
368 893 26 33 0.010204482
932 484 15 18 0.010204261
164 844 11 17 0.01020181
531 686 12 16 0.010201723
63 0 15 14 0.010196026
961 565 31 39 0.010193891
376 965 15 19 0.010193606
0 644 29 58 0.010190525
784 623 12 14 0.010188379
904 571 29 31 0.010183535
66 27 15 19 0.0101807965
356 701 16 18 0.0101781925
283 792 29 38 0.010178144
224 904 21 20 0.010178039
824 406 98 82 0.010175569
783 762 14 19 0.010174919
599 644 11 13 0.010172726
64 222 119 156 0.010172577
959 944 17 21 0.010172133
371 905 8 17 0.010170081
603 753 8 11 0.010168795
596 778 16 17 0.010168006
18 445 26 34 0.010165986
790 718 15 19 0.01016463
372 649 10 13 0.010164166
1019 593 5 38 0.010163582
70 730 8 11 0.010163158
85 1115 16 13 0.010159901
494 846 16 17 0.010157882
204 0 81 72 0.010157485
267 599 29 36 0.010157393
408 726 14 16 0.010156914
0 296 7 18 0.010156435
772 774 14 19 0.010155334
851 648 7 9 0.010155197
395 281 32 40 0.0101530105
55 14 14 18 0.010152575
603 503 93 114 0.010152355
789 647 7 9 0.010152326
563 848 16 19 0.010151908
784 707 55 75 0.010150337
352 878 35 41 0.010148862
158 887 13 15 0.0101457145
806 698 13 15 0.010145281
362 714 9 14 0.010144996
388 286 26 35 0.010143813
9 0 24 22 0.010142685
48 645 26 37 0.010142563
20 1056 64 72 0.010141609
843 466 32 38 0.010141219
674 572 29 37 0.010141063
492 308 16 20 0.010140958
163 903 9 11 0.010140816
122 916 16 15 0.010139662
22 17 14 18 0.010137547
145 402 169 177 0.01013519
796 529 14 17 0.010135059
636 333 106 149 0.01013361
710 826 19 23 0.010133452
686 729 16 21 0.010132634
539 733 8 9 0.010131642
27 716 21 28 0.010128814
65 650 17 25 0.010128164
34 39 13 17 0.010126422
876 516 92 109 0.01012487
587 682 14 17 0.010123719
88 659 13 13 0.010123573
236 832 20 24 0.010123182
176 0 13 9 0.010119392
859 610 47 43 0.010118611
510 0 23 18 0.010118479
419 0 360 239 0.010117887
229 930 16 13 0.010113899
633 728 15 20 0.01010964
344 860 35 49 0.010107173
475 270 15 13 0.010105416
258 660 22 35 0.010101834
357 634 11 15 0.010101276
584 706 22 31 0.010099179
662 630 13 17 0.010098071
624 614 56 78 0.010097853
333 926 9 12 0.010095529
479 225 12 15 0.010095288
0 1117 11 11 0.01009433
1005 653 19 22 0.010094241
96 714 398 414 0.010092008
430 423 23 40 0.010090051
280 521 87 107 0.010089394
951 651 11 13 0.010088319
785 755 12 15 0.010087156
359 1115 15 13 0.010086926
444 221 11 15 0.010086534
502 742 20 29 0.010084703
456 754 10 13 0.010082202
747 477 19 23 0.010082105
860 540 87 111 0.010080195
487 165 25 42 0.010079848
0 594 7 16 0.0100784665
697 780 10 13 0.01007659
804 664 13 18 0.0100757005
743 626 10 13 0.010075279
587 663 14 17 0.010072693
562 760 10 14 0.010072643
844 702 8 11 0.010072166
81 734 11 16 0.010072163
31 720 14 19 0.01006944
78 1114 16 14 0.010068335
663 746 18 19 0.010068097
471 745 13 15 0.010066198
1023 611 1 29 0.0100653265
441 362 97 133 0.010063669
815 1048 26 28 0.01006354
713 715 28 35 0.010063258
924 381 100 221 0.010062885
929 544 15 21 0.010062356
757 621 11 13 0.010061471
459 963 9 10 0.010061052
780 145 114 174 0.01005666
527 678 7 12 0.010055691
42 83 68 99 0.01005517
436 750 7 9 0.0100540025
95 890 15 17 0.0100505985
710 526 24 33 0.010050466
438 748 7 9 0.010048693
388 763 7 10 0.010048471
307 761 16 18 0.010047998
264 771 12 16 0.010047667
647 664 80 112 0.010042585
151 910 12 14 0.010040997
817 759 18 23 0.010040663
572 72 107 147 0.010037168
482 640 10 12 0.010036673
591 677 10 13 0.010036369
800 585 26 34 0.010035953
467 746 24 28 0.010035774
485 315 13 19 0.010035156
681 777 8 11 0.010035127
506 757 14 18 0.010034571
297 1115 16 13 0.010032392
374 652 10 14 0.010032224
323 732 13 20 0.010029537
957 607 20 23 0.010023236
830 755 23 32 0.010019848
902 402 10 13 0.010019294
489 201 31 39 0.010018536
449 544 11 13 0.01001514
344 876 13 18 0.010014578
46 366 10 13 0.010013701
432 215 15 15 0.010011842
300 133 304 439 0.010010492
237 1050 67 78 0.010009941
808 624 9 11 0.010009481
558 687 13 14 0.010009113
37 9 14 19 0.010007287
458 729 8 11 0.010007006
566 700 8 10 0.010006811
705 819 16 18 0.01000609
379 637 13 15 0.010003405
0 206 19 36 0.010003323
684 740 11 16 0.010001553